0	-1.911e-05
0.01	3.4988e-05
0.02	-3.4321e-06
0.03	3.1975e-05
0.04	-3.4139e-05
0.05	1.1464e-05
0.06	1.9475e-08
0.07	0.00014266
0.08	0.00017404
0.09	0.00020416
0.1	4.9943e-05
0.11	2.1881e-05
0.12	-9.1899e-06
0.13	0.00011885
0.14	0.0002956
0.15	0.00072334
0.16	0.00038266
0.17	-0.00067218
0.18	-0.001418
0.19	-0.00037071
0.2	0.0011966
0.21	0.00053936
0.22	-0.00021153
0.23	0.00026405
0.24	-0.00043393
0.25	-0.0016204
0.26	-0.000258
0.27	0.00024749
0.28	0.00033114
0.29	0.001454
0.3	0.00093439
0.31	-0.001869
0.32	-0.0050948
0.33	-0.0045755
0.34	-4.1555e-05
0.35	0.0027631
0.36	0.0021305
0.37	0.0012026
0.38	0.00020816
0.39	2.0327e-05
0.4	0.0013271
0.41	0.0038703
0.42	0.0055931
0.43	0.0045079
0.44	-0.0023723
0.45	-0.010872
0.46	-0.011529
0.47	-0.0041016
0.48	0.0070946
0.49	0.010912
0.5	0.00096785
0.51	-0.012532
0.52	-0.012898
0.53	0.00053093
0.54	0.015603
0.55	0.016835
0.56	0.0042414
0.57	-0.0058216
0.58	-0.0061485
0.59	-0.00214
0.6	0.0045652
0.61	0.012542
0.62	0.0080829
0.63	-0.005496
0.64	-0.014421
0.65	-0.00060455
0.66	0.030284
0.67	0.047819
0.68	0.022264
0.69	-0.01953
0.7	-0.043387
0.71	-0.036345
0.72	-0.011055
0.73	0.0068263
0.74	0.0048283
0.75	-0.0020885
0.76	0.010708
0.77	0.027681
0.78	0.010943
0.79	-0.022882
0.8	-0.038435
0.81	-0.024848
0.82	-0.0030431
0.83	0.0040209
0.84	0.0016013
0.85	0.0070184
0.86	0.015525
0.87	0.014102
0.88	-0.0085333
0.89	-0.017388
0.9	0.0046736
0.91	0.03184
0.92	0.022326
0.93	-0.014008
0.94	-0.039714
0.95	-0.024218
0.96	-0.00013027
0.97	0.0070377
0.98	0.0075239
0.99	0.0051926
1	0.0099372
1.01	0.02069
1.02	0.018995
1.03	-0.0015349
1.04	-0.016106
1.05	-0.012203
1.06	-0.010956
1.07	-0.016486
1.08	-0.019484
1.09	-0.0035262
1.1	0.025648
1.11	0.034006
1.12	0.011572
1.13	-0.020357
1.14	-0.039316
1.15	-0.041191
1.16	-0.026493
1.17	-0.012262
1.18	-0.014314
1.19	0.0021241
1.2	0.02517
1.21	0.028921
1.22	0.021414
1.23	0.022144
1.24	0.013377
1.25	-0.0063538
1.26	-0.0096934
1.27	0.012023
1.28	0.018906
1.29	-0.0017759
1.3	-0.035038
1.31	-0.057309
1.32	-0.055312
1.33	-0.023371
1.34	0.020592
1.35	0.060973
1.36	0.081
1.37	0.068102
1.38	0.0017204
1.39	-0.062409
1.4	-0.073515
1.41	-0.046316
1.42	-0.014881
1.43	0.012698
1.44	0.026114
1.45	0.045195
1.46	0.073258
1.47	0.085055
1.48	0.070576
1.49	0.019611
1.5	-0.035803
1.51	-0.058854
1.52	-0.027574
1.53	5.2248e-05
1.54	0.0092129
1.55	0.017476
1.56	0.037348
1.57	0.03278
1.58	-0.0058535
1.59	-0.039378
1.6	-0.049322
1.61	-0.034416
1.62	-0.013849
1.63	-0.021334
1.64	-0.031074
1.65	-0.024113
1.66	-0.013968
1.67	-0.015363
1.68	-0.018262
1.69	0.0022171
1.7	0.059515
1.71	0.093189
1.72	0.071869
1.73	0.027784
1.74	-0.013093
1.75	-0.037147
1.76	-0.043773
1.77	-0.056026
1.78	-0.055518
1.79	-0.0078117
1.8	0.05142
1.81	0.080787
1.82	0.083419
1.83	0.03768
1.84	-0.024755
1.85	-0.045893
1.86	-0.046447
1.87	-0.041811
1.88	-0.009573
1.89	0.015133
1.9	0.016107
1.91	0.019094
1.92	0.020457
1.93	0.012778
1.94	-0.020172
1.95	-0.036556
1.96	-0.029402
1.97	-0.018277
1.98	-0.0086184
1.99	-0.0095599
2	-0.011004
2.01	0.011816
2.02	0.048148
2.03	0.056676
2.04	0.027949
2.05	-0.011286
2.06	-0.063099
2.07	-0.071552
2.08	-0.009435
2.09	0.052577
2.1	0.048976
2.11	-0.00050231
2.12	-0.015362
2.13	-0.00022736
2.14	0.0097043
2.15	0.019486
2.16	0.0099192
2.17	-0.013549
2.18	-0.03211
2.19	-0.045541
2.2	-0.03351
2.21	-0.016092
2.22	-0.0361
2.23	-0.056144
2.24	-0.046953
2.25	-0.023647
2.26	-0.00061575
2.27	0.0022381
2.28	-0.01184
2.29	-0.032428
2.3	-0.034296
2.31	0.00077647
2.32	0.052566
2.33	0.05549
2.34	0.01341
2.35	-0.0044023
2.36	0.020675
2.37	0.05778
2.38	0.061363
2.39	0.037009
2.4	0.026232
2.41	0.026626
2.42	0.027001
2.43	0.017588
2.44	-0.019269
2.45	-0.056397
2.46	-0.058814
2.47	-0.058801
2.48	-0.075611
2.49	-0.086709
2.5	-0.075844
2.51	-0.051621
2.52	-0.026322
2.53	-0.036671
2.54	-0.034185
2.55	0.0048658
2.56	0.068294
2.57	0.11893
2.58	0.14261
2.59	0.15116
2.6	0.16963
2.61	0.1741
2.62	0.1325
2.63	0.073881
2.64	0.042555
2.65	0.052266
2.66	0.079065
2.67	0.088326
2.68	0.086352
2.69	0.079
2.7	0.072882
2.71	0.069465
2.72	0.050602
2.73	0.02231
2.74	0.0030235
2.75	-0.053898
2.76	-0.14524
2.77	-0.23228
2.78	-0.25667
2.79	-0.23504
2.8	-0.20661
2.81	-0.1845
2.82	-0.18411
2.83	-0.20723
2.84	-0.18617
2.85	-0.1261
2.86	-0.085027
2.87	-0.066665
2.88	-0.067286
2.89	-0.06305
2.9	-0.083934
2.91	-0.048089
2.92	0.069811
2.93	0.11264
2.94	0.062722
2.95	0.0082338
2.96	-0.023058
2.97	-0.035905
2.98	-0.022437
2.99	0.027363
3	0.043274
3.01	0.035061
3.02	0.086277
3.03	0.14202
3.04	0.15189
3.05	0.14048
3.06	0.16298
3.07	0.18161
3.08	0.17588
3.09	0.17762
3.1	0.19328
3.11	0.18055
3.12	0.15243
3.13	0.088571
3.14	-0.041623
3.15	-0.18476
3.16	-0.21449
3.17	-0.12882
3.18	0.036856
3.19	0.12991
3.2	0.13954
3.21	0.12769
3.22	0.077758
3.23	-0.019008
3.24	-0.082575
3.25	-0.047857
3.26	0.057943
3.27	0.151
3.28	0.17796
3.29	0.18947
3.3	0.19968
3.31	0.19509
3.32	0.17136
3.33	0.13981
3.34	0.069701
3.35	-0.0045147
3.36	-0.045996
3.37	-0.088343
3.38	-0.18671
3.39	-0.28704
3.4	-0.33093
3.41	-0.32673
3.42	-0.29076
3.43	-0.25906
3.44	-0.24851
3.45	-0.26394
3.46	-0.27862
3.47	-0.26171
3.48	-0.21906
3.49	-0.18173
3.5	-0.15913
3.51	-0.13869
3.52	-0.12908
3.53	-0.12729
3.54	-0.12398
3.55	-0.063095
3.56	0.042972
3.57	0.077437
3.58	0.073564
3.59	0.061489
3.6	0.037963
3.61	0.015205
3.62	-0.0061076
3.63	-0.013962
3.64	0.0056695
3.65	0.044652
3.66	0.078536
3.67	0.085836
3.68	0.073945
3.69	0.072025
3.7	0.10082
3.71	0.1366
3.72	0.16614
3.73	0.17473
3.74	0.17353
3.75	0.19322
3.76	0.26388
3.77	0.32459
3.78	0.32934
3.79	0.31468
3.8	0.25797
3.81	0.20168
3.82	0.15455
3.83	0.059055
3.84	-0.058883
3.85	-0.11841
3.86	-0.11776
3.87	-0.0896
3.88	-0.051406
3.89	-0.082666
3.9	-0.19345
3.91	-0.29588
3.92	-0.35651
3.93	-0.38691
3.94	-0.38822
3.95	-0.35802
3.96	-0.32924
3.97	-0.33717
3.98	-0.36318
3.99	-0.34218
4	-0.20176
4.01	0.01245
4.02	0.12983
4.03	0.17201
4.04	0.21149
4.05	0.25162
4.06	0.30021
4.07	0.34952
4.08	0.39328
4.09	0.40037
4.1	0.36719
4.11	0.33471
4.12	0.3268
4.13	0.33458
4.14	0.34635
4.15	0.3806
4.16	0.38582
4.17	0.35282
4.18	0.28066
4.19	0.16414
4.2	0.045921
4.21	-0.071467
4.22	-0.20635
4.23	-0.28544
4.24	-0.31163
4.25	-0.33813
4.26	-0.40176
4.27	-0.4759
4.28	-0.56511
4.29	-0.5051
4.3	-0.31252
4.31	-0.22728
4.32	-0.21973
4.33	-0.20616
4.34	-0.14684
4.35	-0.054563
4.36	0.03638
4.37	0.1175
4.38	0.1723
4.39	0.20749
4.4	0.23784
4.41	0.29171
4.42	0.35543
4.43	0.37359
4.44	0.41785
4.45	0.51976
4.46	0.58402
4.47	0.57304
4.48	0.53867
4.49	0.52138
4.5	0.50145
4.51	0.43858
4.52	0.34596
4.53	0.24809
4.54	0.1568
4.55	0.11167
4.56	0.071538
4.57	-2.1217e-05
4.58	-0.09858
4.59	-0.19773
4.6	-0.26391
4.61	-0.31583
4.62	-0.37937
4.63	-0.47355
4.64	-0.59156
4.65	-0.69683
4.66	-0.79766
4.67	-0.85894
4.68	-0.85794
4.69	-0.80495
4.7	-0.73835
4.71	-0.67313
4.72	-0.6078
4.73	-0.48818
4.74	-0.36132
4.75	-0.28596
4.76	-0.23734
4.77	-0.20775
4.78	-0.21357
4.79	-0.19561
4.8	-0.14514
4.81	-0.092113
4.82	-0.042218
4.83	0.0087182
4.84	0.041654
4.85	0.058642
4.86	0.057551
4.87	0.045929
4.88	0.054842
4.89	0.093446
4.9	0.14359
4.91	0.16396
4.92	0.1741
4.93	0.19791
4.94	0.21473
4.95	0.22542
4.96	0.24018
4.97	0.23288
4.98	0.22024
4.99	0.25096
5	0.31433
5.01	0.38429
5.02	0.43079
5.03	0.42222
5.04	0.29124
5.05	0.10124
5.06	-0.0062137
5.07	-0.050903
5.08	-0.10408
5.09	-0.15618
5.1	-0.14053
5.11	0.073144
5.12	0.35394
5.13	0.47861
5.14	0.53513
5.15	0.55286
5.16	0.53956
5.17	0.58715
5.18	0.69034
5.19	0.75296
5.2	0.76824
5.21	0.63256
5.22	0.47229
5.23	0.41998
5.24	0.42076
5.25	0.38437
5.26	0.30846
5.27	0.2426
5.28	0.16144
5.29	0.079264
5.3	-0.029119
5.31	-0.12824
5.32	-0.23568
5.33	-0.33759
5.34	-0.48329
5.35	-0.60375
5.36	-0.66554
5.37	-0.69495
5.38	-0.7296
5.39	-0.73134
5.4	-0.75716
5.41	-0.75005
5.42	-0.88288
5.43	-0.98049
5.44	-1.4543
5.45	-1.5179
5.46	-0.91738
5.47	-0.51949
5.48	-0.36837
5.49	-0.27544
5.5	-0.18808
5.51	-0.13425
5.52	-0.09055
5.53	-0.052686
5.54	-0.0077824
5.55	0.028506
5.56	0.045434
5.57	0.051684
5.58	0.072721
5.59	0.090375
5.6	0.1154
5.61	0.17286
5.62	0.26214
5.63	0.29912
5.64	0.30057
5.65	0.32868
5.66	0.37909
5.67	0.37325
5.68	0.33866
5.69	0.34634
5.7	0.39221
5.71	0.40197
5.72	0.39458
5.73	0.38098
5.74	0.34767
5.75	0.32271
5.76	0.32733
5.77	0.34014
5.78	0.3281
5.79	0.30778
5.8	0.31975
5.81	0.34227
5.82	0.34781
5.83	0.35496
5.84	0.41127
5.85	0.50945
5.86	0.67615
5.87	0.7772
5.88	0.73521
5.89	0.49419
5.9	0.27441
5.91	0.20085
5.92	0.12159
5.93	0.052227
5.94	0.0084466
5.95	-0.042192
5.96	-0.092541
5.97	-0.18041
5.98	-0.28782
5.99	-0.41672
6	-0.51903
6.01	-0.60348
6.02	-0.65527
6.03	-0.6837
6.04	-0.69586
6.05	-0.68574
6.06	-0.58251
6.07	-0.31519
6.08	-0.10183
6.09	-0.015513
6.1	0.029493
6.11	0.01842
6.12	0.028929
6.13	0.11246
6.14	0.15979
6.15	0.16454
6.16	0.15777
6.17	0.10439
6.18	-0.0032085
6.19	-0.075993
6.2	-0.11322
6.21	-0.14858
6.22	-0.13621
6.23	-0.12201
6.24	-0.13153
6.25	-0.14126
6.26	-0.12787
6.27	-0.094858
6.28	0.02909
6.29	0.17532
6.3	0.25431
6.31	0.30784
6.32	0.35429
6.33	0.36835
6.34	0.335
6.35	0.28681
6.36	0.23409
6.37	0.21307
6.38	0.21232
6.39	0.2299
6.4	0.22925
6.41	0.17669
6.42	0.097459
6.43	0.02118
6.44	-0.072112
6.45	-0.15295
6.46	-0.23782
6.47	-0.31693
6.48	-0.39274
6.49	-0.45954
6.5	-0.5142
6.51	-0.53838
6.52	-0.56284
6.53	-0.58253
6.54	-0.58653
6.55	-0.58992
6.56	-0.60021
6.57	-0.60994
6.58	-0.67164
6.59	-0.7694
6.6	-0.66397
6.61	-0.38099
6.62	-0.25488
6.63	-0.22392
6.64	-0.12805
6.65	-0.021877
6.66	0.061164
6.67	0.13065
6.68	0.18357
6.69	0.20231
6.7	0.19247
6.71	0.16212
6.72	0.1079
6.73	0.059214
6.74	0.039394
6.75	0.0062288
6.76	-0.0014793
6.77	0.037584
6.78	0.083956
6.79	0.16713
6.8	0.24916
6.81	0.24921
6.82	0.22477
6.83	0.20719
6.84	0.19619
6.85	0.1956
6.86	0.19701
6.87	0.17967
6.88	0.14641
6.89	0.11683
6.9	0.08835
6.91	0.0625
6.92	0.039525
6.93	0.037095
6.94	0.04552
6.95	0.10487
6.96	0.26402
6.97	0.35934
6.98	0.35685
6.99	0.35487
7	0.34911
7.01	0.33468
7.02	0.32442
7.03	0.33328
7.04	0.34271
7.05	0.35311
7.06	0.36232
7.07	0.37702
7.08	0.39875
7.09	0.45339
7.1	0.49288
7.11	0.48027
7.12	0.45923
7.13	0.44236
7.14	0.40797
7.15	0.33632
7.16	0.24243
7.17	0.18137
7.18	0.13067
7.19	0.075896
7.2	0.021864
7.21	-0.030293
7.22	-0.083359
7.23	-0.16196
7.24	-0.25045
7.25	-0.31902
7.26	-0.37681
7.27	-0.43125
7.28	-0.48832
7.29	-0.52399
7.3	-0.55526
7.31	-0.59714
7.32	-0.6598
7.33	-0.63142
7.34	-0.50918
7.35	-0.32247
7.36	-0.146
7.37	0.002324
7.38	0.12366
7.39	0.19362
7.4	0.21648
7.41	0.21928
7.42	0.21995
7.43	0.2054
7.44	0.19319
7.45	0.19314
7.46	0.1955
7.47	0.19343
7.48	0.17921
7.49	0.12814
7.5	0.055148
7.51	-0.023287
7.52	-0.086826
7.53	-0.15952
7.54	-0.29079
7.55	-0.37801
7.56	-0.40008
7.57	-0.40906
7.58	-0.42032
7.59	-0.45813
7.6	-0.5067
7.61	-0.49461
7.62	-0.45109
7.63	-0.29591
7.64	-0.075032
7.65	0.075272
7.66	0.1639
7.67	0.18531
7.68	0.18391
7.69	0.16899
7.7	0.15211
7.71	0.14323
7.72	0.14204
7.73	0.13853
7.74	0.1269
7.75	0.11001
7.76	0.085964
7.77	0.066474
7.78	0.057126
7.79	0.087951
7.8	0.10973
7.81	0.089699
7.82	0.078728
7.83	0.072833
7.84	0.075799
7.85	0.079558
7.86	0.099487
7.87	0.14132
7.88	0.18262
7.89	0.1907
7.9	0.18499
7.91	0.1823
7.92	0.17566
7.93	0.15311
7.94	0.12467
7.95	0.081589
7.96	0.027939
7.97	-0.038252
7.98	-0.11447
7.99	-0.18332
8	-0.24817
8.01	-0.29871
8.02	-0.34509
8.03	-0.37686
8.04	-0.40576
8.05	-0.43335
8.06	-0.44984
8.07	-0.48611
8.08	-0.51914
8.09	-0.53931
8.1	-0.52853
8.11	-0.5262
8.12	-0.55907
8.13	-0.59731
8.14	-0.56157
8.15	-0.45322
8.16	-0.31157
8.17	-0.17256
8.18	-0.054961
8.19	0.040353
8.2	0.10393
8.21	0.14366
8.22	0.19056
8.23	0.24144
8.24	0.29402
8.25	0.32064
8.26	0.31931
8.27	0.29859
8.28	0.27735
8.29	0.26745
8.3	0.26336
8.31	0.26402
8.32	0.27608
8.33	0.28829
8.34	0.29501
8.35	0.30121
8.36	0.3064
8.37	0.31539
8.38	0.33945
8.39	0.3664
8.4	0.38919
8.41	0.40166
8.42	0.39482
8.43	0.36618
8.44	0.32087
8.45	0.27495
8.46	0.24938
8.47	0.2541
8.48	0.26348
8.49	0.26966
8.5	0.27162
8.51	0.25329
8.52	0.204
8.53	0.1277
8.54	0.056712
8.55	0.012915
8.56	0.024307
8.57	0.051605
8.58	0.071726
8.59	0.064497
8.6	0.026481
8.61	-0.032725
8.62	-0.086712
8.63	-0.1325
8.64	-0.16556
8.65	-0.20251
8.66	-0.23277
8.67	-0.26367
8.68	-0.28265
8.69	-0.28974
8.7	-0.27391
8.71	-0.22666
8.72	-0.16056
8.73	-0.10239
8.74	-0.072198
8.75	-0.06226
8.76	-0.065319
8.77	-0.058903
8.78	-0.037496
8.79	0.023316
8.8	0.079356
8.81	0.1022
8.82	0.11064
8.83	0.11389
8.84	0.11519
8.85	0.11726
8.86	0.11269
8.87	0.10198
8.88	0.075961
8.89	0.030675
8.9	-0.013376
8.91	-0.045517
8.92	-0.047703
8.93	-0.022271
8.94	0.0039652
8.95	0.026341
8.96	0.026902
8.97	0.015469
8.98	-0.012163
8.99	-0.048198
9	-0.080086
9.01	-0.091717
9.02	-0.077221
9.03	-0.036547
9.04	0.004328
9.05	0.033118
9.06	0.029941
9.07	0.014766
9.08	-0.0025811
9.09	-0.024575
9.1	-0.048086
9.11	-0.067105
9.12	-0.083464
9.13	-0.10047
9.14	-0.1097
9.15	-0.11575
9.16	-0.12185
9.17	-0.12619
9.18	-0.12466
9.19	-0.1195
9.2	-0.11369
9.21	-0.11702
9.22	-0.12784
9.23	-0.15241
9.24	-0.17576
9.25	-0.19466
9.26	-0.20375
9.27	-0.2018
9.28	-0.19486
9.29	-0.18796
9.3	-0.1792
9.31	-0.16848
9.32	-0.15408
9.33	-0.11793
9.34	-0.061702
9.35	-0.012431
9.36	0.015464
9.37	0.029994
9.38	0.047373
9.39	0.076581
9.4	0.11102
9.41	0.12969
9.42	0.12298
9.43	0.090354
9.44	0.046216
9.45	0.0059952
9.46	-0.0099361
9.47	-0.00070494
9.48	0.02013
9.49	0.03992
9.5	0.052028
9.51	0.058981
9.52	0.067464
9.53	0.075356
9.54	0.08149
9.55	0.080763
9.56	0.069021
9.57	0.048238
9.58	0.022611
9.59	0.0082669
9.6	0.015498
9.61	0.045764
9.62	0.088479
9.63	0.11583
9.64	0.12298
9.65	0.12329
9.66	0.12158
9.67	0.11911
9.68	0.11743
9.69	0.11554
9.7	0.11356
9.71	0.111
9.72	0.10771
9.73	0.10204
9.74	0.094816
9.75	0.085059
9.76	0.07608
9.77	0.07625
9.78	0.078974
9.79	0.078493
9.8	0.07033
9.81	0.047393
9.82	0.0094108
9.83	-0.045294
9.84	-0.087481
9.85	-0.12298
9.86	-0.151
9.87	-0.1733
9.88	-0.19238
9.89	-0.2076
9.9	-0.21756
9.91	-0.21388
9.92	-0.19279
9.93	-0.16354
9.94	-0.13126
9.95	-0.1058
9.96	-0.090595
9.97	-0.072897
9.98	-0.046996
9.99	-0.010267
10	0.03089
10.01	0.06115
10.02	0.075827
10.03	0.078965
10.04	0.082215
10.05	0.079548
10.06	0.06544
10.07	0.054333
10.08	0.042733
10.09	0.022836
10.1	0.0034412
10.11	-0.0036658
10.12	-0.0023342
10.13	0.0027859
10.14	0.009124
10.15	0.01174
10.16	0.0082949
10.17	2.7506e-06
10.18	-0.013846
10.19	-0.029544
10.2	-0.050786
10.21	-0.075311
10.22	-0.083854
10.23	-0.079582
10.24	-0.064848
10.25	-0.040832
10.26	-0.017569
10.27	0.0076868
10.28	0.034807
10.29	0.057868
10.3	0.07898
10.31	0.090595
10.32	0.098173
10.33	0.10796
10.34	0.1182
10.35	0.1266
10.36	0.13175
10.37	0.12813
10.38	0.11392
10.39	0.092687
10.4	0.072187
10.41	0.05858
10.42	0.050868
10.43	0.043835
10.44	0.031446
10.45	0.01072
10.46	-0.0054554
10.47	-0.015335
10.48	-0.024895
10.49	-0.035428
10.5	-0.050165
10.51	-0.067014
10.52	-0.079729
10.53	-0.083419
10.54	-0.077469
10.55	-0.064946
10.56	-0.033153
10.57	0.011127
10.58	0.047678
10.59	0.064662
10.6	0.071265
10.61	0.072256
10.62	0.068071
10.63	0.061804
10.64	0.06196
10.65	0.068304
10.66	0.071627
10.67	0.061347
10.68	0.034411
10.69	-0.0054249
10.7	-0.04111
10.71	-0.055398
10.72	-0.051053
10.73	-0.028695
10.74	-0.002687
10.75	0.0082191
10.76	0.0045259
10.77	-0.0021754
10.78	-0.010365
10.79	-0.018146
10.8	-0.022059
10.81	-0.026986
10.82	-0.035249
10.83	-0.043633
10.84	-0.044059
10.85	-0.036902
10.86	-0.026228
10.87	-0.018596
10.88	-0.014811
10.89	-0.01537
10.9	-0.016725
10.91	-0.013892
10.92	-0.010601
10.93	-0.0102
10.94	-0.016703
10.95	-0.034173
10.96	-0.057989
10.97	-0.070996
10.98	-0.068005
10.99	-0.052494
11	-0.034188
11.01	-0.022919
11.02	-0.01798
11.03	-0.019504
11.04	-0.023308
11.05	-0.021989
11.06	-0.015312
11.07	-0.0025686
11.08	0.010949
11.09	0.017218
11.1	0.016161
11.11	0.0088423
11.12	-0.010605
11.13	-0.041358
11.14	-0.071164
11.15	-0.088824
11.16	-0.095477
11.17	-0.099289
11.18	-0.10125
11.19	-0.10324
11.2	-0.10541
11.21	-0.11177
11.22	-0.12065
11.23	-0.12384
11.24	-0.11928
11.25	-0.10566
11.26	-0.083297
11.27	-0.049319
11.28	-0.0012498
11.29	0.043798
11.3	0.082962
11.31	0.10811
11.32	0.11739
11.33	0.12149
11.34	0.12009
11.35	0.11615
11.36	0.10678
11.37	0.095354
11.38	0.081149
11.39	0.064001
11.4	0.036797
11.41	0.011313
11.42	0.00038162
11.43	-0.0011054
11.44	0.0019339
11.45	0.0054853
11.46	0.0061686
11.47	0.0041887
11.48	0.0029362
11.49	0.006039
11.5	0.01049
11.51	0.015554
11.52	0.019843
11.53	0.027851
11.54	0.04007
11.55	0.061022
11.56	0.084765
11.57	0.09845
11.58	0.10043
11.59	0.095824
11.6	0.091418
11.61	0.088631
11.62	0.088133
11.63	0.09159
11.64	0.094087
11.65	0.10508
11.66	0.12127
11.67	0.13531
11.68	0.14741
11.69	0.15416
11.7	0.15903
11.71	0.16134
11.72	0.15961
11.73	0.15705
11.74	0.15272
11.75	0.14312
11.76	0.12587
11.77	0.10202
11.78	0.072004
11.79	0.037825
11.8	0.00048371
11.81	-0.034352
11.82	-0.063708
11.83	-0.086957
11.84	-0.10828
11.85	-0.14283
11.86	-0.18619
11.87	-0.22304
11.88	-0.25334
11.89	-0.26667
11.9	-0.27152
11.91	-0.27412
11.92	-0.27668
11.93	-0.27906
11.94	-0.26964
11.95	-0.24834
11.96	-0.22042
11.97	-0.18509
11.98	-0.14841
11.99	-0.11973
12	-0.093503
12.01	-0.065323
12.02	-0.034974
12.03	-0.0070373
12.04	0.013566
12.05	0.020274
12.06	0.018533
12.07	0.014776
12.08	0.018644
12.09	0.03062
12.1	0.050868
12.11	0.069766
12.12	0.081105
12.13	0.081303
12.14	0.077687
12.15	0.069368
12.16	0.055324
12.17	0.021181
12.18	-0.0272
12.19	-0.058086
12.2	-0.062797
12.21	-0.05755
12.22	-0.043485
12.23	-0.020548
12.24	0.0091823
12.25	0.041516
12.26	0.069227
12.27	0.094467
12.28	0.10071
12.29	0.0877
12.3	0.077147
12.31	0.071871
12.32	0.075458
12.33	0.086482
12.34	0.087711
12.35	0.081988
12.36	0.076435
12.37	0.072911
12.38	0.068328
12.39	0.061053
12.4	0.047236
12.41	0.033696
12.42	0.01446
12.43	-0.01543
12.44	-0.043088
12.45	-0.062825
12.46	-0.067476
12.47	-0.063547
12.48	-0.053942
12.49	-0.041403
12.5	-0.028429
12.51	-0.016584
12.52	-0.0060078
12.53	0.0038747
12.54	0.018885
12.55	0.031495
12.56	0.03616
12.57	0.035902
12.58	0.028913
12.59	0.018537
12.6	0.015099
12.61	0.017454
12.62	0.021687
12.63	0.025176
12.64	0.024978
12.65	0.020396
12.66	0.0084951
12.67	-0.01254
12.68	-0.033538
12.69	-0.040855
12.7	-0.040802
12.71	-0.03476
12.72	-0.024221
12.73	-0.0074429
12.74	0.011911
12.75	0.024286
12.76	0.026057
12.77	0.016258
12.78	0.0016669
12.79	-0.0088726
12.8	-0.012795
12.81	-0.0039936
12.82	0.01848
12.83	0.039949
12.84	0.059895
12.85	0.069507
12.86	0.05924
12.87	0.038495
12.88	0.015931
12.89	6.1731e-05
12.9	-0.0046546
12.91	-0.0026694
12.92	0.003673
12.93	0.009716
12.94	0.0079691
12.95	-0.0051914
12.96	-0.024652
12.97	-0.040689
12.98	-0.04878
12.99	-0.054037
13	-0.054971
13.01	-0.054864
13.02	-0.053312
13.03	-0.051204
13.04	-0.043951
13.05	-0.029056
13.06	-0.0088729
13.07	0.011646
13.08	0.030188
13.09	0.041264
13.1	0.046215
13.11	0.045959
13.12	0.03998
13.13	0.028753
13.14	0.014775
13.15	0.0069703
13.16	0.011767
13.17	0.020843
13.18	0.030696
13.19	0.035529
13.2	0.027048
13.21	0.0080884
13.22	-0.011679
13.23	-0.0257
13.24	-0.031695
13.25	-0.031042
13.26	-0.022693
13.27	-0.0121
13.28	-0.0038575
13.29	0.0038467
13.3	0.012818
13.31	0.026498
13.32	0.040668
13.33	0.046421
13.34	0.048198
13.35	0.045054
13.36	0.040002
13.37	0.037289
13.38	0.033399
13.39	0.026662
13.4	0.016908
13.41	0.0067021
13.42	-0.00048081
13.43	0.0005291
13.44	0.0050562
13.45	0.010117
13.46	0.012647
13.47	0.0097949
13.48	-0.0028367
13.49	-0.021141
13.5	-0.042376
13.51	-0.061172
13.52	-0.072145
13.53	-0.076599
13.54	-0.07289
13.55	-0.06442
13.56	-0.054388
13.57	-0.047125
13.58	-0.046682
13.59	-0.050583
13.6	-0.058645
13.61	-0.066515
13.62	-0.073502
13.63	-0.080138
13.64	-0.087787
13.65	-0.088145
13.66	-0.081252
13.67	-0.067545
13.68	-0.048058
13.69	-0.029691
13.7	-0.020725
13.71	-0.021836
13.72	-0.023732
13.73	-0.024491
13.74	-0.022219
13.75	-0.017741
13.76	-0.0054444
13.77	0.011519
13.78	0.023356
13.79	0.030934
13.8	0.035215
13.81	0.034481
13.82	0.033577
13.83	0.033026
13.84	0.033054
13.85	0.032348
13.86	0.031947
13.87	0.032883
13.88	0.044721
13.89	0.059815
13.9	0.069515
13.91	0.077306
13.92	0.087331
13.93	0.09034
13.94	0.085657
13.95	0.071103
13.96	0.041081
13.97	0.010119
13.98	-0.01615
13.99	-0.026314
14	-0.014844
14.01	-0.0038336
14.02	-0.0038793
14.03	-0.014214
14.04	-0.032847
14.05	-0.042408
14.06	-0.045625
14.07	-0.044358
14.08	-0.043424
14.09	-0.044847
14.1	-0.049376
14.11	-0.053977
14.12	-0.051677
14.13	-0.041459
14.14	-0.030768
14.15	-0.019619
14.16	-0.011684
14.17	-0.0040564
14.18	0.0020595
14.19	0.0099173
14.2	0.020982
14.21	0.03834
14.22	0.057405
14.23	0.07288
14.24	0.087978
14.25	0.10048
14.26	0.10659
14.27	0.1033
14.28	0.096616
14.29	0.091407
14.3	0.090537
14.31	0.090352
14.32	0.087866
14.33	0.083999
14.34	0.07366
14.35	0.058191
14.36	0.037056
14.37	0.010354
14.38	-0.015455
14.39	-0.036491
14.4	-0.0492
14.41	-0.055818
14.42	-0.059534
14.43	-0.064161
14.44	-0.069854
14.45	-0.074987
14.46	-0.075746
14.47	-0.071787
14.48	-0.067789
14.49	-0.064629
14.5	-0.058321
14.51	-0.046266
14.52	-0.023271
14.53	0.0076402
14.54	0.03482
14.55	0.047264
14.56	0.05574
14.57	0.06135
14.58	0.065542
14.59	0.065932
14.6	0.059804
14.61	0.043203
14.62	0.014922
14.63	-0.021509
14.64	-0.050854
14.65	-0.066024
14.66	-0.074653
14.67	-0.083739
14.68	-0.092496
14.69	-0.095593
14.7	-0.095981
14.71	-0.091528
14.72	-0.079649
14.73	-0.055942
14.74	-0.024375
14.75	0.0064468
14.76	0.022441
14.77	0.033253
14.78	0.036151
14.79	0.033248
14.8	0.027194
14.81	0.0171
14.82	0.0036878
14.83	-0.00021855
14.84	0.0086105
14.85	0.028245
14.86	0.04478
14.87	0.048284
14.88	0.045711
14.89	0.036947
14.9	0.024869
14.91	0.014899
14.92	0.0080878
14.93	0.0022888
14.94	0.0031132
14.95	0.006963
14.96	0.009911
14.97	0.012718
14.98	0.014582
14.99	0.015287
15	0.015214
15.01	0.0098107
15.02	0.0050759
15.03	-0.0014295
15.04	-0.004609
15.05	-0.0059312
15.06	-0.0087261
15.07	-0.0065808
15.08	-0.0028004
15.09	-0.00017571
15.1	-0.0030634
15.11	-0.0082331
15.12	-0.014586
15.13	-0.020929
15.14	-0.021463
15.15	-0.019188
15.16	-0.017221
15.17	-0.017865
15.18	-0.016444
15.19	-0.011479
15.2	0.0023271
15.21	0.012085
15.22	0.014394
15.23	0.0075162
15.24	0.0043561
15.25	0.0038227
15.26	0.0049198
15.27	0.0073883
15.28	0.0063316
15.29	0.0067587
15.3	0.0085966
15.31	0.010238
15.32	0.0077424
15.33	0.0011601
15.34	-0.0076275
15.35	-0.015077
15.36	-0.021341
15.37	-0.028212
15.38	-0.037513
15.39	-0.0436
15.4	-0.045701
15.41	-0.0456
15.42	-0.042433
15.43	-0.038385
15.44	-0.034676
15.45	-0.034805
15.46	-0.036241
15.47	-0.03365
15.48	-0.023966
15.49	-0.0097921
15.5	0.0044528
15.51	0.012981
15.52	0.018259
15.53	0.017787
15.54	0.014129
15.55	0.012289
15.56	0.015205
15.57	0.023721
15.58	0.033112
15.59	0.037642
15.6	0.03598
15.61	0.030455
15.62	0.018159
15.63	0.0035472
15.64	-0.013632
15.65	-0.024575
15.66	-0.02658
15.67	-0.028018
15.68	-0.024308
15.69	-0.019623
15.7	-0.0092906
15.71	0.0015765
15.72	0.0097644
15.73	0.013542
15.74	0.015581
15.75	0.021377
15.76	0.027976
15.77	0.030472
15.78	0.025588
15.79	0.020445
15.8	0.019406
15.81	0.023836
15.82	0.034793
15.83	0.047795
15.84	0.060554
15.85	0.067035
15.86	0.069827
15.87	0.070188
15.88	0.063275
15.89	0.051542
15.9	0.035982
15.91	0.013638
15.92	-0.010013
15.93	-0.020428
15.94	-0.024752
15.95	-0.028383
15.96	-0.029096
15.97	-0.027555
15.98	-0.027598
15.99	-0.021095
16	-0.0085998
16.01	0.0018289
16.02	0.012791
16.03	0.023742
16.04	0.03642
16.05	0.047242
16.06	0.055136
16.07	0.061555
16.08	0.06116
16.09	0.053372
16.1	0.043658
16.11	0.038929
16.12	0.036228
16.13	0.033669
16.14	0.028133
16.15	0.023989
16.16	0.014734
16.17	3.607e-05
16.18	-0.02302
16.19	-0.045392
16.2	-0.0649
16.21	-0.083227
16.22	-0.099236
16.23	-0.11311
16.24	-0.12137
16.25	-0.12049
16.26	-0.11161
16.27	-0.097629
16.28	-0.080666
16.29	-0.064169
16.3	-0.049121
16.31	-0.038578
16.32	-0.034226
16.33	-0.032491
16.34	-0.028923
16.35	-0.023049
16.36	-0.017575
16.37	-0.01617
16.38	-0.016144
16.39	-0.012915
16.4	-0.0048356
16.41	0.0072153
16.42	0.021402
16.43	0.030308
16.44	0.033911
16.45	0.039713
16.46	0.047867
16.47	0.052159
16.48	0.051025
16.49	0.045664
16.5	0.034442
16.51	0.019062
16.52	0.0041258
16.53	-0.0062822
16.54	-0.014768
16.55	-0.02078
16.56	-0.026483
16.57	-0.027224
16.58	-0.016395
16.59	-0.0013048
16.6	0.0089781
16.61	0.011347
16.62	0.0078498
16.63	0.0046325
16.64	0.0011036
16.65	0.001942
16.66	0.0092644
16.67	0.014435
16.68	0.014746
16.69	0.016968
16.7	0.024004
16.71	0.034852
16.72	0.042872
16.73	0.042349
16.74	0.038587
16.75	0.032057
16.76	0.020443
16.77	0.0060309
16.78	-0.0081411
16.79	-0.013312
16.8	-0.015105
16.81	-0.021376
16.82	-0.028355
16.83	-0.03356
16.84	-0.038883
16.85	-0.044912
16.86	-0.047593
16.87	-0.048383
16.88	-0.044437
16.89	-0.039171
16.9	-0.02881
16.91	-0.013258
16.92	0.0027794
16.93	0.014186
16.94	0.019331
16.95	0.022755
16.96	0.027017
16.97	0.031023
16.98	0.036367
16.99	0.040569
17	0.04212
17.01	0.041841
17.02	0.037923
17.03	0.031182
17.04	0.026538
17.05	0.020836
17.06	0.013041
17.07	0.0035823
17.08	-0.0068106
17.09	-0.014967
17.1	-0.018884
17.11	-0.019657
17.12	-0.022302
17.13	-0.02662
17.14	-0.032269
17.15	-0.038519
17.16	-0.04111
17.17	-0.039514
17.18	-0.034625
17.19	-0.030283
17.2	-0.01921
17.21	-0.0047515
17.22	0.013194
17.23	0.030217
17.24	0.042784
17.25	0.046421
17.26	0.047792
17.27	0.046504
17.28	0.044999
17.29	0.043971
17.3	0.041351
17.31	0.040239
17.32	0.040554
17.33	0.038704
17.34	0.036695
17.35	0.032448
17.36	0.025485
17.37	0.0159
17.38	0.0033166
17.39	-0.0061408
17.4	-0.0084614
17.41	-0.0080401
17.42	-0.0066233
17.43	-0.009252
17.44	-0.017542
17.45	-0.031329
17.46	-0.047848
17.47	-0.058671
17.48	-0.06313
17.49	-0.062182
17.5	-0.06001
17.51	-0.058564
17.52	-0.058619
17.53	-0.058613
17.54	-0.05767
17.55	-0.054687
17.56	-0.049911
17.57	-0.043698
17.58	-0.036663
17.59	-0.025999
17.6	-0.0023029
17.61	0.023573
17.62	0.046954
17.63	0.061056
17.64	0.060841
17.65	0.055142
17.66	0.049124
17.67	0.045143
17.68	0.039386
17.69	0.03836
17.7	0.038731
17.71	0.043734
17.72	0.047324
17.73	0.049704
17.74	0.0497
17.75	0.048336
17.76	0.044044
17.77	0.039196
17.78	0.029565
17.79	0.020526
17.8	0.0091494
17.81	-0.0042162
17.82	-0.023052
17.83	-0.034913
17.84	-0.033532
17.85	-0.026476
17.86	-0.016412
17.87	-0.0093069
17.88	-0.010122
17.89	-0.014289
17.9	-0.015315
17.91	-0.012976
17.92	-0.0088715
17.93	-0.0025765
17.94	0.0025987
17.95	0.0057833
17.96	0.0064204
17.97	0.0044628
17.98	-0.0020038
17.99	-0.010164
18	-0.010926
18.01	-0.010096
18.02	-0.0055867
18.03	-0.00028419
18.04	0.0059938
18.05	0.012901
18.06	0.020583
18.07	0.032055
18.08	0.041527
18.09	0.042157
18.1	0.037313
18.11	0.031202
18.12	0.028065
18.13	0.030167
18.14	0.028762
18.15	0.023307
18.16	0.011258
18.17	-0.0077445
18.18	-0.031055
18.19	-0.052787
18.2	-0.071726
18.21	-0.081217
18.22	-0.085457
18.23	-0.085255
18.24	-0.078779
18.25	-0.070131
18.26	-0.055088
18.27	-0.035411
18.28	-0.017749
18.29	-0.0019304
18.3	0.0095185
18.31	0.020456
18.32	0.027416
18.33	0.030587
18.34	0.03156
18.35	0.030319
18.36	0.026737
18.37	0.020558
18.38	0.013795
18.39	0.0063431
18.4	-0.0064153
18.41	-0.029162
18.42	-0.040572
18.43	-0.043844
18.44	-0.047389
18.45	-0.04801
18.46	-0.0484
18.47	-0.047461
18.48	-0.044674
18.49	-0.040183
18.5	-0.034075
18.51	-0.027202
18.52	-0.018808
18.53	-0.0052998
18.54	0.013517
18.55	0.02893
18.56	0.037621
18.57	0.041383
18.58	0.047235
18.59	0.048349
18.6	0.047796
18.61	0.042352
18.62	0.033831
18.63	0.023293
18.64	0.015067
18.65	0.011975
18.66	0.00809
18.67	0.0033502
18.68	0.00038013
18.69	-0.0038336
18.7	-0.0041646
18.71	-0.0055432
18.72	-0.012625
18.73	-0.023798
18.74	-0.030868
18.75	-0.038977
18.76	-0.043826
18.77	-0.046872
18.78	-0.049193
18.79	-0.044926
18.8	-0.037267
18.81	-0.029239
18.82	-0.022669
18.83	-0.016524
18.84	-0.0095148
18.85	0.0021609
18.86	0.016238
18.87	0.032645
18.88	0.046123
18.89	0.056051
18.9	0.062416
18.91	0.065982
18.92	0.065315
18.93	0.061097
18.94	0.053904
18.95	0.042929
18.96	0.030838
18.97	0.016884
18.98	0.0075657
18.99	0.004801
19	0.0082042
19.01	0.011329
19.02	0.012968
19.03	0.014832
19.04	0.016863
19.05	0.020131
19.06	0.027168
19.07	0.028878
19.08	0.025328
19.09	0.015734
19.1	0.0063598
19.11	0.0027625
19.12	0.0019774
19.13	0.0012161
19.14	-0.0023621
19.15	-0.0099969
19.16	-0.014837
19.17	-0.014093
19.18	-0.0089797
19.19	-0.0015534
19.2	0.0081447
19.21	0.018111
19.22	0.029885
19.23	0.035951
19.24	0.036347
19.25	0.033215
19.26	0.024119
19.27	0.014728
19.28	0.0020868
19.29	-0.016012
19.3	-0.031147
19.31	-0.041902
19.32	-0.051499
19.33	-0.06207
19.34	-0.069695
19.35	-0.06831
19.36	-0.05673
19.37	-0.036715
19.38	-0.016375
19.39	-0.00061405
19.4	0.003519
19.41	0.0039201
19.42	0.0039
19.43	-0.00043865
19.44	-0.0057016
19.45	-0.011767
19.46	-0.015406
19.47	-0.013393
19.48	-0.0049002
19.49	0.0071492
19.5	0.020045
19.51	0.034878
19.52	0.046682
19.53	0.052315
19.54	0.054045
19.55	0.048266
19.56	0.038449
19.57	0.032066
19.58	0.028219
19.59	0.023956
19.6	0.020309
19.61	0.01516
19.62	0.0068453
19.63	-0.002343
19.64	-0.015779
19.65	-0.033334
19.66	-0.046097
19.67	-0.054044
19.68	-0.060343
19.69	-0.062359
19.7	-0.05938
19.71	-0.051649
19.72	-0.042273
19.73	-0.025732
19.74	-0.0075815
19.75	0.0085573
19.76	0.0219
19.77	0.025966
19.78	0.023483
19.79	0.021135
19.8	0.019067
19.81	0.017902
19.82	0.020494
19.83	0.020143
19.84	0.02084
19.85	0.020775
19.86	0.019233
19.87	0.01683
19.88	0.010579
19.89	-0.0041541
19.9	-0.023852
19.91	-0.039811
19.92	-0.045133
19.93	-0.042977
19.94	-0.037157
19.95	-0.032529
19.96	-0.025806
19.97	-0.021096
19.98	-0.015334
19.99	-0.010453
20	-0.010041
20.01	-0.0087597
20.02	-0.0083156
20.03	-0.0040821
20.04	0.0041451
20.05	0.012703
20.06	0.015922
20.07	0.016872
20.08	0.015628
20.09	0.011475
20.1	0.0078266
20.11	0.0068189
20.12	0.0060454
20.13	0.0067229
20.14	0.0040208
20.15	-0.0023225
20.16	-0.0058896
20.17	-0.0056619
20.18	-0.0037042
20.19	0.00087123
20.2	0.00093383
20.21	-0.00025344
20.22	-0.0058513
20.23	-0.0097028
20.24	-0.013557
20.25	-0.01499
20.26	-0.017543
20.27	-0.024101
20.28	-0.035198
20.29	-0.043454
20.3	-0.046257
20.31	-0.042294
20.32	-0.035314
20.33	-0.028205
20.34	-0.022877
20.35	-0.017303
20.36	-0.010147
20.37	-0.005404
20.38	-0.0011747
20.39	0.0047932
20.4	0.0088795
20.41	0.0145
20.42	0.021134
20.43	0.026521
20.44	0.032792
20.45	0.040794
20.46	0.04344
20.47	0.042962
20.48	0.042121
20.49	0.036717
20.5	0.032212
20.51	0.030069
20.52	0.027013
20.53	0.021627
20.54	0.012422
20.55	0.0034221
20.56	-0.0032575
20.57	-0.007276
20.58	-0.005666
20.59	-0.0026839
20.6	-0.001245
20.61	-0.00087218
20.62	0.0026254
20.63	0.0040858
20.64	0.0037108
20.65	0.0035293
20.66	0.0042973
20.67	0.0046805
20.68	0.0041828
20.69	0.0079979
20.7	0.013757
20.71	0.019113
20.72	0.024841
20.73	0.02887
20.74	0.028446
20.75	0.028322
20.76	0.030413
20.77	0.032726
20.78	0.032271
20.79	0.027537
20.8	0.025749
20.81	0.02465
20.82	0.021573
20.83	0.015548
20.84	0.0081345
20.85	-0.0021624
20.86	-0.0096316
20.87	-0.015329
20.88	-0.017919
20.89	-0.021464
20.9	-0.026043
20.91	-0.031426
20.92	-0.037264
20.93	-0.040208
20.94	-0.040312
20.95	-0.038375
20.96	-0.035309
20.97	-0.032785
20.98	-0.029923
20.99	-0.030424
21	-0.031406
21.01	-0.033552
21.02	-0.036492
21.03	-0.040019
21.04	-0.040142
21.05	-0.03609
21.06	-0.02773
21.07	-0.016405
21.08	-5.0476e-05
21.09	0.019209
21.1	0.035704
21.11	0.043405
21.12	0.047502
21.13	0.046184
21.14	0.042332
21.15	0.039065
21.16	0.035158
21.17	0.028087
21.18	0.019277
21.19	0.01155
21.2	0.0049089
21.21	0.0008181
21.22	-0.004348
21.23	-0.0098575
21.24	-0.013954
21.25	-0.018095
21.26	-0.017903
21.27	-0.01313
21.28	-0.010967
21.29	-0.012444
21.3	-0.013128
21.31	-0.01522
21.32	-0.016503
21.33	-0.014847
21.34	-0.01613
21.35	-0.018034
21.36	-0.017122
21.37	-0.01883
21.38	-0.018594
21.39	-0.013953
21.4	-0.004443
21.41	0.0071595
21.42	0.020608
21.43	0.031352
21.44	0.035854
21.45	0.03732
21.46	0.036566
21.47	0.034316
21.48	0.031575
21.49	0.028967
21.5	0.026433
21.51	0.024009
21.52	0.021051
21.53	0.016018
21.54	0.01096
21.55	0.0023177
21.56	-0.0080556
21.57	-0.018004
21.58	-0.021469
21.59	-0.020614
21.6	-0.018922
21.61	-0.011516
21.62	-0.0021704
21.63	0.0068965
21.64	0.012039
21.65	0.014503
21.66	0.015195
21.67	0.017946
21.68	0.018634
21.69	0.020074
21.7	0.021037
21.71	0.018654
21.72	0.01651
21.73	0.010102
21.74	0.0011792
21.75	-0.013138
21.76	-0.025016
21.77	-0.030278
21.78	-0.031569
21.79	-0.023102
21.8	-0.0093025
21.81	-3.6094e-06
21.82	0.0049288
21.83	0.0091015
21.84	0.012482
21.85	0.013918
21.86	0.012343
21.87	0.0073869
21.88	0.001416
21.89	-0.0014123
21.9	-0.0034782
21.91	-0.0079748
21.92	-0.013255
21.93	-0.017415
21.94	-0.017167
21.95	-0.016347
21.96	-0.012577
21.97	-0.010822
21.98	-0.01171
21.99	-0.011291
22	-0.0089087
22.01	-0.0050135
22.02	0.00076397
22.03	0.0066392
22.04	0.0087965
22.05	0.0060238
22.06	-0.00214
22.07	-0.010315
22.08	-0.014687
22.09	-0.01308
22.1	-0.0095937
22.11	-0.0031756
22.12	0.0016693
22.13	0.0038471
22.14	0.0039431
22.15	0.0023174
22.16	4.6298e-06
22.17	-0.0022647
22.18	-0.0073078
22.19	-0.009678
22.2	-0.0095587
22.21	-0.0095386
22.22	-0.0099633
22.23	-0.014003
22.24	-0.018377
22.25	-0.022634
22.26	-0.028009
22.27	-0.026953
22.28	-0.027429
22.29	-0.025971
22.3	-0.022465
22.31	-0.017338
22.32	-0.014196
22.33	-0.0082455
22.34	-0.0044524
22.35	-0.0013152
22.36	0.0012361
22.37	0.0048582
22.38	0.0059681
22.39	0.010766
22.4	0.013518
22.41	0.013639
22.42	0.012389
22.43	0.0083701
22.44	0.0036805
22.45	0.0019294
22.46	-0.0019698
22.47	-0.0041589
22.48	-0.0073514
22.49	-0.0095899
22.5	-0.0087158
22.51	-0.011416
22.52	-0.012135
22.53	-0.010699
22.54	-0.009855
22.55	-0.0065838
22.56	-0.0038336
22.57	-0.0014337
22.58	0.0033748
22.59	0.007641
22.6	0.010487
22.61	0.016807
22.62	0.023349
22.63	0.027994
22.64	0.032702
22.65	0.037308
22.66	0.04031
22.67	0.041619
22.68	0.041022
22.69	0.03572
22.7	0.029782
22.71	0.024346
22.72	0.017096
22.73	0.0071721
22.74	-0.0010435
22.75	-0.0063394
22.76	-0.010241
22.77	-0.014395
22.78	-0.019236
22.79	-0.021521
22.8	-0.01616
22.81	-0.011674
22.82	-0.0068528
22.83	-0.0020324
22.84	-0.0017411
22.85	-0.0053887
22.86	-0.0076923
22.87	-0.008764
22.88	-0.0097695
22.89	-0.0094861
22.9	-0.0078256
22.91	-0.0024581
22.92	0.003291
22.93	0.010014
22.94	0.015706
22.95	0.019172
22.96	0.019915
22.97	0.021051
22.98	0.02288
22.99	0.022713
23	0.024057
23.01	0.024843
23.02	0.023033
23.03	0.019191
23.04	0.013811
23.05	0.0075796
23.06	-0.00026577
23.07	-0.0071763
23.08	-0.01211
23.09	-0.014995
23.1	-0.018295
23.11	-0.021506
23.12	-0.024108
23.13	-0.025196
23.14	-0.024931
23.15	-0.022147
23.16	-0.016895
23.17	-0.012533
23.18	-0.010403
23.19	-0.0084272
23.2	-0.0041241
23.21	0.0018826
23.22	0.0065843
23.23	0.0092458
23.24	0.0072271
23.25	0.0043069
23.26	0.003168
23.27	0.001083
23.28	-0.0029358
23.29	-0.0066273
23.3	-0.010678
23.31	-0.010335
23.32	-0.0077091
23.33	-0.0031618
23.34	-0.0012732
23.35	0.00059726
23.36	0.002628
23.37	0.0049795
23.38	0.0065529
23.39	0.0085901
23.4	0.0099569
23.41	0.0092059
23.42	0.0058479
23.43	0.0028485
23.44	-0.00022568
23.45	-0.0019543
23.46	-0.0024159
23.47	-0.0016857
23.48	-0.0010419
23.49	0.0025279
23.5	0.0059855
23.51	0.0079276
23.52	0.0096718
23.53	0.010839
23.54	0.0099305
23.55	0.0066985
23.56	0.0019477
23.57	-0.002136
23.58	-0.0038225
23.59	-0.0030973
23.6	-0.0011374
23.61	0.0021683
23.62	0.0048073
23.63	0.0064282
23.64	0.0067053
23.65	0.0067583
23.66	0.0057013
23.67	0.0042317
23.68	0.0025242
23.69	-0.0018396
23.7	-0.0067366
23.71	-0.012121
23.72	-0.016352
23.73	-0.0182
23.74	-0.018043
23.75	-0.014817
23.76	-0.011272
23.77	-0.0075779
23.78	-0.0043952
23.79	-0.00083824
23.8	0.0039896
23.81	0.0074627
23.82	0.0089158
23.83	0.0080822
23.84	0.0059103
23.85	0.0038122
23.86	0.00076991
23.87	-0.0027885
23.88	-0.006114
23.89	-0.010229
23.9	-0.012879
23.91	-0.013397
23.92	-0.01255
23.93	-0.011004
23.94	-0.0096699
23.95	-0.0087004
23.96	-0.0072067
23.97	-0.0063021
23.98	-0.0058205
23.99	-0.0049963
24	-0.0034633
24.01	-0.00090671
24.02	0.0017463
24.03	0.004154
24.04	0.0057899
24.05	0.0063076
24.06	0.007068
24.07	0.0072514
24.08	0.0078036
24.09	0.0079872
24.1	0.0081362
24.11	0.0080431
24.12	0.0079173
24.13	0.0069972
24.14	0.0059555
24.15	0.0051201
24.16	0.0042255
24.17	0.003218
24.18	0.0020128
24.19	0.0011629
24.2	0.00026256
24.21	-0.00087515
24.22	-0.0020334
24.23	-0.002775
24.24	-0.0031329
24.25	-0.0028463
24.26	-0.0023851
24.27	-0.0020662
24.28	-0.0014453
24.29	-0.00064371
24.3	0.00038476
24.31	0.0010957
24.32	0.0015728
24.33	0.0016085
24.34	0.0012423
24.35	0.00090277
24.36	0.00061868
24.37	0.00036886
24.38	0.00023691
24.39	6.9157e-05
24.4	-9.8828e-05
24.41	-0.00016632
24.42	-0.00033531
24.43	-0.00057169
24.44	-0.00092599
24.45	-0.0013469
24.46	-0.0016415
24.47	-0.001675
24.48	-0.0015279
24.49	-0.001342
24.5	-0.0011569
24.51	-0.00098409
24.52	-0.00082235
24.53	-0.00067692
24.54	-0.00059222
24.55	-0.00049135
24.56	-0.00035159
24.57	-0.00025087
24.58	-0.00010232
24.59	5.1369e-05
24.6	0.00016523
24.61	0.00021887
24.62	0.00025853
24.63	0.00026655
24.64	0.00026402
24.65	0.0002764
24.66	0.00027777
24.67	0.00025869
24.68	0.0002382
24.69	0.00022981
24.7	0.00024925
24.71	0.00026693
24.72	0.00028626
24.73	0.00029075
24.74	0.00029446
24.75	0.00030262
24.76	0.0003133
24.77	0.00031979
24.78	0.00032124
24.79	0.00031819
24.8	0.00031051
24.81	0.00029821
24.82	0.00028533
24.83	0.00027162
24.84	0.00025678
24.85	0.00024027
24.86	0.00022302
24.87	0.00020383
24.88	0.00018373
24.89	0.00016264
24.9	0.00014133
24.91	0.00011952
24.92	9.7634e-05
24.93	7.5473e-05
24.94	5.326e-05
24.95	3.095e-05
24.96	8.6716e-06
24.97	-1.3544e-05
24.98	-3.5617e-05
