0	0.00061499
0.01	0.0010498
0.02	0.0018065
0.03	0.0019773
0.04	0.0019361
0.05	0.0019919
0.06	0.0020516
0.07	0.0021106
0.08	0.0021617
0.09	0.0021833
0.1	0.0021608
0.11	0.0020941
0.12	0.0019952
0.13	0.0018582
0.14	0.0016657
0.15	0.0014196
0.16	0.0011368
0.17	0.00084205
0.18	0.000576
0.19	0.0003802
0.2	0.00026982
0.21	0.00022761
0.22	0.00022654
0.23	0.0002114
0.24	0.00013872
0.25	-3.2883e-06
0.26	-0.0002117
0.27	-0.00042818
0.28	-0.00058141
0.29	-0.00065575
0.3	-0.00061155
0.31	-0.00038158
0.32	3.7031e-06
0.33	0.00042479
0.34	0.00078257
0.35	0.0010074
0.36	0.0010205
0.37	0.00081688
0.38	0.00053377
0.39	0.00029456
0.4	0.00013775
0.41	0.00012549
0.42	0.00032201
0.43	0.00068794
0.44	0.0011858
0.45	0.0018296
0.46	0.0025428
0.47	0.003117
0.48	0.0033558
0.49	0.0031948
0.5	0.0027063
0.51	0.0020008
0.52	0.0011829
0.53	0.00041357
0.54	-0.00021148
0.55	-0.00051646
0.56	-6.6819e-05
0.57	0.0012317
0.58	0.0026567
0.59	0.003421
0.6	0.0034376
0.61	0.0028161
0.62	0.0015378
0.63	-0.00013248
0.64	-0.0016475
0.65	-0.0026416
0.66	-0.0031
0.67	-0.0031068
0.68	-0.0028887
0.69	-0.0027529
0.7	-0.0026455
0.71	-0.0023828
0.72	-0.0020699
0.73	-0.0020559
0.74	-0.0025355
0.75	-0.0032887
0.76	-0.0041074
0.77	-0.0048563
0.78	-0.0049863
0.79	-0.0042659
0.8	-0.0034755
0.81	-0.003183
0.82	-0.003294
0.83	-0.0037168
0.84	-0.0041429
0.85	-0.0042007
0.86	-0.0040251
0.87	-0.0037293
0.88	-0.0030511
0.89	-0.0019021
0.9	-0.00046757
0.91	0.00073102
0.92	0.0011698
0.93	0.00088426
0.94	-0.00014918
0.95	-0.0020948
0.96	-0.0046644
0.97	-0.0074262
0.98	-0.0097236
0.99	-0.010375
1	-0.0087207
1.01	-0.0055681
1.02	-0.0024285
1.03	-0.00014961
1.04	0.0013765
1.05	0.0023377
1.06	0.0023883
1.07	0.0014327
1.08	3.1594e-06
1.09	-0.00186
1.1	-0.0042653
1.11	-0.006568
1.12	-0.0082415
1.13	-0.0087266
1.14	-0.0076456
1.15	-0.0058056
1.16	-0.0034886
1.17	-0.000147
1.18	0.0036233
1.19	0.0063899
1.2	0.0075277
1.21	0.0075096
1.22	0.0067199
1.23	0.0051427
1.24	0.0032672
1.25	0.0015314
1.26	-2.1388e-05
1.27	-0.00084978
1.28	-0.00078397
1.29	-0.00047254
1.3	-0.00035018
1.31	-9.0592e-05
1.32	0.0010739
1.33	0.0027631
1.34	0.0042179
1.35	0.0056655
1.36	0.0061318
1.37	0.0047415
1.38	0.0033099
1.39	0.0034801
1.4	0.0049337
1.41	0.0066512
1.42	0.007984
1.43	0.0090517
1.44	0.0093971
1.45	0.0081077
1.46	0.0055372
1.47	0.0021073
1.48	-0.0014024
1.49	-0.0033565
1.5	-0.0035164
1.51	-0.0024757
1.52	-0.00029997
1.53	0.0036027
1.54	0.0092347
1.55	0.014142
1.56	0.01568
1.57	0.013547
1.58	0.0080692
1.59	-0.00025427
1.6	-0.0095683
1.61	-0.017622
1.62	-0.022521
1.63	-0.023029
1.64	-0.018923
1.65	-0.011066
1.66	-0.0021267
1.67	0.0048934
1.68	0.0092093
1.69	0.010797
1.7	0.0091479
1.71	0.0053792
1.72	0.0015374
1.73	-0.0017717
1.74	-0.0046115
1.75	-0.005764
1.76	-0.0039619
1.77	-0.00041811
1.78	0.0027482
1.79	0.0043544
1.8	0.0035485
1.81	-0.00038591
1.82	-0.0068679
1.83	-0.014451
1.84	-0.022152
1.85	-0.028903
1.86	-0.032692
1.87	-0.032209
1.88	-0.02895
1.89	-0.024631
1.9	-0.019859
1.91	-0.015721
1.92	-0.01236
1.93	-0.0078039
1.94	0.00013258
1.95	0.010886
1.96	0.021154
1.97	0.027652
1.98	0.029326
1.99	0.027315
2	0.021685
2.01	0.011776
2.02	-0.00071329
2.03	-0.012783
2.04	-0.021159
2.05	-0.022346
2.06	-0.014155
2.07	0.0010453
2.08	0.015893
2.09	0.024926
2.1	0.029386
2.11	0.032246
2.12	0.032515
2.13	0.028131
2.14	0.019688
2.15	0.0083627
2.16	-0.0051212
2.17	-0.019378
2.18	-0.033417
2.19	-0.046035
2.2	-0.054587
2.21	-0.057041
2.22	-0.052649
2.23	-0.042465
2.24	-0.029177
2.25	-0.015607
2.26	-0.0044506
2.27	0.0032467
2.28	0.0094371
2.29	0.017395
2.3	0.028921
2.31	0.042011
2.32	0.051425
2.33	0.05389
2.34	0.051762
2.35	0.049238
2.36	0.048131
2.37	0.048395
2.38	0.048183
2.39	0.044523
2.4	0.035656
2.41	0.022081
2.42	0.0061188
2.43	-0.0097694
2.44	-0.023141
2.45	-0.031894
2.46	-0.035479
2.47	-0.034066
2.48	-0.028513
2.49	-0.018822
2.5	-0.0022357
2.51	0.020076
2.52	0.03888
2.53	0.046082
2.54	0.039292
2.55	0.018494
2.56	-0.010375
2.57	-0.034536
2.58	-0.045609
2.59	-0.045517
2.6	-0.037221
2.61	-0.019293
2.62	0.0070197
2.63	0.032425
2.64	0.045504
2.65	0.043453
2.66	0.030751
2.67	0.011093
2.68	-0.011931
2.69	-0.033562
2.7	-0.05011
2.71	-0.059682
2.72	-0.062292
2.73	-0.058595
2.74	-0.049636
2.75	-0.037799
2.76	-0.026065
2.77	-0.015477
2.78	-0.0052547
2.79	0.0049146
2.8	0.014053
2.81	0.01974
2.82	0.01937
2.83	0.0096172
2.84	-0.010161
2.85	-0.032294
2.86	-0.046358
2.87	-0.047953
2.88	-0.037796
2.89	-0.017589
2.9	0.0082777
2.91	0.031296
2.92	0.04477
2.93	0.04997
2.94	0.051788
2.95	0.051392
2.96	0.047516
2.97	0.03935
2.98	0.026163
2.99	0.0093494
3	-0.0060983
3.01	-0.016457
3.02	-0.021601
3.03	-0.022451
3.04	-0.021295
3.05	-0.019569
3.06	-0.016305
3.07	-0.011277
3.08	-0.005679
3.09	-0.0022817
3.1	-0.0039581
3.11	-0.0097814
3.12	-0.015074
3.13	-0.016599
3.14	-0.014669
3.15	-0.01055
3.16	-0.0053937
3.17	0.00091072
3.18	0.0099716
3.19	0.02269
3.2	0.037
3.21	0.048214
3.22	0.052351
3.23	0.048374
3.24	0.037629
3.25	0.022025
3.26	0.0031846
3.27	-0.015314
3.28	-0.027478
3.29	-0.031638
3.3	-0.031113
3.31	-0.028322
3.32	-0.02531
3.33	-0.022968
3.34	-0.01721
3.35	-0.0037675
3.36	0.015003
3.37	0.034166
3.38	0.051458
3.39	0.065596
3.4	0.074979
3.41	0.076908
3.42	0.067177
3.43	0.044347
3.44	0.013915
3.45	-0.013503
3.46	-0.029916
3.47	-0.035728
3.48	-0.035756
3.49	-0.031314
3.5	-0.019892
3.51	-0.0013306
3.52	0.021055
3.53	0.043412
3.54	0.061665
3.55	0.072739
3.56	0.077206
3.57	0.076611
3.58	0.07029
3.59	0.058742
3.6	0.044282
3.61	0.02848
3.62	0.012389
3.63	-0.0037942
3.64	-0.018657
3.65	-0.028882
3.66	-0.034944
3.67	-0.040507
3.68	-0.046272
3.69	-0.051479
3.7	-0.054497
3.71	-0.052481
3.72	-0.046516
3.73	-0.040007
3.74	-0.034064
3.75	-0.02886
3.76	-0.024585
3.77	-0.020668
3.78	-0.01765
3.79	-0.017141
3.8	-0.020092
3.81	-0.027115
3.82	-0.03626
3.83	-0.042727
3.84	-0.042746
3.85	-0.033241
3.86	-0.01361
3.87	0.010232
3.88	0.029407
3.89	0.040028
3.9	0.04492
3.91	0.045456
3.92	0.039034
3.93	0.023087
3.94	-0.0014707
3.95	-0.026952
3.96	-0.04324
3.97	-0.047365
3.98	-0.044787
3.99	-0.039542
4	-0.03122
4.01	-0.018689
4.02	-0.00079762
4.03	0.018013
4.04	0.030453
4.05	0.034509
4.06	0.032004
4.07	0.025643
4.08	0.016286
4.09	0.0045458
4.1	-0.0074005
4.11	-0.016962
4.12	-0.022939
4.13	-0.026085
4.14	-0.024754
4.15	-0.01438
4.16	0.0046965
4.17	0.022587
4.18	0.029972
4.19	0.026636
4.2	0.014745
4.21	-0.0040208
4.22	-0.023513
4.23	-0.036307
4.24	-0.041037
4.25	-0.038615
4.26	-0.025518
4.27	-0.0011719
4.28	0.024727
4.29	0.041429
4.3	0.047561
4.31	0.048881
4.32	0.050075
4.33	0.050788
4.34	0.050767
4.35	0.051663
4.36	0.051386
4.37	0.046827
4.38	0.037069
4.39	0.020135
4.4	-0.0029164
4.41	-0.024017
4.42	-0.035245
4.43	-0.035243
4.44	-0.02789
4.45	-0.018125
4.46	-0.010772
4.47	-0.008717
4.48	-0.010603
4.49	-0.014108
4.5	-0.017118
4.51	-0.017948
4.52	-0.015814
4.53	-0.011518
4.54	-0.0099815
4.55	-0.012531
4.56	-0.013323
4.57	-0.010774
4.58	-0.009891
4.59	-0.012481
4.6	-0.01472
4.61	-0.014476
4.62	-0.013571
4.63	-0.013031
4.64	-0.012413
4.65	-0.012264
4.66	-0.012884
4.67	-0.011837
4.68	-0.0056854
4.69	0.0070382
4.7	0.024359
4.71	0.039488
4.72	0.045794
4.73	0.042266
4.74	0.030409
4.75	0.011534
4.76	-0.011242
4.77	-0.032686
4.78	-0.047931
4.79	-0.055423
4.8	-0.056723
4.81	-0.051971
4.82	-0.039748
4.83	-0.021649
4.84	-0.0040329
4.85	0.0069748
4.86	0.011954
4.87	0.013536
4.88	0.011386
4.89	0.0063758
4.9	0.0011777
4.91	-0.0019618
4.92	-0.0025718
4.93	-0.00104
4.94	0.0041808
4.95	0.013764
4.96	0.023697
4.97	0.028195
4.98	0.024023
4.99	0.0092603
5	-0.016482
5.01	-0.047212
5.02	-0.072475
5.03	-0.085498
5.04	-0.086917
5.05	-0.081716
5.06	-0.0726
5.07	-0.060796
5.08	-0.050381
5.09	-0.044718
5.1	-0.043791
5.11	-0.04542
5.12	-0.047796
5.13	-0.052328
5.14	-0.059865
5.15	-0.066186
5.16	-0.067658
5.17	-0.065286
5.18	-0.060735
5.19	-0.055001
5.2	-0.046958
5.21	-0.034358
5.22	-0.018261
5.23	-0.0023572
5.24	0.010099
5.25	0.018714
5.26	0.024204
5.27	0.026319
5.28	0.02499
5.29	0.021443
5.3	0.017651
5.31	0.013319
5.32	0.0057035
5.33	-0.0053102
5.34	-0.014457
5.35	-0.017611
5.36	-0.01499
5.37	-0.0066459
5.38	0.0060231
5.39	0.018332
5.4	0.026225
5.41	0.028845
5.42	0.028655
5.43	0.027758
5.44	0.025295
5.45	0.021648
5.46	0.018092
5.47	0.013268
5.48	0.0079564
5.49	0.0056809
5.5	0.0067172
5.51	0.0099641
5.52	0.014185
5.53	0.016625
5.54	0.016858
5.55	0.016689
5.56	0.015885
5.57	0.012356
5.58	0.0049229
5.59	-0.0048875
5.6	-0.015839
5.61	-0.030094
5.62	-0.048197
5.63	-0.066418
5.64	-0.080517
5.65	-0.088021
5.66	-0.089105
5.67	-0.085605
5.68	-0.078576
5.69	-0.069407
5.7	-0.059622
5.71	-0.047451
5.72	-0.030861
5.73	-0.011405
5.74	0.0097349
5.75	0.034088
5.76	0.061748
5.77	0.090428
5.78	0.11824
5.79	0.14294
5.8	0.1613
5.81	0.17134
5.82	0.1725
5.83	0.16578
5.84	0.15585
5.85	0.1484
5.86	0.14538
5.87	0.14628
5.88	0.14941
5.89	0.15214
5.9	0.15452
5.91	0.15846
5.92	0.16557
5.93	0.178
5.94	0.19518
5.95	0.21385
5.96	0.23284
5.97	0.25181
5.98	0.26819
5.99	0.27907
6	0.28333
6.01	0.28052
6.02	0.27085
6.03	0.25772
6.04	0.24484
6.05	0.23393
6.06	0.22836
6.07	0.22978
6.08	0.2359
6.09	0.24315
6.1	0.24511
6.11	0.2369
6.12	0.21753
6.13	0.1859
6.14	0.14424
6.15	0.096939
6.16	0.046649
6.17	-0.0026815
6.18	-0.049691
6.19	-0.096298
6.2	-0.14027
6.21	-0.17901
6.22	-0.21388
6.23	-0.24546
6.24	-0.27072
6.25	-0.28587
6.26	-0.29001
6.27	-0.28485
6.28	-0.27391
6.29	-0.26149
6.3	-0.25012
6.31	-0.24058
6.32	-0.23363
6.33	-0.23095
6.34	-0.23457
6.35	-0.24456
6.36	-0.25952
6.37	-0.27637
6.38	-0.28988
6.39	-0.29746
6.4	-0.30007
6.41	-0.29753
6.42	-0.28941
6.43	-0.27772
6.44	-0.26376
6.45	-0.24643
6.46	-0.22469
6.47	-0.19872
6.48	-0.16908
6.49	-0.13549
6.5	-0.098586
6.51	-0.062302
6.52	-0.031158
6.53	-0.0071303
6.54	0.008636
6.55	0.015064
6.56	0.014362
6.57	0.011485
6.58	0.0090973
6.59	0.0072194
6.6	0.0052417
6.61	0.0020036
6.62	-0.0035038
6.63	-0.013076
6.64	-0.028225
6.65	-0.045855
6.66	-0.058496
6.67	-0.058562
6.68	-0.043784
6.69	-0.017919
6.7	0.014649
6.71	0.050284
6.72	0.083778
6.73	0.11032
6.74	0.12935
6.75	0.14257
6.76	0.14979
6.77	0.14969
6.78	0.1412
6.79	0.12237
6.8	0.092591
6.81	0.056354
6.82	0.021735
6.83	-0.0033089
6.84	-0.014502
6.85	-0.012459
6.86	-0.00085775
6.87	0.016148
6.88	0.036084
6.89	0.057489
6.9	0.079116
6.91	0.098761
6.92	0.11228
6.93	0.11651
6.94	0.11174
6.95	0.099667
6.96	0.080372
6.97	0.053634
6.98	0.022876
6.99	-0.0069152
7	-0.032016
7.01	-0.048408
7.02	-0.05417
7.03	-0.050572
7.04	-0.041512
7.05	-0.032673
7.06	-0.026623
7.07	-0.023311
7.08	-0.023968
7.09	-0.028968
7.1	-0.035104
7.11	-0.037895
7.12	-0.036764
7.13	-0.034905
7.14	-0.034525
7.15	-0.038286
7.16	-0.050862
7.17	-0.075602
7.18	-0.11228
7.19	-0.15636
7.2	-0.20156
7.21	-0.24257
7.22	-0.2748
7.23	-0.29528
7.24	-0.30268
7.25	-0.29764
7.26	-0.28359
7.27	-0.26292
7.28	-0.23605
7.29	-0.20553
7.3	-0.17664
7.31	-0.15318
7.32	-0.13377
7.33	-0.11541
7.34	-0.0985
7.35	-0.084959
7.36	-0.075952
7.37	-0.072248
7.38	-0.07245
7.39	-0.073525
7.4	-0.074431
7.41	-0.074345
7.42	-0.071172
7.43	-0.064481
7.44	-0.053628
7.45	-0.035453
7.46	-0.008604
7.47	0.023244
7.48	0.054992
7.49	0.082882
7.5	0.10331
7.51	0.11259
7.52	0.1079
7.53	0.089218
7.54	0.058009
7.55	0.019947
7.56	-0.013439
7.57	-0.035745
7.58	-0.047784
7.59	-0.050134
7.6	-0.04247
7.61	-0.024771
7.62	0.0020143
7.63	0.03569
7.64	0.07387
7.65	0.11267
7.66	0.1479
7.67	0.17901
7.68	0.20586
7.69	0.22549
7.7	0.23844
7.71	0.25033
7.72	0.26402
7.73	0.27692
7.74	0.28489
7.75	0.28779
7.76	0.2893
7.77	0.29275
7.78	0.29908
7.79	0.30765
7.8	0.31705
7.81	0.32337
7.82	0.32361
7.83	0.3192
7.84	0.31245
7.85	0.30337
7.86	0.29014
7.87	0.27258
7.88	0.25183
7.89	0.22904
7.9	0.20781
7.91	0.19113
7.92	0.17937
7.93	0.17232
7.94	0.16794
7.95	0.16193
7.96	0.15231
7.97	0.13911
7.98	0.12202
7.99	0.10285
8	0.081247
8.01	0.055517
8.02	0.027273
8.03	-0.001396
8.04	-0.029175
8.05	-0.0545
8.06	-0.074924
8.07	-0.088658
8.08	-0.096458
8.09	-0.10009
8.1	-0.098758
8.11	-0.090485
8.12	-0.076112
8.13	-0.055992
8.14	-0.02987
8.15	-0.0026677
8.16	0.017839
8.17	0.028989
8.18	0.032364
8.19	0.02901
8.2	0.023597
8.21	0.023235
8.22	0.029508
8.23	0.040522
8.24	0.053556
8.25	0.062991
8.26	0.064314
8.27	0.05403
8.28	0.027664
8.29	-0.013207
8.3	-0.059419
8.31	-0.10211
8.32	-0.13717
8.33	-0.16155
8.34	-0.17292
8.35	-0.17473
8.36	-0.17369
8.37	-0.17492
8.38	-0.18327
8.39	-0.20178
8.4	-0.22815
8.41	-0.25776
8.42	-0.28827
8.43	-0.31942
8.44	-0.35075
8.45	-0.382
8.46	-0.4142
8.47	-0.4464
8.48	-0.47206
8.49	-0.48486
8.5	-0.48344
8.51	-0.46847
8.52	-0.44068
8.53	-0.40215
8.54	-0.35834
8.55	-0.31449
8.56	-0.26982
8.57	-0.22098
8.58	-0.16804
8.59	-0.11041
8.6	-0.044052
8.61	0.031192
8.62	0.10779
8.63	0.17491
8.64	0.22552
8.65	0.25873
8.66	0.27782
8.67	0.2886
8.68	0.29501
8.69	0.29737
8.7	0.29677
8.71	0.29543
8.72	0.29209
8.73	0.28332
8.74	0.26828
8.75	0.24803
8.76	0.22301
8.77	0.19526
8.78	0.16919
8.79	0.14706
8.8	0.12738
8.81	0.10825
8.82	0.089174
8.83	0.070322
8.84	0.052913
8.85	0.038192
8.86	0.026116
8.87	0.016992
8.88	0.012598
8.89	0.015475
8.9	0.02504
8.91	0.03819
8.92	0.054684
8.93	0.076409
8.94	0.10367
8.95	0.13479
8.96	0.16884
8.97	0.20628
8.98	0.24557
8.99	0.28228
9	0.3122
9.01	0.33109
9.02	0.33414
9.03	0.32007
9.04	0.2912
9.05	0.25112
9.06	0.20479
9.07	0.15754
9.08	0.11315
9.09	0.073504
9.1	0.040376
9.11	0.014548
9.12	-0.0067454
9.13	-0.02721
9.14	-0.0486
9.15	-0.070414
9.16	-0.091987
9.17	-0.11423
9.18	-0.13821
9.19	-0.16401
9.2	-0.18861
9.21	-0.20731
9.22	-0.21808
9.23	-0.22249
9.24	-0.22431
9.25	-0.2272
9.26	-0.2347
9.27	-0.24983
9.28	-0.27163
9.29	-0.29578
9.3	-0.31914
9.31	-0.33961
9.32	-0.35543
9.33	-0.36598
9.34	-0.36992
9.35	-0.36582
9.36	-0.35463
9.37	-0.33978
9.38	-0.3247
9.39	-0.31282
9.4	-0.30741
9.41	-0.30681
9.42	-0.30431
9.43	-0.29088
9.44	-0.25821
9.45	-0.20136
9.46	-0.12295
9.47	-0.038719
9.48	0.029403
9.49	0.068812
9.5	0.081646
9.51	0.078143
9.52	0.068058
9.53	0.057629
9.54	0.050304
9.55	0.046923
9.56	0.048569
9.57	0.058186
9.58	0.078166
9.59	0.10772
9.6	0.14164
9.61	0.1754
9.62	0.2077
9.63	0.23581
9.64	0.25573
9.65	0.26596
9.66	0.26826
9.67	0.26584
9.68	0.25994
9.69	0.24982
9.7	0.23577
9.71	0.21898
9.72	0.20076
9.73	0.18256
9.74	0.16494
9.75	0.14735
9.76	0.13054
9.77	0.11606
9.78	0.10287
9.79	0.089891
9.8	0.077908
9.81	0.067072
9.82	0.056685
9.83	0.046426
9.84	0.037293
9.85	0.032255
9.86	0.03219
9.87	0.033863
9.88	0.035439
9.89	0.036396
9.9	0.035592
9.91	0.032548
9.92	0.026951
9.93	0.019786
9.94	0.013735
9.95	0.010729
9.96	0.009787
9.97	0.0092403
9.98	0.010062
9.99	0.013972
10	0.019538
10.01	0.022927
10.02	0.021866
10.03	0.016627
10.04	0.0090114
10.05	0.0014874
10.06	-0.0028136
10.07	-0.0012196
10.08	0.0052061
10.09	0.013177
10.1	0.020872
10.11	0.027917
10.12	0.03486
10.13	0.04295
10.14	0.053795
10.15	0.067164
10.16	0.080229
10.17	0.091417
10.18	0.10007
10.19	0.10461
10.2	0.10511
10.21	0.10254
10.22	0.095669
10.23	0.081795
10.24	0.059694
10.25	0.029746
10.26	-0.0071754
10.27	-0.048592
10.28	-0.090447
10.29	-0.12783
10.3	-0.15496
10.31	-0.16844
10.32	-0.17154
10.33	-0.1714
10.34	-0.17355
10.35	-0.17984
10.36	-0.18772
10.37	-0.19252
10.38	-0.1913
10.39	-0.18502
10.4	-0.1774
10.41	-0.17187
10.42	-0.17088
10.43	-0.17514
10.44	-0.18401
10.45	-0.19726
10.46	-0.2123
10.47	-0.22313
10.48	-0.22515
10.49	-0.21685
10.5	-0.19672
10.51	-0.16545
10.52	-0.12835
10.53	-0.091682
10.54	-0.06055
10.55	-0.036662
10.56	-0.016733
10.57	0.0030859
10.58	0.024273
10.59	0.047548
10.6	0.073864
10.61	0.10263
10.62	0.13076
10.63	0.15386
10.64	0.16787
10.65	0.17227
10.66	0.17051
10.67	0.16461
10.68	0.15229
10.69	0.13013
10.7	0.098161
10.71	0.061148
10.72	0.025004
10.73	-0.0060749
10.74	-0.028571
10.75	-0.040237
10.76	-0.042717
10.77	-0.039694
10.78	-0.032547
10.79	-0.021438
10.8	-0.0086205
10.81	0.0025665
10.82	0.01122
10.83	0.018273
10.84	0.02254
10.85	0.022485
10.86	0.020069
10.87	0.018503
10.88	0.01822
10.89	0.019141
10.9	0.022563
10.91	0.026962
10.92	0.028232
10.93	0.024443
10.94	0.016386
10.95	0.0047539
10.96	-0.0097115
10.97	-0.025205
10.98	-0.038854
10.99	-0.046886
11	-0.0473
11.01	-0.039359
11.02	-0.022394
11.03	0.002287
11.04	0.031301
11.05	0.058945
11.06	0.078876
11.07	0.087434
11.08	0.083506
11.09	0.067956
11.1	0.044238
11.11	0.01724
11.12	-0.0088688
11.13	-0.032134
11.14	-0.051901
11.15	-0.067424
11.16	-0.078849
11.17	-0.085472
11.18	-0.086002
11.19	-0.082445
11.2	-0.076466
11.21	-0.064597
11.22	-0.042758
11.23	-0.013146
11.24	0.017633
11.25	0.044861
11.26	0.065696
11.27	0.076957
11.28	0.078449
11.29	0.075399
11.3	0.072065
11.31	0.067757
11.32	0.06229
11.33	0.05777
11.34	0.055204
11.35	0.055137
11.36	0.059027
11.37	0.068123
11.38	0.080767
11.39	0.092036
11.4	0.098166
11.41	0.098251
11.42	0.092668
11.43	0.082237
11.44	0.068646
11.45	0.053558
11.46	0.037723
11.47	0.024674
11.48	0.017832
11.49	0.016616
11.5	0.020665
11.51	0.029805
11.52	0.042134
11.53	0.05419
11.54	0.063177
11.55	0.069107
11.56	0.073361
11.57	0.076272
11.58	0.076193
11.59	0.072974
11.6	0.068604
11.61	0.06362
11.62	0.057008
11.63	0.047514
11.64	0.034266
11.65	0.016845
11.66	-0.0030591
11.67	-0.021078
11.68	-0.036324
11.69	-0.051761
11.7	-0.067358
11.71	-0.081614
11.72	-0.094504
11.73	-0.10509
11.74	-0.11203
11.75	-0.11576
11.76	-0.11735
11.77	-0.11602
11.78	-0.11022
11.79	-0.10057
11.8	-0.088156
11.81	-0.074038
11.82	-0.060051
11.83	-0.04649
11.84	-0.033061
11.85	-0.021022
11.86	-0.011573
11.87	-0.0045535
11.88	-0.00090399
11.89	-0.0013808
11.9	-0.0037376
11.91	-0.0060449
11.92	-0.007523
11.93	-0.0084425
11.94	-0.010228
11.95	-0.012183
11.96	-0.012654
11.97	-0.012546
11.98	-0.014064
11.99	-0.016007
12	-0.014451
12.01	-0.0087539
12.02	-0.0014164
12.03	0.0062677
12.04	0.014787
12.05	0.024442
12.06	0.034372
12.07	0.042687
12.08	0.046986
12.09	0.046243
12.1	0.04105
12.11	0.031621
12.12	0.019014
12.13	0.0061716
12.14	-0.0032055
12.15	-0.0066134
12.16	-0.004529
12.17	0.0019362
12.18	0.0099625
12.19	0.01474
12.2	0.015416
12.21	0.01355
12.22	0.0076358
12.23	-0.0049664
12.24	-0.024226
12.25	-0.046505
12.26	-0.067058
12.27	-0.083095
12.28	-0.09405
12.29	-0.10079
12.3	-0.10421
12.31	-0.10626
12.32	-0.10879
12.33	-0.11048
12.34	-0.10894
12.35	-0.10438
12.36	-0.097885
12.37	-0.088084
12.38	-0.07216
12.39	-0.049747
12.4	-0.02439
12.41	0.00066208
12.42	0.025257
12.43	0.048753
12.44	0.06708
12.45	0.076556
12.46	0.077624
12.47	0.073106
12.48	0.065293
12.49	0.055157
12.5	0.044252
12.51	0.035218
12.52	0.028288
12.53	0.022509
12.54	0.019104
12.55	0.01945
12.56	0.024417
12.57	0.033332
12.58	0.044053
12.59	0.056684
12.6	0.071484
12.61	0.085767
12.62	0.096147
12.63	0.10111
12.64	0.10127
12.65	0.098342
12.66	0.094735
12.67	0.092663
12.68	0.092325
12.69	0.092729
12.7	0.094062
12.71	0.096811
12.72	0.10106
12.73	0.1065
12.74	0.11135
12.75	0.11417
12.76	0.11473
12.77	0.11324
12.78	0.10952
12.79	0.10281
12.8	0.09237
12.81	0.0778
12.82	0.059383
12.83	0.037586
12.84	0.013961
12.85	-0.0077773
12.86	-0.025809
12.87	-0.0409
12.88	-0.053338
12.89	-0.064587
12.9	-0.076091
12.91	-0.086093
12.92	-0.093424
12.93	-0.09845
12.94	-0.1001
12.95	-0.097529
12.96	-0.091204
12.97	-0.082186
12.98	-0.071965
12.99	-0.061997
13	-0.05353
13.01	-0.046749
13.02	-0.040858
13.03	-0.035731
13.04	-0.031241
13.05	-0.025932
13.06	-0.018713
13.07	-0.010147
13.08	-0.0013839
13.09	0.005976
13.1	0.010543
13.11	0.012065
13.12	0.0095249
13.13	0.0014318
13.14	-0.012614
13.15	-0.032441
13.16	-0.054311
13.17	-0.072285
13.18	-0.085379
13.19	-0.09562
13.2	-0.10329
13.21	-0.1082
13.22	-0.11104
13.23	-0.11382
13.24	-0.11853
13.25	-0.12534
13.26	-0.1336
13.27	-0.14269
13.28	-0.1508
13.29	-0.15491
13.3	-0.1527
13.31	-0.14352
13.32	-0.12899
13.33	-0.11275
13.34	-0.097914
13.35	-0.085228
13.36	-0.074993
13.37	-0.068048
13.38	-0.063855
13.39	-0.061329
13.4	-0.06049
13.41	-0.060514
13.42	-0.059752
13.43	-0.056421
13.44	-0.047159
13.45	-0.030624
13.46	-0.010258
13.47	0.010927
13.48	0.033448
13.49	0.056913
13.5	0.078006
13.51	0.095123
13.52	0.10883
13.53	0.11739
13.54	0.11876
13.55	0.11595
13.56	0.11476
13.57	0.11664
13.58	0.11841
13.59	0.1187
13.6	0.11842
13.61	0.1166
13.62	0.11251
13.63	0.10678
13.64	0.099944
13.65	0.09409
13.66	0.090599
13.67	0.089503
13.68	0.089844
13.69	0.089408
13.7	0.087871
13.71	0.086892
13.72	0.086828
13.73	0.085495
13.74	0.080423
13.75	0.071366
13.76	0.060999
13.77	0.05245
13.78	0.045378
13.79	0.037951
13.8	0.031136
13.81	0.025891
13.82	0.021832
13.83	0.020658
13.84	0.022612
13.85	0.025011
13.86	0.026866
13.87	0.027521
13.88	0.024972
13.89	0.019585
13.9	0.013746
13.91	0.0076041
13.92	0.00079714
13.93	-0.0047713
13.94	-0.0066888
13.95	-0.0042438
13.96	0.0011754
13.97	0.0097889
13.98	0.021769
13.99	0.033546
14	0.043124
14.01	0.050411
14.02	0.053357
14.03	0.051853
14.04	0.04835
14.05	0.042772
14.06	0.036309
14.07	0.033402
14.08	0.033624
14.09	0.032744
14.1	0.030401
14.11	0.026309
14.12	0.016135
14.13	-0.0018856
14.14	-0.026114
14.15	-0.055458
14.16	-0.08732
14.17	-0.1169
14.18	-0.14166
14.19	-0.16309
14.2	-0.18038
14.21	-0.18936
14.22	-0.18933
14.23	-0.18284
14.24	-0.17068
14.25	-0.15309
14.26	-0.13259
14.27	-0.11324
14.28	-0.098143
14.29	-0.088706
14.3	-0.085285
14.31	-0.085967
14.32	-0.088382
14.33	-0.091779
14.34	-0.09584
14.35	-0.098742
14.36	-0.098278
14.37	-0.094269
14.38	-0.086541
14.39	-0.075433
14.4	-0.063181
14.41	-0.052032
14.42	-0.042952
14.43	-0.0342
14.44	-0.023341
14.45	-0.0094127
14.46	0.0085803
14.47	0.03032
14.48	0.052549
14.49	0.070896
14.5	0.083143
14.51	0.09005
14.52	0.093016
14.53	0.093379
14.54	0.089939
14.55	0.081412
14.56	0.07149
14.57	0.062754
14.58	0.05553
14.59	0.050315
14.6	0.046159
14.61	0.043487
14.62	0.043624
14.63	0.045825
14.64	0.047665
14.65	0.04859
14.66	0.04977
14.67	0.050519
14.68	0.048816
14.69	0.043528
14.7	0.037856
14.71	0.036822
14.72	0.040904
14.73	0.048015
14.74	0.056393
14.75	0.064306
14.76	0.071464
14.77	0.077407
14.78	0.080271
14.79	0.079878
14.8	0.077406
14.81	0.072834
14.82	0.06528
14.83	0.05641
14.84	0.048687
14.85	0.043317
14.86	0.042291
14.87	0.045318
14.88	0.050728
14.89	0.058096
14.9	0.065407
14.91	0.069643
14.92	0.069902
14.93	0.067174
14.94	0.062635
14.95	0.05804
14.96	0.055174
14.97	0.053461
14.98	0.051292
14.99	0.048892
15	0.045986
15.01	0.040911
15.02	0.034106
15.03	0.027363
15.04	0.020261
15.05	0.012643
15.06	0.0074081
15.07	0.0056794
15.08	0.0048228
15.09	0.0027542
15.1	0.00056624
15.11	0.00063173
15.12	0.0044244
15.13	0.01167
15.14	0.018828
15.15	0.022297
15.16	0.022084
15.17	0.020132
15.18	0.01534
15.19	0.004448
15.2	-0.0098251
15.21	-0.022449
15.22	-0.032705
15.23	-0.041555
15.24	-0.05069
15.25	-0.061593
15.26	-0.072984
15.27	-0.082122
15.28	-0.08848
15.29	-0.094576
15.3	-0.10326
15.31	-0.11504
15.32	-0.12671
15.33	-0.13533
15.34	-0.14142
15.35	-0.14496
15.36	-0.14571
15.37	-0.14607
15.38	-0.14649
15.39	-0.14412
15.4	-0.13732
15.41	-0.12623
15.42	-0.11242
15.43	-0.098531
15.44	-0.086669
15.45	-0.078623
15.46	-0.075754
15.47	-0.077625
15.48	-0.08276
15.49	-0.089918
15.5	-0.096686
15.51	-0.10111
15.52	-0.10306
15.53	-0.10207
15.54	-0.09633
15.55	-0.085103
15.56	-0.070752
15.57	-0.056796
15.58	-0.045365
15.59	-0.036107
15.6	-0.027719
15.61	-0.020067
15.62	-0.013247
15.63	-0.0065516
15.64	-0.00018614
15.65	0.0044998
15.66	0.008417
15.67	0.014029
15.68	0.020735
15.69	0.027353
15.7	0.0362
15.71	0.049538
15.72	0.065532
15.73	0.080633
15.74	0.093843
15.75	0.10639
15.76	0.11779
15.77	0.12473
15.78	0.12624
15.79	0.12542
15.8	0.12473
15.81	0.12467
15.82	0.12522
15.83	0.12619
15.84	0.1272
15.85	0.12673
15.86	0.12234
15.87	0.11327
15.88	0.10109
15.89	0.087027
15.9	0.071281
15.91	0.056679
15.92	0.046907
15.93	0.040823
15.94	0.035649
15.95	0.031858
15.96	0.029279
15.97	0.025949
15.98	0.022171
15.99	0.019328
16	0.017224
16.01	0.015324
16.02	0.014073
16.03	0.013557
16.04	0.011319
16.05	0.0054997
16.06	-0.0010065
16.07	-0.0057787
16.08	-0.011553
16.09	-0.01965
16.1	-0.026945
16.11	-0.032413
16.12	-0.037871
16.13	-0.043277
16.14	-0.047614
16.15	-0.051619
16.16	-0.05534
16.17	-0.056701
16.18	-0.055416
16.19	-0.054906
16.2	-0.056989
16.21	-0.060448
16.22	-0.065111
16.23	-0.070455
16.24	-0.074324
16.25	-0.07529
16.26	-0.073063
16.27	-0.068165
16.28	-0.061571
16.29	-0.053862
16.3	-0.046524
16.31	-0.040141
16.32	-0.033465
16.33	-0.027984
16.34	-0.02525
16.35	-0.022103
16.36	-0.016715
16.37	-0.012453
16.38	-0.010984
16.39	-0.010254
16.4	-0.0088976
16.41	-0.0072614
16.42	-0.005961
16.43	-0.0048667
16.44	-0.0022977
16.45	0.0022963
16.46	0.007127
16.47	0.011368
16.48	0.014952
16.49	0.018281
16.5	0.022244
16.51	0.026664
16.52	0.030743
16.53	0.034396
16.54	0.037809
16.55	0.041106
16.56	0.046007
16.57	0.053518
16.58	0.060852
16.59	0.066441
16.6	0.071774
16.61	0.077544
16.62	0.082477
16.63	0.084381
16.64	0.08379
16.65	0.083182
16.66	0.083594
16.67	0.084908
16.68	0.086106
16.69	0.08603
16.7	0.084635
16.71	0.082504
16.72	0.079434
16.73	0.07544
16.74	0.07101
16.75	0.065222
16.76	0.057188
16.77	0.049226
16.78	0.043885
16.79	0.039724
16.8	0.035539
16.81	0.032296
16.82	0.030047
16.83	0.028501
16.84	0.027854
16.85	0.028023
16.86	0.028293
16.87	0.028292
16.88	0.027372
16.89	0.023493
16.9	0.016909
16.91	0.010145
16.92	0.0030671
16.93	-0.0056841
16.94	-0.015007
16.95	-0.021955
16.96	-0.025868
16.97	-0.030172
16.98	-0.037246
16.99	-0.046397
17	-0.055463
17.01	-0.061867
17.02	-0.065202
17.03	-0.066127
17.04	-0.064999
17.05	-0.061878
17.06	-0.056288
17.07	-0.049812
17.08	-0.04474
17.09	-0.041839
17.1	-0.042203
17.11	-0.046246
17.12	-0.052734
17.13	-0.059872
17.14	-0.066435
17.15	-0.072828
17.16	-0.077947
17.17	-0.077467
17.18	-0.071319
17.19	-0.064664
17.2	-0.058819
17.21	-0.052027
17.22	-0.043843
17.23	-0.035956
17.24	-0.030695
17.25	-0.026909
17.26	-0.023099
17.27	-0.019187
17.28	-0.015067
17.29	-0.012233
17.3	-0.010551
17.31	-0.0081802
17.32	-0.0058182
17.33	-0.0049488
17.34	-0.0051804
17.35	-0.0048479
17.36	-0.0024084
17.37	0.0013294
17.38	0.0042441
17.39	0.0055743
17.4	0.0051776
17.41	0.0032554
17.42	-0.00053785
17.43	-0.0063376
17.44	-0.012648
17.45	-0.018531
17.46	-0.023584
17.47	-0.026261
17.48	-0.024975
17.49	-0.021073
17.5	-0.017192
17.51	-0.013261
17.52	-0.0078522
17.53	-0.0016094
17.54	0.0024989
17.55	0.0032929
17.56	0.0025308
17.57	0.0014398
17.58	0.00094466
17.59	0.001389
17.6	0.0011988
17.61	0.00037477
17.62	0.00025101
17.63	-0.00012705
17.64	-0.0018145
17.65	-0.0038724
17.66	-0.0058829
17.67	-0.0080047
17.68	-0.010645
17.69	-0.014994
17.7	-0.019722
17.71	-0.022406
17.72	-0.024061
17.73	-0.026633
17.74	-0.030085
17.75	-0.033364
17.76	-0.034734
17.77	-0.033494
17.78	-0.030451
17.79	-0.025788
17.8	-0.020244
17.81	-0.015287
17.82	-0.010677
17.83	-0.0051876
17.84	0.0017334
17.85	0.0094125
17.86	0.016726
17.87	0.023856
17.88	0.030175
17.89	0.033008
17.9	0.031976
17.91	0.029383
17.92	0.025876
17.93	0.02068
17.94	0.01534
17.95	0.01164
17.96	0.0083267
17.97	0.0054988
17.98	0.0049062
17.99	0.0052387
18	0.0040334
18.01	0.0019492
18.02	0.00055152
18.03	-0.00055358
18.04	-0.0023619
18.05	-0.0048043
18.06	-0.0051631
18.07	-0.0017144
18.08	0.0022906
18.09	0.0044869
18.1	0.0074021
18.11	0.012002
18.12	0.015881
18.13	0.018008
18.14	0.019431
18.15	0.020479
18.16	0.020247
18.17	0.0199
18.18	0.020469
18.19	0.020213
18.2	0.017892
18.21	0.013852
18.22	0.010215
18.23	0.0093591
18.24	0.010599
18.25	0.012551
18.26	0.016123
18.27	0.021268
18.28	0.026044
18.29	0.030563
18.3	0.035588
18.31	0.039618
18.32	0.042086
18.33	0.044311
18.34	0.046141
18.35	0.045845
18.36	0.043671
18.37	0.042413
18.38	0.042969
18.39	0.04319
18.4	0.041895
18.41	0.041014
18.42	0.042334
18.43	0.044476
18.44	0.046101
18.45	0.047309
18.46	0.047475
18.47	0.046505
18.48	0.045221
18.49	0.043671
18.5	0.041142
18.51	0.036307
18.52	0.029001
18.53	0.021587
18.54	0.014919
18.55	0.0073413
18.56	-0.0014086
18.57	-0.0097241
18.58	-0.016985
18.59	-0.024922
18.6	-0.034138
18.61	-0.042891
18.62	-0.05037
18.63	-0.056197
18.64	-0.05967
18.65	-0.06093
18.66	-0.059406
18.67	-0.053849
18.68	-0.045475
18.69	-0.036624
18.7	-0.027666
18.71	-0.016911
18.72	-0.0025322
18.73	0.012904
18.74	0.025291
18.75	0.034658
18.76	0.041327
18.77	0.044937
18.78	0.046993
18.79	0.048416
18.8	0.049575
18.81	0.050599
18.82	0.050844
18.83	0.052063
18.84	0.055231
18.85	0.05744
18.86	0.057573
18.87	0.05634
18.88	0.0529
18.89	0.048142
18.9	0.04386
18.91	0.038944
18.92	0.033386
18.93	0.028741
18.94	0.023992
18.95	0.01884
18.96	0.014233
18.97	0.010063
18.98	0.0065231
18.99	0.0024745
19	-0.0041723
19.01	-0.012638
19.02	-0.020755
19.03	-0.028203
19.04	-0.035097
19.05	-0.040522
19.06	-0.042502
19.07	-0.040045
19.08	-0.035853
19.09	-0.033055
19.1	-0.031735
19.11	-0.031097
19.12	-0.031722
19.13	-0.034135
19.14	-0.036384
19.15	-0.03745
19.16	-0.038914
19.17	-0.040312
19.18	-0.040781
19.19	-0.041529
19.2	-0.043237
19.21	-0.04523
19.22	-0.047003
19.23	-0.048891
19.24	-0.050196
19.25	-0.049853
19.26	-0.047631
19.27	-0.043273
19.28	-0.037706
19.29	-0.032561
19.3	-0.02736
19.31	-0.020163
19.32	-0.011602
19.33	-0.0049856
19.34	-0.0021137
19.35	-0.0020016
19.36	-0.003416
19.37	-0.006423
19.38	-0.010505
19.39	-0.014503
19.4	-0.018486
19.41	-0.022418
19.42	-0.024718
19.43	-0.024926
19.44	-0.026
19.45	-0.029273
19.46	-0.032739
19.47	-0.036068
19.48	-0.040417
19.49	-0.045792
19.5	-0.051413
19.51	-0.056422
19.52	-0.060405
19.53	-0.063718
19.54	-0.066097
19.55	-0.066994
19.56	-0.066082
19.57	-0.06318
19.58	-0.059489
19.59	-0.056416
19.6	-0.053889
19.61	-0.051401
19.62	-0.048938
19.63	-0.045187
19.64	-0.038276
19.65	-0.029168
19.66	-0.019795
19.67	-0.0098288
19.68	0.00011377
19.69	0.006861
19.7	0.0096295
19.71	0.010364
19.72	0.010607
19.73	0.010901
19.74	0.011207
19.75	0.012123
19.76	0.014294
19.77	0.01742
19.78	0.020732
19.79	0.023707
19.8	0.026161
19.81	0.027183
19.82	0.025956
19.83	0.022925
19.84	0.019771
19.85	0.018677
19.86	0.020021
19.87	0.022685
19.88	0.027008
19.89	0.033986
19.9	0.042684
19.91	0.050667
19.92	0.055613
19.93	0.057223
19.94	0.056739
19.95	0.054122
19.96	0.048932
19.97	0.042897
19.98	0.038612
19.99	0.037328
20	0.038164
20.01	0.039659
20.02	0.041768
20.03	0.044459
20.04	0.046713
20.05	0.047733
20.06	0.048635
20.07	0.050557
20.08	0.050395
20.09	0.04623
20.1	0.042021
20.11	0.039533
20.12	0.035751
20.13	0.03013
20.14	0.025403
20.15	0.022454
20.16	0.019268
20.17	0.014675
20.18	0.0097165
20.19	0.0039913
20.2	-0.0021225
20.21	-0.0068953
20.22	-0.012672
20.23	-0.020854
20.24	-0.028034
20.25	-0.032126
20.26	-0.03423
20.27	-0.035463
20.28	-0.03565
20.29	-0.034191
20.3	-0.031276
20.31	-0.028789
20.32	-0.028355
20.33	-0.028857
20.34	-0.02893
20.35	-0.029071
20.36	-0.029934
20.37	-0.031678
20.38	-0.03348
20.39	-0.033341
20.4	-0.030449
20.41	-0.026437
20.42	-0.022363
20.43	-0.016669
20.44	-0.0079584
20.45	0.0020889
20.46	0.010066
20.47	0.015822
20.48	0.022542
20.49	0.030569
20.5	0.037044
20.51	0.040926
20.52	0.043479
20.53	0.046109
20.54	0.04823
20.55	0.049696
20.56	0.052082
20.57	0.054518
20.58	0.05511
20.59	0.053706
20.6	0.051225
20.61	0.048689
20.62	0.046523
20.63	0.044267
20.64	0.0409
20.65	0.036867
20.66	0.034095
20.67	0.032245
20.68	0.028135
20.69	0.021033
20.7	0.014363
20.71	0.010123
20.72	0.007279
20.73	0.0053843
20.74	0.0040477
20.75	0.0026702
20.76	0.0019644
20.77	0.001998
20.78	0.0024757
20.79	0.003637
20.8	0.0044005
20.81	0.0044284
20.82	0.0049935
20.83	0.0047841
20.84	0.0023247
20.85	-0.00016399
20.86	-0.0010548
20.87	-0.0013168
20.88	-0.00088467
20.89	0.0011361
20.9	0.0039169
20.91	0.005962
20.92	0.0055317
20.93	0.0015169
20.94	-0.0046457
20.95	-0.011382
20.96	-0.018969
20.97	-0.026622
20.98	-0.031836
20.99	-0.03448
21	-0.036429
21.01	-0.038779
21.02	-0.041708
21.03	-0.044723
21.04	-0.04817
21.05	-0.052004
21.06	-0.054732
21.07	-0.055651
21.08	-0.055519
21.09	-0.055703
21.1	-0.057207
21.11	-0.059094
21.12	-0.060055
21.13	-0.061049
21.14	-0.062467
21.15	-0.063696
21.16	-0.064183
21.17	-0.063011
21.18	-0.061193
21.19	-0.06058
21.2	-0.060504
21.21	-0.058828
21.22	-0.054822
21.23	-0.050771
21.24	-0.048338
21.25	-0.045865
21.26	-0.042412
21.27	-0.038468
21.28	-0.034231
21.29	-0.029025
21.3	-0.023242
21.31	-0.018392
21.32	-0.013853
21.33	-0.0095965
21.34	-0.0067404
21.35	-0.0048277
21.36	-0.003258
21.37	-0.0021871
21.38	-0.0014558
21.39	-0.00089369
21.4	-0.0013382
21.41	-0.0029754
21.42	-0.004416
21.43	-0.0049507
21.44	-0.0055284
21.45	-0.0066643
21.46	-0.007495
21.47	-0.0080722
21.48	-0.0090673
21.49	-0.0096685
21.5	-0.009084
21.51	-0.0076434
21.52	-0.0050814
21.53	-0.0018112
21.54	0.00060336
21.55	0.0024747
21.56	0.0056191
21.57	0.010653
21.58	0.015588
21.59	0.019134
21.6	0.022588
21.61	0.02614
21.62	0.028363
21.63	0.029216
21.64	0.030249
21.65	0.031203
21.66	0.031591
21.67	0.033449
21.68	0.036283
21.69	0.038004
21.7	0.039936
21.71	0.04328
21.72	0.046779
21.73	0.049198
21.74	0.051259
21.75	0.053427
21.76	0.054394
21.77	0.053446
21.78	0.050965
21.79	0.047972
21.8	0.045789
21.81	0.045714
21.82	0.047238
21.83	0.048282
21.84	0.048393
21.85	0.047751
21.86	0.046261
21.87	0.04457
21.88	0.042245
21.89	0.037545
21.9	0.030398
21.91	0.022751
21.92	0.015875
21.93	0.0093759
21.94	0.0038323
21.95	0.00097905
21.96	0.00029148
21.97	-0.00010212
21.98	-0.00023874
21.99	0.00021603
22	0.00056927
22.01	0.00047454
22.02	0.00024641
22.03	-0.00064597
22.04	-0.0033425
22.05	-0.0066493
22.06	-0.008004
22.07	-0.0064541
22.08	-0.0033683
22.09	-0.00051804
22.1	0.0021304
22.11	0.0045513
22.12	0.006114
22.13	0.0063951
22.14	0.0052183
22.15	0.0030348
22.16	0.00099969
22.17	0.00018814
22.18	-0.0011001
22.19	-0.0050284
22.2	-0.0094756
22.21	-0.011242
22.22	-0.010626
22.23	-0.010019
22.24	-0.01064
22.25	-0.011961
22.26	-0.013021
22.27	-0.012401
22.28	-0.0096579
22.29	-0.0064662
22.3	-0.0032743
22.31	0.0011946
22.32	0.0057588
22.33	0.0085899
22.34	0.011132
22.35	0.013701
22.36	0.013832
22.37	0.010893
22.38	0.0063617
22.39	0.0011325
22.4	-0.003863
22.41	-0.0078683
22.42	-0.012028
22.43	-0.016662
22.44	-0.021066
22.45	-0.024865
22.46	-0.026929
22.47	-0.027009
22.48	-0.026107
22.49	-0.024976
22.5	-0.02394
22.51	-0.02337
22.52	-0.024271
22.53	-0.025713
22.54	-0.025297
22.55	-0.023519
22.56	-0.021089
22.57	-0.01743
22.58	-0.013607
22.59	-0.010774
22.6	-0.0084753
22.61	-0.0064705
22.62	-0.0046262
22.63	-0.0022184
22.64	0.0003167
22.65	0.0020204
22.66	0.0031467
22.67	0.0050439
22.68	0.0083439
22.69	0.011508
22.7	0.013168
22.71	0.014096
22.72	0.015227
22.73	0.016352
22.74	0.016556
22.75	0.015135
22.76	0.013483
22.77	0.013175
22.78	0.013824
22.79	0.015235
22.8	0.017704
22.81	0.021052
22.82	0.023944
22.83	0.025397
22.84	0.025944
22.85	0.025659
22.86	0.024628
22.87	0.023827
22.88	0.023551
22.89	0.022911
22.9	0.021164
22.91	0.018638
22.92	0.016147
22.93	0.014518
22.94	0.014017
22.95	0.013408
22.96	0.012741
22.97	0.013219
22.98	0.014499
22.99	0.016002
23	0.017106
23.01	0.017773
23.02	0.018276
23.03	0.018065
23.04	0.01678
23.05	0.014023
23.06	0.011119
23.07	0.010525
23.08	0.011394
23.09	0.011506
23.1	0.010741
23.11	0.0098211
23.12	0.0082788
23.13	0.0057044
23.14	0.0030163
23.15	0.00024578
23.16	-0.0033469
23.17	-0.0069345
23.18	-0.0099023
23.19	-0.012859
23.2	-0.015217
23.21	-0.016613
23.22	-0.01812
23.23	-0.020015
23.24	-0.020633
23.25	-0.019426
23.26	-0.019329
23.27	-0.021527
23.28	-0.023161
23.29	-0.022435
23.3	-0.021061
23.31	-0.021327
23.32	-0.023058
23.33	-0.024337
23.34	-0.025228
23.35	-0.026876
23.36	-0.028317
23.37	-0.02923
23.38	-0.030354
23.39	-0.031254
23.4	-0.030917
23.41	-0.029079
23.42	-0.026529
23.43	-0.023185
23.44	-0.017981
23.45	-0.011167
23.46	-0.0050162
23.47	-0.0010493
23.48	0.0012038
23.49	0.0016962
23.5	0.00093228
23.51	-0.00022455
23.52	-0.0025164
23.53	-0.0058024
23.54	-0.0091984
23.55	-0.013275
23.56	-0.018206
23.57	-0.022662
23.58	-0.025936
23.59	-0.029174
23.6	-0.032578
23.61	-0.033874
23.62	-0.032862
23.63	-0.031525
23.64	-0.030077
23.65	-0.028875
23.66	-0.02929
23.67	-0.030574
23.68	-0.031612
23.69	-0.033703
23.7	-0.037403
23.71	-0.040421
23.72	-0.039923
23.73	-0.036099
23.74	-0.030885
23.75	-0.024534
23.76	-0.017452
23.77	-0.010421
23.78	-0.0036092
23.79	0.0017096
23.8	0.0039853
23.81	0.0036088
23.82	0.002711
23.83	0.0028495
23.84	0.003555
23.85	0.0040603
23.86	0.0058618
23.87	0.0099598
23.88	0.01335
23.89	0.013869
23.9	0.013086
23.91	0.013068
23.92	0.01521
23.93	0.01854
23.94	0.020256
23.95	0.020966
23.96	0.023349
23.97	0.027496
23.98	0.0318
23.99	0.035366
24	0.039232
24.01	0.044067
24.02	0.048493
24.03	0.052165
24.04	0.055278
24.05	0.056432
24.06	0.056505
24.07	0.057683
24.08	0.058326
24.09	0.056643
24.1	0.054032
24.11	0.051635
24.12	0.049184
24.13	0.046762
24.14	0.044913
24.15	0.043678
24.16	0.042278
24.17	0.041771
24.18	0.042242
24.19	0.040157
24.2	0.035733
24.21	0.031442
24.22	0.027068
24.23	0.023307
24.24	0.020388
24.25	0.016435
24.26	0.011184
24.27	0.0060123
24.28	0.0015098
24.29	-0.0028621
24.3	-0.0069688
24.31	-0.010554
24.32	-0.013489
24.33	-0.014751
24.34	-0.015194
24.35	-0.017336
24.36	-0.020578
24.37	-0.021989
24.38	-0.021316
24.39	-0.020422
24.4	-0.020068
24.41	-0.020027
24.42	-0.019542
24.43	-0.017155
24.44	-0.012958
24.45	-0.0086454
24.46	-0.0047857
24.47	-0.0012722
24.48	0.0015386
24.49	0.002978
24.5	0.0019752
24.51	-0.0012289
24.52	-0.004292
24.53	-0.0058638
24.54	-0.0064229
24.55	-0.0066234
24.56	-0.0066901
24.57	-0.0071133
24.58	-0.0088051
24.59	-0.011434
24.6	-0.014202
24.61	-0.017136
24.62	-0.019845
24.63	-0.021272
24.64	-0.020543
24.65	-0.017723
24.66	-0.01469
24.67	-0.013204
24.68	-0.012549
24.69	-0.011897
24.7	-0.012809
24.71	-0.014723
24.72	-0.014167
24.73	-0.011959
24.74	-0.0114
24.75	-0.011887
24.76	-0.011049
24.77	-0.0095587
24.78	-0.0091147
24.79	-0.0093671
24.8	-0.0092823
24.81	-0.0096031
24.82	-0.011807
24.83	-0.0133
24.84	-0.012117
24.85	-0.011671
24.86	-0.01317
24.87	-0.014317
24.88	-0.013919
24.89	-0.01257
24.9	-0.012443
24.91	-0.013741
24.92	-0.014063
24.93	-0.013451
24.94	-0.013425
24.95	-0.013632
24.96	-0.0133
24.97	-0.013241
24.98	-0.014461
24.99	-0.015774
25	-0.015524
25.01	-0.014182
25.02	-0.012921
25.03	-0.011532
25.04	-0.010036
25.05	-0.009252
25.06	-0.0090001
25.07	-0.0082744
25.08	-0.0073414
25.09	-0.0073534
25.1	-0.0077411
25.11	-0.0075336
25.12	-0.006907
25.13	-0.0059987
25.14	-0.0050207
25.15	-0.0044123
25.16	-0.0033241
25.17	-0.0006631
25.18	0.0018805
25.19	0.0018924
25.2	-0.00063757
25.21	-0.003217
25.22	-0.0033219
25.23	-0.0021897
25.24	-0.0018071
25.25	-0.0022907
25.26	-0.0027508
25.27	-0.0010258
25.28	0.0021116
25.29	0.0045533
25.3	0.0077813
25.31	0.012391
25.32	0.016131
25.33	0.018133
25.34	0.019753
25.35	0.021358
25.36	0.022314
25.37	0.022185
25.38	0.021068
25.39	0.020402
25.4	0.020166
25.41	0.01907
25.42	0.017964
25.43	0.017706
25.44	0.016666
25.45	0.013471
25.46	0.0098549
25.47	0.0082779
25.48	0.0081129
25.49	0.0073828
25.5	0.0051404
25.51	0.002197
25.52	0.0003966
25.53	-0.00051186
25.54	-0.0027892
25.55	-0.0069639
25.56	-0.0099515
25.57	-0.0099273
25.58	-0.0088895
25.59	-0.008551
25.6	-0.0086531
25.61	-0.0078663
25.62	-0.0051486
25.63	-0.0026271
25.64	-0.0035864
25.65	-0.0064238
25.66	-0.007274
25.67	-0.0058275
25.68	-0.004477
25.69	-0.0057113
25.7	-0.0094623
25.71	-0.012406
25.72	-0.012376
25.73	-0.010629
25.74	-0.0086934
25.75	-0.0061855
25.76	-0.0032953
25.77	-0.0012584
25.78	0.00037838
25.79	0.0020006
25.8	0.0021891
25.81	0.00031928
25.82	-0.001629
25.83	-0.0024333
25.84	-0.0037249
25.85	-0.0059961
25.86	-0.0072593
25.87	-0.0064207
25.88	-0.0041786
25.89	-0.0015899
25.9	0.00030432
25.91	0.0014486
25.92	0.0023373
25.93	0.0034276
25.94	0.0042553
25.95	0.0028233
25.96	-9.6259e-05
25.97	-0.0018335
25.98	-0.0030721
25.99	-0.0052614
26	-0.0073355
26.01	-0.0076322
26.02	-0.0062622
26.03	-0.0042635
26.04	-0.0029262
26.05	-0.003806
26.06	-0.0041585
26.07	-0.0011675
26.08	0.001736
26.09	0.0019688
26.1	0.0012427
26.11	0.0011975
26.12	0.001186
26.13	0.00060887
26.14	0.00063652
26.15	0.0013417
26.16	0.0015782
26.17	0.0027468
26.18	0.0057936
26.19	0.0064985
26.2	0.003203
26.21	0.0004679
26.22	-0.00036031
26.23	-0.0023224
26.24	-0.0054606
26.25	-0.0070194
26.26	-0.0065967
26.27	-0.0059146
26.28	-0.0054102
26.29	-0.0045979
26.3	-0.0031263
26.31	-0.00083779
26.32	0.0012003
26.33	0.0022095
26.34	0.0025682
26.35	0.0024237
26.36	0.0018623
26.37	0.0017049
26.38	0.0022838
26.39	0.003009
26.4	0.0034927
26.41	0.0041493
26.42	0.0051978
26.43	0.0048997
26.44	0.0029822
26.45	0.0016536
26.46	0.00018326
26.47	-0.0029408
26.48	-0.0059246
26.49	-0.0077468
26.5	-0.0092534
26.51	-0.010164
26.52	-0.0094048
26.53	-0.0073979
26.54	-0.0052499
26.55	-0.0023744
26.56	0.0017839
26.57	0.0063382
26.58	0.010212
26.59	0.012823
26.6	0.014777
26.61	0.016768
26.62	0.017658
26.63	0.016497
26.64	0.01523
26.65	0.016018
26.66	0.017745
26.67	0.018615
26.68	0.017784
26.69	0.015197
26.7	0.01351
26.71	0.013539
26.72	0.012139
26.73	0.0086943
26.74	0.0059322
26.75	0.0052585
26.76	0.0047165
26.77	0.0029504
26.78	0.0020185
26.79	0.0030926
26.8	0.0045517
26.81	0.0048754
26.82	0.0044048
26.83	0.004224
26.84	0.0035653
26.85	0.00086569
26.86	-0.0028093
26.87	-0.0054296
26.88	-0.0074949
26.89	-0.0099147
26.9	-0.011258
26.91	-0.010813
26.92	-0.0099259
26.93	-0.0094478
26.94	-0.0091594
26.95	-0.0088061
26.96	-0.0084044
26.97	-0.0068374
26.98	-0.0038513
26.99	-0.0014183
27	-4.6567e-05
27.01	0.0007421
27.02	0.00089953
27.03	0.00098215
27.04	0.0013245
27.05	0.0021937
27.06	0.0057501
27.07	0.012034
27.08	0.016274
27.09	0.016207
27.1	0.014638
27.11	0.014286
27.12	0.014746
27.13	0.014308
27.14	0.012072
27.15	0.0079043
27.16	0.0042814
27.17	0.0027977
27.18	0.00077935
27.19	-0.0031876
27.2	-0.0072745
27.21	-0.009462
27.22	-0.0098442
27.23	-0.010059
27.24	-0.010174
27.25	-0.010077
27.26	-0.011843
27.27	-0.015306
27.28	-0.017199
27.29	-0.017436
27.3	-0.018719
27.31	-0.02056
27.32	-0.020464
27.33	-0.018309
27.34	-0.015866
27.35	-0.015362
27.36	-0.016594
27.37	-0.016942
27.38	-0.015659
27.39	-0.01497
27.4	-0.017086
27.41	-0.020008
27.42	-0.020336
27.43	-0.018661
27.44	-0.017238
27.45	-0.016419
27.46	-0.015511
27.47	-0.014294
27.48	-0.013147
27.49	-0.012368
27.5	-0.010831
27.51	-0.0074204
27.52	-0.0037049
27.53	-0.0015651
27.54	-0.00090772
27.55	-0.00082935
27.56	0.00036386
27.57	0.0039146
27.58	0.0075722
27.59	0.0086579
27.6	0.008683
27.61	0.0096598
27.62	0.011556
27.63	0.014007
27.64	0.016287
27.65	0.018638
27.66	0.021111
27.67	0.023552
27.68	0.02604
27.69	0.026913
27.7	0.026333
27.71	0.026085
27.72	0.025968
27.73	0.025395
27.74	0.023476
27.75	0.019458
27.76	0.015697
27.77	0.014122
27.78	0.013629
27.79	0.013531
27.8	0.01359
27.81	0.014525
27.82	0.017349
27.83	0.021101
27.84	0.024391
27.85	0.026826
27.86	0.029365
27.87	0.03151
27.88	0.032275
27.89	0.033365
27.9	0.035014
27.91	0.035127
27.92	0.03332
27.93	0.030562
27.94	0.026899
27.95	0.023064
27.96	0.021912
27.97	0.024117
27.98	0.026166
27.99	0.025518
28	0.023518
28.01	0.022021
28.02	0.02103
28.03	0.020097
28.04	0.017824
28.05	0.013138
28.06	0.0088111
28.07	0.0073008
28.08	0.0073235
28.09	0.0062422
28.1	0.0024234
28.11	-0.0018283
28.12	-0.0037944
28.13	-0.0058802
28.14	-0.0096414
28.15	-0.012004
28.16	-0.011911
28.17	-0.011371
28.18	-0.011714
28.19	-0.012573
28.2	-0.012553
28.21	-0.011684
28.22	-0.011177
28.23	-0.010861
28.24	-0.0090606
28.25	-0.0059131
28.26	-0.0032632
28.27	-0.00062157
28.28	0.001817
28.29	0.0024731
28.3	0.0014544
28.31	-0.0013474
28.32	-0.0052355
28.33	-0.0076314
28.34	-0.008692
28.35	-0.011251
28.36	-0.013901
28.37	-0.013295
28.38	-0.010924
28.39	-0.0091397
28.4	-0.0076861
28.41	-0.0067736
28.42	-0.0068477
28.43	-0.0072441
28.44	-0.0074161
28.45	-0.0074667
28.46	-0.0078346
28.47	-0.0094361
28.48	-0.012608
28.49	-0.015376
28.5	-0.015909
28.51	-0.015219
28.52	-0.014962
28.53	-0.014611
28.54	-0.012723
28.55	-0.0097081
28.56	-0.0074506
28.57	-0.0066511
28.58	-0.0059584
28.59	-0.0053362
28.6	-0.0063547
28.61	-0.0093779
28.62	-0.013404
28.63	-0.017296
28.64	-0.020773
28.65	-0.024145
28.66	-0.027232
28.67	-0.02836
28.68	-0.027619
28.69	-0.028466
28.7	-0.031316
28.71	-0.032899
28.72	-0.033721
28.73	-0.035625
28.74	-0.036584
28.75	-0.03543
28.76	-0.033673
28.77	-0.032252
28.78	-0.031001
28.79	-0.029724
28.8	-0.028506
28.81	-0.026968
28.82	-0.025149
28.83	-0.023793
28.84	-0.022585
28.85	-0.021314
28.86	-0.020344
28.87	-0.019638
28.88	-0.018106
28.89	-0.014501
28.9	-0.010326
28.91	-0.0075482
28.92	-0.0049808
28.93	-0.0017805
28.94	0.00022116
28.95	0.00045213
28.96	0.00024806
28.97	0.00052809
28.98	0.0025849
28.99	0.0064925
29	0.00906
29.01	0.010134
29.02	0.012929
29.03	0.016027
29.04	0.016513
29.05	0.015687
29.06	0.016276
29.07	0.018953
29.08	0.02159
29.09	0.021977
29.1	0.020817
29.11	0.019808
29.12	0.019602
29.13	0.019912
29.14	0.020312
29.15	0.021478
29.16	0.024104
29.17	0.026566
29.18	0.025833
29.19	0.022639
29.2	0.020232
29.21	0.017714
29.22	0.013822
29.23	0.010685
29.24	0.0084502
29.25	0.0058492
29.26	0.0035519
29.27	0.0024124
29.28	0.0022307
29.29	0.0014399
29.3	-0.0013794
29.31	-0.0045975
29.32	-0.0057156
29.33	-0.0064742
29.34	-0.0093711
29.35	-0.012262
29.36	-0.013199
29.37	-0.013375
29.38	-0.014549
29.39	-0.016505
29.4	-0.016893
29.41	-0.015335
29.42	-0.013599
29.43	-0.011811
29.44	-0.0088832
29.45	-0.0060985
29.46	-0.0051263
29.47	-0.0054776
29.48	-0.0060185
29.49	-0.0058887
29.5	-0.0053315
29.51	-0.0051425
29.52	-0.005298
29.53	-0.004709
29.54	-0.0046067
29.55	-0.0069834
29.56	-0.008517
29.57	-0.0071266
29.58	-0.0052154
29.59	-0.0031404
29.6	-0.0010133
29.61	-0.00014094
29.62	-0.00020359
29.63	-0.00020088
29.64	2.202e-05
29.65	0.00093365
29.66	0.0036349
29.67	0.0071067
29.68	0.008739
29.69	0.0077918
29.7	0.0059005
29.71	0.0040636
29.72	0.0018434
29.73	0.00031399
29.74	0.00035318
29.75	0.00086142
29.76	0.0010454
29.77	0.0010624
29.78	0.0011508
29.79	0.001279
29.8	0.0014117
29.81	0.0013431
29.82	0.0022176
29.83	0.0055668
29.84	0.0089954
29.85	0.0098454
29.86	0.0095737
29.87	0.010383
29.88	0.01272
29.89	0.015096
29.9	0.015717
29.91	0.014938
29.92	0.014148
29.93	0.013704
29.94	0.013313
29.95	0.012947
29.96	0.011686
29.97	0.0088023
29.98	0.0057799
29.99	0.0039444
30	0.0031744
30.01	0.0034525
30.02	0.0058981
30.03	0.0095665
30.04	0.01093
30.05	0.010373
30.06	0.011927
30.07	0.015213
30.08	0.017152
30.09	0.018739
30.1	0.02037
30.11	0.019798
30.12	0.018198
30.13	0.018051
30.14	0.018535
30.15	0.018026
30.16	0.017042
30.17	0.018392
30.18	0.021707
30.19	0.022932
30.2	0.021557
30.21	0.019918
30.22	0.018562
30.23	0.015841
30.24	0.012053
30.25	0.0097956
30.26	0.0095374
30.27	0.0088991
30.28	0.005905
30.29	0.0019719
30.3	-0.00023354
30.31	-5.2101e-05
30.32	0.0017331
30.33	0.0042528
30.34	0.0060881
30.35	0.0061863
30.36	0.0053545
30.37	0.0047476
30.38	0.0043941
30.39	0.0040119
30.4	0.0039877
30.41	0.0040589
30.42	0.003304
30.43	0.0022246
30.44	0.0017322
30.45	0.0014711
30.46	0.00011986
30.47	-0.0031132
30.48	-0.0065236
30.49	-0.0078236
30.5	-0.007559
30.51	-0.0073137
30.52	-0.0074513
30.53	-0.0087113
30.54	-0.011761
30.55	-0.014981
30.56	-0.016072
30.57	-0.015084
30.58	-0.014127
30.59	-0.013984
30.6	-0.01232
30.61	-0.0082749
30.62	-0.0052796
30.63	-0.0051503
30.64	-0.0059738
30.65	-0.0061122
30.66	-0.0061781
30.67	-0.0079738
30.68	-0.011241
30.69	-0.014257
30.7	-0.016985
30.71	-0.019271
30.72	-0.019733
30.73	-0.018799
30.74	-0.019037
30.75	-0.021139
30.76	-0.022943
30.77	-0.02327
30.78	-0.023029
30.79	-0.022888
30.8	-0.022948
30.81	-0.023398
30.82	-0.022853
30.83	-0.020195
30.84	-0.017391
30.85	-0.016213
30.86	-0.015941
30.87	-0.015413
30.88	-0.01462
30.89	-0.013728
30.9	-0.012274
30.91	-0.0099063
30.92	-0.0069643
30.93	-0.00457
30.94	-0.003479
30.95	-0.0032743
30.96	-0.0032306
30.97	-0.0028818
30.98	-0.0021685
30.99	-0.0010715
31	0.00087015
31.01	0.0032809
31.02	0.004672
31.03	0.0041366
31.04	0.0016883
31.05	-0.001408
31.06	-0.0028699
31.07	-0.0031674
31.08	-0.0050507
31.09	-0.0076733
31.1	-0.0085172
31.11	-0.0087744
31.12	-0.010089
31.13	-0.011156
31.14	-0.010384
31.15	-0.0086775
31.16	-0.0078007
31.17	-0.0067608
31.18	-0.0045186
31.19	-0.0027796
31.2	-0.0024475
31.21	-0.0025191
31.22	-0.0023155
31.23	-0.0017753
31.24	-8.2459e-05
31.25	0.0032324
31.26	0.0061519
31.27	0.0066474
31.28	0.0064655
31.29	0.0088472
31.3	0.01268
31.31	0.014237
31.32	0.013432
31.33	0.012579
31.34	0.012406
31.35	0.012236
31.36	0.011945
31.37	0.012673
31.38	0.014121
31.39	0.013695
31.4	0.011262
31.41	0.0094703
31.42	0.0092844
31.43	0.010969
31.44	0.014257
31.45	0.016374
31.46	0.015971
31.47	0.014738
31.48	0.014667
31.49	0.016777
31.5	0.019682
31.51	0.020424
31.52	0.018766
31.53	0.017567
31.54	0.017442
31.55	0.016714
31.56	0.015791
31.57	0.015622
31.58	0.015158
31.59	0.013767
31.6	0.012823
31.61	0.012863
31.62	0.012764
31.63	0.01211
31.64	0.011276
31.65	0.010936
31.66	0.01259
31.67	0.015704
31.68	0.01708
31.69	0.016043
31.7	0.014683
31.71	0.013964
31.72	0.013533
31.73	0.012581
31.74	0.010325
31.75	0.0069748
31.76	0.0038005
31.77	0.0021959
31.78	0.0019662
31.79	0.0018369
31.8	0.0013752
31.81	0.00082312
31.82	0.00046336
31.83	-0.00018617
31.84	-0.0018525
31.85	-0.0032864
31.86	-0.0040809
31.87	-0.0060776
31.88	-0.0084773
31.89	-0.0091973
31.9	-0.0098344
31.91	-0.012454
31.92	-0.01535
31.93	-0.016457
31.94	-0.016117
31.95	-0.015594
31.96	-0.015461
31.97	-0.015421
31.98	-0.015267
31.99	-0.015031
32	-0.014762
32.01	-0.014557
32.02	-0.014365
32.03	-0.013971
32.04	-0.014085
32.05	-0.015731
32.06	-0.016848
32.07	-0.015702
32.08	-0.014943
32.09	-0.016396
32.1	-0.018429
32.11	-0.018975
32.12	-0.018226
32.13	-0.017112
32.14	-0.014679
32.15	-0.010896
32.16	-0.0081769
32.17	-0.0075765
32.18	-0.0077185
32.19	-0.0084116
32.2	-0.010745
32.21	-0.013412
32.22	-0.014061
32.23	-0.012927
32.24	-0.012982
32.25	-0.015992
32.26	-0.018868
32.27	-0.018771
32.28	-0.017224
32.29	-0.016217
32.3	-0.015746
32.31	-0.015118
32.32	-0.014194
32.33	-0.013613
32.34	-0.014328
32.35	-0.01647
32.36	-0.017717
32.37	-0.015173
32.38	-0.010708
32.39	-0.0085059
32.4	-0.0076257
32.41	-0.004865
32.42	-0.0013072
32.43	0.00042201
32.44	0.00041105
32.45	-0.00047499
32.46	-0.0015684
32.47	-0.0023013
32.48	-0.0034586
32.49	-0.0048701
32.5	-0.0045939
32.51	-0.0022511
32.52	-0.00042124
32.53	-0.000305
32.54	-0.00072272
32.55	-0.0017913
32.56	-0.0024287
32.57	-0.0005373
32.58	0.0026505
32.59	0.0043662
32.6	0.0043143
32.61	0.0039951
32.62	0.0040697
32.63	0.0043108
32.64	0.0048941
32.65	0.0059753
32.66	0.0071138
32.67	0.0078792
32.68	0.0072676
32.69	0.0052866
32.7	0.0040421
32.71	0.004196
32.72	0.0045009
32.73	0.0044146
32.74	0.0042816
32.75	0.0041931
32.76	0.0045564
32.77	0.0063208
32.78	0.0085662
32.79	0.0092085
32.8	0.0090747
32.81	0.01007
32.82	0.011164
32.83	0.011013
32.84	0.01031
32.85	0.0098913
32.86	0.0096555
32.87	0.0092825
32.88	0.0091521
32.89	0.0095478
32.9	0.0097359
32.91	0.010377
32.92	0.012809
32.93	0.015218
32.94	0.015481
32.95	0.014377
32.96	0.014213
32.97	0.017632
32.98	0.022743
32.99	0.023752
33	0.021977
33.01	0.02281
33.02	0.024982
33.03	0.025137
33.04	0.023322
33.05	0.020924
33.06	0.01982
33.07	0.020357
33.08	0.020699
33.09	0.018869
33.1	0.014487
33.11	0.01052
33.12	0.0093459
33.13	0.0094552
33.14	0.0090945
33.15	0.008388
33.16	0.0078679
33.17	0.0079189
33.18	0.0082189
33.19	0.0076512
33.2	0.0065192
33.21	0.0060913
33.22	0.0055113
33.23	0.0029983
33.24	-0.0004062
33.25	-0.0024511
33.26	-0.0026551
33.27	-0.0030015
33.28	-0.0058731
33.29	-0.0094517
33.3	-0.010601
33.31	-0.011374
33.32	-0.014315
33.33	-0.0168
33.34	-0.01662
33.35	-0.015363
33.36	-0.014654
33.37	-0.014499
33.38	-0.013904
33.39	-0.011573
33.4	-0.0079735
33.41	-0.0054364
33.42	-0.0046029
33.43	-0.0031026
33.44	0.00027315
33.45	0.0032248
33.46	0.004082
33.47	0.0039481
33.48	0.0050028
33.49	0.007454
33.5	0.0090276
33.51	0.0093399
33.52	0.0094972
33.53	0.0081877
33.54	0.0042755
33.55	0.00064567
33.56	-0.00015702
33.57	0.0004359
33.58	0.00057098
33.59	0.00021827
33.6	-2.6358e-05
33.61	-3.2464e-05
33.62	-1.5528e-05
33.63	-9.7794e-05
33.64	-0.00020912
33.65	-0.00027378
33.66	-0.000322
33.67	-0.00026408
33.68	-0.00034513
33.69	-0.0018958
33.7	-0.0044316
33.71	-0.0052915
33.72	-0.0039778
33.73	-0.0021989
33.74	-0.0011848
33.75	-0.00066131
33.76	-0.00029285
33.77	-0.00023211
33.78	-0.00042815
33.79	-0.00040699
33.8	0.00068606
33.81	0.0030641
33.82	0.0056908
33.83	0.0069944
33.84	0.006759
33.85	0.0060732
33.86	0.0055831
33.87	0.0052561
33.88	0.0049374
33.89	0.0045979
33.9	0.0042685
33.91	0.0039657
33.92	0.00373
33.93	0.0035336
33.94	0.0025552
33.95	0.0003721
33.96	-0.0012387
33.97	-0.0017169
33.98	-0.0028943
33.99	-0.0046842
34	-0.00548
34.01	-0.0052795
34.02	-0.0050539
34.03	-0.0055448
34.04	-0.0076686
34.05	-0.010759
34.06	-0.011976
34.07	-0.01124
34.08	-0.010914
34.09	-0.011103
34.1	-0.010871
34.11	-0.01035
34.12	-0.0099506
34.13	-0.0096784
34.14	-0.0094187
34.15	-0.0093066
34.16	-0.0086469
34.17	-0.006715
34.18	-0.0055982
34.19	-0.0067868
34.2	-0.0080492
34.21	-0.0078405
34.22	-0.0071241
34.23	-0.0067899
34.24	-0.0066871
34.25	-0.0064807
34.26	-0.0061836
34.27	-0.0059147
34.28	-0.0057041
34.29	-0.0054919
34.3	-0.0052578
34.31	-0.0050327
34.32	-0.0047993
34.33	-0.0045697
34.34	-0.0043517
34.35	-0.0041304
34.36	-0.003917
34.37	-0.0036181
34.38	-0.0038841
34.39	-0.0054694
34.4	-0.0073569
34.41	-0.0079587
34.42	-0.0067659
34.43	-0.0043966
34.44	-0.0021885
34.45	-0.0012702
34.46	-0.0013399
34.47	-0.0014668
34.48	-0.00067189
34.49	0.0016131
34.5	0.0038155
34.51	0.0048855
34.52	0.0057791
34.53	0.0065302
34.54	0.0052077
34.55	0.0011004
34.56	-0.00095561
34.57	0.0023111
34.58	0.005733
34.59	0.0056587
34.6	0.0049783
34.61	0.0050082
34.62	0.0042599
34.63	0.0032397
34.64	0.0033336
34.65	0.0042802
34.66	0.0049546
34.67	0.0048983
34.68	0.0045681
34.69	0.0043993
34.7	0.0043336
34.71	0.0042156
34.72	0.0040747
34.73	0.0039202
34.74	0.0037234
34.75	0.0035031
34.76	0.0029297
34.77	0.0012934
34.78	-0.0013292
34.79	-0.0035647
34.8	-0.0042929
34.81	-0.0039578
34.82	-0.0035841
34.83	-0.0035716
34.84	-0.0033199
34.85	-0.0013879
34.86	0.0021048
34.87	0.0046014
34.88	0.0048211
34.89	0.0041715
34.9	0.0039305
34.91	0.0039893
34.92	0.0039132
34.93	0.0036975
34.94	0.003525
34.95	0.0033387
34.96	0.0031455
34.97	0.0039623
34.98	0.0067615
34.99	0.0098281
35	0.010712
35.01	0.0098917
35.02	0.0091762
35.03	0.0088643
35.04	0.0070848
35.05	0.0029545
35.06	4.3306e-06
35.07	0.0011853
35.08	0.0044093
35.09	0.0060492
35.1	0.0054941
35.11	0.0051468
35.12	0.0059206
35.13	0.0067662
35.14	0.0069483
35.15	0.0060388
35.16	0.0051857
35.17	0.0054909
35.18	0.0057178
35.19	0.0041898
35.2	0.00044892
35.21	-0.0033561
35.22	-0.0045634
35.23	-0.0039033
35.24	-0.0038072
35.25	-0.005032
35.26	-0.0068351
35.27	-0.0088058
35.28	-0.010419
35.29	-0.010827
35.3	-0.010341
35.31	-0.0098708
35.32	-0.0096206
35.33	-0.0093493
35.34	-0.0090962
35.35	-0.0087599
35.36	-0.007144
35.37	-0.003734
35.38	-0.00069237
35.39	8.2618e-05
35.4	-0.0004231
35.41	-0.00066712
35.42	-0.00052455
35.43	-0.00045083
35.44	-0.0005275
35.45	-0.00059957
35.46	-0.00060758
35.47	-0.00059798
35.48	-0.00063255
35.49	-0.00054977
35.5	-0.0011183
35.51	-0.003134
35.52	-0.0053549
35.53	-0.0061945
35.54	-0.0059369
35.55	-0.0064078
35.56	-0.0075252
35.57	-0.0077547
35.58	-0.0072136
35.59	-0.0068076
35.6	-0.0066431
35.61	-0.0059312
35.62	-0.0040302
35.63	-0.0013113
35.64	0.00088849
35.65	0.001552
35.66	0.0012095
35.67	0.00093544
35.68	0.00097183
35.69	0.00096381
35.7	0.00077347
35.71	0.00064115
35.72	0.00060764
35.73	0.00045565
35.74	0.00022864
35.75	0.00012141
35.76	7.8975e-05
35.77	1.9045e-05
35.78	-0.00016936
35.79	-0.0014762
35.8	-0.0045319
35.81	-0.0074755
35.82	-0.0083189
35.83	-0.0077587
35.84	-0.0075855
35.85	-0.0081869
35.86	-0.0088337
35.87	-0.0086203
35.88	-0.0071622
35.89	-0.0058206
35.9	-0.005596
35.91	-0.0056682
35.92	-0.0054436
35.93	-0.0051454
35.94	-0.0049216
35.95	-0.0046109
35.96	-0.0038517
35.97	-0.0030864
35.98	-0.0032129
35.99	-0.0035974
36	-0.0034232
36.01	-0.0029213
36.02	-0.002259
36.03	-0.00073229
36.04	0.0015239
36.05	0.0033552
36.06	0.0046483
36.07	0.0055212
36.08	0.005795
36.09	0.005745
36.1	0.0056525
36.11	0.0056173
36.12	0.0056619
36.13	0.0057092
36.14	0.005648
36.15	0.0054799
36.16	0.005348
36.17	0.0057388
36.18	0.0065274
36.19	0.0063435
36.2	0.0049985
36.21	0.0040514
36.22	0.0039452
36.23	0.0034179
36.24	0.0017195
36.25	-0.00094351
36.26	-0.0029779
36.27	-0.0022633
36.28	2.5375e-05
36.29	0.0018938
36.3	0.0034472
36.31	0.0043565
36.32	0.0043065
36.33	0.0039855
36.34	0.0037063
36.35	0.0037099
36.36	0.0051765
36.37	0.0081553
36.38	0.01043
36.39	0.010594
36.4	0.0099086
36.41	0.010417
36.42	0.012573
36.43	0.015038
36.44	0.01582
36.45	0.014217
36.46	0.012534
36.47	0.012781
36.48	0.013537
36.49	0.013041
36.5	0.011303
36.51	0.0097885
36.52	0.0097625
36.53	0.010029
36.54	0.0082058
36.55	0.0043664
36.56	0.0014964
36.57	0.0010411
36.58	0.0014588
36.59	0.0013392
36.6	0.00060459
36.61	-0.00026672
36.62	-0.0015664
36.63	-0.00387
36.64	-0.0060602
36.65	-0.0068386
36.66	-0.0065726
36.67	-0.006045
36.68	-0.0062308
36.69	-0.0082213
36.7	-0.011015
36.71	-0.012421
36.72	-0.012092
36.73	-0.011296
36.74	-0.010839
36.75	-0.01054
36.76	-0.010177
36.77	-0.0094042
36.78	-0.0084509
36.79	-0.0079611
36.8	-0.0066679
36.81	-0.0044681
36.82	-0.0034292
36.83	-0.0035677
36.84	-0.0044611
36.85	-0.0053973
36.86	-0.0050309
36.87	-0.0043595
36.88	-0.0043451
36.89	-0.0040245
36.9	-0.002372
36.91	-0.00014367
36.92	0.00094257
36.93	0.00081092
36.94	0.00050337
36.95	0.00048477
36.96	0.00056943
36.97	0.00057228
36.98	0.00053669
36.99	0.00052007
37	0.00051823
37.01	0.00052307
37.02	0.00053496
37.03	0.00053825
37.04	0.0005268
37.05	0.00051262
37.06	0.00050966
37.07	0.00051941
37.08	0.0005326
37.09	0.00053328
37.1	0.00049249
37.11	0.0004514
37.12	0.00096974
37.13	0.0020688
37.14	0.0027631
37.15	0.0033174
37.16	0.0043102
37.17	0.0052893
37.18	0.005393
37.19	0.0033554
37.2	0.00029899
37.21	-0.00099232
37.22	-0.00053287
37.23	-0.00035276
37.24	-0.0018632
37.25	-0.004519
37.26	-0.0061926
37.27	-0.0060715
37.28	-0.0053536
37.29	-0.0049879
37.3	-0.0049702
37.31	-0.0044143
37.32	-0.0020489
37.33	0.0010361
37.34	0.0023472
37.35	0.0019919
37.36	0.0014843
37.37	0.0014755
37.38	0.0029056
37.39	0.0055516
37.4	0.0069995
37.41	0.0065612
37.42	0.0057889
37.43	0.0054958
37.44	0.0053718
37.45	0.005097
37.46	0.0047443
37.47	0.0044453
37.48	0.0042167
37.49	0.0040203
37.5	0.0038296
37.51	0.0035914
37.52	0.0032749
37.53	0.0029784
37.54	0.0027727
37.55	0.0025522
37.56	0.0027263
37.57	0.0041844
37.58	0.0059582
37.59	0.0062586
37.6	0.0055817
37.61	0.0048024
37.62	0.0035257
37.63	0.0017132
37.64	0.00067747
37.65	0.0007042
37.66	0.00039781
37.67	-0.00015275
37.68	-0.000284
37.69	-0.0005329
37.7	-0.0019452
37.71	-0.0044213
37.72	-0.0059275
37.73	-0.0056434
37.74	-0.0050023
37.75	-0.0055815
37.76	-0.0071867
37.77	-0.0078051
37.78	-0.0066291
37.79	-0.0054474
37.8	-0.0056192
37.81	-0.005847
37.82	-0.0053672
37.83	-0.0051112
37.84	-0.0050343
37.85	-0.0050192
37.86	-0.0055623
37.87	-0.0061303
37.88	-0.0060033
37.89	-0.0054969
37.9	-0.0051001
37.91	-0.0048346
37.92	-0.00456
37.93	-0.0042441
37.94	-0.0038934
37.95	-0.0036833
37.96	-0.003929
37.97	-0.0046611
37.98	-0.0051323
37.99	-0.0046753
38	-0.004315
38.01	-0.0049013
38.02	-0.0053793
38.03	-0.0050239
38.04	-0.0043812
38.05	-0.0039354
38.06	-0.0036203
38.07	-0.0032679
38.08	-0.0029215
38.09	-0.002356
38.1	-0.0013467
38.11	-0.00070716
38.12	-0.00067368
38.13	-0.00021683
38.14	0.00091361
38.15	0.0020011
38.16	0.0024174
38.17	0.0026244
38.18	0.0030961
38.19	0.0031501
38.2	0.0031241
38.21	0.0040681
38.22	0.0052962
38.23	0.0056178
38.24	0.0052391
38.25	0.0049152
38.26	0.0048091
38.27	0.0047009
38.28	0.0045096
38.29	0.0043071
38.3	0.0041359
38.31	0.0039841
38.32	0.0037886
38.33	0.0036513
38.34	0.0040525
38.35	0.0050474
38.36	0.0057564
38.37	0.0056334
38.38	0.0051128
38.39	0.0046908
38.4	0.0047047
38.41	0.005372
38.42	0.0061265
38.43	0.0061642
38.44	0.0056271
38.45	0.0051044
38.46	0.0047471
38.47	0.004409
38.48	0.004026
38.49	0.0036487
38.5	0.0033093
38.51	0.0029929
38.52	0.0026883
38.53	0.0023937
38.54	0.0018941
38.55	0.0011152
38.56	0.0007366
38.57	0.0010111
38.58	0.0011923
38.59	0.0009466
38.6	0.0006139
38.61	0.00040444
38.62	0.00025518
38.63	8.3124e-05
38.64	-0.00010363
38.65	-0.00027089
38.66	-0.00041036
38.67	-0.00051245
38.68	-0.00060136
38.69	-0.0010629
38.7	-0.0020465
38.71	-0.0027701
38.72	-0.0027893
38.73	-0.0025802
38.74	-0.0025174
38.75	-0.0025388
38.76	-0.0025126
38.77	-0.0024464
38.78	-0.0023904
38.79	-0.0023547
38.8	-0.0023133
38.81	-0.0022166
38.82	-0.0022035
38.83	-0.0026173
38.84	-0.0032619
38.85	-0.0034907
38.86	-0.0032619
38.87	-0.0029998
38.88	-0.0028606
38.89	-0.0027332
38.9	-0.0026605
38.91	-0.0026616
38.92	-0.0026418
38.93	-0.0027983
38.94	-0.003048
38.95	-0.0029955
38.96	-0.0026684
38.97	-0.0024272
38.98	-0.0025485
38.99	-0.0028609
39	-0.002915
39.01	-0.002632
39.02	-0.0022877
39.03	-0.0020327
39.04	-0.0018172
39.05	-0.0016008
39.06	-0.0013502
39.07	-0.0010054
39.08	-0.00072559
39.09	-0.00067026
39.1	-0.0005992
39.11	-0.00039208
39.12	-0.00024837
39.13	-0.00018071
39.14	-7.2073e-05
39.15	5.8362e-05
39.16	0.00019129
39.17	0.00047863
39.18	0.00091594
39.19	0.0011872
39.2	0.001199
39.21	0.0011565
39.22	0.0011704
39.23	0.0011975
39.24	0.0011974
39.25	0.001184
39.26	0.0011697
39.27	0.0011517
39.28	0.0011363
39.29	0.0011258
39.3	0.001116
39.31	0.0011036
39.32	0.001083
39.33	0.0010828
39.34	0.0011082
39.35	0.0010847
39.36	0.0010147
39.37	0.0009695
39.38	0.00095695
39.39	0.00094781
39.4	0.00092754
39.41	0.0008962
39.42	0.00086072
39.43	0.00083038
39.44	0.00080567
39.45	0.00077663
39.46	0.00074327
39.47	0.00076281
39.48	0.00086279
39.49	0.00092804
39.5	0.00087942
39.51	0.00078456
39.52	0.0007114
39.53	0.00065611
39.54	0.00059927
39.55	0.00053404
39.56	0.00047735
39.57	0.00046272
39.58	0.00047238
39.59	0.00043976
39.6	0.00035525
39.61	0.00027301
39.62	0.00021982
39.63	0.00017767
39.64	0.00013159
39.65	8.8497e-05
39.66	5.9444e-05
39.67	4.1888e-05
39.68	2.2331e-05
39.69	-9.5942e-06
39.7	-4.8493e-05
39.71	-8.4753e-05
39.72	-0.00011579
39.73	-0.00014391
39.74	-0.00016286
39.75	-0.00017169
39.76	-0.0001889
39.77	-0.00021682
39.78	-0.00023727
39.79	-0.00024801
39.8	-0.00025774
39.81	-0.00026523
39.82	-0.00026721
39.83	-0.00026579
39.84	-0.00026304
39.85	-0.00025942
39.86	-0.00025402
39.87	-0.00024665
39.88	-0.00023704
39.89	-0.00022591
39.9	-0.00021462
39.91	-0.00020231
39.92	-0.00018809
39.93	-0.00017347
39.94	-0.00015881
39.95	-0.00014286
39.96	-0.00012531
39.97	-0.00010631
39.98	-8.5778e-05
39.99	-6.3705e-05
