0	7.5658e-06
0.01	5.02e-07
0.02	6.0836e-06
0.03	-3.806e-07
0.04	4.9521e-06
0.05	-4.0216e-06
0.06	2.7155e-06
0.07	-5.4587e-06
0.08	-1.8113e-06
0.09	-1.1482e-05
0.1	-5.6824e-06
0.11	-1.1061e-05
0.12	-4.0864e-06
0.13	-1.2833e-05
0.14	-7.7366e-06
0.15	-1.5864e-05
0.16	-2.548e-06
0.17	-6.0612e-06
0.18	-1.9471e-06
0.19	-1.1146e-05
0.2	-1.8647e-05
0.21	-3.1561e-05
0.22	-2.5337e-05
0.23	-2.7312e-05
0.24	-2.8585e-05
0.25	-4.4478e-05
0.26	-3.9085e-05
0.27	-3.4852e-05
0.28	1.4664e-05
0.29	1.22e-05
0.3	-7.3347e-06
0.31	-2.9337e-05
0.32	-1.4144e-05
0.33	-8.2026e-05
0.34	-8.0164e-05
0.35	2.3172e-06
0.36	3.1321e-05
0.37	-7.6393e-05
0.38	-0.00013857
0.39	-0.00014438
0.4	-0.00011013
0.41	-6.606e-05
0.42	-8.3151e-05
0.43	-6.5959e-05
0.44	-4.0727e-06
0.45	7.4741e-05
0.46	0.000129
0.47	0.00011004
0.48	0.00012994
0.49	7.7947e-05
0.5	-2.3296e-05
0.51	-9.6357e-05
0.52	-0.00013848
0.53	-4.6322e-05
0.54	0.00015114
0.55	5.1599e-05
0.56	-0.0001694
0.57	-0.00026033
0.58	-1.0568e-05
0.59	0.0001587
0.6	0.00015657
0.61	0.00015277
0.62	0.00011177
0.63	-4.4042e-05
0.64	-6.2018e-05
0.65	-0.00013194
0.66	-0.00022536
0.67	-0.00028445
0.68	-0.00020628
0.69	-0.00029062
0.7	-0.00041794
0.71	-0.00037913
0.72	7.0971e-06
0.73	0.00019171
0.74	0.00020195
0.75	0.00023131
0.76	0.00025153
0.77	0.00023933
0.78	0.0002703
0.79	0.00026228
0.8	0.0002596
0.81	0.00024001
0.82	0.00017873
0.83	-0.00035081
0.84	-0.00050199
0.85	8.9142e-05
0.86	0.00037109
0.87	0.00023971
0.88	-0.00036482
0.89	-0.00072316
0.9	-0.00036476
0.91	0.00032157
0.92	0.00072015
0.93	0.00037692
0.94	0.00018851
0.95	0.00027617
0.96	0.00063518
0.97	0.001176
0.98	0.0012051
0.99	0.00081645
1	0.0010234
1.01	0.00075363
1.02	0.00018951
1.03	-0.0002485
1.04	-2.8464e-05
1.05	0.00014535
1.06	0.00016933
1.07	-0.00044269
1.08	-0.001631
1.09	-0.002076
1.1	-0.0011499
1.11	-0.00081617
1.12	-0.00027327
1.13	-0.00017638
1.14	-0.00093757
1.15	-0.0010122
1.16	-0.00092388
1.17	-0.00095124
1.18	-0.00089108
1.19	-0.00017908
1.2	0.00030923
1.21	-0.00059657
1.22	-0.0009619
1.23	-0.00070802
1.24	0.00022789
1.25	0.00079422
1.26	0.00058883
1.27	0.00057486
1.28	0.00060688
1.29	0.00048483
1.3	-0.00032877
1.31	-0.00095242
1.32	-0.001518
1.33	-0.0013561
1.34	-7.1236e-05
1.35	0.00066355
1.36	0.00064312
1.37	0.00027294
1.38	0.00064435
1.39	0.0014387
1.4	0.0021867
1.41	0.002304
1.42	0.0019461
1.43	0.00074442
1.44	0.00043208
1.45	0.00098178
1.46	0.0019782
1.47	0.0021788
1.48	0.0018431
1.49	0.00080076
1.5	-0.00037838
1.51	-0.0011113
1.52	-0.0014089
1.53	-0.0013461
1.54	-0.001199
1.55	-0.00096048
1.56	-0.00066012
1.57	-0.00051158
1.58	-0.00067356
1.59	-0.00052369
1.6	0.00015321
1.61	0.00056288
1.62	0.00040413
1.63	-0.00022256
1.64	-0.0010612
1.65	-0.0011892
1.66	-0.0010999
1.67	-0.00046727
1.68	-0.00021095
1.69	-0.00018931
1.7	0.00016878
1.71	0.000619
1.72	0.00066891
1.73	0.00020781
1.74	-0.00097177
1.75	-0.0013161
1.76	-0.0010938
1.77	-0.0010593
1.78	-0.0010738
1.79	-0.0005273
1.8	0.00027003
1.81	0.00077466
1.82	0.00076085
1.83	0.00074893
1.84	0.00019061
1.85	-5.9362e-05
1.86	0.00061056
1.87	0.0014624
1.88	0.0016866
1.89	0.0016573
1.9	0.0012796
1.91	0.00066421
1.92	0.00033171
1.93	-0.00060521
1.94	-0.0010804
1.95	-0.0010665
1.96	-0.00098985
1.97	-0.00099018
1.98	-0.00033903
1.99	0.00042953
2	0.00081172
2.01	0.0001587
2.02	-0.00018584
2.03	3.5453e-05
2.04	0.00048619
2.05	0.00083498
2.06	0.0012699
2.07	0.0011778
2.08	0.00084994
2.09	0.00086522
2.1	0.00087674
2.11	0.0011144
2.12	0.0014771
2.13	0.0016689
2.14	0.0014072
2.15	0.00096474
2.16	0.00026826
2.17	-0.0005742
2.18	-0.00058789
2.19	-0.00083426
2.2	-0.0010391
2.21	-0.00098043
2.22	-0.00020279
2.23	0.00031856
2.24	0.00047062
2.25	0.00030255
2.26	-0.00043793
2.27	-0.00096035
2.28	-0.00087342
2.29	-0.00091338
2.3	-0.00052243
2.31	-3.9936e-05
2.32	-0.00083448
2.33	-0.0023756
2.34	-0.0031996
2.35	-0.0039669
2.36	-0.0041457
2.37	-0.0041295
2.38	-0.0032244
2.39	-0.0020183
2.4	-0.0011638
2.41	-0.0004727
2.42	-5.5861e-05
2.43	-5.1978e-05
2.44	3.2346e-05
2.45	0.00014701
2.46	0.001332
2.47	0.0028945
2.48	0.0033458
2.49	0.0027038
2.5	0.0031501
2.51	0.0034335
2.52	0.0020619
2.53	0.001349
2.54	0.0020768
2.55	0.0031926
2.56	0.003021
2.57	0.00198
2.58	0.0020038
2.59	0.0021426
2.6	0.0019317
2.61	0.00202
2.62	0.0015959
2.63	0.00017464
2.64	-0.00066314
2.65	-0.00076232
2.66	0.00039201
2.67	0.0011256
2.68	0.00095567
2.69	0.00098339
2.7	0.0008449
2.71	0.00021891
2.72	-0.00064901
2.73	-0.00081523
2.74	-0.00082327
2.75	-0.0016326
2.76	-0.0021789
2.77	-0.002358
2.78	-0.002376
2.79	-0.0023424
2.8	-0.0019865
2.81	-0.00071677
2.82	-0.00039729
2.83	-0.0013736
2.84	-0.0021618
2.85	-0.002155
2.86	-0.0018442
2.87	-0.0021007
2.88	-0.0020519
2.89	-0.0015119
2.9	-0.00071762
2.91	2.1514e-05
2.92	0.00085402
2.93	0.0018601
2.94	0.0019281
2.95	0.0018523
2.96	0.0013393
2.97	-0.00034316
2.98	-0.0022498
2.99	-0.0032378
3	-0.0019776
3.01	-0.0003233
3.02	0.00079806
3.03	0.00099065
3.04	-0.00025759
3.05	-0.0012837
3.06	-0.0014858
3.07	-0.00081226
3.08	0.00030047
3.09	0.00044364
3.1	0.00039993
3.11	6.2119e-05
3.12	-0.0011573
3.13	-0.00061275
3.14	0.0019104
3.15	0.0040184
3.16	0.0030703
3.17	0.00056792
3.18	-0.0010114
3.19	-0.0013779
3.2	-0.00078491
3.21	0.00032368
3.22	0.00045791
3.23	0.00037975
3.24	-8.2018e-05
3.25	-0.00089997
3.26	-0.00028061
3.27	0.00058347
3.28	0.00098142
3.29	0.00037772
3.3	-0.00071005
3.31	9.1299e-05
3.32	0.00065399
3.33	5.7875e-05
3.34	-0.0013973
3.35	-0.0018261
3.36	-0.00038994
3.37	0.0010549
3.38	0.001876
3.39	0.00075101
3.4	-0.0007429
3.41	-0.0012308
3.42	-0.0006096
3.43	-0.00032578
3.44	-0.00019853
3.45	0.00012751
3.46	0.00043516
3.47	0.00062573
3.48	-0.0005428
3.49	-0.0026165
3.5	-0.0027154
3.51	-0.0016148
3.52	-0.0010094
3.53	-0.00068414
3.54	0.00020406
3.55	0.00086607
3.56	0.0012078
3.57	0.0016491
3.58	0.0013471
3.59	0.00083462
3.6	0.0010406
3.61	0.00049545
3.62	3.4964e-05
3.63	0.00050718
3.64	0.0012496
3.65	0.0011927
3.66	0.00053778
3.67	-0.00024499
3.68	-0.000673
3.69	-0.00035108
3.7	-0.00033071
3.71	-0.001143
3.72	-0.00096779
3.73	9.6319e-05
3.74	0.00055756
3.75	8.6296e-05
3.76	-0.00021705
3.77	-5.7712e-06
3.78	0.00065907
3.79	0.0014823
3.8	0.0023518
3.81	0.0026282
3.82	0.0022831
3.83	0.0007321
3.84	-0.0011891
3.85	-0.0022318
3.86	-0.0025575
3.87	-0.0027413
3.88	-0.0034598
3.89	-0.0037059
3.9	-0.0037647
3.91	-0.0036163
3.92	-0.001892
3.93	8.7841e-06
3.94	0.00046089
3.95	0.00078008
3.96	0.0014775
3.97	0.0022896
3.98	0.0022142
3.99	0.002392
4	0.0031793
4.01	0.0037201
4.02	0.0037455
4.03	0.002733
4.04	0.0015118
4.05	0.0010677
4.06	0.00096571
4.07	0.00066307
4.08	-0.00048933
4.09	-0.0015329
4.1	-0.0017072
4.11	-0.0013093
4.12	-0.0013786
4.13	-0.0010842
4.14	-0.00018529
4.15	0.00074738
4.16	0.00031418
4.17	-0.0018516
4.18	-0.0039804
4.19	-0.0045655
4.2	-0.0046468
4.21	-0.0038352
4.22	-0.0027445
4.23	-0.0016865
4.24	-0.0012071
4.25	-0.00067128
4.26	-0.00030438
4.27	-0.00014556
4.28	0.0010306
4.29	0.0032448
4.3	0.0045508
4.31	0.0049644
4.32	0.0046124
4.33	0.0042026
4.34	0.0035226
4.35	0.0032791
4.36	0.0028721
4.37	0.0024788
4.38	0.0020997
4.39	0.0013346
4.4	9.4917e-05
4.41	-0.00077965
4.42	-0.00011976
4.43	0.0011693
4.44	0.0013113
4.45	-0.00014577
4.46	-0.0022698
4.47	-0.0026316
4.48	-0.0011423
4.49	0.00082485
4.5	0.0025607
4.51	0.0025107
4.52	0.0015196
4.53	4.9583e-05
4.54	-0.00049308
4.55	-0.00049997
4.56	-6.5288e-05
4.57	0.00034964
4.58	9.4778e-05
4.59	-0.00020471
4.6	-0.00023511
4.61	0.00020628
4.62	0.0013105
4.63	0.0023858
4.64	0.0031639
4.65	0.0029244
4.66	0.0016105
4.67	-2.5935e-05
4.68	-0.00095788
4.69	-0.0010802
4.7	-0.00074413
4.71	-0.00059316
4.72	-0.00063377
4.73	-0.0014838
4.74	-0.0028061
4.75	-0.0032219
4.76	-0.001819
4.77	0.00036923
4.78	0.0013389
4.79	0.00042316
4.8	-0.0005004
4.81	0.00012734
4.82	0.00058396
4.83	0.00049152
4.84	0.00042462
4.85	0.00010707
4.86	-0.00090557
4.87	-0.0022909
4.88	-0.0038131
4.89	-0.0048927
4.9	-0.0051461
4.91	-0.0044631
4.92	-0.0035265
4.93	-0.0037071
4.94	-0.0050167
4.95	-0.0060798
4.96	-0.0060735
4.97	-0.0054762
4.98	-0.0041965
4.99	-0.0016508
5	0.0007935
5.01	0.0022271
5.02	0.0024498
5.03	0.0023565
5.04	0.0029139
5.05	0.0049214
5.06	0.0053539
5.07	0.0033632
5.08	0.0020455
5.09	0.0022718
5.1	0.0033221
5.11	0.0038012
5.12	0.0029907
5.13	0.00087471
5.14	-0.0018249
5.15	-0.0041485
5.16	-0.0048781
5.17	-0.0030931
5.18	-0.00014822
5.19	0.0012487
5.2	0.00072599
5.21	-6.9077e-05
5.22	-1.0489e-05
5.23	0.00033518
5.24	0.0012312
5.25	0.001425
5.26	0.00028194
5.27	-0.0009821
5.28	-0.00058222
5.29	0.00027108
5.3	0.00099486
5.31	0.0010349
5.32	0.00024903
5.33	-0.00072214
5.34	-0.0013976
5.35	-0.0016406
5.36	-0.00054449
5.37	0.001133
5.38	0.0021468
5.39	0.0018289
5.4	0.0010014
5.41	0.00059774
5.42	0.0011507
5.43	0.0020456
5.44	0.0026373
5.45	0.0027512
5.46	0.0025735
5.47	0.0025963
5.48	0.0031483
5.49	0.0032971
5.5	0.0030365
5.51	0.0026465
5.52	0.0018825
5.53	4.3134e-05
5.54	-0.001303
5.55	-0.0017301
5.56	-0.0015038
5.57	-0.0010744
5.58	-0.00059069
5.59	-0.0002783
5.6	-0.0010904
5.61	-0.0022814
5.62	-0.0029293
5.63	-0.0023196
5.64	-0.00065045
5.65	0.00059504
5.66	0.00052897
5.67	-0.0010179
5.68	-0.0025462
5.69	-0.0029064
5.7	-0.0030991
5.71	-0.0025744
5.72	-0.0014755
5.73	-0.002495
5.74	-0.005071
5.75	-0.005897
5.76	-0.0039744
5.77	-0.00047506
5.78	0.0019042
5.79	0.0013149
5.8	-0.0012596
5.81	-0.0028336
5.82	-0.002177
5.83	0.00057766
5.84	0.0024948
5.85	0.0013561
5.86	0.00063908
5.87	0.0025771
5.88	0.0054922
5.89	0.0076198
5.9	0.0081551
5.91	0.0079688
5.92	0.008241
5.93	0.0093562
5.94	0.01073
5.95	0.012016
5.96	0.011723
5.97	0.010195
5.98	0.0094065
5.99	0.0093597
6	0.0099112
6.01	0.0089017
6.02	0.0047695
6.03	-0.0015329
6.04	-0.0092277
6.05	-0.019032
6.06	-0.02772
6.07	-0.035357
6.08	-0.039775
6.09	-0.040028
6.1	-0.036879
6.11	-0.032685
6.12	-0.028869
6.13	-0.025789
6.14	-0.020981
6.15	-0.01372
6.16	-0.00556
6.17	0.0015778
6.18	0.0063938
6.19	0.0094276
6.2	0.011172
6.21	0.013743
6.22	0.019723
6.23	0.030282
6.24	0.037716
6.25	0.038119
6.26	0.034516
6.27	0.028466
6.28	0.021138
6.29	0.01405
6.3	0.0045334
6.31	-0.0076785
6.32	-0.020474
6.33	-0.026383
6.34	-0.023871
6.35	-0.012557
6.36	0.0031543
6.37	0.018407
6.38	0.030789
6.39	0.032436
6.4	0.023154
6.41	0.010209
6.42	-0.0031024
6.43	-0.012319
6.44	-0.014609
6.45	-0.013825
6.46	-0.0085474
6.47	-0.0034345
6.48	-0.0023743
6.49	-0.0024071
6.5	-0.0023592
6.51	-0.0029558
6.52	-0.0047229
6.53	-0.0061458
6.54	-0.0069192
6.55	-0.0073946
6.56	-0.0059054
6.57	-0.0037621
6.58	-0.0014851
6.59	0.0021376
6.6	0.0059521
6.61	0.0076917
6.62	0.0078515
6.63	0.0053395
6.64	0.00035283
6.65	-0.0064304
6.66	-0.011276
6.67	-0.012662
6.68	-0.011641
6.69	-0.0090955
6.7	-0.0072628
6.71	-0.0056617
6.72	-0.0032089
6.73	0.0021664
6.74	0.0086192
6.75	0.012325
6.76	0.013801
6.77	0.013106
6.78	0.010327
6.79	0.0061856
6.8	0.002456
6.81	0.00065974
6.82	0.00086041
6.83	0.0033848
6.84	0.0069893
6.85	0.008895
6.86	0.0060242
6.87	-0.0021053
6.88	-0.010787
6.89	-0.015502
6.9	-0.014481
6.91	-0.0067906
6.92	0.007083
6.93	0.016808
6.94	0.01678
6.95	0.012123
6.96	0.0037894
6.97	-0.0020226
6.98	-0.0020831
6.99	0.0046898
7	0.012072
7.01	0.01298
7.02	0.0098775
7.03	0.0012488
7.04	-0.010184
7.05	-0.016089
7.06	-0.016669
7.07	-0.014236
7.08	-0.0091043
7.09	-0.0052045
7.1	-0.0057199
7.11	-0.010012
7.12	-0.016197
7.13	-0.018707
7.14	-0.014838
7.15	-0.0063121
7.16	0.0044207
7.17	0.013353
7.18	0.017006
7.19	0.016091
7.2	0.010852
7.21	0.0037183
7.22	-0.00095423
7.23	-0.0016024
7.24	0.00054109
7.25	0.007919
7.26	0.015232
7.27	0.020472
7.28	0.022444
7.29	0.020777
7.3	0.015777
7.31	0.0082166
7.32	-0.00090099
7.33	-0.008141
7.34	-0.01143
7.35	-0.011877
7.36	-0.010768
7.37	-0.007436
7.38	-0.0021408
7.39	0.003309
7.4	0.0064457
7.41	0.0066271
7.42	0.0054999
7.43	0.0027775
7.44	-0.0019986
7.45	-0.009664
7.46	-0.016163
7.47	-0.017006
7.48	-0.011264
7.49	0.0010607
7.5	0.012917
7.51	0.017942
7.52	0.01766
7.53	0.013733
7.54	0.0089762
7.55	0.0057848
7.56	0.0045204
7.57	0.0051688
7.58	0.0067705
7.59	0.0061042
7.6	0.00014002
7.61	-0.011033
7.62	-0.022096
7.63	-0.030608
7.64	-0.033238
7.65	-0.03159
7.66	-0.02788
7.67	-0.025791
7.68	-0.026716
7.69	-0.029936
7.7	-0.031683
7.71	-0.029978
7.72	-0.019821
7.73	-0.0019273
7.74	0.017385
7.75	0.030579
7.76	0.033387
7.77	0.025577
7.78	0.0094667
7.79	-0.0032439
7.8	-0.0066463
7.81	-0.0030364
7.82	0.0061818
7.83	0.019313
7.84	0.031423
7.85	0.04201
7.86	0.046696
7.87	0.045145
7.88	0.038327
7.89	0.028544
7.9	0.014647
7.91	-0.0037759
7.92	-0.015779
7.93	-0.01784
7.94	-0.010829
7.95	0.0033425
7.96	0.015821
7.97	0.018715
7.98	0.015529
7.99	0.0010231
8	-0.016819
8.01	-0.034336
8.02	-0.046574
8.03	-0.046374
8.04	-0.032725
8.05	-0.014986
8.06	-0.0062801
8.07	-0.0075106
8.08	-0.015939
8.09	-0.023927
8.1	-0.026704
8.11	-0.025324
8.12	-0.017036
8.13	-0.0050379
8.14	0.0040902
8.15	0.0080687
8.16	0.011075
8.17	0.015513
8.18	0.019311
8.19	0.021429
8.2	0.022038
8.21	0.020262
8.22	0.01487
8.23	0.0054655
8.24	-0.0024393
8.25	-0.004897
8.26	-0.0045504
8.27	-0.0033969
8.28	-0.0033988
8.29	-0.0050088
8.3	-0.0064947
8.31	-0.004132
8.32	0.00361
8.33	0.012988
8.34	0.022071
8.35	0.025164
8.36	0.024724
8.37	0.022355
8.38	0.014769
8.39	0.0030464
8.4	-0.0084239
8.41	-0.014909
8.42	-0.016587
8.43	-0.015592
8.44	-0.012888
8.45	-0.0086923
8.46	-0.005343
8.47	-0.003965
8.48	-0.0056381
8.49	-0.01062
8.5	-0.017945
8.51	-0.024576
8.52	-0.027829
8.53	-0.027989
8.54	-0.025648
8.55	-0.019992
8.56	-0.0062553
8.57	0.011908
8.58	0.030893
8.59	0.046677
8.6	0.051102
8.61	0.046721
8.62	0.033081
8.63	0.014463
8.64	-0.00089099
8.65	-0.0063156
8.66	-0.0050013
8.67	-8.2235e-05
8.68	0.0040656
8.69	0.0047242
8.7	0.0025224
8.71	-0.00052116
8.72	-0.00062263
8.73	0.0056783
8.74	0.015177
8.75	0.019189
8.76	0.015218
8.77	2.3724e-05
8.78	-0.021221
8.79	-0.035691
8.8	-0.038563
8.81	-0.036128
8.82	-0.024374
8.83	-0.0032005
8.84	0.007775
8.85	0.0090164
8.86	0.0067954
8.87	0.0015251
8.88	-0.0036361
8.89	-0.0050882
8.9	-0.0035605
8.91	0.00017559
8.92	0.0014694
8.93	-0.0019604
8.94	-0.010745
8.95	-0.01763
8.96	-0.018937
8.97	-0.0093733
8.98	0.0044515
8.99	0.018502
9	0.026846
9.01	0.026282
9.02	0.019527
9.03	0.010852
9.04	0.001656
9.05	-0.0054826
9.06	-0.011114
9.07	-0.014309
9.08	-0.01338
9.09	-0.0083813
9.1	-0.0021406
9.11	0.0024266
9.12	0.0062728
9.13	0.0085398
9.14	0.0092756
9.15	0.0079113
9.16	0.0024544
9.17	-0.0067236
9.18	-0.013334
9.19	-0.014135
9.2	-0.010367
9.21	-0.0052679
9.22	-0.0011391
9.23	1.435e-05
9.24	-0.00093634
9.25	-0.0028198
9.26	-0.0054313
9.27	-0.0083497
9.28	-0.012073
9.29	-0.014942
9.3	-0.016518
9.31	-0.016543
9.32	-0.013735
9.33	-0.0083728
9.34	-0.0019973
9.35	0.0055189
9.36	0.012666
9.37	0.019339
9.38	0.022566
9.39	0.020168
9.4	0.012647
9.41	0.005544
9.42	0.0035349
9.43	0.004783
9.44	0.0062147
9.45	0.0060043
9.46	0.0029884
9.47	-0.00032543
9.48	0.00021134
9.49	0.006766
9.5	0.014993
9.51	0.018065
9.52	0.017088
9.53	0.0087764
9.54	-0.0023251
9.55	-0.011246
9.56	-0.012946
9.57	-0.008727
9.58	-0.0030543
9.59	-0.00028405
9.6	-0.00031235
9.61	-0.0026169
9.62	-0.0061987
9.63	-0.0074368
9.64	-0.0040707
9.65	0.0048905
9.66	0.016129
9.67	0.024216
9.68	0.026802
9.69	0.026022
9.7	0.02318
9.71	0.014771
9.72	0.002521
9.73	-0.0097119
9.74	-0.019768
9.75	-0.024328
9.76	-0.025043
9.77	-0.024015
9.78	-0.022475
9.79	-0.021979
9.8	-0.0213
9.81	-0.017617
9.82	-0.0094756
9.83	-0.00030224
9.84	0.0058906
9.85	0.0077441
9.86	0.0075912
9.87	0.0062809
9.88	0.004551
9.89	0.0042123
9.9	0.0048295
9.91	0.0061777
9.92	0.0067621
9.93	0.0041282
9.94	-0.002001
9.95	-0.0093393
9.96	-0.015207
9.97	-0.019275
9.98	-0.021585
9.99	-0.021982
10	-0.021825
10.01	-0.021478
10.02	-0.019692
10.03	-0.013505
10.04	-0.0041755
10.05	0.0066181
10.06	0.016417
10.07	0.022977
10.08	0.027443
10.09	0.029212
10.1	0.027375
10.11	0.021782
10.12	0.010072
10.13	-0.0042523
10.14	-0.017202
10.15	-0.0222
10.16	-0.022131
10.17	-0.02046
10.18	-0.018823
10.19	-0.017511
10.2	-0.0148
10.21	-0.010546
10.22	-0.0060809
10.23	-0.002548
10.24	0.00068313
10.25	0.0036829
10.26	0.0078362
10.27	0.012942
10.28	0.018747
10.29	0.023482
10.3	0.027594
10.31	0.032393
10.32	0.036899
10.33	0.041067
10.34	0.043287
10.35	0.042028
10.36	0.037172
10.37	0.029959
10.38	0.022199
10.39	0.014533
10.4	0.0089975
10.41	0.0025022
10.42	-0.0057323
10.43	-0.016034
10.44	-0.022444
10.45	-0.025688
10.46	-0.024744
10.47	-0.018828
10.48	-0.012492
10.49	-0.0080046
10.5	-0.0080344
10.51	-0.0081705
10.52	-0.0053323
10.53	-0.0019088
10.54	-0.0013406
10.55	-0.0030288
10.56	-0.0047667
10.57	-0.006809
10.58	-0.0097468
10.59	-0.014468
10.6	-0.020193
10.61	-0.023836
10.62	-0.02487
10.63	-0.024912
10.64	-0.023999
10.65	-0.021737
10.66	-0.013948
10.67	-0.0034026
10.68	0.006804
10.69	0.014894
10.7	0.018951
10.71	0.019184
10.72	0.016536
10.73	0.011683
10.74	0.0049615
10.75	-0.0018442
10.76	-0.0082002
10.77	-0.013608
10.78	-0.018345
10.79	-0.021678
10.8	-0.022108
10.81	-0.017123
10.82	-0.0070227
10.83	0.0021981
10.84	0.0066241
10.85	0.0069716
10.86	0.0041462
10.87	0.0013737
10.88	-0.00010389
10.89	-7.4202e-05
10.9	-2.5955e-05
10.91	-4.7789e-05
10.92	0.0003043
10.93	0.0015235
10.94	0.004859
10.95	0.012062
10.96	0.018264
10.97	0.019924
10.98	0.017351
10.99	0.0098667
11	-0.0002952
11.01	-0.0071624
11.02	-0.0094401
11.03	-0.010523
11.04	-0.010287
11.05	-0.0068748
11.06	0.00080801
11.07	0.011536
11.08	0.017244
11.09	0.018083
11.1	0.017972
11.11	0.016744
11.12	0.014729
11.13	0.010448
11.14	0.0038833
11.15	-0.0052323
11.16	-0.01437
11.17	-0.020337
11.18	-0.022378
11.19	-0.022721
11.2	-0.022454
11.21	-0.021494
11.22	-0.019328
11.23	-0.014948
11.24	-0.01005
11.25	-0.0066824
11.26	-0.0043307
11.27	-0.0018106
11.28	0.0013853
11.29	0.0048444
11.3	0.0076303
11.31	0.0099188
11.32	0.010883
11.33	0.011297
11.34	0.010901
11.35	0.01075
11.36	0.011645
11.37	0.015692
11.38	0.022225
11.39	0.026667
11.4	0.029015
11.41	0.029877
11.42	0.029242
11.43	0.024417
11.44	0.0099845
11.45	-0.014102
11.46	-0.032499
11.47	-0.043425
11.48	-0.046183
11.49	-0.042418
11.5	-0.031752
11.51	-0.015103
11.52	-0.0021507
11.53	0.0058971
11.54	0.010833
11.55	0.015184
11.56	0.019913
11.57	0.023925
11.58	0.023444
11.59	0.019635
11.6	0.00879
11.61	-0.0071936
11.62	-0.027601
11.63	-0.043488
11.64	-0.046434
11.65	-0.035911
11.66	-0.0091628
11.67	0.016155
11.68	0.031879
11.69	0.038997
11.7	0.039973
11.71	0.033496
11.72	0.023824
11.73	0.017072
11.74	0.014322
11.75	0.013284
11.76	0.015179
11.77	0.01893
11.78	0.019393
11.79	0.016068
11.8	0.012101
11.81	0.0085065
11.82	0.0061187
11.83	0.0065109
11.84	0.0095524
11.85	0.0096316
11.86	0.0063914
11.87	-0.0029535
11.88	-0.018717
11.89	-0.036498
11.9	-0.048837
11.91	-0.053587
11.92	-0.053002
11.93	-0.049273
11.94	-0.043556
11.95	-0.031899
11.96	-0.015318
11.97	0.001028
11.98	0.016659
11.99	0.028619
12	0.028355
12.01	0.016337
12.02	-0.00029841
12.03	-0.015978
12.04	-0.031898
12.05	-0.038147
12.06	-0.036078
12.07	-0.026915
12.08	-0.014848
12.09	-0.0024195
12.1	0.0092487
12.11	0.019847
12.12	0.028966
12.13	0.038594
12.14	0.043252
12.15	0.044611
12.16	0.044614
12.17	0.041526
12.18	0.03258
12.19	0.019353
12.2	0.0059841
12.21	-0.0053633
12.22	-0.014361
12.23	-0.022634
12.24	-0.031795
12.25	-0.038904
12.26	-0.040139
12.27	-0.03663
12.28	-0.026781
12.29	-0.013218
12.3	-0.0049872
12.31	-0.0016388
12.32	0.0026013
12.33	0.0089947
12.34	0.020135
12.35	0.031558
12.36	0.041043
12.37	0.044013
12.38	0.041919
12.39	0.032824
12.4	0.02034
12.41	0.010796
12.42	0.0049262
12.43	0.0023958
12.44	0.0018301
12.45	0.0012338
12.46	0.00018796
12.47	-0.0021773
12.48	-0.0048634
12.49	-0.0065019
12.5	-0.005798
12.51	-0.0016366
12.52	0.0058911
12.53	0.0096529
12.54	0.0090055
12.55	0.002992
12.56	-0.0049243
12.57	-0.010177
12.58	-0.012521
12.59	-0.011635
12.6	-0.0030406
12.61	0.0097739
12.62	0.02247
12.63	0.029711
12.64	0.030674
12.65	0.028358
12.66	0.021854
12.67	0.0090584
12.68	-0.0050799
12.69	-0.018616
12.7	-0.030355
12.71	-0.036433
12.72	-0.041083
12.73	-0.0446
12.74	-0.044495
12.75	-0.042176
12.76	-0.038777
12.77	-0.032369
12.78	-0.022776
12.79	-0.011174
12.8	-0.0024681
12.81	0.001585
12.82	0.0022495
12.83	0.0010078
12.84	-0.00055468
12.85	2.0473e-05
12.86	0.0049738
12.87	0.014469
12.88	0.022222
12.89	0.02623
12.9	0.026975
12.91	0.02584
12.92	0.022323
12.93	0.018488
12.94	0.0148
12.95	0.011785
12.96	0.01151
12.97	0.013842
12.98	0.016553
12.99	0.01863
13	0.018272
13.01	0.016031
13.02	0.01221
13.03	0.005697
13.04	-0.00083548
13.05	-0.0056892
13.06	-0.009298
13.07	-0.014549
13.08	-0.02194
13.09	-0.029994
13.1	-0.036448
13.11	-0.039092
13.12	-0.038994
13.13	-0.038166
13.14	-0.037974
13.15	-0.037164
13.16	-0.034955
13.17	-0.027125
13.18	-0.011775
13.19	0.0029464
13.2	0.016929
13.21	0.025289
13.22	0.026681
13.23	0.022439
13.24	0.014442
13.25	0.0073463
13.26	0.0043982
13.27	0.0058103
13.28	0.011698
13.29	0.0208
13.3	0.02726
13.31	0.029824
13.32	0.029267
13.33	0.026954
13.34	0.024758
13.35	0.023999
13.36	0.025479
13.37	0.029679
13.38	0.03276
13.39	0.033813
13.4	0.034075
13.41	0.032895
13.42	0.028617
13.43	0.021095
13.44	0.01041
13.45	0.00024232
13.46	-0.0078972
13.47	-0.011415
13.48	-0.01314
13.49	-0.015707
13.5	-0.019364
13.51	-0.023252
13.52	-0.025886
13.53	-0.026349
13.54	-0.025727
13.55	-0.025901
13.56	-0.029435
13.57	-0.034135
13.58	-0.038892
13.59	-0.042308
13.6	-0.042587
13.61	-0.03941
13.62	-0.033822
13.63	-0.024036
13.64	-0.012952
13.65	-0.0051475
13.66	-0.00067657
13.67	0.0024052
13.68	0.0051565
13.69	0.0082409
13.7	0.01129
13.71	0.013986
13.72	0.015594
13.73	0.016443
13.74	0.015157
13.75	0.010343
13.76	0.00068439
13.77	-0.0091186
13.78	-0.014917
13.79	-0.017033
13.8	-0.016375
13.81	-0.012605
13.82	-0.0064197
13.83	-0.00075588
13.84	0.0025585
13.85	0.0036567
13.86	0.0032474
13.87	0.0018443
13.88	0.00050701
13.89	-0.00085836
13.9	-0.0012692
13.91	-0.0001163
13.92	0.0035694
13.93	0.011196
13.94	0.020092
13.95	0.027642
13.96	0.031062
13.97	0.029903
13.98	0.024133
13.99	0.01702
14	0.011376
14.01	0.0071629
14.02	0.0030992
14.03	-0.0024371
14.04	-0.0076985
14.05	-0.012518
14.06	-0.015502
14.07	-0.016404
14.08	-0.015908
14.09	-0.014276
14.1	-0.011762
14.11	-0.0086682
14.12	-0.0048738
14.13	-0.0013341
14.14	0.0010502
14.15	0.0022811
14.16	0.0022425
14.17	0.00163
14.18	0.0021897
14.19	0.0035391
14.2	0.0041844
14.21	0.0013962
14.22	-0.0057307
14.23	-0.014692
14.24	-0.019975
14.25	-0.02219
14.26	-0.021403
14.27	-0.017624
14.28	-0.0086172
14.29	0.0026706
14.3	0.013582
14.31	0.021949
14.32	0.025052
14.33	0.025978
14.34	0.025043
14.35	0.022119
14.36	0.017801
14.37	0.011129
14.38	0.0047765
14.39	0.0005435
14.4	-0.00073325
14.41	-0.00036031
14.42	0.0017145
14.43	0.0052621
14.44	0.0090524
14.45	0.01344
14.46	0.017352
14.47	0.021558
14.48	0.02405
14.49	0.023133
14.5	0.018905
14.51	0.013173
14.52	0.0074635
14.53	0.0024569
14.54	-0.0010323
14.55	-0.0044729
14.56	-0.0072238
14.57	-0.0092046
14.58	-0.010767
14.59	-0.011658
14.6	-0.01163
14.61	-0.011401
14.62	-0.011096
14.63	-0.010185
14.64	-0.0084586
14.65	-0.0050972
14.66	-0.0011461
14.67	0.00111
14.68	0.00094034
14.69	-0.0011976
14.7	-0.0046173
14.71	-0.0081909
14.72	-0.010727
14.73	-0.012395
14.74	-0.01429
14.75	-0.016923
14.76	-0.01969
14.77	-0.022262
14.78	-0.023969
14.79	-0.024586
14.8	-0.024106
14.81	-0.023526
14.82	-0.023251
14.83	-0.023689
14.84	-0.02333
14.85	-0.022095
14.86	-0.017559
14.87	-0.009481
14.88	0.0015689
14.89	0.010196
14.9	0.015858
14.91	0.019919
14.92	0.022035
14.93	0.022533
14.94	0.021683
14.95	0.019658
14.96	0.016976
14.97	0.013868
14.98	0.010465
14.99	0.0060745
15	0.00081329
15.01	-0.0051811
15.02	-0.010991
15.03	-0.016981
15.04	-0.020367
15.05	-0.020715
15.06	-0.018344
15.07	-0.016209
15.08	-0.015862
15.09	-0.016968
15.1	-0.019488
15.11	-0.021224
15.12	-0.020295
15.13	-0.016558
15.14	-0.0086793
15.15	0.00058214
15.16	0.0082129
15.17	0.011845
15.18	0.013459
15.19	0.014848
15.2	0.015038
15.21	0.014755
15.22	0.013691
15.23	0.011574
15.24	0.010229
15.25	0.010066
15.26	0.011107
15.27	0.013255
15.28	0.015692
15.29	0.017956
15.3	0.018286
15.31	0.017859
15.32	0.017029
15.33	0.016095
15.34	0.016049
15.35	0.016068
15.36	0.015876
15.37	0.014424
15.38	0.011615
15.39	0.009348
15.4	0.0085909
15.41	0.0092465
15.42	0.010841
15.43	0.012806
15.44	0.012892
15.45	0.011048
15.46	0.0061388
15.47	-0.00057637
15.48	-0.0069579
15.49	-0.012914
15.5	-0.016437
15.51	-0.01745
15.52	-0.017897
15.53	-0.017012
15.54	-0.015958
15.55	-0.014333
15.56	-0.011665
15.57	-0.0066627
15.58	-0.00077786
15.59	0.0029454
15.6	0.0033754
15.61	0.00080405
15.62	-0.0030785
15.63	-0.0076131
15.64	-0.010516
15.65	-0.011468
15.66	-0.011368
15.67	-0.01102
15.68	-0.011287
15.69	-0.011327
15.7	-0.011078
15.71	-0.0089867
15.72	-0.0057379
15.73	-0.0024096
15.74	-0.00037786
15.75	0.0016504
15.76	0.0033538
15.77	0.0050749
15.78	0.0063951
15.79	0.0079784
15.8	0.0094094
15.81	0.0099654
15.82	0.0093627
15.83	0.0082603
15.84	0.0066959
15.85	0.0049094
15.86	0.0032865
15.87	0.0027499
15.88	0.0027007
15.89	0.0026881
15.9	0.0025861
15.91	0.0019673
15.92	0.00036479
15.93	-0.0010866
15.94	-0.0011846
15.95	-0.00031834
15.96	0.0023728
15.97	0.00606
15.98	0.0086882
15.99	0.0099429
16	0.010033
16.01	0.0089315
16.02	0.007828
16.03	0.0069473
16.04	0.0073909
16.05	0.0084889
16.06	0.0091999
16.07	0.0091709
16.08	0.0086881
16.09	0.0076629
16.1	0.0044553
16.11	0.00013438
16.12	-0.0041906
16.13	-0.0083139
16.14	-0.012141
16.15	-0.013233
16.16	-0.012491
16.17	-0.010636
16.18	-0.0088326
16.19	-0.008935
16.2	-0.010289
16.21	-0.012635
16.22	-0.014435
16.23	-0.01582
16.24	-0.016391
16.25	-0.017043
16.26	-0.017044
16.27	-0.016644
16.28	-0.01514
16.29	-0.012707
16.3	-0.0095133
16.31	-0.0054669
16.32	-0.0013705
16.33	0.0025492
16.34	0.0063363
16.35	0.0093869
16.36	0.011758
16.37	0.013563
16.38	0.015079
16.39	0.016195
16.4	0.016821
16.41	0.016606
16.42	0.015376
16.43	0.013636
16.44	0.011495
16.45	0.0089697
16.46	0.0062051
16.47	0.0047703
16.48	0.0039404
16.49	0.0032953
16.5	0.002615
16.51	0.0020117
16.52	0.00084408
16.53	0.00041132
16.54	-4.3819e-06
16.55	-0.00055619
16.56	-0.0010948
16.57	-0.0027613
16.58	-0.0051307
16.59	-0.0079683
16.6	-0.010591
16.61	-0.014373
16.62	-0.016699
16.63	-0.018196
16.64	-0.019741
16.65	-0.02054
16.66	-0.0207
16.67	-0.0204
16.68	-0.018469
16.69	-0.014383
16.7	-0.0096899
16.71	-0.0052507
16.72	-0.0015548
16.73	0.00046859
16.74	0.0012749
16.75	0.00065404
16.76	-0.0019928
16.77	-0.0056807
16.78	-0.0081658
16.79	-0.0084827
16.8	-0.0070898
16.81	-0.0043647
16.82	-0.0013421
16.83	0.0021841
16.84	0.0060232
16.85	0.0095686
16.86	0.013527
16.87	0.016936
16.88	0.019387
16.89	0.021746
16.9	0.023317
16.91	0.023082
16.92	0.020489
16.93	0.016027
16.94	0.011578
16.95	0.007173
16.96	0.0040538
16.97	0.0024
16.98	0.0011105
16.99	-0.00035115
17	-0.0018918
17.01	-0.0034831
17.02	-0.0053127
17.03	-0.0064649
17.04	-0.0072928
17.05	-0.0081675
17.06	-0.0090819
17.07	-0.0092552
17.08	-0.0090261
17.09	-0.0080089
17.1	-0.0060886
17.11	-0.0039607
17.12	-0.0015402
17.13	0.00067549
17.14	0.0022795
17.15	0.0023408
17.16	0.0013048
17.17	0.00021498
17.18	-0.00080658
17.19	-0.00039582
17.2	0.0003719
17.21	0.0013203
17.22	0.0021384
17.23	0.0025378
17.24	0.0027579
17.25	0.0031884
17.26	0.0038874
17.27	0.0049568
17.28	0.0068539
17.29	0.008557
17.3	0.010122
17.31	0.010998
17.32	0.010337
17.33	0.0083508
17.34	0.0055375
17.35	0.0024977
17.36	0.00094514
17.37	0.00033317
17.38	-0.00039947
17.39	-0.00086646
17.4	-0.00015101
17.41	0.0012491
17.42	0.0026631
17.43	0.0038183
17.44	0.0038863
17.45	0.0026306
17.46	0.00047113
17.47	-0.001385
17.48	-0.0025524
17.49	-0.003189
17.5	-0.0032443
17.51	-0.0025912
17.52	-0.0013624
17.53	0.00102
17.54	0.0039431
17.55	0.0074968
17.56	0.0091631
17.57	0.0082845
17.58	0.0062322
17.59	0.0031704
17.6	0.001778
17.61	0.0024374
17.62	0.0044425
17.63	0.0072361
17.64	0.0099679
17.65	0.011617
17.66	0.012864
17.67	0.013616
17.68	0.013563
17.69	0.013194
17.7	0.012531
17.71	0.011337
17.72	0.010529
17.73	0.0096813
17.74	0.0083474
17.75	0.0058762
17.76	0.0028292
17.77	-0.00090898
17.78	-0.0041703
17.79	-0.0068389
17.8	-0.0086179
17.81	-0.0095337
17.82	-0.010458
17.83	-0.010469
17.84	-0.010415
17.85	-0.010496
17.86	-0.010596
17.87	-0.010357
17.88	-0.010299
17.89	-0.010197
17.9	-0.010124
17.91	-0.010083
17.92	-0.0099042
17.93	-0.010361
17.94	-0.011639
17.95	-0.013441
17.96	-0.014604
17.97	-0.01574
17.98	-0.015825
17.99	-0.015396
18	-0.01444
18.01	-0.012885
18.02	-0.0098526
18.03	-0.0065631
18.04	-0.0028564
18.05	0.00053306
18.06	0.0038409
18.07	0.0071605
18.08	0.0099058
18.09	0.013258
18.1	0.016261
18.11	0.018084
18.12	0.017733
18.13	0.015509
18.14	0.01279
18.15	0.0095418
18.16	0.0069962
18.17	0.0046654
18.18	0.0020667
18.19	-0.0011615
18.2	-0.0049372
18.21	-0.008338
18.22	-0.010644
18.23	-0.012105
18.24	-0.012673
18.25	-0.012467
18.26	-0.012144
18.27	-0.011583
18.28	-0.010927
18.29	-0.0098946
18.3	-0.0091441
18.31	-0.00898
18.32	-0.0087167
18.33	-0.009597
18.34	-0.010594
18.35	-0.011274
18.36	-0.011076
18.37	-0.01017
18.38	-0.0083692
18.39	-0.0058098
18.4	-0.0037497
18.41	-0.0021203
18.42	-0.00086253
18.43	-0.00013861
18.44	0.0019079
18.45	0.0045403
18.46	0.0079142
18.47	0.012357
18.48	0.016884
18.49	0.021125
18.5	0.024377
18.51	0.025126
18.52	0.02431
18.53	0.022088
18.54	0.019139
18.55	0.01566
18.56	0.013002
18.57	0.010345
18.58	0.008527
18.59	0.0068602
18.6	0.0049833
18.61	0.0034821
18.62	0.002534
18.63	0.0023854
18.64	0.0032892
18.65	0.0046162
18.66	0.0059285
18.67	0.0066387
18.68	0.0056705
18.69	0.0049053
18.7	0.0037318
18.71	0.0029296
18.72	0.002704
18.73	0.0018577
18.74	0.0014513
18.75	0.0015117
18.76	0.0018371
18.77	0.0018849
18.78	0.0013262
18.79	0.00045977
18.8	-0.00052624
18.81	-0.0014681
18.82	-0.0018486
18.83	-0.0029205
18.84	-0.0035832
18.85	-0.0040521
18.86	-0.0048245
18.87	-0.0051405
18.88	-0.0051425
18.89	-0.0061661
18.9	-0.0077136
18.91	-0.008968
18.92	-0.010506
18.93	-0.01204
18.94	-0.013175
18.95	-0.014434
18.96	-0.015706
18.97	-0.016162
18.98	-0.016397
18.99	-0.015448
19	-0.011811
19.01	-0.0074557
19.02	-0.0032948
19.03	0.00068905
19.04	0.0034658
19.05	0.0053532
19.06	0.0060428
19.07	0.0065227
19.08	0.0064465
19.09	0.0056422
19.1	0.0051676
19.11	0.0042452
19.12	0.0032456
19.13	0.0029103
19.14	0.0016709
19.15	0.0010821
19.16	0.00082347
19.17	0.0001165
19.18	-0.0005259
19.19	-0.00095001
19.2	-0.0021465
19.21	-0.0036885
19.22	-0.0045425
19.23	-0.0050033
19.24	-0.0048444
19.25	-0.0042063
19.26	-0.0039835
19.27	-0.003726
19.28	-0.0037022
19.29	-0.0037776
19.3	-0.0043803
19.31	-0.0054518
19.32	-0.0065446
19.33	-0.0079372
19.34	-0.0086637
19.35	-0.0085658
19.36	-0.0077975
19.37	-0.0059628
19.38	-0.0035077
19.39	-0.0015102
19.4	-0.001055
19.41	-0.0016869
19.42	-0.0026194
19.43	-0.0038749
19.44	-0.0050056
19.45	-0.0050431
19.46	-0.0048526
19.47	-0.0047616
19.48	-0.0046193
19.49	-0.0044256
19.5	-0.0042186
19.51	-0.0041225
19.52	-0.003616
19.53	-0.0023349
19.54	-0.0012022
19.55	0.00039316
19.56	0.002432
19.57	0.0035077
19.58	0.0036287
19.59	0.0035667
19.6	0.0034974
19.61	0.0034062
19.62	0.0033912
19.63	0.0032275
19.64	0.0027523
19.65	0.0016655
19.66	0.0004991
19.67	-0.0014822
19.68	-0.0036984
19.69	-0.0058239
19.7	-0.007141
19.71	-0.0077661
19.72	-0.007816
19.73	-0.0076956
19.74	-0.0068423
19.75	-0.0061546
19.76	-0.0050991
19.77	-0.0039159
19.78	-0.0027014
19.79	-0.0018375
19.8	-0.0016751
19.81	-0.0016077
19.82	-0.0013966
19.83	-0.0013796
19.84	-0.00031964
19.85	0.00078426
19.86	0.0019212
19.87	0.0028677
19.88	0.0039399
19.89	0.0047859
19.9	0.0056799
19.91	0.0074459
19.92	0.0094732
19.93	0.011921
19.94	0.014041
19.95	0.015597
19.96	0.016215
19.97	0.016442
19.98	0.01566
19.99	0.014701
20	0.013811
20.01	0.012867
20.02	0.01227
20.03	0.012725
20.04	0.01294
20.05	0.012552
20.06	0.012185
20.07	0.010922
20.08	0.0088657
20.09	0.0065689
20.1	0.0035471
20.11	0.00079593
20.12	-0.0017809
20.13	-0.0033228
20.14	-0.0044181
20.15	-0.0051211
20.16	-0.0049859
20.17	-0.0051397
20.18	-0.0050148
20.19	-0.0046026
20.2	-0.0045915
20.21	-0.004396
20.22	-0.0051102
20.23	-0.0066304
20.24	-0.008589
20.25	-0.010849
20.26	-0.012355
20.27	-0.012139
20.28	-0.010336
20.29	-0.0072204
20.3	-0.0044349
20.31	-0.002365
20.32	-0.0012406
20.33	-0.00036435
20.34	-0.00016603
20.35	-0.00014624
20.36	-0.00012292
20.37	0.00026133
20.38	0.0010751
20.39	0.0016618
20.4	0.0020106
20.41	0.0026001
20.42	0.0032376
20.43	0.0033
20.44	0.0033261
20.45	0.0033357
20.46	0.0034737
20.47	0.0039202
20.48	0.0040301
20.49	0.0033016
20.5	0.002753
20.51	0.0016572
20.52	0.00088331
20.53	0.0004374
20.54	-0.00031873
20.55	-0.00096519
20.56	-0.002329
20.57	-0.0038287
20.58	-0.0052685
20.59	-0.0064586
20.6	-0.0074682
20.61	-0.0077737
20.62	-0.0086151
20.63	-0.0085786
20.64	-0.008307
20.65	-0.0071154
20.66	-0.0057773
20.67	-0.004073
20.68	-0.0022313
20.69	-0.00062929
20.7	0.00020772
20.71	0.0012855
20.72	0.0017789
20.73	0.0019728
20.74	0.0024898
20.75	0.0032309
20.76	0.0036506
20.77	0.004851
20.78	0.0073679
20.79	0.0097477
20.8	0.011043
20.81	0.011737
20.82	0.011577
20.83	0.011236
20.84	0.010615
20.85	0.00956
20.86	0.0092524
20.87	0.008897
20.88	0.0091791
20.89	0.0094776
20.9	0.009113
20.91	0.0081071
20.92	0.007201
20.93	0.0060418
20.94	0.0050193
20.95	0.004619
20.96	0.0039677
20.97	0.0031536
20.98	0.0028972
20.99	0.002705
21	0.0026938
21.01	0.0026161
21.02	0.0017693
21.03	0.00075023
21.04	-0.00022341
21.05	-0.0010747
21.06	-0.0011868
21.07	-0.001129
21.08	-0.0016575
21.09	-0.0027631
21.1	-0.0031792
21.11	-0.0034851
21.12	-0.0031097
21.13	-0.0027318
21.14	-0.0027692
21.15	-0.0026276
21.16	-0.0028125
21.17	-0.0035991
21.18	-0.0048971
21.19	-0.0058458
21.2	-0.0062501
21.21	-0.0058185
21.22	-0.0046147
21.23	-0.0021761
21.24	0.00087851
21.25	0.0030665
21.26	0.0043964
21.27	0.0044275
21.28	0.0035575
21.29	0.0021631
21.3	0.00011248
21.31	-0.0024393
21.32	-0.0038953
21.33	-0.0039631
21.34	-0.0029771
21.35	-0.001342
21.36	0.00051872
21.37	0.0015384
21.38	0.0018683
21.39	0.001955
21.4	0.0022138
21.41	0.0022458
21.42	0.0021781
21.43	0.0018368
21.44	0.0013646
21.45	0.0011507
21.46	0.00066886
21.47	0.00022034
21.48	0.00017909
21.49	8.5167e-06
21.5	-0.00061151
21.51	-0.0011393
21.52	-0.0020535
21.53	-0.0035747
21.54	-0.0049186
21.55	-0.0057518
21.56	-0.0062472
21.57	-0.0069073
21.58	-0.0066449
21.59	-0.0054593
21.6	-0.003545
21.61	-0.0012852
21.62	0.0012143
21.63	0.0031977
21.64	0.0047007
21.65	0.0054362
21.66	0.0057845
21.67	0.0057087
21.68	0.005149
21.69	0.0042006
21.7	0.0025835
21.71	0.0017397
21.72	0.0022275
21.73	0.0033542
21.74	0.0047495
21.75	0.0059546
21.76	0.0063368
21.77	0.007325
21.78	0.0073524
21.79	0.0072534
21.8	0.0074962
21.81	0.0079513
21.82	0.007769
21.83	0.0072097
21.84	0.00599
21.85	0.00426
21.86	0.0020507
21.87	0.00017315
21.88	-0.0014443
21.89	-0.0033725
21.9	-0.0059152
21.91	-0.0084916
21.92	-0.0109
21.93	-0.012814
21.94	-0.014127
21.95	-0.015321
21.96	-0.01559
21.97	-0.015933
21.98	-0.01603
21.99	-0.015583
22	-0.015173
22.01	-0.014825
22.02	-0.014395
22.03	-0.014439
22.04	-0.01463
22.05	-0.014065
22.06	-0.013149
22.07	-0.011652
22.08	-0.0096136
22.09	-0.0071942
22.1	-0.0051263
22.11	-0.002583
22.12	-0.00013499
22.13	0.0020312
22.14	0.0034023
22.15	0.0043624
22.16	0.0052343
22.17	0.0061421
22.18	0.0075218
22.19	0.008893
22.2	0.01025
22.21	0.011475
22.22	0.012537
22.23	0.013146
22.24	0.012989
22.25	0.012954
22.26	0.012889
22.27	0.012849
22.28	0.012801
22.29	0.013295
22.3	0.013322
22.31	0.012668
22.32	0.011526
22.33	0.0099524
22.34	0.008626
22.35	0.0069819
22.36	0.0052643
22.37	0.0040474
22.38	0.0026997
22.39	0.0018794
22.4	0.00067292
22.41	0.00021326
22.42	-0.00096296
22.43	-0.0015579
22.44	-0.0018389
22.45	-0.0030463
22.46	-0.0041905
22.47	-0.0060005
22.48	-0.0077055
22.49	-0.0094082
22.5	-0.010037
22.51	-0.0097825
22.52	-0.0085623
22.53	-0.0076846
22.54	-0.0069744
22.55	-0.0057873
22.56	-0.0046249
22.57	-0.0033553
22.58	-0.002431
22.59	-0.0020032
22.6	-0.0022995
22.61	-0.002391
22.62	-0.0016555
22.63	-0.0013616
22.64	-0.0014063
22.65	-0.0013771
22.66	-0.0015503
22.67	-0.0023693
22.68	-0.0030467
22.69	-0.0033516
22.7	-0.0041386
22.71	-0.0046249
22.72	-0.0045712
22.73	-0.0042033
22.74	-0.0032786
22.75	-0.0027396
22.76	-0.0017425
22.77	-0.00077134
22.78	0.00058416
22.79	0.0017574
22.8	0.0026739
22.81	0.0028814
22.82	0.0024838
22.83	0.0012453
22.84	0.00061233
22.85	0.00018897
22.86	-7.6479e-05
22.87	-2.4845e-05
22.88	-0.00023561
22.89	-0.00073695
22.9	-0.00098899
22.91	-0.00090334
22.92	-0.00087373
22.93	-0.00038928
22.94	-0.00020221
22.95	-0.00081441
22.96	-0.001647
22.97	-0.00206
22.98	-0.0017961
22.99	-0.0014121
23	-0.0010656
23.01	-0.0017387
23.02	-0.0026028
23.03	-0.0036773
23.04	-0.0043097
23.05	-0.004086
23.06	-0.0038759
23.07	-0.002511
23.08	-0.001989
23.09	-0.0016307
23.1	-0.0018985
23.11	-0.0023181
23.12	-0.0033699
23.13	-0.0042117
23.14	-0.0050549
23.15	-0.0051821
23.16	-0.0049496
23.17	-0.0054727
23.18	-0.0064365
23.19	-0.0064691
23.2	-0.0067441
23.21	-0.0063849
23.22	-0.005196
23.23	-0.0037187
23.24	-0.0023266
23.25	-0.0013707
23.26	-0.00037397
23.27	0.00032825
23.28	0.0015193
23.29	0.0021425
23.3	0.0030036
23.31	0.0037555
23.32	0.0047032
23.33	0.0053686
23.34	0.0052299
23.35	0.0050517
23.36	0.0040268
23.37	0.0024869
23.38	0.0015361
23.39	0.00073696
23.4	0.00038846
23.41	0.0010525
23.42	0.0014892
23.43	0.0024375
23.44	0.0031124
23.45	0.0029868
23.46	0.0034389
23.47	0.003116
23.48	0.0026625
23.49	0.0026766
23.5	0.0026201
23.51	0.0025658
23.52	0.0024221
23.53	0.0022975
23.54	0.0023926
23.55	0.0022958
23.56	0.0022918
23.57	0.0012868
23.58	0.00026657
23.59	-0.00061436
23.6	-0.0013976
23.61	-0.0013396
23.62	-0.0013417
23.63	-0.0012931
23.64	-0.0016213
23.65	-0.0025059
23.66	-0.0029469
23.67	-0.0027549
23.68	-0.0028814
23.69	-0.002628
23.7	-0.0025762
23.71	-0.0024112
23.72	-0.0023573
23.73	-0.0012887
23.74	-0.00053286
23.75	-7.6023e-05
23.76	0.0005859
23.77	0.0014202
23.78	0.0013915
23.79	0.0023733
23.8	0.0032273
23.81	0.0041672
23.82	0.0049018
23.83	0.0055209
23.84	0.0059417
23.85	0.0058362
23.86	0.0060761
23.87	0.0060147
23.88	0.0060522
23.89	0.0063851
23.9	0.0064584
23.91	0.00608
23.92	0.0053415
23.93	0.0042335
23.94	0.0028985
23.95	0.0011497
23.96	-0.00026635
23.97	-0.0015501
23.98	-0.0023746
23.99	-0.0028979
24	-0.0030993
24.01	-0.0024352
24.02	-0.0019121
24.03	-0.001196
24.04	-0.00079488
24.05	-0.00082326
24.06	-0.0012966
24.07	-0.0018527
24.08	-0.0022871
24.09	-0.0028187
24.1	-0.0033624
24.11	-0.0035971
24.12	-0.0039997
24.13	-0.004434
24.14	-0.0048558
24.15	-0.0048709
24.16	-0.0048455
24.17	-0.0049017
24.18	-0.0045133
24.19	-0.0042158
24.2	-0.0034464
24.21	-0.0025236
24.22	-0.0022221
24.23	-0.0018154
24.24	-0.00096061
24.25	-0.0002177
24.26	-7.7425e-06
24.27	0.0011347
24.28	0.001909
24.29	0.0027162
24.3	0.0041504
24.31	0.0051401
24.32	0.0056142
24.33	0.0060974
24.34	0.0065149
24.35	0.0064329
24.36	0.0060394
24.37	0.0053517
24.38	0.004402
24.39	0.0039127
24.4	0.0028194
24.41	0.0022139
24.42	0.0021591
24.43	0.0021521
24.44	0.0020294
24.45	0.0026311
24.46	0.0029026
24.47	0.0026462
24.48	0.001986
24.49	0.0017883
24.5	0.001808
24.51	0.0017027
24.52	0.0014773
24.53	0.00060669
24.54	-0.00012666
24.55	-0.0007578
24.56	-0.0018252
24.57	-0.0021392
24.58	-0.0026456
24.59	-0.0027297
24.6	-0.0022308
24.61	-0.0017543
24.62	-0.0015988
24.63	-0.0007403
24.64	0.00036879
24.65	0.0014433
24.66	0.0027236
24.67	0.0036489
24.68	0.0047533
24.69	0.0059128
24.7	0.0067119
24.71	0.0070561
24.72	0.0072094
24.73	0.0073802
24.74	0.0073735
24.75	0.0077667
24.76	0.0079252
24.77	0.0088611
24.78	0.009075
24.79	0.0087155
24.8	0.0085046
24.81	0.0082277
24.82	0.0076358
24.83	0.007001
24.84	0.0063463
24.85	0.0059824
24.86	0.0059733
24.87	0.0057093
24.88	0.0049866
24.89	0.0043811
24.9	0.0027868
24.91	0.00082545
24.92	-0.0017007
24.93	-0.0045215
24.94	-0.0065444
24.95	-0.0082528
24.96	-0.0098339
24.97	-0.011088
24.98	-0.011938
24.99	-0.012732
25	-0.013084
25.01	-0.013321
25.02	-0.012868
25.03	-0.011833
25.04	-0.010752
25.05	-0.0085951
25.06	-0.006768
25.07	-0.0053759
25.08	-0.0043628
25.09	-0.003396
25.1	-0.0030125
25.11	-0.0024548
25.12	-0.0013691
25.13	-0.0010226
25.14	-0.0010172
25.15	-0.00098386
25.16	-0.00089919
25.17	-0.00072271
25.18	0.00032304
25.19	0.0016007
25.2	0.0027141
25.21	0.0037002
25.22	0.0042965
25.23	0.0042006
25.24	0.0037477
25.25	0.0024579
25.26	0.0020993
25.27	0.0014627
25.28	0.00044678
25.29	0.00027678
25.3	0.00078628
25.31	0.0015392
25.32	0.0017648
25.33	0.0020648
25.34	0.0025606
25.35	0.0031
25.36	0.003408
25.37	0.0033204
25.38	0.0030752
25.39	0.0025466
25.4	0.0016632
25.41	0.0010813
25.42	0.0004614
25.43	-0.00051704
25.44	-0.00026797
25.45	0.00066215
25.46	0.0011134
25.47	0.0017048
25.48	0.0014625
25.49	0.00075492
25.5	5.5436e-05
25.51	-0.00079135
25.52	-0.0015204
25.53	-0.0024767
25.54	-0.002909
25.55	-0.0028267
25.56	-0.0026318
25.57	-0.0016261
25.58	-0.00096805
25.59	-0.00040648
25.6	0.00041527
25.61	0.00070649
25.62	0.00034738
25.63	-0.00066054
25.64	-0.0014762
25.65	-0.0025091
25.66	-0.0028503
25.67	-0.0027637
25.68	-0.0026488
25.69	-0.0024435
25.7	-0.0026155
25.71	-0.0031942
25.72	-0.0042291
25.73	-0.0042816
25.74	-0.0039606
25.75	-0.0027475
25.76	-0.002184
25.77	-0.0018191
25.78	-0.0013865
25.79	-0.0012962
25.8	-0.0016965
25.81	-0.0020177
25.82	-0.0019414
25.83	-0.0019128
25.84	-0.0019117
25.85	-0.0018787
25.86	-0.0022802
25.87	-0.0029916
25.88	-0.00347
25.89	-0.0036338
25.9	-0.0040039
25.91	-0.0045341
25.92	-0.0047929
25.93	-0.0046024
25.94	-0.0043444
25.95	-0.0042427
25.96	-0.0039718
25.97	-0.0038444
25.98	-0.0039307
25.99	-0.0040546
26	-0.0039392
26.01	-0.003969
26.02	-0.0037163
26.03	-0.0030929
26.04	-0.0021388
26.05	-0.0014411
26.06	-0.00016773
26.07	0.00045191
26.08	0.0005208
26.09	0.00026589
26.1	-0.00023155
26.11	-0.0011396
26.12	-0.001725
26.13	-0.0024979
26.14	-0.003278
26.15	-0.0030463
26.16	-0.0030031
26.17	-0.0019313
26.18	-0.0011092
26.19	-3.1703e-05
26.2	0.0009474
26.21	0.001278
26.22	0.0011444
26.23	0.00088783
26.24	0.00051283
26.25	-0.00052247
26.26	-0.00091252
26.27	-0.00078097
26.28	-0.00053854
26.29	-0.00082795
26.3	-0.00097576
26.31	-0.00033563
26.32	0.0005314
26.33	0.0013544
26.34	0.0023194
26.35	0.0031311
26.36	0.0039907
26.37	0.0042564
26.38	0.0044158
26.39	0.0048976
26.4	0.005397
26.41	0.0058473
26.42	0.0060614
26.43	0.0066045
26.44	0.0065799
26.45	0.0064256
26.46	0.0058485
26.47	0.0050803
26.48	0.0046745
26.49	0.0043637
26.5	0.0040342
26.51	0.0034522
26.52	0.0028885
26.53	0.0027691
26.54	0.0026461
26.55	0.0029184
26.56	0.0033205
26.57	0.0035019
26.58	0.0033742
26.59	0.0027506
26.6	0.0020146
26.61	0.0010208
26.62	-8.2565e-05
26.63	-0.0016689
26.64	-0.0033002
26.65	-0.0047043
26.66	-0.00545
26.67	-0.0063658
26.68	-0.0070465
26.69	-0.0077294
26.7	-0.0082595
26.71	-0.0082252
26.72	-0.008018
26.73	-0.0078134
26.74	-0.007615
26.75	-0.0074155
26.76	-0.0071802
26.77	-0.0069891
26.78	-0.0063804
26.79	-0.0054248
26.8	-0.0046924
26.81	-0.0042891
26.82	-0.0038198
26.83	-0.0035394
26.84	-0.0037613
26.85	-0.0038676
26.86	-0.0037746
26.87	-0.0033804
26.88	-0.0027438
26.89	-0.0025813
26.9	-0.0027488
26.91	-0.0030674
26.92	-0.0033132
26.93	-0.0033525
26.94	-0.003909
26.95	-0.0038102
26.96	-0.0033225
26.97	-0.0027386
26.98	-0.0020052
26.99	-0.00070801
27	0.00027531
27.01	0.0013066
27.02	0.0022633
27.03	0.0032358
27.04	0.0038543
27.05	0.0043233
27.06	0.0038962
27.07	0.0033652
27.08	0.0025309
27.09	0.0014791
27.1	0.001449
27.11	0.0014833
27.12	0.001512
27.13	0.0014683
27.14	0.0016098
27.15	0.0018649
27.16	0.0023557
27.17	0.0024058
27.18	0.0023094
27.19	0.0016983
27.2	0.001434
27.21	0.0012525
27.22	0.00036575
27.23	-0.0002512
27.24	-0.00034795
27.25	-0.00057605
27.26	-0.00062195
27.27	-0.00049594
27.28	-0.00045931
27.29	-0.00066124
27.3	-0.0013592
27.31	-0.0015473
27.32	-0.0017858
27.33	-0.0018065
27.34	-0.0015572
27.35	-0.0012703
27.36	-0.0012085
27.37	-0.0011188
27.38	-0.00072873
27.39	0.0003931
27.4	0.0011429
27.41	0.0022522
27.42	0.0026997
27.43	0.0030491
27.44	0.0041575
27.45	0.0045551
27.46	0.0050128
27.47	0.0059281
27.48	0.0058629
27.49	0.0058238
27.5	0.0047837
27.51	0.0038269
27.52	0.0026181
27.53	0.0017406
27.54	0.00060287
27.55	-3.2393e-05
27.56	-0.00070178
27.57	-0.0017225
27.58	-0.0019278
27.59	-0.002135
27.6	-0.0014517
27.61	-0.001037
27.62	-0.00024988
27.63	0.00073313
27.64	0.0012253
27.65	0.0021832
27.66	0.0029439
27.67	0.0036543
27.68	0.0043838
27.69	0.0043498
27.7	0.004279
27.71	0.0035945
27.72	0.0032277
27.73	0.0029024
27.74	0.0029826
27.75	0.0034862
27.76	0.0038803
27.77	0.0036362
27.78	0.0032392
27.79	0.0029494
27.8	0.0028582
27.81	0.0034707
27.82	0.0037986
27.83	0.0045198
27.84	0.00542
27.85	0.0054774
27.86	0.004847
27.87	0.0031817
27.88	0.0016229
27.89	0.00090028
27.9	0.00032637
27.91	0.00066588
27.92	0.0011436
27.93	0.001168
27.94	0.0016545
27.95	0.0020845
27.96	0.002472
27.97	0.0028239
27.98	0.003051
27.99	0.0037512
28	0.0046232
28.01	0.0057329
28.02	0.0060135
28.03	0.0057977
28.04	0.0056356
28.05	0.0047872
28.06	0.0038774
28.07	0.0035686
28.08	0.003286
28.09	0.0029263
28.1	0.0027852
28.11	0.0027484
28.12	0.0023957
28.13	0.0019146
28.14	0.0012647
28.15	0.0011085
28.16	0.00090608
28.17	0.00061191
28.18	0.00071747
28.19	0.00080748
28.2	0.00087172
28.21	0.0012236
28.22	0.0020743
28.23	0.0025211
28.24	0.0023865
28.25	0.0022936
28.26	0.0016702
28.27	0.00076387
28.28	0.00011554
28.29	-0.00055075
28.3	-0.0013271
28.31	-0.0015078
28.32	-0.0014804
28.33	-0.0014571
28.34	-0.0015218
28.35	-0.0013473
28.36	-0.0012922
28.37	-0.0013729
28.38	-0.0013742
28.39	-0.001509
28.4	-0.0024869
28.41	-0.0028711
28.42	-0.0026978
28.43	-0.0017909
28.44	-0.0011309
28.45	-0.00023433
28.46	0.00068952
28.47	0.0009536
28.48	0.0013551
28.49	0.00078107
28.5	0.00043043
28.51	-9.0403e-05
28.52	-0.00089947
28.53	-0.0013503
28.54	-0.0013867
28.55	-0.0011523
28.56	-0.0010968
28.57	-0.0013513
28.58	-0.0013784
28.59	-0.0019213
28.6	-0.0027459
28.61	-0.0029908
28.62	-0.0030364
28.63	-0.0031502
28.64	-0.0033682
28.65	-0.0034906
28.66	-0.0037527
28.67	-0.0040868
28.68	-0.0042023
28.69	-0.0038627
28.7	-0.0035823
28.71	-0.0033792
28.72	-0.0034295
28.73	-0.0037802
28.74	-0.0037386
28.75	-0.0036333
28.76	-0.00368
28.77	-0.0033836
28.78	-0.0029405
28.79	-0.0023989
28.8	-0.0017346
28.81	-0.0008751
28.82	0.00038142
28.83	0.0015945
28.84	0.0027626
28.85	0.0040901
28.86	0.0047943
28.87	0.0051335
28.88	0.0053659
28.89	0.0054778
28.9	0.0052328
28.91	0.0050123
28.92	0.004798
28.93	0.004826
28.94	0.0045465
28.95	0.0043278
28.96	0.0039039
28.97	0.0030895
28.98	0.0024672
28.99	0.0020869
29	0.0020589
29.01	0.0019269
29.02	0.0018897
29.03	0.0018251
29.04	0.0024997
29.05	0.0030289
29.06	0.0031849
29.07	0.0031991
29.08	0.0029106
29.09	0.0024272
29.1	0.0015259
29.11	0.0010736
29.12	0.00037861
29.13	-0.00075527
29.14	-0.0010668
29.15	-0.0017374
29.16	-0.0018934
29.17	-0.0018788
29.18	-0.0014288
29.19	-0.00089141
29.2	-0.00062717
29.21	0.00018873
29.22	0.00080512
29.23	0.00082932
29.24	0.00036549
29.25	-0.00026071
29.26	-0.00089682
29.27	-0.0011433
29.28	-0.0014379
29.29	-0.0023151
29.3	-0.0030084
29.31	-0.0029352
29.32	-0.0033952
29.33	-0.0035089
29.34	-0.0029926
29.35	-0.0028029
29.36	-0.0027446
29.37	-0.0027843
29.38	-0.002461
29.39	-0.0017023
29.4	-0.00088301
29.41	-0.00073458
29.42	-0.0001335
29.43	8.1963e-05
29.44	-0.0001659
29.45	-0.00068999
29.46	-0.00089659
29.47	-0.00094182
29.48	-0.0013113
29.49	-0.001742
29.5	-0.0022699
29.51	-0.0027187
29.52	-0.0026794
29.53	-0.0023036
29.54	-0.0015404
29.55	-0.00083998
29.56	-0.00077963
29.57	-0.00084737
29.58	-0.00074279
29.59	-0.00082029
29.6	-0.00063376
29.61	-0.0005744
29.62	0.00012937
29.63	0.00080561
29.64	0.0012354
29.65	0.0015827
29.66	0.0019797
29.67	0.0017753
29.68	0.0011058
29.69	0.00063995
29.7	0.00037732
29.71	-0.00033734
29.72	-0.00048892
29.73	-0.00058551
29.74	-0.00059442
29.75	-0.00058263
29.76	-0.00026291
29.77	-0.00027349
29.78	-0.000559
29.79	-0.001014
29.8	-0.00145
29.81	-0.001917
29.82	-0.002852
29.83	-0.0033061
29.84	-0.0038903
29.85	-0.0046349
29.86	-0.0048758
29.87	-0.0055411
29.88	-0.0063037
29.89	-0.0063875
29.9	-0.0064132
29.91	-0.0065006
29.92	-0.0062534
29.93	-0.0056119
29.94	-0.004548
29.95	-0.0036219
29.96	-0.0025644
29.97	-0.0017853
29.98	-0.0017366
29.99	-0.0017145
30	-0.0022275
30.01	-0.0028819
30.02	-0.0027983
30.03	-0.001974
30.04	-0.0014199
30.05	-0.00080089
30.06	-5.8146e-05
30.07	0.00050645
30.08	0.00049097
30.09	0.00049407
30.1	0.00046049
30.11	0.00049287
30.12	-0.00011845
30.13	-0.00074368
30.14	-0.0012813
30.15	-0.0013872
30.16	-0.0013203
30.17	-0.0013464
30.18	-0.0012078
30.19	-0.00070009
30.2	-0.00016361
30.21	6.3158e-05
30.22	-0.00017067
30.23	-0.00032142
30.24	-0.0005313
30.25	-0.0011421
30.26	-0.001244
30.27	-0.001149
30.28	-0.0011829
30.29	-0.0010817
30.3	-0.00055814
30.31	0.00043699
30.32	0.0007348
30.33	0.00070899
30.34	0.00056869
30.35	0.00014199
30.36	-0.00040571
30.37	-0.00040023
30.38	-0.0005914
30.39	-0.00040167
30.4	-0.00015139
30.41	0.00050494
30.42	0.00084274
30.43	0.0012594
30.44	0.0016561
30.45	0.0020101
30.46	0.002074
30.47	0.001568
30.48	0.00084153
30.49	0.00053262
30.5	0.00018317
30.51	-0.00043766
30.52	-0.00035929
30.53	-2.7442e-05
30.54	0.00035812
30.55	0.00047619
30.56	0.00044842
30.57	0.00045908
30.58	0.00051226
30.59	0.00095499
30.6	0.0012596
30.61	0.0012569
30.62	0.00092578
30.63	0.00058949
30.64	0.00038708
30.65	0.00017671
30.66	-0.00047465
30.67	-0.0012722
30.68	-0.0013275
30.69	-0.0014749
30.7	-0.0010411
30.71	-0.00058276
30.72	-0.00019131
30.73	0.0003298
30.74	0.00041603
30.75	0.0004634
30.76	0.0010608
30.77	0.0014632
30.78	0.001817
30.79	0.0014938
30.8	0.00090275
30.81	0.00033858
30.82	-8.0064e-05
30.83	-0.0006002
30.84	-0.00094489
30.85	-0.00085306
30.86	-0.00011465
30.87	0.00032471
30.88	0.00083673
30.89	0.0016774
30.9	0.0019738
30.91	0.0019309
30.92	0.0019958
30.93	0.0022526
30.94	0.0018551
30.95	0.0017464
30.96	0.001423
30.97	0.00080154
30.98	0.00045372
30.99	0.00064253
31	0.0012784
31.01	0.0025193
31.02	0.0033535
31.03	0.0044747
31.04	0.0050862
31.05	0.0053037
31.06	0.0053556
31.07	0.0049282
31.08	0.0044932
31.09	0.0038654
31.1	0.0028997
31.11	0.0021334
31.12	0.0020669
31.13	0.0019086
31.14	0.002133
31.15	0.0027785
31.16	0.003313
31.17	0.003113
31.18	0.002506
31.19	0.0015203
31.2	0.0012531
31.21	0.00042662
31.22	-0.00047734
31.23	-0.00066147
31.24	-0.0013439
31.25	-0.0016245
31.26	-0.0018004
31.27	-0.0021053
31.28	-0.0020575
31.29	-0.0021005
31.3	-0.0021583
31.31	-0.0019112
31.32	-0.0014936
31.33	-0.00095826
31.34	-0.00052294
31.35	-0.00047435
31.36	0.00011699
31.37	0.0005311
31.38	0.0007503
31.39	0.00072945
31.4	0.00050248
31.41	0.00031663
31.42	0.00028276
31.43	-0.00013249
31.44	-0.00075267
31.45	-0.00065491
31.46	-0.00076151
31.47	-0.00028442
31.48	0.00015987
31.49	0.00074064
31.5	0.00060669
31.51	0.00025343
31.52	-0.0005219
31.53	-0.00090871
31.54	-0.0018564
31.55	-0.0026363
31.56	-0.0031169
31.57	-0.0035475
31.58	-0.0038108
31.59	-0.0036907
31.6	-0.0033977
31.61	-0.003081
31.62	-0.0030831
31.63	-0.0033258
31.64	-0.003724
31.65	-0.0038046
31.66	-0.0036738
31.67	-0.0035932
31.68	-0.0033436
31.69	-0.0029181
31.7	-0.0025212
31.71	-0.0021202
31.72	-0.0016638
31.73	-0.0015534
31.74	-0.0014428
31.75	-0.0012681
31.76	-0.001499
31.77	-0.0014537
31.78	-0.0013426
31.79	-0.0010549
31.8	-0.00092028
31.81	-0.00072229
31.82	-0.0006096
31.83	-0.00081351
31.84	-0.00077633
31.85	-0.00093346
31.86	-0.0015487
31.87	-0.0018592
31.88	-0.00212
31.89	-0.0022992
31.9	-0.0020021
31.91	-0.0017542
31.92	-0.0015503
31.93	-0.0018518
31.94	-0.0018339
31.95	-0.0017398
31.96	-0.0014233
31.97	-0.00084436
31.98	-0.00027348
31.99	0.00018515
32	0.00032013
32.01	0.00032009
32.02	0.00035143
32.03	0.00054064
32.04	0.00087531
32.05	0.0014561
32.06	0.0017136
32.07	0.0016891
32.08	0.0020569
32.09	0.0020707
32.1	0.0020409
32.11	0.0020877
32.12	0.0029646
32.13	0.0034708
32.14	0.0037887
32.15	0.0041425
32.16	0.0042358
32.17	0.003992
32.18	0.0034319
32.19	0.0029423
32.2	0.0029578
32.21	0.0023964
32.22	0.0016527
32.23	0.001173
32.24	0.0011111
32.25	0.0011117
32.26	0.0016479
32.27	0.0021609
32.28	0.0025025
32.29	0.0024079
32.3	0.0025364
32.31	0.0025467
32.32	0.0024802
32.33	0.0022888
32.34	0.0020558
32.35	0.002007
32.36	0.0019462
32.37	0.0018702
32.38	0.0018111
32.39	0.0017514
32.4	0.0016485
32.41	0.0013971
32.42	0.0013091
32.43	0.0012932
32.44	0.0013082
32.45	0.0010381
32.46	0.0010399
32.47	0.0011586
32.48	0.0012568
32.49	0.0012081
32.5	0.0017905
32.51	0.0024195
32.52	0.0024366
32.53	0.0025939
32.54	0.0025058
32.55	0.0022304
32.56	0.0020322
32.57	0.0019385
32.58	0.0018478
32.59	0.0017112
32.6	0.0017065
32.61	0.0017563
32.62	0.0019621
32.63	0.0019798
32.64	0.0019024
32.65	0.0018142
32.66	0.0013826
32.67	0.0012107
32.68	0.00099707
32.69	0.00081996
32.7	0.00062921
32.71	0.00071616
32.72	0.00058533
32.73	0.00056672
32.74	0.00035515
32.75	0.00019476
32.76	-0.00027515
32.77	-0.00091932
32.78	-0.0011566
32.79	-0.0011855
32.8	-0.0011752
32.81	-0.0012469
32.82	-0.0011379
32.83	-0.0009873
32.84	-0.00078361
32.85	-0.0006886
32.86	-0.00067074
32.87	-0.00064885
32.88	-0.00096751
32.89	-0.0013003
32.9	-0.0014753
32.91	-0.0019702
32.92	-0.0023191
32.93	-0.0024832
32.94	-0.0028961
32.95	-0.0030619
32.96	-0.0030496
32.97	-0.0030644
32.98	-0.0029224
32.99	-0.0026184
33	-0.002501
33.01	-0.0023679
33.02	-0.0022521
33.03	-0.0021758
33.04	-0.0020537
33.05	-0.0019312
33.06	-0.00154
33.07	-0.0012725
33.08	-0.0011181
33.09	-0.001095
33.1	-0.0009642
33.11	-0.00067222
33.12	-0.00014364
33.13	-2.2779e-05
33.14	9.9407e-05
33.15	0.00039707
33.16	0.0006904
33.17	0.00084626
33.18	0.00080266
33.19	0.00073219
33.2	0.00066056
33.21	0.00028377
33.22	-5.548e-05
33.23	-0.00029702
33.24	-0.00034952
33.25	-0.00035965
33.26	-0.0004213
33.27	-0.0005777
33.28	-0.00082857
33.29	-0.0011193
33.3	-0.0011358
33.31	-0.0010716
33.32	-0.0010564
33.33	-0.00099638
33.34	-0.00096089
33.35	-0.00074141
33.36	-0.00038784
33.37	-0.00013584
33.38	-0.00010069
33.39	-0.00012261
33.4	-0.00010757
33.41	-0.00012399
33.42	-0.00012749
33.43	2.3289e-05
33.44	0.00045865
33.45	0.00055184
33.46	0.00066469
33.47	0.0008899
33.48	0.0010095
33.49	0.00091611
33.5	0.0011129
33.51	0.0012509
33.52	0.0011109
33.53	0.00086251
33.54	0.00057058
33.55	0.00021425
33.56	-0.00018013
33.57	-0.00048591
33.58	-0.00078396
33.59	-0.00083508
33.6	-0.0008155
33.61	-0.00093893
33.62	-0.00091393
33.63	-0.00092201
33.64	-0.00097
33.65	-0.0010959
33.66	-0.0011266
33.67	-0.0010658
33.68	-0.0011799
33.69	-0.0013655
33.7	-0.0013752
33.71	-0.0014745
33.72	-0.0015731
33.73	-0.0014763
33.74	-0.0013167
33.75	-0.001098
33.76	-0.00090815
33.77	-0.00072335
33.78	-0.00058942
33.79	-0.00048802
33.8	-0.00043827
33.81	-0.00042595
33.82	-0.00038079
33.83	-0.00033142
33.84	-0.00019624
33.85	-7.7561e-05
33.86	-2.174e-05
33.87	5.6425e-06
33.88	2.4899e-05
33.89	4.3533e-05
33.9	5.7903e-05
33.91	6.9621e-05
33.92	0.00010117
33.93	0.00013234
33.94	0.00014164
33.95	0.00014797
33.96	0.00013346
33.97	0.00014569
33.98	0.00015644
33.99	0.00019068
34	0.00026054
34.01	0.0002869
34.02	0.00032523
34.03	0.00035473
34.04	0.00034173
34.05	0.00032855
34.06	0.00025808
34.07	0.00019291
34.08	0.00018254
34.09	0.00019606
34.1	0.0001965
34.11	0.00020618
34.12	0.000207
34.13	0.00024683
34.14	0.00026873
34.15	0.00029178
34.16	0.0003144
34.17	0.0003169
34.18	0.00030621
34.19	0.00031172
34.2	0.0003157
34.21	0.0003046
34.22	0.00028107
34.23	0.00026902
34.24	0.00026478
34.25	0.000257
34.26	0.00025177
34.27	0.0002424
34.28	0.00023208
34.29	0.00022484
34.3	0.00022819
34.31	0.00022533
34.32	0.00022341
34.33	0.00021931
34.34	0.00022082
34.35	0.00022377
34.36	0.00021639
34.37	0.00020624
34.38	0.00019639
34.39	0.00018946
34.4	0.00017409
34.41	0.00016166
34.42	0.0001606
34.43	0.00015973
34.44	0.00015332
34.45	0.00015156
34.46	0.00015256
34.47	0.00015255
34.48	0.00015432
34.49	0.00015481
34.5	0.00015447
34.51	0.00015392
34.52	0.00015144
34.53	0.00014863
34.54	0.00014691
34.55	0.00014618
34.56	0.0001443
34.57	0.00014337
34.58	0.00014217
34.59	0.00013889
34.6	0.0001368
34.61	0.00013456
34.62	0.00013187
34.63	0.00012866
34.64	0.00012556
34.65	0.00012214
34.66	0.00011809
34.67	0.00011425
34.68	0.00011018
34.69	0.00010573
34.7	0.00010075
34.71	9.5748e-05
34.72	9.0484e-05
34.73	8.5082e-05
34.74	7.9769e-05
34.75	7.4393e-05
34.76	6.8981e-05
34.77	6.37e-05
34.78	5.8264e-05
34.79	5.2867e-05
34.8	4.7468e-05
34.81	4.2032e-05
34.82	3.6545e-05
34.83	3.1037e-05
34.84	2.5497e-05
34.85	1.9945e-05
34.86	1.4373e-05
34.87	8.8042e-06
34.88	3.243e-06
34.89	-2.2977e-06
34.9	-7.8328e-06
34.91	-1.3351e-05
34.92	-1.8848e-05
34.93	-2.4318e-05
34.94	-2.9758e-05
34.95	-3.516e-05
34.96	-4.0521e-05
34.97	-4.5836e-05
34.98	-5.1102e-05
