0	-0.00086654
0.01	-0.00019394
0.02	0.0023114
0.03	0.0039093
0.04	0.0032552
0.05	0.0031627
0.06	0.0029871
0.07	0.0027404
0.08	0.0024368
0.09	0.0021209
0.1	0.0018286
0.11	0.0015943
0.12	0.0014254
0.13	0.0013058
0.14	0.001219
0.15	0.0011844
0.16	0.0012123
0.17	0.0012849
0.18	0.0013794
0.19	0.0014924
0.2	0.0016311
0.21	0.0018115
0.22	0.002047
0.23	0.002322
0.24	0.002567
0.25	0.0027184
0.26	0.0027548
0.27	0.0026635
0.28	0.0024212
0.29	0.0020223
0.3	0.0015112
0.31	0.00094303
0.32	0.00033035
0.33	-0.00028623
0.34	-0.00085366
0.35	-0.0013297
0.36	-0.0016572
0.37	-0.0018358
0.38	-0.0019525
0.39	-0.0020723
0.4	-0.0021918
0.41	-0.0022312
0.42	-0.0020878
0.43	-0.0018135
0.44	-0.0015842
0.45	-0.0014828
0.46	-0.0014562
0.47	-0.0014225
0.48	-0.0013394
0.49	-0.0011967
0.5	-0.001041
0.51	-0.00093556
0.52	-0.00095452
0.53	-0.0011042
0.54	-0.0012386
0.55	-0.001236
0.56	-0.0011231
0.57	-0.00097308
0.58	-0.00085015
0.59	-0.00089714
0.6	-0.0010822
0.61	-0.00099532
0.62	-0.00042199
0.63	0.00034878
0.64	0.00095496
0.65	0.0011568
0.66	0.00081762
0.67	0.00014101
0.68	-0.00053005
0.69	-0.0011598
0.7	-0.0017597
0.71	-0.002093
0.72	-0.0021156
0.73	-0.0022478
0.74	-0.002671
0.75	-0.0029388
0.76	-0.0027344
0.77	-0.002174
0.78	-0.0014962
0.79	-0.00098372
0.8	-0.00087757
0.81	-0.0012305
0.82	-0.0017243
0.83	-0.0019334
0.84	-0.0018129
0.85	-0.0016778
0.86	-0.0019591
0.87	-0.0027956
0.88	-0.0035952
0.89	-0.003447
0.9	-0.0023012
0.91	-0.0010805
0.92	-0.00044633
0.93	-0.00023594
0.94	4.4152e-06
0.95	0.00063315
0.96	0.001682
0.97	0.0025743
0.98	0.002673
0.99	0.0019065
1	0.00058517
1.01	-0.00073625
1.02	-0.0015897
1.03	-0.0018588
1.04	-0.001433
1.05	-0.00036312
1.06	0.00082154
1.07	0.001943
1.08	0.0030955
1.09	0.0037336
1.1	0.0036936
1.11	0.0036162
1.12	0.0037607
1.13	0.0038996
1.14	0.0038766
1.15	0.0037405
1.16	0.003607
1.17	0.003519
1.18	0.0034519
1.19	0.003377
1.2	0.0032976
1.21	0.003285
1.22	0.0032121
1.23	0.0024214
1.24	0.00026928
1.25	-0.0027872
1.26	-0.0052043
1.27	-0.0060734
1.28	-0.0062305
1.29	-0.0070699
1.3	-0.009066
1.31	-0.011254
1.32	-0.011778
1.33	-0.0096424
1.34	-0.005737
1.35	-0.00165
1.36	0.0018912
1.37	0.0048032
1.38	0.0068809
1.39	0.0075227
1.4	0.0062014
1.41	0.0031633
1.42	-0.00094667
1.43	-0.0054865
1.44	-0.010156
1.45	-0.014919
1.46	-0.019137
1.47	-0.021984
1.48	-0.023048
1.49	-0.022293
1.5	-0.020369
1.51	-0.018109
1.52	-0.015795
1.53	-0.013546
1.54	-0.011446
1.55	-0.0090647
1.56	-0.0057927
1.57	-0.001473
1.58	0.0031181
1.59	0.006207
1.6	0.0072682
1.61	0.007957
1.62	0.0090331
1.63	0.0098488
1.64	0.010463
1.65	0.01156
1.66	0.013137
1.67	0.014219
1.68	0.014147
1.69	0.013366
1.7	0.012473
1.71	0.011689
1.72	0.010638
1.73	0.0075337
1.74	0.0013375
1.75	-0.0056162
1.76	-0.0098686
1.77	-0.0105
1.78	-0.0087216
1.79	-0.0053112
1.8	-0.00084664
1.81	0.0029759
1.82	0.0040522
1.83	0.0016236
1.84	-0.0022577
1.85	-0.0037911
1.86	-0.0016116
1.87	0.0019707
1.88	0.0041569
1.89	0.0037492
1.9	0.0016289
1.91	0.00022874
1.92	0.00089113
1.93	0.0028264
1.94	0.0051578
1.95	0.0077933
1.96	0.010348
1.97	0.012029
1.98	0.012708
1.99	0.012647
2	0.011652
2.01	0.0094834
2.02	0.0062869
2.03	0.0022582
2.04	-0.0023303
2.05	-0.0064396
2.06	-0.0086564
2.07	-0.0086813
2.08	-0.0084463
2.09	-0.010578
2.1	-0.013507
2.11	-0.012184
2.12	-0.0055114
2.13	0.0026126
2.14	0.0086034
2.15	0.011183
2.16	0.010342
2.17	0.0071614
2.18	0.0033784
2.19	-0.00010989
2.2	-0.0037609
2.21	-0.0080724
2.22	-0.013313
2.23	-0.020364
2.24	-0.02858
2.25	-0.033504
2.26	-0.03109
2.27	-0.022613
2.28	-0.012485
2.29	-0.0040786
2.3	0.0025038
2.31	0.0099
2.32	0.018997
2.33	0.0261
2.34	0.027027
2.35	0.022598
2.36	0.017557
2.37	0.01531
2.38	0.015422
2.39	0.015009
2.4	0.011823
2.41	0.0065607
2.42	0.002217
2.43	0.0010947
2.44	0.003115
2.45	0.0062704
2.46	0.0072288
2.47	0.0041649
2.48	-0.00082932
2.49	-0.0040528
2.5	-0.0031393
2.51	0.0020188
2.52	0.0091147
2.53	0.013995
2.54	0.013168
2.55	0.0069725
2.56	-0.00093564
2.57	-0.0076543
2.58	-0.012811
2.59	-0.01659
2.6	-0.018068
2.61	-0.015502
2.62	-0.0082894
2.63	0.00074923
2.64	0.0069733
2.65	0.0079849
2.66	0.004969
2.67	0.0012755
2.68	-0.0014335
2.69	-0.0042937
2.7	-0.0066207
2.71	-0.0058917
2.72	-0.0028808
2.73	-0.00072235
2.74	7.7875e-05
2.75	0.0011971
2.76	0.0026967
2.77	0.002655
2.78	0.00012952
2.79	-0.0031148
2.8	-0.0045574
2.81	-0.002844
2.82	0.0017109
2.83	0.0081507
2.84	0.016625
2.85	0.026771
2.86	0.035938
2.87	0.041218
2.88	0.04123
2.89	0.03558
2.9	0.025161
2.91	0.012458
2.92	-0.00032215
2.93	-0.011708
2.94	-0.019516
2.95	-0.021763
2.96	-0.018438
2.97	-0.011417
2.98	-0.003016
2.99	0.0047993
3	0.010765
3.01	0.014911
3.02	0.017267
3.03	0.017916
3.04	0.017926
3.05	0.017865
3.06	0.017477
3.07	0.015638
3.08	0.010294
3.09	0.00105
3.1	-0.008818
3.11	-0.015176
3.12	-0.017679
3.13	-0.018581
3.14	-0.018335
3.15	-0.016168
3.16	-0.013091
3.17	-0.010382
3.18	-0.0075853
3.19	-0.0046301
3.2	-0.0023392
3.21	0.00019257
3.22	0.0040122
3.23	0.0066629
3.24	0.0058132
3.25	0.0035674
3.26	0.003603
3.27	0.0063864
3.28	0.0091896
3.29	0.009209
3.3	0.0051001
3.31	-0.0026606
3.32	-0.012473
3.33	-0.021856
3.34	-0.028154
3.35	-0.02939
3.36	-0.024404
3.37	-0.014607
3.38	-0.0030443
3.39	0.0077629
3.4	0.015848
3.41	0.020267
3.42	0.020722
3.43	0.017766
3.44	0.013354
3.45	0.010302
3.46	0.011795
3.47	0.018664
3.48	0.027429
3.49	0.033104
3.5	0.032208
3.51	0.023934
3.52	0.010773
3.53	-0.0031077
3.54	-0.013912
3.55	-0.019188
3.56	-0.019706
3.57	-0.019216
3.58	-0.021036
3.59	-0.02456
3.6	-0.024747
3.61	-0.017636
3.62	-0.0057344
3.63	0.0043318
3.64	0.0076434
3.65	0.0034395
3.66	-0.0047414
3.67	-0.011165
3.68	-0.013068
3.69	-0.01159
3.7	-0.008564
3.71	-0.0057038
3.72	-0.0056509
3.73	-0.011089
3.74	-0.021575
3.75	-0.0332
3.76	-0.04193
3.77	-0.046098
3.78	-0.045981
3.79	-0.042201
3.8	-0.035613
3.81	-0.027823
3.82	-0.020027
3.83	-0.012349
3.84	-0.0046023
3.85	0.0033079
3.86	0.010872
3.87	0.01752
3.88	0.02292
3.89	0.025555
3.9	0.0239
3.91	0.018835
3.92	0.013537
3.93	0.012134
3.94	0.016591
3.95	0.025248
3.96	0.034079
3.97	0.037305
3.98	0.031169
3.99	0.018056
4	0.0032973
4.01	-0.0092625
4.02	-0.016656
4.03	-0.016816
4.04	-0.011495
4.05	-0.0050066
4.06	0.00099883
4.07	0.0070501
4.08	0.010342
4.09	0.0068194
4.1	-0.00051092
4.11	-0.0045311
4.12	-0.0035646
4.13	-0.00041952
4.14	0.0026039
4.15	0.0027887
4.16	-0.0032199
4.17	-0.015167
4.18	-0.028627
4.19	-0.038687
4.2	-0.041662
4.21	-0.036251
4.22	-0.02613
4.23	-0.018399
4.24	-0.01719
4.25	-0.020032
4.26	-0.020797
4.27	-0.01675
4.28	-0.010745
4.29	-0.0071107
4.3	-0.0086914
4.31	-0.014701
4.32	-0.020564
4.33	-0.022622
4.34	-0.020897
4.35	-0.016792
4.36	-0.01244
4.37	-0.01025
4.38	-0.0095965
4.39	-0.0074834
4.4	-0.0031324
4.41	0.00049603
4.42	-8.0133e-05
4.43	-0.0047878
4.44	-0.0087735
4.45	-0.0059909
4.46	0.0054511
4.47	0.022746
4.48	0.041107
4.49	0.055783
4.5	0.064283
4.51	0.067355
4.52	0.067212
4.53	0.065602
4.54	0.063127
4.55	0.058369
4.56	0.048788
4.57	0.034773
4.58	0.019068
4.59	0.0026572
4.6	-0.012785
4.61	-0.023796
4.62	-0.02993
4.63	-0.033013
4.64	-0.03451
4.65	-0.035496
4.66	-0.035358
4.67	-0.032965
4.68	-0.029454
4.69	-0.027051
4.7	-0.026094
4.71	-0.024504
4.72	-0.021236
4.73	-0.019433
4.74	-0.021875
4.75	-0.025925
4.76	-0.027048
4.77	-0.02314
4.78	-0.014501
4.79	-0.0025186
4.8	0.011348
4.81	0.024841
4.82	0.03512
4.83	0.040494
4.84	0.040622
4.85	0.036934
4.86	0.032716
4.87	0.030407
4.88	0.029856
4.89	0.029293
4.9	0.027099
4.91	0.023302
4.92	0.018275
4.93	0.012458
4.94	0.0076441
4.95	0.0043857
4.96	0.00069412
4.97	-0.0047157
4.98	-0.01029
4.99	-0.013334
5	-0.01256
5.01	-0.0089178
5.02	-0.0051674
5.03	-0.004748
5.04	-0.0087466
5.05	-0.013558
5.06	-0.014088
5.07	-0.0088743
5.08	-0.001285
5.09	0.0043754
5.1	0.008006
5.11	0.012815
5.12	0.01984
5.13	0.025768
5.14	0.026523
5.15	0.022011
5.16	0.015847
5.17	0.012301
5.18	0.013956
5.19	0.019241
5.2	0.022993
5.21	0.021797
5.22	0.016655
5.23	0.010322
5.24	0.0051808
5.25	0.0018953
5.26	-0.0016527
5.27	-0.0080194
5.28	-0.016966
5.29	-0.026795
5.3	-0.035942
5.31	-0.042441
5.32	-0.045095
5.33	-0.043982
5.34	-0.040254
5.35	-0.036326
5.36	-0.034183
5.37	-0.032616
5.38	-0.028021
5.39	-0.018671
5.4	-0.0066475
5.41	0.0041837
5.42	0.010401
5.43	0.0099698
5.44	0.0037063
5.45	-0.0048676
5.46	-0.011123
5.47	-0.01179
5.48	-0.0072266
5.49	-0.00025437
5.5	0.0068331
5.51	0.013042
5.52	0.016651
5.53	0.015661
5.54	0.011068
5.55	0.0076253
5.56	0.0094108
5.57	0.015706
5.58	0.022507
5.59	0.026645
5.6	0.029038
5.61	0.032196
5.62	0.035641
5.63	0.036211
5.64	0.030888
5.65	0.018962
5.66	0.0030945
5.67	-0.011447
5.68	-0.021014
5.69	-0.026688
5.7	-0.031262
5.71	-0.033632
5.72	-0.032103
5.73	-0.029877
5.74	-0.029597
5.75	-0.030009
5.76	-0.028512
5.77	-0.022338
5.78	-0.011227
5.79	0.0010153
5.8	0.0095577
5.81	0.012964
5.82	0.014373
5.83	0.017727
5.84	0.0244
5.85	0.034167
5.86	0.04555
5.87	0.05531
5.88	0.06072
5.89	0.060961
5.9	0.057191
5.91	0.052493
5.92	0.04955
5.93	0.047934
5.94	0.044062
5.95	0.034799
5.96	0.020575
5.97	0.004445
5.98	-0.01011
5.99	-0.021141
6	-0.028021
6.01	-0.030488
6.02	-0.029822
6.03	-0.028383
6.04	-0.02743
6.05	-0.026998
6.06	-0.026412
6.07	-0.024081
6.08	-0.020589
6.09	-0.019668
6.1	-0.021115
6.11	-0.020444
6.12	-0.017292
6.13	-0.015901
6.14	-0.01939
6.15	-0.026119
6.16	-0.031161
6.17	-0.030999
6.18	-0.025588
6.19	-0.01784
6.2	-0.010172
6.21	-0.0024944
6.22	0.0048811
6.23	0.0097338
6.24	0.011496
6.25	0.013136
6.26	0.017302
6.27	0.023539
6.28	0.029231
6.29	0.031979
6.3	0.031523
6.31	0.029715
6.32	0.029283
6.33	0.031462
6.34	0.034583
6.35	0.036654
6.36	0.037751
6.37	0.039131
6.38	0.040961
6.39	0.041815
6.4	0.040764
6.41	0.037408
6.42	0.031321
6.43	0.024312
6.44	0.019552
6.45	0.01891
6.46	0.022176
6.47	0.026321
6.48	0.027867
6.49	0.025354
6.5	0.019249
6.51	0.012306
6.52	0.0073609
6.53	0.0038315
6.54	-0.00035073
6.55	-0.0053117
6.56	-0.010484
6.57	-0.01623
6.58	-0.023158
6.59	-0.031143
6.6	-0.037473
6.61	-0.037212
6.62	-0.029352
6.63	-0.018372
6.64	-0.0078556
6.65	0.0011023
6.66	0.0067618
6.67	0.0080164
6.68	0.0060738
6.69	0.0026655
6.7	-0.00085846
6.71	-0.0028138
6.72	-0.0029117
6.73	-0.0053961
6.74	-0.014648
6.75	-0.028644
6.76	-0.041995
6.77	-0.051833
6.78	-0.057742
6.79	-0.059941
6.8	-0.058663
6.81	-0.053719
6.82	-0.045418
6.83	-0.035986
6.84	-0.029227
6.85	-0.0282
6.86	-0.032257
6.87	-0.037059
6.88	-0.040212
6.89	-0.043066
6.9	-0.046763
6.91	-0.051802
6.92	-0.057658
6.93	-0.062899
6.94	-0.067359
6.95	-0.070853
6.96	-0.072109
6.97	-0.069974
6.98	-0.064765
6.99	-0.058581
7	-0.052345
7.01	-0.044626
7.02	-0.034312
7.03	-0.021497
7.04	-0.0071209
7.05	0.0068896
7.06	0.017542
7.07	0.021391
7.08	0.01668
7.09	0.004562
7.1	-0.010166
7.11	-0.022044
7.12	-0.030473
7.13	-0.038045
7.14	-0.046474
7.15	-0.055821
7.16	-0.063916
7.17	-0.06698
7.18	-0.062789
7.19	-0.053029
7.2	-0.041785
7.21	-0.032744
7.22	-0.029006
7.23	-0.031482
7.24	-0.036221
7.25	-0.037443
7.26	-0.031894
7.27	-0.020136
7.28	-0.004924
7.29	0.011683
7.3	0.028527
7.31	0.045325
7.32	0.063002
7.33	0.080618
7.34	0.094981
7.35	0.10327
7.36	0.10322
7.37	0.09547
7.38	0.083917
7.39	0.071901
7.4	0.06097
7.41	0.050923
7.42	0.040288
7.43	0.028358
7.44	0.016717
7.45	0.0072595
7.46	-0.0005975
7.47	-0.0081722
7.48	-0.014389
7.49	-0.016221
7.5	-0.011619
7.51	-0.0013845
7.52	0.011254
7.53	0.021318
7.54	0.023686
7.55	0.016461
7.56	0.0024907
7.57	-0.012981
7.58	-0.025972
7.59	-0.035239
7.6	-0.039456
7.61	-0.036706
7.62	-0.029459
7.63	-0.023488
7.64	-0.020956
7.65	-0.017884
7.66	-0.0085096
7.67	0.0089539
7.68	0.031948
7.69	0.056415
7.7	0.07711
7.71	0.088393
7.72	0.08754
7.73	0.07262
7.74	0.041689
7.75	-0.0011666
7.76	-0.04619
7.77	-0.085057
7.78	-0.11446
7.79	-0.13434
7.8	-0.14539
7.81	-0.14832
7.82	-0.14456
7.83	-0.13721
7.84	-0.12959
7.85	-0.12294
7.86	-0.11706
7.87	-0.11104
7.88	-0.10265
7.89	-0.087671
7.9	-0.061682
7.91	-0.024259
7.92	0.020569
7.93	0.067814
7.94	0.11457
7.95	0.15873
7.96	0.19849
7.97	0.23136
7.98	0.25358
7.99	0.2626
8	0.25712
8.01	0.24197
8.02	0.22739
8.03	0.22144
8.04	0.2271
8.05	0.24171
8.06	0.25896
8.07	0.27277
8.08	0.27956
8.09	0.27799
8.1	0.26922
8.11	0.25475
8.12	0.23281
8.13	0.20255
8.14	0.16695
8.15	0.12872
8.16	0.088211
8.17	0.044007
8.18	-0.0054043
8.19	-0.060826
8.2	-0.12113
8.21	-0.17939
8.22	-0.22442
8.23	-0.24725
8.24	-0.24472
8.25	-0.21895
8.26	-0.17419
8.27	-0.11524
8.28	-0.047528
8.29	0.023448
8.3	0.090901
8.31	0.1475
8.32	0.18745
8.33	0.20824
8.34	0.21397
8.35	0.21355
8.36	0.21343
8.37	0.21335
8.38	0.20921
8.39	0.19837
8.4	0.18104
8.41	0.15963
8.42	0.13768
8.43	0.11703
8.44	0.097343
8.45	0.077371
8.46	0.055173
8.47	0.029366
8.48	0.00056663
8.49	-0.030388
8.5	-0.062312
8.51	-0.092162
8.52	-0.11763
8.53	-0.13655
8.54	-0.1468
8.55	-0.14875
8.56	-0.14567
8.57	-0.14396
8.58	-0.15059
8.59	-0.16675
8.6	-0.18553
8.61	-0.19915
8.62	-0.20461
8.63	-0.20281
8.64	-0.19679
8.65	-0.18823
8.66	-0.17585
8.67	-0.15681
8.68	-0.12776
8.69	-0.08722
8.7	-0.037476
8.71	0.016632
8.72	0.067098
8.73	0.10381
8.74	0.12037
8.75	0.11783
8.76	0.1019
8.77	0.078859
8.78	0.054343
8.79	0.032
8.8	0.013909
8.81	0.0022878
8.82	-0.002823
8.83	-0.004586
8.84	-0.0059689
8.85	-0.008782
8.86	-0.015201
8.87	-0.029901
8.88	-0.059297
8.89	-0.10575
8.9	-0.16618
8.91	-0.2355
8.92	-0.30626
8.93	-0.36772
8.94	-0.41024
8.95	-0.43075
8.96	-0.43328
8.97	-0.42323
8.98	-0.40438
8.99	-0.38274
9	-0.36552
9.01	-0.3555
9.02	-0.34993
9.03	-0.34479
9.04	-0.33767
9.05	-0.32598
9.06	-0.30923
9.07	-0.29251
9.08	-0.28214
9.09	-0.27984
9.1	-0.28217
9.11	-0.28399
9.12	-0.28232
9.13	-0.27795
9.14	-0.27284
9.15	-0.26754
9.16	-0.2631
9.17	-0.26094
9.18	-0.26093
9.19	-0.26197
9.2	-0.26149
9.21	-0.25543
9.22	-0.24262
9.23	-0.22601
9.24	-0.20615
9.25	-0.17675
9.26	-0.12842
9.27	-0.055788
9.28	0.035829
9.29	0.12974
9.3	0.20785
9.31	0.26257
9.32	0.29713
9.33	0.31752
9.34	0.32941
9.35	0.33783
9.36	0.34612
9.37	0.35512
9.38	0.36402
9.39	0.37384
9.4	0.38765
9.41	0.4082
9.42	0.43656
9.43	0.47257
9.44	0.51369
9.45	0.55385
9.46	0.58685
9.47	0.60913
9.48	0.61929
9.49	0.61736
9.5	0.60491
9.51	0.58458
9.52	0.5573
9.53	0.51991
9.54	0.46853
9.55	0.40457
9.56	0.33524
9.57	0.27129
9.58	0.22225
9.59	0.19265
9.6	0.18556
9.61	0.20182
9.62	0.23432
9.63	0.27103
9.64	0.30292
9.65	0.32676
9.66	0.3428
9.67	0.35108
9.68	0.34964
9.69	0.33694
9.7	0.31432
9.71	0.28487
9.72	0.24891
9.73	0.20306
9.74	0.14742
9.75	0.08906
9.76	0.037253
9.77	-0.0028295
9.78	-0.033202
9.79	-0.059624
9.8	-0.085886
9.81	-0.11225
9.82	-0.13828
9.83	-0.16551
9.84	-0.19428
9.85	-0.22376
9.86	-0.25566
9.87	-0.29176
9.88	-0.33085
9.89	-0.36978
9.9	-0.40554
9.91	-0.43688
9.92	-0.46359
9.93	-0.48521
9.94	-0.50143
9.95	-0.5109
9.96	-0.51064
9.97	-0.49775
9.98	-0.47173
9.99	-0.43564
10	-0.39514
10.01	-0.35624
10.02	-0.32284
10.03	-0.29439
10.04	-0.26746
10.05	-0.24021
10.06	-0.21357
10.07	-0.18775
10.08	-0.16068
10.09	-0.13039
10.1	-0.096309
10.11	-0.061995
10.12	-0.035223
10.13	-0.02113
10.14	-0.018366
10.15	-0.021993
10.16	-0.026113
10.17	-0.026816
10.18	-0.024003
10.19	-0.019565
10.2	-0.015091
10.21	-0.01029
10.22	-0.0058833
10.23	-0.0050203
10.24	-0.0079151
10.25	-0.011944
10.26	-0.016195
10.27	-0.022589
10.28	-0.033224
10.29	-0.047654
10.3	-0.062899
10.31	-0.074585
10.32	-0.080257
10.33	-0.079665
10.34	-0.072929
10.35	-0.061982
10.36	-0.04945
10.37	-0.03652
10.38	-0.025148
10.39	-0.017774
10.4	-0.015102
10.41	-0.017983
10.42	-0.028597
10.43	-0.048126
10.44	-0.074175
10.45	-0.10164
10.46	-0.12633
10.47	-0.14629
10.48	-0.15992
10.49	-0.16652
10.5	-0.16772
10.51	-0.16648
10.52	-0.16549
10.53	-0.16539
10.54	-0.16464
10.55	-0.16185
10.56	-0.15713
10.57	-0.15082
10.58	-0.14298
10.59	-0.13309
10.6	-0.11829
10.61	-0.095054
10.62	-0.063734
10.63	-0.028401
10.64	0.0089132
10.65	0.050865
10.66	0.10086
10.67	0.15788
10.68	0.21783
10.69	0.27871
10.7	0.34086
10.71	0.40576
10.72	0.47335
10.73	0.53808
10.74	0.59346
10.75	0.63873
10.76	0.67528
10.77	0.7006
10.78	0.71041
10.79	0.70294
10.8	0.67871
10.81	0.63953
10.82	0.586
10.83	0.51863
10.84	0.44092
10.85	0.35862
10.86	0.27839
10.87	0.20567
10.88	0.14236
10.89	0.08711
10.9	0.038986
10.91	0.00063061
10.92	-0.025031
10.93	-0.038211
10.94	-0.040589
10.95	-0.034844
10.96	-0.025494
10.97	-0.016455
10.98	-0.0082231
10.99	0.0028799
11	0.021234
11.01	0.046603
11.02	0.075309
11.03	0.10342
11.04	0.12631
11.05	0.14045
11.06	0.14618
11.07	0.14507
11.08	0.13758
11.09	0.1246
11.1	0.10964
11.11	0.094761
11.12	0.073543
11.13	0.039848
11.14	-0.0020403
11.15	-0.047178
11.16	-0.097061
11.17	-0.15284
11.18	-0.21143
11.19	-0.26777
11.2	-0.31811
11.21	-0.36121
11.22	-0.39765
11.23	-0.43017
11.24	-0.46112
11.25	-0.48822
11.26	-0.50667
11.27	-0.51439
11.28	-0.5121
11.29	-0.50139
11.3	-0.48375
11.31	-0.45953
11.32	-0.4291
11.33	-0.39455
11.34	-0.3579
11.35	-0.32
11.36	-0.282
11.37	-0.24711
11.38	-0.21954
11.39	-0.20094
11.4	-0.18831
11.41	-0.17508
11.42	-0.15642
11.43	-0.1325
11.44	-0.10452
11.45	-0.072256
11.46	-0.037451
11.47	-0.0045244
11.48	0.022824
11.49	0.04327
11.5	0.056562
11.51	0.062972
11.52	0.063625
11.53	0.060345
11.54	0.057373
11.55	0.059407
11.56	0.06781
11.57	0.083203
11.58	0.1062
11.59	0.13432
11.6	0.16514
11.61	0.19812
11.62	0.23052
11.63	0.25816
11.64	0.27837
11.65	0.29058
11.66	0.29677
11.67	0.30099
11.68	0.30712
11.69	0.31709
11.7	0.33052
11.71	0.34569
11.72	0.35919
11.73	0.36599
11.74	0.36385
11.75	0.35435
11.76	0.33764
11.77	0.31281
11.78	0.2801
11.79	0.23954
11.8	0.19152
11.81	0.13698
11.82	0.078666
11.83	0.022583
11.84	-0.023821
11.85	-0.053621
11.86	-0.064741
11.87	-0.062262
11.88	-0.054087
11.89	-0.047221
11.9	-0.046298
11.91	-0.053175
11.92	-0.068048
11.93	-0.089241
11.94	-0.11176
11.95	-0.12896
11.96	-0.13689
11.97	-0.13614
11.98	-0.12975
11.99	-0.12074
12	-0.11233
12.01	-0.10819
12.02	-0.10935
12.03	-0.11235
12.04	-0.11274
12.05	-0.10772
12.06	-0.093521
12.07	-0.064678
12.08	-0.019958
12.09	0.033984
12.1	0.088252
12.11	0.1354
12.12	0.16803
12.13	0.18168
12.14	0.17779
12.15	0.16169
12.16	0.13852
12.17	0.11081
12.18	0.079545
12.19	0.04587
12.2	0.012623
12.21	-0.015658
12.22	-0.039014
12.23	-0.064377
12.24	-0.096046
12.25	-0.13049
12.26	-0.161
12.27	-0.18405
12.28	-0.20044
12.29	-0.2109
12.3	-0.2134
12.31	-0.20549
12.32	-0.18868
12.33	-0.16865
12.34	-0.14996
12.35	-0.13243
12.36	-0.1137
12.37	-0.092301
12.38	-0.067569
12.39	-0.04176
12.4	-0.020319
12.41	-0.0075503
12.42	-0.0050527
12.43	-0.011047
12.44	-0.020621
12.45	-0.029493
12.46	-0.03639
12.47	-0.042947
12.48	-0.05136
12.49	-0.062447
12.5	-0.075743
12.51	-0.089603
12.52	-0.10318
12.53	-0.11772
12.54	-0.13487
12.55	-0.15417
12.56	-0.17316
12.57	-0.18869
12.58	-0.19808
12.59	-0.19963
12.6	-0.18861
12.61	-0.15695
12.62	-0.099771
12.63	-0.018677
12.64	0.076184
12.65	0.16736
12.66	0.23831
12.67	0.28199
12.68	0.30177
12.69	0.30364
12.7	0.29177
12.71	0.27076
12.72	0.24434
12.73	0.21509
12.74	0.18619
12.75	0.16058
12.76	0.14123
12.77	0.12908
12.78	0.12064
12.79	0.11101
12.8	0.097514
12.81	0.079157
12.82	0.055664
12.83	0.0298
12.84	0.0072514
12.85	-0.0082256
12.86	-0.017337
12.87	-0.022263
12.88	-0.023955
12.89	-0.022389
12.9	-0.017638
12.91	-0.010469
12.92	-0.002648
12.93	0.0042181
12.94	0.0092561
12.95	0.011519
12.96	0.012242
12.97	0.013612
12.98	0.016009
12.99	0.018994
13	0.020633
13.01	0.01858
13.02	0.011292
13.03	-0.0023754
13.04	-0.021014
13.05	-0.040363
13.06	-0.056829
13.07	-0.069124
13.08	-0.07788
13.09	-0.086775
13.1	-0.099774
13.11	-0.11621
13.12	-0.13376
13.13	-0.15227
13.14	-0.1727
13.15	-0.19674
13.16	-0.22566
13.17	-0.25813
13.18	-0.28951
13.19	-0.3156
13.2	-0.33666
13.21	-0.35424
13.22	-0.36821
13.23	-0.37907
13.24	-0.38608
13.25	-0.38484
13.26	-0.37198
13.27	-0.34855
13.28	-0.3184
13.29	-0.28466
13.3	-0.24882
13.31	-0.21371
13.32	-0.18233
13.33	-0.15644
13.34	-0.13605
13.35	-0.11695
13.36	-0.093328
13.37	-0.062743
13.38	-0.027301
13.39	0.0092098
13.4	0.044896
13.41	0.078141
13.42	0.10561
13.43	0.12592
13.44	0.14226
13.45	0.15756
13.46	0.17118
13.47	0.18281
13.48	0.19225
13.49	0.1969
13.5	0.19434
13.51	0.18451
13.52	0.17013
13.53	0.15644
13.54	0.14804
13.55	0.14424
13.56	0.14222
13.57	0.14274
13.58	0.14604
13.59	0.14879
13.6	0.1488
13.61	0.14805
13.62	0.14819
13.63	0.14874
13.64	0.15082
13.65	0.15602
13.66	0.16415
13.67	0.17406
13.68	0.18496
13.69	0.19725
13.7	0.21178
13.71	0.23006
13.72	0.25337
13.73	0.27835
13.74	0.29987
13.75	0.31545
13.76	0.32306
13.77	0.32102
13.78	0.30779
13.79	0.28222
13.8	0.24417
13.81	0.19222
13.82	0.1241
13.83	0.041739
13.84	-0.043725
13.85	-0.11669
13.86	-0.16898
13.87	-0.20262
13.88	-0.22347
13.89	-0.23573
13.9	-0.241
13.91	-0.2404
13.92	-0.23429
13.93	-0.22111
13.94	-0.19944
13.95	-0.17077
13.96	-0.13853
13.97	-0.105
13.98	-0.072399
13.99	-0.042988
14	-0.016628
14.01	0.0078199
14.02	0.0297
14.03	0.048028
14.04	0.064962
14.05	0.082559
14.06	0.099051
14.07	0.11218
14.08	0.12037
14.09	0.12215
14.1	0.11831
14.11	0.11172
14.12	0.10251
14.13	0.088098
14.14	0.069485
14.15	0.050876
14.16	0.034712
14.17	0.020432
14.18	0.0053445
14.19	-0.014584
14.2	-0.043489
14.21	-0.081763
14.22	-0.12615
14.23	-0.1753
14.24	-0.22806
14.25	-0.27935
14.26	-0.32501
14.27	-0.36572
14.28	-0.40419
14.29	-0.44157
14.3	-0.47453
14.31	-0.49702
14.32	-0.50409
14.33	-0.49491
14.34	-0.47329
14.35	-0.44422
14.36	-0.41159
14.37	-0.37832
14.38	-0.34683
14.39	-0.31805
14.4	-0.29203
14.41	-0.2696
14.42	-0.25283
14.43	-0.24243
14.44	-0.23531
14.45	-0.22801
14.46	-0.22024
14.47	-0.21422
14.48	-0.21075
14.49	-0.20759
14.5	-0.20261
14.51	-0.1953
14.52	-0.18682
14.53	-0.17919
14.54	-0.17398
14.55	-0.17188
14.56	-0.17195
14.57	-0.17215
14.58	-0.17115
14.59	-0.16788
14.6	-0.15905
14.61	-0.14031
14.62	-0.11063
14.63	-0.07053
14.64	-0.017052
14.65	0.054429
14.66	0.14297
14.67	0.2411
14.68	0.33795
14.69	0.42521
14.7	0.50251
14.71	0.57316
14.72	0.63938
14.73	0.69927
14.74	0.74922
14.75	0.78878
14.76	0.81764
14.77	0.83506
14.78	0.84221
14.79	0.84129
14.8	0.83292
14.81	0.81691
14.82	0.79387
14.83	0.76402
14.84	0.72812
14.85	0.68691
14.86	0.63956
14.87	0.58705
14.88	0.53262
14.89	0.47817
14.9	0.4237
14.91	0.36862
14.92	0.31301
14.93	0.25921
14.94	0.21002
14.95	0.16555
14.96	0.12509
14.97	0.089619
14.98	0.058514
14.99	0.027874
15	-0.0047161
15.01	-0.038163
15.02	-0.07062
15.03	-0.10151
15.04	-0.13218
15.05	-0.16377
15.06	-0.19451
15.07	-0.22149
15.08	-0.24422
15.09	-0.26261
15.1	-0.27352
15.11	-0.27387
15.12	-0.26455
15.13	-0.2488
15.14	-0.22854
15.15	-0.20327
15.16	-0.17473
15.17	-0.14751
15.18	-0.12274
15.19	-0.099182
15.2	-0.078162
15.21	-0.060291
15.22	-0.043202
15.23	-0.025716
15.24	-0.0085397
15.25	0.010046
15.26	0.033644
15.27	0.063191
15.28	0.096928
15.29	0.13225
15.3	0.16676
15.31	0.19885
15.32	0.22707
15.33	0.24932
15.34	0.26308
15.35	0.26654
15.36	0.25848
15.37	0.24013
15.38	0.21542
15.39	0.18842
15.4	0.16157
15.41	0.13369
15.42	0.10327
15.43	0.070645
15.44	0.036127
15.45	0.00059139
15.46	-0.034808
15.47	-0.069286
15.48	-0.10271
15.49	-0.13476
15.5	-0.16217
15.51	-0.18196
15.52	-0.19518
15.53	-0.20467
15.54	-0.21298
15.55	-0.22084
15.56	-0.22804
15.57	-0.23469
15.58	-0.24094
15.59	-0.24725
15.6	-0.25214
15.61	-0.25176
15.62	-0.24544
15.63	-0.23601
15.64	-0.22404
15.65	-0.2083
15.66	-0.18798
15.67	-0.16261
15.68	-0.13441
15.69	-0.10826
15.7	-0.085929
15.71	-0.065738
15.72	-0.048623
15.73	-0.038398
15.74	-0.035112
15.75	-0.033167
15.76	-0.029154
15.77	-0.025587
15.78	-0.023753
15.79	-0.020969
15.8	-0.01565
15.81	-0.008288
15.82	-0.00028836
15.83	0.0072836
15.84	0.015152
15.85	0.024118
15.86	0.033135
15.87	0.040773
15.88	0.046351
15.89	0.048695
15.9	0.047351
15.91	0.043469
15.92	0.03844
15.93	0.033832
15.94	0.030258
15.95	0.027076
15.96	0.024051
15.97	0.020975
15.98	0.017925
15.99	0.015229
16	0.012602
16.01	0.0097647
16.02	0.0071924
16.03	0.0067945
16.04	0.010133
16.05	0.015771
16.06	0.021601
16.07	0.028071
16.08	0.035297
16.09	0.0413
16.1	0.046412
16.11	0.054276
16.12	0.066228
16.13	0.078989
16.14	0.090551
16.15	0.10436
16.16	0.12323
16.17	0.14286
16.18	0.15709
16.19	0.16515
16.2	0.16922
16.21	0.17069
16.22	0.16876
16.23	0.15902
16.24	0.13895
16.25	0.1113
16.26	0.079027
16.27	0.042737
16.28	0.0014884
16.29	-0.043949
16.3	-0.089682
16.31	-0.13089
16.32	-0.16422
16.33	-0.18996
16.34	-0.21147
16.35	-0.23087
16.36	-0.24645
16.37	-0.25702
16.38	-0.26462
16.39	-0.27108
16.4	-0.277
16.41	-0.28258
16.42	-0.28755
16.43	-0.29149
16.44	-0.29486
16.45	-0.29764
16.46	-0.29862
16.47	-0.29767
16.48	-0.29579
16.49	-0.29382
16.5	-0.29156
16.51	-0.28789
16.52	-0.28336
16.53	-0.28001
16.54	-0.27846
16.55	-0.2781
16.56	-0.27765
16.57	-0.27563
16.58	-0.27254
16.59	-0.26934
16.6	-0.2646
16.61	-0.25615
16.62	-0.24323
16.63	-0.22719
16.64	-0.2106
16.65	-0.19331
16.66	-0.17309
16.67	-0.1504
16.68	-0.12731
16.69	-0.10513
16.7	-0.083168
16.71	-0.05875
16.72	-0.030812
16.73	-0.0026382
16.74	0.021308
16.75	0.041877
16.76	0.062835
16.77	0.082789
16.78	0.09682
16.79	0.10373
16.8	0.10635
16.81	0.10683
16.82	0.10677
16.83	0.10821
16.84	0.11119
16.85	0.11478
16.86	0.11817
16.87	0.1213
16.88	0.12407
16.89	0.12333
16.9	0.11738
16.91	0.10974
16.92	0.10432
16.93	0.10228
16.94	0.10332
16.95	0.10665
16.96	0.11102
16.97	0.11428
16.98	0.11542
16.99	0.11594
17	0.11632
17.01	0.11525
17.02	0.11233
17.03	0.10848
17.04	0.10495
17.05	0.10151
17.06	0.095153
17.07	0.082303
17.08	0.061392
17.09	0.032323
17.1	-0.0040211
17.11	-0.044518
17.12	-0.085178
17.13	-0.12252
17.14	-0.1527
17.15	-0.17425
17.16	-0.18923
17.17	-0.19932
17.18	-0.20473
17.19	-0.20537
17.2	-0.20047
17.21	-0.18935
17.22	-0.17398
17.23	-0.15938
17.24	-0.14865
17.25	-0.13864
17.26	-0.12518
17.27	-0.10846
17.28	-0.090957
17.29	-0.073744
17.3	-0.056455
17.31	-0.038946
17.32	-0.021524
17.33	-0.0038685
17.34	0.014832
17.35	0.034179
17.36	0.052852
17.37	0.070103
17.38	0.085768
17.39	0.10043
17.4	0.1148
17.41	0.12805
17.42	0.13823
17.43	0.14464
17.44	0.14832
17.45	0.15124
17.46	0.15565
17.47	0.16133
17.48	0.16601
17.49	0.16931
17.5	0.1721
17.51	0.17389
17.52	0.17311
17.53	0.16865
17.54	0.16043
17.55	0.15082
17.56	0.14418
17.57	0.14324
17.58	0.14707
17.59	0.15268
17.6	0.15969
17.61	0.16959
17.62	0.18019
17.63	0.18726
17.64	0.19003
17.65	0.19057
17.66	0.19091
17.67	0.19116
17.68	0.18916
17.69	0.18384
17.7	0.17656
17.71	0.16844
17.72	0.15823
17.73	0.14301
17.74	0.1232
17.75	0.10293
17.76	0.083981
17.77	0.06507
17.78	0.045187
17.79	0.025374
17.8	0.0079241
17.81	-0.0058555
17.82	-0.01766
17.83	-0.030395
17.84	-0.045444
17.85	-0.063717
17.86	-0.084538
17.87	-0.1055
17.88	-0.12575
17.89	-0.14531
17.9	-0.16162
17.91	-0.17167
17.92	-0.17646
17.93	-0.17873
17.94	-0.17989
17.95	-0.1797
17.96	-0.17822
17.97	-0.17566
17.98	-0.16958
17.99	-0.15823
18	-0.14289
18.01	-0.12475
18.02	-0.10416
18.03	-0.082077
18.04	-0.060861
18.05	-0.042998
18.06	-0.028871
18.07	-0.017386
18.08	-0.0092863
18.09	-0.0069263
18.1	-0.0096483
18.11	-0.012341
18.12	-0.011175
18.13	-0.0074733
18.14	-0.0035298
18.15	0.0015488
18.16	0.0092296
18.17	0.018743
18.18	0.029398
18.19	0.041539
18.2	0.05572
18.21	0.073262
18.22	0.093682
18.23	0.11334
18.24	0.13079
18.25	0.14835
18.26	0.16766
18.27	0.18786
18.28	0.20715
18.29	0.22491
18.3	0.24058
18.31	0.25291
18.32	0.26195
18.33	0.26893
18.34	0.27457
18.35	0.27849
18.36	0.28131
18.37	0.28383
18.38	0.28465
18.39	0.28315
18.4	0.27984
18.41	0.27478
18.42	0.26871
18.43	0.26229
18.44	0.25504
18.45	0.2473
18.46	0.2399
18.47	0.23029
18.48	0.21578
18.49	0.19824
18.5	0.18023
18.51	0.16277
18.52	0.14571
18.53	0.12791
18.54	0.10916
18.55	0.08991
18.56	0.070608
18.57	0.051294
18.58	0.030189
18.59	0.0053932
18.6	-0.020093
18.61	-0.041177
18.62	-0.058119
18.63	-0.074956
18.64	-0.09351
18.65	-0.11211
18.66	-0.12786
18.67	-0.13861
18.68	-0.14535
18.69	-0.15064
18.7	-0.15409
18.71	-0.15422
18.72	-0.1516
18.73	-0.14949
18.74	-0.15084
18.75	-0.15343
18.76	-0.15246
18.77	-0.14678
18.78	-0.13906
18.79	-0.13289
18.8	-0.12923
18.81	-0.12647
18.82	-0.12376
18.83	-0.12141
18.84	-0.11934
18.85	-0.11703
18.86	-0.11472
18.87	-0.11442
18.88	-0.1167
18.89	-0.11919
18.9	-0.12093
18.91	-0.12332
18.92	-0.12809
18.93	-0.13565
18.94	-0.14453
18.95	-0.15321
18.96	-0.16176
18.97	-0.17077
18.98	-0.18081
18.99	-0.19219
19	-0.20404
19.01	-0.21551
19.02	-0.2262
19.03	-0.23637
19.04	-0.24604
19.05	-0.2543
19.06	-0.26038
19.07	-0.26403
19.08	-0.26517
19.09	-0.26317
19.1	-0.25686
19.11	-0.24576
19.12	-0.23092
19.13	-0.21426
19.14	-0.19728
19.15	-0.18136
19.16	-0.16673
19.17	-0.153
19.18	-0.14138
19.19	-0.13284
19.2	-0.12562
19.21	-0.11603
19.22	-0.10444
19.23	-0.096488
19.24	-0.093715
19.25	-0.090987
19.26	-0.083295
19.27	-0.071084
19.28	-0.058252
19.29	-0.04699
19.3	-0.036939
19.31	-0.026412
19.32	-0.014512
19.33	-0.0018396
19.34	0.010534
19.35	0.022502
19.36	0.035194
19.37	0.048279
19.38	0.060062
19.39	0.070998
19.4	0.082677
19.41	0.094841
19.42	0.10579
19.43	0.11459
19.44	0.12259
19.45	0.13148
19.46	0.14145
19.47	0.15227
19.48	0.16352
19.49	0.17386
19.5	0.18243
19.51	0.19053
19.52	0.19951
19.53	0.20828
19.54	0.21555
19.55	0.22235
19.56	0.22976
19.57	0.23674
19.58	0.24101
19.59	0.24199
19.6	0.24205
19.61	0.24298
19.62	0.24365
19.63	0.24219
19.64	0.23885
19.65	0.23571
19.66	0.23399
19.67	0.23293
19.68	0.23121
19.69	0.22838
19.7	0.22385
19.71	0.21673
19.72	0.20684
19.73	0.19369
19.74	0.17712
19.75	0.15969
19.76	0.14405
19.77	0.13173
19.78	0.12482
19.79	0.12311
19.8	0.12362
19.81	0.12481
19.82	0.12735
19.83	0.13124
19.84	0.13509
19.85	0.13712
19.86	0.13634
19.87	0.13367
19.88	0.1286
19.89	0.11875
19.9	0.10366
19.91	0.084616
19.92	0.063021
19.93	0.040074
19.94	0.01685
19.95	-0.0060816
19.96	-0.028373
19.97	-0.05007
19.98	-0.072583
19.99	-0.095794
20	-0.11743
20.01	-0.13621
20.02	-0.15197
20.03	-0.16504
20.04	-0.17669
20.05	-0.18759
20.06	-0.19707
20.07	-0.20529
20.08	-0.21367
20.09	-0.22319
20.1	-0.23179
20.11	-0.23498
20.12	-0.23149
20.13	-0.22412
20.14	-0.21464
20.15	-0.2021
20.16	-0.18554
20.17	-0.16578
20.18	-0.14461
20.19	-0.12431
20.2	-0.10632
20.21	-0.088997
20.22	-0.072122
20.23	-0.059458
20.24	-0.052216
20.25	-0.04763
20.26	-0.045228
20.27	-0.046903
20.28	-0.051909
20.29	-0.057662
20.3	-0.063209
20.31	-0.068563
20.32	-0.073532
20.33	-0.077986
20.34	-0.081955
20.35	-0.085188
20.36	-0.085153
20.37	-0.080831
20.38	-0.075029
20.39	-0.06908
20.4	-0.062724
20.41	-0.057417
20.42	-0.054809
20.43	-0.053522
20.44	-0.050082
20.45	-0.043775
20.46	-0.037623
20.47	-0.032986
20.48	-0.028539
20.49	-0.024361
20.5	-0.021831
20.51	-0.021302
20.52	-0.02093
20.53	-0.017853
20.54	-0.012489
20.55	-0.0074741
20.56	-0.0030663
20.57	0.0013287
20.58	0.0050097
20.59	0.0080422
20.6	0.012009
20.61	0.017357
20.62	0.022938
20.63	0.027194
20.64	0.029701
20.65	0.032015
20.66	0.035027
20.67	0.038614
20.68	0.043129
20.69	0.04899
20.7	0.055506
20.71	0.062193
20.72	0.069027
20.73	0.072672
20.74	0.069305
20.75	0.061545
20.76	0.055088
20.77	0.050268
20.78	0.043501
20.79	0.033016
20.8	0.019719
20.81	0.0061825
20.82	-0.0052814
20.83	-0.013645
20.84	-0.01952
20.85	-0.024256
20.86	-0.027585
20.87	-0.028184
20.88	-0.026002
20.89	-0.023569
20.9	-0.023607
20.91	-0.025934
20.92	-0.02968
20.93	-0.035586
20.94	-0.04341
20.95	-0.051422
20.96	-0.059201
20.97	-0.066984
20.98	-0.074658
20.99	-0.081702
21	-0.086503
21.01	-0.089033
21.02	-0.09062
21.03	-0.09067
21.04	-0.088391
21.05	-0.084753
21.06	-0.081178
21.07	-0.077867
21.08	-0.07545
21.09	-0.075832
21.1	-0.077569
21.11	-0.077915
21.12	-0.07851
21.13	-0.08288
21.14	-0.091935
21.15	-0.10322
21.16	-0.11446
21.17	-0.12533
21.18	-0.13569
21.19	-0.1449
21.2	-0.15221
21.21	-0.15723
21.22	-0.16062
21.23	-0.16409
21.24	-0.16829
21.25	-0.17222
21.26	-0.17431
21.27	-0.17379
21.28	-0.17216
21.29	-0.17145
21.3	-0.1715
21.31	-0.17087
21.32	-0.16938
21.33	-0.16784
21.34	-0.1655
21.35	-0.16041
21.36	-0.15134
21.37	-0.13833
21.38	-0.12218
21.39	-0.10332
21.4	-0.082784
21.41	-0.061139
21.42	-0.037738
21.43	-0.013757
21.44	0.0090245
21.45	0.030459
21.46	0.0511
21.47	0.072422
21.48	0.094947
21.49	0.11677
21.5	0.13634
21.51	0.15361
21.52	0.16824
21.53	0.17898
21.54	0.18573
21.55	0.18955
21.56	0.19074
21.57	0.18918
21.58	0.18454
21.59	0.17592
21.6	0.16464
21.61	0.15405
21.62	0.14451
21.63	0.13339
21.64	0.11965
21.65	0.10501
21.66	0.091794
21.67	0.081383
21.68	0.073772
21.69	0.067764
21.7	0.062382
21.71	0.058654
21.72	0.057042
21.73	0.055083
21.74	0.051692
21.75	0.049045
21.76	0.049679
21.77	0.054541
21.78	0.061592
21.79	0.068111
21.8	0.074323
21.81	0.081361
21.82	0.088132
21.83	0.093744
21.84	0.099982
21.85	0.1084
21.86	0.11897
21.87	0.13194
21.88	0.14739
21.89	0.16431
21.9	0.18075
21.91	0.19476
21.92	0.20584
21.93	0.21426
21.94	0.2204
21.95	0.22545
21.96	0.23085
21.97	0.23673
21.98	0.24244
21.99	0.24804
22	0.2536
22.01	0.25847
22.02	0.26227
22.03	0.26452
22.04	0.26446
22.05	0.26233
22.06	0.25962
22.07	0.25801
22.08	0.25651
22.09	0.25254
22.1	0.24644
22.11	0.24001
22.12	0.23277
22.13	0.22346
22.14	0.21159
22.15	0.19708
22.16	0.18056
22.17	0.16266
22.18	0.14362
22.19	0.12383
22.2	0.10492
22.21	0.08898
22.22	0.074516
22.23	0.057134
22.24	0.035973
22.25	0.015049
22.26	-0.0030675
22.27	-0.020031
22.28	-0.037703
22.29	-0.056144
22.3	-0.074757
22.31	-0.093217
22.32	-0.11153
22.33	-0.12922
22.34	-0.14506
22.35	-0.15832
22.36	-0.16967
22.37	-0.17945
22.38	-0.18657
22.39	-0.18987
22.4	-0.18912
22.41	-0.18457
22.42	-0.17656
22.43	-0.16643
22.44	-0.15608
22.45	-0.14694
22.46	-0.13924
22.47	-0.1337
22.48	-0.13143
22.49	-0.13157
22.5	-0.13361
22.51	-0.13861
22.52	-0.14561
22.53	-0.15243
22.54	-0.15842
22.55	-0.1628
22.56	-0.1644
22.57	-0.16393
22.58	-0.16324
22.59	-0.16243
22.6	-0.1596
22.61	-0.15415
22.62	-0.14803
22.63	-0.14287
22.64	-0.13875
22.65	-0.13628
22.66	-0.13696
22.67	-0.14131
22.68	-0.14786
22.69	-0.15404
22.7	-0.15815
22.71	-0.15939
22.72	-0.15706
22.73	-0.15196
22.74	-0.14591
22.75	-0.13984
22.76	-0.1339
22.77	-0.12786
22.78	-0.12074
22.79	-0.11181
22.8	-0.10217
22.81	-0.093648
22.82	-0.086323
22.83	-0.07875
22.84	-0.070489
22.85	-0.061938
22.86	-0.052075
22.87	-0.039755
22.88	-0.025287
22.89	-0.008473
22.9	0.010418
22.91	0.0293
22.92	0.04682
22.93	0.063017
22.94	0.078194
22.95	0.092591
22.96	0.10555
22.97	0.1154
22.98	0.12129
22.99	0.12327
23	0.12286
23.01	0.12264
23.02	0.12217
23.03	0.11811
23.04	0.11004
23.05	0.10191
23.06	0.096755
23.07	0.094013
23.08	0.091404
23.09	0.086205
23.1	0.077838
23.11	0.06984
23.12	0.065264
23.13	0.063214
23.14	0.060186
23.15	0.053625
23.16	0.044531
23.17	0.035516
23.18	0.028968
23.19	0.024969
23.2	0.022062
23.21	0.021023
23.22	0.023643
23.23	0.02875
23.24	0.032943
23.25	0.036768
23.26	0.044452
23.27	0.056348
23.28	0.069141
23.29	0.081495
23.3	0.0934
23.31	0.10457
23.32	0.11496
23.33	0.12392
23.34	0.13092
23.35	0.13672
23.36	0.14115
23.37	0.14301
23.38	0.14261
23.39	0.14027
23.4	0.13599
23.41	0.13192
23.42	0.12937
23.43	0.12603
23.44	0.12073
23.45	0.11619
23.46	0.11383
23.47	0.1111
23.48	0.10574
23.49	0.098447
23.5	0.091113
23.51	0.084528
23.52	0.07846
23.53	0.072585
23.54	0.066806
23.55	0.060965
23.56	0.053525
23.57	0.043544
23.58	0.031991
23.59	0.018872
23.6	0.0038781
23.61	-0.012257
23.62	-0.029239
23.63	-0.047604
23.64	-0.067332
23.65	-0.086941
23.66	-0.10414
23.67	-0.11773
23.68	-0.12831
23.69	-0.13665
23.7	-0.14392
23.71	-0.15081
23.72	-0.15574
23.73	-0.15919
23.74	-0.16383
23.75	-0.16896
23.76	-0.1727
23.77	-0.17567
23.78	-0.17929
23.79	-0.18393
23.8	-0.18939
23.81	-0.1954
23.82	-0.20184
23.83	-0.20863
23.84	-0.21468
23.85	-0.21901
23.86	-0.22144
23.87	-0.22134
23.88	-0.2191
23.89	-0.21645
23.9	-0.21441
23.91	-0.21343
23.92	-0.21344
23.93	-0.21376
23.94	-0.21475
23.95	-0.21727
23.96	-0.22076
23.97	-0.22418
23.98	-0.22701
23.99	-0.22932
24	-0.23095
24.01	-0.23101
24.02	-0.22952
24.03	-0.22723
24.04	-0.22426
24.05	-0.2209
24.06	-0.21773
24.07	-0.21373
24.08	-0.20867
24.09	-0.20535
24.1	-0.20244
24.11	-0.19375
24.12	-0.17906
24.13	-0.16404
24.14	-0.15068
24.15	-0.1357
24.16	-0.11639
24.17	-0.093518
24.18	-0.069307
24.19	-0.045752
24.2	-0.024282
24.21	-0.004704
24.22	0.013807
24.23	0.029863
24.24	0.041742
24.25	0.050513
24.26	0.05832
24.27	0.066094
24.28	0.074174
24.29	0.082713
24.3	0.091169
24.31	0.098722
24.32	0.10618
24.33	0.11423
24.34	0.12071
24.35	0.12372
24.36	0.12445
24.37	0.12566
24.38	0.12819
24.39	0.13056
24.4	0.13131
24.41	0.13034
24.42	0.12898
24.43	0.12985
24.44	0.13439
24.45	0.14138
24.46	0.14889
24.47	0.15618
24.48	0.16395
24.49	0.17218
24.5	0.17978
24.51	0.18596
24.52	0.1901
24.53	0.19213
24.54	0.19211
24.55	0.19123
24.56	0.19098
24.57	0.1905
24.58	0.18917
24.59	0.18643
24.6	0.18292
24.61	0.18231
24.62	0.1854
24.63	0.18962
24.64	0.19302
24.65	0.19475
24.66	0.19568
24.67	0.19748
24.68	0.20035
24.69	0.20343
24.7	0.20598
24.71	0.20866
24.72	0.21118
24.73	0.21119
24.74	0.20847
24.75	0.20535
24.76	0.20441
24.77	0.20614
24.78	0.20782
24.79	0.20754
24.8	0.20599
24.81	0.20391
24.82	0.20129
24.83	0.19754
24.84	0.19313
24.85	0.18854
24.86	0.18138
24.87	0.16947
24.88	0.15543
24.89	0.1439
24.9	0.13539
24.91	0.12624
24.92	0.11433
24.93	0.10235
24.94	0.093591
24.95	0.087522
24.96	0.081847
24.97	0.07559
24.98	0.068524
24.99	0.059825
25	0.049773
25.01	0.040592
25.02	0.033942
25.03	0.029298
25.04	0.02512
25.05	0.020588
25.06	0.015856
25.07	0.011284
25.08	0.0056363
25.09	-0.002374
25.1	-0.010713
25.11	-0.016337
25.12	-0.019376
25.13	-0.023546
25.14	-0.03188
25.15	-0.043163
25.16	-0.055102
25.17	-0.068174
25.18	-0.083685
25.19	-0.1009
25.2	-0.11775
25.21	-0.13237
25.22	-0.14451
25.23	-0.15612
25.24	-0.16858
25.25	-0.18058
25.26	-0.19004
25.27	-0.19715
25.28	-0.20348
25.29	-0.20921
25.3	-0.21394
25.31	-0.2187
25.32	-0.22407
25.33	-0.22929
25.34	-0.23382
25.35	-0.23759
25.36	-0.24102
25.37	-0.24396
25.38	-0.24532
25.39	-0.24356
25.4	-0.23783
25.41	-0.22959
25.42	-0.2213
25.43	-0.21294
25.44	-0.20242
25.45	-0.18987
25.46	-0.17717
25.47	-0.16482
25.48	-0.15198
25.49	-0.13736
25.5	-0.12033
25.51	-0.10263
25.52	-0.086975
25.53	-0.073894
25.54	-0.063172
25.55	-0.055973
25.56	-0.0525
25.57	-0.050778
25.58	-0.049972
25.59	-0.052699
25.6	-0.059403
25.61	-0.065662
25.62	-0.069269
25.63	-0.072058
25.64	-0.075964
25.65	-0.080552
25.66	-0.083961
25.67	-0.085912
25.68	-0.08759
25.69	-0.089716
25.7	-0.091497
25.71	-0.090981
25.72	-0.087941
25.73	-0.084901
25.74	-0.082606
25.75	-0.079504
25.76	-0.074944
25.77	-0.06836
25.78	-0.059539
25.79	-0.049914
25.8	-0.03957
25.81	-0.026761
25.82	-0.012
25.83	0.0020543
25.84	0.014531
25.85	0.026744
25.86	0.039235
25.87	0.050878
25.88	0.060465
25.89	0.068243
25.9	0.075549
25.91	0.083106
25.92	0.090783
25.93	0.098275
25.94	0.10563
25.95	0.11291
25.96	0.11895
25.97	0.12274
25.98	0.12515
25.99	0.12775
26	0.13027
26.01	0.13158
26.02	0.13227
26.03	0.13254
26.04	0.13115
26.05	0.12806
26.06	0.12536
26.07	0.12496
26.08	0.12456
26.09	0.12053
26.1	0.11521
26.11	0.1143
26.12	0.11846
26.13	0.12328
26.14	0.1255
26.15	0.12633
26.16	0.12808
26.17	0.13091
26.18	0.13313
26.19	0.13327
26.2	0.132
26.21	0.13077
26.22	0.12994
26.23	0.12692
26.24	0.11917
26.25	0.10886
26.26	0.10023
26.27	0.094545
26.28	0.090171
26.29	0.085554
26.3	0.080232
26.31	0.072984
26.32	0.063547
26.33	0.053763
26.34	0.044422
26.35	0.034858
26.36	0.024209
26.37	0.012477
26.38	0.00089583
26.39	-0.0096164
26.4	-0.019785
26.41	-0.030429
26.42	-0.040901
26.43	-0.050587
26.44	-0.058975
26.45	-0.065373
26.46	-0.070452
26.47	-0.075642
26.48	-0.080965
26.49	-0.08563
26.5	-0.090044
26.51	-0.094648
26.52	-0.098448
26.53	-0.10012
26.54	-0.09958
26.55	-0.097226
26.56	-0.093121
26.57	-0.08862
26.58	-0.085291
26.59	-0.083222
26.6	-0.080918
26.61	-0.075986
26.62	-0.068717
26.63	-0.0627
26.64	-0.060061
26.65	-0.059369
26.66	-0.058549
26.67	-0.057143
26.68	-0.055567
26.69	-0.054069
26.7	-0.052034
26.71	-0.047838
26.72	-0.042102
26.73	-0.039537
26.74	-0.042432
26.75	-0.046585
26.76	-0.047607
26.77	-0.045696
26.78	-0.043241
26.79	-0.041745
26.8	-0.040813
26.81	-0.039099
26.82	-0.03661
26.83	-0.034958
26.84	-0.035639
26.85	-0.039259
26.86	-0.045545
26.87	-0.053942
26.88	-0.063265
26.89	-0.07133
26.9	-0.077082
26.91	-0.081278
26.92	-0.084458
26.93	-0.087073
26.94	-0.088889
26.95	-0.088412
26.96	-0.0868
26.97	-0.086489
26.98	-0.086356
26.99	-0.085236
27	-0.084554
27.01	-0.084647
27.02	-0.085042
27.03	-0.086571
27.04	-0.089507
27.05	-0.092838
27.06	-0.095901
27.07	-0.098359
27.08	-0.099972
27.09	-0.10156
27.1	-0.10205
27.11	-0.098687
27.12	-0.093357
27.13	-0.089955
27.14	-0.087755
27.15	-0.08405
27.16	-0.078352
27.17	-0.072202
27.18	-0.066653
27.19	-0.061683
27.2	-0.057043
27.21	-0.050895
27.22	-0.041818
27.23	-0.032397
27.24	-0.026109
27.25	-0.022297
27.26	-0.016887
27.27	-0.0081288
27.28	0.0021167
27.29	0.012093
27.3	0.021492
27.31	0.031058
27.32	0.041433
27.33	0.052221
27.34	0.061982
27.35	0.070046
27.36	0.076742
27.37	0.082059
27.38	0.086906
27.39	0.09263
27.4	0.098949
27.41	0.10367
27.42	0.10639
27.43	0.10925
27.44	0.11186
27.45	0.11217
27.46	0.11034
27.47	0.1079
27.48	0.10599
27.49	0.10485
27.5	0.10279
27.51	0.097795
27.52	0.091262
27.53	0.086419
27.54	0.082875
27.55	0.078158
27.56	0.073287
27.57	0.070728
27.58	0.070127
27.59	0.068152
27.6	0.064154
27.61	0.062787
27.62	0.06572
27.63	0.068924
27.64	0.069522
27.65	0.068132
27.66	0.066409
27.67	0.065715
27.68	0.067178
27.69	0.070935
27.7	0.075664
27.71	0.081834
27.72	0.089559
27.73	0.094903
27.74	0.096711
27.75	0.097931
27.76	0.099379
27.77	0.099455
27.78	0.097315
27.79	0.093981
27.8	0.090901
27.81	0.088593
27.82	0.086387
27.83	0.083934
27.84	0.081537
27.85	0.079099
27.86	0.076634
27.87	0.074355
27.88	0.072236
27.89	0.069868
27.9	0.065858
27.91	0.059522
27.92	0.053323
27.93	0.049657
27.94	0.04668
27.95	0.041432
27.96	0.034529
27.97	0.028316
27.98	0.023663
27.99	0.020688
28	0.019451
28.01	0.019233
28.02	0.019049
28.03	0.019781
28.04	0.023292
28.05	0.029425
28.06	0.036563
28.07	0.043478
28.08	0.049915
28.09	0.05521
28.1	0.058701
28.11	0.062311
28.12	0.067697
28.13	0.073423
28.14	0.077775
28.15	0.080942
28.16	0.083426
28.17	0.08544
28.18	0.087759
28.19	0.090343
28.2	0.091995
28.21	0.0931
28.22	0.095368
28.23	0.09795
28.24	0.098583
28.25	0.097907
28.26	0.098527
28.27	0.10152
28.28	0.10594
28.29	0.11014
28.3	0.11298
28.31	0.11449
28.32	0.11516
28.33	0.11487
28.34	0.11226
28.35	0.10802
28.36	0.10481
28.37	0.10121
28.38	0.093501
28.39	0.082676
28.4	0.072718
28.41	0.06401
28.42	0.054624
28.43	0.045423
28.44	0.038465
28.45	0.033722
28.46	0.029689
28.47	0.025295
28.48	0.020695
28.49	0.015121
28.5	0.0070943
28.51	-0.0017849
28.52	-0.0087291
28.53	-0.014635
28.54	-0.021796
28.55	-0.030424
28.56	-0.039393
28.57	-0.046755
28.58	-0.052823
28.59	-0.060365
28.6	-0.068089
28.61	-0.072935
28.62	-0.075903
28.63	-0.07863
28.64	-0.082332
28.65	-0.087771
28.66	-0.093877
28.67	-0.09973
28.68	-0.10499
28.69	-0.10989
28.7	-0.11559
28.71	-0.12165
28.72	-0.12613
28.73	-0.13038
28.74	-0.1376
28.75	-0.14674
28.76	-0.15441
28.77	-0.15908
28.78	-0.16138
28.79	-0.16338
28.8	-0.16592
28.81	-0.16792
28.82	-0.1682
28.83	-0.16789
28.84	-0.1685
28.85	-0.16834
28.86	-0.16626
28.87	-0.1644
28.88	-0.16371
28.89	-0.1621
28.9	-0.15837
28.91	-0.15344
28.92	-0.14816
28.93	-0.14275
28.94	-0.13707
28.95	-0.13152
28.96	-0.12703
28.97	-0.12293
28.98	-0.11891
28.99	-0.11681
29	-0.11641
29.01	-0.1152
29.02	-0.11185
29.03	-0.10784
29.04	-0.10637
29.05	-0.10775
29.06	-0.10818
29.07	-0.10518
29.08	-0.10125
29.09	-0.10028
29.1	-0.10163
29.11	-0.10144
29.12	-0.099707
29.13	-0.099268
29.14	-0.09915
29.15	-0.09677
29.16	-0.092384
29.17	-0.08799
29.18	-0.084552
29.19	-0.081
29.2	-0.076565
29.21	-0.070486
29.22	-0.062066
29.23	-0.053912
29.24	-0.048526
29.25	-0.043553
29.26	-0.036566
29.27	-0.029762
29.28	-0.024617
29.29	-0.019093
29.3	-0.012843
29.31	-0.0083224
29.32	-0.0061301
29.33	-0.0030012
29.34	0.002915
29.35	0.008618
29.36	0.012346
29.37	0.0165
29.38	0.02291
29.39	0.030565
29.4	0.037878
29.41	0.044722
29.42	0.051801
29.43	0.059059
29.44	0.065611
29.45	0.071085
29.46	0.074673
29.47	0.075463
29.48	0.07484
29.49	0.074882
29.5	0.075954
29.51	0.076943
29.52	0.07643
29.53	0.074333
29.54	0.07182
29.55	0.069551
29.56	0.067818
29.57	0.065983
29.58	0.061948
29.59	0.055421
29.6	0.049353
29.61	0.046335
29.62	0.045898
29.63	0.045776
29.64	0.043289
29.65	0.037417
29.66	0.031294
29.67	0.028388
29.68	0.02844
29.69	0.028374
29.7	0.024807
29.71	0.018833
29.72	0.014312
29.73	0.011126
29.74	0.0068035
29.75	0.00072713
29.76	-0.0052288
29.77	-0.0084651
29.78	-0.0094724
29.79	-0.011411
29.8	-0.014664
29.81	-0.016464
29.82	-0.015741
29.83	-0.013882
29.84	-0.012248
29.85	-0.011959
29.86	-0.014326
29.87	-0.018216
29.88	-0.020893
29.89	-0.023024
29.9	-0.026018
29.91	-0.028064
29.92	-0.027498
29.93	-0.025306
29.94	-0.022889
29.95	-0.019562
29.96	-0.014225
29.97	-0.0084926
29.98	-0.0049193
29.99	-0.0035503
30	-0.00367
30.01	-0.00601
30.02	-0.0099156
30.03	-0.012411
30.04	-0.011905
30.05	-0.0096236
30.06	-0.0077108
30.07	-0.0059174
30.08	-0.0023577
30.09	0.0024003
30.1	0.0079415
30.11	0.014887
30.12	0.020963
30.13	0.023545
30.14	0.023942
30.15	0.024927
30.16	0.026946
30.17	0.029683
30.18	0.03301
30.19	0.035516
30.2	0.036009
30.21	0.036485
30.22	0.038712
30.23	0.039738
30.24	0.037369
30.25	0.033993
30.26	0.033053
30.27	0.0358
30.28	0.039696
30.29	0.040742
30.3	0.037875
30.31	0.033605
30.32	0.031001
30.33	0.030718
30.34	0.030004
30.35	0.025934
30.36	0.020386
30.37	0.017503
30.38	0.017803
30.39	0.019082
30.4	0.01975
30.41	0.01864
30.42	0.015227
30.43	0.010971
30.44	0.0081086
30.45	0.0075958
30.46	0.0085472
30.47	0.0095379
30.48	0.010079
30.49	0.01048
30.5	0.011005
30.51	0.01165
30.52	0.012173
30.53	0.01247
30.54	0.014099
30.55	0.018584
30.56	0.023733
30.57	0.026257
30.58	0.025939
30.59	0.024499
30.6	0.024127
30.61	0.026889
30.62	0.031853
30.63	0.035289
30.64	0.03544
30.65	0.033917
30.66	0.032655
30.67	0.032082
30.68	0.031707
30.69	0.031114
30.7	0.030253
30.71	0.030581
30.72	0.033674
30.73	0.036289
30.74	0.034104
30.75	0.029467
30.76	0.027532
30.77	0.028629
30.78	0.02977
30.79	0.03004
30.8	0.029871
30.81	0.029219
30.82	0.028608
30.83	0.027863
30.84	0.025584
30.85	0.021817
30.86	0.01868
30.87	0.017474
30.88	0.01745
30.89	0.017418
30.9	0.016952
30.91	0.0164
30.92	0.015901
30.93	0.014363
30.94	0.010553
30.95	0.0057049
30.96	0.0026628
30.97	0.002295
30.98	0.0031271
30.99	0.0037837
31	0.0034513
31.01	0.00082158
31.02	-0.0035815
31.03	-0.005529
31.04	-0.0024321
31.05	0.002386
31.06	0.0045574
31.07	0.0038905
31.08	0.0017976
31.09	-0.00066231
31.1	0.00013805
31.11	0.0067733
31.12	0.016094
31.13	0.024016
31.14	0.029814
31.15	0.03485
31.16	0.03998
31.17	0.04526
31.18	0.050402
31.19	0.054728
31.2	0.058692
31.21	0.063437
31.22	0.067845
31.23	0.069064
31.24	0.067631
31.25	0.067447
31.26	0.069013
31.27	0.069042
31.28	0.066212
31.29	0.062147
31.3	0.05849
31.31	0.055484
31.32	0.052707
31.33	0.04994
31.34	0.047161
31.35	0.044298
31.36	0.040509
31.37	0.034957
31.38	0.028359
31.39	0.022808
31.4	0.019844
31.41	0.017506
31.42	0.012516
31.43	0.0057267
31.44	-0.00063358
31.45	-0.0063923
31.46	-0.012066
31.47	-0.018204
31.48	-0.024739
31.49	-0.031174
31.5	-0.037231
31.51	-0.042988
31.52	-0.047589
31.53	-0.050933
31.54	-0.054567
31.55	-0.057678
31.56	-0.059091
31.57	-0.060612
31.58	-0.063715
31.59	-0.067739
31.6	-0.071115
31.61	-0.072404
31.62	-0.071525
31.63	-0.069481
31.64	-0.067563
31.65	-0.067379
31.66	-0.069535
31.67	-0.072026
31.68	-0.072235
31.69	-0.070169
31.7	-0.067122
31.71	-0.062378
31.72	-0.055647
31.73	-0.049888
31.74	-0.046824
31.75	-0.043744
31.76	-0.03813
31.77	-0.030937
31.78	-0.023812
31.79	-0.016997
31.8	-0.010629
31.81	-0.0049065
31.82	0.00057357
31.83	0.0049715
31.84	0.0078818
31.85	0.010935
31.86	0.01408
31.87	0.016432
31.88	0.019041
31.89	0.022663
31.9	0.027014
31.91	0.031437
31.92	0.035399
31.93	0.038899
31.94	0.040895
31.95	0.040306
31.96	0.037964
31.97	0.035412
31.98	0.033376
31.99	0.031656
32	0.029923
32.01	0.028205
32.02	0.025195
32.03	0.019401
32.04	0.012956
32.05	0.0080565
32.06	0.0033609
32.07	-0.0017182
32.08	-0.0063404
32.09	-0.011165
32.1	-0.015885
32.11	-0.01918
32.12	-0.022517
32.13	-0.026972
32.14	-0.030248
32.15	-0.031865
32.16	-0.034537
32.17	-0.038467
32.18	-0.040925
32.19	-0.040824
32.2	-0.039354
32.21	-0.03649
32.22	-0.031398
32.23	-0.027489
32.24	-0.028615
32.25	-0.031442
32.26	-0.030862
32.27	-0.027193
32.28	-0.023477
32.29	-0.021525
32.3	-0.021218
32.31	-0.02137
32.32	-0.021153
32.33	-0.020623
32.34	-0.020149
32.35	-0.01985
32.36	-0.019567
32.37	-0.019348
32.38	-0.018798
32.39	-0.016546
32.4	-0.01235
32.41	-0.0082137
32.42	-0.0061344
32.43	-0.0061197
32.44	-0.0068356
32.45	-0.0072784
32.46	-0.0073311
32.47	-0.0073123
32.48	-0.0074168
32.49	-0.0076121
32.5	-0.0077916
32.51	-0.0078578
32.52	-0.0079048
32.53	-0.0079549
32.54	-0.0080295
32.55	-0.008143
32.56	-0.0081287
32.57	-0.0080395
32.58	-0.00947
32.59	-0.013793
32.6	-0.01862
32.61	-0.020715
32.62	-0.020004
32.63	-0.018418
32.64	-0.018077
32.65	-0.020822
32.66	-0.025585
32.67	-0.029711
32.68	-0.033155
32.69	-0.036315
32.7	-0.038507
32.71	-0.039072
32.72	-0.038989
32.73	-0.041648
32.74	-0.047765
32.75	-0.053888
32.76	-0.057739
32.77	-0.059059
32.78	-0.058777
32.79	-0.05955
32.8	-0.061925
32.81	-0.062989
32.82	-0.061072
32.83	-0.057452
32.84	-0.053964
32.85	-0.051249
32.86	-0.048893
32.87	-0.046438
32.88	-0.043901
32.89	-0.041152
32.9	-0.037111
32.91	-0.031331
32.92	-0.025331
32.93	-0.02114
32.94	-0.019285
32.95	-0.018075
32.96	-0.015953
32.97	-0.013394
32.98	-0.01141
32.99	-0.0086675
33	-0.0031984
33.01	0.0029357
33.02	0.0066886
33.03	0.0095381
33.04	0.014018
33.05	0.018631
33.06	0.021921
33.07	0.025609
33.08	0.029887
33.09	0.032591
33.1	0.034293
33.11	0.037666
33.12	0.043078
33.13	0.049025
33.14	0.053158
33.15	0.054047
33.16	0.054229
33.17	0.056753
33.18	0.060006
33.19	0.060645
33.2	0.059396
33.21	0.060162
33.22	0.063447
33.23	0.065621
33.24	0.064664
33.25	0.061855
33.26	0.058729
33.27	0.0547
33.28	0.049066
33.29	0.043882
33.3	0.041152
33.31	0.038753
33.32	0.033874
33.33	0.02833
33.34	0.024134
33.35	0.019742
33.36	0.014995
33.37	0.012048
33.38	0.011569
33.39	0.010999
33.4	0.0074073
33.41	0.0022311
33.42	-0.00076959
33.43	-0.00069256
33.44	0.00056445
33.45	0.0012104
33.46	0.0010956
33.47	0.0022511
33.48	0.0064444
33.49	0.011584
33.5	0.015431
33.51	0.018857
33.52	0.023004
33.53	0.027917
33.54	0.032689
33.55	0.036952
33.56	0.040519
33.57	0.042871
33.58	0.044502
33.59	0.044736
33.6	0.043491
33.61	0.043815
33.62	0.046737
33.63	0.049666
33.64	0.049656
33.65	0.046085
33.66	0.041307
33.67	0.037501
33.68	0.035197
33.69	0.033368
33.7	0.029839
33.71	0.025327
33.72	0.022113
33.73	0.018096
33.74	0.010952
33.75	0.0036632
33.76	-0.0010466
33.77	-0.0048734
33.78	-0.0087882
33.79	-0.011613
33.8	-0.01401
33.81	-0.017482
33.82	-0.021154
33.83	-0.022841
33.84	-0.023069
33.85	-0.025041
33.86	-0.029144
33.87	-0.033291
33.88	-0.03707
33.89	-0.040503
33.9	-0.043959
33.91	-0.047576
33.92	-0.04996
33.93	-0.0516
33.94	-0.054171
33.95	-0.057672
33.96	-0.06119
33.97	-0.063816
33.98	-0.065875
33.99	-0.068057
34	-0.070703
34.01	-0.073396
34.02	-0.074002
34.03	-0.072669
34.04	-0.072547
34.05	-0.073793
34.06	-0.073418
34.07	-0.070331
34.08	-0.066231
34.09	-0.062891
34.1	-0.059152
34.11	-0.052508
34.12	-0.044498
34.13	-0.037783
34.14	-0.031591
34.15	-0.025175
34.16	-0.018559
34.17	-0.011148
34.18	-0.0031749
34.19	0.004606
34.2	0.012586
34.21	0.022316
34.22	0.033295
34.23	0.041672
34.24	0.046058
34.25	0.049878
34.26	0.055269
34.27	0.060672
34.28	0.064924
34.29	0.067578
34.3	0.06828
34.31	0.069039
34.32	0.071212
34.33	0.072598
34.34	0.071262
34.35	0.068365
34.36	0.066569
34.37	0.067305
34.38	0.069419
34.39	0.070282
34.4	0.068296
34.41	0.063924
34.42	0.058498
34.43	0.053109
34.44	0.048443
34.45	0.04492
34.46	0.042615
34.47	0.041242
34.48	0.039673
34.49	0.036044
34.5	0.030217
34.51	0.024687
34.52	0.021685
34.53	0.020887
34.54	0.02071
34.55	0.01994
34.56	0.017323
34.57	0.012525
34.58	0.0068205
34.59	0.0020236
34.6	0.00033197
34.61	0.0020842
34.62	0.0044746
34.63	0.0051043
34.64	0.0042696
34.65	0.003358
34.66	0.0028579
34.67	0.0032428
34.68	0.0060737
34.69	0.010866
34.7	0.014219
34.71	0.015804
34.72	0.018593
34.73	0.021012
34.74	0.019306
34.75	0.016068
34.76	0.015839
34.77	0.016531
34.78	0.01352
34.79	0.0080645
34.8	0.0045764
34.81	0.0039556
34.82	0.0027241
34.83	-0.0018315
34.84	-0.0071254
34.85	-0.0096124
34.86	-0.010593
34.87	-0.0137
34.88	-0.018388
34.89	-0.021205
34.9	-0.022476
34.91	-0.025229
34.92	-0.029121
34.93	-0.031187
34.94	-0.03049
34.95	-0.028882
34.96	-0.029237
34.97	-0.032568
34.98	-0.036395
34.99	-0.037801
35	-0.036653
35.01	-0.034623
35.02	-0.03309
35.03	-0.032215
35.04	-0.031354
35.05	-0.030304
35.06	-0.02916
35.07	-0.027859
35.08	-0.027127
35.09	-0.028311
35.1	-0.029821
35.11	-0.028224
35.12	-0.024273
35.13	-0.021311
35.14	-0.020418
35.15	-0.020631
35.16	-0.020155
35.17	-0.016789
35.18	-0.010995
35.19	-0.0067118
35.2	-0.0056115
35.21	-0.0034752
35.22	0.0027477
35.23	0.0085909
35.24	0.010592
35.25	0.011384
35.26	0.013727
35.27	0.018205
35.28	0.023998
35.29	0.030344
35.3	0.036982
35.31	0.043657
35.32	0.049413
35.33	0.053252
35.34	0.056113
35.35	0.058188
35.36	0.058053
35.37	0.057042
35.38	0.058074
35.39	0.060102
35.4	0.060005
35.41	0.057236
35.42	0.053524
35.43	0.050944
35.44	0.050771
35.45	0.052715
35.46	0.054321
35.47	0.053168
35.48	0.050017
35.49	0.048326
35.5	0.04967
35.51	0.051484
35.52	0.050848
35.53	0.047678
35.54	0.044583
35.55	0.044456
35.56	0.046195
35.57	0.046101
35.58	0.042505
35.59	0.036442
35.6	0.031539
35.61	0.030543
35.62	0.031343
35.63	0.030493
35.64	0.027507
35.65	0.024152
35.66	0.020626
35.67	0.014864
35.68	0.0075931
35.69	0.00086101
35.7	-0.0056911
35.71	-0.011237
35.72	-0.014884
35.73	-0.018951
35.74	-0.025467
35.75	-0.033204
35.76	-0.039817
35.77	-0.044786
35.78	-0.04884
35.79	-0.05288
35.8	-0.057632
35.81	-0.06276
35.82	-0.06754
35.83	-0.072332
35.84	-0.077525
35.85	-0.082592
35.86	-0.087114
35.87	-0.090655
35.88	-0.093538
35.89	-0.096128
35.9	-0.098256
35.91	-0.10058
35.92	-0.10351
35.93	-0.10666
35.94	-0.10955
35.95	-0.11186
35.96	-0.11319
35.97	-0.11424
35.98	-0.11535
35.99	-0.1147
36	-0.11405
36.01	-0.10949
36.02	-0.1051
36.03	-0.10117
36.04	-0.097705
36.05	-0.095295
36.06	-0.094285
36.07	-0.093737
36.08	-0.092344
36.09	-0.089825
36.1	-0.086618
36.11	-0.083177
36.12	-0.079592
36.13	-0.075838
36.14	-0.072131
36.15	-0.068451
36.16	-0.064939
36.17	-0.063349
36.18	-0.064439
36.19	-0.065457
36.2	-0.064133
36.21	-0.060474
36.22	-0.056195
36.23	-0.054575
36.24	-0.055834
36.25	-0.056255
36.26	-0.05354
36.27	-0.048866
36.28	-0.044379
36.29	-0.040824
36.3	-0.037687
36.31	-0.034455
36.32	-0.030924
36.33	-0.027009
36.34	-0.022951
36.35	-0.019245
36.36	-0.015232
36.37	-0.0097207
36.38	-0.0035546
36.39	0.0013676
36.4	0.0044025
36.41	0.0063343
36.42	0.0081919
36.43	0.010178
36.44	0.013163
36.45	0.018663
36.46	0.025143
36.47	0.029807
36.48	0.033628
36.49	0.03858
36.5	0.042964
36.51	0.045623
36.52	0.049036
36.53	0.053797
36.54	0.057383
36.55	0.059759
36.56	0.063023
36.57	0.066992
36.58	0.070344
36.59	0.072048
36.6	0.073224
36.61	0.076999
36.62	0.08343
36.63	0.089481
36.64	0.093154
36.65	0.095313
36.66	0.097716
36.67	0.10081
36.68	0.10368
36.69	0.10578
36.7	0.10736
36.71	0.1088
36.72	0.1104
36.73	0.11061
36.74	0.10819
36.75	0.10558
36.76	0.10532
36.77	0.10564
36.78	0.10358
36.79	0.099183
36.8	0.094302
36.81	0.090158
36.82	0.086698
36.83	0.083253
36.84	0.078384
36.85	0.071236
36.86	0.063199
36.87	0.055616
36.88	0.048626
36.89	0.041798
36.9	0.034356
36.91	0.026431
36.92	0.019017
36.93	0.012499
36.94	0.0072088
36.95	0.0033256
36.96	-0.00058061
36.97	-0.0047884
36.98	-0.0085362
36.99	-0.012265
37	-0.015991
37.01	-0.019711
37.02	-0.023149
37.03	-0.025106
37.04	-0.026421
37.05	-0.028835
37.06	-0.031033
37.07	-0.031035
37.08	-0.0305
37.09	-0.032033
37.1	-0.033419
37.11	-0.030752
37.12	-0.025248
37.13	-0.01993
37.14	-0.015175
37.15	-0.011443
37.16	-0.0092626
37.17	-0.0069034
37.18	-0.003071
37.19	0.00031565
37.2	0.0016617
37.21	0.0030031
37.22	0.0061188
37.23	0.0091189
37.24	0.010013
37.25	0.010427
37.26	0.012686
37.27	0.015681
37.28	0.016841
37.29	0.015856
37.3	0.014205
37.31	0.013021
37.32	0.012374
37.33	0.011827
37.34	0.011133
37.35	0.010274
37.36	0.0094335
37.37	0.0086915
37.38	0.0079162
37.39	0.007137
37.4	0.0064037
37.41	0.0056943
37.42	0.0050262
37.43	0.0043947
37.44	0.0037588
37.45	0.0031281
37.46	0.0024902
37.47	0.0018755
37.48	0.0013233
37.49	0.00073273
37.5	4.8608e-05
37.51	-0.00064297
37.52	-0.0012545
37.53	-0.0018238
37.54	-0.0021306
37.55	-0.0013355
37.56	0.00081263
37.57	0.0030199
37.58	0.0037827
37.59	0.0033075
37.6	0.0039906
37.61	0.0074094
37.62	0.011326
37.63	0.013069
37.64	0.013504
37.65	0.014089
37.66	0.014484
37.67	0.014847
37.68	0.015643
37.69	0.015805
37.7	0.014901
37.71	0.014664
37.72	0.015294
37.73	0.014218
37.74	0.010471
37.75	0.0064128
37.76	0.0039091
37.77	0.0022171
37.78	0.00042969
37.79	-0.0012919
37.8	-0.0026281
37.81	-0.0036338
37.82	-0.0050945
37.83	-0.0077737
37.84	-0.011143
37.85	-0.014459
37.86	-0.01766
37.87	-0.020798
37.88	-0.024045
37.89	-0.02755
37.9	-0.03146
37.91	-0.035646
37.92	-0.039602
37.93	-0.043174
37.94	-0.04619
37.95	-0.048291
37.96	-0.049607
37.97	-0.050626
37.98	-0.051307
37.99	-0.051084
38	-0.050353
38.01	-0.049741
38.02	-0.04906
38.03	-0.048405
38.04	-0.047784
38.05	-0.047133
38.06	-0.046568
38.07	-0.045409
38.08	-0.043503
38.09	-0.042068
38.1	-0.041283
38.11	-0.039883
38.12	-0.037312
38.13	-0.034202
38.14	-0.031288
38.15	-0.028424
38.16	-0.02494
38.17	-0.020968
38.18	-0.017379
38.19	-0.014777
38.2	-0.012858
38.21	-0.010406
38.22	-0.0069278
38.23	-0.0037314
38.24	-0.0016673
38.25	0.00033983
38.26	0.002934
38.27	0.0055442
38.28	0.0080233
38.29	0.010609
38.3	0.01325
38.31	0.015746
38.32	0.017977
38.33	0.019499
38.34	0.020266
38.35	0.021119
38.36	0.02211
38.37	0.022727
38.38	0.023218
38.39	0.023792
38.4	0.024356
38.41	0.02505
38.42	0.025508
38.43	0.025264
38.44	0.024953
38.45	0.025125
38.46	0.025086
38.47	0.024378
38.48	0.023788
38.49	0.023811
38.5	0.023973
38.51	0.023959
38.52	0.023696
38.53	0.0233
38.54	0.023064
38.55	0.0227
38.56	0.022059
38.57	0.021568
38.58	0.020973
38.59	0.019665
38.6	0.018097
38.61	0.017197
38.62	0.016871
38.63	0.016237
38.64	0.014844
38.65	0.013021
38.66	0.011296
38.67	0.0098629
38.68	0.0085793
38.69	0.0072478
38.7	0.0060856
38.71	0.0055436
38.72	0.0051196
38.73	0.0038219
38.74	0.0017245
38.75	-0.00048024
38.76	-0.0023535
38.77	-0.0038322
38.78	-0.0052251
38.79	-0.0067763
38.8	-0.0083872
38.81	-0.0097306
38.82	-0.010705
38.83	-0.011568
38.84	-0.012435
38.85	-0.013218
38.86	-0.013801
38.87	-0.014218
38.88	-0.014541
38.89	-0.014621
38.9	-0.014542
38.91	-0.014598
38.92	-0.014616
38.93	-0.014213
38.94	-0.013598
38.95	-0.013266
38.96	-0.013155
38.97	-0.012865
38.98	-0.012261
38.99	-0.011472
39	-0.010642
39.01	-0.0097297
39.02	-0.0086454
39.03	-0.0075907
39.04	-0.0068201
39.05	-0.0062565
39.06	-0.0057627
39.07	-0.0053428
39.08	-0.0051203
39.09	-0.0051838
39.1	-0.0051481
39.11	-0.004583
39.12	-0.0037591
39.13	-0.0031368
39.14	-0.0027132
39.15	-0.0022885
39.16	-0.0018436
39.17	-0.001483
39.18	-0.0012421
39.19	-0.0010633
39.2	-0.00084344
39.21	-0.0004871
39.22	-0.00011394
39.23	4.1978e-05
39.24	2.5393e-05
39.25	4.5814e-05
39.26	0.00020875
39.27	0.0005722
39.28	0.0010721
39.29	0.0014612
39.3	0.0015951
39.31	0.0015701
39.32	0.0015353
39.33	0.0015469
39.34	0.0015803
39.35	0.0016021
39.36	0.0016056
39.37	0.0016033
39.38	0.0016053
39.39	0.0016095
39.4	0.0016117
39.41	0.0016105
39.42	0.0016052
39.43	0.0015985
39.44	0.0015915
39.45	0.0015836
39.46	0.0015763
39.47	0.0015699
39.48	0.0015157
39.49	0.0013645
39.5	0.0011983
39.51	0.0011357
39.52	0.001175
39.53	0.0012424
39.54	0.001284
39.55	0.0012762
39.56	0.0012316
39.57	0.0012046
39.58	0.001215
39.59	0.0012186
39.6	0.0012124
39.61	0.0012626
39.62	0.0013767
39.63	0.0014685
39.64	0.001481
39.65	0.0014408
39.66	0.0013958
39.67	0.0013639
39.68	0.0013369
39.69	0.0013057
39.7	0.0012785
39.71	0.0012722
39.72	0.0012676
39.73	0.0012144
39.74	0.0011126
39.75	0.0010173
39.76	0.0009599
39.77	0.00092593
39.78	0.00089092
39.79	0.00084657
39.8	0.00079853
39.81	0.00074989
39.82	0.00069765
39.83	0.00064549
39.84	0.00059855
39.85	0.00055566
39.86	0.00051462
39.87	0.00047277
39.88	0.00042841
39.89	0.00038132
39.9	0.00033132
39.91	0.00027953
39.92	0.00022777
39.93	0.0001771
39.94	0.00012716
39.95	7.7091e-05
39.96	2.705e-05
39.97	-2.1557e-05
39.98	-6.7449e-05
39.99	-0.00011032
