0	0.00069265
0.005	0.00073503
0.01	0.00080021
0.015	0.00083777
0.02	0.00089098
0.025	0.00096024
0.03	0.0010426
0.035	0.0011237
0.04	0.0011724
0.045	0.0011634
0.05	0.0010839
0.055	0.0009215
0.06	0.00068242
0.065	0.00040786
0.07	0.00017315
0.075	7.7374e-05
0.08	0.00017537
0.085	0.00049097
0.09	0.0010569
0.095	0.0017922
0.1	0.0025375
0.105	0.0032157
0.11	0.0037686
0.115	0.0041452
0.12	0.0043926
0.125	0.0045221
0.13	0.0044233
0.135	0.0039693
0.14	0.003023
0.145	0.0015807
0.15	-0.00012292
0.155	-0.0017851
0.16	-0.0031232
0.165	-0.0039957
0.17	-0.004468
0.175	-0.0045488
0.18	-0.0040535
0.185	-0.0027274
0.19	-0.00034369
0.195	0.0031896
0.2	0.0074953
0.205	0.011666
0.21	0.014833
0.215	0.016443
0.22	0.016254
0.225	0.01464
0.23	0.012379
0.235	0.010017
0.24	0.0078394
0.245	0.0057134
0.25	0.0029663
0.255	-0.0008026
0.26	-0.0049573
0.265	-0.0083702
0.27	-0.010623
0.275	-0.011624
0.28	-0.010883
0.285	-0.0082872
0.29	-0.0043149
0.295	0.00029636
0.3	0.0042518
0.305	0.0062978
0.31	0.0063082
0.315	0.00514
0.32	0.0039083
0.325	0.0034108
0.33	0.0036806
0.335	0.004007
0.34	0.0035815
0.345	0.0021134
0.35	-0.00037179
0.355	-0.0038846
0.36	-0.0081873
0.365	-0.012412
0.37	-0.014885
0.375	-0.013519
0.38	-0.0078387
0.385	-0.000318
0.39	0.0059365
0.395	0.009756
0.4	0.011744
0.405	0.013549
0.41	0.017492
0.415	0.024848
0.42	0.033618
0.425	0.039876
0.43	0.041372
0.435	0.03781
0.44	0.028954
0.445	0.015513
0.45	0.00052505
0.455	-0.013473
0.46	-0.026847
0.465	-0.041001
0.47	-0.056195
0.475	-0.071427
0.48	-0.085712
0.485	-0.098259
0.49	-0.10795
0.495	-0.11222
0.5	-0.10544
0.505	-0.079936
0.51	-0.030814
0.515	0.035668
0.52	0.10175
0.525	0.14928
0.53	0.16888
0.535	0.16167
0.54	0.13626
0.545	0.10572
0.55	0.081627
0.555	0.063761
0.56	0.040718
0.565	0.0035906
0.57	-0.045227
0.575	-0.094798
0.58	-0.13294
0.585	-0.15422
0.59	-0.16332
0.595	-0.16695
0.6	-0.16442
0.605	-0.14932
0.61	-0.1151
0.615	-0.055508
0.62	0.031612
0.625	0.12863
0.63	0.19931
0.635	0.21732
0.64	0.18635
0.645	0.13523
0.65	0.09715
0.655	0.086538
0.66	0.090833
0.665	0.088155
0.67	0.070184
0.675	0.043791
0.68	0.019126
0.685	0.0014582
0.69	-0.0071863
0.695	-0.0040647
0.7	0.012275
0.705	0.037686
0.71	0.062149
0.715	0.075521
0.72	0.074365
0.725	0.062729
0.73	0.045588
0.735	0.023879
0.74	-0.002168
0.745	-0.028914
0.75	-0.052059
0.755	-0.068851
0.76	-0.075775
0.765	-0.069792
0.77	-0.050852
0.775	-0.023194
0.78	0.0044806
0.785	0.025787
0.79	0.040562
0.795	0.050512
0.8	0.0579
0.805	0.065146
0.81	0.073315
0.815	0.082114
0.82	0.088133
0.825	0.085219
0.83	0.070088
0.835	0.046122
0.84	0.020125
0.845	-0.0029198
0.85	-0.021359
0.855	-0.0363
0.86	-0.050102
0.865	-0.063357
0.87	-0.074797
0.875	-0.083331
0.88	-0.086441
0.885	-0.081101
0.89	-0.068368
0.895	-0.052264
0.9	-0.035662
0.905	-0.022076
0.91	-0.016724
0.915	-0.021681
0.92	-0.034844
0.925	-0.052642
0.93	-0.071408
0.935	-0.089133
0.94	-0.10544
0.945	-0.12065
0.95	-0.13576
0.955	-0.15027
0.96	-0.16049
0.965	-0.16008
0.97	-0.14367
0.975	-0.11309
0.98	-0.07657
0.985	-0.040264
0.99	-0.0062612
0.995	0.023723
1	0.048414
1.005	0.067927
1.01	0.083303
1.015	0.096519
1.02	0.10895
1.025	0.11817
1.03	0.11862
1.035	0.10696
1.04	0.083578
1.045	0.050781
1.05	0.013345
1.055	-0.023747
1.06	-0.056233
1.065	-0.078171
1.07	-0.083553
1.075	-0.070393
1.08	-0.041711
1.085	-0.0018096
1.09	0.044256
1.095	0.086766
1.1	0.10507
1.105	0.083697
1.11	0.043633
1.115	0.023903
1.12	0.03516
1.125	0.056762
1.13	0.06539
1.135	0.053176
1.14	0.026923
1.145	-0.0039245
1.15	-0.036038
1.155	-0.069068
1.16	-0.10061
1.165	-0.12672
1.17	-0.14159
1.175	-0.13426
1.18	-0.091341
1.185	-0.0057444
1.19	0.11239
1.195	0.23045
1.2	0.30721
1.205	0.31713
1.21	0.26549
1.215	0.18207
1.22	0.10107
1.225	0.043959
1.23	0.013684
1.235	0.0017748
1.24	-0.00058407
1.245	0.002064
1.25	0.0071522
1.255	0.013024
1.26	0.018682
1.265	0.021525
1.27	0.019527
1.275	0.016316
1.28	0.020663
1.285	0.045373
1.29	0.10203
1.295	0.18861
1.3	0.27798
1.305	0.32473
1.31	0.30412
1.315	0.23319
1.32	0.13525
1.325	0.013018
1.33	-0.12244
1.335	-0.24091
1.34	-0.32084
1.345	-0.35977
1.35	-0.36585
1.355	-0.34922
1.36	-0.31777
1.365	-0.27913
1.37	-0.24135
1.375	-0.20453
1.38	-0.15913
1.385	-0.095788
1.39	-0.0046832
1.395	0.12241
1.4	0.26577
1.405	0.37375
1.41	0.40255
1.415	0.35031
1.42	0.25245
1.425	0.14623
1.43	0.041909
1.435	-0.065236
1.44	-0.1768
1.445	-0.28859
1.45	-0.38011
1.455	-0.42883
1.46	-0.43341
1.465	-0.40655
1.47	-0.36171
1.475	-0.30306
1.48	-0.20677
1.485	-0.035626
1.49	0.23821
1.495	0.59917
1.5	0.91317
1.505	1.0142
1.51	0.88559
1.515	0.63053
1.52	0.34067
1.525	0.079069
1.53	-0.10965
1.535	-0.22085
1.54	-0.28046
1.545	-0.3205
1.55	-0.36737
1.555	-0.43871
1.56	-0.53879
1.565	-0.65431
1.57	-0.75645
1.575	-0.80771
1.58	-0.77236
1.585	-0.59134
1.59	-0.22407
1.595	0.23617
1.6	0.60451
1.605	0.75159
1.61	0.67671
1.615	0.46875
1.62	0.2331
1.625	0.047164
1.63	-0.07559
1.635	-0.1594
1.64	-0.21151
1.645	-0.22914
1.65	-0.22197
1.655	-0.20327
1.66	-0.17883
1.665	-0.14833
1.67	-0.10927
1.675	-0.058175
1.68	0.012747
1.685	0.11418
1.69	0.25166
1.695	0.41221
1.7	0.54636
1.705	0.59151
1.71	0.53102
1.715	0.4034
1.72	0.26361
1.725	0.15727
1.73	0.10468
1.735	0.091447
1.74	0.08893
1.745	0.081173
1.75	0.064235
1.755	0.034462
1.76	-0.01187
1.765	-0.071297
1.77	-0.12566
1.775	-0.1489
1.78	-0.12646
1.785	-0.066357
1.79	-0.00095229
1.795	0.022665
1.8	-0.025141
1.805	-0.13026
1.81	-0.24846
1.815	-0.33782
1.82	-0.38749
1.825	-0.4213
1.83	-0.45541
1.835	-0.46778
1.84	-0.42288
1.845	-0.30698
1.85	-0.14958
1.855	-0.0044455
1.86	0.095764
1.865	0.14541
1.87	0.16415
1.875	0.19111
1.88	0.24518
1.885	0.30961
1.89	0.3599
1.895	0.3819
1.9	0.36851
1.905	0.32269
1.91	0.25971
1.915	0.19515
1.92	0.13585
1.925	0.082306
1.93	0.030651
1.935	-0.025657
1.94	-0.09016
1.945	-0.15711
1.95	-0.21279
1.955	-0.24696
1.96	-0.25427
1.965	-0.22256
1.97	-0.13074
1.975	0.029435
1.98	0.20328
1.985	0.29117
1.99	0.26176
1.995	0.17508
2	0.09187
2.005	0.026357
2.01	-0.032504
2.015	-0.096136
2.02	-0.16459
2.025	-0.22591
2.03	-0.26911
2.035	-0.29278
2.04	-0.30172
2.045	-0.3056
2.05	-0.31743
2.055	-0.34366
2.06	-0.37592
2.065	-0.39549
2.07	-0.38657
2.075	-0.34023
2.08	-0.2555
2.085	-0.14434
2.09	-0.024943
2.095	0.086831
2.1	0.18316
2.105	0.2605
2.11	0.31219
2.115	0.33437
2.12	0.3283
2.125	0.29685
2.13	0.24591
2.135	0.18718
2.14	0.13305
2.145	0.09065
2.15	0.065544
2.155	0.063396
2.16	0.081558
2.165	0.10289
2.17	0.10418
2.175	0.072242
2.18	0.011926
2.185	-0.060325
2.19	-0.12914
2.195	-0.18443
2.2	-0.21736
2.205	-0.2219
2.21	-0.20109
2.215	-0.16694
2.22	-0.13663
2.225	-0.1303
2.23	-0.15996
2.235	-0.22109
2.24	-0.30044
2.245	-0.36896
2.25	-0.37985
2.255	-0.30472
2.26	-0.15786
2.265	0.013524
2.27	0.15172
2.275	0.22339
2.28	0.23678
2.285	0.21667
2.29	0.18027
2.295	0.13819
2.3	0.10613
2.305	0.10479
2.31	0.1417
2.315	0.20435
2.32	0.27198
2.325	0.32437
2.33	0.34776
2.335	0.34255
2.34	0.31615
2.345	0.26892
2.35	0.20171
2.355	0.12673
2.36	0.057779
2.365	3.6078e-05
2.37	-0.05144
2.375	-0.10547
2.38	-0.16013
2.385	-0.20429
2.39	-0.23088
2.395	-0.23683
2.4	-0.22434
2.405	-0.20617
2.41	-0.19892
2.415	-0.21125
2.42	-0.23866
2.425	-0.26178
2.43	-0.25163
2.435	-0.18907
2.44	-0.076923
2.445	0.056501
2.45	0.15935
2.455	0.19284
2.46	0.16377
2.465	0.10691
2.47	0.050614
2.475	0.0047675
2.48	-0.024468
2.485	-0.025242
2.49	0.0060409
2.495	0.051987
2.5	0.08583
2.505	0.094634
2.51	0.085179
2.515	0.070829
2.52	0.057429
2.525	0.042367
2.53	0.024445
2.535	0.0068448
2.54	-0.0089031
2.545	-0.022695
2.55	-0.034056
2.555	-0.045443
2.56	-0.062837
2.565	-0.09194
2.57	-0.13277
2.575	-0.17826
2.58	-0.21647
2.585	-0.23106
2.59	-0.21032
2.595	-0.15977
2.6	-0.096771
2.605	-0.036166
2.61	0.014101
2.615	0.048103
2.62	0.058175
2.625	0.042433
2.63	0.013481
2.635	-0.009271
2.64	-0.016263
2.645	-0.014714
2.65	-0.020995
2.655	-0.046
2.66	-0.086901
2.665	-0.13021
2.67	-0.16008
2.675	-0.16738
2.68	-0.14972
2.685	-0.10724
2.69	-0.043956
2.695	0.033066
2.7	0.11112
2.705	0.17269
2.71	0.20813
2.715	0.22088
2.72	0.22122
2.725	0.21775
2.73	0.21345
2.735	0.20852
2.74	0.20226
2.745	0.19219
2.75	0.17665
2.755	0.15691
2.76	0.13562
2.765	0.11749
2.77	0.10916
2.775	0.11562
2.78	0.13815
2.785	0.17476
2.79	0.22158
2.795	0.27345
2.8	0.32421
2.805	0.36482
2.81	0.38521
2.815	0.38176
2.82	0.35951
2.825	0.33063
2.83	0.30985
2.835	0.3026
2.84	0.29968
2.845	0.28487
2.85	0.24607
2.855	0.18679
2.86	0.12257
2.865	0.066888
2.87	0.026756
2.875	0.0034427
2.88	-0.0020124
2.885	0.015305
2.89	0.054968
2.895	0.10427
2.9	0.14652
2.905	0.17027
2.91	0.17226
2.915	0.15855
2.92	0.1391
2.925	0.11987
2.93	0.1018
2.935	0.081433
2.94	0.053112
2.945	0.012937
2.95	-0.040946
2.955	-0.10539
2.96	-0.17251
2.965	-0.23479
2.97	-0.28853
2.975	-0.33398
2.98	-0.36703
2.985	-0.38068
2.99	-0.37678
2.995	-0.36315
3	-0.34368
3.005	-0.31864
3.01	-0.2883
3.015	-0.25342
3.02	-0.2177
3.025	-0.187
3.03	-0.16559
3.035	-0.15481
3.04	-0.15257
3.045	-0.15827
3.05	-0.17452
3.055	-0.19995
3.06	-0.2296
3.065	-0.25993
3.07	-0.28967
3.075	-0.31963
3.08	-0.3481
3.085	-0.36838
3.09	-0.37391
3.095	-0.36283
3.1	-0.33836
3.105	-0.30528
3.11	-0.26874
3.115	-0.2367
3.12	-0.21427
3.125	-0.19849
3.13	-0.18596
3.135	-0.17688
3.14	-0.17128
3.145	-0.16859
3.15	-0.16844
3.155	-0.17057
3.16	-0.17484
3.165	-0.18107
3.17	-0.19079
3.175	-0.20515
3.18	-0.22309
3.185	-0.24587
3.19	-0.2731
3.195	-0.2968
3.2	-0.3107
3.205	-0.31704
3.21	-0.31932
3.215	-0.31847
3.22	-0.31582
3.225	-0.31111
3.23	-0.30106
3.235	-0.28532
3.24	-0.26616
3.245	-0.24416
3.25	-0.22388
3.255	-0.21256
3.26	-0.21188
3.265	-0.21889
3.27	-0.23011
3.275	-0.24349
3.28	-0.25803
3.285	-0.2712
3.29	-0.28194
3.295	-0.29405
3.3	-0.31162
3.305	-0.33519
3.31	-0.35965
3.315	-0.3782
3.32	-0.39026
3.325	-0.39907
3.33	-0.40555
3.335	-0.40965
3.34	-0.41214
3.345	-0.41285
3.35	-0.4122
3.355	-0.41204
3.36	-0.41166
3.365	-0.40871
3.37	-0.40314
3.375	-0.39692
3.38	-0.3905
3.385	-0.38117
3.39	-0.36695
3.395	-0.34956
3.4	-0.33155
3.405	-0.3132
3.41	-0.29453
3.415	-0.27632
3.42	-0.25849
3.425	-0.23989
3.43	-0.21942
3.435	-0.19813
3.44	-0.17747
3.445	-0.15695
3.45	-0.13647
3.455	-0.11616
3.46	-0.094832
3.465	-0.070469
3.47	-0.043095
3.475	-0.01395
3.48	0.019296
3.485	0.05922
3.49	0.10514
3.495	0.15599
3.5	0.21192
3.505	0.27172
3.51	0.33548
3.515	0.40826
3.52	0.49
3.525	0.57758
3.53	0.67561
3.535	0.78446
3.54	0.89248
3.545	0.98509
3.55	1.0531
3.555	1.0977
3.56	1.1289
3.565	1.1533
3.57	1.1655
3.575	1.1594
3.58	1.1388
3.585	1.1167
3.59	1.1048
3.595	1.1028
3.6	1.0995
3.605	1.0852
3.61	1.0598
3.615	1.0256
3.62	0.98136
3.625	0.926
3.63	0.86059
3.635	0.78638
3.64	0.70583
3.645	0.61815
3.65	0.51928
3.655	0.4148
3.66	0.314
3.665	0.21829
3.67	0.14266
3.675	0.10994
3.68	0.11468
3.685	0.13523
3.69	0.16761
3.695	0.2183
3.7	0.28223
3.705	0.35246
3.71	0.4248
3.715	0.47536
3.72	0.46477
3.725	0.37381
3.73	0.21425
3.735	0.031232
3.74	-0.10979
3.745	-0.17304
3.75	-0.16118
3.755	-0.084554
3.76	0.055135
3.765	0.24851
3.77	0.45444
3.775	0.61482
3.78	0.68993
3.785	0.67924
3.79	0.6069
3.795	0.49869
3.8	0.37812
3.805	0.26657
3.81	0.18642
3.815	0.15088
3.82	0.14365
3.825	0.13177
3.83	0.098923
3.835	0.05412
3.84	0.012455
3.845	-0.022129
3.85	-0.05755
3.855	-0.10366
3.86	-0.16403
3.865	-0.23552
3.87	-0.31189
3.875	-0.38719
3.88	-0.45381
3.885	-0.50448
3.89	-0.53676
3.895	-0.55169
3.9	-0.55498
3.905	-0.55805
3.91	-0.57138
3.915	-0.59829
3.92	-0.63192
3.925	-0.66004
3.93	-0.67705
3.935	-0.68759
3.94	-0.69927
3.945	-0.71438
3.95	-0.72833
3.955	-0.73606
3.96	-0.73615
3.965	-0.72848
3.97	-0.71398
3.975	-0.69068
3.98	-0.65277
3.985	-0.60185
3.99	-0.54621
3.995	-0.49004
4	-0.43241
4.005	-0.36784
4.01	-0.28825
4.015	-0.19425
4.02	-0.09286
4.025	0.015249
4.03	0.12744
4.035	0.23292
4.04	0.32384
4.045	0.40665
4.05	0.48757
4.055	0.55179
4.06	0.5857
4.065	0.59487
4.07	0.58596
4.075	0.55914
4.08	0.5183
4.085	0.46903
4.09	0.40462
4.095	0.31524
4.1	0.20314
4.105	0.076572
4.11	-0.051149
4.115	-0.16439
4.12	-0.25516
4.125	-0.32248
4.13	-0.37028
4.135	-0.40544
4.14	-0.43353
4.145	-0.45612
4.15	-0.47081
4.155	-0.47389
4.16	-0.46523
4.165	-0.45043
4.17	-0.43491
4.175	-0.41813
4.18	-0.39879
4.185	-0.37875
4.19	-0.35819
4.195	-0.337
4.2	-0.3169
4.205	-0.29678
4.21	-0.27408
4.215	-0.2482
4.22	-0.21965
4.225	-0.18878
4.23	-0.15374
4.235	-0.1118
4.24	-0.064708
4.245	-0.014547
4.25	0.039574
4.255	0.095233
4.26	0.15095
4.265	0.20897
4.27	0.26716
4.275	0.32329
4.28	0.38079
4.285	0.44284
4.29	0.50789
4.295	0.57405
4.3	0.64079
4.305	0.7047
4.31	0.77009
4.315	0.84412
4.32	0.91264
4.325	0.95986
4.33	0.9943
4.335	1.0278
4.34	1.0583
4.345	1.0809
4.35	1.0975
4.355	1.1129
4.36	1.1273
4.365	1.1336
4.37	1.1237
4.375	1.0945
4.38	1.0417
4.385	0.96489
4.39	0.87492
4.395	0.76757
4.4	0.63328
4.405	0.49062
4.41	0.35955
4.415	0.23663
4.42	0.11566
4.425	-0.01011
4.43	-0.13331
4.435	-0.22173
4.44	-0.27719
4.445	-0.33543
4.45	-0.41302
4.455	-0.50519
4.46	-0.59937
4.465	-0.68722
4.47	-0.76754
4.475	-0.84318
4.48	-0.92348
4.485	-1.0117
4.49	-1.0904
4.495	-1.1387
4.5	-1.1562
4.505	-1.1558
4.51	-1.1468
4.515	-1.1359
4.52	-1.1294
4.525	-1.13
4.53	-1.1325
4.535	-1.1246
4.54	-1.096
4.545	-1.0492
4.55	-0.99706
4.555	-0.94842
4.56	-0.90142
4.565	-0.85023
4.57	-0.79769
4.575	-0.7556
4.58	-0.72649
4.585	-0.69858
4.59	-0.66142
4.595	-0.6131
4.6	-0.5552
4.605	-0.48721
4.61	-0.40729
4.615	-0.31876
4.62	-0.22929
4.625	-0.13529
4.63	-0.026812
4.635	0.092872
4.64	0.21815
4.645	0.34886
4.65	0.48129
4.655	0.61437
4.66	0.75014
4.665	0.88363
4.67	1.0297
4.675	1.2172
4.68	1.4049
4.685	1.4999
4.69	1.4714
4.695	1.3434
4.7	1.1323
4.705	0.86826
4.71	0.60805
4.715	0.40085
4.72	0.26478
4.725	0.17513
4.73	0.086167
4.735	-0.030553
4.74	-0.17399
4.745	-0.32328
4.75	-0.4496
4.755	-0.52516
4.76	-0.54805
4.765	-0.54505
4.77	-0.53859
4.775	-0.53176
4.78	-0.52156
4.785	-0.51117
4.79	-0.50518
4.795	-0.50043
4.8	-0.48635
4.805	-0.45416
4.81	-0.40128
4.815	-0.33049
4.82	-0.25138
4.825	-0.17345
4.83	-0.10146
4.835	-0.037441
4.84	0.021453
4.845	0.082875
4.85	0.15019
4.855	0.21515
4.86	0.27031
4.865	0.32003
4.87	0.37026
4.875	0.42015
4.88	0.46928
4.885	0.52005
4.89	0.56827
4.895	0.60611
4.9	0.63341
4.905	0.65435
4.91	0.66981
4.915	0.67594
4.92	0.66979
4.925	0.65567
4.93	0.64035
4.935	0.62655
4.94	0.61458
4.945	0.6034
4.95	0.58991
4.955	0.56994
4.96	0.53932
4.965	0.49507
4.97	0.43773
4.975	0.37073
4.98	0.29775
4.985	0.22176
4.99	0.14767
4.995	0.084803
5	0.036804
5.005	-0.0045579
5.01	-0.046748
5.015	-0.089572
5.02	-0.13197
5.025	-0.17729
5.03	-0.22769
5.035	-0.27748
5.04	-0.32004
5.045	-0.35559
5.05	-0.38754
5.055	-0.41675
5.06	-0.44109
5.065	-0.45672
5.07	-0.45989
5.075	-0.45128
5.08	-0.43528
5.085	-0.41283
5.09	-0.38005
5.095	-0.33469
5.1	-0.27609
5.105	-0.20468
5.11	-0.1265
5.115	-0.04941
5.12	0.017692
5.125	0.064728
5.13	0.088516
5.135	0.093883
5.14	0.090093
5.145	0.086615
5.15	0.087867
5.155	0.093777
5.16	0.10409
5.165	0.12003
5.17	0.14289
5.175	0.17005
5.18	0.19299
5.185	0.20405
5.19	0.20277
5.195	0.1917
5.2	0.17142
5.205	0.14372
5.21	0.11661
5.215	0.099615
5.22	0.094714
5.225	0.095814
5.23	0.095373
5.235	0.089362
5.24	0.078802
5.245	0.068741
5.25	0.06412
5.255	0.066722
5.26	0.075963
5.265	0.089029
5.27	0.10072
5.275	0.10759
5.28	0.10995
5.285	0.10974
5.29	0.10853
5.295	0.1054
5.3	0.098675
5.305	0.088764
5.31	0.075455
5.315	0.057809
5.32	0.036162
5.325	0.0097707
5.33	-0.019096
5.335	-0.043283
5.34	-0.059543
5.345	-0.069033
5.35	-0.072666
5.355	-0.071608
5.36	-0.068457
5.365	-0.067988
5.37	-0.073667
5.375	-0.086189
5.38	-0.1064
5.385	-0.13286
5.39	-0.16177
5.395	-0.18917
5.4	-0.21125
5.405	-0.22666
5.41	-0.23717
5.415	-0.24535
5.42	-0.2509
5.425	-0.252
5.43	-0.24902
5.435	-0.24325
5.44	-0.23558
5.445	-0.22723
5.45	-0.21863
5.455	-0.20927
5.46	-0.1993
5.465	-0.18868
5.47	-0.17832
5.475	-0.17185
5.48	-0.1699
5.485	-0.16749
5.49	-0.16124
5.495	-0.15221
5.5	-0.14238
5.505	-0.1322
5.51	-0.12227
5.515	-0.11299
5.52	-0.10238
5.525	-0.090327
5.53	-0.078701
5.535	-0.06616
5.54	-0.050586
5.545	-0.032096
5.55	-0.011538
5.555	0.0098881
5.56	0.030615
5.565	0.049724
5.57	0.066569
5.575	0.078969
5.58	0.084195
5.585	0.081935
5.59	0.073571
5.595	0.059723
5.6	0.040773
5.605	0.017056
5.61	-0.0121
5.615	-0.047707
5.62	-0.0865
5.625	-0.12007
5.63	-0.1443
5.635	-0.16111
5.64	-0.17149
5.645	-0.1758
5.65	-0.17522
5.655	-0.1703
5.66	-0.16241
5.665	-0.1552
5.67	-0.15185
5.675	-0.15345
5.68	-0.16052
5.685	-0.17206
5.69	-0.18215
5.695	-0.18174
5.7	-0.16599
5.705	-0.13852
5.71	-0.10809
5.715	-0.081293
5.72	-0.059445
5.725	-0.04026
5.73	-0.020871
5.735	-0.0015512
5.74	0.017305
5.745	0.037205
5.75	0.05634
5.755	0.07241
5.76	0.086175
5.765	0.096232
5.77	0.10131
5.775	0.10475
5.78	0.10761
5.785	0.10706
5.79	0.10244
5.795	0.094343
5.8	0.082286
5.805	0.067026
5.81	0.051069
5.815	0.034779
5.82	0.015738
5.825	-0.0061169
5.83	-0.027363
5.835	-0.044498
5.84	-0.056857
5.845	-0.066414
5.85	-0.075772
5.855	-0.08621
5.86	-0.097234
5.865	-0.10903
5.87	-0.12191
5.875	-0.13437
5.88	-0.14533
5.885	-0.15419
5.89	-0.15967
5.895	-0.16177
5.9	-0.16146
5.905	-0.15934
5.91	-0.15701
5.915	-0.15701
5.92	-0.15952
5.925	-0.16151
5.93	-0.16183
5.935	-0.16178
5.94	-0.16019
5.945	-0.15531
5.95	-0.14873
5.955	-0.14182
5.96	-0.1329
5.965	-0.12128
5.97	-0.10828
5.975	-0.094082
5.98	-0.079129
5.985	-0.064427
5.99	-0.049228
5.995	-0.032514
6	-0.015452
6.005	0.0003106
6.01	0.015471
6.015	0.03215
6.02	0.05123
6.025	0.072011
6.03	0.093815
6.035	0.11589
6.04	0.13717
6.045	0.15785
6.05	0.17796
6.055	0.1967
6.06	0.21477
6.065	0.23175
6.07	0.24481
6.075	0.2544
6.08	0.26425
6.085	0.27477
6.09	0.2833
6.095	0.28831
6.1	0.28912
6.105	0.28572
6.11	0.27913
6.115	0.26911
6.12	0.25413
6.125	0.23576
6.13	0.21741
6.135	0.19743
6.14	0.17245
6.145	0.1445
6.15	0.11535
6.155	0.084091
6.16	0.052071
6.165	0.022488
6.17	-0.0013595
6.175	-0.018699
6.18	-0.031084
6.185	-0.040339
6.19	-0.048704
6.195	-0.055974
6.2	-0.059291
6.205	-0.057931
6.21	-0.054215
6.215	-0.050059
6.22	-0.045503
6.225	-0.040549
6.23	-0.035544
6.235	-0.030331
6.24	-0.024795
6.245	-0.018943
6.25	-0.011785
6.255	-0.0030402
6.26	0.0052991
6.265	0.012078
6.27	0.018379
6.275	0.025211
6.28	0.031942
6.285	0.037718
6.29	0.042936
6.295	0.048419
6.3	0.054303
6.305	0.060214
6.31	0.065901
6.315	0.070717
6.32	0.073823
6.325	0.076318
6.33	0.080637
6.335	0.087014
6.34	0.094101
6.345	0.10174
6.35	0.1096
6.355	0.11621
6.36	0.12134
6.365	0.12583
6.37	0.12952
6.375	0.13285
6.38	0.1376
6.385	0.14347
6.39	0.14787
6.395	0.14965
6.4	0.14913
6.405	0.14651
6.41	0.14136
6.415	0.13287
6.42	0.12013
6.425	0.10142
6.43	0.076324
6.435	0.047831
6.44	0.019823
6.445	-0.0050128
6.45	-0.025797
6.455	-0.043241
6.46	-0.057508
6.465	-0.068639
6.47	-0.078319
6.475	-0.088578
6.48	-0.099438
6.485	-0.10933
6.49	-0.11747
6.495	-0.12404
6.5	-0.12956
6.505	-0.135
6.51	-0.14072
6.515	-0.14536
6.52	-0.14718
6.525	-0.14637
6.53	-0.14431
6.535	-0.14153
6.54	-0.13794
6.545	-0.13355
6.55	-0.1283
6.555	-0.12227
6.56	-0.11512
6.565	-0.1073
6.57	-0.10108
6.575	-0.096734
6.58	-0.092094
6.585	-0.08628
6.59	-0.079964
6.595	-0.073066
6.6	-0.063889
6.605	-0.050503
6.61	-0.033142
6.615	-0.01423
6.62	0.0039834
6.625	0.020569
6.63	0.035471
6.635	0.048363
6.64	0.058535
6.645	0.065883
6.65	0.071514
6.655	0.076908
6.66	0.081878
6.665	0.085195
6.67	0.086881
6.675	0.088661
6.68	0.091665
6.685	0.094534
6.69	0.095217
6.695	0.092305
6.7	0.086219
6.705	0.079634
6.71	0.07433
6.715	0.069695
6.72	0.064762
6.725	0.060024
6.73	0.05657
6.735	0.05357
6.74	0.049991
6.745	0.047093
6.75	0.046244
6.755	0.047325
6.76	0.049733
6.765	0.05273
6.77	0.0555
6.775	0.058543
6.78	0.061148
6.785	0.060974
6.79	0.058255
6.795	0.054134
6.8	0.048813
6.805	0.043151
6.81	0.037958
6.815	0.032533
6.82	0.02543
6.825	0.016563
6.83	0.0073293
6.835	-0.00062941
6.84	-0.006556
6.845	-0.012377
6.85	-0.020038
6.855	-0.027149
6.86	-0.030281
6.865	-0.028887
6.87	-0.02379
6.875	-0.016447
6.88	-0.0093794
6.885	-0.0041595
6.89	-1.139e-05
6.895	0.0037155
6.9	0.0068724
6.905	0.010283
6.91	0.013887
6.915	0.016037
6.92	0.015964
6.925	0.014489
6.93	0.012345
6.935	0.008363
6.94	0.0023939
6.945	-0.0038594
6.95	-0.010032
6.955	-0.015847
6.96	-0.020107
6.965	-0.022443
6.97	-0.023769
6.975	-0.025778
6.98	-0.029087
6.985	-0.031997
6.99	-0.032673
6.995	-0.031103
7	-0.028181
7.005	-0.023806
7.01	-0.017284
7.015	-0.0083549
7.02	0.0016267
7.025	0.0097132
7.03	0.014495
7.035	0.016028
7.04	0.01381
7.045	0.008464
7.05	0.002472
7.055	-0.0037259
7.06	-0.011452
7.065	-0.01911
7.07	-0.024617
7.075	-0.030199
7.08	-0.038725
7.085	-0.048911
7.09	-0.059075
7.095	-0.069359
7.1	-0.079427
7.105	-0.088667
7.11	-0.096179
7.115	-0.10205
7.12	-0.10869
7.125	-0.11749
7.13	-0.12709
7.135	-0.13534
7.14	-0.14146
7.145	-0.14684
7.15	-0.15211
7.155	-0.15577
7.16	-0.15658
7.165	-0.15527
7.17	-0.1544
7.175	-0.15451
7.18	-0.15345
7.185	-0.15148
7.19	-0.15091
7.195	-0.1524
7.2	-0.15437
7.205	-0.15489
7.21	-0.15416
7.215	-0.1535
7.22	-0.15268
7.225	-0.15039
7.23	-0.14616
7.235	-0.14148
7.24	-0.13812
7.245	-0.13514
7.25	-0.13067
7.255	-0.1249
7.26	-0.11824
7.265	-0.11038
7.27	-0.10246
7.275	-0.096259
7.28	-0.091493
7.285	-0.086475
7.29	-0.080519
7.295	-0.074332
7.3	-0.069188
7.305	-0.065993
7.31	-0.064703
7.315	-0.064584
7.32	-0.064649
7.325	-0.064357
7.33	-0.063894
7.335	-0.06418
7.34	-0.066301
7.345	-0.069346
7.35	-0.070206
7.355	-0.067424
7.36	-0.063768
7.365	-0.061693
7.37	-0.059271
7.375	-0.054493
7.38	-0.048385
7.385	-0.042526
7.39	-0.037304
7.395	-0.031304
7.4	-0.023058
7.405	-0.014561
7.41	-0.0077215
7.415	-0.00073739
7.42	0.0077303
7.425	0.016943
7.43	0.025982
7.435	0.035224
7.44	0.045852
7.445	0.057879
7.45	0.070634
7.455	0.083502
7.46	0.095881
7.465	0.10674
7.47	0.1154
7.475	0.12299
7.48	0.12963
7.485	0.1335
7.49	0.13545
7.495	0.13737
7.5	0.13795
7.505	0.13639
7.51	0.13429
7.515	0.13306
7.52	0.13299
7.525	0.13262
7.53	0.13031
7.535	0.12675
7.54	0.12337
7.545	0.11971
7.55	0.11507
7.555	0.11112
7.56	0.10947
7.565	0.10969
7.57	0.11174
7.575	0.11632
7.58	0.12245
7.585	0.12836
7.59	0.13414
7.595	0.14006
7.6	0.14503
7.605	0.14825
7.61	0.14934
7.615	0.1478
7.62	0.14398
7.625	0.13895
7.63	0.13306
7.635	0.12528
7.64	0.11422
7.645	0.10025
7.65	0.085518
7.655	0.07163
7.66	0.05841
7.665	0.044119
7.67	0.026934
7.675	0.0080124
7.68	-0.0093848
7.685	-0.024291
7.69	-0.038247
7.695	-0.051557
7.7	-0.06302
7.705	-0.071965
7.71	-0.078598
7.715	-0.083355
7.72	-0.085154
7.725	-0.082474
7.73	-0.076323
7.735	-0.068537
7.74	-0.059497
7.745	-0.049765
7.75	-0.039884
7.755	-0.029593
7.76	-0.019096
7.765	-0.0078882
7.77	0.0042914
7.775	0.015017
7.78	0.021509
7.785	0.023695
7.79	0.024707
7.795	0.026515
7.8	0.027211
7.805	0.024788
7.81	0.019425
7.815	0.012701
7.82	0.0050662
7.825	-0.002969
7.83	-0.0087059
7.835	-0.011792
7.84	-0.01483
7.845	-0.01902
7.85	-0.024423
7.855	-0.031847
7.86	-0.040904
7.865	-0.048513
7.87	-0.052632
7.875	-0.053954
7.88	-0.053869
7.885	-0.053033
7.89	-0.050503
7.895	-0.045474
7.9	-0.039265
7.905	-0.033805
7.91	-0.029357
7.915	-0.024694
7.92	-0.019039
7.925	-0.01287
7.93	-0.0069109
7.935	-0.0018422
7.94	0.0011528
7.945	0.0015415
7.95	0.00075182
7.955	1.4098e-05
7.96	-0.00087608
7.965	-0.0010712
7.97	5.9e-05
7.975	0.00090111
7.98	0.00097406
7.985	0.0016265
7.99	0.0031391
7.995	0.0051708
8	0.0082797
8.005	0.012189
8.01	0.015875
8.015	0.020022
8.02	0.025132
8.025	0.029464
8.03	0.032196
8.035	0.034869
8.04	0.03804
8.045	0.04167
8.05	0.04681
8.055	0.053224
8.06	0.059022
8.065	0.063393
8.07	0.068191
8.075	0.074616
8.08	0.080276
8.085	0.082974
8.09	0.083637
8.095	0.084514
8.1	0.086003
8.105	0.085995
8.11	0.083419
8.115	0.079672
8.12	0.075541
8.125	0.070818
8.13	0.067077
8.135	0.065525
8.14	0.064342
8.145	0.06256
8.15	0.061558
8.155	0.061695
8.16	0.06132
8.165	0.058975
8.17	0.055305
8.175	0.052078
8.18	0.050409
8.185	0.049747
8.19	0.048038
8.195	0.043326
8.2	0.035544
8.205	0.027352
8.21	0.021361
8.215	0.017061
8.22	0.01186
8.225	0.0040463
8.23	-0.0060314
8.235	-0.016137
8.24	-0.024464
8.245	-0.032974
8.25	-0.043111
8.255	-0.052944
8.26	-0.062035
8.265	-0.070843
8.27	-0.077697
8.275	-0.081488
8.28	-0.082516
8.285	-0.080084
8.29	-0.074421
8.295	-0.067735
8.3	-0.060815
8.305	-0.053667
8.31	-0.046989
8.315	-0.039598
8.32	-0.030242
8.325	-0.020573
8.33	-0.012121
8.335	-0.0042843
8.34	0.0039146
8.345	0.012574
8.35	0.021334
8.355	0.029597
8.36	0.036257
8.365	0.04122
8.37	0.046222
8.375	0.051894
8.38	0.056161
8.385	0.057839
8.39	0.058201
8.395	0.057483
8.4	0.055092
8.405	0.051949
8.41	0.049155
8.415	0.046977
8.42	0.045529
8.425	0.043774
8.43	0.039489
8.435	0.032114
8.44	0.022631
8.445	0.01164
8.45	-0.0011214
8.455	-0.015201
8.46	-0.028002
8.465	-0.037486
8.47	-0.044073
8.475	-0.04842
8.48	-0.050188
8.485	-0.048992
8.49	-0.044771
8.495	-0.038722
8.5	-0.032842
8.505	-0.027714
8.51	-0.023187
8.515	-0.019747
8.52	-0.01686
8.525	-0.013519
8.53	-0.010676
8.535	-0.0088038
8.54	-0.0065156
8.545	-0.0032731
8.55	-0.000318
8.555	0.00081891
8.56	0.00021751
8.565	0.0003448
8.57	0.0032675
8.575	0.006583
8.58	0.0058768
8.585	0.00050011
8.59	-0.006744
8.595	-0.013733
8.6	-0.019808
8.605	-0.02513
8.61	-0.03143
8.615	-0.039712
8.62	-0.047851
8.625	-0.053663
8.63	-0.057861
8.635	-0.062233
8.64	-0.067033
8.645	-0.071637
8.65	-0.076014
8.655	-0.080123
8.66	-0.083284
8.665	-0.086085
8.67	-0.090309
8.675	-0.094843
8.68	-0.098061
8.685	-0.10167
8.69	-0.10687
8.695	-0.11215
8.7	-0.11574
8.705	-0.11785
8.71	-0.11942
8.715	-0.12084
8.72	-0.12168
8.725	-0.121
8.73	-0.1191
8.735	-0.11737
8.74	-0.11684
8.745	-0.11673
8.75	-0.11628
8.755	-0.11668
8.76	-0.11727
8.765	-0.11607
8.77	-0.11431
8.775	-0.11348
8.78	-0.11271
8.785	-0.11189
8.79	-0.11173
8.795	-0.11257
8.8	-0.11423
8.805	-0.11526
8.81	-0.11536
8.815	-0.11613
8.82	-0.11715
8.825	-0.11642
8.83	-0.11472
8.835	-0.11382
8.84	-0.11326
8.845	-0.11178
8.85	-0.10848
8.855	-0.10421
8.86	-0.10003
8.865	-0.095276
8.87	-0.089846
8.875	-0.083399
8.88	-0.075154
8.885	-0.06606
8.89	-0.057563
8.895	-0.049027
8.9	-0.039181
8.905	-0.029403
8.91	-0.020991
8.915	-0.01342
8.92	-0.0060232
8.925	0.0018523
8.93	0.0095184
8.935	0.01538
8.94	0.0189
8.945	0.021006
8.95	0.02343
8.955	0.026608
8.96	0.029199
8.965	0.030405
8.97	0.030359
8.975	0.030176
8.98	0.0318
8.985	0.034713
8.99	0.036642
8.995	0.036704
9	0.035928
9.005	0.035534
9.01	0.03512
9.015	0.035321
9.02	0.037549
9.025	0.040457
9.03	0.042814
9.035	0.045693
9.04	0.049196
9.045	0.052985
9.05	0.057748
9.055	0.062274
9.06	0.06517
9.065	0.068319
9.07	0.073393
9.075	0.079595
9.08	0.085646
9.085	0.09052
9.09	0.094239
9.095	0.09795
9.1	0.10222
9.105	0.10729
9.11	0.11372
9.115	0.12175
9.12	0.13067
9.125	0.13902
9.13	0.14584
9.135	0.15217
9.14	0.16009
9.145	0.16865
9.15	0.17484
9.155	0.17794
9.16	0.17982
9.165	0.18244
9.17	0.1856
9.175	0.1874
9.18	0.18735
9.185	0.18607
9.19	0.18237
9.195	0.17499
9.2	0.16551
9.205	0.15633
9.21	0.14785
9.215	0.13888
9.22	0.12895
9.225	0.11866
9.23	0.10887
9.235	0.1004
9.24	0.093979
9.245	0.089895
9.25	0.08789
9.255	0.087533
9.26	0.087685
9.265	0.088007
9.27	0.089411
9.275	0.09027
9.28	0.088029
9.285	0.083022
9.29	0.077009
9.295	0.071421
9.3	0.067373
9.305	0.064776
9.31	0.061711
9.315	0.05735
9.32	0.053136
9.325	0.049402
9.33	0.045603
9.335	0.042069
9.34	0.037917
9.345	0.031834
9.35	0.024477
9.355	0.017151
9.36	0.0095343
9.365	-5.1514e-05
9.37	-0.01098
9.375	-0.020638
9.38	-0.029047
9.385	-0.037472
9.39	-0.045575
9.395	-0.053313
9.4	-0.060128
9.405	-0.064309
9.41	-0.06682
9.415	-0.070777
9.42	-0.075921
9.425	-0.079605
9.43	-0.082842
9.435	-0.086977
9.44	-0.090519
9.445	-0.093034
9.45	-0.095439
9.455	-0.098829
9.46	-0.1024
9.465	-0.10372
9.47	-0.10287
9.475	-0.10201
9.48	-0.10261
9.485	-0.10464
9.49	-0.1063
9.495	-0.10703
9.5	-0.10875
9.505	-0.11151
9.51	-0.11391
9.515	-0.11627
9.52	-0.11878
9.525	-0.1198
9.53	-0.11837
9.535	-0.11568
9.54	-0.112
9.545	-0.10755
9.55	-0.10467
9.555	-0.1038
9.56	-0.10206
9.565	-0.098059
9.57	-0.09389
9.575	-0.090556
9.58	-0.086195
9.585	-0.080016
9.59	-0.072475
9.595	-0.064337
9.6	-0.05667
9.605	-0.048981
9.61	-0.041048
9.615	-0.034476
9.62	-0.029349
9.625	-0.024206
9.63	-0.018711
9.635	-0.013144
9.64	-0.0078411
9.645	-0.0039738
9.65	-0.0016552
9.655	0.0006229
9.66	0.0036315
9.665	0.0067545
9.67	0.0090839
9.675	0.010981
9.68	0.012611
9.685	0.013171
9.69	0.012696
9.695	0.011642
9.7	0.010953
9.705	0.011179
9.71	0.011062
9.715	0.010201
9.72	0.0091638
9.725	0.0079475
9.73	0.0064466
9.735	0.0042528
9.74	0.0019223
9.745	0.00043318
9.75	-0.0011362
9.755	-0.0038896
9.76	-0.0071382
9.765	-0.0093614
9.77	-0.010788
9.775	-0.012977
9.78	-0.016103
9.785	-0.020452
9.79	-0.025289
9.795	-0.028569
9.8	-0.030606
9.805	-0.032368
9.81	-0.034418
9.815	-0.036802
9.82	-0.038116
9.825	-0.03789
9.83	-0.036847
9.835	-0.035793
9.84	-0.036506
9.845	-0.039789
9.85	-0.04332
9.855	-0.044872
9.86	-0.045706
9.865	-0.047232
9.87	-0.047436
9.875	-0.044319
9.88	-0.038744
9.885	-0.032248
9.89	-0.025502
9.895	-0.018991
9.9	-0.012813
9.905	-0.0067527
9.91	-0.00097358
9.915	0.004568
9.92	0.010233
9.925	0.016049
9.93	0.021736
9.935	0.027534
9.94	0.034287
9.945	0.041638
9.95	0.047615
9.955	0.050018
9.96	0.047998
9.965	0.043155
9.97	0.037867
9.975	0.032842
9.98	0.026822
9.985	0.019073
9.99	0.011992
9.995	0.0086415
10	0.0092353
10.005	0.011475
10.01	0.01326
10.015	0.014692
10.02	0.015892
10.025	0.016267
10.03	0.016737
10.035	0.017413
10.04	0.01634
10.045	0.013666
10.05	0.01093
10.055	0.0084113
10.06	0.0065081
10.065	0.0055079
10.07	0.0051565
10.075	0.0045814
10.08	0.0030994
10.085	0.0011536
10.09	-0.0011118
10.095	-0.0032175
10.1	-0.0044676
10.105	-0.0048765
10.11	-0.0041345
10.115	-0.0030026
10.12	-0.002396
10.125	-0.0010101
10.13	0.0020006
10.135	0.0054875
10.14	0.0078749
10.145	0.0088624
10.15	0.0096362
10.155	0.010518
10.16	0.010308
10.165	0.0086985
10.17	0.0073792
10.175	0.0075455
10.18	0.0083421
10.185	0.0081646
10.19	0.0060299
10.195	0.0030154
10.2	0.0015278
10.205	0.0021293
10.21	0.0027055
10.215	0.0014345
10.22	-0.00056009
10.225	-0.001237
10.23	-0.00021129
10.235	0.0017016
10.24	0.0029884
10.245	0.0031939
10.25	0.0036615
10.255	0.0051068
10.26	0.0070039
10.265	0.0083107
10.27	0.0083866
10.275	0.0078386
10.28	0.0075376
10.285	0.0079329
10.29	0.0096402
10.295	0.012371
10.3	0.014733
10.305	0.016769
10.31	0.018994
10.315	0.021132
10.32	0.023282
10.325	0.024731
10.33	0.025323
10.335	0.027177
10.34	0.03015
10.345	0.031371
10.35	0.030589
10.355	0.029606
10.36	0.028397
10.365	0.026287
10.37	0.024254
10.375	0.022824
10.38	0.020618
10.385	0.01692
10.39	0.01347
10.395	0.011729
10.4	0.010246
10.405	0.0074643
10.41	0.0041938
10.415	0.0020494
10.42	0.0010801
10.425	5.1807e-05
10.43	-0.0014391
10.435	-0.0020194
10.44	-2.573e-05
10.445	0.0036343
10.45	0.0069934
10.455	0.01025
10.46	0.014008
10.465	0.017633
10.47	0.021269
10.475	0.025308
10.48	0.028918
10.485	0.032295
10.49	0.036704
10.495	0.041191
10.5	0.044163
10.505	0.046163
10.51	0.04803
10.515	0.050315
10.52	0.052744
10.525	0.054512
10.53	0.056335
10.535	0.059095
10.54	0.062337
10.545	0.064641
10.55	0.065024
10.555	0.065048
10.56	0.067732
10.565	0.072922
10.57	0.076845
10.575	0.078431
10.58	0.079889
10.585	0.081386
10.59	0.083112
10.595	0.086488
10.6	0.0905
10.605	0.093486
10.61	0.0958
10.615	0.09784
10.62	0.098771
10.625	0.0985
10.63	0.098254
10.635	0.097553
10.64	0.095089
10.645	0.091701
10.65	0.08767
10.655	0.08226
10.66	0.076213
10.665	0.070592
10.67	0.065343
10.675	0.059939
10.68	0.054258
10.685	0.047988
10.69	0.040331
10.695	0.030948
10.7	0.021189
10.705	0.0126
10.71	0.0047614
10.715	-0.0022223
10.72	-0.008852
10.725	-0.017056
10.73	-0.025394
10.735	-0.03143
10.74	-0.036619
10.745	-0.04325
10.75	-0.05079
10.755	-0.057427
10.76	-0.061778
10.765	-0.064005
10.77	-0.066011
10.775	-0.068645
10.78	-0.070102
10.785	-0.068967
10.79	-0.0667
10.795	-0.064711
10.8	-0.062553
10.805	-0.059411
10.81	-0.055559
10.815	-0.05224
10.82	-0.049732
10.825	-0.047313
10.83	-0.044059
10.835	-0.040396
10.84	-0.038551
10.845	-0.039041
10.85	-0.039893
10.855	-0.040192
10.86	-0.040853
10.865	-0.041801
10.87	-0.042439
10.875	-0.043383
10.88	-0.044527
10.885	-0.044831
10.89	-0.044813
10.895	-0.045799
10.9	-0.04761
10.905	-0.049717
10.91	-0.051922
10.915	-0.053167
10.92	-0.052979
10.925	-0.052028
10.93	-0.05035
10.935	-0.047336
10.94	-0.042634
10.945	-0.036734
10.95	-0.031282
10.955	-0.02781
10.96	-0.02585
10.965	-0.023619
10.97	-0.020762
10.975	-0.01856
10.98	-0.017045
10.985	-0.014796
10.99	-0.011572
10.995	-0.0083373
11	-0.00556
11.005	-0.003233
11.01	-0.0015468
11.015	-0.00057593
11.02	-0.00060671
11.025	-0.0018705
11.03	-0.0036538
11.035	-0.0048288
11.04	-0.0051008
11.045	-0.0056673
11.05	-0.0069577
11.055	-0.0077294
11.06	-0.0076333
11.065	-0.0071357
11.07	-0.0057257
11.075	-0.0032226
11.08	-0.0013948
11.085	-0.0011647
11.09	-0.0011281
11.095	-0.0010712
11.1	-0.0015245
11.105	-0.00077408
11.11	0.0020231
11.115	0.0043547
11.12	0.0045855
11.125	0.0048978
11.13	0.0071345
11.135	0.009703
11.14	0.011474
11.145	0.013175
11.15	0.013908
11.155	0.012644
11.16	0.010303
11.165	0.0068248
11.17	0.0016962
11.175	-0.0032811
11.18	-0.0064446
11.185	-0.0092264
11.19	-0.013135
11.195	-0.017097
11.2	-0.020046
11.205	-0.022464
11.21	-0.025114
11.215	-0.028119
11.22	-0.031063
11.225	-0.033973
11.23	-0.037471
11.235	-0.041064
11.24	-0.043906
11.245	-0.046148
11.25	-0.048068
11.255	-0.050144
11.26	-0.052214
11.265	-0.053728
11.27	-0.054937
11.275	-0.056324
11.28	-0.057566
11.285	-0.057201
11.29	-0.055143
11.295	-0.053106
11.3	-0.051838
11.305	-0.050188
11.31	-0.046907
11.315	-0.042953
11.32	-0.0399
11.325	-0.037509
11.33	-0.034302
11.335	-0.029893
11.34	-0.025812
11.345	-0.022328
11.35	-0.017758
11.355	-0.011817
11.36	-0.006417
11.365	-0.0031147
11.37	-0.0011413
11.375	0.001174
11.38	0.0042718
11.385	0.0076564
11.39	0.011409
11.395	0.015733
11.4	0.019464
11.405	0.021335
11.41	0.022024
11.415	0.023104
11.42	0.024926
11.425	0.026771
11.43	0.027558
11.435	0.026507
11.44	0.023761
11.445	0.020352
11.45	0.017474
11.455	0.015896
11.46	0.015123
11.465	0.01342
11.47	0.011396
11.475	0.012063
11.48	0.015126
11.485	0.017466
11.49	0.018822
11.495	0.020429
11.5	0.02151
11.505	0.021382
11.51	0.021481
11.515	0.022438
11.52	0.023096
11.525	0.023643
11.53	0.023863
11.535	0.022573
11.54	0.020494
11.545	0.018373
11.55	0.016402
11.555	0.014987
11.56	0.014382
11.565	0.015132
11.57	0.016427
11.575	0.016698
11.58	0.015544
11.585	0.012977
11.59	0.010192
11.595	0.0087315
11.6	0.0075674
11.605	0.005591
11.61	0.0036712
11.615	0.0017682
11.62	-0.00036311
11.625	-0.0014206
11.63	-0.001955
11.635	-0.0041646
11.64	-0.0073084
11.645	-0.0092512
11.65	-0.010027
11.655	-0.010866
11.66	-0.012311
11.665	-0.01457
11.67	-0.016865
11.675	-0.016626
11.68	-0.013563
11.685	-0.011189
11.69	-0.011597
11.695	-0.012326
11.7	-0.009915
11.705	-0.0045879
11.71	0.0013008
11.715	0.0062907
11.72	0.010028
11.725	0.01386
11.73	0.019285
11.735	0.025302
11.74	0.029666
11.745	0.032044
11.75	0.034127
11.755	0.036639
11.76	0.038313
11.765	0.038427
11.77	0.037602
11.775	0.035982
11.78	0.032993
11.785	0.028219
11.79	0.023111
11.795	0.019541
11.8	0.015732
11.805	0.0091699
11.81	0.0009329
11.815	-0.0062535
11.82	-0.011501
11.825	-0.016216
11.83	-0.021689
11.835	-0.027815
11.84	-0.033101
11.845	-0.035877
11.85	-0.036299
11.855	-0.035539
11.86	-0.033972
11.865	-0.030715
11.87	-0.025281
11.875	-0.019053
11.88	-0.013048
11.885	-0.0066917
11.89	0.00033431
11.895	0.0075215
11.9	0.014486
11.905	0.021843
11.91	0.029902
11.915	0.037193
11.92	0.042755
11.925	0.047652
11.93	0.053109
11.935	0.059193
11.94	0.064451
11.945	0.067558
11.95	0.069587
11.955	0.071807
11.96	0.073412
11.965	0.073137
11.97	0.07182
11.975	0.070613
11.98	0.067813
11.985	0.063052
11.99	0.058772
11.995	0.054096
12	0.046782
12.005	0.038812
12.01	0.032812
12.015	0.028592
12.02	0.024853
12.025	0.020662
12.03	0.016123
12.035	0.012147
12.04	0.0097147
12.045	0.0083437
12.05	0.0061485
12.055	0.0029617
12.06	0.0011131
12.065	0.0022306
12.07	0.0045492
12.075	0.0052571
12.08	0.0043255
12.085	0.0035572
12.09	0.0033477
12.095	0.0028822
12.1	0.002551
12.105	0.0021771
12.11	0.00059566
12.115	-0.00055081
12.12	0.00042003
12.125	0.0016921
12.13	0.0020159
12.135	0.0022572
12.14	0.0026125
12.145	0.0030293
12.15	0.0041487
12.155	0.0055037
12.16	0.0058547
12.165	0.0057668
12.17	0.0067378
12.175	0.0087488
12.18	0.010322
12.185	0.010023
12.19	0.007603
12.195	0.0046089
12.2	0.0028939
12.205	0.002258
12.21	0.0014323
12.215	-0.00052535
12.22	-0.0032506
12.225	-0.0053276
12.23	-0.0070632
12.235	-0.0085645
12.24	-0.0081967
12.245	-0.0066682
12.25	-0.0057038
12.255	-0.0043475
12.26	-0.0020957
12.265	0.00027921
12.27	0.0028357
12.275	0.005118
12.28	0.0071146
12.285	0.009754
12.29	0.012427
12.295	0.01412
12.3	0.015186
12.305	0.015799
12.31	0.01581
12.315	0.015692
12.32	0.015763
12.325	0.015239
12.33	0.013043
12.335	0.0096412
12.34	0.0064781
12.345	0.0040535
12.35	0.0016733
12.355	-0.0018246
12.36	-0.0063973
12.365	-0.010424
12.37	-0.013568
12.375	-0.016659
12.38	-0.020056
12.385	-0.023971
12.39	-0.027444
12.395	-0.029208
12.4	-0.029899
12.405	-0.030929
12.41	-0.032708
12.415	-0.034346
12.42	-0.033855
12.425	-0.03102
12.43	-0.029084
12.435	-0.029514
12.44	-0.02975
12.445	-0.028397
12.45	-0.027078
12.455	-0.027024
12.46	-0.02787
12.465	-0.028922
12.47	-0.029278
12.475	-0.029048
12.48	-0.030068
12.485	-0.032609
12.49	-0.033711
12.495	-0.03244
12.5	-0.032091
12.505	-0.033842
12.51	-0.035183
12.515	-0.035213
12.52	-0.035645
12.525	-0.03688
12.53	-0.037731
12.535	-0.038863
12.54	-0.040785
12.545	-0.042152
12.55	-0.043865
12.555	-0.047392
12.56	-0.050858
12.565	-0.051926
12.57	-0.051495
12.575	-0.052108
12.58	-0.054194
12.585	-0.05639
12.59	-0.057512
12.595	-0.056925
12.6	-0.055099
12.605	-0.053327
12.61	-0.051746
12.615	-0.049388
12.62	-0.046128
12.625	-0.042796
12.63	-0.040519
12.635	-0.040096
12.64	-0.039693
12.645	-0.036441
12.65	-0.032064
12.655	-0.029981
12.66	-0.02866
12.665	-0.02554
12.67	-0.021361
12.675	-0.016656
12.68	-0.011746
12.685	-0.0081121
12.69	-0.0058312
12.695	-0.0036828
12.7	-0.0014911
12.705	0.00080875
12.71	0.0039005
12.715	0.0075496
12.72	0.0106
12.725	0.012217
12.73	0.013032
12.735	0.014114
12.74	0.014779
12.745	0.014061
12.75	0.012937
12.755	0.012084
12.76	0.010904
12.765	0.008973
12.77	0.0064625
12.775	0.0047888
12.78	0.0049306
12.785	0.0057258
12.79	0.0057495
12.795	0.0053414
12.8	0.0062571
12.805	0.0089222
12.81	0.011997
12.815	0.014818
12.82	0.016646
12.825	0.01663
12.83	0.016243
12.835	0.01702
12.84	0.017589
12.845	0.016918
12.85	0.015713
12.855	0.013733
12.86	0.011267
12.865	0.009617
12.87	0.0081462
12.875	0.0056158
12.88	0.0024071
12.885	-0.0011907
12.89	-0.0054005
12.895	-0.0093223
12.9	-0.012136
12.905	-0.013903
12.91	-0.014501
12.915	-0.014265
12.92	-0.01337
12.925	-0.010702
12.93	-0.0061257
12.935	-0.00063639
12.94	0.0056453
12.945	0.01233
12.95	0.018483
12.955	0.023911
12.96	0.02915
12.965	0.034802
12.97	0.040475
12.975	0.044478
12.98	0.04682
12.985	0.049689
12.99	0.053522
12.995	0.056946
13	0.058616
13.005	0.058628
13.01	0.059034
13.015	0.060539
13.02	0.061606
13.025	0.061295
13.03	0.059514
13.035	0.056908
13.04	0.054585
13.045	0.051466
13.05	0.046344
13.055	0.04142
13.06	0.038234
13.065	0.035117
13.07	0.031311
13.075	0.027445
13.08	0.023353
13.085	0.019263
13.09	0.015402
13.095	0.011249
13.1	0.0068122
13.105	0.0030216
13.11	0.00090609
13.115	-0.00051949
13.12	-0.0030773
13.125	-0.0066226
13.13	-0.0094136
13.135	-0.010615
13.14	-0.011346
13.145	-0.012122
13.15	-0.011818
13.155	-0.010089
13.16	-0.0080302
13.165	-0.0060601
13.17	-0.0042675
13.175	-0.0029434
13.18	-0.0017604
13.185	-0.00026573
13.19	0.0020509
13.195	0.0051746
13.2	0.0082762
13.205	0.010238
13.21	0.010548
13.215	0.011431
13.22	0.01578
13.225	0.022047
13.23	0.026439
13.235	0.029094
13.24	0.032986
13.245	0.038291
13.25	0.042553
13.255	0.045225
13.26	0.047638
13.265	0.049709
13.27	0.050355
13.275	0.049943
13.28	0.049793
13.285	0.049876
13.29	0.048416
13.295	0.045262
13.3	0.042529
13.305	0.040574
13.31	0.038305
13.315	0.035303
13.32	0.031306
13.325	0.026889
13.33	0.023282
13.335	0.019988
13.34	0.016138
13.345	0.012457
13.35	0.0086453
13.355	0.0030402
13.36	-0.0034261
13.365	-0.0072509
13.37	-0.0080813
13.375	-0.009098
13.38	-0.011007
13.385	-0.01224
13.39	-0.013387
13.395	-0.015697
13.4	-0.017489
13.405	-0.016859
13.41	-0.015452
13.415	-0.014975
13.42	-0.014736
13.425	-0.014763
13.43	-0.015928
13.435	-0.01783
13.44	-0.019519
13.445	-0.020451
13.45	-0.020421
13.455	-0.019988
13.46	-0.019912
13.465	-0.02023
13.47	-0.020133
13.475	-0.018947
13.48	-0.01677
13.485	-0.013475
13.49	-0.0095908
13.495	-0.0060681
13.5	-0.0020338
13.505	0.0026513
13.51	0.0061363
13.515	0.0091829
13.52	0.013451
13.525	0.017062
13.53	0.019312
13.535	0.021761
13.54	0.023133
13.545	0.022327
13.55	0.020376
13.555	0.01713
13.56	0.013622
13.565	0.012538
13.57	0.013696
13.575	0.014135
13.58	0.012425
13.585	0.0093816
13.59	0.0060598
13.595	0.0037467
13.6	0.00285
13.605	0.0021443
13.61	0.0006872
13.615	-0.00064156
13.62	-0.001339
13.625	-0.0023743
13.63	-0.0034489
13.635	-0.0036091
13.64	-0.0031614
13.645	-0.0028298
13.65	-0.0034322
13.655	-0.0051898
13.66	-0.0070822
13.665	-0.0089803
13.67	-0.011634
13.675	-0.013682
13.68	-0.013084
13.685	-0.011206
13.69	-0.010703
13.695	-0.011593
13.7	-0.011874
13.705	-0.009884
13.71	-0.0056599
13.715	-0.0012687
13.72	0.0015019
13.725	0.0039324
13.73	0.0072671
13.735	0.010664
13.74	0.013588
13.745	0.015831
13.75	0.016732
13.755	0.015895
13.76	0.012895
13.765	0.008773
13.77	0.0063269
13.775	0.0048834
13.78	0.0015351
13.785	-0.0029985
13.79	-0.0070452
13.795	-0.010419
13.8	-0.012528
13.805	-0.013979
13.81	-0.016436
13.815	-0.019911
13.82	-0.02275
13.825	-0.023491
13.83	-0.02272
13.835	-0.022168
13.84	-0.022459
13.845	-0.023039
13.85	-0.023337
13.855	-0.023244
13.86	-0.023509
13.865	-0.025377
13.87	-0.027646
13.875	-0.028045
13.88	-0.02766
13.885	-0.028066
13.89	-0.02858
13.895	-0.028999
13.9	-0.030548
13.905	-0.033231
13.91	-0.035358
13.915	-0.036393
13.92	-0.036811
13.925	-0.037207
13.93	-0.038447
13.935	-0.039512
13.94	-0.038976
13.945	-0.038463
13.95	-0.039359
13.955	-0.040329
13.96	-0.040461
13.965	-0.03942
13.97	-0.036274
13.975	-0.031912
13.98	-0.028144
13.985	-0.024749
13.99	-0.020869
13.995	-0.016591
14	-0.012347
14.005	-0.0077883
14.01	-0.0022537
14.015	0.0038825
14.02	0.0094
14.025	0.013242
14.03	0.01525
14.035	0.015783
14.04	0.015946
14.045	0.017707
14.05	0.020134
14.055	0.019507
14.06	0.016361
14.065	0.014847
14.07	0.015839
14.075	0.016712
14.08	0.015186
14.085	0.01107
14.09	0.0062766
14.095	0.003877
14.1	0.0038509
14.105	0.0026557
14.11	-2.67e-05
14.115	-0.0017556
14.12	-0.0021953
14.125	-0.0016226
14.13	-0.00045126
14.135	2.8923e-05
14.14	-0.00042143
14.145	-0.00090063
14.15	-0.00086104
14.155	-0.00044644
14.16	-0.00049216
14.165	-0.0022113
14.17	-0.0051906
14.175	-0.0065428
14.18	-0.00512
14.185	-0.0039367
14.19	-0.0049097
14.195	-0.0062624
14.2	-0.0064336
14.205	-0.0058743
14.21	-0.0051576
14.215	-0.0036421
14.22	-0.00036938
14.225	0.0039124
14.23	0.0068674
14.235	0.0082149
14.24	0.010078
14.245	0.013291
14.25	0.016454
14.255	0.017778
14.26	0.017728
14.265	0.018064
14.27	0.018364
14.275	0.017842
14.28	0.017487
14.285	0.017548
14.29	0.016828
14.295	0.015428
14.3	0.014549
14.305	0.013861
14.31	0.012661
14.315	0.010928
14.32	0.0083981
14.325	0.0052516
14.33	0.0026151
14.335	0.0010042
14.34	-0.00085329
14.345	-0.0034647
14.35	-0.0058738
14.355	-0.0078346
14.36	-0.0096306
14.365	-0.011929
14.37	-0.014947
14.375	-0.018108
14.38	-0.020393
14.385	-0.020928
14.39	-0.021472
14.395	-0.023544
14.4	-0.025092
14.405	-0.024883
14.41	-0.02358
14.415	-0.021401
14.42	-0.019339
14.425	-0.017852
14.43	-0.015978
14.435	-0.014237
14.44	-0.013951
14.445	-0.014344
14.45	-0.013187
14.455	-0.010197
14.46	-0.0076514
14.465	-0.0062974
14.47	-0.0046709
14.475	-0.0029592
14.48	-0.0025133
14.485	-0.0030069
14.49	-0.0032288
14.495	-0.0031448
14.5	-0.0041671
14.505	-0.0066941
14.51	-0.0092724
14.515	-0.011551
14.52	-0.013834
14.525	-0.015773
14.53	-0.017942
14.535	-0.020942
14.54	-0.023862
14.545	-0.025781
14.55	-0.028017
14.555	-0.031629
14.56	-0.034024
14.565	-0.032892
14.57	-0.029758
14.575	-0.026747
14.58	-0.024684
14.585	-0.023394
14.59	-0.021488
14.595	-0.018378
14.6	-0.014992
14.605	-0.012045
14.61	-0.0094267
14.615	-0.0067342
14.62	-0.0042189
14.625	-0.0022776
14.63	-5.2158e-05
14.635	0.0023749
14.64	0.0034871
14.645	0.0042793
14.65	0.0065668
14.655	0.0089405
14.66	0.0093828
14.665	0.008545
14.67	0.0080752
14.675	0.0083707
14.68	0.0089214
14.685	0.0086316
14.69	0.0062397
14.695	0.0031669
14.7	0.0017377
14.705	0.00049274
14.71	-0.0017459
14.715	-0.0029278
14.72	-0.0024365
14.725	-0.0018281
14.73	-0.0019394
14.735	-0.0023634
14.74	-0.0025232
14.745	-0.0024533
14.75	-0.002148
14.755	-0.00071823
14.76	0.0019338
14.765	0.00412
14.77	0.0054927
14.775	0.0073705
14.78	0.0092243
14.785	0.0096251
14.79	0.0090508
14.795	0.0088
14.8	0.00871
14.805	0.0077827
14.81	0.0065749
14.815	0.0063368
14.82	0.0068216
14.825	0.0070931
14.83	0.0069529
14.835	0.0067228
14.84	0.0070371
14.845	0.0084272
14.85	0.0099651
14.855	0.01033
14.86	0.0098213
14.865	0.0094751
14.87	0.0096123
14.875	0.0098963
14.88	0.0099927
14.885	0.0099017
14.89	0.010262
14.895	0.011686
14.9	0.013235
14.905	0.013591
14.91	0.012648
14.915	0.010972
14.92	0.0097504
14.925	0.0098364
14.93	0.010523
14.935	0.010813
14.94	0.010223
14.945	0.0082541
14.95	0.0055055
14.955	0.0040002
14.96	0.0044413
14.965	0.0053801
14.97	0.0050899
14.975	0.0032145
14.98	0.0014469
14.985	0.0013258
14.99	0.002125
14.995	0.0024775
15	0.0027106
15.005	0.00378
15.01	0.0054153
15.015	0.0074924
15.02	0.0097081
15.025	0.011752
15.03	0.014311
15.035	0.017365
15.04	0.020294
15.045	0.023013
15.05	0.025247
15.055	0.026139
15.06	0.026334
15.065	0.026823
15.07	0.027741
15.075	0.029302
15.08	0.029994
15.085	0.028498
15.09	0.026779
15.095	0.025677
15.1	0.022481
15.105	0.017418
15.11	0.01372
15.115	0.010633
15.12	0.0066675
15.125	0.0036904
15.13	0.0019799
15.135	0.00022549
15.14	-0.00098165
15.145	-0.0010019
15.15	-0.00065314
15.155	-0.00068141
15.16	-0.00045777
15.165	0.00036981
15.17	0.0015884
15.175	0.0042722
15.18	0.0081678
15.185	0.010806
15.19	0.010908
15.195	0.0090726
15.2	0.0063791
15.205	0.004286
15.21	0.0033346
15.215	0.0020058
15.22	-0.00016959
15.225	-0.0021371
15.23	-0.0040861
15.235	-0.0060217
15.24	-0.0068548
15.245	-0.007209
15.25	-0.0084152
15.255	-0.0096394
15.26	-0.0097736
15.265	-0.0093654
15.27	-0.0091836
15.275	-0.0085942
15.28	-0.0063612
15.285	-0.0030189
15.29	-0.00055967
15.295	0.0010276
15.3	0.0032683
15.305	0.005918
15.31	0.0084564
15.315	0.011268
15.32	0.014121
15.325	0.016168
15.33	0.017134
15.335	0.017212
15.34	0.017074
15.345	0.0178
15.35	0.018679
15.355	0.017956
15.36	0.016057
15.365	0.01508
15.37	0.015556
15.375	0.01628
15.38	0.016266
15.385	0.014813
15.39	0.011963
15.395	0.0096163
15.4	0.0094238
15.405	0.010439
15.41	0.010913
15.415	0.010533
15.42	0.010015
15.425	0.0098733
15.43	0.0097701
15.435	0.0085109
15.44	0.0058111
15.445	0.0037053
15.45	0.0035056
15.455	0.0031394
15.46	0.00077542
15.465	-0.0017671
15.47	-0.0021893
15.475	-0.0014941
15.48	-0.0021223
15.485	-0.0042555
15.49	-0.0064095
15.495	-0.0075974
15.5	-0.0075983
15.505	-0.0070806
15.51	-0.006874
15.515	-0.0073075
15.52	-0.0089253
15.525	-0.011616
15.53	-0.013468
15.535	-0.013533
15.54	-0.014002
15.545	-0.016424
15.55	-0.019062
15.555	-0.020782
15.56	-0.022581
15.565	-0.024221
15.57	-0.024553
15.575	-0.02402
15.58	-0.023736
15.585	-0.024364
15.59	-0.026031
15.595	-0.027573
15.6	-0.02777
15.605	-0.026731
15.61	-0.025047
15.615	-0.023802
15.62	-0.023822
15.625	-0.02489
15.63	-0.026503
15.635	-0.027606
15.64	-0.02789
15.645	-0.028622
15.65	-0.029812
15.655	-0.030228
15.66	-0.029917
15.665	-0.029726
15.67	-0.029888
15.675	-0.030187
15.68	-0.029507
15.685	-0.026736
15.69	-0.02377
15.695	-0.02329
15.7	-0.024168
15.705	-0.023199
15.71	-0.020173
15.715	-0.017188
15.72	-0.014741
15.725	-0.01226
15.73	-0.0096102
15.735	-0.0067922
15.74	-0.0037549
15.745	-0.0015791
15.75	-0.00061916
15.755	0.001171
15.76	0.0036669
15.765	0.0045232
15.77	0.0042378
15.775	0.0046004
15.78	0.0048163
15.785	0.0044916
15.79	0.0053318
15.795	0.0065867
15.8	0.0057759
15.805	0.0037375
15.81	0.0029915
15.815	0.0036706
15.82	0.0043273
15.825	0.0042825
15.83	0.0039052
15.835	0.0037059
15.84	0.0037478
15.845	0.0037676
15.85	0.0047268
15.855	0.0076668
15.86	0.010303
15.865	0.011342
15.87	0.012937
15.875	0.015965
15.88	0.019381
15.885	0.022305
15.89	0.024818
15.895	0.027484
15.9	0.030462
15.905	0.032903
15.91	0.03476
15.915	0.036665
15.92	0.037824
15.925	0.037746
15.93	0.037283
15.935	0.037216
15.94	0.037507
15.945	0.037744
15.95	0.037742
15.955	0.037624
15.96	0.037571
15.965	0.037643
15.97	0.037219
15.975	0.035239
15.98	0.032492
15.985	0.031321
15.99	0.031492
15.995	0.030231
16	0.027355
16.005	0.025666
16.01	0.025611
16.015	0.024557
16.02	0.021936
16.025	0.019667
16.03	0.017941
16.035	0.015619
16.04	0.012647
16.045	0.0090761
16.05	0.0048139
16.055	0.00093531
16.06	-0.0017746
16.065	-0.0041008
16.07	-0.0063577
16.075	-0.0074772
16.08	-0.007193
16.085	-0.0072372
16.09	-0.0093601
16.095	-0.011946
16.1	-0.012419
16.105	-0.01203
16.11	-0.012477
16.115	-0.013074
16.12	-0.013202
16.125	-0.013094
16.13	-0.013059
16.135	-0.013138
16.14	-0.013218
16.145	-0.013227
16.15	-0.01319
16.155	-0.013124
16.16	-0.01304
16.165	-0.014142
16.17	-0.016723
16.175	-0.017202
16.18	-0.014187
16.185	-0.012185
16.19	-0.014061
16.195	-0.016841
16.2	-0.016745
16.205	-0.014032
16.21	-0.01203
16.215	-0.01128
16.22	-0.0094971
16.225	-0.0064354
16.23	-0.0032336
16.235	-0.00044339
16.24	0.0020691
16.245	0.0041499
16.25	0.0061965
16.255	0.009172
16.26	0.012547
16.265	0.014761
16.27	0.015031
16.275	0.014333
16.28	0.014165
16.285	0.014627
16.29	0.014379
16.295	0.012834
16.3	0.010914
16.305	0.0094793
16.31	0.0090556
16.315	0.0093995
16.32	0.0088748
16.325	0.0063596
16.33	0.0032613
16.335	0.00083369
16.34	-0.0012828
16.345	-0.0026001
16.35	-0.0038595
16.355	-0.0065301
16.36	-0.0086981
16.365	-0.0086053
16.37	-0.0082354
16.375	-0.0095191
16.38	-0.011669
16.385	-0.013308
16.39	-0.014437
16.395	-0.016171
16.4	-0.018295
16.405	-0.019136
16.41	-0.018562
16.415	-0.017956
16.42	-0.018054
16.425	-0.018554
16.43	-0.018856
16.435	-0.018318
16.44	-0.017006
16.445	-0.015699
16.45	-0.014737
16.455	-0.014377
16.46	-0.014546
16.465	-0.013892
16.47	-0.011347
16.475	-0.0083924
16.48	-0.0073635
16.485	-0.0080481
16.49	-0.0085494
16.495	-0.0080609
16.5	-0.0071943
16.505	-0.0066956
16.51	-0.0066715
16.515	-0.0067648
16.52	-0.0068193
16.525	-0.0075005
16.53	-0.0090561
16.535	-0.010334
16.54	-0.011264
16.545	-0.012832
16.55	-0.014396
16.555	-0.015021
16.56	-0.014823
16.565	-0.013076
16.57	-0.0097738
16.575	-0.0074971
16.58	-0.0064321
16.585	-0.004523
16.59	-0.0027097
16.595	-0.0018022
16.6	-3.7972e-05
16.605	0.0026039
16.61	0.0039152
16.615	0.0035562
16.62	0.00361
16.625	0.0051007
16.63	0.0070784
16.635	0.0084893
16.64	0.0086319
16.645	0.0074043
16.65	0.0063832
16.655	0.0071718
16.66	0.0081997
16.665	0.0080183
16.67	0.00815
16.675	0.0090522
16.68	0.0095492
16.685	0.0093871
16.69	0.0091515
16.695	0.0089238
16.7	0.0074441
16.705	0.0049056
16.71	0.0034945
16.715	0.0033768
16.72	0.0039244
16.725	0.0045582
16.73	0.0045933
16.735	0.0054841
16.74	0.0076404
16.745	0.0088425
16.75	0.0084408
16.755	0.008609
16.76	0.011026
16.765	0.014289
16.77	0.016944
16.775	0.019357
16.78	0.021523
16.785	0.0237
16.79	0.025894
16.795	0.026847
16.8	0.02658
16.805	0.026848
16.81	0.027758
16.815	0.027501
16.82	0.026399
16.825	0.026605
16.83	0.027736
16.835	0.027614
16.84	0.026368
16.845	0.024546
16.85	0.021822
16.855	0.018825
16.86	0.016246
16.865	0.013779
16.87	0.0098997
16.875	0.0047637
16.88	0.0007207
16.885	-0.0021212
16.89	-0.0049952
16.895	-0.0081561
16.9	-0.012003
16.905	-0.015886
16.91	-0.018329
16.915	-0.020154
16.92	-0.02278
16.925	-0.024787
16.93	-0.024965
16.935	-0.025051
16.94	-0.025983
16.945	-0.026719
16.95	-0.026624
16.955	-0.025605
16.96	-0.024573
16.965	-0.024508
16.97	-0.024813
16.975	-0.024691
16.98	-0.024215
16.985	-0.023808
16.99	-0.023711
16.995	-0.023872
17	-0.02403
17.005	-0.02339
17.01	-0.021256
17.015	-0.018952
17.02	-0.018555
17.025	-0.01946
17.03	-0.018483
17.035	-0.014821
17.04	-0.012075
17.045	-0.012415
17.05	-0.013936
17.055	-0.014311
17.06	-0.012228
17.065	-0.0084691
17.07	-0.0060766
17.075	-0.0050863
17.08	-0.003108
17.085	-0.0010045
17.09	0.00018071
17.095	0.0019618
17.1	0.0042737
17.105	0.0050585
17.11	0.0039622
17.115	0.0025173
17.12	0.0017935
17.125	0.001733
17.13	0.001941
17.135	0.0022555
17.14	0.0026852
17.145	0.0031766
17.15	0.003586
17.155	0.0038178
17.16	0.0038917
17.165	0.0038526
17.17	0.0037333
17.175	0.0047459
17.18	0.0078029
17.185	0.010389
17.19	0.010276
17.195	0.0089867
17.2	0.0085663
17.205	0.0090495
17.21	0.0093447
17.215	0.0097314
17.22	0.011517
17.225	0.013485
17.23	0.013998
17.235	0.014902
17.24	0.017672
17.245	0.020359
17.25	0.021337
17.255	0.021439
17.26	0.021857
17.265	0.022673
17.27	0.023307
17.275	0.023413
17.28	0.023146
17.285	0.022805
17.29	0.022545
17.295	0.022404
17.3	0.022038
17.305	0.020369
17.31	0.017185
17.315	0.014528
17.32	0.013222
17.325	0.010915
17.33	0.0074163
17.335	0.0058173
17.34	0.0068297
17.345	0.0083374
17.35	0.0090623
17.355	0.0091428
17.36	0.0085688
17.365	0.0077554
17.37	0.0077716
17.375	0.0079414
17.38	0.007217
17.385	0.006398
17.39	0.0054675
17.395	0.0031686
17.4	0.00020477
17.405	-0.0021718
17.41	-0.0049658
17.415	-0.0087094
17.42	-0.012111
17.425	-0.015273
17.43	-0.018472
17.435	-0.019755
17.44	-0.019369
17.445	-0.019551
17.45	-0.019585
17.455	-0.018847
17.46	-0.018846
17.465	-0.02007
17.47	-0.021656
17.475	-0.022342
17.48	-0.021668
17.485	-0.019952
17.49	-0.017058
17.495	-0.013933
17.5	-0.01158
17.505	-0.0094939
17.51	-0.0090074
17.515	-0.010846
17.52	-0.012117
17.525	-0.011832
17.53	-0.011782
17.535	-0.011154
17.54	-0.0076344
17.545	-0.0029825
17.55	-0.00080907
17.555	-0.00098389
17.56	-0.0012463
17.565	-5.7749e-05
17.57	0.0031325
17.575	0.0063304
17.58	0.0068435
17.585	0.0053744
17.59	0.0043363
17.595	0.0043749
17.6	0.0049608
17.605	0.0056269
17.61	0.0051382
17.615	0.0029596
17.62	0.00083008
17.625	0.00010729
17.63	0.00039341
17.635	0.0010999
17.64	0.0015755
17.645	0.00033715
17.65	-0.0022352
17.655	-0.0034621
17.66	-0.0039416
17.665	-0.005883
17.67	-0.0071922
17.675	-0.0057417
17.68	-0.0037132
17.685	-0.0038229
17.69	-0.0058137
17.695	-0.0072037
17.7	-0.0068461
17.705	-0.0056519
17.71	-0.0040399
17.715	-0.0022197
17.72	-0.0012164
17.725	-0.0012551
17.73	-0.0012712
17.735	-0.00026305
17.74	0.0019824
17.745	0.004218
17.75	0.0049025
17.755	0.0040882
17.76	0.0024544
17.765	0.00078794
17.77	-0.00010642
17.775	-0.00041306
17.78	-0.0012699
17.785	-0.0041596
17.79	-0.0081623
17.795	-0.0099239
17.8	-0.0089831
17.805	-0.0081316
17.81	-0.0094525
17.815	-0.012777
17.82	-0.01582
17.825	-0.016419
17.83	-0.015101
17.835	-0.013954
17.84	-0.013863
17.845	-0.014143
17.85	-0.014028
17.855	-0.013503
17.86	-0.012922
17.865	-0.012467
17.87	-0.012102
17.875	-0.011791
17.88	-0.011562
17.885	-0.011513
17.89	-0.011823
17.895	-0.012599
17.9	-0.013761
17.905	-0.014892
17.91	-0.0154
17.915	-0.01521
17.92	-0.014782
17.925	-0.014255
17.93	-0.01288
17.935	-0.01008
17.94	-0.0071693
17.945	-0.0060936
17.95	-0.00649
17.955	-0.0055546
17.96	-0.0021561
17.965	0.00063835
17.97	0.00047516
17.975	0.00021893
17.98	0.0029925
17.985	0.0062903
17.99	0.007191
17.995	0.007238
18	0.0073309
18.005	0.0059898
18.01	0.0037273
18.015	0.002587
18.02	0.0020199
18.025	-0.00047467
18.03	-0.0041558
18.035	-0.0061687
18.04	-0.0074027
18.045	-0.0093067
18.05	-0.010548
18.055	-0.012059
18.06	-0.016161
18.065	-0.020496
18.07	-0.02128
18.075	-0.019523
18.08	-0.018474
18.085	-0.018328
18.09	-0.017045
18.095	-0.014773
18.1	-0.013602
18.105	-0.012688
18.11	-0.009773
18.115	-0.0066855
18.12	-0.0050982
18.125	-0.0031276
18.13	-0.00084957
18.135	-0.0002535
18.14	-0.0010699
18.145	-0.0017407
18.15	-0.0016434
18.155	-0.0011666
18.16	-0.00015375
18.165	0.0025927
18.17	0.0060293
18.175	0.0069708
18.18	0.0055955
18.185	0.00565
18.19	0.00802
18.195	0.0094219
18.2	0.0084667
18.205	0.007138
18.21	0.0070797
18.215	0.0087076
18.22	0.011753
18.225	0.014504
18.23	0.015038
18.235	0.014892
18.24	0.016819
18.245	0.019202
18.25	0.019316
18.255	0.018087
18.26	0.017171
18.265	0.016423
18.27	0.015967
18.275	0.016123
18.28	0.015808
18.285	0.014785
18.29	0.014447
18.295	0.015134
18.3	0.016019
18.305	0.016146
18.31	0.014231
18.315	0.011028
18.32	0.009533
18.325	0.009631
18.33	0.0083668
18.335	0.0057653
18.34	0.0044424
18.345	0.00393
18.35	0.0017916
18.355	-0.00080155
18.36	-0.0016146
18.365	-0.0013814
18.37	-0.0021461
18.375	-0.0049335
18.38	-0.0084392
18.385	-0.010027
18.39	-0.0091091
18.395	-0.0076456
18.4	-0.0071883
18.405	-0.0075588
18.41	-0.0080119
18.415	-0.0082996
18.42	-0.0085276
18.425	-0.0086973
18.43	-0.0087479
18.435	-0.0087045
18.44	-0.0086263
18.445	-0.008538
18.45	-0.0084277
18.455	-0.0083006
18.46	-0.0081838
18.465	-0.0080952
18.47	-0.0080566
18.475	-0.0075163
18.48	-0.0055302
18.485	-0.002783
18.49	-0.0013007
18.495	-0.0015248
18.5	-0.002056
18.505	-0.0015045
18.51	0.00034362
18.515	0.0019692
18.52	0.0018208
18.525	0.0011371
18.53	0.0026393
18.535	0.0054376
18.54	0.0056108
18.545	0.0030212
18.55	0.0014672
18.555	0.0030346
18.56	0.0065208
18.565	0.0092706
18.57	0.010351
18.575	0.01161
18.58	0.013808
18.585	0.015331
18.59	0.015457
18.595	0.015131
18.6	0.015107
18.605	0.015718
18.61	0.017471
18.615	0.019747
18.62	0.020635
18.625	0.019657
18.63	0.018408
18.635	0.018118
18.64	0.018431
18.645	0.019217
18.65	0.021561
18.655	0.024568
18.66	0.025439
18.665	0.024863
18.67	0.026434
18.675	0.029936
18.68	0.03172
18.685	0.031055
18.69	0.030192
18.695	0.030418
18.7	0.030765
18.705	0.028993
18.71	0.025405
18.715	0.023378
18.72	0.023964
18.725	0.024564
18.73	0.022447
18.735	0.018551
18.74	0.016714
18.745	0.017715
18.75	0.018315
18.755	0.016194
18.76	0.013045
18.765	0.01195
18.77	0.012875
18.775	0.012556
18.78	0.0096981
18.785	0.0074703
18.79	0.0080126
18.795	0.0095764
18.8	0.010184
18.805	0.0092264
18.81	0.006539
18.815	0.0033434
18.82	0.0019143
18.825	0.0024596
18.83	0.0031781
18.835	0.0030695
18.84	0.0026208
18.845	0.0025574
18.85	0.0029467
18.855	0.0029783
18.86	0.001447
18.865	-0.0012374
18.87	-0.0027267
18.875	-0.0020053
18.88	-0.00059454
18.885	5.3947e-05
18.89	6.7036e-05
18.895	0.00011276
18.9	0.00037751
18.905	0.00071259
18.91	0.00094636
18.915	0.00096804
18.92	0.00082706
18.925	0.00064543
18.93	0.00047632
18.935	0.00029979
18.94	8.2982e-05
18.945	-0.00015654
18.95	-0.0003646
18.955	-0.00050265
18.96	-0.00056285
18.965	-0.00056818
18.97	-0.00051873
18.975	-0.00034563
18.98	-4.9272e-05
18.985	0.00023324
18.99	0.00042323
18.995	0.00058277
19	0.00071939
19.005	0.00098872
19.01	0.0025761
19.015	0.0057159
19.02	0.0077207
19.025	0.0070648
19.03	0.0056326
19.035	0.0052374
19.04	0.0057099
19.045	0.0055728
19.05	0.0034158
19.055	0.000266
19.06	-0.0012358
19.065	0.00021959
19.07	0.0038313
19.075	0.0066274
19.08	0.0065103
19.085	0.0049986
19.09	0.0044313
19.095	0.005106
19.1	0.0059539
19.105	0.0063336
19.11	0.0064025
19.115	0.006442
19.12	0.006505
19.125	0.0068585
19.13	0.008022
19.135	0.0097608
19.14	0.011124
19.145	0.011096
19.15	0.0094822
19.155	0.0073576
19.16	0.006023
19.165	0.0060341
19.17	0.0066217
19.175	0.0066611
19.18	0.0062467
19.185	0.0054507
19.19	0.0032274
19.195	0.00035393
19.2	-0.00056477
19.205	0.00051037
19.21	0.0014475
19.215	0.0013281
19.22	0.00080163
19.225	0.00066635
19.23	0.0010477
19.235	0.0015331
19.24	0.0017445
19.245	0.0017138
19.25	0.0015766
19.255	0.0020597
19.26	0.004489
19.265	0.0077327
19.27	0.0085154
19.275	0.0059641
19.28	0.0024341
19.285	0.00051481
19.29	-0.0002113
19.295	-0.0017816
19.3	-0.0037125
19.305	-0.0043139
19.31	-0.0037634
19.315	-0.0039515
19.32	-0.0066112
19.325	-0.010164
19.33	-0.011584
19.335	-0.011942
19.34	-0.013821
19.345	-0.016201
19.35	-0.016924
19.355	-0.016291
19.36	-0.015843
19.365	-0.016154
19.37	-0.01673
19.375	-0.017031
19.38	-0.016984
19.385	-0.017143
19.39	-0.018699
19.395	-0.021701
19.4	-0.023992
19.405	-0.024193
19.41	-0.023241
19.415	-0.022089
19.42	-0.021299
19.425	-0.021848
19.43	-0.023961
19.435	-0.026163
19.44	-0.026913
19.445	-0.026644
19.45	-0.026729
19.455	-0.027591
19.46	-0.028718
19.465	-0.029575
19.47	-0.030074
19.475	-0.030389
19.48	-0.030655
19.485	-0.0309
19.49	-0.031187
19.495	-0.031052
19.5	-0.028998
19.505	-0.025636
19.51	-0.024955
19.515	-0.028296
19.52	-0.031804
19.525	-0.03216
19.53	-0.03046
19.535	-0.029355
19.54	-0.029522
19.545	-0.029954
19.55	-0.029813
19.555	-0.029157
19.56	-0.028426
19.565	-0.027855
19.57	-0.027352
19.575	-0.026743
19.58	-0.026027
19.585	-0.025318
19.59	-0.024664
19.595	-0.024179
19.6	-0.023987
19.605	-0.023969
19.61	-0.023989
19.615	-0.024149
19.62	-0.024528
19.625	-0.025005
19.63	-0.025473
19.635	-0.02594
19.64	-0.026422
19.645	-0.026226
19.65	-0.023627
19.655	-0.019122
19.66	-0.01628
19.665	-0.016448
19.67	-0.017061
19.675	-0.015211
19.68	-0.011804
19.685	-0.010805
19.69	-0.013081
19.695	-0.015788
19.7	-0.016895
19.705	-0.016639
19.71	-0.016059
19.715	-0.015611
19.72	-0.015117
19.725	-0.014408
19.73	-0.013661
19.735	-0.012888
19.74	-0.011244
19.745	-0.0085833
19.75	-0.0060412
19.755	-0.0035333
19.76	-0.0010368
19.765	-7.6624e-06
19.77	-0.00067432
19.775	-0.0024397
19.78	-0.0041229
19.785	-0.0030694
19.79	0.0011076
19.795	0.0057718
19.8	0.0084966
19.805	0.008809
19.81	0.009339
19.815	0.011552
19.82	0.012091
19.825	0.009563
19.83	0.0076172
19.835	0.0081903
19.84	0.0095442
19.845	0.010051
19.85	0.0097047
19.855	0.0095441
19.86	0.010951
19.865	0.013958
19.87	0.016304
19.875	0.016378
19.88	0.015364
19.885	0.014971
19.89	0.015313
19.895	0.015937
19.9	0.017349
19.905	0.019656
19.91	0.02113
19.915	0.020626
19.92	0.019341
19.925	0.018711
19.93	0.018715
19.935	0.018592
19.94	0.017995
19.945	0.017142
19.95	0.016295
19.955	0.015525
19.96	0.015289
19.965	0.015669
19.97	0.015189
19.975	0.013463
19.98	0.012235
19.985	0.01224
19.99	0.01307
19.995	0.014599
20	0.015582
20.005	0.01501
20.01	0.014334
20.015	0.014395
20.02	0.014645
20.025	0.015214
20.03	0.016201
20.035	0.017176
20.04	0.017874
20.045	0.018357
20.05	0.01875
20.055	0.019089
20.06	0.019348
20.065	0.019488
20.07	0.019936
20.075	0.021684
20.08	0.024414
20.085	0.026022
20.09	0.025202
20.095	0.022481
20.1	0.019593
20.105	0.018447
20.11	0.019135
20.115	0.018807
20.12	0.015521
20.125	0.012212
20.13	0.011845
20.135	0.013067
20.14	0.013526
20.145	0.012888
20.15	0.012125
20.155	0.011294
20.16	0.0092342
20.165	0.0063487
20.17	0.0047956
20.175	0.0050231
20.18	0.0054518
20.185	0.0050165
20.19	0.0040165
20.195	0.0032336
20.2	0.0029283
20.205	0.0027674
20.21	0.0024655
20.215	0.0020515
20.22	0.00048925
20.225	-0.0030583
20.23	-0.006034
20.235	-0.0062687
20.24	-0.005453
20.245	-0.0044318
20.25	-0.002211
20.255	-0.00032829
20.26	-0.0011941
20.265	-0.0045576
20.27	-0.0078315
20.275	-0.0086434
20.28	-0.0075441
20.285	-0.0068011
20.29	-0.0070377
20.295	-0.0061456
20.3	-0.003051
20.305	-0.00039905
20.31	-0.00014705
20.315	-0.0014442
20.32	-0.002671
20.325	-0.002286
20.33	0.00011387
20.335	0.0031582
20.34	0.0048923
20.345	0.0050501
20.35	0.0051135
20.355	0.0060059
20.36	0.0070605
20.365	0.0070225
20.37	0.0064842
20.375	0.0073569
20.38	0.0092432
20.385	0.011006
20.39	0.013273
20.395	0.016042
20.4	0.019015
20.405	0.022132
20.41	0.022745
20.415	0.019741
20.42	0.017204
20.425	0.017742
20.43	0.019478
20.435	0.020992
20.44	0.022765
20.445	0.024716
20.45	0.026927
20.455	0.029394
20.46	0.030484
20.465	0.029859
20.47	0.028727
20.475	0.026658
20.48	0.023695
20.485	0.022215
20.49	0.022396
20.495	0.02099
20.5	0.017396
20.505	0.01508
20.51	0.015426
20.515	0.016336
20.52	0.016182
20.525	0.015314
20.53	0.014229
20.535	0.011906
20.54	0.0083396
20.545	0.0052409
20.55	0.0027705
20.555	0.0006161
20.56	-0.00071507
20.565	-0.0010972
20.57	6.644e-05
20.575	0.0022087
20.58	0.0026329
20.585	0.0008206
20.59	-0.001008
20.595	-0.0020441
20.6	-0.0040276
20.605	-0.0075947
20.61	-0.01047
20.615	-0.01166
20.62	-0.012508
20.625	-0.012785
20.63	-0.011379
20.635	-0.0090836
20.64	-0.007331
20.645	-0.0071417
20.65	-0.0092389
20.655	-0.011772
20.66	-0.012312
20.665	-0.012485
20.67	-0.013731
20.675	-0.014176
20.68	-0.01317
20.685	-0.012845
20.69	-0.015277
20.695	-0.018903
20.7	-0.020207
20.705	-0.01912
20.71	-0.018143
20.715	-0.018402
20.72	-0.018768
20.725	-0.01738
20.73	-0.015019
20.735	-0.014854
20.74	-0.016607
20.745	-0.017797
20.75	-0.019318
20.755	-0.021304
20.76	-0.020776
20.765	-0.017826
20.77	-0.015684
20.775	-0.014866
20.78	-0.013814
20.785	-0.012843
20.79	-0.012891
20.795	-0.014366
20.8	-0.017513
20.805	-0.020457
20.81	-0.021011
20.815	-0.02011
20.82	-0.019783
20.825	-0.020399
20.83	-0.02111
20.835	-0.02129
20.84	-0.021583
20.845	-0.023387
20.85	-0.026149
20.855	-0.027397
20.86	-0.026554
20.865	-0.025469
20.87	-0.02542
20.875	-0.026022
20.88	-0.025246
20.885	-0.022416
20.89	-0.021302
20.895	-0.023738
20.9	-0.025936
20.905	-0.025291
20.91	-0.023384
20.915	-0.022325
20.92	-0.022352
20.925	-0.022582
20.93	-0.022467
20.935	-0.021919
20.94	-0.019981
20.945	-0.016531
20.95	-0.014204
20.955	-0.014367
20.96	-0.015169
20.965	-0.015129
20.97	-0.01504
20.975	-0.015234
20.98	-0.01449
20.985	-0.013219
20.99	-0.012859
20.995	-0.013211
21	-0.01381
21.005	-0.01577
21.01	-0.018905
21.015	-0.020657
21.02	-0.021204
21.025	-0.023096
21.03	-0.025938
21.035	-0.027375
21.04	-0.027382
21.045	-0.028334
21.05	-0.031357
21.055	-0.034389
21.06	-0.034725
21.065	-0.031716
21.07	-0.027796
21.075	-0.026538
21.08	-0.027969
21.085	-0.029293
21.09	-0.029225
21.095	-0.028631
21.1	-0.028243
21.105	-0.027127
21.11	-0.024804
21.115	-0.022379
21.12	-0.019939
21.125	-0.017545
21.13	-0.016642
21.135	-0.017143
21.14	-0.017623
21.145	-0.016966
21.15	-0.014271
21.155	-0.010989
21.16	-0.010119
21.165	-0.010868
21.17	-0.0092385
21.175	-0.0045826
21.18	0.00028322
21.185	0.0039721
21.19	0.0058841
21.195	0.0055633
21.2	0.0049241
21.205	0.0065686
21.21	0.010043
21.215	0.012253
21.22	0.011835
21.225	0.011445
21.23	0.013943
21.235	0.017448
21.24	0.018462
21.245	0.01775
21.25	0.018742
21.255	0.022001
21.26	0.02459
21.265	0.024178
21.27	0.021077
21.275	0.017811
21.28	0.016985
21.285	0.018249
21.29	0.018163
21.295	0.014883
21.3	0.011687
21.305	0.011698
21.31	0.012285
21.315	0.010057
21.32	0.0071407
21.325	0.0067407
21.33	0.0080048
21.335	0.0087097
21.34	0.0084167
21.345	0.0086341
21.35	0.010776
21.355	0.013589
21.36	0.014523
21.365	0.013729
21.37	0.014375
21.375	0.01762
21.38	0.020198
21.385	0.019905
21.39	0.018579
21.395	0.018808
21.4	0.020864
21.405	0.023166
21.41	0.024598
21.415	0.024667
21.42	0.023477
21.425	0.022231
21.43	0.021117
21.435	0.019274
21.44	0.018266
21.445	0.020216
21.45	0.022957
21.455	0.022923
21.46	0.020814
21.465	0.018895
21.47	0.017866
21.475	0.017509
21.48	0.016013
21.485	0.012792
21.49	0.0097704
21.495	0.0076577
21.5	0.0061274
21.505	0.0045917
21.51	0.0022258
21.515	0.00020461
21.52	-0.0001819
21.525	-0.00063338
21.53	-0.0027654
21.535	-0.0049
21.54	-0.005031
21.545	-0.0037923
21.55	-0.0035267
21.555	-0.0060031
21.56	-0.0094945
21.565	-0.010576
21.57	-0.0093774
21.575	-0.008201
21.58	-0.0070363
21.585	-0.0049672
21.59	-0.0033216
21.595	-0.0026025
21.6	-0.00076788
21.605	0.0017865
21.61	0.0034542
21.615	0.0053943
21.62	0.0075695
21.625	0.0084564
21.63	0.0092693
21.635	0.011335
21.64	0.013426
21.645	0.015033
21.65	0.01721
21.655	0.020084
21.66	0.023407
21.665	0.026994
21.67	0.029545
21.675	0.031328
21.68	0.034674
21.685	0.038927
21.69	0.040883
21.695	0.040109
21.7	0.038985
21.705	0.038972
21.71	0.040499
21.715	0.043284
21.72	0.044379
21.725	0.042016
21.73	0.03897
21.735	0.03723
21.74	0.035464
21.745	0.032738
21.75	0.029415
21.755	0.02556
21.76	0.02178
21.765	0.018569
21.77	0.014864
21.775	0.010638
21.78	0.0074526
21.785	0.0053782
21.79	0.0029915
21.795	-0.00025295
21.8	-0.003055
21.805	-0.0044005
21.81	-0.0051903
21.815	-0.0064455
21.82	-0.008207
21.825	-0.0095159
21.83	-0.0084845
21.835	-0.0054637
21.84	-0.003684
21.845	-0.0037774
21.85	-0.0039516
21.855	-0.0037129
21.86	-0.0033941
21.865	-0.0032416
21.87	-0.0032683
21.875	-0.0033305
21.88	-0.0033209
21.885	-0.0038602
21.89	-0.0060265
21.895	-0.008957
21.9	-0.010268
21.905	-0.0096456
21.91	-0.0088644
21.915	-0.0089652
21.92	-0.010082
21.925	-0.012534
21.93	-0.015404
21.935	-0.016568
21.94	-0.016435
21.945	-0.017827
21.95	-0.020895
21.955	-0.022807
21.96	-0.022537
21.965	-0.021731
21.97	-0.021754
21.975	-0.022398
21.98	-0.022311
21.985	-0.021373
21.99	-0.020958
21.995	-0.021298
22	-0.022222
22.005	-0.023189
22.01	-0.023332
22.015	-0.023031
22.02	-0.022992
22.025	-0.022638
22.03	-0.020661
22.035	-0.017808
22.04	-0.016512
22.045	-0.016539
22.05	-0.01568
22.055	-0.014205
22.06	-0.013124
22.065	-0.01136
22.07	-0.0081746
22.075	-0.0050635
22.08	-0.003933
22.085	-0.0045123
22.09	-0.0050419
22.095	-0.0047214
22.1	-0.0040086
22.105	-0.0035805
22.11	-0.0036012
22.115	-0.0037555
22.12	-0.0037771
22.125	-0.0036897
22.13	-0.003626
22.135	-0.003638
22.14	-0.0036895
22.145	-0.0037355
22.15	-0.0037609
22.155	-0.0037755
22.16	-0.0038401
22.165	-0.0039902
22.17	-0.0041246
22.175	-0.0041649
22.18	-0.0041712
22.185	-0.0041898
22.19	-0.0041905
22.195	-0.004752
22.2	-0.0069046
22.205	-0.0097682
22.21	-0.010965
22.215	-0.010823
22.22	-0.011579
22.225	-0.012939
22.23	-0.013896
22.235	-0.014903
22.24	-0.015732
22.245	-0.016485
22.25	-0.018449
22.255	-0.021049
22.26	-0.022106
22.265	-0.021497
22.27	-0.021585
22.275	-0.024034
22.28	-0.027215
22.285	-0.028359
22.29	-0.027487
22.295	-0.026593
22.3	-0.026765
22.305	-0.028117
22.31	-0.03012
22.315	-0.031844
22.32	-0.03294
22.325	-0.033268
22.33	-0.03297
22.335	-0.032756
22.34	-0.032896
22.345	-0.032377
22.35	-0.030057
22.355	-0.027204
22.36	-0.026179
22.365	-0.026307
22.37	-0.024792
22.375	-0.021726
22.38	-0.018832
22.385	-0.016172
22.39	-0.014033
22.395	-0.01231
22.4	-0.009765
22.405	-0.0063529
22.41	-0.0035984
22.415	-0.0023336
22.42	-0.0015694
22.425	-0.00025047
22.43	0.0016024
22.435	0.0033886
22.44	0.0047942
22.445	0.0060469
22.45	0.007429
22.455	0.0088566
22.46	0.010744
22.465	0.013068
22.47	0.014234
22.475	0.014281
22.48	0.015591
22.485	0.018366
22.49	0.020528
22.495	0.022082
22.5	0.023876
22.505	0.02494
22.51	0.024717
22.515	0.024203
22.52	0.024185
22.525	0.024474
22.53	0.024603
22.535	0.024465
22.54	0.024275
22.545	0.023644
22.55	0.021574
22.555	0.018766
22.56	0.017474
22.565	0.018055
22.57	0.018812
22.575	0.01928
22.58	0.019711
22.585	0.01915
22.59	0.017895
22.595	0.017485
22.6	0.017943
22.605	0.018322
22.61	0.018779
22.615	0.019436
22.62	0.020162
22.625	0.02204
22.63	0.02421
22.635	0.024578
22.64	0.023727
22.645	0.023858
22.65	0.025161
22.655	0.025368
22.66	0.024744
22.665	0.025006
22.67	0.025003
22.675	0.025245
22.68	0.027907
22.685	0.029697
22.69	0.026872
22.695	0.022458
22.7	0.01987
22.705	0.018814
22.71	0.018613
22.715	0.018857
22.72	0.018953
22.725	0.01876
22.73	0.017994
22.735	0.016443
22.74	0.015852
22.745	0.017015
22.75	0.01749
22.755	0.016389
22.76	0.015471
22.765	0.015548
22.77	0.016055
22.775	0.016936
22.78	0.017855
22.785	0.017946
22.79	0.017518
22.795	0.016714
22.8	0.015802
22.805	0.015686
22.81	0.015696
22.815	0.014493
22.82	0.012856
22.825	0.012446
22.83	0.012548
22.835	0.011462
22.84	0.0099246
22.845	0.0091375
22.85	0.0083701
22.855	0.0074244
22.86	0.006764
22.865	0.0058292
22.87	0.0042821
22.875	0.0026494
22.88	0.001755
22.885	0.0014273
22.89	9.0186e-05
22.895	-0.002444
22.9	-0.0045868
22.905	-0.0057116
22.91	-0.0065568
22.915	-0.0078778
22.92	-0.0091633
22.925	-0.0098837
22.93	-0.010877
22.935	-0.012543
22.94	-0.014305
22.945	-0.015327
22.95	-0.015623
22.955	-0.016883
22.96	-0.019595
22.965	-0.021518
22.97	-0.021713
22.975	-0.022013
22.98	-0.023545
22.985	-0.025096
22.99	-0.025342
22.995	-0.025192
23	-0.025663
23.005	-0.026606
23.01	-0.02794
23.015	-0.029359
23.02	-0.030111
23.025	-0.029904
23.03	-0.029975
23.035	-0.030944
23.04	-0.031606
23.045	-0.031409
23.05	-0.030953
23.055	-0.031191
23.06	-0.032651
23.065	-0.03377
23.07	-0.032641
23.075	-0.030572
23.08	-0.029975
23.085	-0.030775
23.09	-0.030993
23.095	-0.029931
23.1	-0.029077
23.105	-0.028794
23.11	-0.027892
23.115	-0.026207
23.12	-0.024947
23.125	-0.0245
23.13	-0.024152
23.135	-0.023922
23.14	-0.023581
23.145	-0.02224
23.15	-0.020174
23.155	-0.018944
23.16	-0.019229
23.165	-0.019954
23.17	-0.020146
23.175	-0.019495
23.18	-0.017432
23.185	-0.01397
23.19	-0.010996
23.195	-0.010983
23.2	-0.013077
23.205	-0.013034
23.21	-0.0098667
23.215	-0.0073534
23.22	-0.0076076
23.225	-0.008945
23.23	-0.0094478
23.235	-0.0084949
23.24	-0.0065426
23.245	-0.0046832
23.25	-0.0033825
23.255	-0.0023286
23.26	-0.00057497
23.265	0.0018471
23.27	0.0031619
23.275	0.0028185
23.28	0.0021782
23.285	0.0027292
23.29	0.0052075
23.295	0.0077013
23.3	0.007808
23.305	0.0070718
23.31	0.0079896
23.315	0.010767
23.32	0.013742
23.325	0.015286
23.33	0.015863
23.335	0.016775
23.34	0.018379
23.345	0.020126
23.35	0.021551
23.355	0.022741
23.36	0.023975
23.365	0.024794
23.37	0.024702
23.375	0.02427
23.38	0.024143
23.385	0.024291
23.39	0.024396
23.395	0.024355
23.4	0.024255
23.405	0.023599
23.41	0.022575
23.415	0.022309
23.42	0.02214
23.425	0.020867
23.43	0.019533
23.435	0.019442
23.44	0.019501
23.445	0.018848
23.45	0.017803
23.455	0.016301
23.46	0.015204
23.465	0.015389
23.47	0.015534
23.475	0.014182
23.48	0.013126
23.485	0.013876
23.49	0.014293
23.495	0.01329
23.5	0.012376
23.505	0.012336
23.51	0.012659
23.515	0.01337
23.52	0.014267
23.525	0.013836
23.53	0.012367
23.535	0.011773
23.54	0.012814
23.545	0.014231
23.55	0.013953
23.555	0.012479
23.56	0.011305
23.565	0.010891
23.57	0.011786
23.575	0.013154
23.58	0.013493
23.585	0.013044
23.59	0.012719
23.595	0.012215
23.6	0.011077
23.605	0.010323
23.61	0.010559
23.615	0.010427
23.62	0.009077
23.625	0.0079251
23.63	0.0079811
23.635	0.0078846
23.64	0.0065868
23.645	0.0053764
23.65	0.0053678
23.655	0.0053398
23.66	0.0045324
23.665	0.0039414
23.67	0.0039526
23.675	0.0046239
23.68	0.0060455
23.685	0.0076468
23.69	0.0084016
23.695	0.0080251
23.7	0.0074835
23.705	0.0069415
23.71	0.0057716
23.715	0.0047355
23.72	0.004786
23.725	0.0047536
23.73	0.0033793
23.735	0.0019083
23.74	0.001752
23.745	0.0023662
23.75	0.0027849
23.755	0.002231
23.76	0.00050717
23.765	-0.0013953
23.77	-0.0021495
23.775	-0.0016223
23.78	-0.0015212
23.785	-0.0024873
23.79	-0.0031809
23.795	-0.0030448
23.8	-0.002681
23.805	-0.0025785
23.81	-0.0027268
23.815	-0.0034888
23.82	-0.0050928
23.825	-0.0063016
23.83	-0.0067793
23.835	-0.0071859
23.84	-0.0073381
23.845	-0.0078534
23.85	-0.0088957
23.855	-0.0093509
23.86	-0.0090957
23.865	-0.0088264
23.87	-0.0088582
23.875	-0.009029
23.88	-0.0091113
23.885	-0.0090661
23.89	-0.009001
23.895	-0.009004
23.9	-0.0090524
23.905	-0.0085309
23.91	-0.0075463
23.915	-0.0073598
23.92	-0.0073844
23.925	-0.0070257
23.93	-0.0077001
23.935	-0.0092048
23.94	-0.0098543
23.945	-0.0094566
23.95	-0.0089601
23.955	-0.0089501
23.96	-0.0097113
23.965	-0.010851
23.97	-0.011266
23.975	-0.011347
23.98	-0.011534
23.985	-0.011166
23.99	-0.011149
23.995	-0.012169
24	-0.012978
24.005	-0.012924
24.01	-0.012576
24.015	-0.012013
24.02	-0.010791
24.025	-0.0091074
24.03	-0.0079228
24.035	-0.0084006
24.04	-0.009515
24.045	-0.0087404
24.05	-0.0066571
24.055	-0.0058094
24.06	-0.0065352
24.065	-0.0069411
24.07	-0.0056433
24.075	-0.0033324
24.08	-0.0018443
24.085	-0.0016358
24.09	-0.0006704
24.095	0.0015034
24.1	0.0026518
24.105	0.001735
24.11	8.7266e-05
24.115	5.6649e-05
24.12	0.0017164
24.125	0.002798
24.13	0.002155
24.135	0.00065141
24.14	3.1623e-05
24.145	0.0002843
24.15	-1.9942e-05
24.155	-0.00059204
24.16	-0.00093759
24.165	-0.0019086
24.17	-0.0033511
24.175	-0.0036117
24.18	-0.0019709
24.185	1.4527e-05
24.19	0.00052683
24.195	-0.00033382
24.2	-0.0018003
24.205	-0.0032041
24.21	-0.0036321
24.215	-0.0032114
24.22	-0.0027417
24.225	-0.0019101
24.23	-0.00079448
24.235	-0.00096017
24.24	-0.0020841
24.245	-0.0026028
24.25	-0.0022239
24.255	-0.00053032
24.26	0.0012953
24.265	0.0013705
24.27	0.00039274
24.275	-2.6174e-05
24.28	0.00091488
24.285	0.0022083
24.29	0.0024237
24.295	0.0018657
24.3	0.0014886
24.305	0.0015736
24.31	0.0018095
24.315	0.0018968
24.32	0.0018381
24.325	0.0017811
24.33	0.001791
24.335	0.0018378
24.34	0.0019118
24.345	0.0019958
24.35	0.0020203
24.355	0.001982
24.36	0.0024015
24.365	0.0034088
24.37	0.0040396
24.375	0.0044107
24.38	0.0051715
24.385	0.0056819
24.39	0.0060245
24.395	0.0068338
24.4	0.0073195
24.405	0.0074272
24.41	0.0080968
24.415	0.0087986
24.42	0.0087882
24.425	0.0084511
24.43	0.0083066
24.435	0.0083474
24.44	0.0087362
24.445	0.0096806
24.45	0.01021
24.455	0.010152
24.46	0.010634
24.465	0.011509
24.47	0.012602
24.475	0.013987
24.48	0.014658
24.485	0.014332
24.49	0.013864
24.495	0.014042
24.5	0.015243
24.505	0.016018
24.51	0.014292
24.515	0.011378
24.52	0.0097216
24.525	0.0092588
24.53	0.0091664
24.535	0.0085481
24.54	0.0070495
24.545	0.005927
24.55	0.0053589
24.555	0.0043599
24.56	0.0029467
24.565	0.00092778
24.57	-0.00089399
24.575	-0.00048463
24.58	0.001279
24.585	0.0019244
24.59	0.0013017
24.595	0.00012605
24.6	-0.0014453
24.605	-0.0024473
24.61	-0.0021811
24.615	-0.0015194
24.62	-0.0013712
24.625	-0.0016623
24.63	-0.0019077
24.635	-0.0018991
24.64	-0.0017667
24.645	-0.0016927
24.65	-0.0017189
24.655	-0.0017727
24.66	-0.0017932
24.665	-0.0017824
24.67	-0.0017695
24.675	-0.0018655
24.68	-0.0016585
24.685	0.00026413
24.69	0.0034968
24.695	0.0049033
24.7	0.0031168
24.705	0.0004415
24.71	-0.00034405
24.715	0.0006931
24.72	0.0015844
24.725	0.0015402
24.73	0.0017279
24.735	0.0030073
24.74	0.0041112
24.745	0.0034333
24.75	0.0014155
24.755	0.00013967
24.76	0.0004652
24.765	0.0017753
24.77	0.0034224
24.775	0.0043016
24.78	0.0039249
24.785	0.0032699
24.79	0.0031669
24.795	0.003455
24.8	0.0036238
24.805	0.0039585
24.81	0.0047264
24.815	0.0046458
24.82	0.003705
24.825	0.0038016
24.83	0.0043959
24.835	0.003864
24.84	0.0027164
24.845	0.0011846
24.85	-0.0010781
24.855	-0.0028521
24.86	-0.0029463
24.865	-0.0023589
24.87	-0.0030544
24.875	-0.0051857
24.88	-0.0073274
24.885	-0.0085418
24.89	-0.0086107
24.895	-0.0081075
24.9	-0.0079249
24.905	-0.0081954
24.91	-0.0085032
24.915	-0.0085722
24.92	-0.0084711
24.925	-0.0083836
24.93	-0.0083837
24.935	-0.0084308
24.94	-0.0084894
24.945	-0.0080864
24.95	-0.0067681
24.955	-0.0050293
24.96	-0.0039472
24.965	-0.0040829
24.97	-0.0042368
24.975	-0.0034248
24.98	-0.0026582
24.985	-0.0026828
24.99	-0.003028
24.995	-0.003174
25	-0.0030915
25.005	-0.0029345
25.01	-0.0030948
25.015	-0.0040032
25.02	-0.0047139
25.025	-0.0048589
25.03	-0.0062798
25.035	-0.0084786
25.04	-0.0086119
25.045	-0.0073816
25.05	-0.0075896
25.055	-0.0088907
25.06	-0.0095447
25.065	-0.0091962
25.07	-0.0074151
25.075	-0.0050482
25.08	-0.004842
25.085	-0.0059797
25.09	-0.0053177
25.095	-0.003505
25.1	-0.0028432
25.105	-0.0034069
25.11	-0.0039832
25.115	-0.003971
25.12	-0.0032648
25.125	-0.0017729
25.13	-0.00040097
25.135	0.00017096
25.14	0.00096584
25.145	0.0021835
25.15	0.0027151
25.155	0.0024339
25.16	0.0024741
25.165	0.0034172
25.17	0.0044824
25.175	0.0058992
25.18	0.0079458
25.185	0.0090874
25.19	0.0094546
25.195	0.010339
25.2	0.011154
25.205	0.011204
25.21	0.010922
25.215	0.010971
25.22	0.011984
25.225	0.013672
25.23	0.014578
25.235	0.014243
25.24	0.013699
25.245	0.013684
25.25	0.014019
25.255	0.014257
25.26	0.014257
25.265	0.014174
25.27	0.014151
25.275	0.014181
25.28	0.014818
25.285	0.016529
25.29	0.01756
25.295	0.016161
25.3	0.014012
25.305	0.013993
25.31	0.015853
25.315	0.017017
25.32	0.017125
25.325	0.017364
25.33	0.017689
25.335	0.017788
25.34	0.017851
25.345	0.017664
25.35	0.016537
25.355	0.015034
25.36	0.014573
25.365	0.015114
25.37	0.015404
25.375	0.014423
25.38	0.012496
25.385	0.01071
25.39	0.0096532
25.395	0.0094973
25.4	0.009105
25.405	0.0069277
25.41	0.0041083
25.415	0.0030867
25.42	0.0038853
25.425	0.0047066
25.43	0.0040968
25.435	0.0020991
25.44	0.00060774
25.445	0.00075557
25.45	0.00092014
25.455	0.00013122
25.46	-0.00047271
25.465	-0.00095492
25.47	-0.0016863
25.475	-0.001967
25.48	-0.0017194
25.485	-0.0014476
25.49	-0.001429
25.495	-0.0015837
25.5	-0.0017044
25.505	-0.0017228
25.51	-0.001707
25.515	-0.0017264
25.52	-0.0017901
25.525	-0.0018611
25.53	-0.0019172
25.535	-0.0019593
25.54	-0.0020053
25.545	-0.0020655
25.55	-0.002322
25.555	-0.0033866
25.56	-0.0048879
25.565	-0.004818
25.57	-0.0029115
25.575	-0.0015508
25.58	-0.0018873
25.585	-0.0027186
25.59	-0.002994
25.595	-0.0033798
25.6	-0.0045652
25.605	-0.0061078
25.61	-0.0076214
25.615	-0.0084864
25.62	-0.0083127
25.625	-0.0078699
25.63	-0.0078412
25.635	-0.0080609
25.64	-0.0086756
25.645	-0.0095025
25.65	-0.0095879
25.655	-0.0096341
25.66	-0.010411
25.665	-0.010999
25.67	-0.010509
25.675	-0.0089152
25.68	-0.0074714
25.685	-0.0073684
25.69	-0.0080336
25.695	-0.0083397
25.7	-0.0080915
25.705	-0.0077561
25.71	-0.0077056
25.715	-0.0076286
25.72	-0.0063512
25.725	-0.0036057
25.73	-0.0014197
25.735	-0.0013775
25.74	-0.0024718
25.745	-0.0024282
25.75	0.00024324
25.755	0.0036997
25.76	0.0048207
25.765	0.0047067
25.77	0.006346
25.775	0.0089672
25.78	0.0099806
25.785	0.0092765
25.79	0.0087824
25.795	0.0097551
25.8	0.011088
25.805	0.011335
25.81	0.010549
25.815	0.0093911
25.82	0.0093653
25.825	0.010371
25.83	0.010213
25.835	0.0090165
25.84	0.0084002
25.845	0.0079617
25.85	0.0068129
25.855	0.0057521
25.86	0.0049733
25.865	0.0037355
25.87	0.0027251
25.875	0.0027149
25.88	0.0031277
25.885	0.003274
25.89	0.002599
25.895	0.00099751
25.9	-0.00074346
25.905	-0.0020636
25.91	-0.0025966
25.915	-0.0023048
25.92	-0.0019322
25.925	-0.0019675
25.93	-0.0027227
25.935	-0.0043617
25.94	-0.0057546
25.945	-0.0057404
25.95	-0.0054044
25.955	-0.0060324
25.96	-0.0068163
25.965	-0.0073182
25.97	-0.0079257
25.975	-0.0081912
25.98	-0.0083643
25.985	-0.0094671
25.99	-0.010885
25.995	-0.011246
26	-0.010741
26.005	-0.010386
26.01	-0.010511
26.015	-0.010827
26.02	-0.010706
26.025	-0.0094986
26.03	-0.0078931
26.035	-0.0074384
26.04	-0.0077922
26.045	-0.0073322
26.05	-0.0066973
26.055	-0.0072906
26.06	-0.0073371
26.065	-0.0049659
26.07	-0.0020168
26.075	-0.00032102
26.08	0.0011027
26.085	0.002624
26.09	0.0033942
26.095	0.0039088
26.1	0.004378
26.105	0.0045531
26.11	0.0052531
26.115	0.0061815
26.12	0.0064031
26.125	0.0067709
26.13	0.0080855
26.135	0.009195
26.14	0.0091822
26.145	0.0086438
26.15	0.0077739
26.155	0.0064653
26.16	0.0056653
26.165	0.0058722
26.17	0.0063769
26.175	0.0071274
26.18	0.0084016
26.185	0.0091733
26.19	0.0082688
26.195	0.0062369
26.2	0.0044025
26.205	0.0032446
26.21	0.0029211
26.215	0.0032377
26.22	0.0034527
26.225	0.0032705
26.23	0.0029739
26.235	0.0028361
26.24	0.0028615
26.245	0.0034616
26.25	0.0044063
26.255	0.0046849
26.26	0.0049416
26.265	0.0056979
26.27	0.0060676
26.275	0.005873
26.28	0.005661
26.285	0.0057031
26.29	0.0058799
26.295	0.0059915
26.3	0.005398
26.305	0.0043456
26.31	0.0040572
26.315	0.0038986
26.32	0.0031984
26.325	0.002855
26.33	0.0026825
26.335	0.0015783
26.34	8.4941e-05
26.345	-0.0003368
26.35	-0.00019975
26.355	-0.001106
26.36	-0.0026077
26.365	-0.0031407
26.37	-0.0027156
26.375	-0.0023484
26.38	-0.0024582
26.385	-0.0027574
26.39	-0.0029035
26.395	-0.0028693
26.4	-0.0028104
26.405	-0.002821
26.41	-0.002848
26.415	-0.0028044
26.42	-0.0027299
26.425	-0.0027217
26.43	-0.0027738
26.435	-0.002814
26.44	-0.002825
26.445	-0.0028727
26.45	-0.0026235
26.455	-0.0017754
26.46	-0.0011992
26.465	-0.0010739
26.47	-0.0008446
26.475	-0.0011885
26.48	-0.001618
26.485	-0.00063705
26.49	0.0013964
26.495	0.0029079
26.5	0.0029566
26.505	0.002224
26.51	0.0018531
26.515	0.0023452
26.52	0.0038802
26.525	0.005559
26.53	0.0059499
26.535	0.0052685
26.54	0.004785
26.545	0.0049897
26.55	0.0052919
26.555	0.0042788
26.56	0.0016782
26.565	0.00020065
26.57	0.0015699
26.575	0.0034146
26.58	0.0035508
26.585	0.0026876
26.59	0.0022133
26.595	0.0024335
26.6	0.0028146
26.605	0.002891
26.61	0.0027065
26.615	0.0025866
26.62	0.0026684
26.625	0.0028646
26.63	0.002848
26.635	0.0019384
26.64	0.00038721
26.645	-0.00033184
26.65	0.00013856
26.655	0.00071823
26.66	0.00078943
26.665	0.00036464
26.67	-0.00064801
26.675	-0.0011246
26.68	0.00068574
26.685	0.0034409
26.69	0.0036405
26.695	0.00057769
26.7	-0.0020329
26.705	-0.0012557
26.71	0.00040091
26.715	0.00026164
26.72	-0.00079669
26.725	-0.0018923
26.73	-0.0025743
26.735	-0.0024587
26.74	-0.0020785
26.745	-0.001977
26.75	-0.0022141
26.755	-0.0031199
26.76	-0.0046878
26.765	-0.0056593
26.77	-0.0055106
26.775	-0.0056175
26.78	-0.0064062
26.785	-0.0069461
26.79	-0.0074744
26.795	-0.0081108
26.8	-0.0082342
26.805	-0.0079614
26.81	-0.0078648
26.815	-0.0086758
26.82	-0.01033
26.825	-0.011388
26.83	-0.01108
26.835	-0.0097854
26.84	-0.0087624
26.845	-0.0095391
26.85	-0.010623
26.855	-0.0096071
26.86	-0.0077944
26.865	-0.0074036
26.87	-0.0075518
26.875	-0.0070877
26.88	-0.0067222
26.885	-0.0056801
26.89	-0.0039321
26.895	-0.003436
26.9	-0.0035311
26.905	-0.0029965
26.91	-0.0025384
26.915	-0.0025976
26.92	-0.0028268
26.925	-0.0023671
26.93	-0.0008044
26.935	0.0004979
26.94	0.00039607
26.945	0.00023515
26.95	0.0015009
26.955	0.0030358
26.96	0.0033993
26.965	0.0027987
26.97	0.0024685
26.975	0.0026451
26.98	0.0029166
26.985	0.00298
26.99	0.0028743
26.995	0.0027771
27	0.0027955
27.005	0.0023633
27.01	0.00092839
27.015	-0.00037227
27.02	-0.00078478
27.025	-0.0014753
27.03	-0.0026275
27.035	-0.0031174
27.04	-0.0028314
27.045	-0.0024866
27.05	-0.0033571
27.055	-0.0058772
27.06	-0.0079086
27.065	-0.007919
27.07	-0.0061675
27.075	-0.0035537
27.08	-0.0020565
27.085	-0.0025216
27.09	-0.003483
27.095	-0.0036147
27.1	-0.0030965
27.105	-0.002689
27.11	-0.0026899
27.115	-0.0029029
27.12	-0.0026002
27.125	-0.0011669
27.13	0.00034472
27.135	0.00096378
27.14	0.0016348
27.145	0.0026562
27.15	0.0030426
27.155	0.0027282
27.16	0.0024928
27.165	0.0025789
27.17	0.0035248
27.175	0.0061914
27.18	0.0089912
27.185	0.0090853
27.19	0.0066128
27.195	0.0041288
27.2	0.0029433
27.205	0.0027515
27.21	0.0030317
27.215	0.0032023
27.22	0.0029988
27.225	0.0026853
27.23	0.0025368
27.235	0.00255
27.24	0.0025865
27.245	0.0025681
27.25	0.0025046
27.255	0.0024357
27.26	0.0023867
27.265	0.0023561
27.27	0.0022923
27.275	0.0021402
27.28	0.0019711
27.285	0.0019001
27.29	0.001904
27.295	0.0018953
27.3	0.0018463
27.305	0.0017825
27.31	0.0017339
27.315	0.0016945
27.32	0.0016502
27.325	0.0016135
27.33	0.0016509
27.335	0.001381
27.34	0.00017615
27.345	-0.0012651
27.35	-0.0016498
27.355	-0.0011567
27.36	-0.00079754
27.365	-0.00091851
27.37	-0.0011937
27.375	-0.001298
27.38	-0.0012304
27.385	-0.0011495
27.39	-0.0011317
27.395	-0.0011607
27.4	-0.0012138
27.405	-0.0012917
27.41	-0.00097109
27.415	0.00024563
27.42	0.0015233
27.425	0.0016996
27.43	0.0011386
27.435	0.00080913
27.44	0.0009152
27.445	0.0015652
27.45	0.0025657
27.455	0.0025026
27.46	0.0015976
27.465	0.001631
27.47	0.0023486
27.475	0.0026203
27.48	0.002441
27.485	0.0022996
27.49	0.0018973
27.495	0.0010404
27.5	0.00058389
27.505	0.0008092
27.51	0.0011458
27.515	0.00084573
27.52	-0.00089147
27.525	-0.0030962
27.53	-0.003671
27.535	-0.0032079
27.54	-0.0034142
27.545	-0.0039692
27.55	-0.0045353
27.555	-0.0057328
27.56	-0.0066041
27.565	-0.0055409
27.57	-0.0036913
27.575	-0.0031947
27.58	-0.003941
27.585	-0.0041792
27.59	-0.0029008
27.595	-0.0013051
27.6	-0.00099221
27.605	-0.0012633
27.61	-0.00089089
27.615	-0.00037856
27.62	3.18e-05
27.625	0.00062491
27.63	0.00090706
27.635	0.00071647
27.64	0.00052839
27.645	0.0010236
27.65	0.0023844
27.655	0.0034071
27.66	0.0037182
27.665	0.0044216
27.67	0.0057548
27.675	0.0075983
27.68	0.0095404
27.685	0.010327
27.69	0.0098053
27.695	0.0091632
27.7	0.009193
27.705	0.010098
27.71	0.011565
27.715	0.012939
27.72	0.013916
27.725	0.014208
27.73	0.013869
27.735	0.013552
27.74	0.01357
27.745	0.013748
27.75	0.0137
27.755	0.01264
27.76	0.010302
27.765	0.0082307
27.77	0.0079102
27.775	0.0086285
27.78	0.0089744
27.785	0.0084938
27.79	0.0071883
27.795	0.0056137
27.8	0.0049487
27.805	0.0051604
27.81	0.004739
27.815	0.0033246
27.82	0.0023285
27.825	0.0024379
27.83	0.002622
27.835	0.0016949
27.84	0.00017106
27.845	-0.00042916
27.85	-0.00025809
27.855	-0.00086741
27.86	-0.0022752
27.865	-0.00301
27.87	-0.0027353
27.875	-0.0023262
27.88	-0.0026467
27.885	-0.0039338
27.89	-0.0051669
27.895	-0.0053109
27.9	-0.0047793
27.905	-0.0044653
27.91	-0.0049222
27.915	-0.005886
27.92	-0.0059948
27.925	-0.0049905
27.93	-0.0042772
27.935	-0.0044076
27.94	-0.0046934
27.945	-0.0051174
27.95	-0.0061415
27.955	-0.0070235
27.96	-0.0069665
27.965	-0.0064918
27.97	-0.0063261
27.975	-0.0064986
27.98	-0.006672
27.985	-0.0066753
27.99	-0.0065672
27.995	-0.0065351
28	-0.007091
28.005	-0.0082854
28.01	-0.0090489
28.015	-0.0088293
28.02	-0.0083162
28.025	-0.0082439
28.03	-0.0089187
28.035	-0.0096207
28.04	-0.0091748
28.045	-0.0082013
28.05	-0.0083895
28.055	-0.0097664
28.06	-0.010709
28.065	-0.010467
28.07	-0.009928
28.075	-0.0096998
28.08	-0.0092908
28.085	-0.0089107
28.09	-0.0093611
28.095	-0.0099979
28.1	-0.010071
28.105	-0.01027
28.11	-0.011135
28.115	-0.012301
28.12	-0.013191
28.125	-0.013314
28.13	-0.012839
28.135	-0.012621
28.14	-0.013517
28.145	-0.015359
28.15	-0.01684
28.155	-0.017183
28.16	-0.016659
28.165	-0.016495
28.17	-0.017515
28.175	-0.018194
28.18	-0.017658
28.185	-0.017474
28.19	-0.0181
28.195	-0.018692
28.2	-0.019263
28.205	-0.019467
28.21	-0.018492
28.215	-0.017118
28.22	-0.016679
28.225	-0.016687
28.23	-0.016291
28.235	-0.015772
28.24	-0.015122
28.245	-0.014393
28.25	-0.01376
28.255	-0.012884
28.26	-0.012114
28.265	-0.011991
28.27	-0.011799
28.275	-0.011107
28.28	-0.010592
28.285	-0.010114
28.29	-0.0091765
28.295	-0.0084176
28.3	-0.0082933
28.305	-0.0080722
28.31	-0.0075041
28.315	-0.0071468
28.32	-0.0071192
28.325	-0.0070642
28.33	-0.0065612
28.335	-0.0058947
28.34	-0.0055255
28.345	-0.0051573
28.35	-0.004776
28.355	-0.0046634
28.36	-0.0046722
28.365	-0.004629
28.37	-0.004423
28.375	-0.0037698
28.38	-0.0028621
28.385	-0.0023308
28.39	-0.0019353
28.395	-0.001299
28.4	-0.00089728
28.405	-0.00096548
28.41	-0.00094701
28.415	-0.00024838
28.42	0.00074314
28.425	0.0011077
28.43	0.00081661
28.435	0.00073177
28.44	0.0012405
28.445	0.0015159
28.45	0.0012931
28.455	0.0015369
28.46	0.0022598
28.465	0.0027766
28.47	0.003223
28.475	0.0036692
28.48	0.0037597
28.485	0.0037929
28.49	0.0043709
28.495	0.0051153
28.5	0.0052696
28.505	0.005208
28.51	0.0056699
28.515	0.0062536
28.52	0.0065466
28.525	0.0069244
28.53	0.0072816
28.535	0.0072262
28.54	0.0072111
28.545	0.0077717
28.55	0.0083506
28.555	0.0083151
28.56	0.0078947
28.565	0.0073347
28.57	0.0069318
28.575	0.0072079
28.58	0.0080104
28.585	0.0086596
28.59	0.0087168
28.595	0.0083717
28.6	0.0080224
28.605	0.0075347
28.61	0.006857
28.615	0.0064756
28.62	0.0065188
28.625	0.0066118
28.63	0.0064429
28.635	0.0058348
28.64	0.0049641
28.645	0.0042143
28.65	0.003749
28.655	0.0036466
28.66	0.0037104
28.665	0.0033192
28.67	0.0022327
28.675	0.0012098
28.68	0.0010378
28.685	0.0014434
28.69	0.0017214
28.695	0.0015981
28.7	0.0010143
28.705	3.4708e-05
28.71	-0.00074195
28.715	-0.00077559
28.72	-0.0003957
28.725	-0.00018983
28.73	-0.00034772
28.735	-0.00079121
28.74	-0.0010232
28.745	-0.00064057
28.75	-0.00014539
28.755	-7.335e-05
28.76	-0.00025027
28.765	-0.00033242
28.77	-0.00024945
28.775	-0.00011389
28.78	-9.9342e-05
28.785	-0.00033913
28.79	-0.00055503
28.795	-0.00054482
28.8	-0.00060847
28.805	-0.00074686
28.81	-0.00072423
28.815	-0.00059808
28.82	-0.00050618
28.825	-0.00047447
28.83	-0.0004408
28.835	-0.00042277
28.84	-0.00060703
28.845	-0.00095237
28.85	-0.0010868
28.855	-0.00092249
28.86	-0.00073355
28.865	-0.00068237
28.87	-0.00070486
28.875	-0.00069434
28.88	-0.00062722
28.885	-0.00054363
28.89	-0.00047836
28.895	-0.00042945
28.9	-0.0003775
28.905	-0.00031655
28.91	-0.00025411
28.915	-0.00019507
28.92	-0.00013782
28.925	-8.8052e-05
28.93	4.8891e-06
28.935	0.00022488
28.94	0.00041605
28.945	0.00047935
28.95	0.00062061
28.955	0.00080368
28.96	0.00089255
28.965	0.0010609
28.97	0.0013666
28.975	0.0015557
28.98	0.001531
28.985	0.0014603
28.99	0.0015103
28.995	0.0017655
29	0.0020841
29.005	0.0022253
29.01	0.0022886
29.015	0.0024498
29.02	0.0025746
29.025	0.0025555
29.03	0.0024833
29.035	0.0024783
29.04	0.0026415
29.045	0.0029003
29.05	0.0029748
29.055	0.0027119
29.06	0.0023922
29.065	0.0025309
29.07	0.0030512
29.075	0.0033466
29.08	0.0032874
29.085	0.0031038
29.09	0.0029037
29.095	0.0027997
29.1	0.0028162
29.105	0.0028347
29.11	0.0027886
29.115	0.0027072
29.12	0.0026389
29.125	0.0025966
29.13	0.0025692
29.135	0.0025197
29.14	0.0023718
29.145	0.0021626
29.15	0.0020619
29.155	0.0020676
29.16	0.0020101
29.165	0.0018965
29.17	0.0018363
29.175	0.0018486
29.18	0.0019229
29.185	0.0019561
29.19	0.001833
29.195	0.0016194
29.2	0.0014677
29.205	0.0014519
29.21	0.0015032
29.215	0.0015255
29.22	0.0014961
29.225	0.0014162
29.23	0.0013884
29.235	0.0014874
29.24	0.0015821
29.245	0.0015704
29.25	0.0015098
29.255	0.0014782
29.26	0.001483
29.265	0.0014915
29.27	0.0014831
29.275	0.0014647
29.28	0.0014498
29.285	0.0014401
29.29	0.00143
29.295	0.0014167
29.3	0.0014019
29.305	0.0013872
29.31	0.0013735
29.315	0.0013606
29.32	0.0013235
29.325	0.0012681
29.33	0.001265
29.335	0.001307
29.34	0.0013167
29.345	0.0012627
29.35	0.0011936
29.355	0.0011713
29.36	0.0011832
29.365	0.0012061
29.37	0.0012218
29.375	0.0012067
29.38	0.0011755
29.385	0.0011543
29.39	0.0011459
29.395	0.0011381
29.4	0.0011246
29.405	0.001107
29.41	0.0010886
29.415	0.0010715
29.42	0.0010676
29.425	0.0010762
29.43	0.00106
29.435	0.0010141
29.44	0.00098055
29.445	0.00097354
29.45	0.00097397
29.455	0.00095785
29.46	0.00091683
29.465	0.00086968
29.47	0.00083415
29.475	0.00081677
29.48	0.00081001
29.485	0.00079183
29.49	0.00076602
29.495	0.00075535
29.5	0.00075332
29.505	0.00074477
29.51	0.00073688
29.515	0.00073095
29.52	0.00072161
29.525	0.00071548
29.53	0.00071577
29.535	0.00071656
29.54	0.0007141
29.545	0.00070976
29.55	0.000706
29.555	0.00070294
29.56	0.00069908
29.565	0.00069652
29.57	0.00069953
29.575	0.00070625
29.58	0.00071104
29.585	0.00070999
29.59	0.00070161
29.595	0.00068977
29.6	0.00068141
29.605	0.00067953
29.61	0.00067832
29.615	0.0006696
29.62	0.00065596
29.625	0.00064646
29.63	0.00064117
29.635	0.00063236
29.64	0.0006182
29.645	0.00060354
29.65	0.00059108
29.655	0.00058072
29.66	0.00057195
29.665	0.00056214
29.67	0.00054985
29.675	0.00053715
29.68	0.00052628
29.685	0.0005179
29.69	0.00050903
29.695	0.00049643
29.7	0.00048191
29.705	0.00046937
29.71	0.00046015
29.715	0.00045208
29.72	0.00044222
29.725	0.00043073
29.73	0.00042024
29.735	0.00041163
29.74	0.00040335
29.745	0.000395
29.75	0.00038671
29.755	0.00037814
29.76	0.00036983
29.765	0.00036185
29.77	0.00035369
29.775	0.00034567
29.78	0.00033803
29.785	0.00033032
29.79	0.00032231
29.795	0.00031435
29.8	0.00030667
29.805	0.0002992
29.81	0.00029193
29.815	0.00028478
29.82	0.00027779
29.825	0.00027102
29.83	0.00026449
29.835	0.00025812
29.84	0.0002519
29.845	0.00024586
29.85	0.00024001
29.855	0.00023439
29.86	0.00022896
29.865	0.0002237
29.87	0.00021863
29.875	0.00021383
29.88	0.00020928
29.885	0.00020493
29.89	0.00020077
29.895	0.00019683
29.9	0.00019315
29.905	0.0001897
29.91	0.00018648
29.915	0.00018348
29.92	0.0001807
29.925	0.00017817
29.93	0.00017586
29.935	0.00017377
29.94	0.0001719
29.945	0.00017026
29.95	0.00016883
