0	0.013936
0.02	0.013934
0.04	0.010722
0.06	-0.0024005
0.08	-0.00067057
0.1	-0.017374
0.12	-0.0076846
0.14	0.005227
0.16	0.0093703
0.18	0.0026867
0.2	-0.015956
0.22	-0.0045252
0.24	-0.010651
0.26	0.00041424
0.28	-0.00052161
0.3	-0.0002917
0.32	-0.0084686
0.34	-0.010995
0.36	-0.0083153
0.38	-0.0010499
0.4	0.010602
0.42	0.0068613
0.44	0.0050108
0.46	-0.0075269
0.48	-0.0074226
0.5	0.0086987
0.52	0.01412
0.54	0.0040456
0.56	0.0051337
0.58	-0.0087995
0.6	-0.0062793
0.62	0.011256
0.64	0.0073378
0.66	-0.0097001
0.68	-0.010033
0.7	-0.011033
0.72	0.0019895
0.74	0.017019
0.76	4.4608e-05
0.78	-0.003221
0.8	-0.0023265
0.82	-0.012142
0.84	-0.022414
0.86	-0.0044899
0.88	0.0021134
0.9	0.015509
0.92	0.019608
0.94	-0.017058
0.96	0.0019554
0.98	0.013854
1	-0.00022618
1.02	0.0025988
1.04	0.0067251
1.06	0.0011578
1.08	-0.0018904
1.1	-0.011997
1.12	-0.0045476
1.14	0.0037109
1.16	0.016356
1.18	0.012506
1.2	0.0079693
1.22	0.017369
1.24	-0.0058869
1.26	-0.009539
1.28	-0.011767
1.3	0.012121
1.32	-0.0017243
1.34	-0.022419
1.36	-0.023358
1.38	-0.0061829
1.4	0.011669
1.42	0.005991
1.44	0.007208
1.46	0.0077277
1.48	0.018566
1.5	-0.0043817
1.52	-0.002975
1.54	-0.017738
1.56	0.003024
1.58	-0.0032653
1.6	-0.007005
1.62	0.011331
1.64	0.0054513
1.66	0.019193
1.68	0.0060966
1.7	-0.00018463
1.72	-0.011636
1.74	-0.0085902
1.76	-0.014216
1.78	0.016335
1.8	0.0025189
1.82	0.012798
1.84	0.0054377
1.86	0.0051875
1.88	0.003653
1.9	0.012641
1.92	0.0060614
1.94	-0.028707
1.96	-0.01053
1.98	-0.0067124
2	0.014119
2.02	-0.00060067
2.04	-0.0031114
2.06	-0.0085591
2.08	-0.0082614
2.1	-0.01246
2.12	0.01733
2.14	0.010104
2.16	0.013348
2.18	0.0048849
2.2	-0.0024035
2.22	-0.00031893
2.24	-0.012898
2.26	0.003781
2.28	-0.0083678
2.3	-0.0095333
2.32	0.001776
2.34	0.020416
2.36	0.0084432
2.38	0.0076468
2.4	-0.001141
2.42	-0.00063613
2.44	-0.0062162
2.46	-0.0040331
2.48	0.0071249
2.5	-0.012997
2.52	-0.019417
2.54	-0.014437
2.56	-0.016928
2.58	-0.01258
2.6	0.011609
2.62	0.016135
2.64	0.0066031
2.66	-0.0076058
2.68	-0.015288
2.7	-0.00321
2.72	0.01019
2.74	0.010613
2.76	0.0064963
2.78	-0.0096141
2.8	-0.014483
2.82	0.00714
2.84	0.0075588
2.86	-0.0074321
2.88	-0.016042
2.9	-0.028397
2.92	-0.0042711
2.94	0.023214
2.96	0.0050744
2.98	0.0095676
3	-0.0049471
3.02	-0.014617
3.04	-0.0034714
3.06	0.011663
3.08	0.014939
3.1	0.010809
3.12	0.018011
3.14	0.0092647
3.16	0.0059249
3.18	-0.016604
3.2	-0.036842
3.22	-0.0076006
3.24	0.0071748
3.26	-0.0028145
3.28	0.0038269
3.3	-0.015276
3.32	0.0039488
3.34	0.0093233
3.36	0.016293
3.38	0.033567
3.4	0.023823
3.42	0.007838
3.44	-0.0054394
3.46	-0.0040752
3.48	-0.022119
3.5	0.0053548
3.52	-0.0070278
3.54	-0.0013625
3.56	0.015854
3.58	-0.0059863
3.6	-0.0038559
3.62	-0.0035256
3.64	-0.0017853
3.66	-0.0048925
3.68	-0.0029466
3.7	-0.0019821
3.72	0.0041065
3.74	0.024255
3.76	0.02506
3.78	0.016205
3.8	0.0014893
3.82	-0.015517
3.84	-0.018575
3.86	-0.031715
3.88	-0.01539
3.9	0.0017712
3.92	-0.016191
3.94	-0.027251
3.96	-0.017581
3.98	0.0015878
4	0.018176
4.02	0.026675
4.04	0.027892
4.06	-0.0021227
4.08	-0.014946
4.1	0.0044644
4.12	-0.005711
4.14	-0.029263
4.16	-0.033391
4.18	-0.021546
4.2	-0.016711
4.22	-0.0068397
4.24	0.023353
4.26	0.019091
4.28	-0.006942
4.3	-0.019378
4.32	-0.0021065
4.34	0.028323
4.36	0.020855
4.38	0.0083378
4.4	0.024439
4.42	0.044149
4.44	0.048448
4.46	0.021546
4.48	-0.0303
4.5	-0.020714
4.52	-0.009407
4.54	-0.036834
4.56	-0.061847
4.58	-0.014285
4.6	-0.013612
4.62	-0.0096402
4.64	0.020025
4.66	0.029599
4.68	0.047389
4.7	0.058649
4.72	0.064359
4.74	0.0085453
4.76	-0.011677
4.78	-0.022557
4.8	-0.010984
4.82	0.00028414
4.84	-8.7075e-05
4.86	0.014045
4.88	0.0066673
4.9	0.017561
4.92	0.034674
4.94	0.02513
4.96	-0.020134
4.98	-0.024276
5	0.019421
5.02	0.068241
5.04	0.055185
5.06	0.037546
5.08	0.01311
5.1	-0.024257
5.12	-0.19043
5.14	-0.27077
5.16	-0.033664
5.18	0.056369
5.2	-0.045007
5.22	-0.087302
5.24	-0.06141
5.26	-0.023721
5.28	0.034835
5.3	0.058404
5.32	0.063428
5.34	0.035825
5.36	-0.019536
5.38	0.0050431
5.4	0.15903
5.42	0.31302
5.44	0.28167
5.46	0.13091
5.48	-0.045327
5.5	-0.23075
5.52	-0.20175
5.54	-0.087678
5.56	-0.063999
5.58	-0.090521
5.6	-0.21229
5.62	-0.19768
5.64	-0.15267
5.66	0.024519
5.68	0.12868
5.7	-0.042125
5.72	-0.046603
5.74	0.011103
5.76	0.036463
5.78	0.019298
5.8	0.054906
5.82	0.10132
5.84	0.13568
5.86	0.15028
5.88	0.10963
5.9	0.016379
5.92	-0.0001811
5.94	0.050168
5.96	0.082716
5.98	0.14108
6	0.16166
6.02	0.043935
6.04	-0.014472
6.06	0.044052
6.08	0.080675
6.1	-0.0044611
6.12	-0.16298
6.14	-0.1628
6.16	-0.12069
6.18	-0.089114
6.2	-0.072493
6.22	-0.046163
6.24	-0.032051
6.26	-0.029807
6.28	-0.010701
6.3	0.075748
6.32	0.14337
6.34	0.1373
6.36	0.024354
6.38	-0.17872
6.4	-0.18602
6.42	-0.067318
6.44	-0.037917
6.46	-0.098425
6.48	-0.094795
6.5	-0.011977
6.52	0.067912
6.54	-0.061135
6.56	-0.22217
6.58	-0.19692
6.6	-0.17301
6.62	-0.14405
6.64	-0.11104
6.66	-0.058143
6.68	0.001458
6.7	0.11751
6.72	0.33682
6.74	0.53677
6.76	0.52503
6.78	0.39776
6.8	0.34918
6.82	0.1858
6.84	-0.12426
6.86	-0.1959
6.88	-0.19257
6.9	-0.20771
6.92	-0.25684
6.94	-0.32153
6.96	-0.24367
6.98	-0.12248
7	-0.081771
7.02	-0.046937
7.04	0.16707
7.06	0.29195
7.08	0.35745
7.1	0.41871
7.12	0.31235
7.14	-0.059447
7.16	-0.34467
7.18	-0.39454
7.2	-0.4298
7.22	-0.29498
7.24	-0.078551
7.26	0.10615
7.28	0.19975
7.3	0.17653
7.32	0.094646
7.34	0.061653
7.36	0.068875
7.38	0.026458
7.4	-0.040491
7.42	-0.057073
7.44	-0.02439
7.46	0.047903
7.48	0.17427
7.5	0.24816
7.52	0.2225
7.54	0.10342
7.56	-0.097527
7.58	-0.29583
7.6	-0.31258
7.62	-0.21922
7.64	-0.13852
7.66	-0.094898
7.68	-0.04405
7.7	0.011419
7.72	0.020825
7.74	-0.093559
7.76	-0.22148
7.78	-0.21817
7.8	-0.15309
7.82	-0.022889
7.84	0.11015
7.86	0.25646
7.88	0.44325
7.9	0.55123
7.92	0.57518
7.94	0.36629
7.96	-0.036845
7.98	-0.25651
8	-0.47016
8.02	-0.55276
8.04	-0.42734
8.06	-0.11394
8.08	0.27572
8.1	0.41069
8.12	0.30648
8.14	0.14683
8.16	0.17139
8.18	0.16316
8.2	-0.075277
8.22	-0.2883
8.24	-0.34259
8.26	-0.32037
8.28	-0.23276
8.3	-0.13216
8.32	-0.13995
8.34	-0.027969
8.36	0.21381
8.38	0.27497
8.4	0.24209
8.42	0.2106
8.44	0.15266
8.46	-0.064481
8.48	-0.15103
8.5	-0.13654
8.52	-0.1373
8.54	-0.1672
8.56	-0.19704
8.58	-0.22057
8.6	-0.2161
8.62	-0.2034
8.64	-0.0445
8.66	0.22742
8.68	0.2786
8.7	0.28612
8.72	0.27
8.74	0.25522
8.76	0.18772
8.78	0.13064
8.8	0.09792
8.82	0.039046
8.84	-0.016855
8.86	-0.075047
8.88	-0.093301
8.9	-0.088132
8.92	-0.043389
8.94	0.052304
8.96	0.11067
8.98	0.081813
9	0.052352
9.02	0.036803
9.04	-0.0011484
9.06	-0.035695
9.08	-0.091081
9.1	-0.15537
9.12	-0.22336
9.14	-0.23959
9.16	-0.20911
9.18	0.018718
9.2	0.26551
9.22	0.3019
9.24	0.27975
9.26	0.15237
9.28	-0.028633
9.3	-0.1523
9.32	-0.17733
9.34	-0.10115
9.36	-0.015167
9.38	-0.042819
9.4	-0.11826
9.42	-0.080558
9.44	-0.026483
9.46	0.042482
9.48	0.093349
9.5	0.1426
9.52	0.027222
9.54	-0.23919
9.56	-0.25297
9.58	-0.1892
9.6	0.046771
9.62	0.25021
9.64	0.2727
9.66	0.23819
9.68	-0.018496
9.7	-0.30848
9.72	-0.39706
9.74	-0.36539
9.76	-0.35879
9.78	-0.13719
9.8	0.19945
9.82	0.25576
9.84	0.24149
9.86	0.22686
9.88	0.22524
9.9	0.18442
9.92	0.09818
9.94	0.039005
9.96	-0.096644
9.98	-0.1677
10	-0.16543
10.02	0.010081
10.04	0.18954
10.06	0.19171
10.08	-0.0040109
10.1	-0.21964
10.12	-0.2573
10.14	-0.22417
10.16	-0.14457
10.18	-0.044312
10.2	0.21115
10.22	0.36054
10.24	0.37695
10.26	0.2206
10.28	-0.05109
10.3	-0.11546
10.32	-0.095842
10.34	-0.10382
10.36	-0.081915
10.38	-0.04157
10.4	-0.033954
10.42	-0.056031
10.44	0.011997
10.46	0.18576
10.48	0.19135
10.5	-0.091038
10.52	-0.39903
10.54	-0.4958
10.56	-0.43821
10.58	-0.25012
10.6	-0.020211
10.62	0.10509
10.64	0.041563
10.66	-0.033371
10.68	-0.024831
10.7	0.12697
10.72	0.22395
10.74	0.20304
10.76	0.3852
10.78	0.48378
10.8	0.3879
10.82	0.26517
10.84	0.16744
10.86	0.18713
10.88	0.20522
10.9	0.15664
10.92	0.10061
10.94	0.11964
10.96	0.12527
10.98	-0.04901
11	-0.19911
11.02	-0.19892
11.04	-0.39042
11.06	-0.50947
11.08	-0.47386
11.1	-0.299
11.12	0.1563
11.14	0.29641
11.16	0.24789
11.18	0.17058
11.2	0.049702
11.22	-0.064146
11.24	-0.039083
11.26	0.014419
11.28	0.037181
11.3	-0.0085087
11.32	-0.18926
11.34	-0.18574
11.36	-0.13353
11.38	-0.14762
11.4	-0.054021
11.42	0.06884
11.44	0.055965
11.46	-0.057787
11.48	-0.26448
11.5	-0.28407
11.52	-0.24129
11.54	-0.19702
11.56	-0.20489
11.58	-0.2143
11.6	-0.21304
11.62	-0.10614
11.64	0.18325
11.66	0.24005
11.68	0.20172
11.7	0.23045
11.72	0.28686
11.74	0.039685
11.76	-0.13888
11.78	-0.12285
11.8	0.09158
11.82	0.38733
11.84	0.40075
11.86	0.43187
11.88	0.29334
11.9	-0.040963
11.92	-0.20153
11.94	-0.26276
11.96	-0.24547
11.98	-0.085199
12	-0.0092188
12.02	0.01702
12.04	0.086991
12.06	0.13127
12.08	0.15277
12.1	0.15584
12.12	0.12713
12.14	0.060814
12.16	-0.090294
12.18	-0.12714
12.2	-0.11048
12.22	-0.0079831
12.24	0.16673
12.26	0.19971
12.28	0.20642
12.3	0.10389
12.32	-0.048797
12.34	-0.047458
12.36	-0.0061339
12.38	0.0016111
12.4	-0.15397
12.42	-0.31582
12.44	-0.30617
12.46	-0.26869
12.48	-0.082875
12.5	0.061593
12.52	0.038507
12.54	0.036135
12.56	0.034677
12.58	-0.019934
12.6	-0.049243
12.62	-0.0071598
12.64	0.036189
12.66	0.061879
12.68	0.069733
12.7	0.043883
12.72	-0.081908
12.74	-0.17836
12.76	-0.12494
12.78	-0.067326
12.8	-0.017035
12.82	0.0056282
12.84	0.096574
12.86	0.26833
12.88	0.30791
12.9	0.1465
12.92	-0.027261
12.94	-0.04271
12.96	-0.050398
12.98	-0.1048
13	-0.14958
13.02	-0.14739
13.04	-0.12468
13.06	-0.085112
13.08	-0.031453
13.1	0.013028
13.12	0.042354
13.14	0.047394
13.16	0.022679
13.18	-0.018523
13.2	-0.029866
13.22	0.055242
13.24	0.12331
13.26	0.10433
13.28	0.056463
13.3	-0.0052708
13.32	-0.043931
13.34	-0.092624
13.36	-0.12939
13.38	-0.12589
13.4	-0.10471
13.42	-0.078874
13.44	-0.046493
13.46	0.055643
13.48	0.17728
13.5	0.18336
13.52	0.15391
13.54	0.10957
13.56	0.034951
13.58	-0.055317
13.6	-0.18121
13.62	-0.21932
13.64	-0.1729
13.66	-0.10449
13.68	-0.033191
13.7	0.022268
13.72	0.10475
13.74	0.20976
13.76	0.23476
13.78	0.18332
13.8	0.12896
13.82	0.10455
13.84	0.096275
13.86	0.060645
13.88	0.021237
13.9	0.0014105
13.92	-0.032009
13.94	-0.078087
13.96	-0.1195
13.98	-0.12245
14	-0.06086
14.02	0.0062029
14.04	0.027231
14.06	0.0090927
14.08	-0.0045123
14.1	0.037519
14.12	0.084965
14.14	0.077418
14.16	0.051844
14.18	0.019415
14.2	-0.0039411
14.22	-0.014175
14.24	-0.018885
14.26	-0.016424
14.28	0.021829
14.3	0.080628
14.32	0.076607
14.34	0.018291
14.36	-0.038052
14.38	-0.08233
14.4	-0.11504
14.42	-0.15134
14.44	-0.2002
14.46	-0.21852
14.48	-0.15988
14.5	-0.057138
14.52	0.032535
14.54	0.075862
14.56	0.083599
14.58	0.10382
14.6	0.12743
14.62	0.14378
14.64	0.12785
14.66	0.079922
14.68	0.043244
14.7	0.031058
14.72	0.012728
14.74	-0.0056713
14.76	-0.0048326
14.78	-0.025411
14.8	-0.067339
14.82	-0.10192
14.84	-0.11171
14.86	-0.076965
14.88	-0.042628
14.9	-0.061794
14.92	-0.12573
14.94	-0.18809
14.96	-0.20614
14.98	-0.17987
15	-0.11618
15.02	0.024291
15.04	0.13797
15.06	0.15505
15.08	0.12659
15.1	0.090717
15.12	0.09139
15.14	0.098946
15.16	0.087694
15.18	0.056894
15.2	0.026166
15.22	-0.0017356
15.24	-0.02226
15.26	-0.038578
15.28	-0.050561
15.3	-0.063347
15.32	-0.094817
15.34	-0.10188
15.36	-0.072484
15.38	-0.054517
15.4	-0.038632
15.42	0.0060926
15.44	0.057017
15.46	0.06419
15.48	0.029872
15.5	-0.0094394
15.52	-0.0231
15.54	-0.030491
15.56	-0.028365
15.58	-0.003873
15.6	0.035476
15.62	0.08527
15.64	0.098654
15.66	0.093506
15.68	0.071444
15.7	0.01632
15.72	-0.01687
15.74	-0.0019927
15.76	0.0010678
15.78	-0.02973
15.8	-0.069084
15.82	-0.090679
15.84	-0.075527
15.86	-0.020087
15.88	0.032393
15.9	0.069561
15.92	0.10056
15.94	0.13173
15.96	0.16989
15.98	0.19476
16	0.17965
16.02	0.1155
16.04	0.015734
16.06	-0.050664
16.08	-0.053057
16.1	-0.030619
16.12	-0.0062336
16.14	0.016115
16.16	0.034458
16.18	0.038453
16.2	0.016027
16.22	0.0022865
16.24	0.022353
16.26	0.043857
16.28	0.01403
16.3	-0.093595
16.32	-0.14117
16.34	-0.10805
16.36	-0.060327
16.38	-0.01997
16.4	0.018502
16.42	0.053165
16.44	0.043528
16.46	0.0093623
16.48	-0.024835
16.5	-0.05562
16.52	-0.06989
16.54	-0.036802
16.56	0.00072601
16.58	-0.018711
16.6	-0.065238
16.62	-0.092142
16.64	-0.093159
16.66	-0.098554
16.68	-0.095664
16.7	-0.048595
16.72	0.024364
16.74	0.03917
16.76	0.012477
16.78	0.0095594
16.8	0.026806
16.82	0.063523
16.84	0.067513
16.86	0.036654
16.88	0.013836
16.9	0.0082416
16.92	0.017034
16.94	0.0201
16.96	0.031173
16.98	0.037894
17	0.054679
17.02	0.073256
17.04	0.067365
17.06	0.058107
17.08	0.020401
17.1	-0.045425
17.12	-0.090522
17.14	-0.094023
17.16	-0.060891
17.18	-0.0086476
17.2	0.029213
17.22	0.01419
17.24	-0.040962
17.26	-0.098201
17.28	-0.12806
17.3	-0.12829
17.32	-0.12062
17.34	-0.11965
17.36	-0.099474
17.38	-0.0058076
17.4	0.083041
17.42	0.10282
17.44	0.08298
17.46	0.058287
17.48	0.068107
17.5	0.079211
17.52	0.089633
17.54	0.10751
17.56	0.11624
17.58	0.11005
17.6	0.07256
17.62	0.0278
17.64	0.00022721
17.66	-0.0004361
17.68	-0.0066747
17.7	-0.029496
17.72	-0.04823
17.74	-0.057779
17.76	-0.055021
17.78	-0.056226
17.8	-0.045537
17.82	-0.022085
17.84	-0.0055028
17.86	-0.002148
17.88	0.0053736
17.9	0.020637
17.92	0.026668
17.94	0.031973
17.96	0.046738
17.98	0.062667
18	0.066931
18.02	0.052314
18.04	0.020744
18.06	-0.0084839
18.08	-0.03109
18.1	-0.05305
18.12	-0.061819
18.14	-0.084075
18.16	-0.10254
18.18	-0.10699
18.2	-0.10731
18.22	-0.096099
18.24	-0.081982
18.26	-0.061126
18.28	-0.036403
18.3	-0.00039823
18.32	0.016501
18.34	-0.0025629
18.36	-0.047298
18.38	-0.11143
18.4	-0.15112
18.42	-0.15932
18.44	-0.14789
18.46	-0.10985
18.48	-0.057118
18.5	-0.0053721
18.52	0.029677
18.54	0.043582
18.56	0.06186
18.58	0.084659
18.6	0.08415
18.62	0.071743
18.64	0.058307
18.66	0.0566
18.68	0.076278
18.7	0.10845
18.72	0.128
18.74	0.13515
18.76	0.12515
18.78	0.11022
18.8	0.093281
18.82	0.080018
18.84	0.073534
18.86	0.052898
18.88	0.03208
18.9	0.024647
18.92	0.034774
18.94	0.053602
18.96	0.081536
18.98	0.09337
19	0.081388
19.02	0.058939
19.04	0.032809
19.06	0.017858
19.08	0.011635
19.1	0.0069569
19.12	-0.0047752
19.14	-0.011372
19.16	0.017078
19.18	0.039043
19.2	0.026804
19.22	0.0043381
19.24	-0.026201
19.26	-0.053559
19.28	-0.075721
19.3	-0.091718
19.32	-0.08999
19.34	-0.093288
19.36	-0.10164
19.38	-0.096733
19.4	-0.081831
19.42	-0.068548
19.44	-0.05914
19.46	-0.041689
19.48	-0.032794
19.5	-0.026071
19.52	-0.011084
19.54	0.0061995
19.56	0.028349
19.58	0.044845
19.6	0.046109
19.62	0.043079
19.64	0.037673
19.66	0.026893
19.68	0.017551
19.7	0.023607
19.72	0.03372
19.74	0.02814
19.76	0.0084272
19.78	-0.009741
19.8	-0.018689
19.82	-0.022414
19.84	-0.046168
19.86	-0.0648
19.88	-0.05396
19.9	-0.036926
19.92	-0.017522
19.94	-0.012699
19.96	-0.025784
19.98	-0.022033
20	0.00076724
20.02	0.017273
20.04	0.010728
20.06	-0.0061467
20.08	-0.018727
20.1	-0.037665
20.12	-0.039278
20.14	-0.031762
20.16	-0.027049
20.18	-0.019929
20.2	-0.016471
20.22	-0.0042191
20.24	0.018054
20.26	0.03025
20.28	0.042435
20.3	0.051865
20.32	0.053923
20.34	0.04502
20.36	0.021289
20.38	0.018734
20.4	0.030405
20.42	0.037669
20.44	0.034474
20.46	0.030554
20.48	0.040853
20.5	0.052694
20.52	0.044155
20.54	0.017397
20.56	0.0058957
20.58	0.0036527
20.6	-0.0087553
20.62	-0.038102
20.64	-0.065392
20.66	-0.073072
20.68	-0.07672
20.7	-0.063488
20.72	-0.035374
20.74	0.0052018
20.76	0.029534
20.78	0.022012
20.8	-0.006346
20.82	-0.025717
20.84	-0.028949
20.86	-0.025186
20.88	-0.022088
20.9	-0.027116
20.92	-0.019811
20.94	-0.017925
20.96	-0.0039291
20.98	0.0030061
21	-0.0018769
21.02	0.0045767
21.04	0.0083381
21.06	0.013221
21.08	0.0096913
21.1	0.0071995
21.12	-0.0025685
21.14	-0.022652
21.16	-0.042307
21.18	-0.055401
21.2	-0.053382
21.22	-0.044844
21.24	-0.032659
21.26	-0.019497
21.28	-0.0068899
21.3	0.020264
21.32	0.054574
21.34	0.081055
21.36	0.08749
21.38	0.069376
21.4	0.051622
21.42	0.035895
21.44	0.016449
21.46	-0.010803
21.48	-0.020743
21.5	-0.031709
21.52	-0.045715
21.54	-0.063571
21.56	-0.071605
21.58	-0.049952
21.6	-0.023229
21.62	0.0006965
21.64	0.014236
21.66	0.022857
21.68	0.036595
21.7	0.0467
21.72	0.040391
21.74	0.03905
21.76	0.033199
21.78	0.022922
21.8	0.015162
21.82	0.0055385
21.84	0.0094943
21.86	0.023069
21.88	0.032707
21.9	0.037081
21.92	0.030083
21.94	0.014916
21.96	0.016781
21.98	0.016948
22	0.0015752
22.02	-0.01097
22.04	-0.020268
22.06	-0.012197
22.08	0.0044545
22.1	0.017889
22.12	0.024524
22.14	0.020434
22.16	0.0077484
22.18	0.0054848
22.2	0.011419
22.22	0.020694
22.24	0.029287
22.26	0.015281
22.28	-0.0082913
22.3	-0.025153
22.32	-0.03181
22.34	-0.030775
22.36	-0.022148
22.38	-0.012656
22.4	-0.0055095
22.42	0.008761
22.44	0.010866
22.46	0.00093249
22.48	-0.012585
22.5	-0.010139
22.52	-0.020438
22.54	-0.038682
22.56	-0.032989
22.58	-0.027422
22.6	-0.011623
22.62	0.0010124
22.64	0.0048199
22.66	-0.00021388
22.68	0.0033495
22.7	0.022601
22.72	0.041512
22.74	0.045938
22.76	0.041413
22.78	0.031054
22.8	0.022671
22.82	0.009564
22.84	-0.018225
22.86	-0.038555
22.88	-0.052117
22.9	-0.052718
22.92	-0.042816
22.94	-0.03579
22.96	-0.020156
22.98	-0.010885
23	-0.019586
23.02	-0.022009
23.04	-0.027586
23.06	-0.017201
23.08	-0.0033085
23.1	-0.0019018
23.12	-0.0045132
23.14	-0.0076941
23.16	-0.01315
23.18	-0.018584
23.2	-0.0064352
23.22	0.00035671
23.24	-0.0090813
23.26	-0.0075606
23.28	0.0098728
23.3	0.035014
23.32	0.051815
23.34	0.059109
23.36	0.06283
23.38	0.062407
23.4	0.063043
23.42	0.056187
23.44	0.0493
23.46	0.039835
23.48	0.028264
23.5	0.012411
23.52	0.00052595
23.54	-0.004831
23.56	-0.00053636
23.58	0.0048275
23.6	-0.0060289
23.62	-0.029061
23.64	-0.053716
23.66	-0.068295
23.68	-0.075334
23.7	-0.06048
23.72	-0.047553
23.74	-0.038807
23.76	-0.024937
23.78	-0.022309
23.8	-0.029781
23.82	-0.03372
23.84	-0.023543
23.86	-0.0034462
23.88	-0.0015142
23.9	-0.012258
23.92	-0.020303
23.94	-0.034562
23.96	-0.037612
23.98	-0.023792
24	-0.005562
24.02	-0.00059316
24.04	-0.018974
24.06	-0.017393
24.08	0.0074761
24.1	0.031651
24.12	0.046248
24.14	0.057405
24.16	0.057363
24.18	0.04111
24.2	0.014751
24.22	0.0095677
24.24	0.018623
24.26	0.021406
24.28	0.030152
24.3	0.039669
24.32	0.053196
24.34	0.057791
24.36	0.054786
24.38	0.038989
24.4	0.022727
24.42	0.011986
24.44	-0.0064007
24.46	-0.024287
24.48	-0.038626
24.5	-0.037781
24.52	-0.026414
24.54	-0.026741
24.56	-0.021773
24.58	-0.020676
24.6	-0.03223
24.62	-0.045876
24.64	-0.046624
24.66	-0.024934
24.68	-0.0029634
24.7	0.02133
24.72	0.039721
24.74	0.045483
24.76	0.036653
24.78	0.022938
24.8	0.0065205
24.82	-0.0064629
24.84	-0.012874
24.86	-0.014274
24.88	-0.015397
24.9	-0.0066225
24.92	0.012017
24.94	0.019747
24.96	0.026202
24.98	0.03143
25	0.029992
25.02	0.01079
25.04	-0.014109
25.06	-0.037801
25.08	-0.048234
25.1	-0.040958
25.12	-0.018716
25.14	-0.012924
25.16	-0.022147
25.18	-0.024034
25.2	-0.015829
25.22	0.00071341
25.24	0.0046215
25.26	-0.0082654
25.28	-0.023389
25.3	-0.01194
25.32	0.0090231
25.34	0.020793
25.36	0.019898
25.38	0.0038235
25.4	-0.01092
25.42	-0.0047054
25.44	0.0068502
25.46	0.012866
25.48	0.013909
25.5	2.9052e-05
25.52	-0.02496
25.54	-0.047463
25.56	-0.043005
25.58	-0.017017
25.6	0.017209
25.62	0.044789
25.64	0.058806
25.66	0.051621
25.68	0.025823
25.7	0.013458
25.72	0.017428
25.74	0.033708
25.76	0.049438
25.78	0.049647
25.8	0.03497
25.82	0.019549
25.84	0.011793
25.86	0.022007
25.88	0.028153
25.9	0.031335
25.92	0.040682
25.94	0.037454
25.96	0.033083
25.98	0.025695
26	0.011954
26.02	-0.0067581
26.04	-0.027174
26.06	-0.040497
26.08	-0.035063
26.1	-0.026804
26.12	-0.026344
26.14	-0.026383
26.16	-0.024325
26.18	-0.024745
26.2	-0.016867
26.22	-0.011005
26.24	-0.012402
26.26	-0.020661
26.28	-0.036164
26.3	-0.038426
26.32	-0.037984
26.34	-0.035426
26.36	-0.033498
26.38	-0.029368
26.4	-0.022854
26.42	-0.012614
26.44	-0.010761
26.46	-0.0094307
26.48	-0.012707
26.5	-0.021866
26.52	-0.021119
26.54	-0.022455
26.56	-0.016679
26.58	-0.013757
26.6	-0.00070219
26.62	0.011146
26.64	0.019994
26.66	0.015677
26.68	-0.0028952
26.7	-0.0088076
26.72	-0.014622
26.74	-0.012891
26.76	-0.01398
26.78	-0.016888
26.8	-0.017217
26.82	-0.0048336
26.84	0.0080471
26.86	0.0087404
26.88	-0.0020378
26.9	-0.0059751
26.92	-0.012594
26.94	-0.024043
26.96	-0.035685
26.98	-0.036397
27	-0.027838
27.02	-0.0083462
27.04	0.016217
27.06	0.033462
27.08	0.044198
27.1	0.035893
27.12	0.028592
27.14	0.015302
27.16	0.013282
27.18	0.016785
27.2	0.015022
27.22	0.007518
27.24	-0.0028394
27.26	-0.017522
27.28	-0.027894
27.3	-0.019534
27.32	-0.0019021
27.34	0.018324
27.36	0.026924
27.38	0.023826
27.4	0.020073
27.42	0.019057
27.44	0.018064
27.46	0.021112
27.48	0.036653
27.5	0.050521
27.52	0.053511
27.54	0.041487
27.56	0.030166
27.58	0.016924
27.6	0.0074219
27.62	0.00080354
27.64	-0.002819
27.66	0.0094641
27.68	0.011911
27.7	0.010649
27.72	0.0098787
27.74	0.0034248
27.76	0.0061898
27.78	-0.0009908
27.8	-0.0062716
27.82	-0.0089108
27.84	-0.0018746
27.86	0.013825
27.88	0.023084
27.9	0.037399
27.92	0.052053
27.94	0.043321
27.96	0.028908
27.98	0.023288
28	0.0088266
28.02	-0.005499
28.04	-0.02128
28.06	-0.02604
28.08	-0.033283
28.1	-0.037754
28.12	-0.041962
28.14	-0.043324
28.16	-0.031411
28.18	-0.016305
28.2	-0.0004071
28.22	0.0053741
28.24	0.0034302
28.26	-0.0074294
28.28	-0.019324
28.3	-0.024704
28.32	-0.027976
28.34	-0.030446
28.36	-0.03671
28.38	-0.035442
28.4	-0.028673
28.42	-0.013903
28.44	-0.0041883
28.46	0.0025122
28.48	0.014588
28.5	0.016002
28.52	0.016343
28.54	0.0073683
28.56	0.00014854
28.58	-0.00018509
28.6	-0.00052444
28.62	-0.0020333
28.64	0.0038088
28.66	0.013116
28.68	0.011584
28.7	0.016851
28.72	0.023725
28.74	0.016286
28.76	0.0097437
28.78	0.012534
28.8	0.014288
28.82	0.020847
28.84	0.018361
28.86	0.0072128
28.88	-0.010106
28.9	-0.015612
28.92	-0.0037963
28.94	-0.0028622
28.96	-0.021486
28.98	-0.034091
29	-0.043968
29.02	-0.049086
29.04	-0.046394
29.06	-0.037657
29.08	-0.01534
29.1	-0.0085669
29.12	-0.010215
29.14	-0.024582
29.16	-0.031975
29.18	-0.030936
29.2	-0.030931
29.22	-0.030912
29.24	-0.038136
29.26	-0.035986
29.28	-0.027122
29.3	-0.0040192
29.32	0.021071
29.34	0.03664
29.36	0.054318
29.38	0.059521
29.4	0.054558
29.42	0.048995
29.44	0.035859
29.46	0.021631
29.48	0.014262
29.5	0.013302
29.52	0.024048
29.54	0.03251
29.56	0.030351
29.58	0.038504
29.6	0.041867
29.62	0.035063
29.64	0.023682
29.66	0.015497
29.68	0.0013451
29.7	-0.012118
29.72	-0.03242
29.74	-0.048983
29.76	-0.047642
29.78	-0.04154
29.8	-0.019552
29.82	-0.00092657
29.84	0.0095804
29.86	0.011971
29.88	0.0068885
29.9	0.0065303
29.92	0.0071054
29.94	-0.0040998
29.96	-0.018127
29.98	-0.026502
30	-0.03525
30.02	-0.035736
30.04	-0.032001
30.06	-0.025135
30.08	-0.015982
30.1	-0.012672
30.12	-0.010646
30.14	-0.010249
30.16	-0.0079772
30.18	0.0017092
30.2	0.012479
30.22	0.023203
30.24	0.032473
30.26	0.024844
30.28	0.016554
30.3	0.015618
30.32	0.014934
30.34	0.014788
30.36	0.011875
30.38	0.017677
30.4	0.023489
30.42	0.032332
30.44	0.030617
30.46	0.015864
30.48	0.007686
30.5	-0.0044344
30.52	-0.010616
30.54	-0.019765
30.56	-0.022311
30.58	-0.018572
30.6	-0.020638
30.62	-0.0097518
30.64	-0.0062974
30.66	-0.0007599
30.68	0.0093377
30.7	0.019402
30.72	0.021084
30.74	0.0072585
30.76	0.0049032
30.78	0.011679
30.8	0.0091046
30.82	0.00037984
30.84	-0.011
30.86	-0.013804
30.88	-0.020292
30.9	-0.023131
30.92	-0.015524
30.94	-0.015019
30.96	-0.00658
30.98	0.00026714
31	0.0006006
31.02	0.00033739
31.04	-0.0046528
31.06	-0.010158
31.08	-0.01083
31.1	-0.0069577
31.12	-0.00093608
31.14	0.0078234
31.16	0.019558
31.18	0.027692
31.2	0.028739
31.22	0.026115
31.24	0.017461
31.26	0.011046
31.28	0.010635
31.3	0.015518
31.32	0.024061
31.34	0.03626
31.36	0.033343
31.38	0.018482
31.4	0.0044774
31.42	-0.010134
31.44	-0.021403
31.46	-0.030064
31.48	-0.024624
31.5	-0.021018
31.52	-0.017596
31.54	-0.020558
31.56	-0.015068
31.58	0.0009493
31.6	0.0063275
31.62	-0.0019979
31.64	-0.0167
31.66	-0.021336
31.68	-0.021869
31.7	-0.015664
31.72	-0.011939
31.74	-0.0067733
31.76	0.0027018
31.78	0.010608
31.8	0.0058723
31.82	-0.00092886
31.84	-0.00057776
31.86	0.00060457
31.88	-0.0020179
31.9	-0.0049684
31.92	-0.0011006
31.94	0.00012775
31.96	-0.0019444
31.98	-0.00075396
32	-0.0020885
32.02	-0.00014283
32.04	-0.013725
32.06	-0.025057
32.08	-0.021449
32.1	-0.014602
32.12	-0.0091589
32.14	-0.011745
32.16	-0.0079993
32.18	-0.014293
32.2	-0.015625
32.22	-0.012502
32.24	-0.0074857
32.26	-0.0047486
32.28	-0.004902
32.3	0.0079083
32.32	0.014163
32.34	0.018352
32.36	0.019657
32.38	0.016248
32.4	0.018411
32.42	0.016316
32.44	0.009296
32.46	0.0073303
32.48	0.0085851
32.5	0.0045068
32.52	0.0068446
32.54	0.0056183
32.56	0.018127
32.58	0.034927
32.6	0.041206
32.62	0.040186
32.64	0.025935
32.66	0.016288
32.68	0.0041109
32.7	0.0022797
32.72	0.0010415
32.74	0.0012059
32.76	0.0040688
32.78	0.0021616
32.8	0.0090008
32.82	0.0084459
32.84	0.0050106
32.86	-0.00094104
32.88	-0.00793
32.9	-0.011147
32.92	-0.00908
32.94	-0.011326
32.96	-0.011513
32.98	-0.0066671
33	-0.0063421
33.02	0.0024504
33.04	-0.00244
33.06	-0.0096966
33.08	-0.011589
33.1	-0.012951
33.12	-0.0084648
33.14	-0.011462
33.16	-0.014079
33.18	-0.018588
33.2	-0.020755
33.22	-0.021893
33.24	-0.025951
33.26	-0.020801
33.28	-0.013329
33.3	-0.0002985
33.32	0.0098286
33.34	0.010358
33.36	0.006186
33.38	0.0037422
33.4	0.0015419
33.42	0.0022944
33.44	0.0029437
33.46	0.001402
33.48	0.0036499
33.5	-0.00011215
33.52	-0.0078213
33.54	-0.01181
33.56	-0.010178
33.58	0.0012179
33.6	0.0059389
33.62	0.0039825
33.64	0.0039999
33.66	0.0089807
33.68	0.015034
33.7	0.017513
33.72	0.015976
33.74	0.0043329
33.76	-0.0068717
33.78	-0.010778
33.8	-0.0044959
33.82	-0.0029851
33.84	-0.0028852
33.86	-0.0021689
33.88	-0.0021153
33.9	-0.0019571
33.92	0.00016281
33.94	-0.0070116
33.96	-0.015232
33.98	-0.013783
34	-0.014632
34.02	-0.011316
34.04	-0.010735
34.06	-0.0090888
34.08	-0.0053674
34.1	-0.004767
34.12	0.0023003
34.14	0.0089115
34.16	0.018295
34.18	0.025514
34.2	0.023878
34.22	0.018976
34.24	0.015863
34.26	0.013606
34.28	0.00065376
34.3	-0.0011422
34.32	-0.0056513
34.34	-0.014557
34.36	-0.012003
34.38	-0.01191
34.4	-0.0068554
34.42	0.0047921
34.44	0.0089515
34.46	0.0091274
34.48	0.014524
34.5	0.016972
34.52	0.019534
34.54	0.012555
34.56	0.0087543
34.58	0.0037764
34.6	-0.008159
34.62	-0.0033027
34.64	0.00028338
34.66	0.0046541
34.68	0.0068306
34.7	0.0026778
34.72	0.00082944
34.74	-0.0046929
34.76	-0.011148
34.78	-0.018857
34.8	-0.02568
34.82	-0.033497
34.84	-0.03318
34.86	-0.029766
34.88	-0.027056
34.9	-0.013585
34.92	0.0063188
34.94	0.01359
34.96	0.019232
34.98	0.02505
35	0.020985
35.02	0.021457
35.04	0.014514
35.06	0.01061
35.08	0.015896
35.1	0.01476
35.12	0.013507
35.14	0.012679
35.16	0.0039617
35.18	-0.0038377
35.2	-0.0048212
35.22	-0.0064227
35.24	-0.0057528
35.26	-0.0044872
35.28	-0.0032886
35.3	-0.0033063
35.32	-0.011056
35.34	-0.012744
35.36	-0.011257
35.38	-0.0041948
35.4	0.0033905
35.42	0.00076761
35.44	-0.0021244
35.46	-0.0018765
35.48	0.0010701
35.5	-0.00079813
35.52	-0.0037624
35.54	-0.0083055
35.56	-0.0037213
35.58	0.0059224
35.6	0.0058959
35.62	0.0057719
35.64	0.0078051
35.66	0.010172
35.68	0.007375
35.7	0.012009
35.72	0.015411
35.74	0.01352
35.76	0.0086329
35.78	0.00081701
35.8	-0.0040856
35.82	-0.0090448
35.84	-0.014771
35.86	-0.012488
35.88	-0.011854
35.9	-0.0069008
35.92	0.0019625
35.94	-0.0064488
35.96	-0.0084554
35.98	-0.0067734
36	-0.010746
36.02	-0.014885
36.04	-0.022526
36.06	-0.019464
36.08	-0.015605
36.1	-0.0083624
36.12	0.003898
36.14	0.013223
36.16	0.019098
36.18	0.016702
36.2	0.018003
36.22	0.014803
36.24	0.01387
36.26	0.013317
36.28	0.014064
36.3	0.021792
36.32	0.013252
36.34	0.0056356
36.36	0.0046105
36.38	0.0036134
36.4	0.0025144
36.42	0.0051867
36.44	0.0064161
36.46	0.00073071
36.48	0.00039132
36.5	0.0016863
36.52	0.0030448
36.54	-0.0014415
36.56	-0.0016898
36.58	0.0059569
36.6	-0.0018685
36.62	-0.005009
36.64	-0.0045404
36.66	-0.0046523
36.68	-0.006703
36.7	-0.0066628
36.72	-0.0037571
36.74	-0.0052566
36.76	-0.0071049
36.78	-0.0092427
36.8	-0.0052475
36.82	-0.0036963
36.84	-0.0031833
36.86	-0.0038591
36.88	-0.0031081
36.9	-0.0041269
36.92	-0.0026226
36.94	-0.0056004
36.96	-0.0060531
36.98	-0.0035448
37	-0.0067356
37.02	-0.010265
37.04	-0.01735
37.06	-0.018131
37.08	-0.018425
37.1	-0.016643
37.12	-0.0096945
37.14	-0.0051143
37.16	6.0803e-05
37.18	0.00064254
37.2	0.0027048
37.22	0.0038426
37.24	0.0039556
37.26	-0.00088877
37.28	-0.0064304
37.3	-0.0040659
37.32	-0.00068363
37.34	0.0082526
37.36	0.017023
37.38	0.023923
37.4	0.021565
37.42	0.018734
37.44	0.010318
37.46	0.0051723
37.48	0.00048378
37.5	0.0027281
37.52	0.0076798
37.54	0.0071244
37.56	0.011991
37.58	0.015793
37.6	0.014744
37.62	0.012011
37.64	0.012116
37.66	0.0077907
37.68	0.0069836
37.7	0.0051133
37.72	0.0043977
37.74	-0.00016425
37.76	-0.0046358
37.78	-0.0039883
37.8	-0.0032579
37.82	-0.0046642
37.84	-0.0079077
37.86	-0.0086494
37.88	-0.0098986
37.9	-0.01057
37.92	-0.005975
37.94	-0.0071191
37.96	-0.010858
37.98	-0.011203
38	-0.013665
38.02	-0.016027
38.04	-0.016395
38.06	-0.014996
38.08	-0.013213
38.1	-0.010757
38.12	-0.010899
38.14	-0.0094684
38.16	-0.0091897
38.18	-0.011328
38.2	-0.0098768
38.22	-0.0088853
38.24	-0.0085821
38.26	-0.010121
38.28	-0.01005
38.3	-0.0062271
38.32	-0.0012619
38.34	0.0029176
38.36	0.0048124
38.38	0.0092044
38.4	0.010548
38.42	0.011382
38.44	0.010884
38.46	0.011551
38.48	0.011138
38.5	0.010509
38.52	0.012795
38.54	0.01076
38.56	0.011223
38.58	0.011178
38.6	0.0098229
38.62	0.0095785
38.64	0.0092636
38.66	0.0092928
38.68	0.0088108
38.7	0.0082166
38.72	0.0069086
38.74	0.0047911
38.76	0.0029533
38.78	0.0019168
38.8	0.0012368
38.82	0.0019889
38.84	0.00184
38.86	0.0011924
38.88	8.1489e-05
38.9	-0.00022176
38.92	0.00042346
38.94	0.00021087
38.96	0.00032689
38.98	0.00014329
39	-0.00018926
39.02	-0.00063179
39.04	-0.001454
39.06	-0.0014783
39.08	-0.0013476
39.1	-0.0010367
39.12	-0.00095261
39.14	-0.001212
39.16	-0.0013541
39.18	-0.0015244
39.2	-0.0016429
39.22	-0.0017001
39.24	-0.0016648
39.26	-0.0017731
39.28	-0.0018508
39.3	-0.0018296
39.32	-0.0018643
39.34	-0.0019143
39.36	-0.0019164
39.38	-0.0018465
39.4	-0.0017722
39.42	-0.0016374
39.44	-0.0015533
39.46	-0.0015004
39.48	-0.0013969
39.5	-0.0013076
39.52	-0.0012027
39.54	-0.0011128
39.56	-0.001004
39.58	-0.00087299
39.6	-0.00078841
39.62	-0.00071541
39.64	-0.0006414
39.66	-0.00057016
39.68	-0.00049084
39.7	-0.0004176
39.72	-0.0003468
39.74	-0.00028205
39.76	-0.00022507
39.78	-0.00017182
39.8	-0.00012444
39.82	-8.2803e-05
39.84	-4.7059e-05
39.86	-1.7211e-05
39.88	6.6919e-06
39.9	2.5144e-05
39.92	3.8272e-05
39.94	4.6334e-05
39.96	4.9723e-05
39.98	4.8933e-05
