0	0.0002057
0.01	0.00035114
0.02	0.00060424
0.03	0.00066138
0.04	0.00064759
0.05	0.00066625
0.06	0.00068621
0.07	0.00070597
0.08	0.00072304
0.09	0.00073029
0.1	0.00072275
0.11	0.00070044
0.12	0.00066736
0.13	0.00062153
0.14	0.00055716
0.15	0.00047482
0.16	0.00038024
0.17	0.00028165
0.18	0.00019266
0.19	0.00012717
0.2	9.0251e-05
0.21	7.6131e-05
0.22	7.5774e-05
0.23	7.0711e-05
0.24	4.64e-05
0.25	-1.0999e-06
0.26	-7.0811e-05
0.27	-0.00014322
0.28	-0.00019447
0.29	-0.00021934
0.3	-0.00020455
0.31	-0.00012763
0.32	1.2386e-06
0.33	0.00014209
0.34	0.00026176
0.35	0.00033696
0.36	0.00034134
0.37	0.00027323
0.38	0.00017854
0.39	9.8526e-05
0.4	4.6075e-05
0.41	4.1974e-05
0.42	0.00010771
0.43	0.00023011
0.44	0.00039663
0.45	0.00061198
0.46	0.00085052
0.47	0.0010426
0.48	0.0011224
0.49	0.0010686
0.5	0.00090521
0.51	0.00066924
0.52	0.00039565
0.53	0.00013833
0.54	-7.0735e-05
0.55	-0.00017275
0.56	-2.235e-05
0.57	0.000412
0.58	0.00088863
0.59	0.0011443
0.6	0.0011498
0.61	0.00094192
0.62	0.00051438
0.63	-4.4312e-05
0.64	-0.00055105
0.65	-0.00088358
0.66	-0.0010369
0.67	-0.0010392
0.68	-0.00096623
0.69	-0.00092079
0.7	-0.00088487
0.71	-0.000797
0.72	-0.00069235
0.73	-0.00068766
0.74	-0.00084807
0.75	-0.0011
0.76	-0.0013738
0.77	-0.0016243
0.78	-0.0016678
0.79	-0.0014269
0.8	-0.0011625
0.81	-0.0010647
0.82	-0.0011018
0.83	-0.0012432
0.84	-0.0013857
0.85	-0.0014051
0.86	-0.0013463
0.87	-0.0012474
0.88	-0.0010206
0.89	-0.00063623
0.9	-0.00015639
0.91	0.00024451
0.92	0.00039126
0.93	0.00029577
0.94	-4.9898e-05
0.95	-0.00070068
0.96	-0.0015601
0.97	-0.0024839
0.98	-0.0032524
0.99	-0.0034703
1	-0.0029169
1.01	-0.0018624
1.02	-0.00081231
1.03	-5.0043e-05
1.04	0.00046041
1.05	0.00078192
1.06	0.00079885
1.07	0.0004792
1.08	1.0568e-06
1.09	-0.00062215
1.1	-0.0014267
1.11	-0.0021969
1.12	-0.0027566
1.13	-0.0029189
1.14	-0.0025573
1.15	-0.0019419
1.16	-0.0011669
1.17	-4.9169e-05
1.18	0.0012119
1.19	0.0021373
1.2	0.0025179
1.21	0.0025118
1.22	0.0022477
1.23	0.0017201
1.24	0.0010928
1.25	0.00051223
1.26	-7.1538e-06
1.27	-0.00028424
1.28	-0.00026223
1.29	-0.00015806
1.3	-0.00011713
1.31	-3.0302e-05
1.32	0.00035919
1.33	0.00092421
1.34	0.0014108
1.35	0.001895
1.36	0.002051
1.37	0.0015859
1.38	0.0011071
1.39	0.001164
1.4	0.0016502
1.41	0.0022247
1.42	0.0026705
1.43	0.0030276
1.44	0.0031432
1.45	0.0027119
1.46	0.0018521
1.47	0.00070486
1.48	-0.00046908
1.49	-0.0011227
1.5	-0.0011762
1.51	-0.00082807
1.52	-0.00010033
1.53	0.001205
1.54	0.0030888
1.55	0.0047302
1.56	0.0052447
1.57	0.0045312
1.58	0.002699
1.59	-8.505e-05
1.6	-0.0032004
1.61	-0.0058943
1.62	-0.007533
1.63	-0.007703
1.64	-0.0063293
1.65	-0.0037012
1.66	-0.00071135
1.67	0.0016368
1.68	0.0030803
1.69	0.0036115
1.7	0.0030598
1.71	0.0017993
1.72	0.00051423
1.73	-0.00059261
1.74	-0.0015425
1.75	-0.0019279
1.76	-0.0013252
1.77	-0.00013985
1.78	0.00091923
1.79	0.0014565
1.8	0.0011869
1.81	-0.00012908
1.82	-0.0022972
1.83	-0.0048335
1.84	-0.0074095
1.85	-0.0096674
1.86	-0.010935
1.87	-0.010773
1.88	-0.0096832
1.89	-0.0082385
1.9	-0.0066426
1.91	-0.0052585
1.92	-0.0041342
1.93	-0.0026103
1.94	4.4345e-05
1.95	0.0036411
1.96	0.0070755
1.97	0.0092491
1.98	0.0098091
1.99	0.0091364
2	0.0072531
2.01	0.0039389
2.02	-0.00023858
2.03	-0.0042755
2.04	-0.0070775
2.05	-0.0074743
2.06	-0.0047347
2.07	0.00034965
2.08	0.0053158
2.09	0.0083373
2.1	0.009829
2.11	0.010786
2.12	0.010876
2.13	0.0094093
2.14	0.0065854
2.15	0.0027972
2.16	-0.001713
2.17	-0.0064816
2.18	-0.011177
2.19	-0.015398
2.2	-0.018258
2.21	-0.019079
2.22	-0.01761
2.23	-0.014204
2.24	-0.0097594
2.25	-0.0052202
2.26	-0.0014886
2.27	0.001086
2.28	0.0031565
2.29	0.0058183
2.3	0.0096735
2.31	0.014052
2.32	0.017201
2.33	0.018025
2.34	0.017313
2.35	0.016469
2.36	0.016099
2.37	0.016187
2.38	0.016116
2.39	0.014892
2.4	0.011926
2.41	0.0073858
2.42	0.0020466
2.43	-0.0032677
2.44	-0.0077402
2.45	-0.010668
2.46	-0.011867
2.47	-0.011394
2.48	-0.0095371
2.49	-0.0062957
2.5	-0.0007478
2.51	0.006715
2.52	0.013005
2.53	0.015413
2.54	0.013143
2.55	0.0061858
2.56	-0.0034704
2.57	-0.011552
2.58	-0.015255
2.59	-0.015225
2.6	-0.01245
2.61	-0.0064532
2.62	0.002348
2.63	0.010846
2.64	0.01522
2.65	0.014534
2.66	0.010286
2.67	0.0037105
2.68	-0.0039906
2.69	-0.011226
2.7	-0.016761
2.71	-0.019963
2.72	-0.020836
2.73	-0.019599
2.74	-0.016603
2.75	-0.012643
2.76	-0.0087184
2.77	-0.0051769
2.78	-0.0017576
2.79	0.0016439
2.8	0.0047003
2.81	0.0066027
2.82	0.0064789
2.83	0.0032168
2.84	-0.0033986
2.85	-0.010802
2.86	-0.015506
2.87	-0.016039
2.88	-0.012642
2.89	-0.0058832
2.9	0.0027687
2.91	0.010468
2.92	0.014975
2.93	0.016714
2.94	0.017322
2.95	0.01719
2.96	0.015893
2.97	0.013162
2.98	0.0087509
2.99	0.0031272
3	-0.0020398
3.01	-0.0055047
3.02	-0.0072253
3.03	-0.0075096
3.04	-0.0071229
3.05	-0.0065454
3.06	-0.0054538
3.07	-0.0037721
3.08	-0.0018995
3.09	-0.0007632
3.1	-0.0013239
3.11	-0.0032717
3.12	-0.005042
3.13	-0.005552
3.14	-0.0049065
3.15	-0.0035287
3.16	-0.0018041
3.17	0.00030462
3.18	0.0033353
3.19	0.0075894
3.2	0.012376
3.21	0.016127
3.22	0.01751
3.23	0.01618
3.24	0.012586
3.25	0.0073669
3.26	0.0010652
3.27	-0.0051223
3.28	-0.009191
3.29	-0.010582
3.3	-0.010407
3.31	-0.0094734
3.32	-0.0084657
3.33	-0.0076825
3.34	-0.0057566
3.35	-0.0012602
3.36	0.0050183
3.37	0.011428
3.38	0.017212
3.39	0.021941
3.4	0.025079
3.41	0.025724
3.42	0.02247
3.43	0.014833
3.44	0.0046544
3.45	-0.0045164
3.46	-0.010006
3.47	-0.01195
3.48	-0.01196
3.49	-0.010474
3.5	-0.0066535
3.51	-0.00044505
3.52	0.0070424
3.53	0.014521
3.54	0.020626
3.55	0.02433
3.56	0.025824
3.57	0.025625
3.58	0.023511
3.59	0.019648
3.6	0.014812
3.61	0.009526
3.62	0.0041437
3.63	-0.0012691
3.64	-0.0062404
3.65	-0.0096605
3.66	-0.011688
3.67	-0.013549
3.68	-0.015477
3.69	-0.017219
3.7	-0.018228
3.71	-0.017554
3.72	-0.015559
3.73	-0.013382
3.74	-0.011394
3.75	-0.0096531
3.76	-0.0082231
3.77	-0.006913
3.78	-0.0059038
3.79	-0.0057334
3.8	-0.0067204
3.81	-0.0090694
3.82	-0.012128
3.83	-0.014292
3.84	-0.014298
3.85	-0.011119
3.86	-0.0045523
3.87	0.0034226
3.88	0.0098362
3.89	0.013389
3.9	0.015025
3.91	0.015204
3.92	0.013056
3.93	0.0077223
3.94	-0.00049193
3.95	-0.009015
3.96	-0.014463
3.97	-0.015843
3.98	-0.01498
3.99	-0.013226
4	-0.010443
4.01	-0.0062512
4.02	-0.00026679
4.03	0.0060252
4.04	0.010186
4.05	0.011543
4.06	0.010705
4.07	0.008577
4.08	0.0054474
4.09	0.0015205
4.1	-0.0024753
4.11	-0.0056736
4.12	-0.0076726
4.13	-0.0087251
4.14	-0.0082798
4.15	-0.0048099
4.16	0.0015709
4.17	0.0075551
4.18	0.010025
4.19	0.0089092
4.2	0.0049319
4.21	-0.0013449
4.22	-0.0078647
4.23	-0.012144
4.24	-0.013726
4.25	-0.012916
4.26	-0.0085355
4.27	-0.00039199
4.28	0.0082709
4.29	0.013857
4.3	0.015908
4.31	0.01635
4.32	0.016749
4.33	0.016988
4.34	0.016981
4.35	0.01728
4.36	0.017188
4.37	0.015663
4.38	0.012399
4.39	0.0067348
4.4	-0.00097549
4.41	-0.0080333
4.42	-0.011789
4.43	-0.011788
4.44	-0.0093286
4.45	-0.0060624
4.46	-0.003603
4.47	-0.0029157
4.48	-0.0035466
4.49	-0.0047188
4.5	-0.0057256
4.51	-0.0060032
4.52	-0.0052896
4.53	-0.0038527
4.54	-0.0033386
4.55	-0.0041915
4.56	-0.0044562
4.57	-0.0036037
4.58	-0.0033084
4.59	-0.0041747
4.6	-0.0049237
4.61	-0.0048421
4.62	-0.0045392
4.63	-0.0043587
4.64	-0.0041518
4.65	-0.0041021
4.66	-0.0043094
4.67	-0.0039591
4.68	-0.0019017
4.69	0.0023542
4.7	0.0081477
4.71	0.013208
4.72	0.015317
4.73	0.014137
4.74	0.010171
4.75	0.003858
4.76	-0.0037602
4.77	-0.010933
4.78	-0.016032
4.79	-0.018538
4.8	-0.018973
4.81	-0.017383
4.82	-0.013295
4.83	-0.0072411
4.84	-0.0013489
4.85	0.002333
4.86	0.0039986
4.87	0.0045276
4.88	0.0038085
4.89	0.0021326
4.9	0.00039392
4.91	-0.00065617
4.92	-0.00086023
4.93	-0.00034785
4.94	0.0013984
4.95	0.0046039
4.96	0.0079261
4.97	0.0094307
4.98	0.0080353
4.99	0.0030974
5	-0.0055131
5.01	-0.015792
5.02	-0.024242
5.03	-0.028598
5.04	-0.029072
5.05	-0.027332
5.06	-0.024283
5.07	-0.020335
5.08	-0.016852
5.09	-0.014957
5.1	-0.014647
5.11	-0.015192
5.12	-0.015987
5.13	-0.017503
5.14	-0.020024
5.15	-0.022138
5.16	-0.02263
5.17	-0.021837
5.18	-0.020315
5.19	-0.018397
5.2	-0.015707
5.21	-0.011492
5.22	-0.006108
5.23	-0.00078844
5.24	0.0033781
5.25	0.0062594
5.26	0.008096
5.27	0.0088034
5.28	0.0083586
5.29	0.0071722
5.3	0.0059039
5.31	0.0044551
5.32	0.0019077
5.33	-0.0017762
5.34	-0.0048356
5.35	-0.0058906
5.36	-0.005014
5.37	-0.0022229
5.38	0.0020146
5.39	0.0061319
5.4	0.0087719
5.41	0.0096481
5.42	0.0095847
5.43	0.0092847
5.44	0.0084609
5.45	0.007241
5.46	0.0060513
5.47	0.004438
5.48	0.0026613
5.49	0.0019002
5.5	0.0022468
5.51	0.0033328
5.52	0.0047446
5.53	0.0055606
5.54	0.0056386
5.55	0.0055821
5.56	0.0053134
5.57	0.0041327
5.58	0.0016466
5.59	-0.0016348
5.6	-0.0052979
5.61	-0.010066
5.62	-0.016121
5.63	-0.022216
5.64	-0.026932
5.65	-0.029441
5.66	-0.029804
5.67	-0.028634
5.68	-0.026282
5.69	-0.023215
5.7	-0.019942
5.71	-0.015871
5.72	-0.010322
5.73	-0.0038147
5.74	0.0032562
5.75	0.011402
5.76	0.020654
5.77	0.030247
5.78	0.03955
5.79	0.04781
5.8	0.053952
5.81	0.057311
5.82	0.057697
5.83	0.055452
5.84	0.052131
5.85	0.049637
5.86	0.048628
5.87	0.048929
5.88	0.049976
5.89	0.050889
5.9	0.051686
5.91	0.053003
5.92	0.055381
5.93	0.059539
5.94	0.065284
5.95	0.071531
5.96	0.077881
5.97	0.084225
5.98	0.089706
5.99	0.093346
6	0.094769
6.01	0.09383
6.02	0.090593
6.03	0.086203
6.04	0.081895
6.05	0.078247
6.06	0.076383
6.07	0.076857
6.08	0.078905
6.09	0.08133
6.1	0.081985
6.11	0.07924
6.12	0.07276
6.13	0.062179
6.14	0.048245
6.15	0.032424
6.16	0.015603
6.17	-0.00089693
6.18	-0.016621
6.19	-0.03221
6.2	-0.046917
6.21	-0.059877
6.22	-0.07154
6.23	-0.082101
6.24	-0.090552
6.25	-0.09562
6.26	-0.097005
6.27	-0.095277
6.28	-0.091617
6.29	-0.087465
6.3	-0.08366
6.31	-0.080471
6.32	-0.078144
6.33	-0.077248
6.34	-0.078459
6.35	-0.0818
6.36	-0.086804
6.37	-0.092441
6.38	-0.096959
6.39	-0.099496
6.4	-0.10037
6.41	-0.09952
6.42	-0.096804
6.43	-0.092891
6.44	-0.088222
6.45	-0.082426
6.46	-0.075154
6.47	-0.066468
6.48	-0.056554
6.49	-0.045318
6.5	-0.032975
6.51	-0.020839
6.52	-0.010422
6.53	-0.002385
6.54	0.0028886
6.55	0.0050388
6.56	0.0048039
6.57	0.0038416
6.58	0.0030429
6.59	0.0024148
6.6	0.0017532
6.61	0.00067017
6.62	-0.0011719
6.63	-0.0043738
6.64	-0.0094407
6.65	-0.015338
6.66	-0.019566
6.67	-0.019588
6.68	-0.014645
6.69	-0.0059935
6.7	0.0048997
6.71	0.016819
6.72	0.028022
6.73	0.036899
6.74	0.043265
6.75	0.047686
6.76	0.050101
6.77	0.05007
6.78	0.04723
6.79	0.04093
6.8	0.03097
6.81	0.018849
6.82	0.00727
6.83	-0.0011068
6.84	-0.0048508
6.85	-0.0041674
6.86	-0.0002869
6.87	0.0054014
6.88	0.012069
6.89	0.019229
6.9	0.026463
6.91	0.033034
6.92	0.037557
6.93	0.038971
6.94	0.037375
6.95	0.033337
6.96	0.026883
6.97	0.01794
6.98	0.0076517
6.99	-0.002313
7	-0.010709
7.01	-0.016192
7.02	-0.018119
7.03	-0.016916
7.04	-0.013885
7.05	-0.010929
7.06	-0.008905
7.07	-0.0077973
7.08	-0.0080168
7.09	-0.0096893
7.1	-0.011742
7.11	-0.012675
7.12	-0.012297
7.13	-0.011675
7.14	-0.011548
7.15	-0.012806
7.16	-0.017012
7.17	-0.025288
7.18	-0.037555
7.19	-0.052299
7.2	-0.067418
7.21	-0.081137
7.22	-0.091916
7.23	-0.098764
7.24	-0.10124
7.25	-0.099556
7.26	-0.094857
7.27	-0.087941
7.28	-0.078955
7.29	-0.068747
7.3	-0.059082
7.31	-0.051237
7.32	-0.044742
7.33	-0.038602
7.34	-0.032947
7.35	-0.028417
7.36	-0.025405
7.37	-0.024166
7.38	-0.024233
7.39	-0.024593
7.4	-0.024896
7.41	-0.024867
7.42	-0.023806
7.43	-0.021568
7.44	-0.017938
7.45	-0.011858
7.46	-0.0028779
7.47	0.0077748
7.48	0.018394
7.49	0.027723
7.5	0.034555
7.51	0.037659
7.52	0.036091
7.53	0.029842
7.54	0.019403
7.55	0.006672
7.56	-0.004495
7.57	-0.011956
7.58	-0.015983
7.59	-0.016769
7.6	-0.014205
7.61	-0.0082856
7.62	0.00067375
7.63	0.011938
7.64	0.024708
7.65	0.037688
7.66	0.04947
7.67	0.059874
7.68	0.068857
7.69	0.075421
7.7	0.079755
7.71	0.08373
7.72	0.088309
7.73	0.092624
7.74	0.095292
7.75	0.096261
7.76	0.096764
7.77	0.097919
7.78	0.10004
7.79	0.1029
7.8	0.10605
7.81	0.10816
7.82	0.10824
7.83	0.10677
7.84	0.10451
7.85	0.10147
7.86	0.097047
7.87	0.091174
7.88	0.084234
7.89	0.07661
7.9	0.06951
7.91	0.063931
7.92	0.059996
7.93	0.057638
7.94	0.056174
7.95	0.054164
7.96	0.050945
7.97	0.04653
7.98	0.040815
7.99	0.0344
8	0.027176
8.01	0.018569
8.02	0.0091223
8.03	-0.00046695
8.04	-0.0097584
8.05	-0.018229
8.06	-0.025061
8.07	-0.029655
8.08	-0.032263
8.09	-0.033479
8.1	-0.033033
8.11	-0.030266
8.12	-0.025458
8.13	-0.018728
8.14	-0.0099911
8.15	-0.00089231
8.16	0.0059667
8.17	0.0096964
8.18	0.010825
8.19	0.0097034
8.2	0.0078928
8.21	0.0077716
8.22	0.00987
8.23	0.013554
8.24	0.017914
8.25	0.021069
8.26	0.021512
8.27	0.018072
8.28	0.009253
8.29	-0.0044174
8.3	-0.019875
8.31	-0.034155
8.32	-0.045882
8.33	-0.054037
8.34	-0.057838
8.35	-0.058444
8.36	-0.058097
8.37	-0.058508
8.38	-0.061299
8.39	-0.067491
8.4	-0.076313
8.41	-0.086216
8.42	-0.096422
8.43	-0.10684
8.44	-0.11732
8.45	-0.12777
8.46	-0.13854
8.47	-0.14931
8.48	-0.1579
8.49	-0.16218
8.5	-0.1617
8.51	-0.1567
8.52	-0.1474
8.53	-0.13451
8.54	-0.11986
8.55	-0.10519
8.56	-0.090251
8.57	-0.073914
8.58	-0.056208
8.59	-0.036929
8.6	-0.014735
8.61	0.010433
8.62	0.036055
8.63	0.058505
8.64	0.075431
8.65	0.086542
8.66	0.092926
8.67	0.096531
8.68	0.098674
8.69	0.099464
8.7	0.099265
8.71	0.098815
8.72	0.0977
8.73	0.094766
8.74	0.089735
8.75	0.082962
8.76	0.074594
8.77	0.065312
8.78	0.056592
8.79	0.049191
8.8	0.042608
8.81	0.036206
8.82	0.029827
8.83	0.023521
8.84	0.017699
8.85	0.012775
8.86	0.0087352
8.87	0.0056835
8.88	0.0042139
8.89	0.0051761
8.9	0.0083753
8.91	0.012774
8.92	0.018291
8.93	0.025557
8.94	0.034677
8.95	0.045083
8.96	0.056473
8.97	0.068998
8.98	0.08214
8.99	0.094419
9	0.10442
9.01	0.11074
9.02	0.11176
9.03	0.10706
9.04	0.097402
9.05	0.083994
9.06	0.0685
9.07	0.052694
9.08	0.037847
9.09	0.024586
9.1	0.013505
9.11	0.0048659
9.12	-0.0022562
9.13	-0.0091014
9.14	-0.016256
9.15	-0.023552
9.16	-0.030768
9.17	-0.038207
9.18	-0.046229
9.19	-0.054857
9.2	-0.063085
9.21	-0.069342
9.22	-0.072944
9.23	-0.07442
9.24	-0.075028
9.25	-0.075995
9.26	-0.078502
9.27	-0.083564
9.28	-0.090856
9.29	-0.098934
9.3	-0.10675
9.31	-0.11359
9.32	-0.11888
9.33	-0.12241
9.34	-0.12373
9.35	-0.12236
9.36	-0.11862
9.37	-0.11365
9.38	-0.10861
9.39	-0.10463
9.4	-0.10282
9.41	-0.10262
9.42	-0.10179
9.43	-0.097295
9.44	-0.086366
9.45	-0.06735
9.46	-0.041124
9.47	-0.012951
9.48	0.0098348
9.49	0.023016
9.5	0.027309
9.51	0.026138
9.52	0.022764
9.53	0.019276
9.54	0.016826
9.55	0.015695
9.56	0.016246
9.57	0.019462
9.58	0.026145
9.59	0.03603
9.6	0.047376
9.61	0.058669
9.62	0.069471
9.63	0.078874
9.64	0.085538
9.65	0.08896
9.66	0.089728
9.67	0.08892
9.68	0.086945
9.69	0.083559
9.7	0.078862
9.71	0.073246
9.72	0.067152
9.73	0.061063
9.74	0.055171
9.75	0.049288
9.76	0.043665
9.77	0.03882
9.78	0.034408
9.79	0.030067
9.8	0.026059
9.81	0.022435
9.82	0.01896
9.83	0.015529
9.84	0.012474
9.85	0.010789
9.86	0.010767
9.87	0.011327
9.88	0.011854
9.89	0.012174
9.9	0.011905
9.91	0.010887
9.92	0.0090146
9.93	0.0066181
9.94	0.004594
9.95	0.0035886
9.96	0.0032736
9.97	0.0030907
9.98	0.0033655
9.99	0.0046735
10	0.006535
10.01	0.0076685
10.02	0.007314
10.03	0.0055613
10.04	0.0030141
10.05	0.00049752
10.06	-0.00094109
10.07	-0.00040794
10.08	0.0017413
10.09	0.0044076
10.1	0.0069813
10.11	0.0093378
10.12	0.01166
10.13	0.014366
10.14	0.017994
10.15	0.022465
10.16	0.026835
10.17	0.030577
10.18	0.033472
10.19	0.034991
10.2	0.035158
10.21	0.034299
10.22	0.032
10.23	0.027359
10.24	0.019967
10.25	0.0099495
10.26	-0.0024001
10.27	-0.016253
10.28	-0.030253
10.29	-0.042758
10.3	-0.05183
10.31	-0.05634
10.32	-0.057378
10.33	-0.057331
10.34	-0.05805
10.35	-0.060155
10.36	-0.062788
10.37	-0.064393
10.38	-0.063988
10.39	-0.061887
10.4	-0.059336
10.41	-0.057486
10.42	-0.057157
10.43	-0.05858
10.44	-0.061549
10.45	-0.065981
10.46	-0.071011
10.47	-0.074633
10.48	-0.07531
10.49	-0.072532
10.5	-0.065799
10.51	-0.05534
10.52	-0.04293
10.53	-0.030666
10.54	-0.020253
10.55	-0.012263
10.56	-0.0055967
10.57	0.0010322
10.58	0.0081188
10.59	0.015904
10.6	0.024706
10.61	0.034329
10.62	0.043737
10.63	0.051464
10.64	0.056149
10.65	0.057623
10.66	0.057034
10.67	0.055058
10.68	0.050937
10.69	0.043526
10.7	0.032833
10.71	0.020453
10.72	0.0083635
10.73	-0.0020319
10.74	-0.0095565
10.75	-0.013458
10.76	-0.014288
10.77	-0.013277
10.78	-0.010887
10.79	-0.0071708
10.8	-0.0028834
10.81	0.00085843
10.82	0.0037529
10.83	0.0061119
10.84	0.0075393
10.85	0.007521
10.86	0.0067126
10.87	0.006189
10.88	0.0060944
10.89	0.0064024
10.9	0.007547
10.91	0.0090183
10.92	0.0094433
10.93	0.0081759
10.94	0.0054809
10.95	0.0015901
10.96	-0.0032483
10.97	-0.0084305
10.98	-0.012996
10.99	-0.015682
11	-0.015821
11.01	-0.013165
11.02	-0.0074904
11.03	0.00076497
11.04	0.01047
11.05	0.019716
11.06	0.026383
11.07	0.029245
11.08	0.027931
11.09	0.02273
11.1	0.014797
11.11	0.0057664
11.12	-0.0029665
11.13	-0.010748
11.14	-0.01736
11.15	-0.022552
11.16	-0.026374
11.17	-0.028589
11.18	-0.028766
11.19	-0.027576
11.2	-0.025577
11.21	-0.021607
11.22	-0.014302
11.23	-0.0043972
11.24	0.0058981
11.25	0.015005
11.26	0.021974
11.27	0.025741
11.28	0.02624
11.29	0.02522
11.3	0.024105
11.31	0.022663
11.32	0.020835
11.33	0.019323
11.34	0.018465
11.35	0.018442
11.36	0.019743
11.37	0.022786
11.38	0.027015
11.39	0.030784
11.4	0.032835
11.41	0.032863
11.42	0.030996
11.43	0.027507
11.44	0.022961
11.45	0.017914
11.46	0.012618
11.47	0.0082531
11.48	0.0059644
11.49	0.0055578
11.5	0.0069122
11.51	0.0099694
11.52	0.014093
11.53	0.018126
11.54	0.021132
11.55	0.023115
11.56	0.024538
11.57	0.025512
11.58	0.025485
11.59	0.024409
11.6	0.022947
11.61	0.02128
11.62	0.019068
11.63	0.015892
11.64	0.011461
11.65	0.0056342
11.66	-0.0010232
11.67	-0.0070502
11.68	-0.01215
11.69	-0.017313
11.7	-0.02253
11.71	-0.027299
11.72	-0.03161
11.73	-0.03515
11.74	-0.037472
11.75	-0.038719
11.76	-0.039252
11.77	-0.038806
11.78	-0.036866
11.79	-0.03364
11.8	-0.029487
11.81	-0.024764
11.82	-0.020086
11.83	-0.01555
11.84	-0.011058
11.85	-0.0070315
11.86	-0.0038709
11.87	-0.0015231
11.88	-0.00030237
11.89	-0.00046187
11.9	-0.0012502
11.91	-0.0020219
11.92	-0.0025163
11.93	-0.0028239
11.94	-0.0034212
11.95	-0.0040749
11.96	-0.0042324
11.97	-0.0041963
11.98	-0.0047041
11.99	-0.0053539
12	-0.0048336
12.01	-0.002928
12.02	-0.00047376
12.03	0.0020965
12.04	0.0049459
12.05	0.0081753
12.06	0.011497
12.07	0.014278
12.08	0.015716
12.09	0.015467
12.1	0.01373
12.11	0.010577
12.12	0.0063598
12.13	0.0020643
12.14	-0.0010722
12.15	-0.0022121
12.16	-0.0015149
12.17	0.00064764
12.18	0.0033323
12.19	0.0049303
12.2	0.0051563
12.21	0.0045323
12.22	0.002554
12.23	-0.0016612
12.24	-0.0081031
12.25	-0.015555
12.26	-0.02243
12.27	-0.027794
12.28	-0.031458
12.29	-0.033713
12.3	-0.034858
12.31	-0.035541
12.32	-0.036388
12.33	-0.036954
12.34	-0.036439
12.35	-0.034912
12.36	-0.032741
12.37	-0.029463
12.38	-0.024136
12.39	-0.01664
12.4	-0.008158
12.41	0.00022145
12.42	0.0084481
12.43	0.016307
12.44	0.022437
12.45	0.025607
12.46	0.025964
12.47	0.024453
12.48	0.021839
12.49	0.018449
12.5	0.014802
12.51	0.01178
12.52	0.0094617
12.53	0.0075289
12.54	0.0063899
12.55	0.0065058
12.56	0.008167
12.57	0.011149
12.58	0.014735
12.59	0.01896
12.6	0.02391
12.61	0.028688
12.62	0.032159
12.63	0.033818
12.64	0.033873
12.65	0.032894
12.66	0.031687
12.67	0.030994
12.68	0.030881
12.69	0.031016
12.7	0.031462
12.71	0.032382
12.72	0.033804
12.73	0.035622
12.74	0.037246
12.75	0.038187
12.76	0.038376
12.77	0.037877
12.78	0.036634
12.79	0.034388
12.8	0.030896
12.81	0.026023
12.82	0.019863
12.83	0.012572
12.84	0.0046697
12.85	-0.0026014
12.86	-0.0086326
12.87	-0.01368
12.88	-0.017841
12.89	-0.021603
12.9	-0.025451
12.91	-0.028797
12.92	-0.031249
12.93	-0.03293
12.94	-0.033481
12.95	-0.032622
12.96	-0.030506
12.97	-0.02749
12.98	-0.024071
12.99	-0.020737
13	-0.017905
13.01	-0.015637
13.02	-0.013666
13.03	-0.011951
13.04	-0.01045
13.05	-0.0086738
13.06	-0.0062593
13.07	-0.0033939
13.08	-0.00046289
13.09	0.0019989
13.1	0.0035266
13.11	0.0040356
13.12	0.0031859
13.13	0.00047892
13.14	-0.0042191
13.15	-0.010851
13.16	-0.018166
13.17	-0.024178
13.18	-0.028558
13.19	-0.031983
13.2	-0.03455
13.21	-0.036192
13.22	-0.037142
13.23	-0.038072
13.24	-0.039645
13.25	-0.041923
13.26	-0.044688
13.27	-0.047727
13.28	-0.050441
13.29	-0.051815
13.3	-0.051075
13.31	-0.048006
13.32	-0.043145
13.33	-0.037714
13.34	-0.03275
13.35	-0.028507
13.36	-0.025084
13.37	-0.022761
13.38	-0.021358
13.39	-0.020513
13.4	-0.020233
13.41	-0.020241
13.42	-0.019986
13.43	-0.018872
13.44	-0.015774
13.45	-0.010243
13.46	-0.0034312
13.47	0.0036549
13.48	0.011188
13.49	0.019036
13.5	0.026092
13.51	0.031817
13.52	0.036401
13.53	0.039266
13.54	0.039725
13.55	0.038783
13.56	0.038385
13.57	0.039014
13.58	0.039608
13.59	0.039702
13.6	0.039608
13.61	0.039
13.62	0.037633
13.63	0.035715
13.64	0.03343
13.65	0.031471
13.66	0.030304
13.67	0.029937
13.68	0.030051
13.69	0.029905
13.7	0.029391
13.71	0.029064
13.72	0.029043
13.73	0.028596
13.74	0.0269
13.75	0.023871
13.76	0.020403
13.77	0.017544
13.78	0.015178
13.79	0.012694
13.8	0.010415
13.81	0.00866
13.82	0.0073023
13.83	0.0069096
13.84	0.0075635
13.85	0.0083658
13.86	0.0089862
13.87	0.0092055
13.88	0.0083528
13.89	0.0065507
13.9	0.0045979
13.91	0.0025434
13.92	0.00026663
13.93	-0.0015959
13.94	-0.0022373
13.95	-0.0014195
13.96	0.00039314
13.97	0.0032742
13.98	0.0072812
13.99	0.01122
14	0.014424
14.01	0.016862
14.02	0.017847
14.03	0.017344
14.04	0.016172
14.05	0.014306
14.06	0.012145
14.07	0.011172
14.08	0.011247
14.09	0.010952
14.1	0.010169
14.11	0.0087999
14.12	0.005397
14.13	-0.00063068
14.14	-0.0087348
14.15	-0.01855
14.16	-0.029207
14.17	-0.0391
14.18	-0.047384
14.19	-0.05455
14.2	-0.060335
14.21	-0.063338
14.22	-0.063328
14.23	-0.061158
14.24	-0.05709
14.25	-0.051207
14.26	-0.044348
14.27	-0.037878
14.28	-0.032827
14.29	-0.029671
14.3	-0.028526
14.31	-0.028754
14.32	-0.029562
14.33	-0.030699
14.34	-0.032057
14.35	-0.033028
14.36	-0.032872
14.37	-0.031531
14.38	-0.028947
14.39	-0.025231
14.4	-0.021133
14.41	-0.017404
14.42	-0.014367
14.43	-0.011439
14.44	-0.0078071
14.45	-0.0031484
14.46	0.00287
14.47	0.010142
14.48	0.017577
14.49	0.023713
14.5	0.02781
14.51	0.03012
14.52	0.031112
14.53	0.031234
14.54	0.030083
14.55	0.027231
14.56	0.023912
14.57	0.02099
14.58	0.018574
14.59	0.01683
14.6	0.015439
14.61	0.014546
14.62	0.014592
14.63	0.015328
14.64	0.015943
14.65	0.016252
14.66	0.016647
14.67	0.016898
14.68	0.016328
14.69	0.014559
14.7	0.012662
14.71	0.012316
14.72	0.013682
14.73	0.01606
14.74	0.018862
14.75	0.021509
14.76	0.023904
14.77	0.025891
14.78	0.026849
14.79	0.026718
14.8	0.025891
14.81	0.024362
14.82	0.021835
14.83	0.018868
14.84	0.016285
14.85	0.014489
14.86	0.014146
14.87	0.015158
14.88	0.016968
14.89	0.019432
14.9	0.021878
14.91	0.023295
14.92	0.023381
14.93	0.022468
14.94	0.02095
14.95	0.019413
14.96	0.018455
14.97	0.017882
14.98	0.017156
14.99	0.016353
15	0.015382
15.01	0.013684
15.02	0.011408
15.03	0.0091525
15.04	0.0067771
15.05	0.0042288
15.06	0.0024779
15.07	0.0018996
15.08	0.0016132
15.09	0.00092122
15.1	0.0001894
15.11	0.0002113
15.12	0.0014799
15.13	0.0039033
15.14	0.0062975
15.15	0.0074578
15.16	0.0073868
15.17	0.0067338
15.18	0.0051311
15.19	0.0014878
15.2	-0.0032863
15.21	-0.0075087
15.22	-0.010939
15.23	-0.013899
15.24	-0.016955
15.25	-0.020602
15.26	-0.024412
15.27	-0.027468
15.28	-0.029595
15.29	-0.031634
15.3	-0.034538
15.31	-0.038478
15.32	-0.042384
15.33	-0.045265
15.34	-0.047304
15.35	-0.048486
15.36	-0.048739
15.37	-0.048859
15.38	-0.049
15.39	-0.048204
15.4	-0.045931
15.41	-0.042221
15.42	-0.037603
15.43	-0.032957
15.44	-0.028989
15.45	-0.026298
15.46	-0.025338
15.47	-0.025964
15.48	-0.027682
15.49	-0.030076
15.5	-0.03234
15.51	-0.033818
15.52	-0.034471
15.53	-0.034142
15.54	-0.032221
15.55	-0.028465
15.56	-0.023665
15.57	-0.018997
15.58	-0.015174
15.59	-0.012077
15.6	-0.0092716
15.61	-0.006712
15.62	-0.004431
15.63	-0.0021914
15.64	-6.2262e-05
15.65	0.0015051
15.66	0.0028153
15.67	0.0046925
15.68	0.0069354
15.69	0.0091493
15.7	0.012108
15.71	0.01657
15.72	0.021919
15.73	0.02697
15.74	0.031389
15.75	0.035586
15.76	0.039399
15.77	0.04172
15.78	0.042224
15.79	0.041952
15.8	0.041721
15.81	0.041699
15.82	0.041883
15.83	0.042208
15.84	0.042547
15.85	0.042388
15.86	0.040922
15.87	0.037887
15.88	0.033814
15.89	0.029109
15.9	0.023842
15.91	0.018958
15.92	0.01569
15.93	0.013654
15.94	0.011924
15.95	0.010656
15.96	0.0097934
15.97	0.0086794
15.98	0.0074158
15.99	0.0064648
16	0.0057612
16.01	0.0051256
16.02	0.0047073
16.03	0.0045347
16.04	0.0037861
16.05	0.0018395
16.06	-0.00033666
16.07	-0.0019329
16.08	-0.0038644
16.09	-0.0065726
16.1	-0.0090126
16.11	-0.010842
16.12	-0.012667
16.13	-0.014475
16.14	-0.015926
16.15	-0.017266
16.16	-0.01851
16.17	-0.018965
16.18	-0.018536
16.19	-0.018365
16.2	-0.019062
16.21	-0.020219
16.22	-0.021779
16.23	-0.023566
16.24	-0.02486
16.25	-0.025183
16.26	-0.024438
16.27	-0.0228
16.28	-0.020594
16.29	-0.018016
16.3	-0.015561
16.31	-0.013426
16.32	-0.011194
16.33	-0.0093601
16.34	-0.0084457
16.35	-0.0073931
16.36	-0.005591
16.37	-0.0041652
16.38	-0.003674
16.39	-0.0034297
16.4	-0.0029761
16.41	-0.0024288
16.42	-0.0019939
16.43	-0.0016278
16.44	-0.00076853
16.45	0.00076808
16.46	0.0023839
16.47	0.0038024
16.48	0.0050012
16.49	0.0061146
16.5	0.0074402
16.51	0.0089187
16.52	0.010283
16.53	0.011505
16.54	0.012646
16.55	0.013749
16.56	0.015388
16.57	0.017901
16.58	0.020354
16.59	0.022223
16.6	0.024007
16.61	0.025937
16.62	0.027587
16.63	0.028224
16.64	0.028026
16.65	0.027823
16.66	0.027961
16.67	0.0284
16.68	0.028801
16.69	0.028776
16.7	0.028309
16.71	0.027596
16.72	0.026569
16.73	0.025233
16.74	0.023752
16.75	0.021816
16.76	0.019128
16.77	0.016465
16.78	0.014679
16.79	0.013287
16.8	0.011887
16.81	0.010802
16.82	0.01005
16.83	0.0095329
16.84	0.0093166
16.85	0.0093734
16.86	0.0094635
16.87	0.0094633
16.88	0.0091555
16.89	0.0078579
16.9	0.0056557
16.91	0.0033935
16.92	0.0010259
16.93	-0.0019012
16.94	-0.0050197
16.95	-0.0073435
16.96	-0.0086524
16.97	-0.010092
16.98	-0.012458
16.99	-0.015519
17	-0.018552
17.01	-0.020693
17.02	-0.021809
17.03	-0.022118
17.04	-0.021741
17.05	-0.020697
17.06	-0.018827
17.07	-0.016661
17.08	-0.014965
17.09	-0.013994
17.1	-0.014116
17.11	-0.015469
17.12	-0.017639
17.13	-0.020026
17.14	-0.022221
17.15	-0.02436
17.16	-0.026072
17.17	-0.025912
17.18	-0.023855
17.19	-0.021629
17.2	-0.019674
17.21	-0.017402
17.22	-0.014665
17.23	-0.012027
17.24	-0.010267
17.25	-0.0090005
17.26	-0.0077263
17.27	-0.0064177
17.28	-0.0050398
17.29	-0.0040919
17.3	-0.0035291
17.31	-0.0027361
17.32	-0.0019461
17.33	-0.0016553
17.34	-0.0017328
17.35	-0.0016215
17.36	-0.00080555
17.37	0.00044466
17.38	0.0014196
17.39	0.0018645
17.4	0.0017318
17.41	0.0010889
17.42	-0.0001799
17.43	-0.0021198
17.44	-0.0042306
17.45	-0.0061983
17.46	-0.0078885
17.47	-0.0087838
17.48	-0.0083536
17.49	-0.0070486
17.5	-0.0057504
17.51	-0.0044355
17.52	-0.0026264
17.53	-0.00053832
17.54	0.00083585
17.55	0.0011014
17.56	0.0008465
17.57	0.00048157
17.58	0.00031597
17.59	0.00046458
17.6	0.00040098
17.61	0.00012535
17.62	8.3959e-05
17.63	-4.2496e-05
17.64	-0.00060691
17.65	-0.0012953
17.66	-0.0019677
17.67	-0.0026774
17.68	-0.0035606
17.69	-0.0050153
17.7	-0.0065968
17.71	-0.0074943
17.72	-0.0080479
17.73	-0.0089082
17.74	-0.010063
17.75	-0.01116
17.76	-0.011618
17.77	-0.011203
17.78	-0.010185
17.79	-0.0086257
17.8	-0.0067713
17.81	-0.0051131
17.82	-0.0035714
17.83	-0.0017352
17.84	0.00057979
17.85	0.0031483
17.86	0.0055946
17.87	0.0079794
17.88	0.010093
17.89	0.011041
17.9	0.010695
17.91	0.009828
17.92	0.008655
17.93	0.0069172
17.94	0.005131
17.95	0.0038934
17.96	0.0027851
17.97	0.0018392
17.98	0.0016411
17.99	0.0017523
18	0.0013491
18.01	0.00065198
18.02	0.00018448
18.03	-0.00018516
18.04	-0.00079003
18.05	-0.0016069
18.06	-0.001727
18.07	-0.00057342
18.08	0.00076616
18.09	0.0015008
18.1	0.0024759
18.11	0.0040143
18.12	0.0053119
18.13	0.0060235
18.14	0.0064993
18.15	0.0068497
18.16	0.0067723
18.17	0.0066563
18.18	0.0068465
18.19	0.0067609
18.2	0.0059846
18.21	0.0046334
18.22	0.0034168
18.23	0.0031305
18.24	0.0035451
18.25	0.004198
18.26	0.0053929
18.27	0.0071137
18.28	0.0087112
18.29	0.010223
18.3	0.011903
18.31	0.013252
18.32	0.014077
18.33	0.014821
18.34	0.015433
18.35	0.015334
18.36	0.014607
18.37	0.014187
18.38	0.014372
18.39	0.014446
18.4	0.014013
18.41	0.013719
18.42	0.01416
18.43	0.014877
18.44	0.01542
18.45	0.015824
18.46	0.015879
18.47	0.015555
18.48	0.015126
18.49	0.014607
18.5	0.013761
18.51	0.012144
18.52	0.0097003
18.53	0.0072203
18.54	0.0049903
18.55	0.0024555
18.56	-0.00047114
18.57	-0.0032525
18.58	-0.0056813
18.59	-0.0083361
18.6	-0.011419
18.61	-0.014346
18.62	-0.016848
18.63	-0.018797
18.64	-0.019958
18.65	-0.02038
18.66	-0.01987
18.67	-0.018012
18.68	-0.01521
18.69	-0.01225
18.7	-0.0092538
18.71	-0.0056564
18.72	-0.00084698
18.73	0.0043163
18.74	0.0084595
18.75	0.011592
18.76	0.013823
18.77	0.015031
18.78	0.015718
18.79	0.016194
18.8	0.016582
18.81	0.016925
18.82	0.017006
18.83	0.017414
18.84	0.018474
18.85	0.019213
18.86	0.019257
18.87	0.018845
18.88	0.017694
18.89	0.016103
18.9	0.01467
18.91	0.013026
18.92	0.011167
18.93	0.0096132
18.94	0.0080249
18.95	0.0063016
18.96	0.0047608
18.97	0.0033659
18.98	0.0021819
18.99	0.00082768
19	-0.0013955
19.01	-0.0042272
19.02	-0.0069422
19.03	-0.0094334
19.04	-0.011739
19.05	-0.013554
19.06	-0.014216
19.07	-0.013394
19.08	-0.011992
19.09	-0.011056
19.1	-0.010615
19.11	-0.010401
19.12	-0.01061
19.13	-0.011418
19.14	-0.01217
19.15	-0.012526
19.16	-0.013016
19.17	-0.013484
19.18	-0.013641
19.19	-0.013891
19.2	-0.014462
19.21	-0.015129
19.22	-0.015722
19.23	-0.016353
19.24	-0.01679
19.25	-0.016675
19.26	-0.015932
19.27	-0.014474
19.28	-0.012612
19.29	-0.010891
19.3	-0.0091514
19.31	-0.0067443
19.32	-0.0038806
19.33	-0.0016676
19.34	-0.00070699
19.35	-0.00066952
19.36	-0.0011426
19.37	-0.0021484
19.38	-0.0035136
19.39	-0.0048511
19.4	-0.0061833
19.41	-0.0074984
19.42	-0.0082677
19.43	-0.0083374
19.44	-0.0086965
19.45	-0.0097913
19.46	-0.010951
19.47	-0.012064
19.48	-0.013519
19.49	-0.015317
19.5	-0.017197
19.51	-0.018872
19.52	-0.020204
19.53	-0.021312
19.54	-0.022108
19.55	-0.022408
19.56	-0.022103
19.57	-0.021133
19.58	-0.019898
19.59	-0.01887
19.6	-0.018025
19.61	-0.017193
19.62	-0.016369
19.63	-0.015114
19.64	-0.012803
19.65	-0.0097564
19.66	-0.0066211
19.67	-0.0032876
19.68	3.8054e-05
19.69	0.0022949
19.7	0.0032209
19.71	0.0034666
19.72	0.003548
19.73	0.0036461
19.74	0.0037485
19.75	0.0040548
19.76	0.0047812
19.77	0.0058268
19.78	0.0069346
19.79	0.0079297
19.8	0.0087503
19.81	0.0090924
19.82	0.0086818
19.83	0.007668
19.84	0.0066129
19.85	0.0062472
19.86	0.0066966
19.87	0.0075877
19.88	0.0090336
19.89	0.011368
19.9	0.014277
19.91	0.016947
19.92	0.018602
19.93	0.01914
19.94	0.018978
19.95	0.018103
19.96	0.016367
19.97	0.014348
19.98	0.012915
19.99	0.012486
20	0.012765
20.01	0.013265
20.02	0.013971
20.03	0.014871
20.04	0.015625
20.05	0.015966
20.06	0.016268
20.07	0.01691
20.08	0.016856
20.09	0.015463
20.1	0.014055
20.11	0.013223
20.12	0.011958
20.13	0.010078
20.14	0.008497
20.15	0.0075105
20.16	0.0064447
20.17	0.0049084
20.18	0.00325
20.19	0.001335
20.2	-0.00070994
20.21	-0.0023064
20.22	-0.0042387
20.23	-0.0069753
20.24	-0.0093768
20.25	-0.010746
20.26	-0.011449
20.27	-0.011862
20.28	-0.011924
20.29	-0.011436
20.3	-0.010461
20.31	-0.0096294
20.32	-0.0094844
20.33	-0.0096523
20.34	-0.0096764
20.35	-0.0097238
20.36	-0.010012
20.37	-0.010596
20.38	-0.011198
20.39	-0.011152
20.4	-0.010185
20.41	-0.0088429
20.42	-0.00748
20.43	-0.0055755
20.44	-0.0026619
20.45	0.00069869
20.46	0.0033668
20.47	0.0052922
20.48	0.00754
20.49	0.010225
20.5	0.012391
20.51	0.013689
20.52	0.014543
20.53	0.015423
20.54	0.016132
20.55	0.016622
20.56	0.01742
20.57	0.018235
20.58	0.018433
20.59	0.017964
20.6	0.017134
20.61	0.016286
20.62	0.015561
20.63	0.014807
20.64	0.01368
20.65	0.012332
20.66	0.011404
20.67	0.010785
20.68	0.0094106
20.69	0.0070351
20.7	0.004804
20.71	0.0033861
20.72	0.0024347
20.73	0.001801
20.74	0.0013539
20.75	0.00089314
20.76	0.00065705
20.77	0.00066829
20.78	0.00082809
20.79	0.0012165
20.8	0.0014719
20.81	0.0014812
20.82	0.0016702
20.83	0.0016002
20.84	0.00077757
20.85	-5.4853e-05
20.86	-0.0003528
20.87	-0.00044045
20.88	-0.00029591
20.89	0.00038001
20.9	0.0013101
20.91	0.0019942
20.92	0.0018502
20.93	0.00050739
20.94	-0.0015539
20.95	-0.003807
20.96	-0.0063449
20.97	-0.0089048
20.98	-0.010648
20.99	-0.011533
21	-0.012185
21.01	-0.012971
21.02	-0.01395
21.03	-0.014959
21.04	-0.016112
21.05	-0.017395
21.06	-0.018307
21.07	-0.018614
21.08	-0.01857
21.09	-0.018632
21.1	-0.019135
21.11	-0.019766
21.12	-0.020087
21.13	-0.02042
21.14	-0.020894
21.15	-0.021305
21.16	-0.021468
21.17	-0.021076
21.18	-0.020468
21.19	-0.020263
21.2	-0.020238
21.21	-0.019677
21.22	-0.018337
21.23	-0.016982
21.24	-0.016168
21.25	-0.015341
21.26	-0.014186
21.27	-0.012867
21.28	-0.01145
21.29	-0.0097084
21.3	-0.0077742
21.31	-0.0061519
21.32	-0.0046334
21.33	-0.0032099
21.34	-0.0022546
21.35	-0.0016148
21.36	-0.0010897
21.37	-0.00073156
21.38	-0.00048693
21.39	-0.00029892
21.4	-0.00044759
21.41	-0.00099523
21.42	-0.0014771
21.43	-0.0016559
21.44	-0.0018491
21.45	-0.0022291
21.46	-0.002507
21.47	-0.0027
21.48	-0.0030329
21.49	-0.003234
21.5	-0.0030384
21.51	-0.0025566
21.52	-0.0016996
21.53	-0.00060583
21.54	0.00020181
21.55	0.00082773
21.56	0.0018795
21.57	0.0035634
21.58	0.0052139
21.59	0.0063999
21.6	0.0075553
21.61	0.0087435
21.62	0.0094871
21.63	0.0097722
21.64	0.010118
21.65	0.010437
21.66	0.010567
21.67	0.011188
21.68	0.012136
21.69	0.012712
21.7	0.013358
21.71	0.014477
21.72	0.015647
21.73	0.016456
21.74	0.017145
21.75	0.01787
21.76	0.018194
21.77	0.017877
21.78	0.017047
21.79	0.016046
21.8	0.015316
21.81	0.015291
21.82	0.0158
21.83	0.016149
21.84	0.016186
21.85	0.015972
21.86	0.015473
21.87	0.014908
21.88	0.01413
21.89	0.012558
21.9	0.010167
21.91	0.00761
21.92	0.0053099
21.93	0.0031361
21.94	0.0012818
21.95	0.00032748
21.96	9.7495e-05
21.97	-3.4156e-05
21.98	-7.9854e-05
21.99	7.2257e-05
22	0.00019041
22.01	0.00015873
22.02	8.2419e-05
22.03	-0.00021607
22.04	-0.001118
22.05	-0.0022241
22.06	-0.0026772
22.07	-0.0021588
22.08	-0.0011266
22.09	-0.00017327
22.1	0.00071258
22.11	0.0015223
22.12	0.002045
22.13	0.002139
22.14	0.0017454
22.15	0.0010151
22.16	0.00033438
22.17	6.2929e-05
22.18	-0.00036796
22.19	-0.0016819
22.2	-0.0031694
22.21	-0.0037603
22.22	-0.0035541
22.23	-0.0033513
22.24	-0.003559
22.25	-0.0040007
22.26	-0.0043553
22.27	-0.004148
22.28	-0.0032304
22.29	-0.0021628
22.3	-0.0010952
22.31	0.00039956
22.32	0.0019262
22.33	0.0028732
22.34	0.0037235
22.35	0.0045826
22.36	0.0046264
22.37	0.0036436
22.38	0.0021279
22.39	0.00037879
22.4	-0.0012921
22.41	-0.0026318
22.42	-0.0040232
22.43	-0.0055732
22.44	-0.0070461
22.45	-0.008317
22.46	-0.0090072
22.47	-0.0090341
22.48	-0.0087325
22.49	-0.0083541
22.5	-0.0080075
22.51	-0.0078167
22.52	-0.0081182
22.53	-0.0086005
22.54	-0.0084615
22.55	-0.0078667
22.56	-0.0070537
22.57	-0.0058302
22.58	-0.0045512
22.59	-0.0036038
22.6	-0.0028348
22.61	-0.0021643
22.62	-0.0015474
22.63	-0.00074202
22.64	0.00010593
22.65	0.00067579
22.66	0.0010525
22.67	0.0016871
22.68	0.0027909
22.69	0.0038491
22.7	0.0044045
22.71	0.0047148
22.72	0.0050933
22.73	0.0054693
22.74	0.0055377
22.75	0.0050625
22.76	0.0045099
22.77	0.0044067
22.78	0.0046237
22.79	0.0050957
22.8	0.0059215
22.81	0.0070416
22.82	0.0080087
22.83	0.0084947
22.84	0.0086779
22.85	0.0085826
22.86	0.0082375
22.87	0.0079696
22.88	0.0078774
22.89	0.0076634
22.9	0.0070791
22.91	0.006234
22.92	0.0054009
22.93	0.0048559
22.94	0.0046883
22.95	0.0044847
22.96	0.0042615
22.97	0.0044216
22.98	0.0048495
22.99	0.0053524
23	0.0057216
23.01	0.0059446
23.02	0.006113
23.03	0.0060425
23.04	0.0056126
23.05	0.0046904
23.06	0.0037191
23.07	0.0035203
23.08	0.003811
23.09	0.0038486
23.1	0.0035925
23.11	0.003285
23.12	0.0027691
23.13	0.001908
23.14	0.0010089
23.15	8.221e-05
23.16	-0.0011195
23.17	-0.0023195
23.18	-0.0033122
23.19	-0.0043011
23.2	-0.0050897
23.21	-0.0055569
23.22	-0.0060609
23.23	-0.0066947
23.24	-0.0069013
23.25	-0.0064977
23.26	-0.0064651
23.27	-0.0072003
23.28	-0.0077468
23.29	-0.0075043
23.3	-0.0070446
23.31	-0.0071334
23.32	-0.0077125
23.33	-0.0081402
23.34	-0.0084384
23.35	-0.0089895
23.36	-0.0094716
23.37	-0.009777
23.38	-0.010153
23.39	-0.010454
23.4	-0.010341
23.41	-0.0097266
23.42	-0.0088733
23.43	-0.0077548
23.44	-0.0060145
23.45	-0.0037353
23.46	-0.0016778
23.47	-0.00035096
23.48	0.00040265
23.49	0.00056735
23.5	0.00031183
23.51	-7.5109e-05
23.52	-0.00084168
23.53	-0.0019408
23.54	-0.0030767
23.55	-0.0044402
23.56	-0.0060897
23.57	-0.0075801
23.58	-0.008675
23.59	-0.0097582
23.6	-0.010897
23.61	-0.01133
23.62	-0.010992
23.63	-0.010545
23.64	-0.01006
23.65	-0.0096581
23.66	-0.009797
23.67	-0.010226
23.68	-0.010574
23.69	-0.011273
23.7	-0.012511
23.71	-0.01352
23.72	-0.013354
23.73	-0.012075
23.74	-0.01033
23.75	-0.0082063
23.76	-0.0058374
23.77	-0.0034857
23.78	-0.0012072
23.79	0.00057183
23.8	0.001333
23.81	0.0012071
23.82	0.00090679
23.83	0.00095312
23.84	0.0011891
23.85	0.0013581
23.86	0.0019607
23.87	0.0033314
23.88	0.0044652
23.89	0.004639
23.9	0.0043771
23.91	0.0043709
23.92	0.0050874
23.93	0.0062013
23.94	0.0067753
23.95	0.0070128
23.96	0.0078099
23.97	0.0091969
23.98	0.010637
23.99	0.011829
24	0.013122
24.01	0.01474
24.02	0.01622
24.03	0.017448
24.04	0.01849
24.05	0.018876
24.06	0.0189
24.07	0.019294
24.08	0.019509
24.09	0.018946
24.1	0.018073
24.11	0.017271
24.12	0.016451
24.13	0.015641
24.14	0.015023
24.15	0.01461
24.16	0.014141
24.17	0.013972
24.18	0.014129
24.19	0.013432
24.2	0.011952
24.21	0.010517
24.22	0.0090537
24.23	0.0077958
24.24	0.0068194
24.25	0.0054971
24.26	0.003741
24.27	0.002011
24.28	0.00050502
24.29	-0.00095733
24.3	-0.0023309
24.31	-0.0035303
24.32	-0.0045117
24.33	-0.0049339
24.34	-0.0050821
24.35	-0.0057986
24.36	-0.006883
24.37	-0.0073551
24.38	-0.0071299
24.39	-0.0068308
24.4	-0.0067124
24.41	-0.0066987
24.42	-0.0065364
24.43	-0.005738
24.44	-0.0043342
24.45	-0.0028917
24.46	-0.0016007
24.47	-0.00042554
24.48	0.00051464
24.49	0.00099608
24.5	0.00066066
24.51	-0.00041103
24.52	-0.0014356
24.53	-0.0019613
24.54	-0.0021483
24.55	-0.0022154
24.56	-0.0022377
24.57	-0.0023793
24.58	-0.0029452
24.59	-0.0038246
24.6	-0.0047502
24.61	-0.0057318
24.62	-0.0066379
24.63	-0.0071151
24.64	-0.0068714
24.65	-0.005928
24.66	-0.0049136
24.67	-0.0044165
24.68	-0.0041975
24.69	-0.0039793
24.7	-0.0042844
24.71	-0.0049244
24.72	-0.0047386
24.73	-0.004
24.74	-0.003813
24.75	-0.0039759
24.76	-0.0036957
24.77	-0.0031972
24.78	-0.0030487
24.79	-0.0031331
24.8	-0.0031048
24.81	-0.0032121
24.82	-0.0039492
24.83	-0.0044485
24.84	-0.004053
24.85	-0.0039038
24.86	-0.0044051
24.87	-0.0047888
24.88	-0.0046555
24.89	-0.0042046
24.9	-0.004162
24.91	-0.0045962
24.92	-0.0047037
24.93	-0.0044991
24.94	-0.0044905
24.95	-0.0045598
24.96	-0.0044488
24.97	-0.0044288
24.98	-0.0048369
24.99	-0.0052763
25	-0.0051926
25.01	-0.0047436
25.02	-0.004322
25.03	-0.0038571
25.04	-0.003357
25.05	-0.0030946
25.06	-0.0030104
25.07	-0.0027677
25.08	-0.0024556
25.09	-0.0024596
25.1	-0.0025893
25.11	-0.0025199
25.12	-0.0023103
25.13	-0.0020065
25.14	-0.0016793
25.15	-0.0014758
25.16	-0.0011119
25.17	-0.0002218
25.18	0.00062899
25.19	0.00063299
25.2	-0.00021326
25.21	-0.001076
25.22	-0.0011111
25.23	-0.00073241
25.24	-0.00060444
25.25	-0.0007662
25.26	-0.00092008
25.27	-0.0003431
25.28	0.00070631
25.29	0.001523
25.3	0.0026027
25.31	0.0041445
25.32	0.0053957
25.33	0.0060653
25.34	0.006607
25.35	0.007144
25.36	0.0074638
25.37	0.0074206
25.38	0.0070469
25.39	0.0068241
25.4	0.0067452
25.41	0.0063785
25.42	0.0060086
25.43	0.0059222
25.44	0.0055745
25.45	0.0045059
25.46	0.0032963
25.47	0.0027688
25.48	0.0027136
25.49	0.0024694
25.5	0.0017194
25.51	0.00073484
25.52	0.00013266
25.53	-0.00017121
25.54	-0.00093294
25.55	-0.0023293
25.56	-0.0033286
25.57	-0.0033205
25.58	-0.0029734
25.59	-0.0028602
25.6	-0.0028943
25.61	-0.0026311
25.62	-0.0017221
25.63	-0.00087873
25.64	-0.0011996
25.65	-0.0021486
25.66	-0.002433
25.67	-0.0019492
25.68	-0.0014975
25.69	-0.0019103
25.7	-0.003165
25.71	-0.0041495
25.72	-0.0041395
25.73	-0.0035552
25.74	-0.0029078
25.75	-0.0020689
25.76	-0.0011022
25.77	-0.0004209
25.78	0.00012656
25.79	0.00066917
25.8	0.00073223
25.81	0.00010679
25.82	-0.00054488
25.83	-0.0008139
25.84	-0.0012459
25.85	-0.0020056
25.86	-0.0024281
25.87	-0.0021476
25.88	-0.0013977
25.89	-0.00053179
25.9	0.00010179
25.91	0.00048454
25.92	0.00078178
25.93	0.0011465
25.94	0.0014233
25.95	0.00094435
25.96	-3.2197e-05
25.97	-0.00061328
25.98	-0.0010276
25.99	-0.0017599
26	-0.0024536
26.01	-0.0025528
26.02	-0.0020946
26.03	-0.0014261
26.04	-0.00097877
26.05	-0.001273
26.06	-0.001391
26.07	-0.00039051
26.08	0.00058065
26.09	0.00065852
26.1	0.00041566
26.11	0.00040055
26.12	0.0003967
26.13	0.00020366
26.14	0.0002129
26.15	0.00044879
26.16	0.0005279
26.17	0.00091877
26.18	0.0019379
26.19	0.0021736
26.2	0.0010713
26.21	0.0001565
26.22	-0.00012052
26.23	-0.0007768
26.24	-0.0018265
26.25	-0.0023479
26.26	-0.0022065
26.27	-0.0019783
26.28	-0.0018096
26.29	-0.0015379
26.3	-0.0010457
26.31	-0.00028023
26.32	0.00040149
26.33	0.00073904
26.34	0.00085901
26.35	0.0008107
26.36	0.0006229
26.37	0.00057024
26.38	0.00076389
26.39	0.0010064
26.4	0.0011682
26.41	0.0013879
26.42	0.0017386
26.43	0.0016389
26.44	0.00099751
26.45	0.00055311
26.46	6.1298e-05
26.47	-0.00098366
26.48	-0.0019817
26.49	-0.0025912
26.5	-0.0030951
26.51	-0.0033997
26.52	-0.0031458
26.53	-0.0024745
26.54	-0.001756
26.55	-0.00079418
26.56	0.00059669
26.57	0.00212
26.58	0.0034159
26.59	0.004289
26.6	0.0049427
26.61	0.0056086
26.62	0.0059062
26.63	0.0055181
26.64	0.0050942
26.65	0.0053578
26.66	0.0059354
26.67	0.0062264
26.68	0.0059483
26.69	0.0050832
26.7	0.0045188
26.71	0.0045287
26.72	0.0040604
26.73	0.0029081
26.74	0.0019842
26.75	0.0017589
26.76	0.0015776
26.77	0.00098686
26.78	0.00067515
26.79	0.0010344
26.8	0.0015225
26.81	0.0016307
26.82	0.0014733
26.83	0.0014128
26.84	0.0011925
26.85	0.00028956
26.86	-0.00093965
26.87	-0.0018161
26.88	-0.0025069
26.89	-0.0033163
26.9	-0.0037654
26.91	-0.0036167
26.92	-0.0033201
26.93	-0.0031601
26.94	-0.0030636
26.95	-0.0029455
26.96	-0.0028111
26.97	-0.002287
26.98	-0.0012882
26.99	-0.0004744
27	-1.5576e-05
27.01	0.00024822
27.02	0.00030088
27.03	0.00032851
27.04	0.00044304
27.05	0.00073376
27.06	0.0019233
27.07	0.0040252
27.08	0.0054433
27.09	0.0054211
27.1	0.004896
27.11	0.0047783
27.12	0.0049321
27.13	0.0047857
27.14	0.0040378
27.15	0.0026438
27.16	0.0014321
27.17	0.00093578
27.18	0.00026068
27.19	-0.0010662
27.2	-0.0024332
27.21	-0.0031649
27.22	-0.0032927
27.23	-0.0033645
27.24	-0.0034031
27.25	-0.0033706
27.26	-0.0039612
27.27	-0.0051197
27.28	-0.0057527
27.29	-0.0058319
27.3	-0.0062612
27.31	-0.006877
27.32	-0.0068449
27.33	-0.006124
27.34	-0.0053069
27.35	-0.0051384
27.36	-0.0055503
27.37	-0.0056669
27.38	-0.0052376
27.39	-0.0050073
27.4	-0.005715
27.41	-0.0066924
27.42	-0.0068019
27.43	-0.0062417
27.44	-0.0057657
27.45	-0.0054919
27.46	-0.0051881
27.47	-0.0047811
27.48	-0.0043975
27.49	-0.0041369
27.5	-0.0036226
27.51	-0.002482
27.52	-0.0012392
27.53	-0.0005235
27.54	-0.00030362
27.55	-0.0002774
27.56	0.0001217
27.57	0.0013094
27.58	0.0025328
27.59	0.0028959
27.6	0.0029043
27.61	0.003231
27.62	0.0038653
27.63	0.004685
27.64	0.0054476
27.65	0.006234
27.66	0.0070611
27.67	0.0078779
27.68	0.00871
27.69	0.0090018
27.7	0.0088079
27.71	0.008725
27.72	0.0086857
27.73	0.0084942
27.74	0.0078523
27.75	0.0065084
27.76	0.0052502
27.77	0.0047235
27.78	0.0045586
27.79	0.0045257
27.8	0.0045455
27.81	0.0048583
27.82	0.0058028
27.83	0.007058
27.84	0.0081583
27.85	0.0089727
27.86	0.009822
27.87	0.01054
27.88	0.010796
27.89	0.01116
27.9	0.011712
27.91	0.011749
27.92	0.011145
27.93	0.010223
27.94	0.0089971
27.95	0.0077147
27.96	0.0073292
27.97	0.0080668
27.98	0.0087521
27.99	0.0085353
28	0.0078665
28.01	0.0073657
28.02	0.0070341
28.03	0.006722
28.04	0.0059617
28.05	0.0043944
28.06	0.0029472
28.07	0.002442
28.08	0.0024496
28.09	0.0020879
28.1	0.00081058
28.11	-0.00061154
28.12	-0.0012692
28.13	-0.0019668
28.14	-0.0032249
28.15	-0.0040151
28.16	-0.0039841
28.17	-0.0038036
28.18	-0.0039182
28.19	-0.0042055
28.2	-0.0041986
28.21	-0.0039081
28.22	-0.0037384
28.23	-0.0036329
28.24	-0.0030306
28.25	-0.0019778
28.26	-0.0010915
28.27	-0.0002079
28.28	0.00060774
28.29	0.00082721
28.3	0.00048648
28.31	-0.00045067
28.32	-0.0017512
28.33	-0.0025526
28.34	-0.0029073
28.35	-0.0037633
28.36	-0.0046495
28.37	-0.004447
28.38	-0.0036539
28.39	-0.0030571
28.4	-0.0025709
28.41	-0.0022656
28.42	-0.0022904
28.43	-0.002423
28.44	-0.0024806
28.45	-0.0024975
28.46	-0.0026205
28.47	-0.0031562
28.48	-0.0042171
28.49	-0.0051429
28.5	-0.0053213
28.51	-0.0050905
28.52	-0.0050044
28.53	-0.0048872
28.54	-0.0042557
28.55	-0.0032472
28.56	-0.0024921
28.57	-0.0022247
28.58	-0.001993
28.59	-0.0017849
28.6	-0.0021255
28.61	-0.0031368
28.62	-0.0044835
28.63	-0.0057854
28.64	-0.0069483
28.65	-0.008076
28.66	-0.0091086
28.67	-0.0094858
28.68	-0.009238
28.69	-0.0095213
28.7	-0.010475
28.71	-0.011004
28.72	-0.011279
28.73	-0.011916
28.74	-0.012237
28.75	-0.011851
28.76	-0.011263
28.77	-0.010788
28.78	-0.010369
28.79	-0.0099421
28.8	-0.0095347
28.81	-0.0090202
28.82	-0.008412
28.83	-0.0079584
28.84	-0.0075542
28.85	-0.0071293
28.86	-0.0068048
28.87	-0.0065685
28.88	-0.006056
28.89	-0.0048503
28.9	-0.0034537
28.91	-0.0025247
28.92	-0.001666
28.93	-0.00059555
28.94	7.3975e-05
28.95	0.00015123
28.96	8.2973e-05
28.97	0.00017664
28.98	0.00086461
28.99	0.0021716
29	0.0030304
29.01	0.0033898
29.02	0.0043245
29.03	0.0053608
29.04	0.0055233
29.05	0.0052471
29.06	0.005444
29.07	0.0063395
29.08	0.0072216
29.09	0.0073508
29.1	0.0069629
29.11	0.0066254
29.12	0.0065566
29.13	0.0066603
29.14	0.0067939
29.15	0.0071841
29.16	0.0080624
29.17	0.0088859
29.18	0.0086405
29.19	0.0075724
29.2	0.0067674
29.21	0.0059249
29.22	0.0046232
29.23	0.003574
29.24	0.0028264
29.25	0.0019565
29.26	0.0011881
29.27	0.00080692
29.28	0.00074611
29.29	0.00048163
29.3	-0.0004614
29.31	-0.0015378
29.32	-0.0019118
29.33	-0.0021655
29.34	-0.0031345
29.35	-0.0041013
29.36	-0.0044149
29.37	-0.0044737
29.38	-0.0048663
29.39	-0.0055207
29.4	-0.0056505
29.41	-0.0051293
29.42	-0.0045486
29.43	-0.0039506
29.44	-0.0029713
29.45	-0.0020398
29.46	-0.0017147
29.47	-0.0018322
29.48	-0.0020131
29.49	-0.0019697
29.5	-0.0017833
29.51	-0.0017201
29.52	-0.0017721
29.53	-0.0015751
29.54	-0.0015409
29.55	-0.0023358
29.56	-0.0028488
29.57	-0.0023837
29.58	-0.0017445
29.59	-0.0010504
29.6	-0.00033895
29.61	-4.7143e-05
29.62	-6.8099e-05
29.63	-6.7191e-05
29.64	7.3653e-06
29.65	0.00031229
29.66	0.0012158
29.67	0.0023771
29.68	0.0029231
29.69	0.0026062
29.7	0.0019736
29.71	0.0013592
29.72	0.0006166
29.73	0.00010502
29.74	0.00011813
29.75	0.00028813
29.76	0.00034966
29.77	0.00035535
29.78	0.00038494
29.79	0.00042781
29.8	0.00047218
29.81	0.00044923
29.82	0.00074176
29.83	0.001862
29.84	0.0030088
29.85	0.0032931
29.86	0.0032022
29.87	0.003473
29.88	0.0042545
29.89	0.0050494
29.9	0.0052572
29.91	0.0049965
29.92	0.0047324
29.93	0.0045839
29.94	0.0044531
29.95	0.0043304
29.96	0.0039087
29.97	0.0029442
29.98	0.0019333
29.99	0.0013193
30	0.0010618
30.01	0.0011548
30.02	0.0019728
30.03	0.0031998
30.04	0.003656
30.05	0.0034695
30.06	0.0039894
30.07	0.0050884
30.08	0.0057372
30.09	0.0062678
30.1	0.0068133
30.11	0.0066219
30.12	0.0060871
30.13	0.0060376
30.14	0.0061997
30.15	0.0060294
30.16	0.0057002
30.17	0.0061517
30.18	0.0072605
30.19	0.0076702
30.2	0.0072106
30.21	0.0066623
30.22	0.0062088
30.23	0.0052987
30.24	0.0040316
30.25	0.0032765
30.26	0.0031901
30.27	0.0029766
30.28	0.0019751
30.29	0.00065958
30.3	-7.8116e-05
30.31	-1.7427e-05
30.32	0.00057969
30.33	0.0014225
30.34	0.0020364
30.35	0.0020692
30.36	0.001791
30.37	0.001588
30.38	0.0014698
30.39	0.0013419
30.4	0.0013338
30.41	0.0013576
30.42	0.0011051
30.43	0.00074409
30.44	0.00057938
30.45	0.00049205
30.46	4.0091e-05
30.47	-0.0010413
30.48	-0.002182
30.49	-0.0026168
30.5	-0.0025283
30.51	-0.0024463
30.52	-0.0024923
30.53	-0.0029138
30.54	-0.0039338
30.55	-0.005011
30.56	-0.0053757
30.57	-0.0050454
30.58	-0.0047254
30.59	-0.0046774
30.6	-0.0041208
30.61	-0.0027678
30.62	-0.0017659
30.63	-0.0017227
30.64	-0.0019981
30.65	-0.0020444
30.66	-0.0020665
30.67	-0.0026671
30.68	-0.0037598
30.69	-0.0047688
30.7	-0.0056812
30.71	-0.0064458
30.72	-0.0066002
30.73	-0.0062879
30.74	-0.0063675
30.75	-0.0070706
30.76	-0.0076739
30.77	-0.0077833
30.78	-0.0077028
30.79	-0.0076558
30.8	-0.0076756
30.81	-0.0078261
30.82	-0.0076438
30.83	-0.0067547
30.84	-0.0058169
30.85	-0.0054228
30.86	-0.0053319
30.87	-0.0051553
30.88	-0.00489
30.89	-0.0045917
30.9	-0.0041054
30.91	-0.0033135
30.92	-0.0023294
30.93	-0.0015286
30.94	-0.0011637
30.95	-0.0010952
30.96	-0.0010806
30.97	-0.00096392
30.98	-0.00072533
30.99	-0.00035841
31	0.00029105
31.01	0.0010974
31.02	0.0015627
31.03	0.0013836
31.04	0.00056471
31.05	-0.00047096
31.06	-0.00095995
31.07	-0.0010594
31.08	-0.0016894
31.09	-0.0025666
31.1	-0.0028489
31.11	-0.0029349
31.12	-0.0033747
31.13	-0.0037315
31.14	-0.0034733
31.15	-0.0029025
31.16	-0.0026092
31.17	-0.0022614
31.18	-0.0015114
31.19	-0.00092972
31.2	-0.00081866
31.21	-0.0008426
31.22	-0.0007745
31.23	-0.00059382
31.24	-2.7581e-05
31.25	0.0010812
31.26	0.0020577
31.27	0.0022234
31.28	0.0021626
31.29	0.0029592
31.3	0.0042414
31.31	0.0047622
31.32	0.0044929
31.33	0.0042074
31.34	0.0041498
31.35	0.0040928
31.36	0.0039955
31.37	0.0042388
31.38	0.0047233
31.39	0.0045809
31.4	0.0037668
31.41	0.0031677
31.42	0.0031055
31.43	0.0036689
31.44	0.0047687
31.45	0.0054769
31.46	0.0053421
31.47	0.0049296
31.48	0.0049057
31.49	0.0056116
31.5	0.0065832
31.51	0.0068315
31.52	0.0062769
31.53	0.0058759
31.54	0.0058341
31.55	0.0055906
31.56	0.005282
31.57	0.0052254
31.58	0.0050701
31.59	0.004605
31.6	0.0042891
31.61	0.0043026
31.62	0.0042695
31.63	0.0040504
31.64	0.0037715
31.65	0.0036579
31.66	0.0042111
31.67	0.0052526
31.68	0.0057128
31.69	0.0053661
31.7	0.0049113
31.71	0.0046706
31.72	0.0045265
31.73	0.004208
31.74	0.0034535
31.75	0.0023329
31.76	0.0012712
31.77	0.00073449
31.78	0.00065766
31.79	0.0006144
31.8	0.00045998
31.81	0.00027532
31.82	0.00015499
31.83	-6.2269e-05
31.84	-0.00061962
31.85	-0.0010992
31.86	-0.001365
31.87	-0.0020329
31.88	-0.0028355
31.89	-0.0030764
31.9	-0.0032894
31.91	-0.0041655
31.92	-0.0051343
31.93	-0.0055045
31.94	-0.0053908
31.95	-0.0052161
31.96	-0.0051713
31.97	-0.0051582
31.98	-0.0051067
31.99	-0.0050275
32	-0.0049375
32.01	-0.0048689
32.02	-0.0048047
32.03	-0.004673
32.04	-0.0047113
32.05	-0.0052617
32.06	-0.0056355
32.07	-0.0052521
32.08	-0.0049982
32.09	-0.0054843
32.1	-0.0061643
32.11	-0.0063467
32.12	-0.0060962
32.13	-0.0057236
32.14	-0.00491
32.15	-0.0036445
32.16	-0.002735
32.17	-0.0025342
32.18	-0.0025817
32.19	-0.0028135
32.2	-0.0035941
32.21	-0.004486
32.22	-0.0047032
32.23	-0.0043239
32.24	-0.0043422
32.25	-0.0053492
32.26	-0.0063112
32.27	-0.0062787
32.28	-0.0057612
32.29	-0.0054243
32.3	-0.0052668
32.31	-0.0050566
32.32	-0.0047477
32.33	-0.0045534
32.34	-0.0047924
32.35	-0.005509
32.36	-0.005926
32.37	-0.005075
32.38	-0.0035818
32.39	-0.0028451
32.4	-0.0025507
32.41	-0.0016272
32.42	-0.00043724
32.43	0.00014116
32.44	0.00013749
32.45	-0.00015887
32.46	-0.00052461
32.47	-0.00076975
32.48	-0.0011568
32.49	-0.001629
32.5	-0.0015366
32.51	-0.00075294
32.52	-0.0001409
32.53	-0.00010202
32.54	-0.00024174
32.55	-0.00059917
32.56	-0.00081236
32.57	-0.00017972
32.58	0.00088653
32.59	0.0014604
32.6	0.0014431
32.61	0.0013363
32.62	0.0013612
32.63	0.0014419
32.64	0.001637
32.65	0.0019986
32.66	0.0023794
32.67	0.0026355
32.68	0.0024309
32.69	0.0017683
32.7	0.001352
32.71	0.0014035
32.72	0.0015055
32.73	0.0014766
32.74	0.0014321
32.75	0.0014025
32.76	0.001524
32.77	0.0021142
32.78	0.0028652
32.79	0.0030801
32.8	0.0030353
32.81	0.0033684
32.82	0.0037341
32.83	0.0036835
32.84	0.0034486
32.85	0.0033085
32.86	0.0032296
32.87	0.0031048
32.88	0.0030612
32.89	0.0031936
32.9	0.0032565
32.91	0.0034711
32.92	0.0042843
32.93	0.0050901
32.94	0.005178
32.95	0.004809
32.96	0.0047541
32.97	0.0058975
32.98	0.0076072
32.99	0.0079446
33	0.0073508
33.01	0.0076295
33.02	0.0083561
33.03	0.0084077
33.04	0.0078007
33.05	0.0069987
33.06	0.0066296
33.07	0.006809
33.08	0.0069233
33.09	0.0063113
33.1	0.0048456
33.11	0.0035189
33.12	0.003126
33.13	0.0031626
33.14	0.0030419
33.15	0.0028056
33.16	0.0026317
33.17	0.0026487
33.18	0.0027491
33.19	0.0025592
33.2	0.0021806
33.21	0.0020374
33.22	0.0018434
33.23	0.0010029
33.24	-0.00013587
33.25	-0.00081984
33.26	-0.00088809
33.27	-0.001004
33.28	-0.0019645
33.29	-0.0031614
33.3	-0.0035457
33.31	-0.0038043
33.32	-0.0047882
33.33	-0.0056192
33.34	-0.0055591
33.35	-0.0051387
33.36	-0.0049015
33.37	-0.0048497
33.38	-0.0046507
33.39	-0.0038708
33.4	-0.002667
33.41	-0.0018184
33.42	-0.0015396
33.43	-0.0010378
33.44	9.1363e-05
33.45	0.0010786
33.46	0.0013654
33.47	0.0013206
33.48	0.0016733
33.49	0.0024932
33.5	0.0030196
33.51	0.003124
33.52	0.0031766
33.53	0.0027386
33.54	0.0014301
33.55	0.00021597
33.56	-5.2519e-05
33.57	0.0001458
33.58	0.00019098
33.59	7.3008e-05
33.6	-8.8164e-06
33.61	-1.0859e-05
33.62	-5.194e-06
33.63	-3.271e-05
33.64	-6.9946e-05
33.65	-9.1575e-05
33.66	-0.0001077
33.67	-8.8329e-05
33.68	-0.00011544
33.69	-0.00063412
33.7	-0.0014823
33.71	-0.0017699
33.72	-0.0013305
33.73	-0.00073548
33.74	-0.00039631
33.75	-0.0002212
33.76	-9.7954e-05
33.77	-7.7636e-05
33.78	-0.00014321
33.79	-0.00013613
33.8	0.00022947
33.81	0.0010249
33.82	0.0019035
33.83	0.0023395
33.84	0.0022608
33.85	0.0020314
33.86	0.0018674
33.87	0.0017581
33.88	0.0016515
33.89	0.0015379
33.9	0.0014277
33.91	0.0013265
33.92	0.0012476
33.93	0.0011819
33.94	0.00085466
33.95	0.00012446
33.96	-0.00041434
33.97	-0.00057426
33.98	-0.00096808
33.99	-0.0015668
34	-0.001833
34.01	-0.0017659
34.02	-0.0016904
34.03	-0.0018546
34.04	-0.002565
34.05	-0.0035988
34.06	-0.0040058
34.07	-0.0037595
34.08	-0.0036505
34.09	-0.0037136
34.1	-0.0036361
34.11	-0.0034618
34.12	-0.0033283
34.13	-0.0032373
34.14	-0.0031504
34.15	-0.0031129
34.16	-0.0028922
34.17	-0.002246
34.18	-0.0018725
34.19	-0.0022701
34.2	-0.0026923
34.21	-0.0026225
34.22	-0.0023829
34.23	-0.0022711
34.24	-0.0022367
34.25	-0.0021677
34.26	-0.0020683
34.27	-0.0019784
34.28	-0.0019079
34.29	-0.0018369
34.3	-0.0017586
34.31	-0.0016833
34.32	-0.0016053
34.33	-0.0015285
34.34	-0.0014556
34.35	-0.0013815
34.36	-0.0013102
34.37	-0.0012102
34.38	-0.0012992
34.39	-0.0018294
34.4	-0.0024608
34.41	-0.002662
34.42	-0.0022631
34.43	-0.0014706
34.44	-0.00073201
34.45	-0.00042487
34.46	-0.00044818
34.47	-0.00049063
34.48	-0.00022474
34.49	0.00053956
34.5	0.0012762
34.51	0.0016341
34.52	0.001933
34.53	0.0021842
34.54	0.0017419
34.55	0.00036807
34.56	-0.00031963
34.57	0.00077304
34.58	0.0019176
34.59	0.0018927
34.6	0.0016652
34.61	0.0016752
34.62	0.0014249
34.63	0.0010836
34.64	0.001115
34.65	0.0014317
34.66	0.0016572
34.67	0.0016384
34.68	0.001528
34.69	0.0014715
34.7	0.0014495
34.71	0.0014101
34.72	0.0013629
34.73	0.0013112
34.74	0.0012454
34.75	0.0011717
34.76	0.00097994
34.77	0.00043263
34.78	-0.00044459
34.79	-0.0011923
34.8	-0.0014359
34.81	-0.0013238
34.82	-0.0011988
34.83	-0.0011947
34.84	-0.0011104
34.85	-0.00046421
34.86	0.000704
34.87	0.0015391
34.88	0.0016126
34.89	0.0013953
34.9	0.0013147
34.91	0.0013344
34.92	0.0013089
34.93	0.0012368
34.94	0.0011791
34.95	0.0011167
34.96	0.0010521
34.97	0.0013253
34.98	0.0022616
34.99	0.0032873
35	0.003583
35.01	0.0033086
35.02	0.0030693
35.03	0.0029649
35.04	0.0023697
35.05	0.00098822
35.06	1.4485e-06
35.07	0.00039645
35.08	0.0014748
35.09	0.0020234
35.1	0.0018377
35.11	0.0017215
35.12	0.0019803
35.13	0.0022632
35.14	0.0023241
35.15	0.0020199
35.16	0.0017345
35.17	0.0018366
35.18	0.0019125
35.19	0.0014014
35.2	0.00015016
35.21	-0.0011226
35.22	-0.0015264
35.23	-0.0013056
35.24	-0.0012734
35.25	-0.0016831
35.26	-0.0022862
35.27	-0.0029454
35.28	-0.0034851
35.29	-0.0036213
35.3	-0.0034589
35.31	-0.0033016
35.32	-0.0032179
35.33	-0.0031272
35.34	-0.0030425
35.35	-0.00293
35.36	-0.0023896
35.37	-0.001249
35.38	-0.00023159
35.39	2.7634e-05
35.4	-0.00014152
35.41	-0.00022314
35.42	-0.00017545
35.43	-0.00015079
35.44	-0.00017644
35.45	-0.00020055
35.46	-0.00020322
35.47	-0.00020001
35.48	-0.00021158
35.49	-0.00018389
35.5	-0.00037404
35.51	-0.0010483
35.52	-0.0017911
35.53	-0.002072
35.54	-0.0019858
35.55	-0.0021433
35.56	-0.002517
35.57	-0.0025938
35.58	-0.0024128
35.59	-0.002277
35.6	-0.002222
35.61	-0.0019839
35.62	-0.001348
35.63	-0.0004386
35.64	0.00029719
35.65	0.0005191
35.66	0.00040457
35.67	0.00031289
35.68	0.00032506
35.69	0.00032238
35.7	0.00025871
35.71	0.00021445
35.72	0.00020324
35.73	0.00015241
35.74	7.6475e-05
35.75	4.061e-05
35.76	2.6416e-05
35.77	6.3702e-06
35.78	-5.6648e-05
35.79	-0.00049375
35.8	-0.0015158
35.81	-0.0025004
35.82	-0.0027825
35.83	-0.0025952
35.84	-0.0025372
35.85	-0.0027384
35.86	-0.0029547
35.87	-0.0028833
35.88	-0.0023956
35.89	-0.0019469
35.9	-0.0018718
35.91	-0.0018959
35.92	-0.0018208
35.93	-0.0017211
35.94	-0.0016462
35.95	-0.0015423
35.96	-0.0012883
35.97	-0.0010323
35.98	-0.0010747
35.99	-0.0012033
36	-0.001145
36.01	-0.00097713
36.02	-0.00075558
36.03	-0.00024494
36.04	0.00050973
36.05	0.0011222
36.06	0.0015548
36.07	0.0018467
36.08	0.0019383
36.09	0.0019216
36.1	0.0018907
36.11	0.0018789
36.12	0.0018938
36.13	0.0019096
36.14	0.0018892
36.15	0.0018329
36.16	0.0017888
36.17	0.0019195
36.18	0.0021833
36.19	0.0021218
36.2	0.0016719
36.21	0.0013551
36.22	0.0013196
36.23	0.0011432
36.24	0.00057513
36.25	-0.00031559
36.26	-0.00099606
36.27	-0.00075704
36.28	8.4875e-06
36.29	0.00063344
36.3	0.001153
36.31	0.0014572
36.32	0.0014405
36.33	0.0013331
36.34	0.0012397
36.35	0.0012409
36.36	0.0017314
36.37	0.0027278
36.38	0.0034888
36.39	0.0035435
36.4	0.0033142
36.41	0.0034845
36.42	0.0042055
36.43	0.0050298
36.44	0.0052916
36.45	0.0047553
36.46	0.0041924
36.47	0.0042752
36.48	0.0045279
36.49	0.0043619
36.5	0.0037805
36.51	0.0032741
36.52	0.0032654
36.53	0.0033545
36.54	0.0027447
36.55	0.0014605
36.56	0.00050051
36.57	0.00034823
36.58	0.00048794
36.59	0.00044794
36.6	0.00020223
36.61	-8.9213e-05
36.62	-0.00052394
36.63	-0.0012944
36.64	-0.002027
36.65	-0.0022874
36.66	-0.0021984
36.67	-0.002022
36.68	-0.0020841
36.69	-0.0027499
36.7	-0.0036844
36.71	-0.0041545
36.72	-0.0040445
36.73	-0.0037785
36.74	-0.0036255
36.75	-0.0035253
36.76	-0.0034039
36.77	-0.0031456
36.78	-0.0028267
36.79	-0.0026629
36.8	-0.0022303
36.81	-0.0014945
36.82	-0.001147
36.83	-0.0011933
36.84	-0.0014922
36.85	-0.0018053
36.86	-0.0016828
36.87	-0.0014582
36.88	-0.0014534
36.89	-0.0013461
36.9	-0.0007934
36.91	-4.8056e-05
36.92	0.00031527
36.93	0.00027124
36.94	0.00016837
36.95	0.00016215
36.96	0.00019046
36.97	0.00019142
36.98	0.00017951
36.99	0.00017396
37	0.00017334
37.01	0.00017496
37.02	0.00017893
37.03	0.00018004
37.04	0.00017621
37.05	0.00017146
37.06	0.00017047
37.07	0.00017373
37.08	0.00017815
37.09	0.00017837
37.1	0.00016473
37.11	0.00015099
37.12	0.00032436
37.13	0.00069197
37.14	0.00092422
37.15	0.0011096
37.16	0.0014417
37.17	0.0017692
37.18	0.0018039
37.19	0.0011223
37.2	0.00010001
37.21	-0.00033191
37.22	-0.00017823
37.23	-0.00011799
37.24	-0.0006232
37.25	-0.0015115
37.26	-0.0020713
37.27	-0.0020308
37.28	-0.0017907
37.29	-0.0016684
37.3	-0.0016625
37.31	-0.0014765
37.32	-0.00068534
37.33	0.00034654
37.34	0.0007851
37.35	0.00066625
37.36	0.00049646
37.37	0.00049354
37.38	0.00097186
37.39	0.0018569
37.4	0.0023412
37.41	0.0021946
37.42	0.0019363
37.43	0.0018382
37.44	0.0017968
37.45	0.0017048
37.46	0.0015869
37.47	0.0014869
37.48	0.0014104
37.49	0.0013447
37.5	0.0012809
37.51	0.0012013
37.52	0.0010954
37.53	0.00099623
37.54	0.00092743
37.55	0.00085368
37.56	0.00091191
37.57	0.0013996
37.58	0.0019929
37.59	0.0020934
37.6	0.001867
37.61	0.0016063
37.62	0.0011793
37.63	0.00057304
37.64	0.0002266
37.65	0.00023554
37.66	0.00013306
37.67	-5.1092e-05
37.68	-9.4993e-05
37.69	-0.00017824
37.7	-0.00065065
37.71	-0.0014789
37.72	-0.0019827
37.73	-0.0018876
37.74	-0.0016732
37.75	-0.0018669
37.76	-0.0024038
37.77	-0.0026107
37.78	-0.0022173
37.79	-0.0018221
37.8	-0.0018795
37.81	-0.0019557
37.82	-0.0017952
37.83	-0.0017096
37.84	-0.0016839
37.85	-0.0016788
37.86	-0.0018605
37.87	-0.0020505
37.88	-0.002008
37.89	-0.0018386
37.9	-0.0017059
37.91	-0.0016171
37.92	-0.0015253
37.93	-0.0014196
37.94	-0.0013023
37.95	-0.001232
37.96	-0.0013142
37.97	-0.0015591
37.98	-0.0017167
37.99	-0.0015638
38	-0.0014433
38.01	-0.0016394
38.02	-0.0017993
38.03	-0.0016804
38.04	-0.0014654
38.05	-0.0013163
38.06	-0.0012109
38.07	-0.0010931
38.08	-0.00097718
38.09	-0.00078804
38.1	-0.00045045
38.11	-0.00023653
38.12	-0.00022533
38.13	-7.2527e-05
38.14	0.00030559
38.15	0.00066933
38.16	0.00080859
38.17	0.00087782
38.18	0.0010356
38.19	0.0010536
38.2	0.001045
38.21	0.0013607
38.22	0.0017715
38.23	0.0018791
38.24	0.0017524
38.25	0.001644
38.26	0.0016086
38.27	0.0015724
38.28	0.0015084
38.29	0.0014406
38.3	0.0013834
38.31	0.0013326
38.32	0.0012672
38.33	0.0012213
38.34	0.0013555
38.35	0.0016883
38.36	0.0019254
38.37	0.0018843
38.38	0.0017101
38.39	0.001569
38.4	0.0015736
38.41	0.0017968
38.42	0.0020492
38.43	0.0020618
38.44	0.0018822
38.45	0.0017073
38.46	0.0015878
38.47	0.0014747
38.48	0.0013466
38.49	0.0012204
38.5	0.0011069
38.51	0.0010011
38.52	0.00089918
38.53	0.00080066
38.54	0.00063353
38.55	0.00037301
38.56	0.00024638
38.57	0.00033821
38.58	0.00039881
38.59	0.00031662
38.6	0.00020534
38.61	0.00013528
38.62	8.5355e-05
38.63	2.7803e-05
38.64	-3.4663e-05
38.65	-9.0606e-05
38.66	-0.00013726
38.67	-0.00017141
38.68	-0.00020115
38.69	-0.00035554
38.7	-0.00068452
38.71	-0.00092656
38.72	-0.00093299
38.73	-0.00086303
38.74	-0.00084204
38.75	-0.00084917
38.76	-0.00084043
38.77	-0.00081826
38.78	-0.00079954
38.79	-0.0007876
38.8	-0.00077375
38.81	-0.0007414
38.82	-0.00073702
38.83	-0.00087544
38.84	-0.001091
38.85	-0.0011676
38.86	-0.0010911
38.87	-0.0010034
38.88	-0.00095682
38.89	-0.00091419
38.9	-0.00088989
38.91	-0.00089026
38.92	-0.00088364
38.93	-0.00093598
38.94	-0.0010195
38.95	-0.0010019
38.96	-0.00089255
38.97	-0.00081185
38.98	-0.00085243
38.99	-0.00095692
39	-0.00097501
39.01	-0.00088036
39.02	-0.00076521
39.03	-0.0006799
39.04	-0.00060782
39.05	-0.00053545
39.06	-0.0004516
39.07	-0.00033629
39.08	-0.0002427
39.09	-0.00022419
39.1	-0.00020042
39.11	-0.00013114
39.12	-8.3076e-05
39.13	-6.0445e-05
39.14	-2.4107e-05
39.15	1.9521e-05
39.16	6.3985e-05
39.17	0.00016009
39.18	0.00030637
39.19	0.0003971
39.2	0.00040103
39.21	0.00038681
39.22	0.00039147
39.23	0.00040055
39.24	0.00040051
39.25	0.00039604
39.26	0.00039123
39.27	0.00038522
39.28	0.00038008
39.29	0.00037655
39.3	0.00037329
39.31	0.00036913
39.32	0.00036223
39.33	0.00036217
39.34	0.00037067
39.35	0.00036281
39.36	0.0003394
39.37	0.00032428
39.38	0.00032008
39.39	0.00031703
39.4	0.00031025
39.41	0.00029976
39.42	0.0002879
39.43	0.00027775
39.44	0.00026948
39.45	0.00025977
39.46	0.00024861
39.47	0.00025515
39.48	0.00028859
39.49	0.00031041
39.5	0.00029415
39.51	0.00026242
39.52	0.00023795
39.53	0.00021946
39.54	0.00020045
39.55	0.00017863
39.56	0.00015967
39.57	0.00015477
39.58	0.000158
39.59	0.00014709
39.6	0.00011883
39.61	9.1319e-05
39.62	7.3528e-05
39.63	5.9427e-05
39.64	4.4014e-05
39.65	2.9601e-05
39.66	1.9883e-05
39.67	1.4011e-05
39.68	7.4692e-06
39.69	-3.2091e-06
39.7	-1.622e-05
39.71	-2.8348e-05
39.72	-3.8729e-05
39.73	-4.8134e-05
39.74	-5.4474e-05
39.75	-5.7427e-05
39.76	-6.3183e-05
39.77	-7.2522e-05
39.78	-7.9362e-05
39.79	-8.2954e-05
39.8	-8.6208e-05
39.81	-8.8714e-05
39.82	-8.9377e-05
39.83	-8.8902e-05
39.84	-8.7983e-05
39.85	-8.6773e-05
39.86	-8.4967e-05
39.87	-8.25e-05
39.88	-7.9285e-05
39.89	-7.5563e-05
39.9	-7.1786e-05
39.91	-6.7669e-05
39.92	-6.2914e-05
39.93	-5.8021e-05
39.94	-5.3119e-05
39.95	-4.7785e-05
39.96	-4.1913e-05
39.97	-3.5557e-05
39.98	-2.8691e-05
39.99	-2.1308e-05
