0	0.00026008
0.005	0.00024497
0.01	7.275e-05
0.015	-0.00017556
0.02	-0.00040136
0.025	-0.00053372
0.03	-0.00061494
0.035	-0.00075702
0.04	-0.00092027
0.045	-0.00096987
0.05	-0.00084722
0.055	-0.00064809
0.06	-0.00045969
0.065	-0.00030403
0.07	-0.00022236
0.075	-0.00023667
0.08	-0.00048004
0.085	-0.00094379
0.09	-0.0014025
0.095	-0.0014708
0.1	-0.00073647
0.105	0.00062481
0.11	0.0016634
0.115	0.0015862
0.12	0.00081808
0.125	0.00023642
0.13	0.00015541
0.135	0.00042193
0.14	0.00063271
0.145	0.00036421
0.15	-0.00031526
0.155	-0.00094261
0.16	-0.0012242
0.165	-0.0012304
0.17	-0.00089793
0.175	-0.00035971
0.18	3.8094e-05
0.185	4.6335e-05
0.19	5.5065e-05
0.195	0.0002213
0.2	-0.00010445
0.205	-0.00093102
0.21	-0.0018044
0.215	-0.0022125
0.22	-0.0018628
0.225	-0.00097131
0.23	-1.0938e-05
0.235	0.00058343
0.24	0.00066698
0.245	0.00090654
0.25	0.0014233
0.255	0.00094817
0.26	-0.0013346
0.265	-0.0038304
0.27	-0.0045019
0.275	-0.0032769
0.28	-0.001493
0.285	1.2725e-05
0.29	0.00090848
0.295	0.0017282
0.3	0.0028321
0.305	0.0042337
0.31	0.0044424
0.315	0.0022172
0.32	-0.00071609
0.325	-0.0025536
0.33	-0.0029242
0.335	-0.0029752
0.34	-0.0042075
0.345	-0.0064543
0.35	-0.0081818
0.355	-0.0080803
0.36	-0.0061896
0.365	-0.0029384
0.37	0.0003263
0.375	0.0021065
0.38	0.0030704
0.385	0.0049912
0.39	0.0084463
0.395	0.012636
0.4	0.016057
0.405	0.016542
0.41	0.012454
0.415	0.0048587
0.42	-0.0031371
0.425	-0.0091431
0.43	-0.01154
0.435	-0.0095721
0.44	-0.0061625
0.445	-0.0037635
0.45	-0.0028466
0.455	-0.0024234
0.46	-0.00079462
0.465	0.0027798
0.47	0.0052722
0.475	0.0026722
0.48	-0.0042549
0.485	-0.010865
0.49	-0.012387
0.495	-0.006649
0.5	0.0039225
0.505	0.012933
0.51	0.015674
0.515	0.015245
0.52	0.016362
0.525	0.014675
0.53	0.0047939
0.535	-0.010368
0.54	-0.021063
0.545	-0.018872
0.55	-0.004851
0.555	0.012996
0.56	0.023119
0.565	0.016702
0.57	0.00076209
0.575	-0.0084542
0.58	-0.0080737
0.585	-0.0068991
0.59	-0.0073282
0.595	-0.0043035
0.6	0.0044256
0.605	0.014611
0.61	0.018608
0.615	0.010673
0.62	-0.0060647
0.625	-0.021101
0.63	-0.028069
0.635	-0.025339
0.64	-0.015902
0.645	-0.0067652
0.65	-0.0029181
0.655	-0.0018744
0.66	-0.0010416
0.665	-0.0020017
0.67	-0.0061918
0.675	-0.011726
0.68	-0.013117
0.685	-0.0076483
0.69	0.004253
0.695	0.016896
0.7	0.023557
0.705	0.018736
0.71	0.0037401
0.715	-0.012891
0.72	-0.022607
0.725	-0.02078
0.73	-0.0090969
0.735	0.0013999
0.74	0.0028037
0.745	-0.0040872
0.75	-0.0095502
0.755	-0.0058651
0.76	0.0017859
0.765	0.0058289
0.77	0.0025839
0.775	-0.0071156
0.78	-0.015798
0.785	-0.018423
0.79	-0.014541
0.795	-0.0024075
0.8	0.014171
0.805	0.025643
0.81	0.029093
0.815	0.029427
0.82	0.030793
0.825	0.031113
0.83	0.02695
0.835	0.01554
0.84	-0.00093839
0.845	-0.013572
0.85	-0.019489
0.855	-0.021754
0.86	-0.023283
0.865	-0.018963
0.87	-0.0065446
0.875	0.0087173
0.88	0.020728
0.885	0.027895
0.89	0.02924
0.895	0.022782
0.9	0.01146
0.905	0.0023877
0.91	0.001214
0.915	0.0038736
0.92	-0.0031003
0.925	-0.020745
0.93	-0.033285
0.935	-0.028056
0.94	-0.010504
0.945	0.0024095
0.95	0.00076712
0.955	-0.010872
0.96	-0.017069
0.965	-0.010275
0.97	0.0043396
0.975	0.017391
0.98	0.024664
0.985	0.026401
0.99	0.019289
0.995	0.0023611
1	-0.015673
1.005	-0.028172
1.01	-0.028173
1.015	-0.02077
1.02	-0.014183
1.025	-0.0099415
1.03	-0.0040731
1.035	0.005791
1.04	0.014023
1.045	0.010414
1.05	-0.0051303
1.055	-0.018814
1.06	-0.018909
1.065	-0.0073545
1.07	0.0037292
1.075	0.0070509
1.08	0.0074413
1.085	0.011176
1.09	0.016292
1.095	0.015419
1.1	0.0072494
1.105	-0.0031452
1.11	-0.0089608
1.115	-0.0098442
1.12	-0.0080121
1.125	-0.0057254
1.13	-0.0042024
1.135	-0.002119
1.14	0.0026487
1.145	0.010392
1.15	0.017454
1.155	0.018055
1.16	0.01003
1.165	0.00024709
1.17	-0.007428
1.175	-0.014889
1.18	-0.02197
1.185	-0.027124
1.19	-0.025304
1.195	-0.017025
1.2	-0.009731
1.205	-0.0066969
1.21	-0.0036436
1.215	0.0024384
1.22	0.0052613
1.225	0.0043808
1.23	0.0065229
1.235	0.01239
1.24	0.015795
1.245	0.014174
1.25	0.010588
1.255	0.0082919
1.26	0.0070264
1.265	0.0044881
1.27	-0.0023231
1.275	-0.015763
1.28	-0.026403
1.285	-0.018583
1.29	0.0072384
1.295	0.035932
1.3	0.046
1.305	0.029725
1.31	-0.0013393
1.315	-0.022672
1.32	-0.020836
1.325	-0.004991
1.33	0.0086632
1.335	0.011247
1.34	0.0038553
1.345	-0.0069807
1.35	-0.014065
1.355	-0.010224
1.36	0.0044786
1.365	0.020583
1.37	0.03129
1.375	0.032889
1.38	0.020203
1.385	0.00020547
1.39	-0.014234
1.395	-0.020637
1.4	-0.024137
1.405	-0.026442
1.41	-0.024476
1.415	-0.014734
1.42	0.0019167
1.425	0.016338
1.43	0.019977
1.435	0.013618
1.44	0.0073622
1.445	0.0087054
1.45	0.012252
1.455	0.0080191
1.46	-0.0057294
1.465	-0.021727
1.47	-0.032024
1.475	-0.026676
1.48	-0.0046277
1.485	0.014283
1.49	0.01259
1.495	-0.0054581
1.5	-0.016585
1.505	-0.0096737
1.51	0.0038324
1.515	0.0062489
1.52	-0.0064995
1.525	-0.020213
1.53	-0.01708
1.535	0.0022356
1.54	0.0209
1.545	0.023694
1.55	0.012102
1.555	0.0032394
1.56	0.0098244
1.565	0.02268
1.57	0.028011
1.575	0.021193
1.58	0.0076519
1.585	-0.0025712
1.59	-0.0019462
1.595	0.0080051
1.6	0.013338
1.605	0.0070612
1.61	-0.0059218
1.615	-0.010436
1.62	-0.0021016
1.625	0.0079086
1.63	0.011401
1.635	0.0062803
1.64	-0.0065765
1.645	-0.02275
1.65	-0.036639
1.655	-0.035099
1.66	-0.012573
1.665	0.013153
1.67	0.026919
1.675	0.026109
1.68	0.016245
1.685	0.0024351
1.69	-0.0091057
1.695	-0.012841
1.7	-0.010887
1.705	-0.0074062
1.71	-0.0028578
1.715	0.0011697
1.72	0.00021193
1.725	-0.0059212
1.73	-0.012566
1.735	-0.015645
1.74	-0.013588
1.745	-0.0064045
1.75	0.0046484
1.755	0.014865
1.76	0.02107
1.765	0.021962
1.77	0.020356
1.775	0.018592
1.78	0.01924
1.785	0.017332
1.79	0.0045245
1.795	-0.01205
1.8	-0.021198
1.805	-0.021346
1.81	-0.016051
1.815	-0.012812
1.82	-0.015628
1.825	-0.017746
1.83	-0.0096581
1.835	0.006391
1.84	0.018397
1.845	0.016023
1.85	0.0033237
1.855	-0.0030999
1.86	0.0025617
1.865	0.0079068
1.87	0.0028072
1.875	-0.010164
1.88	-0.020768
1.885	-0.019663
1.89	-0.012183
1.895	-0.009049
1.9	-0.014404
1.905	-0.024893
1.91	-0.026473
1.915	-0.014795
1.92	-0.0016846
1.925	0.0012931
1.93	-0.0054955
1.935	-0.011155
1.94	-0.006188
1.945	0.0078481
1.95	0.021854
1.955	0.026907
1.96	0.019958
1.965	0.0065146
1.97	-0.0034139
1.975	-0.0059904
1.98	-0.0048822
1.985	-0.0060557
1.99	-0.012276
1.995	-0.019778
2	-0.019339
2.005	-0.0046511
2.01	0.016119
2.015	0.029177
2.02	0.024554
2.025	0.0063484
2.03	-0.011116
2.035	-0.016928
2.04	-0.0063268
2.045	0.011873
2.05	0.022646
2.055	0.017412
2.06	0.0037923
2.065	-0.0023021
2.07	0.0056523
2.075	0.018383
2.08	0.021588
2.085	0.011839
2.09	-0.0021545
2.095	-0.0090322
2.1	-0.007756
2.105	-0.0041457
2.11	-0.0068403
2.115	-0.018198
2.12	-0.029213
2.125	-0.032075
2.13	-0.024535
2.135	-0.007424
2.14	0.0099364
2.145	0.017496
2.15	0.011479
2.155	0.0012345
2.16	-0.0036257
2.165	-0.0047332
2.17	-0.0017555
2.175	0.0047768
2.18	0.013009
2.185	0.019118
2.19	0.015232
2.195	-0.0020664
2.2	-0.023976
2.205	-0.038749
2.21	-0.03863
2.215	-0.023838
2.22	0.00021037
2.225	0.025803
2.23	0.045254
2.235	0.054561
2.24	0.05092
2.245	0.031156
2.25	-0.00029491
2.255	-0.028493
2.26	-0.038065
2.265	-0.022722
2.27	0.0031056
2.275	0.018415
2.28	0.010502
2.285	-0.0097051
2.29	-0.018117
2.295	-0.0080638
2.3	0.0051434
2.305	0.008702
2.31	0.0090163
2.315	0.020651
2.32	0.039476
2.325	0.044181
2.33	0.027487
2.335	0.0035414
2.34	-0.014545
2.345	-0.023413
2.35	-0.025096
2.355	-0.020732
2.36	-0.013039
2.365	-0.0036021
2.37	0.0082104
2.375	0.017135
2.38	0.015893
2.385	0.0047643
2.39	-0.0062997
2.395	-0.012061
2.4	-0.012618
2.405	-0.013145
2.41	-0.015014
2.415	-0.014304
2.42	-0.0098037
2.425	-0.0043063
2.43	0.00010609
2.435	0.0039341
2.44	0.0067065
2.445	0.007184
2.45	0.0067098
2.455	0.006669
2.46	0.0046884
2.465	-0.0020325
2.47	-0.010599
2.475	-0.016183
2.48	-0.014418
2.485	-0.0059774
2.49	0.00075028
2.495	0.0040262
2.5	0.0067168
2.505	0.011147
2.51	0.020512
2.515	0.031394
2.52	0.035657
2.525	0.027831
2.53	0.011235
2.535	-0.0050315
2.54	-0.014455
2.545	-0.014284
2.55	-0.0049329
2.555	0.0073977
2.56	0.014997
2.565	0.016438
2.57	0.020449
2.575	0.033968
2.58	0.049112
2.585	0.047788
2.59	0.025457
2.595	-0.004438
2.6	-0.027226
2.605	-0.036264
2.61	-0.039796
2.615	-0.042791
2.62	-0.040433
2.625	-0.03029
2.63	-0.015635
2.635	-0.0021172
2.64	0.0067359
2.645	0.01067
2.65	0.012259
2.655	0.011238
2.66	0.0049708
2.665	0.00014213
2.67	0.0043185
2.675	0.014868
2.68	0.030677
2.685	0.053045
2.69	0.075676
2.695	0.090653
2.7	0.094844
2.705	0.083642
2.71	0.056559
2.715	0.02178
2.72	-0.010556
2.725	-0.038552
2.73	-0.069432
2.735	-0.10723
2.74	-0.14418
2.745	-0.16392
2.75	-0.1514
2.755	-0.10199
2.76	-0.036538
2.765	0.011418
2.77	0.042404
2.775	0.077963
2.78	0.11814
2.785	0.14491
2.79	0.14816
2.795	0.13321
2.8	0.1143
2.805	0.10043
2.81	0.084701
2.815	0.055982
2.82	0.01215
2.825	-0.038976
2.83	-0.084582
2.835	-0.11294
2.84	-0.12143
2.845	-0.11696
2.85	-0.10892
2.855	-0.099494
2.86	-0.079568
2.865	-0.036483
2.87	0.029264
2.875	0.093848
2.88	0.13681
2.885	0.16326
2.89	0.18232
2.895	0.19027
2.9	0.17821
2.905	0.14452
2.91	0.090575
2.915	0.01964
2.92	-0.058369
2.925	-0.14063
2.93	-0.21943
2.935	-0.24778
2.94	-0.21269
2.945	-0.15268
2.95	-0.10808
2.955	-0.094854
2.96	-0.089156
2.965	-0.060489
2.97	-0.0097961
2.975	0.041933
2.98	0.076597
2.985	0.10082
2.99	0.11075
2.995	0.10781
3	0.10515
3.005	0.10903
3.01	0.10671
3.015	0.083146
3.02	0.040954
3.025	-0.0079474
3.03	-0.050782
3.035	-0.083924
3.04	-0.10944
3.045	-0.13175
3.05	-0.14262
3.055	-0.1333
3.06	-0.095891
3.065	-0.033523
3.07	0.028247
3.075	0.058929
3.08	0.070028
3.085	0.085576
3.09	0.11225
3.095	0.13419
3.1	0.14255
3.105	0.13386
3.11	0.10635
3.115	0.069592
3.12	0.033022
3.125	-0.0040902
3.13	-0.040245
3.135	-0.070001
3.14	-0.093139
3.145	-0.10833
3.15	-0.11774
3.155	-0.12403
3.16	-0.12678
3.165	-0.11698
3.17	-0.096679
3.175	-0.078605
3.18	-0.074231
3.185	-0.080126
3.19	-0.083711
3.195	-0.072131
3.2	-0.042248
3.205	-0.0040944
3.21	0.027468
3.215	0.043442
3.22	0.050058
3.225	0.060005
3.23	0.068132
3.235	0.062418
3.24	0.048635
3.245	0.042342
3.25	0.050614
3.255	0.072272
3.26	0.093104
3.265	0.10041
3.27	0.098195
3.275	0.098802
3.28	0.10528
3.285	0.10514
3.29	0.081129
3.295	0.02977
3.3	-0.033539
3.305	-0.090237
3.31	-0.12865
3.315	-0.14283
3.32	-0.13547
3.325	-0.11818
3.33	-0.10712
3.335	-0.10093
3.34	-0.075223
3.345	-0.021008
3.35	0.043919
3.355	0.090301
3.36	0.10229
3.365	0.092702
3.37	0.074675
3.375	0.051455
3.38	0.026404
3.385	0.00087887
3.39	-0.024882
3.395	-0.048379
3.4	-0.064541
3.405	-0.068424
3.41	-0.056734
3.415	-0.038523
3.42	-0.019725
3.425	0.0028523
3.43	0.037365
3.435	0.07806
3.44	0.10769
3.445	0.11614
3.45	0.10087
3.455	0.072537
3.46	0.046474
3.465	0.026275
3.47	0.0035715
3.475	-0.031028
3.48	-0.073684
3.485	-0.11539
3.49	-0.14624
3.495	-0.16154
3.5	-0.17146
3.505	-0.17555
3.51	-0.17086
3.515	-0.15324
3.52	-0.12368
3.525	-0.088103
3.53	-0.05131
3.535	-0.01836
3.54	0.010642
3.545	0.040244
3.55	0.073865
3.555	0.10984
3.56	0.14114
3.565	0.16198
3.57	0.16614
3.575	0.15236
3.58	0.12375
3.585	0.08609
3.59	0.047672
3.595	0.012614
3.6	-0.012933
3.605	-0.027678
3.61	-0.02749
3.615	-0.0062559
3.62	0.029373
3.625	0.059421
3.63	0.069558
3.635	0.06653
3.64	0.062175
3.645	0.057644
3.65	0.043912
3.655	0.01387
3.66	-0.026709
3.665	-0.062025
3.67	-0.080342
3.675	-0.0803
3.68	-0.068954
3.685	-0.057852
3.69	-0.059022
3.695	-0.072659
3.7	-0.084328
3.705	-0.077629
3.71	-0.052931
3.715	-0.024084
3.72	-0.0093978
3.725	-0.021675
3.73	-0.050497
3.735	-0.070339
3.74	-0.063816
3.745	-0.030446
3.75	0.017799
3.755	0.054993
3.76	0.06379
3.765	0.060509
3.77	0.060941
3.775	0.064635
3.78	0.063437
3.785	0.050131
3.79	0.025976
3.795	0.00037343
3.8	-0.015311
3.805	-0.022882
3.81	-0.023421
3.815	-0.014698
3.82	-0.0035761
3.825	0.00050404
3.83	-0.0024303
3.835	-0.0022131
3.84	0.01078
3.845	0.033673
3.85	0.052036
3.855	0.053536
3.86	0.044818
3.865	0.045526
3.87	0.068476
3.875	0.10302
3.88	0.12585
3.885	0.1289
3.89	0.12593
3.895	0.12987
3.9	0.13764
3.905	0.13877
3.91	0.12292
3.915	0.09081
3.92	0.051379
3.925	0.0090312
3.93	-0.034873
3.935	-0.088215
3.94	-0.14209
3.945	-0.18415
3.95	-0.19984
3.955	-0.19749
3.96	-0.19456
3.965	-0.19554
3.97	-0.18048
3.975	-0.13796
3.98	-0.085792
3.985	-0.05123
3.99	-0.047319
3.995	-0.056617
4	-0.05407
4.005	-0.027672
4.01	0.016273
4.015	0.062376
4.02	0.08526
4.025	0.076058
4.03	0.050446
4.035	0.030925
4.04	0.020621
4.045	0.011698
4.05	-0.0029918
4.055	-0.031273
4.06	-0.071495
4.065	-0.11516
4.07	-0.15026
4.075	-0.16826
4.08	-0.16316
4.085	-0.13033
4.09	-0.077245
4.095	-0.013124
4.1	0.035499
4.105	0.054993
4.11	0.061764
4.115	0.070615
4.12	0.077481
4.125	0.070291
4.13	0.049511
4.135	0.032887
4.14	0.030729
4.145	0.039146
4.15	0.047241
4.155	0.049388
4.16	0.045802
4.165	0.038607
4.17	0.03283
4.175	0.034055
4.18	0.042089
4.185	0.055364
4.19	0.067687
4.195	0.076335
4.2	0.082016
4.205	0.091879
4.21	0.10436
4.215	0.10475
4.22	0.082226
4.225	0.040918
4.23	-0.010315
4.235	-0.061223
4.24	-0.098995
4.245	-0.12404
4.25	-0.14396
4.255	-0.15782
4.26	-0.15772
4.265	-0.13165
4.27	-0.080955
4.275	-0.023818
4.28	0.02032
4.285	0.051027
4.29	0.078634
4.295	0.10347
4.3	0.11972
4.305	0.1245
4.31	0.11931
4.315	0.10913
4.32	0.09652
4.325	0.082118
4.33	0.061795
4.335	0.031198
4.34	-0.0012405
4.345	-0.024241
4.35	-0.035943
4.355	-0.03778
4.36	-0.037199
4.365	-0.04225
4.37	-0.049927
4.375	-0.050622
4.38	-0.037228
4.385	-0.018256
4.39	-0.0070223
4.395	-0.0038046
4.4	-0.0044122
4.405	-0.005935
4.41	-0.0053621
4.415	-0.004593
4.42	-0.0064663
4.425	-0.0080426
4.43	-0.0076358
4.435	-0.0077664
4.44	-0.011232
4.445	-0.02063
4.45	-0.034986
4.455	-0.052257
4.46	-0.068012
4.465	-0.077983
4.47	-0.082726
4.475	-0.078155
4.48	-0.063881
4.485	-0.049347
4.49	-0.040725
4.495	-0.036056
4.5	-0.03223
4.505	-0.030397
4.51	-0.030827
4.515	-0.029763
4.52	-0.022506
4.525	-0.0098047
4.53	0.0054905
4.535	0.017855
4.54	0.023438
4.545	0.026264
4.55	0.026607
4.555	0.019689
4.56	0.0062254
4.565	-0.010733
4.57	-0.028828
4.575	-0.045893
4.58	-0.062547
4.585	-0.073098
4.59	-0.069382
4.595	-0.055716
4.6	-0.040225
4.605	-0.02451
4.61	-0.0034444
4.615	0.017432
4.62	0.036874
4.625	0.06083
4.63	0.091254
4.635	0.11646
4.64	0.12434
4.645	0.11522
4.65	0.096266
4.655	0.077277
4.66	0.062284
4.665	0.049445
4.67	0.039439
4.675	0.038621
4.68	0.045584
4.685	0.04779
4.69	0.034996
4.695	0.015252
4.7	0.0014286
4.705	-0.0062825
4.71	-0.0191
4.715	-0.040287
4.72	-0.064806
4.725	-0.086302
4.73	-0.093287
4.735	-0.079256
4.74	-0.050608
4.745	-0.025475
4.75	-0.015013
4.755	-0.0090436
4.76	0.0040319
4.765	0.022052
4.77	0.035984
4.775	0.039658
4.78	0.035888
4.785	0.030546
4.79	0.022786
4.795	0.0095202
4.8	-0.0054154
4.805	-0.016005
4.81	-0.018809
4.815	-0.014658
4.82	-0.0060489
4.825	0.0018733
4.83	0.0067971
4.835	0.011042
4.84	0.0127
4.845	0.0076473
4.85	-0.0016748
4.855	-0.0087157
4.86	-0.0082037
4.865	-0.0024047
4.87	0.0021652
4.875	0.0042697
4.88	0.0052735
4.885	0.006882
4.89	0.0090575
4.895	0.014865
4.9	0.023573
4.905	0.031118
4.91	0.035234
4.915	0.033146
4.92	0.026922
4.925	0.019606
4.93	0.010625
4.935	-0.0013699
4.94	-0.015437
4.945	-0.026031
4.95	-0.025359
4.955	-0.010668
4.96	0.010049
4.965	0.025846
4.97	0.031108
4.975	0.029453
4.98	0.02606
4.985	0.021226
4.99	0.015228
4.995	0.0079165
5	-0.0045491
5.005	-0.02121
5.01	-0.035544
5.015	-0.042871
5.02	-0.036631
5.025	-0.016262
5.03	0.0070207
5.035	0.019522
5.04	0.022722
5.045	0.024457
5.05	0.021515
5.055	0.012287
5.06	-0.0019087
5.065	-0.021989
5.07	-0.045465
5.075	-0.065343
5.08	-0.070633
5.085	-0.058239
5.09	-0.041074
5.095	-0.033775
5.1	-0.041757
5.105	-0.054668
5.11	-0.053301
5.115	-0.029684
5.12	0.0049352
5.125	0.027763
5.13	0.025713
5.135	0.0094519
5.14	-0.0031674
5.145	-0.0039687
5.15	0.0078502
5.155	0.019621
5.16	0.01941
5.165	0.0089575
5.17	0.00016969
5.175	-0.00074201
5.18	0.0012446
5.185	-0.0018866
5.19	-0.014987
5.195	-0.033604
5.2	-0.047538
5.205	-0.049536
5.21	-0.04103
5.215	-0.026932
5.22	-0.010835
5.225	0.005672
5.23	0.019154
5.235	0.025813
5.24	0.026605
5.245	0.022006
5.25	0.015422
5.255	0.0056546
5.26	-0.0044261
5.265	-0.013853
5.27	-0.024978
5.275	-0.034607
5.28	-0.038334
5.285	-0.031778
5.29	-0.015289
5.295	0.0043191
5.3	0.012834
5.305	0.01065
5.31	0.0087208
5.315	0.0097499
5.32	0.011305
5.325	0.0097148
5.33	0.0048375
5.335	0.0036484
5.34	0.014245
5.345	0.031527
5.35	0.042164
5.355	0.035534
5.36	0.021635
5.365	0.019447
5.37	0.032743
5.375	0.048505
5.38	0.054257
5.385	0.047827
5.39	0.03694
5.395	0.028793
5.4	0.021157
5.405	0.010294
5.41	0.0014517
5.415	0.0002489
5.42	0.0084952
5.425	0.020478
5.43	0.022252
5.435	0.0067897
5.44	-0.013287
5.445	-0.018359
5.45	-0.008483
5.455	0.004564
5.46	0.014151
5.465	0.017513
5.47	0.019777
5.475	0.022383
5.48	0.019968
5.485	0.013324
5.49	0.0077
5.495	0.0077917
5.5	0.013359
5.505	0.021343
5.51	0.025399
5.515	0.018398
5.52	0.0010978
5.525	-0.020786
5.53	-0.043538
5.535	-0.062783
5.54	-0.073397
5.545	-0.076179
5.55	-0.07394
5.555	-0.071384
5.56	-0.068456
5.565	-0.061432
5.57	-0.047021
5.575	-0.025745
5.58	-0.00071563
5.585	0.024139
5.59	0.044048
5.595	0.055153
5.6	0.059691
5.605	0.06065
5.61	0.061698
5.615	0.060798
5.62	0.054257
5.625	0.044141
5.63	0.033408
5.635	0.026244
5.64	0.026709
5.645	0.032945
5.65	0.039967
5.655	0.040541
5.66	0.03092
5.665	0.015088
5.67	-0.00075404
5.675	-0.013903
5.68	-0.021894
5.685	-0.023927
5.69	-0.021094
5.695	-0.012938
5.7	0.0018536
5.705	0.019544
5.71	0.033846
5.715	0.045629
5.72	0.052922
5.725	0.054481
5.73	0.047963
5.735	0.031933
5.74	0.017121
5.745	0.011159
5.75	0.0090291
5.755	0.0046992
5.76	-0.004153
5.765	-0.016112
5.77	-0.021881
5.775	-0.016726
5.78	-0.0063143
5.785	-0.00050105
5.79	-0.0053523
5.795	-0.019131
5.8	-0.032552
5.805	-0.036133
5.81	-0.031686
5.815	-0.027114
5.82	-0.027588
5.825	-0.034238
5.83	-0.040892
5.835	-0.041462
5.84	-0.03526
5.845	-0.028468
5.85	-0.024249
5.855	-0.016696
5.86	0.00095072
5.865	0.021751
5.87	0.03414
5.875	0.033266
5.88	0.020426
5.885	0.0071329
5.89	0.01015
5.895	0.027855
5.9	0.042807
5.905	0.043353
5.91	0.031882
5.915	0.017539
5.92	0.010073
5.925	0.010574
5.93	0.01178
5.935	0.0063928
5.94	-0.0026408
5.945	-0.012444
5.95	-0.017414
5.955	-0.014997
5.96	-0.0092401
5.965	-0.0065363
5.97	-0.004571
5.975	0.0022661
5.98	0.017425
5.985	0.030869
5.99	0.033019
5.995	0.018226
6	-0.004081
6.005	-0.019014
6.01	-0.026949
6.015	-0.033051
6.02	-0.042517
6.025	-0.055203
6.03	-0.062717
6.035	-0.062528
6.04	-0.056998
6.045	-0.048905
6.05	-0.03768
6.055	-0.026191
6.06	-0.017474
6.065	-0.013975
6.07	-0.015977
6.075	-0.01871
6.08	-0.016626
6.085	-0.0095915
6.09	-0.00089297
6.095	0.0061285
6.1	0.010257
6.105	0.018843
6.11	0.035195
6.115	0.05107
6.12	0.060574
6.125	0.065107
6.13	0.067017
6.135	0.064996
6.14	0.055736
6.145	0.037116
6.15	0.010446
6.155	-0.016499
6.16	-0.036023
6.165	-0.042644
6.17	-0.034989
6.175	-0.019525
6.18	-0.0074517
6.185	-0.0072375
6.19	-0.015082
6.195	-0.018811
6.2	-0.014877
6.205	-0.010203
6.21	-0.012313
6.215	-0.022529
6.22	-0.027909
6.225	-0.021252
6.23	-0.0099131
6.235	-0.00074795
6.24	2.049e-05
6.245	-0.005809
6.25	-0.009328
6.255	-0.0016988
6.26	0.015992
6.265	0.031804
6.27	0.032275
6.275	0.016431
6.28	-0.004276
6.285	-0.015996
6.29	-0.010773
6.295	0.0035247
6.3	0.012501
6.305	0.0060864
6.31	-0.012019
6.315	-0.02496
6.32	-0.02006
6.325	-0.00058478
6.33	0.01504
6.335	0.017021
6.34	0.011047
6.345	0.0087268
6.35	0.0098546
6.355	0.014734
6.36	0.021152
6.365	0.025738
6.37	0.030042
6.375	0.036546
6.38	0.039212
6.385	0.031292
6.39	0.013047
6.395	-0.0023371
6.4	-0.0019972
6.405	0.016295
6.41	0.0375
6.415	0.044023
6.42	0.033176
6.425	0.017045
6.43	0.0074659
6.435	0.0045291
6.44	-0.0037154
6.445	-0.021643
6.45	-0.042376
6.455	-0.047083
6.46	-0.023741
6.465	0.010039
6.47	0.027275
6.475	0.025052
6.48	0.017198
6.485	0.014849
6.49	0.018626
6.495	0.022123
6.5	0.0172
6.505	0.0026818
6.51	-0.009716
6.515	-0.0080044
6.52	0.0044904
6.525	0.01301
6.53	0.0044437
6.535	-0.013959
6.54	-0.0266
6.545	-0.029018
6.55	-0.021832
6.555	-0.011247
6.56	-0.0027577
6.565	0.003053
6.57	0.0022623
6.575	-0.0019753
6.58	-0.0044371
6.585	-0.0073125
6.59	-0.0090052
6.595	-0.0076882
6.6	-0.0019309
6.605	0.0083547
6.61	0.015788
6.615	0.017814
6.62	0.013616
6.625	0.0089875
6.63	0.0059597
6.635	0.0040073
6.64	0.0059883
6.645	0.011975
6.65	0.015501
6.655	0.0090867
6.66	-0.0061431
6.665	-0.021193
6.67	-0.027586
6.675	-0.021647
6.68	-0.011247
6.685	-0.0078669
6.69	-0.013401
6.695	-0.019328
6.7	-0.017341
6.705	-0.011042
6.71	-0.0063997
6.715	-0.0046916
6.72	-0.0027327
6.725	-0.0017517
6.73	-0.0029081
6.735	-0.0067151
6.74	-0.012345
6.745	-0.017242
6.75	-0.021495
6.755	-0.025747
6.76	-0.027404
6.765	-0.026399
6.77	-0.026249
6.775	-0.028076
6.78	-0.032703
6.785	-0.037021
6.79	-0.034703
6.795	-0.023021
6.8	-0.0085156
6.805	-0.0035581
6.81	-0.011723
6.815	-0.025842
6.82	-0.034648
6.825	-0.030613
6.83	-0.018549
6.835	-0.0050695
6.84	0.0014718
6.845	0.00097833
6.85	-0.0014112
6.855	-0.0031119
6.86	-0.0061939
6.865	-0.015247
6.87	-0.028686
6.875	-0.038682
6.88	-0.039497
6.885	-0.031627
6.89	-0.019309
6.895	-0.005364
6.9	0.0047779
6.905	0.011832
6.91	0.020129
6.915	0.034193
6.92	0.049814
6.925	0.057307
6.93	0.05414
6.935	0.04486
6.94	0.034292
6.945	0.027336
6.95	0.02371
6.955	0.015544
6.96	-0.00077813
6.965	-0.01969
6.97	-0.034359
6.975	-0.042808
6.98	-0.041218
6.985	-0.029678
6.99	-0.02077
6.995	-0.021896
7	-0.026195
7.005	-0.025124
7.01	-0.01228
7.015	0.010074
7.02	0.029488
7.025	0.037313
7.03	0.035234
7.035	0.02504
7.04	0.017186
7.045	0.018846
7.05	0.028914
7.055	0.039237
7.06	0.040843
7.065	0.03201
7.07	0.01897
7.075	0.0091816
7.08	0.0066557
7.085	0.0072747
7.09	-0.001351
7.095	-0.018822
7.1	-0.034583
7.105	-0.041088
7.11	-0.036202
7.115	-0.027708
7.12	-0.021592
7.125	-0.015502
7.13	-0.0045423
7.135	0.0062499
7.14	0.011358
7.145	0.010566
7.15	0.0066083
7.155	0.0085197
7.16	0.019532
7.165	0.036858
7.17	0.052523
7.175	0.059607
7.18	0.057158
7.185	0.046192
7.19	0.034957
7.195	0.026003
7.2	0.017739
7.205	0.010606
7.21	0.0027683
7.215	-0.0076619
7.22	-0.019728
7.225	-0.026915
7.23	-0.023192
7.235	-0.0072185
7.24	0.011918
7.245	0.022582
7.25	0.01742
7.255	0.0035989
7.26	-0.0074526
7.265	-0.012174
7.27	-0.014391
7.275	-0.020176
7.28	-0.025041
7.285	-0.02077
7.29	-0.0034895
7.295	0.019592
7.3	0.034923
7.305	0.034374
7.31	0.023788
7.315	0.018038
7.32	0.020536
7.325	0.024759
7.33	0.025732
7.335	0.022268
7.34	0.019363
7.345	0.021241
7.35	0.023574
7.355	0.018686
7.36	0.0072757
7.365	-0.0014866
7.37	-0.00065424
7.375	0.0068046
7.38	0.010523
7.385	0.0066872
7.39	-2.4094e-05
7.395	-0.0033329
7.4	-0.0013987
7.405	-0.0023833
7.41	-0.013213
7.415	-0.026843
7.42	-0.03219
7.425	-0.026897
7.43	-0.018232
7.435	-0.014604
7.44	-0.020091
7.445	-0.027936
7.45	-0.027923
7.455	-0.021099
7.46	-0.01803
7.465	-0.021464
7.47	-0.024339
7.475	-0.018806
7.48	-0.0054743
7.485	0.0021513
7.49	-0.0024668
7.495	-0.0090693
7.5	-0.0091964
7.505	-0.0037781
7.51	0.0051814
7.515	0.011182
7.52	0.0073678
7.525	-0.0043355
7.53	-0.018165
7.535	-0.028906
7.54	-0.033295
7.545	-0.029548
7.55	-0.022917
7.555	-0.020913
7.56	-0.019449
7.565	-0.010565
7.57	0.0055508
7.575	0.021942
7.58	0.028414
7.585	0.023807
7.59	0.01398
7.595	0.00083013
7.6	-0.014747
7.605	-0.032599
7.61	-0.044361
7.615	-0.040627
7.62	-0.024748
7.625	-0.006803
7.63	0.0092454
7.635	0.021203
7.64	0.027293
7.645	0.032079
7.65	0.032246
7.655	0.024441
7.66	0.013615
7.665	0.0060016
7.67	0.0032161
7.675	0.0011448
7.68	-0.0034557
7.685	-0.0073631
7.69	-0.0024362
7.695	0.0091232
7.7	0.014998
7.705	0.010006
7.71	-0.0003592
7.715	-0.004625
7.72	0.00080752
7.725	0.0061507
7.73	0.0044825
7.735	-0.0021013
7.74	-0.0067938
7.745	-0.0013106
7.75	0.01056
7.755	0.017898
7.76	0.019256
7.765	0.017604
7.77	0.016187
7.775	0.017258
7.78	0.015479
7.785	0.0055243
7.79	-0.0066754
7.795	-0.013457
7.8	-0.013524
7.805	-0.0061901
7.81	0.0012692
7.815	0.00079472
7.82	-0.0047206
7.825	-0.0054558
7.83	-0.0026676
7.835	-0.0020426
7.84	-0.0072812
7.845	-0.017983
7.85	-0.027482
7.855	-0.033884
7.86	-0.039677
7.865	-0.044455
7.87	-0.049078
7.875	-0.051173
7.88	-0.045745
7.885	-0.031596
7.89	-0.012433
7.895	0.0067648
7.9	0.02294
7.905	0.035165
7.91	0.04316
7.915	0.045667
7.92	0.040351
7.925	0.026576
7.93	0.0092501
7.935	-0.00095028
7.94	-0.0026885
7.945	-0.0056356
7.95	-0.012194
7.955	-0.018975
7.96	-0.022262
7.965	-0.01665
7.97	-0.0065215
7.975	0.00052332
7.98	0.0049993
7.985	0.0075863
7.99	0.0095169
7.995	0.013985
8	0.017196
8.005	0.015028
8.01	0.0083344
8.015	0.0037125
8.02	0.0061894
8.025	0.014026
8.03	0.018416
8.035	0.013588
8.04	0.0017627
8.045	-0.0036217
8.05	0.0054711
8.055	0.020977
8.06	0.026744
8.065	0.019119
8.07	0.0093774
8.075	0.0041466
8.08	0.0032998
8.085	0.0064663
8.09	0.0056743
8.095	-0.0092769
8.1	-0.029672
8.105	-0.043882
8.11	-0.044593
8.115	-0.032133
8.12	-0.018519
8.125	-0.011727
8.13	-0.013305
8.135	-0.015825
8.14	-0.012745
8.145	-0.0039177
8.15	0.0073563
8.155	0.013351
8.16	0.0097352
8.165	0.0017864
8.17	-0.0038815
8.175	-0.009522
8.18	-0.017533
8.185	-0.023915
8.19	-0.024717
8.195	-0.019825
8.2	-0.014412
8.205	-0.012308
8.21	-0.014524
8.215	-0.017466
8.22	-0.011848
8.225	0.0019778
8.23	0.016185
8.235	0.023035
8.24	0.02495
8.245	0.027329
8.25	0.031706
8.255	0.033189
8.26	0.031336
8.265	0.026395
8.27	0.01854
8.275	0.010998
8.28	0.0045734
8.285	-0.0020669
8.29	-0.0080532
8.295	-0.009387
8.3	-0.0034317
8.305	0.0065809
8.31	0.013642
8.315	0.01038
8.32	0.0024767
8.325	0.0029999
8.33	0.013879
8.335	0.020437
8.34	0.01695
8.345	0.0079095
8.35	-0.0010813
8.355	-0.0040282
8.36	-0.0029094
8.365	-0.007044
8.37	-0.014952
8.375	-0.02159
8.38	-0.025632
8.385	-0.024951
8.39	-0.021114
8.395	-0.018838
8.4	-0.01875
8.405	-0.016799
8.41	-0.0087586
8.415	-0.00039674
8.42	0.00062276
8.425	-0.0082427
8.43	-0.018348
8.435	-0.022556
8.44	-0.01736
8.445	-0.0063818
8.45	-9.4542e-05
8.455	-0.0044652
8.46	-0.013155
8.465	-0.017444
8.47	-0.017191
8.475	-0.015667
8.48	-0.01776
8.485	-0.023343
8.49	-0.023697
8.495	-0.015067
8.5	-0.0028416
8.505	0.0070169
8.51	0.0077704
8.515	0.0045362
8.52	0.006075
8.525	0.012563
8.53	0.017955
8.535	0.017641
8.54	0.011016
8.545	-0.0021445
8.55	-0.016348
8.555	-0.024374
8.56	-0.024373
8.565	-0.018816
8.57	-0.012634
8.575	-0.0044674
8.58	0.0074162
8.585	0.016197
8.59	0.019575
8.595	0.019704
8.6	0.018942
8.605	0.017459
8.61	0.014894
8.615	0.011918
8.62	0.010137
8.625	0.0063392
8.63	0.0050287
8.635	0.014374
8.64	0.030384
8.645	0.042503
8.65	0.044192
8.655	0.035242
8.66	0.021387
8.665	0.013004
8.67	0.014013
8.675	0.019132
8.68	0.015822
8.685	-0.00081072
8.69	-0.01813
8.695	-0.023654
8.7	-0.017623
8.705	-0.0089161
8.71	-0.0025851
8.715	0.0017544
8.72	0.0047485
8.725	0.011026
8.73	0.01863
8.735	0.024042
8.74	0.023448
8.745	0.01722
8.75	0.0098682
8.755	0.0037753
8.76	-0.0066148
8.765	-0.020353
8.77	-0.027385
8.775	-0.02547
8.78	-0.019464
8.785	-0.0091738
8.79	0.0036125
8.795	0.01594
8.8	0.023291
8.805	0.022092
8.81	0.014085
8.815	0.0048304
8.82	-0.00478
8.825	-0.011444
8.83	-0.011174
8.835	-0.0095248
8.84	-0.01106
8.845	-0.013608
8.85	-0.015746
8.855	-0.017067
8.86	-0.012774
8.865	-0.004487
8.87	0.0032601
8.875	0.0075992
8.88	0.012428
8.885	0.016663
8.89	0.016627
8.895	0.015358
8.9	0.014626
8.905	0.010761
8.91	0.0064204
8.915	0.008078
8.92	0.014601
8.925	0.019141
8.93	0.023751
8.935	0.028361
8.94	0.032377
8.945	0.040568
8.95	0.046736
8.955	0.046434
8.96	0.041062
8.965	0.033267
8.97	0.025879
8.975	0.018105
8.98	0.010939
8.985	0.0039592
8.99	-0.0044831
8.995	-0.015602
9	-0.028009
9.005	-0.037031
9.01	-0.040754
9.015	-0.037568
9.02	-0.027961
9.025	-0.016493
9.03	-0.0088826
9.035	-0.0042192
9.04	0.0016003
9.045	0.0064021
9.05	0.0064163
9.055	0.0039908
9.06	-0.00099591
9.065	-0.0082854
9.07	-0.014629
9.075	-0.018188
9.08	-0.020483
9.085	-0.018974
9.09	-0.011796
9.095	-0.0049995
9.1	0.00078524
9.105	0.0018488
9.11	-0.0021206
9.115	-0.011139
9.12	-0.022711
9.125	-0.030025
9.13	-0.030122
9.135	-0.024393
9.14	-0.016198
9.145	-0.0084261
9.15	-0.0041274
9.155	-0.0041168
9.16	-0.0059239
9.165	-0.0072779
9.17	-0.0017005
9.175	0.0047242
9.18	0.0030591
9.185	-0.0040335
9.19	-0.01248
9.195	-0.019793
9.2	-0.021915
9.205	-0.019152
9.21	-0.01554
9.215	-0.01254
9.22	-0.011983
9.225	-0.014412
9.23	-0.018311
9.235	-0.017012
9.24	-0.010464
9.245	-0.0067997
9.25	-0.0060639
9.255	-0.0034938
9.26	-0.0021729
9.265	-0.0015398
9.27	0.0022
9.275	0.0039116
9.28	0.0038261
9.285	0.0070668
9.29	0.0098763
9.295	0.012467
9.3	0.012344
9.305	0.0097243
9.31	0.0046672
9.315	-0.00052678
9.32	-0.0046679
9.325	-0.0089397
9.33	-0.013718
9.335	-0.017391
9.34	-0.016957
9.345	-0.014318
9.35	-0.0097981
9.355	-0.0062839
9.36	-0.0073855
9.365	-0.0093975
9.37	-0.010089
9.375	-0.01247
9.38	-0.012882
9.385	-0.010219
9.39	-0.0042391
9.395	0.0040663
9.4	0.011682
9.405	0.013961
9.41	0.015572
9.415	0.017316
9.42	0.020044
9.425	0.022677
9.43	0.022551
9.435	0.020263
9.44	0.015407
9.445	0.011375
9.45	0.013323
9.455	0.018716
9.46	0.017666
9.465	0.0097213
9.47	0.0034815
9.475	0.0025855
9.48	0.0073034
9.485	0.011259
9.49	0.0057855
9.495	-0.0069929
9.5	-0.020174
9.505	-0.023248
9.51	-0.015063
9.515	-0.0043818
9.52	0.0041595
9.525	0.0068599
9.53	0.0031385
9.535	-0.0014824
9.54	-4.1621e-05
9.545	0.0032432
9.55	0.0024103
9.555	-0.0013906
9.56	0.0029728
9.565	0.013626
9.57	0.021657
9.575	0.026647
9.58	0.03209
9.585	0.036382
9.59	0.036258
9.595	0.033887
9.6	0.029276
9.605	0.023427
9.61	0.01478
9.615	0.00048721
9.62	-0.01374
9.625	-0.026879
9.63	-0.039258
9.635	-0.045351
9.64	-0.039528
9.645	-0.027362
9.65	-0.018833
9.655	-0.014383
9.66	-0.012102
9.665	-0.010502
9.67	-0.0083001
9.675	-0.0036072
9.68	-0.0020359
9.685	-0.0035449
9.69	-0.00423
9.695	-0.0046487
9.7	-0.0088586
9.705	-0.013473
9.71	-0.012295
9.715	-0.0072027
9.72	-0.0026985
9.725	-0.0010116
9.73	0.0026371
9.735	0.014819
9.74	0.026644
9.745	0.030819
9.75	0.028546
9.755	0.022761
9.76	0.018405
9.765	0.017063
9.77	0.018217
9.775	0.016743
9.78	0.0073301
9.785	-0.0043471
9.79	-0.0090476
9.795	-0.0046902
9.8	0.0029267
9.805	0.0084736
9.81	0.0090188
9.815	0.0037947
9.82	-0.0025135
9.825	-0.006861
9.83	-0.012941
9.835	-0.022212
9.84	-0.028375
9.845	-0.026966
9.85	-0.02298
9.855	-0.017349
9.86	-0.01266
9.865	-0.0078258
9.87	0.0017227
9.875	0.013744
9.88	0.024658
9.885	0.030956
9.89	0.032816
9.895	0.026002
9.9	0.018591
9.905	0.014293
9.91	0.010989
9.915	0.0043082
9.92	-0.0097397
9.925	-0.025469
9.93	-0.033654
9.935	-0.034273
9.94	-0.025847
9.945	-0.012423
9.95	-0.0079812
9.955	-0.013832
9.96	-0.018403
9.965	-0.015881
9.97	-0.012517
9.975	-0.013836
9.98	-0.019255
9.985	-0.020981
9.99	-0.018696
9.995	-0.010119
10	0.0017104
10.005	0.011488
10.01	0.014809
10.015	0.017211
10.02	0.022961
10.025	0.028915
10.03	0.030523
10.035	0.026544
10.04	0.016637
10.045	0.008405
10.05	0.0041297
10.055	0.0019485
10.06	0.00099261
10.065	-0.0022836
10.07	-0.0014313
10.075	0.010135
10.08	0.024811
10.085	0.033494
10.09	0.033077
10.095	0.026057
10.1	0.016824
10.105	0.011692
10.11	0.010832
10.115	0.0096992
10.12	0.00026354
10.125	-0.01544
10.13	-0.028423
10.135	-0.035542
10.14	-0.034182
10.145	-0.028207
10.15	-0.026705
10.155	-0.029286
10.16	-0.027018
10.165	-0.016867
10.17	-0.0048782
10.175	0.0035476
10.18	0.0087903
10.185	0.013194
10.19	0.013774
10.195	0.011955
10.2	0.0091992
10.205	0.010223
10.21	0.015139
10.215	0.020513
10.22	0.02382
10.225	0.024304
10.23	0.022798
10.235	0.020347
10.24	0.017877
10.245	0.014655
10.25	0.012426
10.255	0.0059723
10.26	-0.0038044
10.265	-0.013675
10.27	-0.021236
10.275	-0.023498
10.28	-0.01946
10.285	-0.0088753
10.29	0.001923
10.295	0.0092292
10.3	0.0089882
10.305	0.0046911
10.31	-0.0019754
10.315	-0.0083589
10.32	-0.01267
10.325	-0.013312
10.33	-0.011307
10.335	-0.0073246
10.34	-0.0023255
10.345	0.004272
10.35	0.012125
10.355	0.015353
10.36	0.01345
10.365	0.011127
10.37	0.0062196
10.375	-0.00093195
10.38	-0.0057187
10.385	-0.0082386
10.39	-0.0094727
10.395	-0.012419
10.4	-0.014134
10.405	-0.010899
10.41	-0.0046063
10.415	0.0019648
10.42	0.0055576
10.425	0.0045744
10.43	0.0025424
10.435	0.001131
10.44	-0.00089248
10.445	-0.0051271
10.45	-0.010902
10.455	-0.016972
10.46	-0.019978
10.465	-0.020046
10.47	-0.018516
10.475	-0.017713
10.48	-0.015956
10.485	-0.008944
10.49	0.0014216
10.495	0.0086536
10.5	0.01055
10.505	0.0081843
10.51	0.0062547
10.515	0.0049067
10.52	0.0047601
10.525	0.0057427
10.53	0.0058135
10.535	0.0051127
10.54	0.0052803
10.545	0.0081215
10.55	0.013373
10.555	0.018062
10.56	0.018464
10.565	0.01184
10.57	0.00053512
10.575	-0.010936
10.58	-0.019657
10.585	-0.02755
10.59	-0.036491
10.595	-0.041968
10.6	-0.034585
10.605	-0.017337
10.61	-0.0032852
10.615	0.0017999
10.62	0.0010964
10.625	0.00069802
10.63	0.0034883
10.635	0.009314
10.64	0.017684
10.645	0.02138
10.65	0.018908
10.655	0.017111
10.66	0.017677
10.665	0.014973
10.67	0.0099137
10.675	0.010121
10.68	0.017601
10.685	0.028594
10.69	0.037999
10.695	0.038051
10.7	0.027231
10.705	0.013218
10.71	0.00182
10.715	-0.0049574
10.72	-0.0081273
10.725	-0.0113
10.73	-0.012676
10.735	-0.0097268
10.74	-0.0079129
10.745	-0.0077401
10.75	-0.0057249
10.755	-0.002407
10.76	0.0011257
10.765	0.0065681
10.77	0.010047
10.775	0.0089931
10.78	0.0068592
10.785	0.0036208
10.79	-0.00016462
10.795	-0.00025336
10.8	0.002341
10.805	0.0047928
10.81	0.0016192
10.815	-0.0029428
10.82	-0.0053939
10.825	-0.0047832
10.83	-0.00092587
10.835	0.0042885
10.84	0.0082949
10.845	0.0038547
10.85	-0.0072304
10.855	-0.017619
10.86	-0.021743
10.865	-0.019846
10.87	-0.015625
10.875	-0.012172
10.88	-0.011462
10.885	-0.011583
10.89	-0.012689
10.895	-0.01597
10.9	-0.016206
10.905	-0.014102
10.91	-0.012433
10.915	-0.0087226
10.92	-0.0060767
10.925	-0.011602
10.93	-0.017865
10.935	-0.015731
10.94	-0.0079095
10.945	0.001924
10.95	0.0090532
10.955	0.013707
10.96	0.012429
10.965	0.0076253
10.97	0.0027829
10.975	-0.0023534
10.98	-0.0067192
10.985	-0.010678
10.99	-0.014125
10.995	-0.01383
11	-0.010512
11.005	-0.0073482
11.01	-0.0034582
11.015	0.0018291
11.02	0.0079083
11.025	0.011093
11.03	0.013401
11.035	0.013895
11.04	0.012336
11.045	0.0078962
11.05	0.0039305
11.055	0.0040929
11.06	0.0032679
11.065	-0.00097057
11.07	-0.0069382
11.075	-0.011364
11.08	-0.011723
11.085	-0.008168
11.09	-0.0046533
11.095	-0.0018454
11.1	-0.00062795
11.105	-0.00018256
11.11	0.0033508
11.115	0.0057977
11.12	0.0073842
11.125	0.0093003
11.13	0.00971
11.135	0.0091927
11.14	0.0091073
11.145	0.0083073
11.15	0.0041067
11.155	0.00041961
11.16	-0.0010184
11.165	-0.0022525
11.17	-0.0037467
11.175	-0.0010359
11.18	0.0085255
11.185	0.017812
11.19	0.022244
11.195	0.022747
11.2	0.020802
11.205	0.01489
11.21	0.0071333
11.215	0.00063304
11.22	-0.004999
11.225	-0.0099178
11.23	-0.014507
11.235	-0.018368
11.24	-0.01718
11.245	-0.012232
11.25	-0.0057643
11.255	0.0012902
11.26	0.0079474
11.265	0.014164
11.27	0.017866
11.275	0.015443
11.28	0.0093262
11.285	0.0043726
11.29	-0.00030733
11.295	-0.0051158
11.3	-0.0096191
11.305	-0.013656
11.31	-0.014359
11.315	-0.012425
11.32	-0.014109
11.325	-0.019422
11.33	-0.025012
11.335	-0.02944
11.34	-0.027418
11.345	-0.020296
11.35	-0.014649
11.355	-0.010543
11.36	-0.0075879
11.365	-0.0032825
11.37	0.0042467
11.375	0.010268
11.38	0.012042
11.385	0.012704
11.39	0.01325
11.395	0.011624
11.4	0.002728
11.405	-0.01129
11.41	-0.023151
11.415	-0.03039
11.42	-0.03425
11.425	-0.037124
11.43	-0.035794
11.435	-0.02738
11.44	-0.012956
11.445	0.0069855
11.45	0.025152
11.455	0.037636
11.46	0.042791
11.465	0.039296
11.47	0.031423
11.475	0.023333
11.48	0.015042
11.485	0.0036476
11.49	-0.011016
11.495	-0.023405
11.5	-0.028797
11.505	-0.026489
11.51	-0.019084
11.515	-0.01201
11.52	-0.0068983
11.525	-0.00063273
11.53	0.0091733
11.535	0.019759
11.54	0.026541
11.545	0.027884
11.55	0.026343
11.555	0.02282
11.56	0.015907
11.565	0.0053602
11.57	-0.0048778
11.575	-0.0092702
11.58	-0.0074186
11.585	-0.001052
11.59	0.0064841
11.595	0.012563
11.6	0.019308
11.605	0.025505
11.61	0.027266
11.615	0.023308
11.62	0.016151
11.625	0.00892
11.63	0.0030746
11.635	0.00054798
11.64	-0.0020536
11.645	-0.0066521
11.65	-0.0097493
11.655	-0.0087726
11.66	-0.0036614
11.665	0.0017532
11.67	0.0042691
11.675	0.0051056
11.68	0.007042
11.685	0.0085504
11.69	0.0058013
11.695	0.00093344
11.7	-0.0017301
11.705	-0.0041135
11.71	-0.0055492
11.715	-0.005305
11.72	-0.0053288
11.725	-0.0068561
11.73	-0.0088746
11.735	-0.0078745
11.74	-0.004164
11.745	-0.0014889
11.75	-0.0020423
11.755	-0.0057103
11.76	-0.0086366
11.765	-0.008951
11.77	-0.0071775
11.775	-0.0043684
11.78	-0.0016371
11.785	0.0013038
11.79	0.0019401
11.795	0.0026356
11.8	0.0032914
11.805	0.0029429
11.81	0.0018837
11.815	0.0041962
11.82	0.0079522
11.825	0.0088104
11.83	0.0041246
11.835	-0.0035612
11.84	-0.011044
11.845	-0.011813
11.85	-0.0085315
11.855	-0.0052543
11.86	-0.00031721
11.865	0.0052698
11.87	0.010129
11.875	0.011864
11.88	0.013321
11.885	0.012183
11.89	0.0054393
11.895	-0.00043138
11.9	-0.0011871
11.905	-1.5649e-05
11.91	-0.0019345
11.915	-0.0054266
11.92	-0.0046735
11.925	0.00073609
11.93	0.0038781
11.935	0.0049758
11.94	0.0077204
11.945	0.0093815
11.95	0.010533
11.955	0.012769
11.96	0.012031
11.965	0.0064695
11.97	-8.9526e-05
11.975	-0.0071565
11.98	-0.013109
11.985	-0.014547
11.99	-0.012759
11.995	-0.011063
12	-0.010017
12.005	-0.0085068
12.01	-0.0097245
12.015	-0.010309
12.02	-0.005435
12.025	0.00093786
12.03	0.0012638
12.035	-0.0042823
12.04	-0.0091574
12.045	-0.012236
12.05	-0.013097
12.055	-0.011171
12.06	-0.0094115
12.065	-0.010407
12.07	-0.011669
12.075	-0.010332
12.08	-0.0055936
12.085	0.001495
12.09	0.010141
12.095	0.020526
12.1	0.030334
12.105	0.033452
12.11	0.028431
12.115	0.019368
12.12	0.0087227
12.125	-5.0293e-05
12.13	-0.0077666
12.135	-0.015839
12.14	-0.02056
12.145	-0.020385
12.15	-0.015253
12.155	-0.010135
12.16	-0.0080463
12.165	-0.0081897
12.17	-0.0046462
12.175	-0.00041755
12.18	0.0012753
12.185	1.1932e-05
12.19	-0.0046231
12.195	-0.0095073
12.2	-0.010569
12.205	-0.0075271
12.21	-0.0051186
12.215	-0.0023131
12.22	0.0029901
12.225	0.010194
12.23	0.017003
12.235	0.020367
12.24	0.019286
12.245	0.01258
12.25	0.0010451
12.255	-0.0095073
12.26	-0.016487
12.265	-0.020936
12.27	-0.023125
12.275	-0.023362
12.28	-0.019761
12.285	-0.010871
12.29	-0.00030018
12.295	0.0084376
12.3	0.014386
12.305	0.017915
12.31	0.019905
12.315	0.018853
12.32	0.016211
12.325	0.013862
12.33	0.0095521
12.335	0.0026974
12.34	-0.0037217
12.345	-0.0088431
12.35	-0.010416
12.355	-0.009152
12.36	-0.0081721
12.365	-0.0078492
12.37	-0.0075431
12.375	-0.0053335
12.38	-0.0030458
12.385	-0.0023473
12.39	-0.0015457
12.395	-0.0021291
12.4	-0.0039435
12.405	-0.003676
12.41	-0.00054558
12.415	0.005218
12.42	0.011084
12.425	0.016631
12.43	0.022512
12.435	0.025544
12.44	0.022063
12.445	0.015897
12.45	0.0070869
12.455	-0.0025109
12.46	-0.010034
12.465	-0.013813
12.47	-0.016507
12.475	-0.017292
12.48	-0.016163
12.485	-0.011871
12.49	-0.0042169
12.495	0.0050043
12.5	0.011446
12.505	0.012531
12.51	0.010571
12.515	0.0075995
12.52	0.0065707
12.525	0.0043265
12.53	-0.0011267
12.535	-0.0059431
12.54	-0.0059735
12.545	-0.0032063
12.55	0.0013424
12.555	0.0081619
12.56	0.014387
12.565	0.016003
12.57	0.014364
12.575	0.011659
12.58	0.0059841
12.585	-0.0034503
12.59	-0.013122
12.595	-0.018798
12.6	-0.022299
12.605	-0.022671
12.61	-0.017615
12.615	-0.012144
12.62	-0.00837
12.625	-0.0026166
12.63	0.0069955
12.635	0.015977
12.64	0.02031
12.645	0.020962
12.65	0.017845
12.655	0.012374
12.66	0.008254
12.665	0.0054709
12.67	0.0026699
12.675	-0.0011497
12.68	-0.0053519
12.685	-0.0072322
12.69	-0.0045759
12.695	0.0030969
12.7	0.010934
12.705	0.0152
12.71	0.01499
12.715	0.011029
12.72	0.0072563
12.725	0.0064767
12.73	0.0055257
12.735	0.001764
12.74	-0.0017363
12.745	-0.0022272
12.75	-0.0012727
12.755	0.0016757
12.76	0.0064744
12.765	0.0098988
12.77	0.0083773
12.775	0.0068529
12.78	0.0079842
12.785	0.010262
12.79	0.012473
12.795	0.010638
12.8	0.0017242
12.805	-0.0073117
12.81	-0.012923
12.815	-0.017201
12.82	-0.020577
12.825	-0.022019
12.83	-0.021515
12.835	-0.017793
12.84	-0.0087424
12.845	-0.00088567
12.85	0.0024368
12.855	0.0019156
12.86	-0.00042523
12.865	-0.0027277
12.87	-0.0015456
12.875	0.00079787
12.88	0.0015211
12.885	-0.0030833
12.89	-0.012159
12.895	-0.019138
12.9	-0.020003
12.905	-0.014277
12.91	-0.0059935
12.915	-0.00099577
12.92	-0.0022824
12.925	-0.0067701
12.93	-0.0079678
12.935	-0.003757
12.94	-0.00099641
12.945	-0.00065143
12.95	-0.0014254
12.955	-0.0018562
12.96	-0.0019704
12.965	-0.0032974
12.97	-0.0043889
12.975	-0.0055761
12.98	-0.006178
12.985	-0.0058255
12.99	-0.0056926
12.995	-0.0055566
13	-0.0035753
13.005	-0.0009992
13.01	-0.0012525
13.015	-0.0044486
13.02	-0.0070693
13.025	-0.0064876
13.03	-0.0045622
13.035	-0.0027805
13.04	-0.0017801
13.045	0.0015273
13.05	0.0073365
13.055	0.012435
13.06	0.015566
13.065	0.014721
13.07	0.0095027
13.075	0.0045381
13.08	0.0034877
13.085	0.0040995
13.09	0.00059302
13.095	-0.0043841
13.1	-0.0063451
13.105	-0.005694
13.11	-0.0057084
13.115	-0.0089342
13.12	-0.014193
13.125	-0.017173
13.13	-0.016787
13.135	-0.012206
13.14	-0.0057684
13.145	0.00059753
13.15	0.0066899
13.155	0.011399
13.16	0.015262
13.165	0.01785
13.17	0.018236
13.175	0.017994
13.18	0.01801
13.185	0.016303
13.19	0.012708
13.195	0.008371
13.2	0.0055457
13.205	0.0039991
13.21	0.0026645
13.215	0.0039888
13.22	0.0069426
13.225	0.0080898
13.23	0.010467
13.235	0.013905
13.24	0.014873
13.245	0.010364
13.25	0.0039665
13.255	0.0006358
13.26	0.00075962
13.265	-0.0012018
13.27	-0.0037449
13.275	-0.0038037
13.28	-0.0032394
13.285	-0.0034898
13.29	-0.0039568
13.295	-0.0040701
13.3	-0.0038415
13.305	-0.0037867
13.31	-0.0047191
13.315	-0.0081353
13.32	-0.0097417
13.325	-0.00822
13.33	-0.0069482
13.335	-0.0058596
13.34	-0.0041775
13.345	0.0009369
13.35	0.0060558
13.355	0.0094943
13.36	0.01315
13.365	0.015143
13.37	0.012511
13.375	0.0073706
13.38	0.0051778
13.385	0.0068445
13.39	0.0085642
13.395	0.0094768
13.4	0.01017
13.405	0.013364
13.41	0.017741
13.415	0.021518
13.42	0.023427
13.425	0.022087
13.43	0.017731
13.435	0.014535
13.44	0.013185
13.445	0.010281
13.45	0.0076888
13.455	0.0041436
13.46	-0.0010602
13.465	-0.003836
13.47	-0.0031529
13.475	-0.0023473
13.48	-0.0032177
13.485	-0.0043465
13.49	-0.0049071
13.495	-0.0060884
13.5	-0.0063881
13.505	-0.0043816
13.51	-0.0033111
13.515	-0.0037169
13.52	-0.0021084
13.525	0.0013159
13.53	0.0041357
13.535	0.0045886
13.54	0.0013295
13.545	-0.0026556
13.55	-0.0054658
13.555	-0.0049041
13.56	-0.0036053
13.565	-0.0038104
13.57	-0.0045268
13.575	-0.0045632
13.58	-0.0040389
13.585	-0.0035567
13.59	-0.0034228
13.595	-0.0033796
13.6	-0.0031958
13.605	-0.0028241
13.61	-0.0014414
13.615	0.0017541
13.62	0.0056716
13.625	0.0089422
13.63	0.0094142
13.635	0.0083204
13.64	0.0081509
13.645	0.006272
13.65	0.00074049
13.655	-0.0047801
13.66	-0.0064002
13.665	-0.0053979
13.67	-0.0032516
13.675	-0.0011829
13.68	0.00047742
13.685	0.0016899
13.69	-0.0001117
13.695	-0.0066381
13.7	-0.0090974
13.705	-0.0064973
13.71	-0.0045996
13.715	-0.0050457
13.72	-0.0058228
13.725	-0.0037327
13.73	-0.00073417
13.735	-0.00025219
13.74	-0.0011652
13.745	-0.001272
13.75	-0.00058807
13.755	0.00037264
13.76	0.0020771
13.765	0.0016648
13.77	-0.0022921
13.775	-0.007873
13.78	-0.011255
13.785	-0.010706
13.79	-0.01094
13.795	-0.011938
13.8	-0.01135
13.805	-0.0075923
13.81	-0.0019088
13.815	0.00314
13.82	0.0074447
13.825	0.010867
13.83	0.011148
13.835	0.0077588
13.84	0.0033818
13.845	-0.00028944
13.85	-0.0028469
13.855	-0.0018633
13.86	-0.00090851
13.865	-0.0013075
13.87	0.00058883
13.875	0.0029893
13.88	0.0023802
13.885	0.0019688
13.89	0.0055278
13.895	0.0088779
13.9	0.0078225
13.905	0.0053745
13.91	0.0013404
13.915	-0.0041949
13.92	-0.0099294
13.925	-0.012279
13.93	-0.010493
13.935	-0.007266
13.94	-0.0039312
13.945	-0.0023404
13.95	-0.0031109
13.955	-0.0036146
13.96	-0.0017179
13.965	0.0026964
13.97	0.0029574
13.975	-0.0012986
13.98	-0.0039148
13.985	-0.002783
13.99	-0.0032177
13.995	-0.0074334
14	-0.010326
14.005	-0.011961
14.01	-0.009879
14.015	-0.0058348
14.02	-0.006112
14.025	-0.0086647
14.03	-0.011308
14.035	-0.012949
14.04	-0.010222
14.045	-0.0044535
14.05	-0.0007934
14.055	-0.0019752
14.06	-0.0038653
14.065	-0.003906
14.07	-0.0050058
14.075	-0.0035438
14.08	-0.0011771
14.085	-0.0027927
14.09	-0.0086584
14.095	-0.014186
14.1	-0.014466
14.105	-0.014894
14.11	-0.01225
14.115	-0.003859
14.12	0.0042868
14.125	0.0073471
14.13	0.0077463
14.135	0.0063309
14.14	0.0029868
14.145	0.00046678
14.15	0.001839
14.155	0.0032435
14.16	0.0025011
14.165	0.0016625
14.17	0.0032698
14.175	0.0062054
14.18	0.0069548
14.185	0.0056283
14.19	0.0046664
14.195	0.0040142
14.2	0.0051901
14.205	0.0063937
14.21	0.0055719
14.215	0.0034797
14.22	-0.0016316
14.225	-0.0075183
14.23	-0.010587
14.235	-0.0093221
14.24	-0.0065762
14.245	-0.0020219
14.25	0.0014481
14.255	0.00057911
14.26	-0.0024444
14.265	-0.0023733
14.27	-0.00067547
14.275	-0.0003593
14.28	-0.0011384
14.285	-0.0015637
14.29	-0.0010368
14.295	0.0011532
14.3	0.0054427
14.305	0.0087599
14.31	0.0084252
14.315	0.0070132
14.32	0.0076988
14.325	0.010909
14.33	0.013556
14.335	0.012228
14.34	0.0070392
14.345	0.0047588
14.35	0.0035676
14.355	0.0041803
14.36	0.0080037
14.365	0.012785
14.37	0.013553
14.375	0.011506
14.38	0.010747
14.385	0.0095792
14.39	0.005597
14.395	0.0029107
14.4	0.0024096
14.405	0.00069254
14.41	-0.0031135
14.415	-0.0068526
14.42	-0.011256
14.425	-0.012807
14.43	-0.01123
14.435	-0.0098946
14.44	-0.0071528
14.445	-0.0035878
14.45	-9.9935e-06
14.455	0.0022079
14.46	0.001805
14.465	3.5654e-05
14.47	-0.003053
14.475	-0.0031633
14.48	-0.0015777
14.485	-0.0023594
14.49	-0.0050385
14.495	-0.005525
14.5	-0.0054268
14.505	-0.0069433
14.51	-0.007409
14.515	-0.0068389
14.52	-0.0068037
14.525	-0.0075342
14.53	-0.0097427
14.535	-0.0096148
14.54	-0.0018263
14.545	0.0066669
14.55	0.0090724
14.555	0.0097836
14.56	0.011508
14.565	0.011515
14.57	0.0086336
14.575	0.0064827
14.58	0.0071754
14.585	0.0050031
14.59	0.0023579
14.595	0.003967
14.6	0.0094388
14.605	0.014569
14.61	0.016265
14.615	0.016768
14.62	0.017236
14.625	0.017342
14.63	0.016261
14.635	0.011723
14.64	0.0068329
14.645	0.00041965
14.65	-0.0061429
14.655	-0.0087821
14.66	-0.01072
14.665	-0.011438
14.67	-0.011218
14.675	-0.011511
14.68	-0.011787
14.685	-0.010013
14.69	-0.0064484
14.695	-0.0062715
14.7	-0.0079804
14.705	-0.0080745
14.71	-0.0067343
14.715	-0.0036476
14.72	0.00053982
14.725	0.0024551
14.73	0.0023174
14.735	0.0016965
14.74	0.001637
14.745	-0.00038738
14.75	-0.0029341
14.755	-0.0021583
14.76	-0.0010111
14.765	-0.0019773
14.77	-0.0058086
14.775	-0.008959
14.78	-0.010614
14.785	-0.011482
14.79	-0.0090803
14.795	-0.0062553
14.8	-0.0060901
14.805	-0.0054418
14.81	-0.0027396
14.815	-0.001089
14.82	0.00036816
14.825	0.0027507
14.83	0.0031211
14.835	0.0016612
14.84	-0.00078001
14.845	-0.0024901
14.85	-0.0019087
14.855	-0.0010708
14.86	-0.0014464
14.865	-0.0021311
14.87	-0.0023197
14.875	-0.0022587
14.88	-0.0024065
14.885	-0.0042134
14.89	-0.0075732
14.895	-0.0076964
14.9	-0.0058869
14.905	-0.0036535
14.91	-0.0011755
14.915	-0.0016809
14.92	-0.0029209
14.925	-0.0026649
14.93	-0.0018603
14.935	-0.0016869
14.94	-0.001881
14.945	-0.0014235
14.95	0.0016175
14.955	0.0041135
14.96	0.0029502
14.965	0.0016198
14.97	0.0015295
14.975	-0.0011772
14.98	-0.0065594
14.985	-0.0083128
14.99	-0.0062931
14.995	-0.005753
15	-0.0080332
15.005	-0.013129
15.01	-0.017887
15.015	-0.017655
15.02	-0.014083
15.025	-0.0081476
15.03	-0.0026957
15.035	0.00038094
15.04	0.0016595
15.045	0.0017083
15.05	0.0021934
15.055	0.0049615
15.06	0.0081007
15.065	0.0081821
15.07	0.005826
15.075	0.0013257
15.08	-0.003408
15.085	-0.0054195
15.09	-0.0059756
15.095	-0.006235
15.1	-0.0060128
15.105	-0.0043292
15.11	-0.0021887
15.115	-0.002951
15.12	-0.0073477
15.125	-0.0085991
15.13	-0.0044612
15.135	-0.00073729
15.14	-0.00071995
15.145	0.00012848
15.15	-0.00017815
15.155	-0.0028604
15.16	-0.0034233
15.165	-0.0018714
15.17	-0.0013842
15.175	-0.0026419
15.18	-0.0053379
15.185	-0.0078955
15.19	-0.0087629
15.195	-0.01094
15.2	-0.011754
15.205	-0.0077083
15.21	-0.0046573
15.215	-0.003089
15.22	-0.0025615
15.225	-0.0025498
15.23	0.00014534
15.235	0.0054069
15.24	0.0083717
15.245	0.0073359
15.25	0.0060904
15.255	0.0068115
15.26	0.0083286
15.265	0.010515
15.27	0.012478
15.275	0.011442
15.28	0.0061142
15.285	0.00019622
15.29	-0.0030144
15.295	-0.0032871
15.3	-0.0054981
15.305	-0.0087284
15.31	-0.011923
15.315	-0.013044
15.32	-0.012129
15.325	-0.011745
15.33	-0.011454
15.335	-0.0079997
15.34	-0.0035036
15.345	0.0010438
15.35	0.0071948
15.355	0.011922
15.36	0.01191
15.365	0.011334
15.37	0.015413
15.375	0.018553
15.38	0.017537
15.385	0.016244
15.39	0.015855
15.395	0.013167
15.4	0.0106
15.405	0.0082094
15.41	0.0069547
15.415	0.006655
15.42	0.0034815
15.425	0.0011662
15.43	0.0020552
15.435	0.0029359
15.44	0.0024556
15.445	0.0017577
15.45	0.00098908
15.455	-0.0015283
15.46	-0.00089247
15.465	0.0036265
15.47	0.0076803
15.475	0.0086809
15.48	0.0097507
15.485	0.010112
15.49	0.008522
15.495	0.0070412
15.5	0.0060436
15.505	0.0036375
15.51	0.00084954
15.515	-0.0015615
15.52	-0.00377
15.525	-0.0061501
15.53	-0.0075083
15.535	-0.0032921
15.54	0.0033604
15.545	0.0071606
15.55	0.0068265
15.555	0.0052459
15.56	0.0056948
15.565	0.0069976
15.57	0.0068398
15.575	0.0034762
15.58	0.0004748
15.585	-0.00014702
15.59	-0.0016155
15.595	-0.0028897
15.6	-0.0026718
15.605	-0.0024283
15.61	-0.0027377
15.615	-0.0027635
15.62	-0.0010272
15.625	0.0017946
15.63	0.0028153
15.635	0.0032462
15.64	0.0055282
15.645	0.007397
15.65	0.0070045
15.655	0.0063871
15.66	0.0065494
15.665	0.0056382
15.67	0.0028928
15.675	0.0010944
15.68	-0.0005841
15.685	-0.0031928
15.69	-0.0035877
15.695	-0.0051801
15.7	-0.008407
15.705	-0.0085154
15.71	-0.0070796
15.715	-0.0054812
15.72	-0.0017847
15.725	0.0034889
15.73	0.0067257
15.735	0.0065113
15.74	0.0051119
15.745	0.0027625
15.75	-0.0016875
15.755	-0.0038958
15.76	-0.0022855
15.765	-0.0013165
15.77	-0.0020825
15.775	-0.0011537
15.78	0.0023543
15.785	0.0029492
15.79	0.0015466
15.795	0.0013604
15.8	0.0021764
15.805	0.0025321
15.81	0.0022609
15.815	0.0017661
15.82	-0.00012739
15.825	-0.0037593
15.83	-0.0061053
15.835	-0.0099212
15.84	-0.013223
15.845	-0.011633
15.85	-0.0075407
15.855	-0.0044472
15.86	-0.0026179
15.865	-0.0030701
15.87	-0.0019874
15.875	0.0020368
15.88	0.0030051
15.885	0.0015158
15.89	0.0011018
15.895	0.0016612
15.9	0.00045705
15.905	-0.003286
15.91	-0.0051815
15.915	-0.007308
15.92	-0.0066523
15.925	-0.0019955
15.93	-0.0010921
15.935	-0.0034653
15.94	-0.0042
15.945	-0.003128
15.95	-0.0024662
15.955	-0.0025761
15.96	-0.0016538
15.965	0.002167
15.97	0.0038275
15.975	0.0045074
15.98	0.0051016
15.985	0.0019068
15.99	0.00045138
15.995	0.00094735
16	-0.0018572
16.005	-0.0033997
16.01	-0.0023845
16.015	-0.0018884
16.02	-0.0025458
16.025	-0.0030808
16.03	-0.0030468
16.035	-0.0028812
16.04	-0.0028803
16.045	-0.0028292
16.05	-0.0018246
16.055	0.0024377
16.06	0.0074321
16.065	0.0077335
16.07	0.0055139
16.075	0.0046183
16.08	0.0028033
16.085	0.0022642
16.09	0.005331
16.095	0.0082396
16.1	0.0077093
16.105	0.0061156
16.11	0.0060696
16.115	0.0060801
16.12	0.0030372
16.125	0.0010725
16.13	0.002061
16.135	0.0018725
16.14	-0.0021349
16.145	-0.0043849
16.15	-0.0029468
16.155	-0.0018105
16.16	-0.0015956
16.165	0.0010073
16.17	0.0028066
16.175	0.0023798
16.18	0.0047195
16.185	0.0078458
16.19	0.0073665
16.195	0.0061757
16.2	0.0068041
16.205	0.0093428
16.21	0.01208
16.215	0.011955
16.22	0.0079235
16.225	0.0058683
16.23	0.010541
16.235	0.014358
16.24	0.011965
16.245	0.006289
16.25	0.00076911
16.255	-0.0030456
16.26	-0.0063511
16.265	-0.0082447
16.27	-0.010418
16.275	-0.012587
16.28	-0.010758
16.285	-0.0073516
16.29	-0.0063384
16.295	-0.0045836
16.3	-0.0006659
16.305	0.001707
16.31	0.0018699
16.315	0.0012563
16.32	0.0014003
16.325	0.0019694
16.33	0.0018242
16.335	-0.00081346
16.34	-0.0039638
16.345	-0.0032931
16.35	-0.0014692
16.355	0.00033429
16.36	-2.2767e-05
16.365	-0.0036874
16.37	-0.0039983
16.375	-0.00083809
16.38	0.0023533
16.385	0.0025005
16.39	-0.0013092
16.395	-0.0046589
16.4	-0.003358
16.405	-0.0015288
16.41	-0.0019454
16.415	-0.003001
16.42	-0.0031735
16.425	-0.002841
16.43	-0.00272
16.435	-0.0027831
16.44	-0.00266
16.445	-0.0015596
16.45	0.0010581
16.455	0.0027932
16.46	0.0018856
16.465	-0.00070771
16.47	-0.0035016
16.475	-0.0020019
16.48	0.0021286
16.485	0.003762
16.49	0.0022022
16.495	0.0011585
16.5	0.0017759
16.505	0.002474
16.51	0.0022973
16.515	0.00021012
16.52	-0.0032468
16.525	-0.003358
16.53	-0.0018107
16.535	-0.0016454
16.54	-0.0015296
16.545	0.00070738
16.55	0.0027132
16.555	0.0022349
16.56	0.0013915
16.565	0.0015276
16.57	0.00053742
16.575	-0.0047201
16.58	-0.0089823
16.585	-0.0080418
16.59	-0.0062449
16.595	-0.0068751
16.6	-0.008214
16.605	-0.0084446
16.61	-0.0080059
16.615	-0.0077941
16.62	-0.0077947
16.625	-0.0071826
16.63	-0.0046646
16.635	-0.002199
16.64	-0.0025792
16.645	-0.0037327
16.65	-0.003366
16.655	-0.0025259
16.66	-0.0024025
16.665	-0.002687
16.67	-0.0027749
16.675	-0.0026618
16.68	-0.0025381
16.685	-0.0020699
16.69	-2.2369e-05
16.695	0.0023807
16.7	0.0020408
16.705	-0.0010576
16.71	-0.0030886
16.715	-0.00050735
16.72	0.0032799
16.725	0.0033209
16.73	0.0015747
16.735	0.0018815
16.74	0.0050267
16.745	0.0078083
16.75	0.00681
16.755	0.0021641
16.76	0.00034886
16.765	0.0015506
16.77	-0.00072759
16.775	-0.0033353
16.78	-0.0028513
16.785	-0.0019696
16.79	-0.0017203
16.795	0.00024343
16.8	0.0043524
16.805	0.0073188
16.81	0.0070641
16.815	0.0058448
16.82	0.0055418
16.825	0.0030999
16.83	-0.00091151
16.835	-0.0026439
16.84	-0.0019045
16.845	0.0003591
16.85	0.0025616
16.855	0.0025962
16.86	0.0013626
16.865	0.0015202
16.87	0.0037013
16.875	0.0049771
16.88	0.0028173
16.885	0.00088877
16.89	0.0015883
16.895	0.0024755
16.9	0.002246
16.905	0.0017276
16.91	0.0016654
16.915	0.0018266
16.92	0.0018635
16.925	0.0017922
16.93	0.0016803
16.935	0.0016205
16.94	0.0018519
16.945	0.0031423
16.95	0.0046735
16.955	0.0051415
16.96	0.0034756
16.965	0.00033585
16.97	0.00065969
16.975	0.0022625
16.98	0.0022656
16.985	0.0013783
16.99	0.00096606
16.995	0.00088104
17	-0.00047118
17.005	-0.0033506
17.01	-0.0044903
17.015	-0.0021602
17.02	0.0010216
17.025	0.0015939
17.03	0.00018542
17.035	-0.00020208
17.04	0.00069062
17.045	0.0023005
17.05	0.0048663
17.055	0.0061193
17.06	0.0051294
17.065	0.0033665
17.07	0.0011149
17.075	-0.0011187
17.08	-0.0031344
17.085	-0.0043413
17.09	-0.0030961
17.095	-0.0001772
17.1	0.0013376
17.105	0.0012078
17.11	0.0021997
17.115	0.0036591
17.12	0.0052276
17.125	0.005447
17.13	0.005899
17.135	0.0082346
17.14	0.0084511
17.145	0.0045913
17.15	0.0035876
17.155	0.0053641
17.16	0.0059865
17.165	0.0049316
17.17	0.0024742
17.175	-0.0010641
17.18	-0.0027147
17.185	-0.0035312
17.19	-0.0010478
17.195	0.0011876
17.2	-0.0008508
17.205	-0.0050481
17.21	-0.0074261
17.215	-0.0066877
17.22	-0.0040041
17.225	-0.0030558
17.23	-0.0037691
17.235	-0.0058307
17.24	-0.006111
17.245	-0.0050395
17.25	-0.0046937
17.255	-0.0051317
17.26	-0.005373
17.265	-0.0050868
17.27	-0.0036131
17.275	0.00116
17.28	0.0083573
17.285	0.012291
17.29	0.012607
17.295	0.012029
17.3	0.0090144
17.305	0.0040326
17.31	0.00047492
17.315	-0.0010589
17.32	-0.0041071
17.325	-0.0060485
17.33	-0.0069558
17.335	-0.0064764
17.34	-0.0039674
17.345	-0.0018444
17.35	-0.0026237
17.355	-0.0042636
17.36	-0.0051911
17.365	-0.0035518
17.37	-0.0041547
17.375	-0.0055389
17.38	-0.0054115
17.385	-0.0047785
17.39	-0.0040915
17.395	-0.0017158
17.4	0.0011611
17.405	0.0027476
17.41	0.0028105
17.415	0.0047628
17.42	0.0077298
17.425	0.0078135
17.43	0.0053526
17.435	0.00033089
17.44	-0.0042738
17.445	-0.0057628
17.45	-0.0055394
17.455	-0.0030865
17.46	0.000289
17.465	0.0037309
17.47	0.0050252
17.475	0.0034384
17.48	0.00059791
17.485	-0.00085371
17.49	8.076e-05
17.495	0.0003747
17.5	-0.0019666
17.505	-0.0031117
17.51	-0.0023908
17.515	-0.0020449
17.52	-0.0029863
17.525	-0.0046349
17.53	-0.0030245
17.535	-0.0015315
17.54	-0.0021582
17.545	-0.0029744
17.55	-0.0033304
17.555	-0.004209
17.56	-0.002854
17.565	-0.002342
17.57	-0.004737
17.575	-0.0050711
17.58	-0.0014854
17.585	0.0020239
17.59	0.003658
17.595	0.0044899
17.6	0.0038506
17.605	0.0018169
17.61	0.0012955
17.615	0.00068931
17.62	0.00032821
17.625	0.00046837
17.63	-0.00015964
17.635	-0.0026219
17.64	-0.0051109
17.645	-0.0051272
17.65	-0.0035742
17.655	-0.0014007
17.66	0.00094215
17.665	0.0029857
17.67	0.0046948
17.675	0.004891
17.68	0.0034396
17.685	9.7423e-05
17.69	-0.0019779
17.695	-0.0043834
17.7	-0.007586
17.705	-0.009475
17.71	-0.0089602
17.715	-0.0063384
17.72	-0.0036775
17.725	-0.0018694
17.73	-0.0005099
17.735	-0.0002758
17.74	-0.0005361
17.745	7.5703e-05
17.75	0.0017505
17.755	0.0010393
17.76	-0.00057225
17.765	-0.00042607
17.77	-7.2852e-05
17.775	-0.0013365
17.78	-0.0013309
17.785	-0.0016895
17.79	-0.0031358
17.795	-0.00454
17.8	-0.0037418
17.805	-0.0038734
17.81	-0.0047884
17.815	-0.0031521
17.82	-0.0017575
17.825	-0.0023923
17.83	-0.0030958
17.835	-0.0032508
17.84	-0.0045372
17.845	-0.0053099
17.85	-0.0047456
17.855	-0.0039374
17.86	-0.0020365
17.865	0.00013709
17.87	0.00033272
17.875	-0.00046536
17.88	6.438e-06
17.885	0.0026581
17.89	0.0048938
17.895	0.0027223
17.9	-0.0014767
17.905	-0.0038081
17.91	-0.0046375
17.915	-0.0044923
17.92	-0.003744
17.925	-0.0019008
17.93	0.00010001
17.935	-0.00029469
17.94	-0.0028103
17.945	-0.0031724
17.95	-0.00032421
17.955	0.0011023
17.96	0.00040225
17.965	0.0012007
17.97	0.0019968
17.975	0.00017368
17.98	-0.0010943
17.985	-0.00023386
17.99	0.00097722
17.995	0.0027886
18	0.0048998
18.005	0.0050294
18.01	0.0041663
18.015	0.0042253
18.02	0.0045988
18.025	0.0036422
18.03	0.0037961
18.035	0.0051602
18.04	0.0033189
18.045	-0.00027574
18.05	-0.0010028
18.055	0.0007397
18.06	0.0023339
18.065	0.0012296
18.07	-0.0013002
18.075	-0.0029275
18.08	-0.0047064
18.085	-0.0056983
18.09	-0.0065327
18.095	-0.0074776
18.1	-0.0071396
18.105	-0.005236
18.11	-0.0023841
18.115	-2.2882e-05
18.12	0.0016148
18.125	0.0023521
18.13	0.0035176
18.135	0.0048124
18.14	0.0044674
18.145	0.0025907
18.15	0.0011885
18.155	0.00051807
18.16	-8.8014e-05
18.165	6.8098e-05
18.17	0.00026104
18.175	0.0004158
18.18	0.001766
18.185	0.0031823
18.19	0.0044971
18.195	0.006791
18.2	0.0075023
18.205	0.0052512
18.21	0.0036858
18.215	0.0045133
18.22	0.0041134
18.225	0.0021443
18.23	0.0018887
18.235	0.0027717
18.24	0.0040124
18.245	0.0051784
18.25	0.0060552
18.255	0.0071618
18.26	0.0071807
18.265	0.0077305
18.27	0.0078335
18.275	0.0037899
18.28	-0.001101
18.285	-0.0029719
18.29	-0.0036952
18.295	-0.0035326
18.3	-0.0022234
18.305	-0.0013526
18.31	-0.00063076
18.315	0.00042172
18.32	0.0028034
18.325	0.0041769
18.33	0.0033373
18.335	0.001391
18.34	-0.0011607
18.345	-0.003341
18.35	-0.0040129
18.355	-0.0031681
18.36	-0.0018379
18.365	-0.0010305
18.37	-0.0015761
18.375	-0.00071399
18.38	0.0023006
18.385	0.0038506
18.39	0.0027197
18.395	0.00062895
18.4	-0.0017088
18.405	-0.0028493
18.41	-0.0041519
18.415	-0.0069943
18.42	-0.0073593
18.425	-0.0053896
18.43	-0.0036168
18.435	-0.0022517
18.44	0.0012303
18.445	0.0040301
18.45	0.0039205
18.455	0.0016248
18.46	0.0014531
18.465	0.0028548
18.47	0.0033302
18.475	0.0028367
18.48	0.0024024
18.485	0.0016311
18.49	0.00025197
18.495	0.0010799
18.5	0.0034632
18.505	0.0035928
18.51	0.0024312
18.515	0.0022411
18.52	0.0028582
18.525	0.0032055
18.53	0.0029884
18.535	0.0026119
18.54	0.0015657
18.545	-0.00092862
18.55	-0.0024811
18.555	-0.00082648
18.56	0.0015793
18.565	0.0010923
18.57	-0.0011393
18.575	-0.0027874
18.58	-0.0021111
18.585	-0.0010404
18.59	-0.00022132
18.595	0.0009608
18.6	0.0010395
18.605	0.0013937
18.61	0.0032182
18.615	0.0039548
18.62	0.0042661
18.625	0.0058697
18.63	0.007257
18.635	0.0084152
18.64	0.0082456
18.645	0.0066388
18.65	0.0029314
18.655	0.0011717
18.66	-0.0010053
18.665	-0.0028139
18.67	-0.0058917
18.675	-0.0069628
18.68	-0.0060386
18.685	-0.0057622
18.69	-0.0058191
18.695	-0.0042438
18.7	-0.0029955
18.705	-0.0012852
18.71	0.00077294
18.715	0.0009357
18.72	0.00080822
18.725	0.0027553
18.73	0.0036966
18.735	0.0029903
18.74	0.0025031
18.745	0.0028277
18.75	0.0031651
18.755	0.00311
18.76	0.0029097
18.765	0.0027139
18.77	0.0022329
18.775	0.001075
18.78	0.0024811
18.785	0.0035844
18.79	0.0021834
18.795	-0.0016414
18.8	-0.0063107
18.805	-0.0077997
18.81	-0.0056585
18.815	-0.0025167
18.82	-0.00057911
18.825	0.0013947
18.83	0.0053979
18.835	0.0079017
18.84	0.0071633
18.845	0.0063592
18.85	0.0068677
18.855	0.0069393
18.86	0.0043585
18.865	0.00039561
18.87	-0.003643
18.875	-0.0051942
18.88	-0.0041835
18.885	-0.0036268
18.89	-0.0038599
18.895	-0.0026488
18.9	-0.0015554
18.905	4.9517e-05
18.91	0.0021778
18.915	0.0026168
18.92	0.0018639
18.925	0.0018395
18.93	0.002489
18.935	0.0027209
18.94	0.0025347
18.945	0.0024534
18.95	0.0025924
18.955	0.0031678
18.96	0.0052909
18.965	0.0078314
18.97	0.0078733
18.975	0.0062485
18.98	0.0041104
18.985	0.0013958
18.99	-0.0019792
18.995	-0.0032233
19	-0.0036382
19.005	-0.0043024
19.01	-0.0042013
19.015	-0.0031011
19.02	-0.0044308
19.025	-0.0071375
19.03	-0.0055508
19.035	-0.0016465
19.04	-0.0011398
19.045	-0.0029015
19.05	-0.003332
19.055	-0.0024648
19.06	-0.0018806
19.065	-0.0012334
19.07	0.0017978
19.075	0.0031846
19.08	0.00022405
19.085	-0.0032205
19.09	-0.003238
19.095	-0.0015
19.1	-0.0012751
19.105	-0.0021761
19.11	-0.0025984
19.115	-0.0023886
19.12	-0.0021779
19.125	-0.0022077
19.13	-0.002294
19.135	-0.0022971
19.14	-0.0022599
19.145	-0.0022497
19.15	-0.0022881
19.155	-0.0023391
19.16	-0.0023339
19.165	-0.0023225
19.17	-0.0023285
19.175	-0.0023092
19.18	-0.0023062
19.185	-0.0023586
19.19	-0.0027165
19.195	-0.0052498
19.2	-0.0065419
19.205	-0.0028022
19.21	0.0010474
19.215	0.0024329
19.22	0.0023385
19.225	0.0018698
19.23	0.0021031
19.235	0.0026682
19.24	0.0026899
19.245	0.0011528
19.25	-0.0015362
19.255	-0.0015257
19.26	0.00093172
19.265	0.0010135
19.27	-0.0014711
19.275	-0.0034999
19.28	-0.003816
19.285	-0.0031299
19.29	-0.0015733
19.295	-0.0015154
19.3	-0.0010191
19.305	0.0014646
19.31	0.003198
19.315	0.002629
19.32	0.0019248
19.325	0.0022843
19.33	0.0026155
19.335	0.00078606
19.34	-0.003038
19.345	-0.0050962
19.35	-0.006894
19.355	-0.0069779
19.36	-0.0063842
19.365	-0.0066523
19.37	-0.0071756
19.375	-0.0062917
19.38	-0.0033416
19.385	-0.00038696
19.39	0.0017452
19.395	0.0044904
19.4	0.0075502
19.405	0.0073283
19.41	0.004513
19.415	0.0014992
19.42	0.002052
19.425	0.0030089
19.43	0.00037631
19.435	-0.0028545
19.44	-0.0026241
19.445	-0.0006229
19.45	0.0017605
19.455	0.0032536
19.46	0.002664
19.465	0.0019199
19.47	0.0022937
19.475	0.0029222
19.48	0.0029986
19.485	0.0027237
19.49	0.0024946
19.495	0.0025652
19.5	0.0027773
19.505	0.0028
19.51	0.0033866
19.515	0.0052183
19.52	0.0051313
19.525	0.0025851
19.53	0.0012364
19.535	0.00018799
19.54	-0.002299
19.545	-0.005169
19.55	-0.0070023
19.555	-0.0064891
19.56	-0.0038088
19.565	-0.0014509
19.57	-0.001386
19.575	-0.00090347
19.58	0.00053909
19.585	0.002591
19.59	0.0044308
19.595	0.003151
19.6	-0.00053323
19.605	-0.0027637
19.61	-0.0020609
19.615	0.00078279
19.62	0.0032828
19.625	0.0032964
19.63	0.002077
19.635	0.0019705
19.64	0.0027042
19.645	0.0030917
19.65	0.0031727
19.655	0.0041611
19.66	0.0042768
19.665	0.0022633
19.67	0.00028776
19.675	-0.0030999
19.68	-0.0067426
19.685	-0.006127
19.69	-0.003098
19.695	-0.0018172
19.7	-0.00062795
19.705	0.00046685
19.71	0.0013943
19.715	0.002674
19.72	0.002799
19.725	0.0024678
19.73	0.0024704
19.735	0.0018421
19.74	0.00022047
19.745	6.2054e-05
19.75	0.00089435
19.755	0.0018508
19.76	0.003109
19.765	0.0030727
19.77	0.0024944
19.775	0.0025566
19.78	0.0029309
19.785	0.0029437
19.79	0.0020133
19.795	-0.0008114
19.8	-0.0034847
19.805	-0.0054314
19.81	-0.0068005
19.815	-0.0061155
19.82	-0.0036993
19.825	-0.0022792
19.83	0.00015013
19.835	0.00069732
19.84	-0.00040169
19.845	-0.0010826
19.85	-0.0022417
19.855	-0.0028231
19.86	-0.0039882
19.865	-0.0047703
19.87	-0.0039294
19.875	-0.0014889
19.88	0.00088474
19.885	0.0017197
19.89	0.0044854
19.895	0.0079774
19.9	0.0085886
19.905	0.0085745
19.91	0.0074754
19.915	0.0047249
19.92	0.0021432
19.925	-7.4023e-05
19.93	-0.0049046
19.935	-0.0096749
19.94	-0.0092703
19.945	-0.0057597
19.95	-0.0031925
19.955	-0.0020195
19.96	-0.00060763
19.965	0.00022323
19.97	-5.6933e-05
19.975	-0.00035221
19.98	-0.0013857
19.985	-0.0023583
19.99	-0.0019471
19.995	-0.0015189
20	-0.0017557
20.005	-0.001925
20.01	-0.00071361
20.015	0.0009032
20.02	0.0004937
20.025	-0.0016197
20.03	-0.0042397
20.035	-0.0050662
20.04	-0.0041301
20.045	-0.0038171
20.05	-0.0042323
20.055	-0.003345
20.06	-0.0016659
20.065	-0.0017645
20.07	-0.0022804
20.075	-0.00085387
20.08	0.0029928
20.085	0.0065081
20.09	0.006639
20.095	0.005897
20.1	0.0047771
20.105	0.0051063
20.11	0.0059629
20.115	0.0059567
20.12	0.0054377
20.125	0.0041641
20.13	0.0015031
20.135	-0.0012174
20.14	-0.0032462
20.145	-0.0044103
20.15	-0.0041814
20.155	-0.0040676
20.16	-0.0055424
20.165	-0.0084261
20.17	-0.0091469
20.175	-0.0057471
20.18	-0.0030545
20.185	-0.0032051
20.19	-0.0021496
20.195	0.00044046
20.2	0.0016127
20.205	0.003246
20.21	0.0054811
20.215	0.005676
20.22	0.0048792
20.225	0.0048639
20.23	0.0053952
20.235	0.0048333
20.24	0.0020859
20.245	-0.00077331
20.25	-0.002145
20.255	-0.0016161
20.26	-0.0011768
20.265	-0.0015514
20.27	-0.0019951
20.275	-0.0016296
20.28	0.00028585
20.285	0.0011023
20.29	0.00033483
20.295	-4.5253e-05
20.3	0.00040265
20.305	0.0011686
20.31	0.0027202
20.315	0.0032288
20.32	0.0020437
20.325	-1.5838e-05
20.33	-0.0013304
20.335	-0.0036793
20.34	-0.004957
20.345	-0.0036318
20.35	-0.0010992
20.355	0.00077569
20.36	0.00042047
20.365	-0.00086568
20.37	-0.0017799
20.375	-0.00020098
20.38	0.0016108
20.385	0.0026072
20.39	0.0031271
20.395	0.0024655
20.4	0.00078223
20.405	-0.00021816
20.41	0.00047656
20.415	0.001035
20.42	0.00067624
20.425	-1.0504e-05
20.43	-0.0014809
20.435	-0.002495
20.44	-0.0015754
20.445	0.00040025
20.45	0.0012293
20.455	0.00042239
20.46	-7.9924e-05
20.465	0.00029947
20.47	0.00072269
20.475	0.00066566
20.48	0.00047444
20.485	0.00050347
20.49	0.00093954
20.495	0.0033465
20.5	0.0062168
20.505	0.0055297
20.51	0.0030224
20.515	0.0017128
20.52	0.0016905
20.525	0.00092316
20.53	0.00059943
20.535	0.00065062
20.54	-0.00052665
20.545	-0.0022772
20.55	-0.0021761
20.555	-0.0012759
20.56	3.8353e-06
20.565	0.0010181
20.57	0.0004738
20.575	1.9039e-05
20.58	0.00040953
20.585	0.00069867
20.59	0.00053259
20.595	0.00037967
20.6	0.00025089
20.605	-0.00097315
20.61	-0.0027117
20.615	-0.0038039
20.62	-0.004892
20.625	-0.0059168
20.63	-0.0080826
20.635	-0.0086348
20.64	-0.0056845
20.645	-0.003279
20.65	-0.0033513
20.655	-0.002893
20.66	-0.0024032
20.665	-0.0024675
20.67	-0.0024104
20.675	-0.0020523
20.68	-0.0010525
20.685	0.00051007
20.69	0.00063848
20.695	0.0010639
20.7	0.0035938
20.705	0.0049506
20.71	0.0035572
20.715	0.0033517
20.72	0.0026753
20.725	0.001491
20.73	-7.4195e-05
20.735	-0.00099514
20.74	-0.0021098
20.745	-0.0022905
20.75	-0.0019703
20.755	-0.0019888
20.76	-0.0014031
20.765	0.0004936
20.77	0.0024219
20.775	0.0050025
20.78	0.0051343
20.785	0.0040797
20.79	0.0040441
20.795	0.0038462
20.8	0.0016683
20.805	-0.00071672
20.81	-0.0011375
20.815	-0.00207
20.82	-0.0021175
20.825	-3.1601e-05
20.83	0.00055757
20.835	-0.00062319
20.84	-0.001088
20.845	-0.00055044
20.85	-0.00015004
20.855	0.00014557
20.86	0.0016378
20.865	0.0021138
20.87	0.0014683
20.875	0.0012743
20.88	0.0015735
20.885	0.001214
20.89	-0.00069329
20.895	-0.0012671
20.9	-0.00059307
20.905	-0.00040899
20.91	-0.00089415
20.915	-0.0018147
20.92	-0.0037775
20.925	-0.0046555
20.93	-0.0057245
20.935	-0.0059309
20.94	-0.0044989
20.945	-0.00099469
20.95	0.00090798
20.955	0.0027158
20.96	0.0042261
20.965	0.0058204
20.97	0.0081685
20.975	0.0089133
20.98	0.0081962
20.985	0.0075645
20.99	0.0058476
20.995	0.0027535
21	-0.00083867
21.005	-0.0016032
21.01	-0.00025687
21.015	-0.0001111
21.02	-0.0010612
21.025	-0.0014581
21.03	-0.0012622
21.035	-0.0011085
21.04	-0.0016817
21.045	-0.0038265
21.05	-0.0054171
21.055	-0.0021857
21.06	0.00061061
21.065	-0.0007179
21.07	-0.0026013
21.075	-0.0033919
21.08	-0.0015924
21.085	0.000864
21.09	0.0035174
21.095	0.0035698
21.1	-0.00097801
21.105	-0.0039261
21.11	-0.0052894
21.115	-0.0057068
21.12	-0.005052
21.125	-0.0049801
21.13	-0.0056933
21.135	-0.006017
21.14	-0.004954
21.145	-0.0012752
21.15	0.0013735
21.155	0.0033326
21.16	0.0042139
21.165	0.0040383
21.17	0.0051744
21.175	0.0040983
21.18	-0.00046984
21.185	-0.001927
21.19	1.7781e-05
21.195	0.00028591
21.2	-0.002444
21.205	-0.0039962
21.21	-0.0030589
21.215	-0.001878
21.22	-0.00048831
21.225	0.00068646
21.23	0.0029109
21.235	0.0024553
21.24	-0.00087805
21.245	-0.0018565
21.25	-0.00026534
21.255	-0.00013392
21.26	-0.0037917
21.265	-0.0067216
21.27	-0.0056442
21.275	-0.0043143
21.28	-0.0042678
21.285	-0.0032075
21.29	-0.0010716
21.295	-0.0019087
21.3	-0.0052924
21.305	-0.0046293
21.31	-0.0003767
21.315	0.00095989
21.32	-0.00075302
21.325	-0.0015428
21.33	-0.0010697
21.335	-0.001934
21.34	-0.0032652
21.345	-0.0029612
21.35	-0.0021037
21.355	-0.00073255
21.36	-7.1056e-05
21.365	-0.0019752
21.37	-0.0021922
21.375	-1.4923e-05
21.38	0.00042966
21.385	-0.00014935
21.39	0.001335
21.395	0.0044242
21.4	0.0053205
21.405	0.0038188
21.41	0.0016581
21.415	-0.00039404
21.42	-0.0009968
21.425	-0.0019308
21.43	-0.0046226
21.435	-0.0059375
21.44	-0.0050907
21.445	-0.0046384
21.45	-0.0047137
21.455	-0.0021046
21.46	0.00056192
21.465	-0.00025715
21.47	-0.0013349
21.475	-0.00052293
21.48	0.0020374
21.485	0.0047098
21.49	0.0044742
21.495	0.00038076
21.5	-0.0022237
21.505	-0.00057217
21.51	0.00087209
21.515	0.00020182
21.52	-0.00068604
21.525	-0.00068802
21.53	-5.5715e-05
21.535	0.001767
21.54	0.0043709
21.545	0.0053651
21.55	0.0059484
21.555	0.0083148
21.56	0.0097042
21.565	0.0084721
21.57	0.0050088
21.575	0.0027135
21.58	0.0024168
21.585	0.00071692
21.59	-0.0007172
21.595	-0.00023305
21.6	0.00051647
21.605	0.0016506
21.61	0.002487
21.615	0.0020431
21.62	0.0016914
21.625	0.001998
21.63	0.0023376
21.635	0.0024192
21.64	0.0023487
21.645	0.0023216
21.65	0.0027501
21.655	0.0043867
21.66	0.0048195
21.665	0.0023364
21.67	0.00061116
21.675	0.00042649
21.68	0.0019486
21.685	0.0026006
21.69	0.00028799
21.695	-0.0011803
21.7	-0.00031784
21.705	0.00047042
21.71	0.00029158
21.715	0.00076316
21.72	0.0041981
21.725	0.0061193
21.73	0.0048904
21.735	0.0040377
21.74	0.0047075
21.745	0.004936
21.75	0.0027234
21.755	-0.00014435
21.76	-0.00088807
21.765	-0.0020269
21.77	-0.0046654
21.775	-0.0051259
21.78	-0.0034284
21.785	-0.0008937
21.79	0.00082606
21.795	0.0013726
21.8	0.0042847
21.805	0.0061707
21.81	0.0070956
21.815	0.0065841
21.82	0.0043783
21.825	0.0034982
21.83	0.0023442
21.835	0.00018009
21.84	-0.0011873
21.845	-0.0042057
21.85	-0.0052665
21.855	-0.0040804
21.86	-0.0036104
21.865	-0.0033031
21.87	-0.00022611
21.875	0.00013987
21.88	-0.0037319
21.885	-0.0064091
21.89	-0.0051995
21.895	-0.0037055
21.9	-0.0041039
21.905	-0.0049404
21.91	-0.0048491
21.915	-0.0039593
21.92	-0.0021473
21.925	-0.0018768
21.93	-0.0024742
21.935	-0.0015785
21.94	0.00041265
21.945	0.00052296
21.95	-0.00031874
21.955	-0.00036813
21.96	9.6444e-05
21.965	0.0002729
21.97	0.0001334
21.975	0.00011033
21.98	0.00049047
21.985	0.0021614
21.99	0.0043939
21.995	0.0029362
22	0.0013401
22.005	0.0010999
22.01	0.0003614
22.015	0.00028143
22.02	0.0014051
22.025	0.0028845
22.03	0.0025541
22.035	0.00091004
22.04	-0.00060258
22.045	-0.00032863
22.05	-0.00032086
22.055	-0.001859
22.06	-0.0022566
22.065	-0.001661
22.07	-0.0015174
22.075	-0.001833
22.08	-0.0019884
22.085	-0.0018875
22.09	-0.0017742
22.095	-0.001588
22.1	-0.00055774
22.105	0.00089049
22.11	0.00072506
22.115	4.5461e-05
22.12	-3.2235e-05
22.125	-0.00071397
22.13	-0.0019528
22.135	-0.0019987
22.14	-0.0025527
22.145	-0.0039715
22.15	-0.0042229
22.155	-0.0047415
22.16	-0.0057903
22.165	-0.0046705
22.17	-0.0028655
22.175	-0.0031179
22.18	-0.0039283
22.185	-0.0036649
22.19	-0.0019519
22.195	0.00054066
22.2	0.0015248
22.205	0.00072144
22.21	0.00022566
22.215	0.00063406
22.22	0.0011169
22.225	0.0010007
22.23	-0.00043418
22.235	-0.0028657
22.24	-0.0037963
22.245	-0.0028587
22.25	-0.0020984
22.255	-0.0005076
22.26	0.0015914
22.265	0.0011636
22.27	0.00017429
22.275	0.00019558
22.28	-0.0004238
22.285	-0.0012913
22.29	-0.0010888
22.295	-0.0010046
22.3	-0.0023263
22.305	-0.0035113
22.31	-0.0030856
22.315	-0.002528
22.32	-0.0026784
22.325	-0.0029739
22.33	-0.0029082
22.335	-0.0022928
22.34	0.0001389
22.345	0.0020414
22.35	0.0011758
22.355	0.00028667
22.36	0.00069979
22.365	0.0012356
22.37	0.0012178
22.375	0.00092824
22.38	0.00037583
22.385	-0.0017465
22.39	-0.0033518
22.395	-0.0015748
22.4	-5.2535e-05
22.405	-0.0018744
22.41	-0.0036579
22.415	-0.0025868
22.42	0.00070838
22.425	0.0021274
22.43	0.00075103
22.435	-1.1302e-05
22.44	0.00072158
22.445	0.001956
22.45	0.0042746
22.455	0.0051267
22.46	0.0040513
22.465	0.0035398
22.47	0.003713
22.475	0.0026063
22.48	0.0007117
22.485	0.00032619
22.49	0.001006
22.495	0.0011493
22.5	0.0010419
22.505	0.0022098
22.51	0.003682
22.515	0.0024262
22.52	0.00020126
22.525	0.00086437
22.53	0.0015068
22.535	0.00074806
22.54	4.1826e-06
22.545	-0.0011866
22.55	-0.0026071
22.555	-0.0021579
22.56	0.00065961
22.565	0.0017119
22.57	0.00034217
22.575	-0.00033361
22.58	0.00033468
22.585	0.00085699
22.59	0.00065339
22.595	4.8122e-05
22.6	-0.001396
22.605	-0.0026548
22.61	-0.0024952
22.615	-0.0018281
22.62	-0.0018395
22.625	-0.00211
22.63	-0.0014226
22.635	0.0011219
22.64	0.0024402
22.645	0.0035665
22.65	0.0037446
22.655	0.0032032
22.66	0.0025262
22.665	0.00073109
22.67	0.0003617
22.675	0.0011823
22.68	0.0013172
22.685	0.00082019
22.69	0.0005865
22.695	0.00076764
22.7	0.00088732
22.705	0.00077245
22.71	0.00032724
22.715	-0.00099132
22.72	-0.0021307
22.725	-0.0015005
22.73	-0.00066624
22.735	-0.0016135
22.74	-0.0027537
22.745	-0.002158
22.75	-9.2623e-05
22.755	0.00084582
22.76	0.001526
22.765	0.0023447
22.77	0.0021748
22.775	0.0019205
22.78	0.0019234
22.785	0.0012455
22.79	-8.9614e-05
22.795	-0.00050571
22.8	1.0555e-05
22.805	0.0001826
22.81	-8.0256e-05
22.815	-0.00023713
22.82	-0.00016842
22.825	3.1298e-05
22.83	0.00060567
22.835	0.00047175
22.84	-0.00023121
22.845	0.00031734
22.85	0.00058807
22.855	-0.00011791
22.86	-5.6695e-05
22.865	0.0012638
22.87	0.0025052
22.875	0.0023825
22.88	0.0017455
22.885	0.0015175
22.89	0.00091442
22.895	-5.7371e-05
22.9	-0.0001972
22.905	0.00038016
22.91	0.0011332
22.915	0.0010422
22.92	-7.9573e-05
22.925	-0.00052192
22.93	-9.9396e-06
22.935	0.00033227
22.94	0.00050436
22.945	0.0016391
22.95	0.0022602
22.955	0.0015929
22.96	0.00052705
22.965	1.3699e-06
22.97	0.00081627
22.975	0.0016387
22.98	0.0018657
22.985	0.00144
22.99	1.0263e-06
22.995	-0.00044329
23	0.00065527
23.005	0.00067783
23.01	-0.00016822
23.015	-0.00031393
23.02	3.3301e-05
23.025	0.00013227
23.03	-3.0233e-05
23.035	-3.595e-05
23.04	0.00027859
23.045	0.0011293
23.05	0.0018456
23.055	0.001717
23.06	0.0017433
23.065	0.0029404
23.07	0.0031304
23.075	0.0017941
23.08	0.00082103
23.085	0.0011442
23.09	0.0015694
23.095	0.0012031
23.1	0.0002702
23.105	-4.8288e-05
23.11	-6.3639e-05
23.115	0.00061755
23.12	0.001374
23.125	0.0011672
23.13	0.00042506
23.135	-0.00035493
23.14	-0.00091098
23.145	-0.0011188
23.15	-0.00099338
23.155	-0.0011281
23.16	-0.0014408
23.165	-0.0010899
23.17	-0.00083037
23.175	-0.00094833
23.18	-0.0010328
23.185	-0.00093135
23.19	-0.00061794
23.195	-0.00014103
23.2	6.2776e-05
23.205	0.00025957
23.21	0.00027472
23.215	0.00020296
23.22	0.00022448
23.225	0.00027954
23.23	0.00026499
23.235	0.00020639
23.24	0.00018779
23.245	0.00019397
23.25	0.00018681
23.255	0.00016807
23.26	0.00015137
23.265	0.00013834
23.27	0.00012535
23.275	0.00011161
23.28	0.00010252
23.285	9.3349e-05
23.29	7.0386e-05
23.295	5.4077e-05
23.3	5.4849e-05
23.305	4.376e-05
23.31	-1.1497e-06
23.315	-0.00024974
23.32	-0.00051821
23.325	-0.00044771
23.33	-0.00031468
23.335	-0.00033465
23.34	-0.00040174
23.345	-0.00040513
23.35	-0.00035937
23.355	-0.00027642
23.36	2.4413e-05
23.365	0.00044651
23.37	0.00052259
23.375	0.00032041
23.38	0.00021324
23.385	7.009e-05
23.39	-0.0001004
23.395	-0.0002597
23.4	-0.00042573
23.405	-0.00060223
23.41	-0.00071585
23.415	-0.00064977
23.42	-0.00058548
23.425	-0.00058597
23.43	-0.0005868
23.435	-0.00056038
23.44	-0.00051403
23.445	-0.00041974
23.45	-0.00019326
23.455	-4.3556e-05
23.46	7.5227e-05
23.465	0.00017573
23.47	0.00032742
23.475	0.00039467
23.48	0.00032838
23.485	0.00029528
23.49	0.00031263
23.495	0.00030753
23.5	0.00027118
23.505	0.00023154
23.51	0.00016756
23.515	-5.0279e-06
23.52	-9.5229e-05
23.525	-6.7911e-05
23.53	-0.00014765
23.535	-0.00012289
23.54	-2.8874e-05
23.545	-4.9916e-05
23.55	-0.00010339
23.555	-7.0789e-05
23.56	0.00010564
23.565	0.00027672
23.57	0.00024055
23.575	7.9895e-05
23.58	-8.4828e-05
23.585	-8.3489e-05
23.59	-2.7265e-05
23.595	-8.5558e-05
23.6	-0.00026545
23.605	-0.00035132
23.61	-0.00040929
23.615	-0.00041146
23.62	-0.00038504
23.625	-0.00039535
23.63	-0.00044313
23.635	-0.00053454
23.64	-0.00053375
23.645	-0.00048123
23.65	-0.00048669
23.655	-0.00054179
23.66	-0.00045972
23.665	-0.00035746
23.67	-0.00028753
23.675	-0.00026024
23.68	-0.00017971
23.685	-8.707e-05
23.69	-9.7538e-05
23.695	-0.0001472
23.7	-0.00015763
23.705	-0.00016154
23.71	-0.00022181
23.715	-0.00026157
23.72	-0.00029681
23.725	-0.00029147
23.73	-0.00025274
23.735	-0.00021569
23.74	-0.00026092
23.745	-0.00028537
23.75	-0.00025368
23.755	-0.0002151
23.76	-0.00017113
23.765	-0.00017184
23.77	-0.00020788
23.775	-0.00023638
23.78	-0.00021811
23.785	-0.00020323
23.79	-0.00020731
23.795	-0.00017797
23.8	-0.00015739
23.805	-0.00015547
23.81	-0.00013965
23.815	-0.00010824
23.82	-0.00010165
23.825	-0.0001087
23.83	-0.00010646
23.835	-9.8089e-05
23.84	-9.4078e-05
23.845	-9.2582e-05
23.85	-9.1643e-05
23.855	-9.5848e-05
23.86	-0.0001032
23.865	-9.5773e-05
23.87	-7.8337e-05
23.875	-6.0011e-05
23.88	-5.3375e-05
23.885	-5.9322e-05
23.89	-6.6227e-05
23.895	-7.271e-05
23.9	-7.5292e-05
23.905	-7.0369e-05
23.91	-5.8095e-05
23.915	-4.7654e-05
23.92	-4.4964e-05
23.925	-4.144e-05
23.93	-3.4887e-05
23.935	-3.1681e-05
23.94	-3.0267e-05
23.945	-2.7416e-05
23.95	-2.4562e-05
23.955	-2.354e-05
23.96	-2.1274e-05
23.965	-1.8105e-05
23.97	-1.5308e-05
23.975	-1.2302e-05
23.98	-8.8969e-06
23.985	-5.898e-06
23.99	-3.0668e-06
23.995	-3.1765e-07
