0	0.00049569
0.005	0.00052602
0.01	0.00057266
0.015	0.00059954
0.02	0.00063762
0.025	0.00068718
0.03	0.00074616
0.035	0.00080414
0.04	0.00083901
0.045	0.00083259
0.05	0.00077569
0.055	0.00065946
0.06	0.00048837
0.065	0.00029188
0.07	0.00012391
0.075	5.5372e-05
0.08	0.0001255
0.085	0.00035136
0.09	0.00075637
0.095	0.0012826
0.1	0.001816
0.105	0.0023013
0.11	0.002697
0.115	0.0029665
0.12	0.0031435
0.125	0.0032362
0.13	0.0031655
0.135	0.0028406
0.14	0.0021634
0.145	0.0011312
0.15	-8.7969e-05
0.155	-0.0012775
0.16	-0.0022351
0.165	-0.0028595
0.17	-0.0031975
0.175	-0.0032553
0.18	-0.0029008
0.185	-0.0019518
0.19	-0.00024596
0.195	0.0022826
0.2	0.0053639
0.205	0.0083485
0.21	0.010615
0.215	0.011767
0.22	0.011632
0.225	0.010477
0.23	0.0088592
0.235	0.0071687
0.24	0.0056102
0.245	0.0040887
0.25	0.0021228
0.255	-0.00057437
0.26	-0.0035477
0.265	-0.00599
0.27	-0.0076023
0.275	-0.0083183
0.28	-0.0077882
0.285	-0.0059307
0.29	-0.0030879
0.295	0.00021209
0.3	0.0030428
0.305	0.004507
0.31	0.0045144
0.315	0.0036784
0.32	0.002797
0.325	0.0024409
0.33	0.002634
0.335	0.0028676
0.34	0.0025631
0.345	0.0015124
0.35	-0.00026607
0.355	-0.00278
0.36	-0.0058591
0.365	-0.0088825
0.37	-0.010652
0.375	-0.0096751
0.38	-0.0056097
0.385	-0.00022757
0.39	0.0042484
0.395	0.0069818
0.4	0.0084045
0.405	0.009696
0.41	0.012518
0.415	0.017782
0.42	0.024058
0.425	0.028537
0.43	0.029607
0.435	0.027058
0.44	0.020721
0.445	0.011102
0.45	0.00037575
0.455	-0.0096422
0.46	-0.019213
0.465	-0.029342
0.47	-0.040216
0.475	-0.051116
0.48	-0.061339
0.485	-0.070318
0.49	-0.077254
0.495	-0.080307
0.5	-0.075456
0.505	-0.057205
0.51	-0.022052
0.515	0.025526
0.52	0.072816
0.525	0.10683
0.53	0.12086
0.535	0.1157
0.54	0.097513
0.545	0.075657
0.55	0.058415
0.555	0.04563
0.56	0.02914
0.565	0.0025696
0.57	-0.032366
0.575	-0.067841
0.58	-0.095139
0.585	-0.11037
0.59	-0.11688
0.595	-0.11948
0.6	-0.11766
0.605	-0.10686
0.61	-0.082373
0.615	-0.039724
0.62	0.022623
0.625	0.092056
0.63	0.14263
0.635	0.15553
0.64	0.13336
0.645	0.096772
0.65	0.069524
0.655	0.06193
0.66	0.065004
0.665	0.063087
0.67	0.050227
0.675	0.031338
0.68	0.013687
0.685	0.0010435
0.69	-0.0051428
0.695	-0.0029089
0.7	0.0087844
0.705	0.026969
0.71	0.044476
0.715	0.054046
0.72	0.053219
0.725	0.044892
0.73	0.032624
0.735	0.017089
0.74	-0.0015515
0.745	-0.020692
0.75	-0.037256
0.755	-0.049273
0.76	-0.054228
0.765	-0.049946
0.77	-0.036392
0.775	-0.016599
0.78	0.0032065
0.785	0.018454
0.79	0.029028
0.795	0.036149
0.8	0.041436
0.805	0.046621
0.81	0.052467
0.815	0.058764
0.82	0.063071
0.825	0.060986
0.83	0.050158
0.835	0.033007
0.84	0.014403
0.845	-0.0020895
0.85	-0.015285
0.855	-0.025977
0.86	-0.035855
0.865	-0.045341
0.87	-0.053528
0.875	-0.059635
0.88	-0.061861
0.885	-0.058039
0.89	-0.048927
0.895	-0.037402
0.9	-0.025521
0.905	-0.015799
0.91	-0.011968
0.915	-0.015516
0.92	-0.024936
0.925	-0.037672
0.93	-0.051102
0.935	-0.063787
0.94	-0.075459
0.945	-0.086343
0.95	-0.097153
0.955	-0.10754
0.96	-0.11485
0.965	-0.11456
0.97	-0.10281
0.975	-0.080933
0.98	-0.054796
0.985	-0.028814
0.99	-0.0044808
0.995	0.016977
1	0.034647
1.005	0.048611
1.01	0.059615
1.015	0.069073
1.02	0.077972
1.025	0.084567
1.03	0.084891
1.035	0.076543
1.04	0.059812
1.045	0.036341
1.05	0.0095502
1.055	-0.016994
1.06	-0.040242
1.065	-0.055942
1.07	-0.059794
1.075	-0.050376
1.08	-0.02985
1.085	-0.001295
1.09	0.031671
1.095	0.062093
1.1	0.075192
1.105	0.059897
1.11	0.031226
1.115	0.017106
1.12	0.025162
1.125	0.040621
1.13	0.046796
1.135	0.038055
1.14	0.019267
1.145	-0.0028085
1.15	-0.02579
1.155	-0.049428
1.16	-0.071998
1.165	-0.090685
1.17	-0.10133
1.175	-0.096079
1.18	-0.065367
1.185	-0.0041109
1.19	0.080427
1.195	0.16492
1.2	0.21985
1.205	0.22695
1.21	0.18999
1.215	0.1303
1.22	0.072328
1.225	0.031459
1.23	0.0097926
1.235	0.0012701
1.24	-0.00041798
1.245	0.001477
1.25	0.0051184
1.255	0.0093203
1.26	0.013369
1.265	0.015404
1.27	0.013974
1.275	0.011676
1.28	0.014787
1.285	0.032471
1.29	0.073015
1.295	0.13498
1.3	0.19893
1.305	0.23239
1.31	0.21764
1.315	0.16688
1.32	0.096788
1.325	0.0093161
1.33	-0.08762
1.335	-0.1724
1.34	-0.22961
1.345	-0.25746
1.35	-0.26181
1.355	-0.24991
1.36	-0.22741
1.365	-0.19975
1.37	-0.17272
1.375	-0.14637
1.38	-0.11388
1.385	-0.068549
1.39	-0.0033515
1.395	0.087602
1.4	0.19019
1.405	0.26747
1.41	0.28808
1.415	0.25069
1.42	0.18066
1.425	0.10464
1.43	0.029991
1.435	-0.046686
1.44	-0.12653
1.445	-0.20653
1.45	-0.27202
1.455	-0.30689
1.46	-0.31017
1.465	-0.29095
1.47	-0.25886
1.475	-0.21688
1.48	-0.14797
1.485	-0.025496
1.49	0.17047
1.495	0.42879
1.5	0.6535
1.505	0.72578
1.51	0.63376
1.515	0.45123
1.52	0.2438
1.525	0.056585
1.53	-0.078472
1.535	-0.15805
1.54	-0.20071
1.545	-0.22936
1.55	-0.26291
1.555	-0.31396
1.56	-0.38558
1.565	-0.46825
1.57	-0.54134
1.575	-0.57803
1.58	-0.55273
1.585	-0.42318
1.59	-0.16035
1.595	0.16901
1.6	0.43261
1.605	0.53787
1.61	0.48428
1.615	0.33546
1.62	0.16682
1.625	0.033753
1.63	-0.054095
1.635	-0.11407
1.64	-0.15137
1.645	-0.16398
1.65	-0.15885
1.655	-0.14547
1.66	-0.12798
1.665	-0.10615
1.67	-0.078197
1.675	-0.041632
1.68	0.0091223
1.685	0.081714
1.69	0.18009
1.695	0.29499
1.7	0.391
1.705	0.42331
1.71	0.38002
1.715	0.28869
1.72	0.18865
1.725	0.11255
1.73	0.07491
1.735	0.065443
1.74	0.063642
1.745	0.058091
1.75	0.045969
1.755	0.024662
1.76	-0.0084946
1.765	-0.051023
1.77	-0.08993
1.775	-0.10656
1.78	-0.090497
1.785	-0.047488
1.79	-0.0006815
1.795	0.01622
1.8	-0.017992
1.805	-0.093217
1.81	-0.17781
1.815	-0.24176
1.82	-0.2773
1.825	-0.3015
1.83	-0.32591
1.835	-0.33476
1.84	-0.30263
1.845	-0.21969
1.85	-0.10704
1.855	-0.0031814
1.86	0.068533
1.865	0.10406
1.87	0.11747
1.875	0.13677
1.88	0.17546
1.885	0.22157
1.89	0.25756
1.895	0.2733
1.9	0.26372
1.905	0.23093
1.91	0.18586
1.915	0.13966
1.92	0.097222
1.925	0.058901
1.93	0.021935
1.935	-0.018361
1.94	-0.064522
1.945	-0.11243
1.95	-0.15228
1.955	-0.17673
1.96	-0.18196
1.965	-0.15927
1.97	-0.093564
1.975	0.021065
1.98	0.14547
1.985	0.20838
1.99	0.18733
1.995	0.12529
2	0.065746
2.005	0.018862
2.01	-0.023261
2.015	-0.068799
2.02	-0.11779
2.025	-0.16167
2.03	-0.19259
2.035	-0.20953
2.04	-0.21592
2.045	-0.2187
2.05	-0.22717
2.055	-0.24594
2.06	-0.26903
2.065	-0.28303
2.07	-0.27664
2.075	-0.24348
2.08	-0.18284
2.085	-0.10329
2.09	-0.01785
2.095	0.06214
2.1	0.13108
2.105	0.18643
2.11	0.22342
2.115	0.23929
2.12	0.23495
2.125	0.21244
2.13	0.17598
2.135	0.13396
2.14	0.095219
2.145	0.064873
2.15	0.046906
2.155	0.045369
2.16	0.058366
2.165	0.073629
2.17	0.074554
2.175	0.051699
2.18	0.0085348
2.185	-0.043171
2.19	-0.092417
2.195	-0.13198
2.2	-0.15555
2.205	-0.1588
2.21	-0.14391
2.215	-0.11947
2.22	-0.097781
2.225	-0.093247
2.23	-0.11448
2.235	-0.15822
2.24	-0.215
2.245	-0.26404
2.25	-0.27184
2.255	-0.21807
2.26	-0.11297
2.265	0.0096782
2.27	0.10858
2.275	0.15987
2.28	0.16945
2.285	0.15506
2.29	0.12901
2.295	0.098895
2.3	0.075951
2.305	0.074989
2.31	0.10141
2.315	0.14624
2.32	0.19464
2.325	0.23213
2.33	0.24887
2.335	0.24515
2.34	0.22625
2.345	0.19245
2.35	0.14435
2.355	0.090691
2.36	0.041349
2.365	2.5819e-05
2.37	-0.036813
2.375	-0.07548
2.38	-0.11459
2.385	-0.1462
2.39	-0.16522
2.395	-0.16948
2.4	-0.16055
2.405	-0.14754
2.41	-0.14235
2.415	-0.15118
2.42	-0.1708
2.425	-0.18734
2.43	-0.18008
2.435	-0.13531
2.44	-0.055049
2.445	0.040434
2.45	0.11404
2.455	0.13801
2.46	0.1172
2.465	0.076506
2.47	0.036221
2.475	0.0034118
2.48	-0.01751
2.485	-0.018064
2.49	0.0043231
2.495	0.037204
2.5	0.061423
2.505	0.067724
2.51	0.060958
2.515	0.050688
2.52	0.041099
2.525	0.03032
2.53	0.017494
2.535	0.0048984
2.54	-0.0063714
2.545	-0.016242
2.55	-0.024372
2.555	-0.032521
2.56	-0.044969
2.565	-0.065796
2.57	-0.095013
2.575	-0.12757
2.58	-0.15491
2.585	-0.16536
2.59	-0.15051
2.595	-0.11434
2.6	-0.069253
2.605	-0.025882
2.61	0.010091
2.615	0.034425
2.62	0.041632
2.625	0.030367
2.63	0.0096474
2.635	-0.0066347
2.64	-0.011639
2.645	-0.01053
2.65	-0.015025
2.655	-0.03292
2.66	-0.06219
2.665	-0.093186
2.67	-0.11456
2.675	-0.11979
2.68	-0.10715
2.685	-0.076745
2.69	-0.031456
2.695	0.023663
2.7	0.079521
2.705	0.12359
2.71	0.14894
2.715	0.15807
2.72	0.15831
2.725	0.15583
2.73	0.15275
2.735	0.14923
2.74	0.14474
2.745	0.13754
2.75	0.12641
2.755	0.11229
2.76	0.097055
2.765	0.084083
2.77	0.078116
2.775	0.082745
2.78	0.098868
2.785	0.12507
2.79	0.15857
2.795	0.19569
2.8	0.23201
2.805	0.26108
2.81	0.27567
2.815	0.2732
2.82	0.25728
2.825	0.23661
2.83	0.22174
2.835	0.21655
2.84	0.21446
2.845	0.20387
2.85	0.1761
2.855	0.13368
2.86	0.087718
2.865	0.047868
2.87	0.019148
2.875	0.0024637
2.88	-0.0014401
2.885	0.010953
2.89	0.039337
2.895	0.074623
2.9	0.10485
2.905	0.12185
2.91	0.12327
2.915	0.11346
2.92	0.099548
2.925	0.085786
2.93	0.072852
2.935	0.058277
2.94	0.038009
2.945	0.0092584
2.95	-0.029303
2.955	-0.075424
2.96	-0.12346
2.965	-0.16803
2.97	-0.20648
2.975	-0.23901
2.98	-0.26266
2.985	-0.27243
2.99	-0.26964
2.995	-0.25988
3	-0.24595
3.005	-0.22803
3.01	-0.20632
3.015	-0.18136
3.02	-0.1558
3.025	-0.13383
3.03	-0.1185
3.035	-0.11079
3.04	-0.10919
3.045	-0.11326
3.05	-0.12489
3.055	-0.14309
3.06	-0.16431
3.065	-0.18601
3.07	-0.2073
3.075	-0.22874
3.08	-0.24911
3.085	-0.26363
3.09	-0.26758
3.095	-0.25965
3.1	-0.24214
3.105	-0.21847
3.11	-0.19232
3.115	-0.16939
3.12	-0.15334
3.125	-0.14205
3.13	-0.13308
3.135	-0.12658
3.14	-0.12258
3.145	-0.12065
3.15	-0.12054
3.155	-0.12207
3.16	-0.12512
3.165	-0.12958
3.17	-0.13654
3.175	-0.14681
3.18	-0.15965
3.185	-0.17596
3.19	-0.19544
3.195	-0.2124
3.2	-0.22235
3.205	-0.22689
3.21	-0.22852
3.215	-0.22791
3.22	-0.22601
3.225	-0.22264
3.23	-0.21545
3.235	-0.20419
3.24	-0.19047
3.245	-0.17473
3.25	-0.16022
3.255	-0.15211
3.26	-0.15163
3.265	-0.15665
3.27	-0.16468
3.275	-0.17425
3.28	-0.18466
3.285	-0.19408
3.29	-0.20177
3.295	-0.21043
3.3	-0.22301
3.305	-0.23987
3.31	-0.25738
3.315	-0.27066
3.32	-0.27929
3.325	-0.28559
3.33	-0.29023
3.335	-0.29316
3.34	-0.29494
3.345	-0.29545
3.35	-0.29499
3.355	-0.29487
3.36	-0.2946
3.365	-0.29249
3.37	-0.2885
3.375	-0.28406
3.38	-0.27946
3.385	-0.27278
3.39	-0.2626
3.395	-0.25016
3.4	-0.23727
3.405	-0.22414
3.41	-0.21078
3.415	-0.19775
3.42	-0.18498
3.425	-0.17167
3.43	-0.15702
3.435	-0.14179
3.44	-0.12701
3.445	-0.11232
3.45	-0.097666
3.455	-0.083131
3.46	-0.067866
3.465	-0.05043
3.47	-0.03084
3.475	-0.009983
3.48	0.013809
3.485	0.04238
3.49	0.075241
3.495	0.11163
3.5	0.15166
3.505	0.19446
3.51	0.24009
3.515	0.29217
3.52	0.35066
3.525	0.41334
3.53	0.4835
3.535	0.56139
3.54	0.63869
3.545	0.70497
3.55	0.75366
3.555	0.78555
3.56	0.80791
3.565	0.82536
3.57	0.8341
3.575	0.82971
3.58	0.815
3.585	0.79914
3.59	0.79061
3.595	0.78924
3.6	0.78684
3.605	0.77662
3.61	0.75843
3.615	0.73398
3.62	0.7023
3.625	0.66268
3.63	0.61587
3.635	0.56276
3.64	0.50512
3.645	0.44238
3.65	0.37161
3.655	0.29685
3.66	0.22471
3.665	0.15622
3.67	0.10209
3.675	0.07868
3.68	0.082072
3.685	0.096774
3.69	0.11995
3.695	0.15622
3.7	0.20197
3.705	0.25224
3.71	0.30401
3.715	0.34018
3.72	0.33261
3.725	0.26751
3.73	0.15333
3.735	0.022351
3.74	-0.07857
3.745	-0.12384
3.75	-0.11534
3.755	-0.06051
3.76	0.039457
3.765	0.17784
3.77	0.32522
3.775	0.43999
3.78	0.49374
3.785	0.48609
3.79	0.43432
3.795	0.35689
3.8	0.2706
3.805	0.19077
3.81	0.13341
3.815	0.10798
3.82	0.1028
3.825	0.094301
3.83	0.070793
3.835	0.03873
3.84	0.0089134
3.845	-0.015836
3.85	-0.041185
3.855	-0.074184
3.86	-0.11739
3.865	-0.16855
3.87	-0.2232
3.875	-0.27709
3.88	-0.32476
3.885	-0.36103
3.89	-0.38413
3.895	-0.39481
3.9	-0.39717
3.905	-0.39936
3.91	-0.4089
3.915	-0.42816
3.92	-0.45222
3.925	-0.47235
3.93	-0.48453
3.935	-0.49206
3.94	-0.50042
3.945	-0.51124
3.95	-0.52122
3.955	-0.52676
3.96	-0.52682
3.965	-0.52133
3.97	-0.51095
3.975	-0.49428
3.98	-0.46715
3.985	-0.43071
3.99	-0.39089
3.995	-0.35069
4	-0.30945
4.005	-0.26324
4.01	-0.20628
4.015	-0.13902
4.02	-0.066454
4.025	0.010913
4.03	0.091204
4.035	0.16669
4.04	0.23176
4.045	0.29101
4.05	0.34892
4.055	0.39488
4.06	0.41915
4.065	0.42571
4.07	0.41934
4.075	0.40014
4.08	0.37092
4.085	0.33566
4.09	0.28957
4.095	0.2256
4.1	0.14537
4.105	0.054798
4.11	-0.036605
4.115	-0.11764
4.12	-0.1826
4.125	-0.23078
4.13	-0.26499
4.135	-0.29015
4.14	-0.31025
4.145	-0.32642
4.15	-0.33693
4.155	-0.33914
4.16	-0.33294
4.165	-0.32235
4.17	-0.31124
4.175	-0.29923
4.18	-0.28539
4.185	-0.27105
4.19	-0.25634
4.195	-0.24117
4.2	-0.22679
4.205	-0.21239
4.21	-0.19614
4.215	-0.17762
4.22	-0.15719
4.225	-0.1351
4.23	-0.11002
4.235	-0.08001
4.24	-0.046307
4.245	-0.010411
4.25	0.028321
4.255	0.068152
4.26	0.10803
4.265	0.14955
4.27	0.19119
4.275	0.23136
4.28	0.27251
4.285	0.31692
4.29	0.36347
4.295	0.41081
4.3	0.45857
4.305	0.50431
4.31	0.55111
4.315	0.60409
4.32	0.65312
4.325	0.68691
4.33	0.71156
4.335	0.73552
4.34	0.75738
4.345	0.77356
4.35	0.78539
4.355	0.79643
4.36	0.80672
4.365	0.81126
4.37	0.80418
4.375	0.78329
4.38	0.74549
4.385	0.69051
4.39	0.62613
4.395	0.5493
4.4	0.4532
4.405	0.35111
4.41	0.25731
4.415	0.16934
4.42	0.082774
4.425	-0.007235
4.43	-0.095402
4.435	-0.15868
4.44	-0.19837
4.445	-0.24004
4.45	-0.29557
4.455	-0.36153
4.46	-0.42893
4.465	-0.49181
4.47	-0.54929
4.475	-0.60342
4.48	-0.66088
4.485	-0.724
4.49	-0.78032
4.495	-0.8149
4.5	-0.82746
4.505	-0.82713
4.51	-0.82072
4.515	-0.81288
4.52	-0.80824
4.525	-0.8087
4.53	-0.81047
4.535	-0.80482
4.54	-0.78434
4.545	-0.75084
4.55	-0.71353
4.555	-0.67873
4.56	-0.64509
4.565	-0.60846
4.57	-0.57086
4.575	-0.54074
4.58	-0.5199
4.585	-0.49993
4.59	-0.47334
4.595	-0.43876
4.6	-0.39732
4.605	-0.34866
4.61	-0.29147
4.615	-0.22812
4.62	-0.16409
4.625	-0.096816
4.63	-0.019188
4.635	0.066463
4.64	0.15612
4.645	0.24966
4.65	0.34443
4.655	0.43967
4.66	0.53683
4.665	0.63236
4.67	0.73692
4.675	0.87108
4.68	1.0054
4.685	1.0734
4.69	1.053
4.695	0.9614
4.7	0.81031
4.705	0.62136
4.71	0.43514
4.715	0.28686
4.72	0.18948
4.725	0.12533
4.73	0.061665
4.735	-0.021865
4.74	-0.12451
4.745	-0.23135
4.75	-0.32175
4.755	-0.37583
4.76	-0.3922
4.765	-0.39006
4.77	-0.38544
4.775	-0.38055
4.78	-0.37325
4.785	-0.36582
4.79	-0.36153
4.795	-0.35813
4.8	-0.34805
4.805	-0.32502
4.81	-0.28717
4.815	-0.23651
4.82	-0.1799
4.825	-0.12413
4.83	-0.07261
4.835	-0.026794
4.84	0.015352
4.845	0.059309
4.85	0.10748
4.855	0.15397
4.86	0.19344
4.865	0.22903
4.87	0.26497
4.875	0.30068
4.88	0.33583
4.885	0.37217
4.89	0.40667
4.895	0.43376
4.9	0.45329
4.905	0.46828
4.91	0.47934
4.915	0.48373
4.92	0.47933
4.925	0.46923
4.93	0.45826
4.935	0.44838
4.94	0.43982
4.945	0.43182
4.95	0.42216
4.955	0.40788
4.96	0.38596
4.965	0.35429
4.97	0.31326
4.975	0.26531
4.98	0.21308
4.985	0.1587
4.99	0.10568
4.995	0.060688
5	0.026339
5.005	-0.0032618
5.01	-0.033455
5.015	-0.064101
5.02	-0.094444
5.025	-0.12688
5.03	-0.16295
5.035	-0.19857
5.04	-0.22903
5.045	-0.25448
5.05	-0.27734
5.055	-0.29824
5.06	-0.31566
5.065	-0.32685
5.07	-0.32912
5.075	-0.32295
5.08	-0.31151
5.085	-0.29544
5.09	-0.27198
5.095	-0.23951
5.1	-0.19758
5.105	-0.14647
5.11	-0.090531
5.115	-0.03536
5.12	0.012661
5.125	0.046322
5.13	0.063346
5.135	0.067186
5.14	0.064474
5.145	0.061985
5.15	0.062881
5.155	0.067111
5.16	0.074488
5.165	0.0859
5.17	0.10226
5.175	0.12169
5.18	0.13811
5.185	0.14603
5.19	0.14511
5.195	0.13719
5.2	0.12267
5.205	0.10285
5.21	0.083449
5.215	0.071288
5.22	0.067781
5.225	0.068568
5.23	0.068253
5.235	0.063951
5.24	0.056394
5.245	0.049194
5.25	0.045887
5.255	0.047749
5.26	0.054362
5.265	0.063713
5.27	0.07208
5.275	0.076994
5.28	0.078687
5.285	0.078537
5.29	0.077666
5.295	0.075428
5.3	0.070616
5.305	0.063523
5.31	0.053999
5.315	0.04137
5.32	0.025879
5.325	0.0069923
5.33	-0.013666
5.335	-0.030975
5.34	-0.042611
5.345	-0.049403
5.35	-0.052002
5.355	-0.051245
5.36	-0.048991
5.365	-0.048655
5.37	-0.052719
5.375	-0.06168
5.38	-0.076147
5.385	-0.095083
5.39	-0.11577
5.395	-0.13538
5.4	-0.15118
5.405	-0.16221
5.41	-0.16973
5.415	-0.17558
5.42	-0.17955
5.425	-0.18034
5.43	-0.17821
5.435	-0.17408
5.44	-0.16859
5.445	-0.16261
5.45	-0.15646
5.455	-0.14976
5.46	-0.14263
5.465	-0.13503
5.47	-0.12761
5.475	-0.12298
5.48	-0.12159
5.485	-0.11986
5.49	-0.11539
5.495	-0.10893
5.5	-0.10189
5.505	-0.094611
5.51	-0.087502
5.515	-0.080862
5.52	-0.073267
5.525	-0.064642
5.53	-0.056321
5.535	-0.047347
5.54	-0.036201
5.545	-0.02297
5.55	-0.0082574
5.555	0.0070763
5.56	0.021909
5.565	0.035585
5.57	0.04764
5.575	0.056513
5.58	0.060253
5.585	0.058636
5.59	0.05265
5.595	0.04274
5.6	0.029179
5.605	0.012206
5.61	-0.0086589
5.615	-0.034141
5.62	-0.061903
5.625	-0.085923
5.63	-0.10327
5.635	-0.1153
5.64	-0.12273
5.645	-0.12581
5.65	-0.1254
5.655	-0.12187
5.66	-0.11623
5.665	-0.11107
5.67	-0.10867
5.675	-0.10982
5.68	-0.11487
5.685	-0.12313
5.69	-0.13035
5.695	-0.13006
5.7	-0.11879
5.705	-0.099128
5.71	-0.077352
5.715	-0.058177
5.72	-0.042542
5.725	-0.028812
5.73	-0.014936
5.735	-0.0011101
5.74	0.012384
5.745	0.026625
5.75	0.040319
5.755	0.05182
5.76	0.06167
5.765	0.068867
5.77	0.072505
5.775	0.074962
5.78	0.077012
5.785	0.076613
5.79	0.073312
5.795	0.067515
5.8	0.058887
5.805	0.047967
5.81	0.036547
5.815	0.024889
5.82	0.011263
5.825	-0.0043775
5.83	-0.019582
5.835	-0.031845
5.84	-0.040689
5.845	-0.047528
5.85	-0.054225
5.855	-0.061696
5.86	-0.069585
5.865	-0.078027
5.87	-0.087246
5.875	-0.096164
5.88	-0.10401
5.885	-0.11035
5.89	-0.11426
5.895	-0.11577
5.9	-0.11555
5.905	-0.11403
5.91	-0.11236
5.915	-0.11236
5.92	-0.11416
5.925	-0.11558
5.93	-0.11581
5.935	-0.11578
5.94	-0.11464
5.945	-0.11115
5.95	-0.10643
5.955	-0.10149
5.96	-0.09511
5.965	-0.086794
5.97	-0.077487
5.975	-0.067329
5.98	-0.056628
5.985	-0.046107
5.99	-0.03523
5.995	-0.023269
6	-0.011058
6.005	0.00022228
6.01	0.011072
6.015	0.023008
6.02	0.036662
6.025	0.051534
6.03	0.067138
6.035	0.082933
6.04	0.098166
6.045	0.11297
6.05	0.12735
6.055	0.14077
6.06	0.1537
6.065	0.16585
6.07	0.1752
6.075	0.18206
6.08	0.18911
6.085	0.19664
6.09	0.20274
6.095	0.20633
6.1	0.20691
6.105	0.20447
6.11	0.19976
6.115	0.19258
6.12	0.18187
6.125	0.16872
6.13	0.15559
6.135	0.14129
6.14	0.12341
6.145	0.10341
6.15	0.082546
6.155	0.060179
6.16	0.037264
6.165	0.016093
6.17	-0.00097288
6.175	-0.013382
6.18	-0.022245
6.185	-0.028868
6.19	-0.034855
6.195	-0.040057
6.2	-0.042431
6.205	-0.041458
6.21	-0.038798
6.215	-0.035824
6.22	-0.032564
6.225	-0.029019
6.23	-0.025437
6.235	-0.021706
6.24	-0.017744
6.245	-0.013557
6.25	-0.008434
6.255	-0.0021757
6.26	0.0037923
6.265	0.0086438
6.27	0.013153
6.275	0.018042
6.28	0.022859
6.285	0.026993
6.29	0.030727
6.295	0.03465
6.3	0.038861
6.305	0.043092
6.31	0.047161
6.315	0.050608
6.32	0.052831
6.325	0.054616
6.33	0.057707
6.335	0.06227
6.34	0.067343
6.345	0.07281
6.35	0.078435
6.355	0.083162
6.36	0.086834
6.365	0.090047
6.37	0.092693
6.375	0.095072
6.38	0.098473
6.385	0.10267
6.39	0.10582
6.395	0.1071
6.4	0.10673
6.405	0.10485
6.41	0.10116
6.415	0.09509
6.42	0.08597
6.425	0.072581
6.43	0.05462
6.435	0.034229
6.44	0.014186
6.445	-0.0035873
6.45	-0.018462
6.455	-0.030945
6.46	-0.041155
6.465	-0.049121
6.47	-0.056048
6.475	-0.06339
6.48	-0.071161
6.485	-0.078242
6.49	-0.084068
6.495	-0.088771
6.5	-0.092721
6.505	-0.09661
6.51	-0.10071
6.515	-0.10403
6.52	-0.10533
6.525	-0.10475
6.53	-0.10328
6.535	-0.10128
6.54	-0.098716
6.545	-0.095574
6.55	-0.091814
6.555	-0.087501
6.56	-0.082385
6.565	-0.076786
6.57	-0.072335
6.575	-0.069227
6.58	-0.065906
6.585	-0.061745
6.59	-0.057225
6.595	-0.052289
6.6	-0.045721
6.605	-0.036142
6.61	-0.023718
6.615	-0.010184
6.62	0.0028507
6.625	0.01472
6.63	0.025385
6.635	0.034611
6.64	0.04189
6.645	0.047149
6.65	0.051178
6.655	0.055039
6.66	0.058595
6.665	0.060969
6.67	0.062175
6.675	0.06345
6.68	0.065599
6.685	0.067652
6.69	0.068141
6.695	0.066057
6.7	0.061702
6.705	0.056989
6.71	0.053193
6.715	0.049877
6.72	0.046347
6.725	0.042955
6.73	0.040484
6.735	0.038337
6.74	0.035775
6.745	0.033701
6.75	0.033094
6.755	0.033867
6.76	0.035591
6.765	0.037736
6.77	0.039718
6.775	0.041896
6.78	0.04376
6.785	0.043635
6.79	0.04169
6.795	0.038741
6.8	0.034933
6.805	0.030881
6.81	0.027165
6.815	0.023282
6.82	0.018199
6.825	0.011853
6.83	0.0052451
6.835	-0.00045043
6.84	-0.0046918
6.845	-0.0088573
6.85	-0.01434
6.855	-0.019429
6.86	-0.02167
6.865	-0.020673
6.87	-0.017025
6.875	-0.01177
6.88	-0.0067123
6.885	-0.0029767
6.89	-8.1514e-06
6.895	0.0026589
6.9	0.0049182
6.905	0.0073587
6.91	0.009938
6.915	0.011477
6.92	0.011425
6.925	0.010369
6.93	0.0088349
6.935	0.0059849
6.94	0.0017132
6.945	-0.0027619
6.95	-0.0071791
6.955	-0.011341
6.96	-0.014389
6.965	-0.016061
6.97	-0.01701
6.975	-0.018448
6.98	-0.020816
6.985	-0.022898
6.99	-0.023382
6.995	-0.022258
7	-0.020167
7.005	-0.017037
7.01	-0.012369
7.015	-0.0059791
7.02	0.0011641
7.025	0.0069511
7.03	0.010373
7.035	0.01147
7.04	0.0098833
7.045	0.0060572
7.05	0.0017691
7.055	-0.0026664
7.06	-0.0081953
7.065	-0.013676
7.07	-0.017617
7.075	-0.021612
7.08	-0.027713
7.085	-0.035003
7.09	-0.042276
7.095	-0.049636
7.1	-0.056841
7.105	-0.063454
7.11	-0.06883
7.115	-0.073033
7.12	-0.077785
7.125	-0.084082
7.13	-0.090947
7.135	-0.096853
7.14	-0.10124
7.145	-0.10508
7.15	-0.10886
7.155	-0.11147
7.16	-0.11205
7.165	-0.11112
7.17	-0.11049
7.175	-0.11057
7.18	-0.10981
7.185	-0.10841
7.19	-0.108
7.195	-0.10907
7.2	-0.11047
7.205	-0.11085
7.21	-0.11033
7.215	-0.10985
7.22	-0.10927
7.225	-0.10762
7.23	-0.1046
7.235	-0.10125
7.24	-0.098842
7.245	-0.096709
7.25	-0.093512
7.255	-0.089381
7.26	-0.084615
7.265	-0.078995
7.27	-0.073326
7.275	-0.068887
7.28	-0.065476
7.285	-0.061885
7.29	-0.057622
7.295	-0.053195
7.3	-0.049514
7.305	-0.047228
7.31	-0.046304
7.315	-0.046219
7.32	-0.046265
7.325	-0.046056
7.33	-0.045725
7.335	-0.04593
7.34	-0.047448
7.345	-0.049627
7.35	-0.050242
7.355	-0.048251
7.36	-0.045635
7.365	-0.04415
7.37	-0.042417
7.375	-0.038997
7.38	-0.034627
7.385	-0.030433
7.39	-0.026696
7.395	-0.022402
7.4	-0.016501
7.405	-0.01042
7.41	-0.0055258
7.415	-0.0005277
7.42	0.0055321
7.425	0.012125
7.43	0.018594
7.435	0.025208
7.44	0.032814
7.445	0.04142
7.45	0.050548
7.455	0.059757
7.46	0.068616
7.465	0.076389
7.47	0.082583
7.475	0.088016
7.48	0.092767
7.485	0.095537
7.49	0.096934
7.495	0.098304
7.5	0.098722
7.505	0.097607
7.51	0.096102
7.515	0.095225
7.52	0.095175
7.525	0.094909
7.53	0.093255
7.535	0.090711
7.54	0.088289
7.545	0.085673
7.55	0.082352
7.555	0.079522
7.56	0.07834
7.565	0.078495
7.57	0.079966
7.575	0.083245
7.58	0.087632
7.585	0.091857
7.59	0.095996
7.595	0.10023
7.6	0.10379
7.605	0.10609
7.61	0.10688
7.615	0.10577
7.62	0.10304
7.625	0.099435
7.63	0.09522
7.635	0.089653
7.64	0.081743
7.645	0.071742
7.65	0.0612
7.655	0.051261
7.66	0.041801
7.665	0.031574
7.67	0.019275
7.675	0.005734
7.68	-0.0067162
7.685	-0.017384
7.69	-0.027371
7.695	-0.036896
7.7	-0.0451
7.705	-0.051501
7.71	-0.056248
7.715	-0.059652
7.72	-0.06094
7.725	-0.059022
7.73	-0.05462
7.735	-0.049048
7.74	-0.042578
7.745	-0.035614
7.75	-0.028542
7.755	-0.021178
7.76	-0.013666
7.765	-0.0056451
7.77	0.0030711
7.775	0.010747
7.78	0.015392
7.785	0.016957
7.79	0.017682
7.795	0.018975
7.8	0.019473
7.805	0.017739
7.81	0.013901
7.815	0.0090893
7.82	0.0036256
7.825	-0.0021247
7.83	-0.0062303
7.835	-0.0084391
7.84	-0.010613
7.845	-0.013612
7.85	-0.017478
7.855	-0.022791
7.86	-0.029272
7.865	-0.034718
7.87	-0.037666
7.875	-0.038611
7.88	-0.038551
7.885	-0.037952
7.89	-0.036142
7.895	-0.032543
7.9	-0.0281
7.905	-0.024192
7.91	-0.021009
7.915	-0.017672
7.92	-0.013625
7.925	-0.0092099
7.93	-0.0049457
7.935	-0.0013184
7.94	0.00082501
7.945	0.0011031
7.95	0.00053803
7.955	1.0089e-05
7.96	-0.00062696
7.965	-0.00076662
7.97	4.2223e-05
7.975	0.00064487
7.98	0.00069707
7.985	0.001164
7.99	0.0022465
7.995	0.0037004
8	0.0059253
8.005	0.0087228
8.01	0.011361
8.015	0.014329
8.02	0.017985
8.025	0.021086
8.03	0.023041
8.035	0.024954
8.04	0.027223
8.045	0.02982
8.05	0.033499
8.055	0.038089
8.06	0.042239
8.065	0.045366
8.07	0.0488
8.075	0.053398
8.08	0.057449
8.085	0.059379
8.09	0.059854
8.095	0.060482
8.1	0.061547
8.105	0.061542
8.11	0.059698
8.115	0.057017
8.12	0.05406
8.125	0.05068
8.13	0.048003
8.135	0.046893
8.14	0.046046
8.145	0.044771
8.15	0.044054
8.155	0.044151
8.16	0.043883
8.165	0.042205
8.17	0.039579
8.175	0.037269
8.18	0.036074
8.185	0.035601
8.19	0.034378
8.195	0.031006
8.2	0.025437
8.205	0.019574
8.21	0.015287
8.215	0.012209
8.22	0.0084878
8.225	0.0028957
8.23	-0.0043163
8.235	-0.011548
8.24	-0.017507
8.245	-0.023597
8.25	-0.030852
8.255	-0.037889
8.26	-0.044395
8.265	-0.050698
8.27	-0.055603
8.275	-0.058316
8.28	-0.059052
8.285	-0.057311
8.29	-0.053259
8.295	-0.048474
8.3	-0.043522
8.305	-0.038406
8.31	-0.033627
8.315	-0.028338
8.32	-0.021643
8.325	-0.014723
8.33	-0.0086743
8.335	-0.003066
8.34	0.0028015
8.345	0.0089985
8.35	0.015268
8.355	0.021181
8.36	0.025947
8.365	0.029499
8.37	0.033078
8.375	0.037137
8.38	0.040191
8.385	0.041392
8.39	0.041651
8.395	0.041137
8.4	0.039426
8.405	0.037177
8.41	0.035177
8.415	0.033618
8.42	0.032582
8.425	0.031326
8.43	0.02826
8.435	0.022982
8.44	0.016196
8.445	0.0083302
8.45	-0.0008025
8.455	-0.010879
8.46	-0.020039
8.465	-0.026826
8.47	-0.03154
8.475	-0.034652
8.48	-0.035917
8.485	-0.03506
8.49	-0.03204
8.495	-0.027711
8.5	-0.023503
8.505	-0.019833
8.51	-0.016593
8.515	-0.014132
8.52	-0.012066
8.525	-0.0096746
8.53	-0.00764
8.535	-0.0063004
8.54	-0.0046628
8.545	-0.0023424
8.55	-0.00022757
8.555	0.00058605
8.56	0.00015566
8.565	0.00024675
8.57	0.0023383
8.575	0.004711
8.58	0.0042057
8.585	0.0003579
8.59	-0.0048263
8.595	-0.009828
8.6	-0.014175
8.605	-0.017984
8.61	-0.022493
8.615	-0.028419
8.62	-0.034244
8.625	-0.038404
8.63	-0.041408
8.635	-0.044536
8.64	-0.047971
8.645	-0.051266
8.65	-0.054399
8.655	-0.057339
8.66	-0.059601
8.665	-0.061606
8.67	-0.064629
8.675	-0.067874
8.68	-0.070176
8.685	-0.072756
8.69	-0.076481
8.695	-0.080257
8.7	-0.082831
8.705	-0.084338
8.71	-0.08546
8.715	-0.086477
8.72	-0.087079
8.725	-0.086595
8.73	-0.085235
8.735	-0.083991
8.74	-0.083613
8.745	-0.083539
8.75	-0.083214
8.755	-0.083504
8.76	-0.083924
8.765	-0.083062
8.77	-0.081806
8.775	-0.081209
8.78	-0.08066
8.785	-0.080075
8.79	-0.079961
8.795	-0.080562
8.8	-0.081746
8.805	-0.082487
8.81	-0.082553
8.815	-0.083107
8.82	-0.08384
8.825	-0.083318
8.83	-0.082101
8.835	-0.081451
8.84	-0.081057
8.845	-0.079993
8.85	-0.07763
8.855	-0.074577
8.86	-0.071586
8.865	-0.068183
8.87	-0.064297
8.875	-0.059684
8.88	-0.053783
8.885	-0.047275
8.89	-0.041194
8.895	-0.035086
8.9	-0.028039
8.905	-0.021042
8.91	-0.015022
8.915	-0.0096039
8.92	-0.0043104
8.925	0.0013255
8.93	0.0068117
8.935	0.011007
8.94	0.013525
8.945	0.015033
8.95	0.016768
8.955	0.019042
8.96	0.020896
8.965	0.021759
8.97	0.021726
8.975	0.021595
8.98	0.022758
8.985	0.024842
8.99	0.026223
8.995	0.026267
9	0.025711
9.005	0.025429
9.01	0.025133
9.015	0.025277
9.02	0.026871
9.025	0.028953
9.03	0.030639
9.035	0.0327
9.04	0.035207
9.045	0.037918
9.05	0.041327
9.055	0.044566
9.06	0.046638
9.065	0.048892
9.07	0.052523
9.075	0.056961
9.08	0.061292
9.085	0.06478
9.09	0.067441
9.095	0.070097
9.1	0.073156
9.105	0.076785
9.11	0.081382
9.115	0.08713
9.12	0.093509
9.125	0.099491
9.13	0.10437
9.135	0.1089
9.14	0.11457
9.145	0.12069
9.15	0.12512
9.155	0.12734
9.16	0.12868
9.165	0.13056
9.17	0.13282
9.175	0.13411
9.18	0.13408
9.185	0.13316
9.19	0.13051
9.195	0.12523
9.2	0.11844
9.205	0.11188
9.21	0.10581
9.215	0.099391
9.22	0.092279
9.225	0.084916
9.23	0.077912
9.235	0.071853
9.24	0.067255
9.245	0.064333
9.25	0.062898
9.255	0.062642
9.26	0.062751
9.265	0.062981
9.27	0.063986
9.275	0.064601
9.28	0.062997
9.285	0.059414
9.29	0.055111
9.295	0.051112
9.3	0.048215
9.305	0.046357
9.31	0.044163
9.315	0.041042
9.32	0.038026
9.325	0.035354
9.33	0.032635
9.335	0.030106
9.34	0.027135
9.345	0.022782
9.35	0.017517
9.355	0.012274
9.36	0.0068231
9.365	-3.6866e-05
9.37	-0.0078574
9.375	-0.014769
9.38	-0.020787
9.385	-0.026816
9.39	-0.032615
9.395	-0.038153
9.4	-0.04303
9.405	-0.046022
9.41	-0.047819
9.415	-0.050651
9.42	-0.054332
9.425	-0.056969
9.43	-0.059285
9.435	-0.062244
9.44	-0.064779
9.445	-0.066579
9.45	-0.0683
9.455	-0.070726
9.46	-0.073281
9.465	-0.074229
9.47	-0.07362
9.475	-0.073001
9.48	-0.073432
9.485	-0.074882
9.49	-0.07607
9.495	-0.076597
9.5	-0.077827
9.505	-0.0798
9.51	-0.081521
9.515	-0.083204
9.52	-0.085002
9.525	-0.085731
9.53	-0.084709
9.535	-0.082784
9.54	-0.080152
9.545	-0.076969
9.55	-0.074907
9.555	-0.074282
9.56	-0.073041
9.565	-0.070175
9.57	-0.067192
9.575	-0.064805
9.58	-0.061685
9.585	-0.057263
9.59	-0.051866
9.595	-0.046042
9.6	-0.040555
9.605	-0.035053
9.61	-0.029375
9.615	-0.024672
9.62	-0.021003
9.625	-0.017323
9.63	-0.01339
9.635	-0.0094066
9.64	-0.0056114
9.645	-0.0028438
9.65	-0.0011845
9.655	0.00044577
9.66	0.0025988
9.665	0.0048338
9.67	0.0065008
9.675	0.0078584
9.68	0.0090249
9.685	0.009426
9.69	0.0090854
9.695	0.0083315
9.7	0.0078384
9.705	0.0080001
9.71	0.0079166
9.715	0.0073
9.72	0.006558
9.725	0.0056875
9.73	0.0046135
9.735	0.0030435
9.74	0.0013757
9.745	0.00031
9.75	-0.00081312
9.755	-0.0027836
9.76	-0.0051084
9.765	-0.0066994
9.77	-0.0077201
9.775	-0.0092871
9.78	-0.011524
9.785	-0.014636
9.79	-0.018098
9.795	-0.020445
9.8	-0.021903
9.805	-0.023164
9.81	-0.024631
9.815	-0.026337
9.82	-0.027277
9.825	-0.027116
9.83	-0.026369
9.835	-0.025615
9.84	-0.026125
9.845	-0.028475
9.85	-0.031002
9.855	-0.032112
9.86	-0.032709
9.865	-0.033801
9.87	-0.033947
9.875	-0.031717
9.88	-0.027727
9.885	-0.023078
9.89	-0.01825
9.895	-0.013591
9.9	-0.0091696
9.905	-0.0048325
9.91	-0.00069674
9.915	0.0032691
9.92	0.0073232
9.925	0.011485
9.93	0.015555
9.935	0.019705
9.94	0.024537
9.945	0.029798
9.95	0.034075
9.955	0.035795
9.96	0.034349
9.965	0.030884
9.97	0.027099
9.975	0.023503
9.98	0.019195
9.985	0.013649
9.99	0.008582
9.995	0.0061842
10	0.0066092
10.005	0.0082121
10.01	0.0094892
10.015	0.010514
10.02	0.011373
10.025	0.011641
10.03	0.011978
10.035	0.012462
10.04	0.011694
10.045	0.0097798
10.05	0.007822
10.055	0.0060195
10.06	0.0046575
10.065	0.0039416
10.07	0.0036902
10.075	0.0032786
10.08	0.0022181
10.085	0.00082557
10.09	-0.00079566
10.095	-0.0023025
10.1	-0.0031972
10.105	-0.0034898
10.11	-0.0029588
10.115	-0.0021487
10.12	-0.0017147
10.125	-0.00072289
10.13	0.0014317
10.135	0.003927
10.14	0.0056356
10.145	0.0063423
10.15	0.0068961
10.155	0.0075273
10.16	0.0073769
10.165	0.006225
10.17	0.0052808
10.175	0.0053998
10.18	0.0059699
10.185	0.0058429
10.19	0.0043152
10.195	0.0021579
10.2	0.0010934
10.205	0.0015238
10.21	0.0019362
10.215	0.0010266
10.22	-0.00040082
10.225	-0.00088526
10.23	-0.00015121
10.235	0.0012178
10.24	0.0021386
10.245	0.0022857
10.25	0.0026203
10.255	0.0036546
10.26	0.0050122
10.265	0.0059474
10.27	0.0060018
10.275	0.0056096
10.28	0.0053942
10.285	0.0056771
10.29	0.0068989
10.295	0.0088533
10.3	0.010543
10.305	0.012001
10.31	0.013593
10.315	0.015123
10.32	0.016662
10.325	0.017698
10.33	0.018122
10.335	0.019449
10.34	0.021577
10.345	0.022451
10.35	0.02189
10.355	0.021187
10.36	0.020322
10.365	0.018812
10.37	0.017357
10.375	0.016334
10.38	0.014755
10.385	0.012109
10.39	0.0096394
10.395	0.0083939
10.4	0.0073328
10.405	0.0053418
10.41	0.0030012
10.415	0.0014666
10.42	0.00077294
10.425	3.7075e-05
10.43	-0.0010299
10.435	-0.0014451
10.44	-1.8413e-05
10.445	0.0026009
10.45	0.0050048
10.455	0.0073351
10.46	0.010025
10.465	0.012619
10.47	0.015221
10.475	0.018111
10.48	0.020695
10.485	0.023111
10.49	0.026267
10.495	0.029478
10.5	0.031605
10.505	0.033036
10.51	0.034372
10.515	0.036008
10.52	0.037745
10.525	0.039011
10.53	0.040316
10.535	0.042291
10.54	0.044611
10.545	0.04626
10.55	0.046534
10.555	0.046551
10.56	0.048472
10.565	0.052186
10.57	0.054993
10.575	0.056129
10.58	0.057171
10.585	0.058243
10.59	0.059478
10.595	0.061895
10.6	0.064765
10.605	0.066902
10.61	0.068558
10.615	0.070018
10.62	0.070684
10.625	0.070491
10.63	0.070315
10.635	0.069813
10.64	0.06805
10.645	0.065625
10.65	0.06274
10.655	0.058869
10.66	0.054541
10.665	0.050518
10.67	0.046762
10.675	0.042895
10.68	0.038829
10.685	0.034342
10.69	0.028863
10.695	0.022148
10.7	0.015163
10.705	0.0090172
10.71	0.0034075
10.715	-0.0015904
10.72	-0.0063349
10.725	-0.012206
10.73	-0.018173
10.735	-0.022493
10.74	-0.026206
10.745	-0.030952
10.75	-0.036348
10.755	-0.041097
10.76	-0.044211
10.765	-0.045804
10.77	-0.04724
10.775	-0.049125
10.78	-0.050167
10.785	-0.049356
10.79	-0.047733
10.795	-0.04631
10.8	-0.044765
10.805	-0.042517
10.81	-0.03976
10.815	-0.037385
10.82	-0.03559
10.825	-0.033859
10.83	-0.031531
10.835	-0.028909
10.84	-0.027589
10.845	-0.027939
10.85	-0.028549
10.855	-0.028763
10.86	-0.029236
10.865	-0.029915
10.87	-0.030371
10.875	-0.031047
10.88	-0.031865
10.885	-0.032083
10.89	-0.03207
10.895	-0.032776
10.9	-0.034071
10.905	-0.035579
10.91	-0.037158
10.915	-0.038048
10.92	-0.037914
10.925	-0.037234
10.93	-0.036032
10.935	-0.033876
10.94	-0.03051
10.945	-0.026288
10.95	-0.022387
10.955	-0.019902
10.96	-0.018499
10.965	-0.016903
10.97	-0.014858
10.975	-0.013282
10.98	-0.012198
10.985	-0.010589
10.99	-0.0082811
10.995	-0.0059665
11	-0.0039789
11.005	-0.0023137
11.01	-0.001107
11.015	-0.00041216
11.02	-0.00043418
11.025	-0.0013386
11.03	-0.0026148
11.035	-0.0034557
11.04	-0.0036503
11.045	-0.0040557
11.05	-0.0049792
11.055	-0.0055315
11.06	-0.0054627
11.065	-0.0051066
11.07	-0.0040976
11.075	-0.0023062
11.08	-0.00099819
11.085	-0.0008335
11.09	-0.00080729
11.095	-0.00076659
11.1	-0.001091
11.105	-0.00055396
11.11	0.0014478
11.115	0.0031164
11.12	0.0032815
11.125	0.0035051
11.13	0.0051057
11.135	0.0069439
11.14	0.0082114
11.145	0.0094283
11.15	0.0099528
11.155	0.0090483
11.16	0.0073729
11.165	0.0048841
11.17	0.0012139
11.175	-0.0023481
11.18	-0.004612
11.185	-0.0066028
11.19	-0.0094001
11.195	-0.012235
11.2	-0.014345
11.205	-0.016076
11.21	-0.017972
11.215	-0.020123
11.22	-0.02223
11.225	-0.024313
11.23	-0.026816
11.235	-0.029387
11.24	-0.031421
11.245	-0.033025
11.25	-0.034399
11.255	-0.035885
11.26	-0.037366
11.265	-0.03845
11.27	-0.039315
11.275	-0.040308
11.28	-0.041197
11.285	-0.040936
11.29	-0.039462
11.295	-0.038005
11.3	-0.037097
11.305	-0.035917
11.31	-0.033569
11.315	-0.030739
11.32	-0.028554
11.325	-0.026843
11.33	-0.024548
11.335	-0.021392
11.34	-0.018472
11.345	-0.015979
11.35	-0.012708
11.355	-0.0084566
11.36	-0.0045923
11.365	-0.002229
11.37	-0.00081678
11.375	0.00084014
11.38	0.0030571
11.385	0.0054792
11.39	0.0081648
11.395	0.011259
11.4	0.013929
11.405	0.015268
11.41	0.015761
11.415	0.016534
11.42	0.017838
11.425	0.019158
11.43	0.019722
11.435	0.018969
11.44	0.017004
11.445	0.014565
11.45	0.012505
11.455	0.011376
11.46	0.010823
11.465	0.0096041
11.47	0.0081557
11.475	0.0086329
11.48	0.010825
11.485	0.012499
11.49	0.01347
11.495	0.01462
11.5	0.015393
11.505	0.015302
11.51	0.015373
11.515	0.016057
11.52	0.016528
11.525	0.01692
11.53	0.017077
11.535	0.016154
11.54	0.014666
11.545	0.013148
11.55	0.011738
11.555	0.010725
11.56	0.010293
11.565	0.010829
11.57	0.011756
11.575	0.01195
11.58	0.011124
11.585	0.0092869
11.59	0.007294
11.595	0.0062486
11.6	0.0054155
11.605	0.0040012
11.61	0.0026272
11.615	0.0012654
11.62	-0.00025985
11.625	-0.0010167
11.63	-0.0013991
11.635	-0.0029804
11.64	-0.0052302
11.645	-0.0066205
11.65	-0.0071757
11.655	-0.0077759
11.66	-0.0088105
11.665	-0.010427
11.67	-0.012069
11.675	-0.011898
11.68	-0.009706
11.685	-0.0080071
11.69	-0.0082993
11.695	-0.0088211
11.7	-0.0070956
11.705	-0.0032833
11.71	0.00093089
11.715	0.0045019
11.72	0.0071765
11.725	0.0099187
11.73	0.013801
11.735	0.018107
11.74	0.02123
11.745	0.022932
11.75	0.024422
11.755	0.02622
11.76	0.027418
11.765	0.0275
11.77	0.02691
11.775	0.02575
11.78	0.023611
11.785	0.020194
11.79	0.016539
11.795	0.013984
11.8	0.011259
11.805	0.0065624
11.81	0.00066762
11.815	-0.0044752
11.82	-0.0082309
11.825	-0.011605
11.83	-0.015522
11.835	-0.019906
11.84	-0.023688
11.845	-0.025675
11.85	-0.025977
11.855	-0.025433
11.86	-0.024312
11.865	-0.021981
11.87	-0.018092
11.875	-0.013635
11.88	-0.0093376
11.885	-0.0047889
11.89	0.00023924
11.895	0.0053827
11.9	0.010367
11.905	0.015632
11.91	0.021399
11.915	0.026617
11.92	0.030597
11.925	0.034102
11.93	0.038007
11.935	0.042361
11.94	0.046124
11.945	0.048347
11.95	0.049799
11.955	0.051388
11.96	0.052536
11.965	0.05234
11.97	0.051397
11.975	0.050534
11.98	0.04853
11.985	0.045122
11.99	0.042059
11.995	0.038713
12	0.033479
12.005	0.027775
12.01	0.023481
12.015	0.020462
12.02	0.017786
12.025	0.014787
12.03	0.011538
12.035	0.0086931
12.04	0.0069522
12.045	0.0059711
12.05	0.0044001
12.055	0.0021195
12.06	0.00079659
12.065	0.0015963
12.07	0.0032556
12.075	0.0037622
12.08	0.0030955
12.085	0.0025456
12.09	0.0023958
12.095	0.0020626
12.1	0.0018256
12.105	0.001558
12.11	0.00042628
12.115	-0.00039418
12.12	0.00030059
12.125	0.001211
12.13	0.0014426
12.135	0.0016153
12.14	0.0018696
12.145	0.0021679
12.15	0.0029689
12.155	0.0039387
12.16	0.0041898
12.165	0.004127
12.17	0.0048219
12.175	0.006261
12.18	0.0073871
12.185	0.0071731
12.19	0.005441
12.195	0.0032983
12.2	0.002071
12.205	0.0016159
12.21	0.001025
12.215	-0.00037596
12.22	-0.0023262
12.225	-0.0038126
12.23	-0.0050547
12.235	-0.0061291
12.24	-0.0058659
12.245	-0.004772
12.25	-0.0040819
12.255	-0.0031113
12.26	-0.0014998
12.265	0.00019981
12.27	0.0020293
12.275	0.0036627
12.28	0.0050915
12.285	0.0069803
12.29	0.0088931
12.295	0.010105
12.3	0.010867
12.305	0.011306
12.31	0.011314
12.315	0.01123
12.32	0.011281
12.325	0.010905
12.33	0.0093341
12.335	0.0068996
12.34	0.004636
12.345	0.0029009
12.35	0.0011975
12.355	-0.0013057
12.36	-0.0045782
12.365	-0.0074596
12.37	-0.0097096
12.375	-0.011922
12.38	-0.014353
12.385	-0.017155
12.39	-0.01964
12.395	-0.020902
12.4	-0.021397
12.405	-0.022134
12.41	-0.023407
12.415	-0.02458
12.42	-0.024228
12.425	-0.022199
12.43	-0.020814
12.435	-0.021121
12.44	-0.02129
12.445	-0.020322
12.45	-0.019378
12.455	-0.019339
12.46	-0.019945
12.465	-0.020697
12.47	-0.020952
12.475	-0.020788
12.48	-0.021518
12.485	-0.023336
12.49	-0.024125
12.495	-0.023215
12.5	-0.022965
12.505	-0.024219
12.51	-0.025178
12.515	-0.025199
12.52	-0.025509
12.525	-0.026393
12.53	-0.027002
12.535	-0.027812
12.54	-0.029187
12.545	-0.030165
12.55	-0.031392
12.555	-0.033916
12.56	-0.036396
12.565	-0.03716
12.57	-0.036852
12.575	-0.03729
12.58	-0.038783
12.585	-0.040355
12.59	-0.041158
12.595	-0.040738
12.6	-0.039431
12.605	-0.038163
12.61	-0.037031
12.615	-0.035344
12.62	-0.033011
12.625	-0.030627
12.63	-0.028997
12.635	-0.028694
12.64	-0.028406
12.645	-0.026078
12.65	-0.022946
12.655	-0.021455
12.66	-0.02051
12.665	-0.018277
12.67	-0.015287
12.675	-0.01192
12.68	-0.0084056
12.685	-0.0058054
12.69	-0.004173
12.695	-0.0026355
12.7	-0.0010671
12.705	0.00057877
12.71	0.0027914
12.715	0.0054028
12.72	0.007586
12.725	0.0087429
12.73	0.0093263
12.735	0.0101
12.74	0.010576
12.745	0.010062
12.75	0.0092582
12.755	0.0086476
12.76	0.0078032
12.765	0.0064214
12.77	0.0046248
12.775	0.003427
12.78	0.0035285
12.785	0.0040976
12.79	0.0041145
12.795	0.0038225
12.8	0.0044778
12.805	0.0063851
12.81	0.0085852
12.815	0.010604
12.82	0.011913
12.825	0.011901
12.83	0.011624
12.835	0.01218
12.84	0.012587
12.845	0.012107
12.85	0.011245
12.855	0.009828
12.86	0.008063
12.865	0.0068823
12.87	0.0058298
12.875	0.0040189
12.88	0.0017226
12.885	-0.00085209
12.89	-0.0038648
12.895	-0.0066714
12.9	-0.0086847
12.905	-0.0099493
12.91	-0.010378
12.915	-0.010209
12.92	-0.0095679
12.925	-0.0076589
12.93	-0.0043838
12.935	-0.00045543
12.94	0.00404
12.945	0.008824
12.95	0.013227
12.955	0.017112
12.96	0.020861
12.965	0.024906
12.97	0.028965
12.975	0.03183
12.98	0.033506
12.985	0.03556
12.99	0.038302
12.995	0.040753
13	0.041948
13.005	0.041957
13.01	0.042247
13.015	0.043324
13.02	0.044088
13.025	0.043865
13.03	0.042591
13.035	0.040726
13.04	0.039064
13.045	0.036831
13.05	0.033166
13.055	0.029642
13.06	0.027362
13.065	0.025131
13.07	0.022407
13.075	0.019641
13.08	0.016712
13.085	0.013786
13.09	0.011022
13.095	0.0080505
13.1	0.0048751
13.105	0.0021624
13.11	0.00064843
13.115	-0.00037177
13.12	-0.0022022
13.125	-0.0047394
13.13	-0.0067368
13.135	-0.0075967
13.14	-0.0081196
13.145	-0.008675
13.15	-0.0084574
13.155	-0.0072202
13.16	-0.0057467
13.165	-0.0043368
13.17	-0.003054
13.175	-0.0021064
13.18	-0.0012598
13.185	-0.00019017
13.19	0.0014677
13.195	0.0037032
13.2	0.0059228
13.205	0.0073269
13.21	0.0075485
13.215	0.0081803
13.22	0.011293
13.225	0.015778
13.23	0.018921
13.235	0.020821
13.24	0.023606
13.245	0.027403
13.25	0.030452
13.255	0.032365
13.26	0.034091
13.265	0.035574
13.27	0.036036
13.275	0.035741
13.28	0.035634
13.285	0.035693
13.29	0.034648
13.295	0.032391
13.3	0.030435
13.305	0.029036
13.31	0.027413
13.315	0.025264
13.32	0.022404
13.325	0.019243
13.33	0.016661
13.335	0.014304
13.34	0.011549
13.345	0.0089146
13.35	0.0061869
13.355	0.0021757
13.36	-0.0024518
13.365	-0.0051891
13.37	-0.0057833
13.375	-0.0065109
13.38	-0.0078768
13.385	-0.0087592
13.39	-0.00958
13.395	-0.011234
13.4	-0.012516
13.405	-0.012065
13.41	-0.011058
13.415	-0.010717
13.42	-0.010546
13.425	-0.010565
13.43	-0.011399
13.435	-0.01276
13.44	-0.013969
13.445	-0.014636
13.45	-0.014614
13.455	-0.014304
13.46	-0.01425
13.465	-0.014478
13.47	-0.014408
13.475	-0.013559
13.48	-0.012002
13.485	-0.0096432
13.49	-0.0068636
13.495	-0.0043426
13.5	-0.0014555
13.505	0.0018974
13.51	0.0043914
13.515	0.0065717
13.52	0.0096262
13.525	0.01221
13.53	0.01382
13.535	0.015573
13.54	0.016555
13.545	0.015978
13.55	0.014582
13.555	0.012259
13.56	0.0097482
13.565	0.0089726
13.57	0.0098012
13.575	0.010116
13.58	0.008892
13.585	0.0067139
13.59	0.0043366
13.595	0.0026813
13.6	0.0020396
13.605	0.0015346
13.61	0.00049179
13.615	-0.00045913
13.62	-0.00095825
13.625	-0.0016991
13.63	-0.0024681
13.635	-0.0025828
13.64	-0.0022624
13.645	-0.0020251
13.65	-0.0024562
13.655	-0.003714
13.66	-0.0050683
13.665	-0.0064267
13.67	-0.0083256
13.675	-0.0097917
13.68	-0.0093633
13.685	-0.0080194
13.69	-0.0076594
13.695	-0.0082964
13.7	-0.0084975
13.705	-0.0070734
13.71	-0.0040504
13.715	-0.00090794
13.72	0.0010748
13.725	0.0028142
13.73	0.0052007
13.735	0.0076313
13.74	0.0097243
13.745	0.011329
13.75	0.011974
13.755	0.011375
13.76	0.0092279
13.765	0.0062783
13.77	0.0045278
13.775	0.0034947
13.78	0.0010986
13.785	-0.0021459
13.79	-0.0050418
13.795	-0.007456
13.8	-0.0089654
13.805	-0.010004
13.81	-0.011762
13.815	-0.014249
13.82	-0.016281
13.825	-0.016811
13.83	-0.016259
13.835	-0.015864
13.84	-0.016073
13.845	-0.016487
13.85	-0.016701
13.855	-0.016634
13.86	-0.016824
13.865	-0.01816
13.87	-0.019784
13.875	-0.02007
13.88	-0.019795
13.885	-0.020085
13.89	-0.020453
13.895	-0.020753
13.9	-0.021862
13.905	-0.023782
13.91	-0.025304
13.915	-0.026045
13.92	-0.026343
13.925	-0.026627
13.93	-0.027514
13.935	-0.028277
13.94	-0.027893
13.945	-0.027525
13.95	-0.028167
13.955	-0.028861
13.96	-0.028955
13.965	-0.028211
13.97	-0.025959
13.975	-0.022837
13.98	-0.020141
13.985	-0.017711
13.99	-0.014934
13.995	-0.011873
14	-0.0088358
14.005	-0.0055736
14.01	-0.0016128
14.015	0.0027785
14.02	0.0067271
14.025	0.0094762
14.03	0.010914
14.035	0.011295
14.04	0.011412
14.045	0.012672
14.05	0.014409
14.055	0.01396
14.06	0.011709
14.065	0.010625
14.07	0.011335
14.075	0.01196
14.08	0.010868
14.085	0.0079225
14.09	0.0044918
14.095	0.0027745
14.1	0.0027559
14.105	0.0019005
14.11	-1.9108e-05
14.115	-0.0012564
14.12	-0.001571
14.125	-0.0011612
14.13	-0.00032294
14.135	2.0699e-05
14.14	-0.00030159
14.145	-0.00064452
14.15	-0.00061619
14.155	-0.00031949
14.16	-0.00035221
14.165	-0.0015825
14.17	-0.0037146
14.175	-0.0046823
14.18	-0.0036641
14.185	-0.0028172
14.19	-0.0035136
14.195	-0.0044816
14.2	-0.0046042
14.205	-0.0042039
14.21	-0.003691
14.215	-0.0026065
14.22	-0.00026435
14.225	0.0027998
14.23	0.0049146
14.235	0.0058789
14.24	0.0072124
14.245	0.0095117
14.25	0.011775
14.255	0.012723
14.26	0.012687
14.265	0.012928
14.27	0.013142
14.275	0.012769
14.28	0.012514
14.285	0.012558
14.29	0.012043
14.295	0.011041
14.3	0.010412
14.305	0.0099198
14.31	0.0090608
14.315	0.0078205
14.32	0.00601
14.325	0.0037582
14.33	0.0018715
14.335	0.00071861
14.34	-0.00061065
14.345	-0.0024795
14.35	-0.0042035
14.355	-0.0056068
14.36	-0.006892
14.365	-0.0085367
14.37	-0.010697
14.375	-0.012959
14.38	-0.014594
14.385	-0.014977
14.39	-0.015366
14.395	-0.016849
14.4	-0.017957
14.405	-0.017807
14.41	-0.016875
14.415	-0.015315
14.42	-0.01384
14.425	-0.012776
14.43	-0.011435
14.435	-0.010189
14.44	-0.0099837
14.445	-0.010265
14.45	-0.0094374
14.455	-0.0072976
14.46	-0.0054757
14.465	-0.0045067
14.47	-0.0033427
14.475	-0.0021177
14.48	-0.0017986
14.485	-0.0021518
14.49	-0.0023106
14.495	-0.0022506
14.5	-0.0029821
14.505	-0.0047906
14.51	-0.0066357
14.515	-0.0082666
14.52	-0.0099005
14.525	-0.011288
14.53	-0.01284
14.535	-0.014987
14.54	-0.017077
14.545	-0.01845
14.55	-0.02005
14.555	-0.022635
14.56	-0.024349
14.565	-0.023539
14.57	-0.021296
14.575	-0.019141
14.58	-0.017665
14.585	-0.016741
14.59	-0.015378
14.595	-0.013152
14.6	-0.010729
14.605	-0.0086197
14.61	-0.0067461
14.615	-0.0048193
14.62	-0.0030192
14.625	-0.0016299
14.63	-3.7326e-05
14.635	0.0016996
14.64	0.0024955
14.645	0.0030624
14.65	0.0046995
14.655	0.0063982
14.66	0.0067147
14.665	0.0061151
14.67	0.0057789
14.675	0.0059904
14.68	0.0063845
14.685	0.0061771
14.69	0.0044654
14.695	0.0022664
14.7	0.0012435
14.705	0.00035262
14.71	-0.0012494
14.715	-0.0020952
14.72	-0.0017437
14.725	-0.0013083
14.73	-0.0013879
14.735	-0.0016913
14.74	-0.0018057
14.745	-0.0017557
14.75	-0.0015372
14.755	-0.00051399
14.76	0.0013839
14.765	0.0029484
14.77	0.0039308
14.775	0.0052747
14.78	0.0066013
14.785	0.0068881
14.79	0.0064771
14.795	0.0062976
14.8	0.0062332
14.805	0.0055696
14.81	0.0047053
14.815	0.0045349
14.82	0.0048818
14.825	0.0050761
14.83	0.0049758
14.835	0.0048111
14.84	0.005036
14.845	0.0060308
14.85	0.0071314
14.855	0.0073923
14.86	0.0070285
14.865	0.0067807
14.87	0.006879
14.875	0.0070822
14.88	0.0071512
14.885	0.007086
14.89	0.0073437
14.895	0.0083627
14.9	0.0094716
14.905	0.0097261
14.91	0.0090515
14.915	0.0078521
14.92	0.0069778
14.925	0.0070393
14.93	0.007531
14.935	0.0077383
14.94	0.0073159
14.945	0.0059069
14.95	0.0039399
14.955	0.0028627
14.96	0.0031784
14.965	0.0038502
14.97	0.0036425
14.975	0.0023005
14.98	0.0010354
14.985	0.00094876
14.99	0.0015208
14.995	0.001773
15	0.0019398
15.005	0.0027051
15.01	0.0038754
15.015	0.0053618
15.02	0.0069475
15.025	0.0084102
15.03	0.010241
15.035	0.012427
15.04	0.014523
15.045	0.016469
15.05	0.018068
15.055	0.018706
15.06	0.018845
15.065	0.019195
15.07	0.019853
15.075	0.02097
15.08	0.021465
15.085	0.020394
15.09	0.019164
15.095	0.018375
15.1	0.016089
15.105	0.012465
15.11	0.0098188
15.115	0.0076091
15.12	0.0047715
15.125	0.002641
15.13	0.0014169
15.135	0.00016137
15.14	-0.0007025
15.145	-0.00071701
15.15	-0.00046741
15.155	-0.00048765
15.16	-0.0003276
15.165	0.00026465
15.17	0.0011367
15.175	0.0030573
15.18	0.0058452
15.185	0.0077333
15.19	0.0078061
15.195	0.0064927
15.2	0.0045651
15.205	0.0030672
15.21	0.0023864
15.215	0.0014354
15.22	-0.00012136
15.225	-0.0015294
15.23	-0.0029242
15.235	-0.0043094
15.24	-0.0049056
15.245	-0.005159
15.25	-0.0060223
15.255	-0.0068983
15.26	-0.0069944
15.265	-0.0067022
15.27	-0.0065721
15.275	-0.0061503
15.28	-0.0045523
15.285	-0.0021604
15.29	-0.00040052
15.295	0.00073539
15.3	0.0023389
15.305	0.0042351
15.31	0.0060517
15.315	0.0080642
15.32	0.010105
15.325	0.01157
15.33	0.012262
15.335	0.012317
15.34	0.012219
15.345	0.012738
15.35	0.013368
15.355	0.01285
15.36	0.011491
15.365	0.010792
15.37	0.011133
15.375	0.011651
15.38	0.01164
15.385	0.010601
15.39	0.0085609
15.395	0.0068818
15.4	0.006744
15.405	0.0074704
15.41	0.0078098
15.415	0.007538
15.42	0.0071674
15.425	0.0070657
15.43	0.0069918
15.435	0.0060907
15.44	0.0041587
15.445	0.0026517
15.45	0.0025087
15.455	0.0022467
15.46	0.00055492
15.465	-0.0012646
15.47	-0.0015668
15.475	-0.0010692
15.48	-0.0015188
15.485	-0.0030454
15.49	-0.0045869
15.495	-0.005437
15.5	-0.0054376
15.505	-0.0050672
15.51	-0.0049193
15.515	-0.0052295
15.52	-0.0063873
15.525	-0.0083126
15.53	-0.0096379
15.535	-0.0096846
15.54	-0.010021
15.545	-0.011754
15.55	-0.013642
15.555	-0.014872
15.56	-0.01616
15.565	-0.017333
15.57	-0.017571
15.575	-0.017189
15.58	-0.016986
15.585	-0.017436
15.59	-0.018629
15.595	-0.019733
15.6	-0.019874
15.605	-0.01913
15.61	-0.017924
15.615	-0.017034
15.62	-0.017048
15.625	-0.017812
15.63	-0.018967
15.635	-0.019756
15.64	-0.019959
15.645	-0.020483
15.65	-0.021335
15.655	-0.021633
15.66	-0.02141
15.665	-0.021273
15.67	-0.021389
15.675	-0.021603
15.68	-0.021116
15.685	-0.019133
15.69	-0.017011
15.695	-0.016667
15.7	-0.017295
15.705	-0.016602
15.71	-0.014437
15.715	-0.012301
15.72	-0.010549
15.725	-0.0087737
15.73	-0.0068774
15.735	-0.0048608
15.74	-0.0026872
15.745	-0.0011301
15.75	-0.0004431
15.755	0.00083798
15.76	0.0026242
15.765	0.003237
15.77	0.0030327
15.775	0.0032922
15.78	0.0034468
15.785	0.0032144
15.79	0.0038156
15.795	0.0047137
15.8	0.0041334
15.805	0.0026747
15.81	0.0021408
15.815	0.0026269
15.82	0.0030968
15.825	0.0030647
15.83	0.0027947
15.835	0.0026521
15.84	0.0026821
15.845	0.0026962
15.85	0.0033827
15.855	0.0054867
15.86	0.0073734
15.865	0.0081168
15.87	0.0092583
15.875	0.011425
15.88	0.01387
15.885	0.015962
15.89	0.017761
15.895	0.019668
15.9	0.0218
15.905	0.023546
15.91	0.024875
15.915	0.026239
15.92	0.027069
15.925	0.027012
15.93	0.026681
15.935	0.026633
15.94	0.026841
15.945	0.027011
15.95	0.02701
15.955	0.026925
15.96	0.026887
15.965	0.026939
15.97	0.026636
15.975	0.025219
15.98	0.023252
15.985	0.022415
15.99	0.022537
15.995	0.021634
16	0.019576
16.005	0.018367
16.01	0.018329
16.015	0.017574
16.02	0.015698
16.025	0.014074
16.03	0.012839
16.035	0.011178
16.04	0.0090505
16.045	0.0064952
16.05	0.003445
16.055	0.00066935
16.06	-0.00127
16.065	-0.0029347
16.07	-0.0045498
16.075	-0.005351
16.08	-0.0051476
16.085	-0.0051792
16.09	-0.0066985
16.095	-0.0085488
16.1	-0.0088876
16.105	-0.0086095
16.11	-0.0089287
16.115	-0.0093561
16.12	-0.0094477
16.125	-0.0093705
16.13	-0.0093455
16.135	-0.0094021
16.14	-0.0094591
16.145	-0.0094656
16.15	-0.0094391
16.155	-0.0093924
16.16	-0.0093319
16.165	-0.010121
16.17	-0.011968
16.175	-0.01231
16.18	-0.010153
16.185	-0.00872
16.19	-0.010063
16.195	-0.012052
16.2	-0.011983
16.205	-0.010042
16.21	-0.0086092
16.215	-0.0080722
16.22	-0.0067965
16.225	-0.0046055
16.23	-0.0023141
16.235	-0.00031731
16.24	0.0014808
16.245	0.0029698
16.25	0.0044345
16.255	0.0065638
16.26	0.0089791
16.265	0.010564
16.27	0.010757
16.275	0.010257
16.28	0.010137
16.285	0.010468
16.29	0.01029
16.295	0.0091846
16.3	0.0078102
16.305	0.0067838
16.31	0.0064805
16.315	0.0067266
16.32	0.0063512
16.325	0.0045512
16.33	0.0023339
16.335	0.00059662
16.34	-0.00091801
16.345	-0.0018607
16.35	-0.002762
16.355	-0.0046732
16.36	-0.0062247
16.365	-0.0061583
16.37	-0.0058936
16.375	-0.0068122
16.38	-0.0083508
16.385	-0.0095241
16.39	-0.010332
16.395	-0.011573
16.4	-0.013093
16.405	-0.013695
16.41	-0.013283
16.415	-0.01285
16.42	-0.012921
16.425	-0.013278
16.43	-0.013494
16.435	-0.013109
16.44	-0.01217
16.445	-0.011235
16.45	-0.010546
16.455	-0.010289
16.46	-0.01041
16.465	-0.0099417
16.47	-0.0081203
16.475	-0.0060059
16.48	-0.0052696
16.485	-0.0057595
16.49	-0.0061183
16.495	-0.0057687
16.5	-0.0051485
16.505	-0.0047917
16.51	-0.0047744
16.515	-0.0048412
16.52	-0.0048802
16.525	-0.0053677
16.53	-0.0064809
16.535	-0.0073953
16.54	-0.008061
16.545	-0.0091832
16.55	-0.010302
16.555	-0.01075
16.56	-0.010608
16.565	-0.0093577
16.57	-0.0069945
16.575	-0.0053652
16.58	-0.0046031
16.585	-0.0032368
16.59	-0.0019391
16.595	-0.0012897
16.6	-2.7175e-05
16.605	0.0018635
16.61	0.0028019
16.615	0.0025449
16.62	0.0025834
16.625	0.0036502
16.63	0.0050656
16.635	0.0060753
16.64	0.0061774
16.645	0.0052988
16.65	0.0045681
16.655	0.0051324
16.66	0.005868
16.665	0.0057382
16.67	0.0058324
16.675	0.0064781
16.68	0.0068338
16.685	0.0067178
16.69	0.0065492
16.695	0.0063863
16.7	0.0053273
16.705	0.0035107
16.71	0.0025008
16.715	0.0024166
16.72	0.0028085
16.725	0.0032621
16.73	0.0032871
16.735	0.0039247
16.74	0.0054678
16.745	0.006328
16.75	0.0060406
16.755	0.006161
16.76	0.0078908
16.765	0.010226
16.77	0.012125
16.775	0.013853
16.78	0.015403
16.785	0.016961
16.79	0.018531
16.795	0.019213
16.8	0.019022
16.805	0.019214
16.81	0.019865
16.815	0.019681
16.82	0.018893
16.825	0.01904
16.83	0.019849
16.835	0.019762
16.84	0.01887
16.845	0.017566
16.85	0.015617
16.855	0.013472
16.86	0.011626
16.865	0.009861
16.87	0.0070846
16.875	0.0034091
16.88	0.00051576
16.885	-0.001518
16.89	-0.0035747
16.895	-0.0058369
16.9	-0.0085895
16.905	-0.011369
16.91	-0.013117
16.915	-0.014423
16.92	-0.016302
16.925	-0.017739
16.93	-0.017866
16.935	-0.017927
16.94	-0.018594
16.945	-0.019121
16.95	-0.019053
16.955	-0.018324
16.96	-0.017586
16.965	-0.017539
16.97	-0.017757
16.975	-0.01767
16.98	-0.01733
16.985	-0.017038
16.99	-0.016969
16.995	-0.017084
17	-0.017197
17.005	-0.016739
17.01	-0.015212
17.015	-0.013563
17.02	-0.013278
17.025	-0.013926
17.03	-0.013227
17.035	-0.010606
17.04	-0.0086416
17.045	-0.0088845
17.05	-0.0099731
17.055	-0.010241
17.06	-0.008751
17.065	-0.0060609
17.07	-0.0043487
17.075	-0.0036399
17.08	-0.0022242
17.085	-0.00071886
17.09	0.00012933
17.095	0.0014039
17.1	0.0030584
17.105	0.0036201
17.11	0.0028355
17.115	0.0018015
17.12	0.0012835
17.125	0.0012402
17.13	0.001389
17.135	0.0016141
17.14	0.0019217
17.145	0.0022733
17.15	0.0025663
17.155	0.0027322
17.16	0.0027851
17.165	0.0027571
17.17	0.0026717
17.175	0.0033964
17.18	0.005584
17.185	0.0074344
17.19	0.0073539
17.195	0.0064313
17.2	0.0061304
17.205	0.0064761
17.21	0.0066874
17.215	0.0069642
17.22	0.0082421
17.225	0.0096502
17.23	0.010018
17.235	0.010664
17.24	0.012647
17.245	0.01457
17.25	0.015269
17.255	0.015342
17.26	0.015641
17.265	0.016226
17.27	0.016679
17.275	0.016756
17.28	0.016564
17.285	0.01632
17.29	0.016134
17.295	0.016033
17.3	0.015771
17.305	0.014577
17.31	0.012298
17.315	0.010397
17.32	0.0094623
17.325	0.007811
17.33	0.0053074
17.335	0.0041631
17.34	0.0048876
17.345	0.0059666
17.35	0.0064854
17.355	0.006543
17.36	0.0061322
17.365	0.0055501
17.37	0.0055616
17.375	0.0056832
17.38	0.0051647
17.385	0.0045787
17.39	0.0039128
17.395	0.0022676
17.4	0.00014654
17.405	-0.0015542
17.41	-0.0035537
17.415	-0.0062328
17.42	-0.0086674
17.425	-0.01093
17.43	-0.013219
17.435	-0.014137
17.44	-0.013861
17.445	-0.013992
17.45	-0.014016
17.455	-0.013487
17.46	-0.013487
17.465	-0.014363
17.47	-0.015498
17.475	-0.015989
17.48	-0.015506
17.485	-0.014279
17.49	-0.012208
17.495	-0.0099713
17.5	-0.0082868
17.505	-0.0067942
17.51	-0.006446
17.515	-0.0077621
17.52	-0.0086717
17.525	-0.0084676
17.53	-0.0084313
17.535	-0.0079819
17.54	-0.0054635
17.545	-0.0021344
17.55	-0.000579
17.555	-0.00070411
17.56	-0.00089193
17.565	-4.1327e-05
17.57	0.0022418
17.575	0.0045303
17.58	0.0048975
17.585	0.0038461
17.59	0.0031032
17.595	0.0031308
17.6	0.0035502
17.605	0.0040269
17.61	0.0036771
17.615	0.002118
17.62	0.00059404
17.625	7.6779e-05
17.63	0.00028154
17.635	0.00078713
17.64	0.0011275
17.645	0.00024128
17.65	-0.0015996
17.655	-0.0024776
17.66	-0.0028208
17.665	-0.0042101
17.67	-0.005147
17.675	-0.004109
17.68	-0.0026573
17.685	-0.0027358
17.69	-0.0041605
17.695	-0.0051552
17.7	-0.0048993
17.705	-0.0040447
17.71	-0.0028911
17.715	-0.0015885
17.72	-0.00087051
17.725	-0.00089818
17.73	-0.00090974
17.735	-0.00018825
17.74	0.0014187
17.745	0.0030186
17.75	0.0035084
17.755	0.0029257
17.76	0.0017565
17.765	0.00056388
17.77	-7.616e-05
17.775	-0.0002956
17.78	-0.00090876
17.785	-0.0029768
17.79	-0.0058413
17.795	-0.0071019
17.8	-0.0064287
17.805	-0.0058193
17.81	-0.0067646
17.815	-0.0091437
17.82	-0.011321
17.825	-0.01175
17.83	-0.010807
17.835	-0.0099863
17.84	-0.0099212
17.845	-0.010121
17.85	-0.010039
17.855	-0.0096635
17.86	-0.0092478
17.865	-0.0089216
17.87	-0.0086607
17.875	-0.0084383
17.88	-0.008274
17.885	-0.0082393
17.89	-0.0084613
17.895	-0.0090164
17.9	-0.0098477
17.905	-0.010657
17.91	-0.011021
17.915	-0.010885
17.92	-0.010579
17.925	-0.010201
17.93	-0.0092175
17.935	-0.0072137
17.94	-0.0051306
17.945	-0.0043608
17.95	-0.0046445
17.955	-0.0039751
17.96	-0.001543
17.965	0.00045683
17.97	0.00034004
17.975	0.00015668
17.98	0.0021415
17.985	0.0045016
17.99	0.0051462
17.995	0.0051798
18	0.0052463
18.005	0.0042866
18.01	0.0026674
18.015	0.0018514
18.02	0.0014455
18.025	-0.00033969
18.03	-0.002974
18.035	-0.0044145
18.04	-0.0052977
18.045	-0.0066602
18.05	-0.0075487
18.055	-0.0086301
18.06	-0.011565
18.065	-0.014668
18.07	-0.015229
18.075	-0.013971
18.08	-0.01322
18.085	-0.013116
18.09	-0.012198
18.095	-0.010572
18.1	-0.009734
18.105	-0.0090798
18.11	-0.0069939
18.115	-0.0047844
18.12	-0.0036484
18.125	-0.0022382
18.13	-0.00060798
18.135	-0.00018142
18.14	-0.00076563
18.145	-0.0012457
18.15	-0.0011761
18.155	-0.00083489
18.16	-0.00011003
18.165	0.0018554
18.17	0.0043148
18.175	0.0049886
18.18	0.0040044
18.185	0.0040434
18.19	0.0057394
18.195	0.0067427
18.2	0.0060591
18.205	0.0051083
18.21	0.0050665
18.215	0.0062315
18.22	0.0084107
18.225	0.01038
18.23	0.010762
18.235	0.010658
18.24	0.012036
18.245	0.013742
18.25	0.013823
18.255	0.012944
18.26	0.012288
18.265	0.011753
18.27	0.011427
18.275	0.011538
18.28	0.011313
18.285	0.010581
18.29	0.010339
18.295	0.010831
18.3	0.011464
18.305	0.011554
18.31	0.010184
18.315	0.0078918
18.32	0.0068222
18.325	0.0068923
18.33	0.0059876
18.335	0.0041259
18.34	0.0031792
18.345	0.0028124
18.35	0.0012821
18.355	-0.00057362
18.36	-0.0011554
18.365	-0.00098859
18.37	-0.0015359
18.375	-0.0035306
18.38	-0.0060394
18.385	-0.0071756
18.39	-0.0065189
18.395	-0.0054715
18.4	-0.0051442
18.405	-0.0054094
18.41	-0.0057337
18.415	-0.0059395
18.42	-0.0061027
18.425	-0.0062241
18.43	-0.0062603
18.435	-0.0062293
18.44	-0.0061733
18.445	-0.0061101
18.45	-0.0060312
18.455	-0.0059402
18.46	-0.0058566
18.465	-0.0057933
18.47	-0.0057656
18.475	-0.005379
18.48	-0.0039576
18.485	-0.0019916
18.49	-0.00093081
18.495	-0.0010912
18.5	-0.0014714
18.505	-0.0010767
18.51	0.00024591
18.515	0.0014092
18.52	0.001303
18.525	0.00081378
18.53	0.0018888
18.535	0.0038914
18.54	0.0040153
18.545	0.0021621
18.55	0.00105
18.555	0.0021717
18.56	0.0046666
18.565	0.0066344
18.57	0.0074079
18.575	0.0083084
18.58	0.0098817
18.585	0.010972
18.59	0.011062
18.595	0.010829
18.6	0.010811
18.605	0.011249
18.61	0.012503
18.615	0.014132
18.62	0.014767
18.625	0.014068
18.63	0.013173
18.635	0.012966
18.64	0.01319
18.645	0.013753
18.65	0.01543
18.655	0.017582
18.66	0.018205
18.665	0.017793
18.67	0.018917
18.675	0.021424
18.68	0.0227
18.685	0.022224
18.69	0.021607
18.695	0.021768
18.7	0.022017
18.705	0.020749
18.71	0.018181
18.715	0.01673
18.72	0.01715
18.725	0.017579
18.73	0.016064
18.735	0.013276
18.74	0.011961
18.745	0.012678
18.75	0.013107
18.755	0.011589
18.76	0.0093353
18.765	0.0085521
18.77	0.0092136
18.775	0.0089857
18.78	0.0069404
18.785	0.005346
18.79	0.0057341
18.795	0.0068533
18.8	0.0072882
18.805	0.0066028
18.81	0.0046796
18.815	0.0023927
18.82	0.00137
18.825	0.0017602
18.83	0.0022744
18.835	0.0021967
18.84	0.0018755
18.845	0.0018302
18.85	0.0021088
18.855	0.0021314
18.86	0.0010356
18.865	-0.0008855
18.87	-0.0019513
18.875	-0.001435
18.88	-0.00042547
18.885	3.8606e-05
18.89	4.7974e-05
18.895	8.0697e-05
18.9	0.00027016
18.905	0.00050996
18.91	0.00067726
18.915	0.00069277
18.92	0.00059187
18.925	0.0004619
18.93	0.00034088
18.935	0.00021454
18.94	5.9385e-05
18.945	-0.00011203
18.95	-0.00026092
18.955	-0.00035972
18.96	-0.0004028
18.965	-0.00040661
18.97	-0.00037122
18.975	-0.00024735
18.98	-3.5261e-05
18.985	0.00016692
18.99	0.00030288
18.995	0.00041705
19	0.00051483
19.005	0.00070757
19.01	0.0018436
19.015	0.0040905
19.02	0.0055252
19.025	0.0050559
19.03	0.0040309
19.035	0.0037481
19.04	0.0040862
19.045	0.0039881
19.05	0.0024445
19.055	0.00019036
19.06	-0.00088442
19.065	0.00015715
19.07	0.0027418
19.075	0.0047428
19.08	0.004659
19.085	0.0035772
19.09	0.0031712
19.095	0.0036541
19.1	0.0042609
19.105	0.0045326
19.11	0.0045819
19.115	0.0046102
19.12	0.0046553
19.125	0.0049082
19.13	0.0057409
19.135	0.0069852
19.14	0.0079607
19.145	0.0079406
19.15	0.0067858
19.155	0.0052654
19.16	0.0043103
19.165	0.0043182
19.17	0.0047388
19.175	0.0047669
19.18	0.0044704
19.185	0.0039007
19.19	0.0023097
19.195	0.00025328
19.2	-0.00040417
19.205	0.00036524
19.21	0.0010359
19.215	0.00095044
19.22	0.00057368
19.225	0.00047687
19.23	0.00074976
19.235	0.0010972
19.24	0.0012484
19.245	0.0012265
19.25	0.0011283
19.255	0.001474
19.26	0.0032125
19.265	0.0055338
19.27	0.006094
19.275	0.0042682
19.28	0.0017419
19.285	0.00036842
19.29	-0.00015122
19.295	-0.001275
19.3	-0.0026568
19.305	-0.0030872
19.31	-0.0026932
19.315	-0.0028279
19.32	-0.0047313
19.325	-0.0072739
19.33	-0.0082902
19.335	-0.0085465
19.34	-0.0098907
19.345	-0.011594
19.35	-0.012112
19.355	-0.011658
19.36	-0.011338
19.365	-0.01156
19.37	-0.011972
19.375	-0.012188
19.38	-0.012154
19.385	-0.012269
19.39	-0.013382
19.395	-0.01553
19.4	-0.017169
19.405	-0.017314
19.41	-0.016632
19.415	-0.015807
19.42	-0.015243
19.425	-0.015635
19.43	-0.017147
19.435	-0.018723
19.44	-0.01926
19.445	-0.019067
19.45	-0.019128
19.455	-0.019746
19.46	-0.020552
19.465	-0.021165
19.47	-0.021522
19.475	-0.021747
19.48	-0.021938
19.485	-0.022113
19.49	-0.022319
19.495	-0.022222
19.5	-0.020752
19.505	-0.018346
19.51	-0.017859
19.515	-0.02025
19.52	-0.02276
19.525	-0.023015
19.53	-0.021798
19.535	-0.021007
19.54	-0.021127
19.545	-0.021437
19.55	-0.021336
19.555	-0.020866
19.56	-0.020343
19.565	-0.019934
19.57	-0.019574
19.575	-0.019138
19.58	-0.018626
19.585	-0.018118
19.59	-0.01765
19.595	-0.017303
19.6	-0.017166
19.605	-0.017153
19.61	-0.017167
19.615	-0.017282
19.62	-0.017553
19.625	-0.017894
19.63	-0.01823
19.635	-0.018564
19.64	-0.018908
19.645	-0.018768
19.65	-0.016908
19.655	-0.013685
19.66	-0.011651
19.665	-0.011771
19.67	-0.01221
19.675	-0.010885
19.68	-0.0084477
19.685	-0.0077326
19.69	-0.0093615
19.695	-0.011298
19.7	-0.01209
19.705	-0.011908
19.71	-0.011493
19.715	-0.011172
19.72	-0.010819
19.725	-0.010311
19.73	-0.0097762
19.735	-0.0092234
19.74	-0.0080469
19.745	-0.0061426
19.75	-0.0043234
19.755	-0.0025286
19.76	-0.00074197
19.765	-5.4835e-06
19.77	-0.00048257
19.775	-0.001746
19.78	-0.0029505
19.785	-0.0021966
19.79	0.00079263
19.795	0.0041305
19.8	0.0060805
19.805	0.0063041
19.81	0.0066834
19.815	0.0082668
19.82	0.0086525
19.825	0.0068437
19.83	0.0054512
19.835	0.0058613
19.84	0.0068302
19.845	0.0071926
19.85	0.0069451
19.855	0.0068302
19.86	0.007837
19.865	0.0099885
19.87	0.011668
19.875	0.011721
19.88	0.010995
19.885	0.010714
19.89	0.010958
19.895	0.011405
19.9	0.012416
19.905	0.014067
19.91	0.015122
19.915	0.014761
19.92	0.013841
19.925	0.013391
19.93	0.013394
19.935	0.013305
19.94	0.012878
19.945	0.012267
19.95	0.011661
19.955	0.01111
19.96	0.010942
19.965	0.011213
19.97	0.01087
19.975	0.0096348
19.98	0.0087559
19.985	0.0087595
19.99	0.0093532
19.995	0.010447
20	0.011151
20.005	0.010742
20.01	0.010258
20.015	0.010302
20.02	0.010481
20.025	0.010888
20.03	0.011594
20.035	0.012292
20.04	0.012791
20.045	0.013137
20.05	0.013419
20.055	0.013661
20.06	0.013846
20.065	0.013946
20.07	0.014267
20.075	0.015518
20.08	0.017471
20.085	0.018622
20.09	0.018035
20.095	0.016088
20.1	0.014022
20.105	0.013201
20.11	0.013694
20.115	0.013459
20.12	0.011108
20.125	0.0087393
20.13	0.0084769
20.135	0.0093512
20.14	0.0096801
20.145	0.0092233
20.15	0.008677
20.155	0.0080827
20.16	0.0066084
20.165	0.0045434
20.17	0.0034319
20.175	0.0035948
20.18	0.0039015
20.185	0.00359
20.19	0.0028744
20.195	0.0023141
20.2	0.0020956
20.205	0.0019805
20.21	0.0017644
20.215	0.0014682
20.22	0.00035013
20.225	-0.0021887
20.23	-0.0043182
20.235	-0.0044861
20.24	-0.0039024
20.245	-0.0031716
20.25	-0.0015823
20.255	-0.00023494
20.26	-0.00085455
20.265	-0.0032616
20.27	-0.0056045
20.275	-0.0061855
20.28	-0.0053989
20.285	-0.0048672
20.29	-0.0050364
20.295	-0.004398
20.3	-0.0021834
20.305	-0.00028558
20.31	-0.00010523
20.315	-0.0010336
20.32	-0.0019115
20.325	-0.001636
20.33	8.1486e-05
20.335	0.0022601
20.34	0.0035011
20.345	0.003614
20.35	0.0036594
20.355	0.004298
20.36	0.0050528
20.365	0.0050256
20.37	0.0046403
20.375	0.0052649
20.38	0.0066148
20.385	0.0078762
20.39	0.0094984
20.395	0.01148
20.4	0.013608
20.405	0.015839
20.41	0.016277
20.415	0.014127
20.42	0.012312
20.425	0.012697
20.43	0.01394
20.435	0.015023
20.44	0.016292
20.445	0.017688
20.45	0.01927
20.455	0.021035
20.46	0.021816
20.465	0.021368
20.47	0.020558
20.475	0.019078
20.48	0.016957
20.485	0.015898
20.49	0.016028
20.495	0.015021
20.5	0.012449
20.505	0.010792
20.51	0.01104
20.515	0.011691
20.52	0.01158
20.525	0.01096
20.53	0.010183
20.535	0.0085204
20.54	0.0059681
20.545	0.0037506
20.55	0.0019827
20.555	0.00044091
20.56	-0.00051173
20.565	-0.00078523
20.57	4.7547e-05
20.575	0.0015807
20.58	0.0018842
20.585	0.00058725
20.59	-0.00072135
20.595	-0.0014629
20.6	-0.0028823
20.605	-0.0054351
20.61	-0.0074926
20.615	-0.0083446
20.62	-0.0089509
20.625	-0.0091494
20.63	-0.0081429
20.635	-0.0065006
20.64	-0.0052464
20.645	-0.0051109
20.65	-0.0066117
20.655	-0.0084244
20.66	-0.0088111
20.665	-0.0089351
20.67	-0.0098264
20.675	-0.010145
20.68	-0.009425
20.685	-0.0091926
20.69	-0.010933
20.695	-0.013527
20.7	-0.014461
20.705	-0.013683
20.71	-0.012984
20.715	-0.013169
20.72	-0.013431
20.725	-0.012437
20.73	-0.010748
20.735	-0.01063
20.74	-0.011885
20.745	-0.012736
20.75	-0.013825
20.755	-0.015246
20.76	-0.014868
20.765	-0.012757
20.77	-0.011224
20.775	-0.010639
20.78	-0.0098858
20.785	-0.0091912
20.79	-0.0092255
20.795	-0.010281
20.8	-0.012533
20.805	-0.01464
20.81	-0.015036
20.815	-0.014392
20.82	-0.014158
20.825	-0.014598
20.83	-0.015107
20.835	-0.015236
20.84	-0.015445
20.845	-0.016737
20.85	-0.018713
20.855	-0.019606
20.86	-0.019003
20.865	-0.018227
20.87	-0.018192
20.875	-0.018623
20.88	-0.018067
20.885	-0.016042
20.89	-0.015245
20.895	-0.016988
20.9	-0.018561
20.905	-0.018099
20.91	-0.016735
20.915	-0.015977
20.92	-0.015996
20.925	-0.01616
20.93	-0.016079
20.935	-0.015686
20.94	-0.0143
20.945	-0.01183
20.95	-0.010165
20.955	-0.010282
20.96	-0.010855
20.965	-0.010827
20.97	-0.010763
20.975	-0.010902
20.98	-0.010369
20.985	-0.0094598
20.99	-0.0092023
20.995	-0.0094542
21	-0.009883
21.005	-0.011286
21.01	-0.013529
21.015	-0.014783
21.02	-0.015174
21.025	-0.016528
21.03	-0.018562
21.035	-0.01959
21.04	-0.019596
21.045	-0.020277
21.05	-0.02244
21.055	-0.02461
21.06	-0.024851
21.065	-0.022697
21.07	-0.019892
21.075	-0.018992
21.08	-0.020016
21.085	-0.020963
21.09	-0.020915
21.095	-0.020489
21.1	-0.020212
21.105	-0.019413
21.11	-0.017751
21.115	-0.016016
21.12	-0.014269
21.125	-0.012556
21.13	-0.01191
21.135	-0.012268
21.14	-0.012611
21.145	-0.012142
21.15	-0.010213
21.155	-0.007864
21.16	-0.0072415
21.165	-0.0077779
21.17	-0.0066114
21.175	-0.0032795
21.18	0.00020268
21.185	0.0028426
21.19	0.0042109
21.195	0.0039813
21.2	0.0035239
21.205	0.0047007
21.21	0.007187
21.215	0.0087689
21.22	0.0084695
21.225	0.0081904
21.23	0.0099784
21.235	0.012487
21.24	0.013212
21.245	0.012703
21.25	0.013413
21.255	0.015745
21.26	0.017597
21.265	0.017303
21.27	0.015084
21.275	0.012746
21.28	0.012155
21.285	0.013059
21.29	0.012998
21.295	0.010651
21.3	0.0083636
21.305	0.0083713
21.31	0.0087913
21.315	0.007197
21.32	0.0051102
21.325	0.0048239
21.33	0.0057286
21.335	0.006233
21.34	0.0060233
21.345	0.0061789
21.35	0.0077119
21.355	0.0097247
21.36	0.010393
21.365	0.0098253
21.37	0.010288
21.375	0.01261
21.38	0.014454
21.385	0.014245
21.39	0.013296
21.395	0.01346
21.4	0.014931
21.405	0.016579
21.41	0.017603
21.415	0.017653
21.42	0.016801
21.425	0.015909
21.43	0.015112
21.435	0.013793
21.44	0.013072
21.445	0.014467
21.45	0.016429
21.455	0.016404
21.46	0.014895
21.465	0.013522
21.47	0.012785
21.475	0.01253
21.48	0.011459
21.485	0.0091545
21.49	0.0069921
21.495	0.0054801
21.5	0.004385
21.505	0.003286
21.51	0.0015928
21.515	0.00014643
21.52	-0.00013017
21.525	-0.00045327
21.53	-0.001979
21.535	-0.0035066
21.54	-0.0036004
21.545	-0.0027139
21.55	-0.0025239
21.555	-0.0042961
21.56	-0.0067946
21.565	-0.0075684
21.57	-0.0067108
21.575	-0.0058689
21.58	-0.0050355
21.585	-0.0035547
21.59	-0.0023771
21.595	-0.0018624
21.6	-0.00054953
21.605	0.0012785
21.61	0.002472
21.615	0.0038603
21.62	0.005417
21.625	0.0060518
21.63	0.0066334
21.635	0.0081116
21.64	0.0096078
21.645	0.010758
21.65	0.012316
21.655	0.014373
21.66	0.016751
21.665	0.019318
21.67	0.021144
21.675	0.022419
21.68	0.024814
21.685	0.027857
21.69	0.029257
21.695	0.028703
21.7	0.027899
21.705	0.02789
21.71	0.028983
21.715	0.030976
21.72	0.031759
21.725	0.030068
21.73	0.027888
21.735	0.026643
21.74	0.02538
21.745	0.023429
21.75	0.02105
21.755	0.018292
21.76	0.015587
21.765	0.013289
21.77	0.010638
21.775	0.0076127
21.78	0.0053334
21.785	0.0038489
21.79	0.0021408
21.795	-0.00018102
21.8	-0.0021863
21.805	-0.0031492
21.81	-0.0037144
21.815	-0.0046127
21.82	-0.0058733
21.825	-0.0068099
21.83	-0.0060718
21.835	-0.00391
21.84	-0.0026364
21.845	-0.0027033
21.85	-0.0028279
21.855	-0.0026571
21.86	-0.002429
21.865	-0.0023198
21.87	-0.0023389
21.875	-0.0023834
21.88	-0.0023766
21.885	-0.0027625
21.89	-0.0043128
21.895	-0.00641
21.9	-0.0073482
21.905	-0.0069028
21.91	-0.0063437
21.915	-0.0064159
21.92	-0.0072148
21.925	-0.0089695
21.93	-0.011024
21.935	-0.011857
21.94	-0.011761
21.945	-0.012758
21.95	-0.014953
21.955	-0.016322
21.96	-0.016128
21.965	-0.015552
21.97	-0.015568
21.975	-0.016029
21.98	-0.015966
21.985	-0.015296
21.99	-0.014999
21.995	-0.015242
22	-0.015903
22.005	-0.016595
22.01	-0.016697
22.015	-0.016482
22.02	-0.016454
22.025	-0.016201
22.03	-0.014786
22.035	-0.012744
22.04	-0.011816
22.045	-0.011836
22.05	-0.011221
22.055	-0.010166
22.06	-0.009392
22.065	-0.0081295
22.07	-0.0058501
22.075	-0.0036236
22.08	-0.0028146
22.085	-0.0032292
22.09	-0.0036082
22.095	-0.0033788
22.1	-0.0028687
22.105	-0.0025623
22.11	-0.0025772
22.115	-0.0026876
22.12	-0.0027031
22.125	-0.0026405
22.13	-0.0025949
22.135	-0.0026035
22.14	-0.0026403
22.145	-0.0026733
22.15	-0.0026914
22.155	-0.0027019
22.16	-0.0027481
22.165	-0.0028555
22.17	-0.0029517
22.175	-0.0029806
22.18	-0.0029851
22.185	-0.0029984
22.19	-0.0029989
22.195	-0.0034007
22.2	-0.0049412
22.205	-0.0069905
22.21	-0.0078469
22.215	-0.0077452
22.22	-0.0082866
22.225	-0.0092597
22.23	-0.0099442
22.235	-0.010665
22.24	-0.011259
22.245	-0.011798
22.25	-0.013203
22.255	-0.015063
22.26	-0.01582
22.265	-0.015384
22.27	-0.015447
22.275	-0.0172
22.28	-0.019476
22.285	-0.020295
22.29	-0.019671
22.295	-0.019031
22.3	-0.019154
22.305	-0.020121
22.31	-0.021555
22.315	-0.022789
22.32	-0.023573
22.325	-0.023808
22.33	-0.023595
22.335	-0.023442
22.34	-0.023542
22.345	-0.02317
22.35	-0.02151
22.355	-0.019468
22.36	-0.018735
22.365	-0.018826
22.37	-0.017742
22.375	-0.015548
22.38	-0.013477
22.385	-0.011574
22.39	-0.010043
22.395	-0.0088097
22.4	-0.0069882
22.405	-0.0045464
22.41	-0.0025752
22.415	-0.00167
22.42	-0.0011231
22.425	-0.00017925
22.43	0.0011467
22.435	0.002425
22.44	0.0034309
22.445	0.0043274
22.45	0.0053165
22.455	0.0063381
22.46	0.0076887
22.465	0.0093517
22.47	0.010187
22.475	0.01022
22.48	0.011157
22.485	0.013143
22.49	0.014691
22.495	0.015802
22.5	0.017087
22.505	0.017848
22.51	0.017688
22.515	0.017321
22.52	0.017308
22.525	0.017514
22.53	0.017607
22.535	0.017508
22.54	0.017372
22.545	0.016921
22.55	0.015439
22.555	0.01343
22.56	0.012505
22.565	0.012921
22.57	0.013462
22.575	0.013797
22.58	0.014106
22.585	0.013705
22.59	0.012806
22.595	0.012513
22.6	0.012841
22.605	0.013112
22.61	0.013439
22.615	0.013909
22.62	0.014429
22.625	0.015772
22.63	0.017325
22.635	0.017589
22.64	0.01698
22.645	0.017074
22.65	0.018006
22.655	0.018155
22.66	0.017708
22.665	0.017895
22.67	0.017893
22.675	0.018066
22.68	0.019971
22.685	0.021252
22.69	0.019231
22.695	0.016072
22.7	0.01422
22.705	0.013464
22.71	0.01332
22.715	0.013495
22.72	0.013564
22.725	0.013425
22.73	0.012877
22.735	0.011767
22.74	0.011344
22.745	0.012177
22.75	0.012517
22.755	0.011729
22.76	0.011072
22.765	0.011127
22.77	0.011489
22.775	0.01212
22.78	0.012778
22.785	0.012843
22.79	0.012537
22.795	0.011961
22.8	0.011309
22.805	0.011226
22.81	0.011232
22.815	0.010372
22.82	0.0091999
22.825	0.0089072
22.83	0.0089801
22.835	0.0082024
22.84	0.0071024
22.845	0.0065391
22.85	0.00599
22.855	0.0053132
22.86	0.0048406
22.865	0.0041716
22.87	0.0030644
22.875	0.001896
22.88	0.001256
22.885	0.0010214
22.89	6.4541e-05
22.895	-0.001749
22.9	-0.0032825
22.905	-0.0040874
22.91	-0.0046923
22.915	-0.0056376
22.92	-0.0065576
22.925	-0.0070732
22.93	-0.007784
22.935	-0.008976
22.94	-0.010237
22.945	-0.010968
22.95	-0.011181
22.955	-0.012082
22.96	-0.014023
22.965	-0.015399
22.97	-0.015539
22.975	-0.015753
22.98	-0.01685
22.985	-0.01796
22.99	-0.018136
22.995	-0.018028
23	-0.018366
23.005	-0.01904
23.01	-0.019995
23.015	-0.02101
23.02	-0.021549
23.025	-0.0214
23.03	-0.021452
23.035	-0.022145
23.04	-0.022618
23.045	-0.022478
23.05	-0.022152
23.055	-0.022321
23.06	-0.023366
23.065	-0.024167
23.07	-0.023359
23.075	-0.021878
23.08	-0.021451
23.085	-0.022024
23.09	-0.02218
23.095	-0.02142
23.1	-0.020808
23.105	-0.020606
23.11	-0.019961
23.115	-0.018755
23.12	-0.017853
23.125	-0.017534
23.13	-0.017284
23.135	-0.017119
23.14	-0.016875
23.145	-0.015916
23.15	-0.014438
23.155	-0.013557
23.16	-0.013761
23.165	-0.01428
23.17	-0.014417
23.175	-0.013951
23.18	-0.012475
23.185	-0.0099973
23.19	-0.0078693
23.195	-0.0078597
23.2	-0.0093583
23.205	-0.0093278
23.21	-0.007061
23.215	-0.0052624
23.22	-0.0054443
23.225	-0.0064014
23.23	-0.0067612
23.235	-0.0060793
23.24	-0.0046821
23.245	-0.0033515
23.25	-0.0024207
23.255	-0.0016664
23.26	-0.00041147
23.265	0.0013218
23.27	0.0022628
23.275	0.002017
23.28	0.0015588
23.285	0.0019532
23.29	0.0037267
23.295	0.0055113
23.3	0.0055877
23.305	0.0050609
23.31	0.0057177
23.315	0.0077054
23.32	0.009834
23.325	0.010939
23.33	0.011352
23.335	0.012005
23.34	0.013152
23.345	0.014403
23.35	0.015423
23.355	0.016274
23.36	0.017158
23.365	0.017744
23.37	0.017678
23.375	0.017369
23.38	0.017278
23.385	0.017383
23.39	0.017459
23.395	0.01743
23.4	0.017358
23.405	0.016888
23.41	0.016156
23.415	0.015965
23.42	0.015844
23.425	0.014933
23.43	0.013978
23.435	0.013914
23.44	0.013956
23.445	0.013488
23.45	0.01274
23.455	0.011666
23.46	0.01088
23.465	0.011013
23.47	0.011117
23.475	0.010149
23.48	0.0093936
23.485	0.0099299
23.49	0.010228
23.495	0.0095107
23.5	0.008857
23.505	0.0088281
23.51	0.0090592
23.515	0.0095679
23.52	0.01021
23.525	0.0099019
23.53	0.0088501
23.535	0.0084249
23.54	0.0091699
23.545	0.010184
23.55	0.0099854
23.555	0.0089307
23.56	0.0080902
23.565	0.0077942
23.57	0.0084348
23.575	0.0094133
23.58	0.0096564
23.585	0.0093351
23.59	0.0091022
23.595	0.0087414
23.6	0.0079269
23.605	0.0073874
23.61	0.0075564
23.615	0.0074622
23.62	0.0064959
23.625	0.0056715
23.63	0.0057116
23.635	0.0056426
23.64	0.0047138
23.645	0.0038475
23.65	0.0038414
23.655	0.0038214
23.66	0.0032436
23.665	0.0028206
23.67	0.0028286
23.675	0.003309
23.68	0.0043264
23.685	0.0054724
23.69	0.0060125
23.695	0.0057431
23.7	0.0053555
23.705	0.0049676
23.71	0.0041304
23.715	0.0033889
23.72	0.003425
23.725	0.0034018
23.73	0.0024184
23.735	0.0013657
23.74	0.0012538
23.745	0.0016934
23.75	0.001993
23.755	0.0015966
23.76	0.00036295
23.765	-0.00099853
23.77	-0.0015383
23.775	-0.001161
23.78	-0.0010886
23.785	-0.00178
23.79	-0.0022764
23.795	-0.002179
23.8	-0.0019186
23.805	-0.0018453
23.81	-0.0019514
23.815	-0.0024967
23.82	-0.0036446
23.825	-0.0045096
23.83	-0.0048515
23.835	-0.0051425
23.84	-0.0052514
23.845	-0.0056202
23.85	-0.0063661
23.855	-0.0066919
23.86	-0.0065093
23.865	-0.0063166
23.87	-0.0063393
23.875	-0.0064615
23.88	-0.0065204
23.885	-0.006488
23.89	-0.0064415
23.895	-0.0064437
23.9	-0.0064782
23.905	-0.006105
23.91	-0.0054004
23.915	-0.005267
23.92	-0.0052845
23.925	-0.0050279
23.93	-0.0055105
23.935	-0.0065873
23.94	-0.0070521
23.945	-0.0067675
23.95	-0.0064122
23.955	-0.006405
23.96	-0.0069498
23.965	-0.0077654
23.97	-0.0080623
23.975	-0.0081201
23.98	-0.0082544
23.985	-0.0079909
23.99	-0.0079788
23.995	-0.0087084
24	-0.0092875
24.005	-0.0092492
24.01	-0.0089999
24.015	-0.0085972
24.02	-0.0077227
24.025	-0.0065176
24.03	-0.0056699
24.035	-0.0060118
24.04	-0.0068093
24.045	-0.006255
24.05	-0.0047641
24.055	-0.0041574
24.06	-0.0046768
24.065	-0.0049673
24.07	-0.0040385
24.075	-0.0023848
24.08	-0.0013198
24.085	-0.0011706
24.09	-0.00047976
24.095	0.0010759
24.1	0.0018978
24.105	0.0012416
24.11	6.2451e-05
24.115	4.054e-05
24.12	0.0012283
24.125	0.0020024
24.13	0.0015422
24.135	0.00046618
24.14	2.2631e-05
24.145	0.00020346
24.15	-1.4271e-05
24.155	-0.00042368
24.16	-0.00067097
24.165	-0.0013659
24.17	-0.0023982
24.175	-0.0025847
24.18	-0.0014105
24.185	1.0396e-05
24.19	0.00037702
24.195	-0.00023889
24.2	-0.0012884
24.205	-0.002293
24.21	-0.0025993
24.215	-0.0022982
24.22	-0.0019621
24.225	-0.001367
24.23	-0.00056856
24.235	-0.00068713
24.24	-0.0014915
24.245	-0.0018627
24.25	-0.0015915
24.255	-0.00037952
24.26	0.00092697
24.265	0.00098075
24.27	0.00028106
24.275	-1.8731e-05
24.28	0.00065472
24.285	0.0015803
24.29	0.0017345
24.295	0.0013352
24.3	0.0010653
24.305	0.0011261
24.31	0.001295
24.315	0.0013575
24.32	0.0013154
24.325	0.0012746
24.33	0.0012817
24.335	0.0013152
24.34	0.0013682
24.345	0.0014282
24.35	0.0014458
24.355	0.0014184
24.36	0.0017186
24.365	0.0024395
24.37	0.0028909
24.375	0.0031565
24.38	0.0037009
24.385	0.0040662
24.39	0.0043114
24.395	0.0048905
24.4	0.0052381
24.405	0.0053152
24.41	0.0057944
24.415	0.0062967
24.42	0.0062892
24.425	0.0060479
24.43	0.0059445
24.435	0.0059737
24.44	0.006252
24.445	0.0069278
24.45	0.0073066
24.455	0.0072654
24.46	0.0076098
24.465	0.008236
24.47	0.0090187
24.475	0.01001
24.48	0.01049
24.485	0.010257
24.49	0.0099213
24.495	0.010049
24.5	0.010909
24.505	0.011463
24.51	0.010228
24.515	0.0081423
24.52	0.0069571
24.525	0.006626
24.53	0.0065599
24.535	0.0061174
24.54	0.0050449
24.545	0.0042416
24.55	0.003835
24.555	0.0031201
24.56	0.0021088
24.565	0.00066395
24.57	-0.00063978
24.575	-0.00034682
24.58	0.00091533
24.585	0.0013772
24.59	0.00093156
24.595	9.021e-05
24.6	-0.0010343
24.605	-0.0017514
24.61	-0.0015609
24.615	-0.0010873
24.62	-0.00098127
24.625	-0.0011896
24.63	-0.0013652
24.635	-0.0013591
24.64	-0.0012643
24.645	-0.0012114
24.65	-0.0012301
24.655	-0.0012686
24.66	-0.0012833
24.665	-0.0012756
24.67	-0.0012663
24.675	-0.0013351
24.68	-0.0011869
24.685	0.00018902
24.69	0.0025024
24.695	0.003509
24.7	0.0022305
24.705	0.00031596
24.71	-0.00024622
24.715	0.00049601
24.72	0.0011339
24.725	0.0011022
24.73	0.0012366
24.735	0.0021521
24.74	0.0029421
24.745	0.002457
24.75	0.001013
24.755	9.9952e-05
24.76	0.00033291
24.765	0.0012705
24.77	0.0024492
24.775	0.0030784
24.78	0.0028088
24.785	0.0023401
24.79	0.0022664
24.795	0.0024725
24.8	0.0025933
24.805	0.0028329
24.81	0.0033824
24.815	0.0033247
24.82	0.0026515
24.825	0.0027206
24.83	0.0031459
24.835	0.0027652
24.84	0.001944
24.845	0.00084778
24.85	-0.00077155
24.855	-0.0020411
24.86	-0.0021085
24.865	-0.0016881
24.87	-0.0021858
24.875	-0.0037111
24.88	-0.0052438
24.885	-0.0061129
24.89	-0.0061621
24.895	-0.005802
24.9	-0.0056714
24.905	-0.005865
24.91	-0.0060852
24.915	-0.0061346
24.92	-0.0060622
24.925	-0.0059996
24.93	-0.0059997
24.935	-0.0060334
24.94	-0.0060753
24.945	-0.005787
24.95	-0.0048436
24.955	-0.0035992
24.96	-0.0028248
24.965	-0.0029219
24.97	-0.003032
24.975	-0.0024509
24.98	-0.0019023
24.985	-0.0019199
24.99	-0.002167
24.995	-0.0022714
25	-0.0022124
25.005	-0.0021001
25.01	-0.0022148
25.015	-0.0028648
25.02	-0.0033734
25.025	-0.0034772
25.03	-0.0044941
25.035	-0.0060676
25.04	-0.006163
25.045	-0.0052825
25.05	-0.0054314
25.055	-0.0063625
25.06	-0.0068305
25.065	-0.0065812
25.07	-0.0053065
25.075	-0.0036127
25.08	-0.0034651
25.085	-0.0042793
25.09	-0.0038055
25.095	-0.0025083
25.1	-0.0020347
25.105	-0.0024381
25.11	-0.0028506
25.115	-0.0028418
25.12	-0.0023365
25.125	-0.0012687
25.13	-0.00028695
25.135	0.00012235
25.14	0.00069119
25.145	0.0015626
25.15	0.001943
25.155	0.0017418
25.16	0.0017706
25.165	0.0024455
25.17	0.0032078
25.175	0.0042217
25.18	0.0056864
25.185	0.0065033
25.19	0.0067661
25.195	0.0073989
25.2	0.0079821
25.205	0.0080179
25.21	0.0078163
25.215	0.0078514
25.22	0.0085766
25.225	0.0097842
25.23	0.010432
25.235	0.010193
25.24	0.0098036
25.245	0.009793
25.25	0.010032
25.255	0.010203
25.26	0.010203
25.265	0.010143
25.27	0.010127
25.275	0.010149
25.28	0.010604
25.285	0.011829
25.29	0.012567
25.295	0.011565
25.3	0.010027
25.305	0.010014
25.31	0.011345
25.315	0.012178
25.32	0.012255
25.325	0.012426
25.33	0.012659
25.335	0.01273
25.34	0.012775
25.345	0.012641
25.35	0.011835
25.355	0.010759
25.36	0.010429
25.365	0.010816
25.37	0.011023
25.375	0.010322
25.38	0.0089423
25.385	0.0076645
25.39	0.0069082
25.395	0.0067967
25.4	0.0065159
25.405	0.0049578
25.41	0.0029401
25.415	0.002209
25.42	0.0027805
25.425	0.0033683
25.43	0.0029318
25.435	0.0015022
25.44	0.00043493
25.445	0.00054072
25.45	0.00065849
25.455	9.3907e-05
25.46	-0.00033829
25.465	-0.00068338
25.47	-0.0012068
25.475	-0.0014077
25.48	-0.0012305
25.485	-0.001036
25.49	-0.0010226
25.495	-0.0011334
25.5	-0.0012198
25.505	-0.0012329
25.51	-0.0012216
25.515	-0.0012355
25.52	-0.001281
25.525	-0.0013319
25.53	-0.0013721
25.535	-0.0014021
25.54	-0.001435
25.545	-0.0014781
25.55	-0.0016617
25.555	-0.0024236
25.56	-0.003498
25.565	-0.003448
25.57	-0.0020836
25.575	-0.0011098
25.58	-0.0013506
25.585	-0.0019455
25.59	-0.0021426
25.595	-0.0024187
25.6	-0.0032671
25.605	-0.004371
25.61	-0.0054542
25.615	-0.0060732
25.62	-0.0059489
25.625	-0.005632
25.63	-0.0056114
25.635	-0.0057687
25.64	-0.0062086
25.645	-0.0068003
25.65	-0.0068615
25.655	-0.0068945
25.66	-0.0074506
25.665	-0.0078712
25.67	-0.007521
25.675	-0.0063801
25.68	-0.0053468
25.685	-0.0052731
25.69	-0.0057492
25.695	-0.0059682
25.7	-0.0057906
25.705	-0.0055506
25.71	-0.0055144
25.715	-0.0054593
25.72	-0.0045452
25.725	-0.0025804
25.73	-0.001016
25.735	-0.00098578
25.74	-0.0017689
25.745	-0.0017377
25.75	0.00017407
25.755	0.0026477
25.76	0.0034499
25.765	0.0033683
25.77	0.0045414
25.775	0.0064173
25.78	0.0071425
25.785	0.0066386
25.79	0.006285
25.795	0.0069812
25.8	0.0079352
25.805	0.0081119
25.81	0.0075493
25.815	0.0067207
25.82	0.0067022
25.825	0.0074218
25.83	0.0073091
25.835	0.0064525
25.84	0.0060115
25.845	0.0056977
25.85	0.0048756
25.855	0.0041165
25.86	0.0035591
25.865	0.0026733
25.87	0.0019502
25.875	0.0019429
25.88	0.0022383
25.885	0.002343
25.89	0.00186
25.895	0.00071386
25.9	-0.00053205
25.905	-0.0014768
25.91	-0.0018582
25.915	-0.0016494
25.92	-0.0013828
25.925	-0.001408
25.93	-0.0019485
25.935	-0.0031214
25.94	-0.0041183
25.945	-0.004108
25.95	-0.0038676
25.955	-0.004317
25.96	-0.004878
25.965	-0.0052372
25.97	-0.0056719
25.975	-0.0058619
25.98	-0.0059858
25.985	-0.006775
25.99	-0.0077894
25.995	-0.0080481
26	-0.0076867
26.005	-0.0074325
26.01	-0.0075223
26.015	-0.0077479
26.02	-0.0076617
26.025	-0.0067976
26.03	-0.0056486
26.035	-0.0053232
26.04	-0.0055764
26.045	-0.0052472
26.05	-0.0047929
26.055	-0.0052174
26.06	-0.0052508
26.065	-0.0035538
26.07	-0.0014433
26.075	-0.00022973
26.08	0.00078913
26.085	0.0018778
26.09	0.002429
26.095	0.0027973
26.1	0.0031331
26.105	0.0032584
26.11	0.0037593
26.115	0.0044237
26.12	0.0045823
26.125	0.0048455
26.13	0.0057863
26.135	0.0065803
26.14	0.0065712
26.145	0.0061859
26.15	0.0055633
26.155	0.0046268
26.16	0.0040543
26.165	0.0042024
26.17	0.0045635
26.175	0.0051006
26.18	0.0060125
26.185	0.0065648
26.19	0.0059175
26.195	0.0044634
26.2	0.0031506
26.205	0.002322
26.21	0.0020905
26.215	0.002317
26.22	0.0024709
26.225	0.0023405
26.23	0.0021282
26.235	0.0020296
26.24	0.0020478
26.245	0.0024772
26.25	0.0031533
26.255	0.0033527
26.26	0.0035364
26.265	0.0040777
26.27	0.0043422
26.275	0.0042029
26.28	0.0040512
26.285	0.0040814
26.29	0.0042079
26.295	0.0042877
26.3	0.003863
26.305	0.0031099
26.31	0.0029035
26.315	0.00279
26.32	0.0022889
26.325	0.0020432
26.33	0.0019197
26.335	0.0011295
26.34	6.0787e-05
26.345	-0.00024103
26.35	-0.00014295
26.355	-0.00079152
26.36	-0.0018661
26.365	-0.0022476
26.37	-0.0019434
26.375	-0.0016806
26.38	-0.0017592
26.385	-0.0019733
26.39	-0.0020779
26.395	-0.0020534
26.4	-0.0020112
26.405	-0.0020189
26.41	-0.0020382
26.415	-0.0020069
26.42	-0.0019536
26.425	-0.0019477
26.43	-0.001985
26.435	-0.0020138
26.44	-0.0020216
26.445	-0.0020558
26.45	-0.0018775
26.455	-0.0012706
26.46	-0.00085816
26.465	-0.0007685
26.47	-0.00060443
26.475	-0.00085052
26.48	-0.0011579
26.485	-0.0004559
26.49	0.00099932
26.495	0.002081
26.5	0.0021158
26.505	0.0015916
26.51	0.0013261
26.515	0.0016783
26.52	0.0027768
26.525	0.0039782
26.53	0.004258
26.535	0.0037703
26.54	0.0034243
26.545	0.0035708
26.55	0.0037871
26.555	0.0030621
26.56	0.001201
26.565	0.00014359
26.57	0.0011235
26.575	0.0024436
26.58	0.0025411
26.585	0.0019234
26.59	0.0015839
26.595	0.0017415
26.6	0.0020142
26.605	0.0020689
26.61	0.0019369
26.615	0.0018511
26.62	0.0019096
26.625	0.00205
26.63	0.0020381
26.635	0.0013872
26.64	0.0002771
26.645	-0.00023747
26.65	9.9161e-05
26.655	0.00051399
26.66	0.00056495
26.665	0.00026095
26.67	-0.00046374
26.675	-0.00080483
26.68	0.00049074
26.685	0.0024624
26.69	0.0026053
26.695	0.00041342
26.7	-0.0014548
26.705	-0.0008986
26.71	0.00028691
26.715	0.00018724
26.72	-0.00057014
26.725	-0.0013542
26.73	-0.0018422
26.735	-0.0017595
26.74	-0.0014875
26.745	-0.0014148
26.75	-0.0015845
26.755	-0.0022327
26.76	-0.0033548
26.765	-0.00405
26.77	-0.0039436
26.775	-0.0040201
26.78	-0.0045845
26.785	-0.0049709
26.79	-0.005349
26.795	-0.0058044
26.8	-0.0058927
26.805	-0.0056975
26.81	-0.0056283
26.815	-0.0062087
26.82	-0.0073927
26.825	-0.0081499
26.83	-0.007929
26.835	-0.0070028
26.84	-0.0062707
26.845	-0.0068266
26.85	-0.0076023
26.855	-0.0068752
26.86	-0.005578
26.865	-0.0052983
26.87	-0.0054044
26.875	-0.0050722
26.88	-0.0048106
26.885	-0.0040649
26.89	-0.002814
26.895	-0.002459
26.9	-0.002527
26.905	-0.0021444
26.91	-0.0018166
26.915	-0.0018589
26.92	-0.0020229
26.925	-0.001694
26.93	-0.00057566
26.935	0.00035632
26.94	0.00028345
26.945	0.00016828
26.95	0.0010741
26.955	0.0021726
26.96	0.0024327
26.965	0.0020029
26.97	0.0017665
26.975	0.0018929
26.98	0.0020872
26.985	0.0021326
26.99	0.002057
26.995	0.0019874
27	0.0020006
27.005	0.0016913
27.01	0.00066439
27.015	-0.00026641
27.02	-0.00056162
27.025	-0.0010558
27.03	-0.0018804
27.035	-0.0022309
27.04	-0.0020263
27.045	-0.0017795
27.05	-0.0024024
27.055	-0.0042059
27.06	-0.0056597
27.065	-0.0056672
27.07	-0.0044137
27.075	-0.0025432
27.08	-0.0014717
27.085	-0.0018046
27.09	-0.0024926
27.095	-0.0025868
27.1	-0.002216
27.105	-0.0019244
27.11	-0.001925
27.115	-0.0020774
27.12	-0.0018608
27.125	-0.00083509
27.13	0.00024669
27.135	0.00068972
27.14	0.0011699
27.145	0.0019008
27.15	0.0021774
27.155	0.0019524
27.16	0.0017839
27.165	0.0018456
27.17	0.0025225
27.175	0.0044308
27.18	0.0064344
27.185	0.0065018
27.19	0.0047324
27.195	0.0029547
27.2	0.0021063
27.205	0.0019691
27.21	0.0021696
27.215	0.0022917
27.22	0.0021461
27.225	0.0019217
27.23	0.0018154
27.235	0.0018249
27.24	0.001851
27.245	0.0018379
27.25	0.0017924
27.255	0.0017431
27.26	0.001708
27.265	0.0016861
27.27	0.0016405
27.275	0.0015316
27.28	0.0014106
27.285	0.0013598
27.29	0.0013626
27.295	0.0013564
27.3	0.0013213
27.305	0.0012756
27.31	0.0012409
27.315	0.0012127
27.32	0.0011809
27.325	0.0011547
27.33	0.0011815
27.335	0.0009883
27.34	0.00012606
27.345	-0.00090533
27.35	-0.0011807
27.355	-0.00082778
27.36	-0.00057075
27.365	-0.00065732
27.37	-0.00085427
27.375	-0.00092888
27.38	-0.00088049
27.385	-0.00082261
27.39	-0.00080989
27.395	-0.00083061
27.4	-0.00086867
27.405	-0.00092438
27.41	-0.00069495
27.415	0.00017578
27.42	0.0010901
27.425	0.0012163
27.43	0.00081486
27.435	0.00057905
27.44	0.00065495
27.445	0.0011201
27.45	0.0018361
27.455	0.001791
27.46	0.0011433
27.465	0.0011672
27.47	0.0016808
27.475	0.0018752
27.48	0.0017468
27.485	0.0016457
27.49	0.0013578
27.495	0.00074455
27.5	0.00041785
27.505	0.00057909
27.51	0.00082
27.515	0.00060524
27.52	-0.00063797
27.525	-0.0022157
27.53	-0.0026271
27.535	-0.0022957
27.54	-0.0024433
27.545	-0.0028405
27.55	-0.0032456
27.555	-0.0041026
27.56	-0.0047261
27.565	-0.0039653
27.57	-0.0026416
27.575	-0.0022862
27.58	-0.0028203
27.585	-0.0029908
27.59	-0.0020759
27.595	-0.00093399
27.6	-0.00071006
27.605	-0.00090409
27.61	-0.00063756
27.615	-0.00027091
27.62	2.2757e-05
27.625	0.00044721
27.63	0.00064913
27.635	0.00051274
27.64	0.00037814
27.645	0.00073254
27.65	0.0017064
27.655	0.0024383
27.66	0.0026609
27.665	0.0031643
27.67	0.0041183
27.675	0.0054377
27.68	0.0068275
27.685	0.0073902
27.69	0.007017
27.695	0.0065576
27.7	0.0065789
27.705	0.0072262
27.71	0.0082761
27.715	0.0092598
27.72	0.0099591
27.725	0.010168
27.73	0.0099255
27.735	0.0096987
27.74	0.0097114
27.745	0.0098387
27.75	0.0098045
27.755	0.0090455
27.76	0.0073724
27.765	0.0058902
27.77	0.0056609
27.775	0.0061749
27.78	0.0064224
27.785	0.0060785
27.79	0.0051442
27.795	0.0040174
27.8	0.0035415
27.805	0.003693
27.81	0.0033914
27.815	0.0023792
27.82	0.0016664
27.825	0.0017447
27.83	0.0018764
27.835	0.0012129
27.84	0.00012242
27.845	-0.00030713
27.85	-0.0001847
27.855	-0.00062075
27.86	-0.0016282
27.865	-0.0021541
27.87	-0.0019575
27.875	-0.0016647
27.88	-0.0018941
27.885	-0.0028152
27.89	-0.0036976
27.895	-0.0038007
27.9	-0.0034203
27.905	-0.0031955
27.91	-0.0035225
27.915	-0.0042123
27.92	-0.0042902
27.925	-0.0035714
27.93	-0.003061
27.935	-0.0031542
27.94	-0.0033588
27.945	-0.0036622
27.95	-0.0043951
27.955	-0.0050263
27.96	-0.0049855
27.965	-0.0046458
27.97	-0.0045272
27.975	-0.0046506
27.98	-0.0047747
27.985	-0.0047771
27.99	-0.0046998
27.995	-0.0046768
28	-0.0050746
28.005	-0.0059293
28.01	-0.0064758
28.015	-0.0063186
28.02	-0.0059514
28.025	-0.0058996
28.03	-0.0063826
28.035	-0.006885
28.04	-0.0065659
28.045	-0.0058691
28.05	-0.0060039
28.055	-0.0069892
28.06	-0.0076637
28.065	-0.0074903
28.07	-0.0071049
28.075	-0.0069415
28.08	-0.0066489
28.085	-0.0063769
28.09	-0.0066991
28.095	-0.0071549
28.1	-0.0072075
28.105	-0.0073496
28.11	-0.0079684
28.115	-0.0088029
28.12	-0.0094399
28.125	-0.0095283
28.13	-0.0091883
28.135	-0.0090318
28.14	-0.0096731
28.145	-0.010991
28.15	-0.012052
28.155	-0.012297
28.16	-0.011922
28.165	-0.011804
28.17	-0.012535
28.175	-0.01302
28.18	-0.012636
28.185	-0.012505
28.19	-0.012953
28.195	-0.013377
28.2	-0.013785
28.205	-0.013932
28.21	-0.013234
28.215	-0.01225
28.22	-0.011936
28.225	-0.011942
28.23	-0.011658
28.235	-0.011287
28.24	-0.010822
28.245	-0.0103
28.25	-0.0098472
28.255	-0.0092203
28.26	-0.0086695
28.265	-0.0085816
28.27	-0.008444
28.275	-0.0079483
28.28	-0.0075804
28.285	-0.007238
28.29	-0.006567
28.295	-0.006024
28.3	-0.005935
28.305	-0.0057768
28.31	-0.0053702
28.315	-0.0051145
28.32	-0.0050948
28.325	-0.0050554
28.33	-0.0046955
28.335	-0.0042185
28.34	-0.0039543
28.345	-0.0036908
28.35	-0.0034179
28.355	-0.0033373
28.36	-0.0033436
28.365	-0.0033127
28.37	-0.0031653
28.375	-0.0026978
28.38	-0.0020482
28.385	-0.001668
28.39	-0.001385
28.395	-0.0009296
28.4	-0.00064213
28.405	-0.00069094
28.41	-0.00067772
28.415	-0.00017775
28.42	0.00053182
28.425	0.00079272
28.43	0.0005844
28.435	0.00052368
28.44	0.00088774
28.445	0.0010848
28.45	0.00092536
28.455	0.0010999
28.46	0.0016172
28.465	0.001987
28.47	0.0023065
28.475	0.0026258
28.48	0.0026906
28.485	0.0027143
28.49	0.003128
28.495	0.0036607
28.5	0.0037711
28.505	0.0037271
28.51	0.0040576
28.515	0.0044753
28.52	0.004685
28.525	0.0049554
28.53	0.005211
28.535	0.0051714
28.54	0.0051605
28.545	0.0055618
28.55	0.0059761
28.555	0.0059506
28.56	0.0056498
28.565	0.005249
28.57	0.0049606
28.575	0.0051583
28.58	0.0057326
28.585	0.0061971
28.59	0.0062381
28.595	0.0059911
28.6	0.0057412
28.605	0.0053922
28.61	0.0049072
28.615	0.0046342
28.62	0.0046651
28.625	0.0047317
28.63	0.0046108
28.635	0.0041756
28.64	0.0035525
28.645	0.0030159
28.65	0.002683
28.655	0.0026097
28.66	0.0026553
28.665	0.0023754
28.67	0.0015978
28.675	0.00086576
28.68	0.00074269
28.685	0.001033
28.69	0.0012319
28.695	0.0011437
28.7	0.00072587
28.705	2.4839e-05
28.71	-0.00053097
28.715	-0.00055504
28.72	-0.00028318
28.725	-0.00013585
28.73	-0.00024884
28.735	-0.00056622
28.74	-0.00073224
28.745	-0.00045842
28.75	-0.00010404
28.755	-5.2492e-05
28.76	-0.0001791
28.765	-0.0002379
28.77	-0.00017852
28.775	-8.1503e-05
28.78	-7.1093e-05
28.785	-0.0002427
28.79	-0.0003972
28.795	-0.00038989
28.8	-0.00043544
28.805	-0.00053449
28.81	-0.00051829
28.815	-0.00042801
28.82	-0.00036224
28.825	-0.00033955
28.83	-0.00031546
28.835	-0.00030255
28.84	-0.00043442
28.845	-0.00068155
28.85	-0.00077774
28.855	-0.00066017
28.86	-0.00052495
28.865	-0.00048833
28.87	-0.00050442
28.875	-0.00049689
28.88	-0.00044887
28.885	-0.00038904
28.89	-0.00034233
28.895	-0.00030733
28.9	-0.00027016
28.905	-0.00022653
28.91	-0.00018185
28.915	-0.0001396
28.92	-9.8631e-05
28.925	-6.3014e-05
28.93	3.4988e-06
28.935	0.00016093
28.94	0.00029774
28.945	0.00034304
28.95	0.00044413
28.955	0.00057515
28.96	0.00063874
28.965	0.00075919
28.97	0.00097796
28.975	0.0011133
28.98	0.0010956
28.985	0.001045
28.99	0.0010808
28.995	0.0012635
29	0.0014915
29.005	0.0015925
29.01	0.0016378
29.015	0.0017531
29.02	0.0018425
29.025	0.0018288
29.03	0.0017772
29.035	0.0017735
29.04	0.0018904
29.045	0.0020756
29.05	0.0021289
29.055	0.0019408
29.06	0.001712
29.065	0.0018112
29.07	0.0021836
29.075	0.002395
29.08	0.0023526
29.085	0.0022212
29.09	0.002078
29.095	0.0020036
29.1	0.0020154
29.105	0.0020286
29.11	0.0019956
29.115	0.0019374
29.12	0.0018885
29.125	0.0018582
29.13	0.0018387
29.135	0.0018032
29.14	0.0016973
29.145	0.0015477
29.15	0.0014756
29.155	0.0014797
29.16	0.0014385
29.165	0.0013572
29.17	0.0013142
29.175	0.0013229
29.18	0.0013761
29.185	0.0013999
29.19	0.0013118
29.195	0.0011589
29.2	0.0010504
29.205	0.001039
29.21	0.0010757
29.215	0.0010917
29.22	0.0010707
29.225	0.0010135
29.23	0.00099358
29.235	0.0010644
29.24	0.0011322
29.245	0.0011239
29.25	0.0010805
29.255	0.0010578
29.26	0.0010613
29.265	0.0010673
29.27	0.0010614
29.275	0.0010482
29.28	0.0010375
29.285	0.0010306
29.29	0.0010233
29.295	0.0010139
29.3	0.0010032
29.305	0.00099277
29.31	0.0009829
29.315	0.00097372
29.32	0.00094713
29.325	0.00090748
29.33	0.00090527
29.335	0.00093537
29.34	0.00094231
29.345	0.00090365
29.35	0.0008542
29.355	0.00083822
29.36	0.00084672
29.365	0.00086316
29.37	0.0008744
29.375	0.00086354
29.38	0.00084121
29.385	0.00082607
29.39	0.00082003
29.395	0.00081448
29.4	0.00080481
29.405	0.00079224
29.41	0.00077906
29.415	0.00076678
29.42	0.00076404
29.425	0.0007702
29.43	0.00075859
29.435	0.00072576
29.44	0.00070172
29.445	0.0006967
29.45	0.00069701
29.455	0.00068547
29.46	0.00065612
29.465	0.00062238
29.47	0.00059695
29.475	0.00058452
29.48	0.00057967
29.485	0.00056667
29.49	0.0005482
29.495	0.00054056
29.5	0.0005391
29.505	0.00053299
29.51	0.00052734
29.515	0.0005231
29.52	0.00051641
29.525	0.00051203
29.53	0.00051223
29.535	0.0005128
29.54	0.00051104
29.545	0.00050793
29.55	0.00050524
29.555	0.00050305
29.56	0.00050029
29.565	0.00049846
29.57	0.00050061
29.575	0.00050542
29.58	0.00050885
29.585	0.0005081
29.59	0.0005021
29.595	0.00049362
29.6	0.00048765
29.605	0.0004863
29.61	0.00048543
29.615	0.0004792
29.62	0.00046943
29.625	0.00046263
29.63	0.00045885
29.635	0.00045254
29.64	0.00044241
29.645	0.00043192
29.65	0.000423
29.655	0.00041559
29.66	0.00040931
29.665	0.00040229
29.67	0.00039349
29.675	0.00038441
29.68	0.00037663
29.685	0.00037063
29.69	0.00036428
29.695	0.00035527
29.7	0.00034487
29.705	0.0003359
29.71	0.0003293
29.715	0.00032352
29.72	0.00031647
29.725	0.00030825
29.73	0.00030074
29.735	0.00029458
29.74	0.00028866
29.745	0.00028268
29.75	0.00027675
29.755	0.00027061
29.76	0.00026467
29.765	0.00025895
29.77	0.00025311
29.775	0.00024737
29.78	0.00024191
29.785	0.00023639
29.79	0.00023066
29.795	0.00022496
29.8	0.00021946
29.805	0.00021412
29.81	0.00020892
29.815	0.0002038
29.82	0.00019879
29.825	0.00019395
29.83	0.00018928
29.835	0.00018472
29.84	0.00018027
29.845	0.00017595
29.85	0.00017176
29.855	0.00016774
29.86	0.00016385
29.865	0.00016009
29.87	0.00015646
29.875	0.00015302
29.88	0.00014977
29.885	0.00014666
29.89	0.00014368
29.895	0.00014086
29.9	0.00013823
29.905	0.00013576
29.91	0.00013345
29.915	0.0001313
29.92	0.00012932
29.925	0.0001275
29.93	0.00012585
29.935	0.00012435
29.94	0.00012302
29.945	0.00012184
29.95	0.00012082
