0	0.00029544
0.005	0.00031352
0.01	0.00034132
0.015	0.00035734
0.02	0.00038004
0.025	0.00040958
0.03	0.00044473
0.035	0.00047929
0.04	0.00050008
0.045	0.00049624
0.05	0.00046233
0.055	0.00039306
0.06	0.00029108
0.065	0.00017397
0.07	7.3856e-05
0.075	3.3003e-05
0.08	7.4803e-05
0.085	0.00020942
0.09	0.00045082
0.095	0.00076445
0.1	0.0010824
0.105	0.0013716
0.11	0.0016075
0.115	0.0017681
0.12	0.0018736
0.125	0.0019288
0.13	0.0018867
0.135	0.0016931
0.14	0.0012894
0.145	0.00067421
0.15	-5.2432e-05
0.155	-0.00076142
0.16	-0.0013322
0.165	-0.0017043
0.17	-0.0019058
0.175	-0.0019403
0.18	-0.001729
0.185	-0.0011633
0.19	-0.0001466
0.195	0.0013605
0.2	0.0031971
0.205	0.004976
0.21	0.006327
0.215	0.0070136
0.22	0.006933
0.225	0.0062446
0.23	0.0052803
0.235	0.0042727
0.24	0.0033438
0.245	0.002437
0.25	0.0012652
0.255	-0.00034234
0.26	-0.0021145
0.265	-0.0035702
0.27	-0.0045312
0.275	-0.0049579
0.28	-0.0046419
0.285	-0.0035348
0.29	-0.0018405
0.295	0.00012641
0.3	0.0018136
0.305	0.0026863
0.31	0.0026907
0.315	0.0021924
0.32	0.0016671
0.325	0.0014549
0.33	0.0015699
0.335	0.0017091
0.34	0.0015277
0.345	0.00090143
0.35	-0.00015858
0.355	-0.0016569
0.36	-0.0034922
0.365	-0.0052942
0.37	-0.006349
0.375	-0.0057666
0.38	-0.0033435
0.385	-0.00013564
0.39	0.0025322
0.395	0.0041613
0.4	0.0050093
0.405	0.005779
0.41	0.0074612
0.415	0.010598
0.42	0.014339
0.425	0.017009
0.43	0.017647
0.435	0.016127
0.44	0.01235
0.445	0.0066169
0.45	0.00022395
0.455	-0.005747
0.46	-0.011451
0.465	-0.017488
0.47	-0.02397
0.475	-0.030466
0.48	-0.03656
0.485	-0.041911
0.49	-0.046046
0.495	-0.047865
0.5	-0.044974
0.505	-0.034096
0.51	-0.013144
0.515	0.015214
0.52	0.0434
0.525	0.063676
0.53	0.072035
0.535	0.068961
0.54	0.05812
0.545	0.045094
0.55	0.034817
0.555	0.027197
0.56	0.017368
0.565	0.0015315
0.57	-0.019291
0.575	-0.040435
0.58	-0.056705
0.585	-0.065781
0.59	-0.069664
0.595	-0.071211
0.6	-0.070131
0.605	-0.063689
0.61	-0.049097
0.615	-0.023677
0.62	0.013484
0.625	0.054868
0.63	0.085013
0.635	0.092697
0.64	0.079487
0.645	0.057679
0.65	0.041438
0.655	0.036912
0.66	0.038744
0.665	0.037601
0.67	0.029936
0.675	0.018678
0.68	0.0081581
0.685	0.00062197
0.69	-0.0030652
0.695	-0.0017338
0.7	0.0052357
0.705	0.016074
0.71	0.026509
0.715	0.032213
0.72	0.03172
0.725	0.026757
0.73	0.019445
0.735	0.010185
0.74	-0.00092472
0.745	-0.012333
0.75	-0.022205
0.755	-0.029368
0.76	-0.032321
0.765	-0.029769
0.77	-0.021691
0.775	-0.0098933
0.78	0.0019111
0.785	0.010999
0.79	0.017301
0.795	0.021546
0.8	0.024697
0.805	0.027787
0.81	0.031272
0.815	0.035025
0.82	0.037592
0.825	0.036349
0.83	0.029895
0.835	0.019673
0.84	0.0085843
0.845	-0.0012454
0.85	-0.0091103
0.855	-0.015483
0.86	-0.02137
0.865	-0.027024
0.87	-0.031904
0.875	-0.035544
0.88	-0.036871
0.885	-0.034593
0.89	-0.029162
0.895	-0.022293
0.9	-0.015211
0.905	-0.0094163
0.91	-0.0071335
0.915	-0.0092479
0.92	-0.014863
0.925	-0.022454
0.93	-0.030458
0.935	-0.038019
0.94	-0.044976
0.945	-0.051463
0.95	-0.057906
0.955	-0.064095
0.96	-0.068455
0.965	-0.068281
0.97	-0.06128
0.975	-0.048238
0.98	-0.03266
0.985	-0.017174
0.99	-0.0026707
0.995	0.010119
1	0.020651
1.005	0.028973
1.01	0.035532
1.015	0.041169
1.02	0.046473
1.025	0.050404
1.03	0.050597
1.035	0.045621
1.04	0.03565
1.045	0.02166
1.05	0.0056922
1.055	-0.010129
1.06	-0.023985
1.065	-0.033343
1.07	-0.035639
1.075	-0.030025
1.08	-0.017791
1.085	-0.00077186
1.09	0.018877
1.095	0.037009
1.1	0.044816
1.105	0.0357
1.11	0.018611
1.115	0.010196
1.12	0.014997
1.125	0.024211
1.13	0.027891
1.135	0.022682
1.14	0.011484
1.145	-0.0016739
1.15	-0.015372
1.155	-0.02946
1.16	-0.042913
1.165	-0.054051
1.17	-0.060394
1.175	-0.057266
1.18	-0.038961
1.185	-0.0024502
1.19	0.047937
1.195	0.098295
1.2	0.13104
1.205	0.13527
1.21	0.11324
1.215	0.077661
1.22	0.043109
1.225	0.01875
1.23	0.0058366
1.235	0.00075702
1.24	-0.00024913
1.245	0.00088036
1.25	0.0030507
1.255	0.0055551
1.26	0.0079685
1.265	0.0091811
1.27	0.008329
1.275	0.0069593
1.28	0.0088137
1.285	0.019353
1.29	0.043519
1.295	0.08045
1.3	0.11857
1.305	0.13851
1.31	0.12972
1.315	0.099464
1.32	0.057688
1.325	0.0055526
1.33	-0.052224
1.335	-0.10276
1.34	-0.13685
1.345	-0.15346
1.35	-0.15605
1.355	-0.14896
1.36	-0.13554
1.365	-0.11906
1.37	-0.10295
1.375	-0.08724
1.38	-0.067875
1.385	-0.040857
1.39	-0.0019976
1.395	0.052213
1.4	0.11336
1.405	0.15942
1.41	0.17171
1.415	0.14942
1.42	0.10768
1.425	0.062371
1.43	0.017876
1.435	-0.027826
1.44	-0.075413
1.445	-0.12309
1.45	-0.16213
1.455	-0.18291
1.46	-0.18487
1.465	-0.17341
1.47	-0.15429
1.475	-0.12927
1.48	-0.088197
1.485	-0.015196
1.49	0.10161
1.495	0.25557
1.5	0.3895
1.505	0.43259
1.51	0.37774
1.515	0.26895
1.52	0.14531
1.525	0.033726
1.53	-0.046771
1.535	-0.094201
1.54	-0.11963
1.545	-0.13671
1.55	-0.1567
1.555	-0.18713
1.56	-0.22982
1.565	-0.27909
1.57	-0.32265
1.575	-0.34452
1.58	-0.32944
1.585	-0.25223
1.59	-0.095575
1.595	0.10074
1.6	0.25785
1.605	0.32058
1.61	0.28864
1.615	0.19994
1.62	0.099428
1.625	0.020117
1.63	-0.032242
1.635	-0.067989
1.64	-0.090219
1.645	-0.097736
1.65	-0.09468
1.655	-0.086704
1.66	-0.076277
1.665	-0.063271
1.67	-0.046608
1.675	-0.024814
1.68	0.0054371
1.685	0.048704
1.69	0.10734
1.695	0.17582
1.7	0.23305
1.705	0.2523
1.71	0.2265
1.715	0.17207
1.72	0.11244
1.725	0.06708
1.73	0.044648
1.735	0.039006
1.74	0.037932
1.745	0.034624
1.75	0.027399
1.755	0.014699
1.76	-0.005063
1.765	-0.030411
1.77	-0.053601
1.775	-0.063512
1.78	-0.053939
1.785	-0.028304
1.79	-0.00040619
1.795	0.0096677
1.8	-0.010724
1.805	-0.05556
1.81	-0.10598
1.815	-0.14409
1.82	-0.16528
1.825	-0.1797
1.83	-0.19425
1.835	-0.19953
1.84	-0.18038
1.845	-0.13094
1.85	-0.063801
1.855	-0.0018962
1.86	0.040847
1.865	0.062022
1.87	0.070018
1.875	0.081518
1.88	0.10458
1.885	0.13206
1.89	0.15351
1.895	0.16289
1.9	0.15718
1.905	0.13764
1.91	0.11077
1.915	0.08324
1.92	0.057947
1.925	0.035107
1.93	0.013074
1.935	-0.010944
1.94	-0.038457
1.945	-0.067014
1.95	-0.090764
1.955	-0.10534
1.96	-0.10845
1.965	-0.094931
1.97	-0.055767
1.975	0.012555
1.98	0.086706
1.985	0.1242
1.99	0.11165
1.995	0.074678
2	0.039186
2.005	0.011243
2.01	-0.013864
2.015	-0.041006
2.02	-0.070206
2.025	-0.096358
2.03	-0.11479
2.035	-0.12488
2.04	-0.12869
2.045	-0.13035
2.05	-0.1354
2.055	-0.14659
2.06	-0.16035
2.065	-0.16869
2.07	-0.16489
2.075	-0.14512
2.08	-0.10898
2.085	-0.061566
2.09	-0.010639
2.095	0.037037
2.1	0.078124
2.105	0.11112
2.11	0.13316
2.115	0.14262
2.12	0.14003
2.125	0.12662
2.13	0.10489
2.135	0.079841
2.14	0.056753
2.145	0.038666
2.15	0.027957
2.155	0.027041
2.16	0.034788
2.165	0.043885
2.17	0.044436
2.175	0.030814
2.18	0.005087
2.185	-0.025731
2.19	-0.055083
2.195	-0.078666
2.2	-0.092712
2.205	-0.094649
2.21	-0.085772
2.215	-0.071207
2.22	-0.05828
2.225	-0.055578
2.23	-0.068231
2.235	-0.094303
2.24	-0.12815
2.245	-0.15738
2.25	-0.16202
2.255	-0.12998
2.26	-0.067335
2.265	0.0057685
2.27	0.064715
2.275	0.095287
2.28	0.10099
2.285	0.092419
2.29	0.076894
2.295	0.058944
2.3	0.045269
2.305	0.044696
2.31	0.06044
2.315	0.087164
2.32	0.11601
2.325	0.13836
2.33	0.14833
2.335	0.14611
2.34	0.13485
2.345	0.11471
2.35	0.086037
2.355	0.054054
2.36	0.024645
2.365	1.5389e-05
2.37	-0.021941
2.375	-0.044988
2.38	-0.0683
2.385	-0.087139
2.39	-0.098478
2.395	-0.10102
2.4	-0.09569
2.405	-0.087939
2.41	-0.084847
2.415	-0.090108
2.42	-0.1018
2.425	-0.11166
2.43	-0.10733
2.435	-0.080647
2.44	-0.032811
2.445	0.0241
2.45	0.067971
2.455	0.082256
2.46	0.069853
2.465	0.0456
2.47	0.021589
2.475	0.0020335
2.48	-0.010437
2.485	-0.010767
2.49	0.0025767
2.495	0.022175
2.5	0.03661
2.505	0.040365
2.51	0.036332
2.515	0.030211
2.52	0.024496
2.525	0.018071
2.53	0.010427
2.535	0.0029196
2.54	-0.0037975
2.545	-0.0096805
2.55	-0.014526
2.555	-0.019383
2.56	-0.026803
2.565	-0.039216
2.57	-0.05663
2.575	-0.076037
2.58	-0.092332
2.585	-0.098558
2.59	-0.089711
2.595	-0.068148
2.6	-0.041277
2.605	-0.015426
2.61	0.0060146
2.615	0.020518
2.62	0.024814
2.625	0.018099
2.63	0.0057501
2.635	-0.0039545
2.64	-0.0069369
2.645	-0.006276
2.65	-0.0089554
2.655	-0.019621
2.66	-0.037067
2.665	-0.055542
2.67	-0.068282
2.675	-0.071396
2.68	-0.063862
2.685	-0.045742
2.69	-0.018749
2.695	0.014104
2.7	0.047397
2.705	0.073661
2.71	0.088774
2.715	0.094214
2.72	0.09436
2.725	0.092877
2.73	0.091044
2.735	0.088943
2.74	0.086271
2.745	0.081976
2.75	0.075347
2.755	0.066927
2.76	0.057847
2.765	0.050116
2.77	0.046559
2.775	0.049318
2.78	0.058928
2.785	0.074542
2.79	0.094514
2.795	0.11664
2.8	0.13829
2.805	0.15561
2.81	0.16431
2.815	0.16284
2.82	0.15335
2.825	0.14103
2.83	0.13217
2.835	0.12907
2.84	0.12783
2.845	0.12151
2.85	0.10496
2.855	0.079674
2.86	0.052283
2.865	0.02853
2.87	0.011412
2.875	0.0014684
2.88	-0.00085836
2.885	0.006528
2.89	0.023446
2.895	0.044477
2.9	0.062496
2.905	0.072626
2.91	0.073474
2.915	0.067627
2.92	0.059333
2.925	0.051131
2.93	0.043422
2.935	0.034734
2.94	0.022655
2.945	0.0055182
2.95	-0.017465
2.955	-0.044955
2.96	-0.073583
2.965	-0.10015
2.97	-0.12307
2.975	-0.14246
2.98	-0.15655
2.985	-0.16237
2.99	-0.16071
2.995	-0.1549
3	-0.14659
3.005	-0.13591
3.01	-0.12297
3.015	-0.10809
3.02	-0.092858
3.025	-0.079764
3.03	-0.07063
3.035	-0.066034
3.04	-0.065078
3.045	-0.067507
3.05	-0.07444
3.055	-0.085288
3.06	-0.097935
3.065	-0.11087
3.07	-0.12356
3.075	-0.13633
3.08	-0.14848
3.085	-0.15713
3.09	-0.15949
3.095	-0.15476
3.1	-0.14432
3.105	-0.13022
3.11	-0.11463
3.115	-0.10096
3.12	-0.091396
3.125	-0.084664
3.13	-0.07932
3.135	-0.075447
3.14	-0.073058
3.145	-0.071912
3.15	-0.071848
3.155	-0.072755
3.16	-0.074575
3.165	-0.077233
3.17	-0.081381
3.175	-0.087505
3.18	-0.095158
3.185	-0.10487
3.19	-0.11649
3.195	-0.1266
3.2	-0.13253
3.205	-0.13523
3.21	-0.1362
3.215	-0.13584
3.22	-0.13471
3.225	-0.1327
3.23	-0.12841
3.235	-0.1217
3.24	-0.11353
3.245	-0.10414
3.25	-0.095494
3.255	-0.090664
3.26	-0.090375
3.265	-0.093365
3.27	-0.098153
3.275	-0.10386
3.28	-0.11006
3.285	-0.11568
3.29	-0.12026
3.295	-0.12542
3.3	-0.13292
3.305	-0.14297
3.31	-0.15341
3.315	-0.16132
3.32	-0.16646
3.325	-0.17022
3.33	-0.17299
3.335	-0.17473
3.34	-0.17579
3.345	-0.1761
3.35	-0.17582
3.355	-0.17575
3.36	-0.17559
3.365	-0.17433
3.37	-0.17196
3.375	-0.1693
3.38	-0.16657
3.385	-0.16258
3.39	-0.15652
3.395	-0.1491
3.4	-0.14142
3.405	-0.13359
3.41	-0.12563
3.415	-0.11786
3.42	-0.11025
3.425	-0.10232
3.43	-0.09359
3.435	-0.084511
3.44	-0.0757
3.445	-0.066944
3.45	-0.058211
3.455	-0.049548
3.46	-0.04045
3.465	-0.030058
3.47	-0.018382
3.475	-0.0059502
3.48	0.0082305
3.485	0.02526
3.49	0.044846
3.495	0.066534
3.5	0.090391
3.505	0.1159
3.51	0.1431
3.515	0.17414
3.52	0.209
3.525	0.24636
3.53	0.28818
3.535	0.3346
3.54	0.38068
3.545	0.42018
3.55	0.4492
3.555	0.46821
3.56	0.48153
3.565	0.49194
3.57	0.49715
3.575	0.49453
3.58	0.48576
3.585	0.47631
3.59	0.47123
3.595	0.47041
3.6	0.46898
3.605	0.46289
3.61	0.45204
3.615	0.43747
3.62	0.41859
3.625	0.39498
3.63	0.36708
3.635	0.33542
3.64	0.30107
3.645	0.26367
3.65	0.22149
3.655	0.17693
3.66	0.13394
3.665	0.093111
3.67	0.060851
3.675	0.046895
3.68	0.048917
3.685	0.05768
3.69	0.071494
3.695	0.093114
3.7	0.12038
3.705	0.15034
3.71	0.1812
3.715	0.20276
3.72	0.19824
3.725	0.15944
3.73	0.091386
3.735	0.013322
3.74	-0.04683
3.745	-0.07381
3.75	-0.068749
3.755	-0.036066
3.76	0.023517
3.765	0.106
3.77	0.19384
3.775	0.26225
3.78	0.29428
3.785	0.28972
3.79	0.25887
3.795	0.21271
3.8	0.16128
3.805	0.1137
3.81	0.079518
3.815	0.064356
3.82	0.061272
3.825	0.056206
3.83	0.042195
3.835	0.023084
3.84	0.0053126
3.845	-0.0094389
3.85	-0.024548
3.855	-0.044216
3.86	-0.069967
3.865	-0.10046
3.87	-0.13304
3.875	-0.16515
3.88	-0.19357
3.885	-0.21518
3.89	-0.22895
3.895	-0.23532
3.9	-0.23672
3.905	-0.23803
3.91	-0.24372
3.915	-0.25519
3.92	-0.26954
3.925	-0.28153
3.93	-0.28879
3.935	-0.29328
3.94	-0.29827
3.945	-0.30471
3.95	-0.31066
3.955	-0.31396
3.96	-0.314
3.965	-0.31073
3.97	-0.30454
3.975	-0.2946
3.98	-0.27843
3.985	-0.25672
3.99	-0.23298
3.995	-0.20902
4	-0.18444
4.005	-0.1569
4.01	-0.12295
4.015	-0.082857
4.02	-0.039608
4.025	0.0065042
4.03	0.05436
4.035	0.099349
4.04	0.13813
4.045	0.17345
4.05	0.20797
4.055	0.23536
4.06	0.24982
4.065	0.25374
4.07	0.24994
4.075	0.2385
4.08	0.22108
4.085	0.20006
4.09	0.17259
4.095	0.13446
4.1	0.086646
4.105	0.032661
4.11	-0.021817
4.115	-0.070117
4.12	-0.10884
4.125	-0.13755
4.13	-0.15794
4.135	-0.17294
4.14	-0.18492
4.145	-0.19455
4.15	-0.20082
4.155	-0.20213
4.16	-0.19844
4.165	-0.19213
4.17	-0.18551
4.175	-0.17835
4.18	-0.1701
4.185	-0.16155
4.19	-0.15278
4.195	-0.14375
4.2	-0.13517
4.205	-0.12659
4.21	-0.1169
4.215	-0.10587
4.22	-0.093691
4.225	-0.080524
4.23	-0.065574
4.235	-0.047688
4.24	-0.0276
4.245	-0.006205
4.25	0.01688
4.255	0.040621
4.26	0.064387
4.265	0.089135
4.27	0.11395
4.275	0.1379
4.28	0.16242
4.285	0.18889
4.29	0.21664
4.295	0.24486
4.3	0.27332
4.305	0.30058
4.31	0.32847
4.315	0.36005
4.32	0.38928
4.325	0.40942
4.33	0.42411
4.335	0.43839
4.34	0.45142
4.345	0.46106
4.35	0.46811
4.355	0.47469
4.36	0.48083
4.365	0.48353
4.37	0.47931
4.375	0.46686
4.38	0.44433
4.385	0.41156
4.39	0.37319
4.395	0.3274
4.4	0.27012
4.405	0.20927
4.41	0.15336
4.415	0.10093
4.42	0.049335
4.425	-0.0043122
4.43	-0.056862
4.435	-0.094577
4.44	-0.11823
4.445	-0.14307
4.45	-0.17617
4.455	-0.21548
4.46	-0.25566
4.465	-0.29313
4.47	-0.32739
4.475	-0.35965
4.48	-0.3939
4.485	-0.43153
4.49	-0.46509
4.495	-0.4857
4.5	-0.49319
4.505	-0.49299
4.51	-0.48917
4.515	-0.4845
4.52	-0.48173
4.525	-0.48201
4.53	-0.48306
4.535	-0.4797
4.54	-0.46749
4.545	-0.44752
4.55	-0.42529
4.555	-0.40454
4.56	-0.38449
4.565	-0.36266
4.57	-0.34025
4.575	-0.32229
4.58	-0.30988
4.585	-0.29797
4.59	-0.28212
4.595	-0.26151
4.6	-0.23681
4.605	-0.20781
4.61	-0.17372
4.615	-0.13597
4.62	-0.0978
4.625	-0.057705
4.63	-0.011436
4.635	0.039614
4.64	0.093049
4.645	0.1488
4.65	0.20529
4.655	0.26205
4.66	0.31997
4.665	0.3769
4.67	0.43922
4.675	0.51919
4.68	0.59923
4.685	0.63977
4.69	0.62763
4.695	0.57302
4.7	0.48296
4.705	0.37035
4.71	0.25936
4.715	0.17098
4.72	0.11294
4.725	0.074702
4.73	0.036754
4.735	-0.013032
4.74	-0.074214
4.745	-0.13789
4.75	-0.19177
4.755	-0.224
4.76	-0.23376
4.765	-0.23249
4.77	-0.22973
4.775	-0.22682
4.78	-0.22247
4.785	-0.21804
4.79	-0.21548
4.795	-0.21345
4.8	-0.20745
4.805	-0.19372
4.81	-0.17116
4.815	-0.14097
4.82	-0.10723
4.825	-0.073983
4.83	-0.043277
4.835	-0.01597
4.84	0.0091504
4.845	0.035349
4.85	0.064063
4.855	0.091772
4.86	0.1153
4.865	0.13651
4.87	0.15793
4.875	0.17921
4.88	0.20017
4.885	0.22182
4.89	0.24239
4.895	0.25853
4.9	0.27017
4.905	0.27911
4.91	0.2857
4.915	0.28832
4.92	0.28569
4.925	0.27967
4.93	0.27313
4.935	0.26725
4.94	0.26214
4.945	0.25737
4.95	0.25162
4.955	0.2431
4.96	0.23004
4.965	0.21117
4.97	0.18671
4.975	0.15813
4.98	0.127
4.985	0.094589
4.99	0.062985
4.995	0.036172
5	0.015699
5.005	-0.0019441
5.01	-0.01994
5.015	-0.038206
5.02	-0.056291
5.025	-0.075622
5.03	-0.09712
5.035	-0.11836
5.04	-0.13651
5.045	-0.15168
5.05	-0.1653
5.055	-0.17776
5.06	-0.18814
5.065	-0.19481
5.07	-0.19616
5.075	-0.19249
5.08	-0.18567
5.085	-0.17609
5.09	-0.16211
5.095	-0.14276
5.1	-0.11776
5.105	-0.087302
5.11	-0.053959
5.115	-0.021075
5.12	0.0075464
5.125	0.027609
5.13	0.037756
5.135	0.040045
5.14	0.038428
5.145	0.036945
5.15	0.037479
5.155	0.04
5.16	0.044397
5.165	0.051199
5.17	0.060947
5.175	0.072532
5.18	0.082319
5.185	0.087037
5.19	0.08649
5.195	0.081769
5.2	0.073115
5.205	0.061301
5.21	0.049738
5.215	0.04249
5.22	0.040399
5.225	0.040869
5.23	0.04068
5.235	0.038116
5.24	0.033612
5.245	0.029321
5.25	0.02735
5.255	0.028459
5.26	0.032401
5.265	0.037975
5.27	0.042962
5.275	0.045891
5.28	0.046899
5.285	0.04681
5.29	0.046291
5.295	0.044957
5.3	0.042089
5.305	0.037862
5.31	0.032185
5.315	0.024658
5.32	0.015424
5.325	0.0041676
5.33	-0.0081453
5.335	-0.018462
5.34	-0.025397
5.345	-0.029445
5.35	-0.030995
5.355	-0.030544
5.36	-0.0292
5.365	-0.029
5.37	-0.031422
5.375	-0.036763
5.38	-0.045385
5.385	-0.056672
5.39	-0.069001
5.395	-0.08069
5.4	-0.090108
5.405	-0.096681
5.41	-0.10116
5.415	-0.10465
5.42	-0.10702
5.425	-0.10749
5.43	-0.10622
5.435	-0.10376
5.44	-0.10048
5.445	-0.096921
5.45	-0.093253
5.455	-0.089262
5.46	-0.085009
5.465	-0.080479
5.47	-0.076059
5.475	-0.073301
5.48	-0.072469
5.485	-0.071442
5.49	-0.068777
5.495	-0.064924
5.5	-0.06073
5.505	-0.056391
5.51	-0.052153
5.515	-0.048196
5.52	-0.043669
5.525	-0.038528
5.53	-0.033569
5.535	-0.02822
5.54	-0.021577
5.545	-0.01369
5.55	-0.0049216
5.555	0.0042177
5.56	0.013058
5.565	0.021209
5.57	0.028394
5.575	0.033683
5.58	0.035913
5.585	0.034949
5.59	0.031381
5.595	0.025474
5.6	0.017391
5.605	0.0072752
5.61	-0.005161
5.615	-0.020349
5.62	-0.036896
5.625	-0.051213
5.63	-0.061551
5.635	-0.06872
5.64	-0.073148
5.645	-0.074985
5.65	-0.07474
5.655	-0.072638
5.66	-0.069274
5.665	-0.0662
5.67	-0.06477
5.675	-0.065453
5.68	-0.068467
5.685	-0.073389
5.69	-0.077693
5.695	-0.077519
5.7	-0.070803
5.705	-0.059083
5.71	-0.046104
5.715	-0.034675
5.72	-0.025356
5.725	-0.017173
5.73	-0.0089025
5.735	-0.00066166
5.74	0.0073813
5.745	0.015869
5.75	0.024031
5.755	0.030886
5.76	0.036757
5.765	0.041047
5.77	0.043215
5.775	0.044679
5.78	0.045901
5.785	0.045664
5.79	0.043696
5.795	0.040241
5.8	0.035098
5.805	0.028589
5.81	0.021783
5.815	0.014835
5.82	0.0067128
5.825	-0.0026091
5.83	-0.011672
5.835	-0.01898
5.84	-0.024252
5.845	-0.028328
5.85	-0.03232
5.855	-0.036772
5.86	-0.041474
5.865	-0.046506
5.87	-0.052001
5.875	-0.057316
5.88	-0.06199
5.885	-0.06577
5.89	-0.068105
5.895	-0.069001
5.9	-0.068869
5.905	-0.067966
5.91	-0.06697
5.915	-0.066971
5.92	-0.06804
5.925	-0.068889
5.93	-0.069026
5.935	-0.069006
5.94	-0.068329
5.945	-0.066247
5.95	-0.063437
5.955	-0.060492
5.96	-0.056688
5.965	-0.051731
5.97	-0.046184
5.975	-0.04013
5.98	-0.033752
5.985	-0.027481
5.99	-0.020998
5.995	-0.013869
6	-0.0065907
6.005	0.00013249
6.01	0.006599
6.015	0.013713
6.02	0.021852
6.025	0.030715
6.03	0.040016
6.035	0.04943
6.04	0.05851
6.045	0.06733
6.05	0.075906
6.055	0.0839
6.06	0.091607
6.065	0.098852
6.07	0.10442
6.075	0.10851
6.08	0.11271
6.085	0.1172
6.09	0.12084
6.095	0.12298
6.1	0.12332
6.105	0.12187
6.11	0.11906
6.115	0.11479
6.12	0.1084
6.125	0.10056
6.13	0.092736
6.135	0.08421
6.14	0.073555
6.145	0.061636
6.15	0.0492
6.155	0.035868
6.16	0.02221
6.165	0.009592
6.17	-0.00057986
6.175	-0.007976
6.18	-0.013259
6.185	-0.017206
6.19	-0.020774
6.195	-0.023875
6.2	-0.02529
6.205	-0.02471
6.21	-0.023125
6.215	-0.021352
6.22	-0.019409
6.225	-0.017296
6.23	-0.015161
6.235	-0.012938
6.24	-0.010576
6.245	-0.0080801
6.25	-0.0050269
6.255	-0.0012968
6.26	0.0022603
6.265	0.005152
6.27	0.0078395
6.275	0.010753
6.28	0.013625
6.285	0.016088
6.29	0.018314
6.295	0.020653
6.3	0.023162
6.305	0.025684
6.31	0.028109
6.315	0.030164
6.32	0.031488
6.325	0.032553
6.33	0.034395
6.335	0.037115
6.34	0.040138
6.345	0.043397
6.35	0.046749
6.355	0.049567
6.36	0.051755
6.365	0.05367
6.37	0.055247
6.375	0.056665
6.38	0.058693
6.385	0.061195
6.39	0.063072
6.395	0.063833
6.4	0.063612
6.405	0.062493
6.41	0.060296
6.415	0.056676
6.42	0.051241
6.425	0.04326
6.43	0.032555
6.435	0.020402
6.44	0.0084552
6.445	-0.0021381
6.45	-0.011004
6.455	-0.018444
6.46	-0.02453
6.465	-0.029277
6.47	-0.033406
6.475	-0.037782
6.48	-0.042414
6.485	-0.046634
6.49	-0.050107
6.495	-0.05291
6.5	-0.055264
6.505	-0.057582
6.51	-0.060025
6.515	-0.062003
6.52	-0.062777
6.525	-0.062434
6.53	-0.061555
6.535	-0.060367
6.54	-0.058837
6.545	-0.056965
6.55	-0.054724
6.555	-0.052153
6.56	-0.049104
6.565	-0.045767
6.57	-0.043113
6.575	-0.041261
6.58	-0.039282
6.585	-0.036802
6.59	-0.034108
6.595	-0.031166
6.6	-0.027251
6.605	-0.021542
6.61	-0.014137
6.615	-0.0060698
6.62	0.0016991
6.625	0.0087737
6.63	0.01513
6.635	0.020629
6.64	0.024967
6.645	0.028102
6.65	0.030504
6.655	0.032805
6.66	0.034924
6.665	0.036339
6.67	0.037058
6.675	0.037818
6.68	0.039099
6.685	0.040322
6.69	0.040614
6.695	0.039372
6.7	0.036776
6.705	0.033967
6.71	0.031705
6.715	0.029728
6.72	0.027624
6.725	0.025602
6.73	0.024129
6.735	0.02285
6.74	0.021323
6.745	0.020087
6.75	0.019725
6.755	0.020186
6.76	0.021213
6.765	0.022492
6.77	0.023673
6.775	0.024971
6.78	0.026082
6.785	0.026008
6.79	0.024848
6.795	0.02309
6.8	0.020821
6.805	0.018406
6.81	0.016191
6.815	0.013877
6.82	0.010847
6.825	0.0070647
6.83	0.0031262
6.835	-0.00026847
6.84	-0.0027964
6.845	-0.0052792
6.85	-0.008547
6.855	-0.01158
6.86	-0.012916
6.865	-0.012321
6.87	-0.010148
6.875	-0.0070154
6.88	-0.0040007
6.885	-0.0017742
6.89	-4.8585e-06
6.895	0.0015848
6.9	0.0029314
6.905	0.004386
6.91	0.0059233
6.915	0.0068406
6.92	0.0068095
6.925	0.0061803
6.93	0.0052658
6.935	0.0035672
6.94	0.0010211
6.945	-0.0016462
6.95	-0.0042789
6.955	-0.0067593
6.96	-0.0085763
6.965	-0.0095727
6.97	-0.010138
6.975	-0.010995
6.98	-0.012407
6.985	-0.013648
6.99	-0.013936
6.995	-0.013267
7	-0.01202
7.005	-0.010154
7.01	-0.0073724
7.015	-0.0035637
7.02	0.00069384
7.025	0.0041431
7.03	0.0061827
7.035	0.0068364
7.04	0.0058907
7.045	0.0036102
7.05	0.0010544
7.055	-0.0015893
7.06	-0.0048846
7.065	-0.0081513
7.07	-0.0105
7.075	-0.012881
7.08	-0.016518
7.085	-0.020863
7.09	-0.025198
7.095	-0.029585
7.1	-0.033879
7.105	-0.03782
7.11	-0.041024
7.115	-0.043529
7.12	-0.046362
7.125	-0.050115
7.13	-0.054207
7.135	-0.057727
7.14	-0.060339
7.145	-0.062632
7.15	-0.064882
7.155	-0.06644
7.16	-0.066787
7.165	-0.066228
7.17	-0.065857
7.175	-0.065903
7.18	-0.065451
7.185	-0.064613
7.19	-0.064369
7.195	-0.065007
7.2	-0.065846
7.205	-0.066068
7.21	-0.065758
7.215	-0.065473
7.22	-0.065126
7.225	-0.064145
7.23	-0.062342
7.235	-0.060348
7.24	-0.058912
7.245	-0.057641
7.25	-0.055736
7.255	-0.053274
7.26	-0.050433
7.265	-0.047083
7.27	-0.043704
7.275	-0.041058
7.28	-0.039025
7.285	-0.036885
7.29	-0.034344
7.295	-0.031705
7.3	-0.029511
7.305	-0.028149
7.31	-0.027599
7.315	-0.027548
7.32	-0.027575
7.325	-0.027451
7.33	-0.027253
7.335	-0.027375
7.34	-0.02828
7.345	-0.029579
7.35	-0.029946
7.355	-0.028759
7.36	-0.0272
7.365	-0.026314
7.37	-0.025281
7.375	-0.023243
7.38	-0.020638
7.385	-0.018139
7.39	-0.015912
7.395	-0.013352
7.4	-0.0098351
7.405	-0.0062106
7.41	-0.0032935
7.415	-0.00031452
7.42	0.0032973
7.425	0.0072268
7.43	0.011083
7.435	0.015025
7.44	0.019558
7.445	0.024688
7.45	0.030128
7.455	0.035617
7.46	0.040897
7.465	0.04553
7.47	0.049221
7.475	0.05246
7.48	0.055292
7.485	0.056942
7.49	0.057775
7.495	0.058592
7.5	0.058841
7.505	0.058176
7.51	0.05728
7.515	0.056757
7.52	0.056727
7.525	0.056568
7.53	0.055583
7.535	0.054066
7.54	0.052622
7.545	0.051063
7.55	0.049084
7.555	0.047397
7.56	0.046693
7.565	0.046785
7.57	0.047662
7.575	0.049616
7.58	0.052231
7.585	0.054749
7.59	0.057216
7.595	0.059742
7.6	0.06186
7.605	0.063235
7.61	0.063701
7.615	0.063043
7.62	0.061414
7.625	0.059266
7.63	0.056754
7.635	0.053436
7.64	0.048721
7.645	0.04276
7.65	0.036477
7.655	0.030553
7.66	0.024914
7.665	0.018819
7.67	0.011488
7.675	0.0034176
7.68	-0.004003
7.685	-0.010361
7.69	-0.016314
7.695	-0.021991
7.7	-0.026881
7.705	-0.030696
7.71	-0.033525
7.715	-0.035554
7.72	-0.036322
7.725	-0.035179
7.73	-0.032555
7.735	-0.029234
7.74	-0.025378
7.745	-0.021227
7.75	-0.017012
7.755	-0.012623
7.76	-0.0081453
7.765	-0.0033646
7.77	0.0018305
7.775	0.0064052
7.78	0.0091743
7.785	0.010107
7.79	0.010539
7.795	0.01131
7.8	0.011607
7.805	0.010573
7.81	0.0082857
7.815	0.0054174
7.82	0.0021609
7.825	-0.0012664
7.83	-0.0037134
7.835	-0.0050299
7.84	-0.0063256
7.845	-0.0081129
7.85	-0.010417
7.855	-0.013584
7.86	-0.017447
7.865	-0.020693
7.87	-0.02245
7.875	-0.023013
7.88	-0.022977
7.885	-0.022621
7.89	-0.021542
7.895	-0.019396
7.9	-0.016748
7.905	-0.014419
7.91	-0.012522
7.915	-0.010533
7.92	-0.0081208
7.925	-0.0054894
7.93	-0.0029478
7.935	-0.00078578
7.94	0.00049173
7.945	0.0006575
7.95	0.00032068
7.955	6.0134e-06
7.96	-0.00037368
7.965	-0.00045693
7.97	2.5166e-05
7.975	0.00038436
7.98	0.00041548
7.985	0.00069378
7.99	0.001339
7.995	0.0022055
8	0.0035316
8.005	0.005199
8.01	0.0067715
8.015	0.0085404
8.02	0.01072
8.025	0.012568
8.03	0.013733
8.035	0.014873
8.04	0.016226
8.045	0.017774
8.05	0.019967
8.055	0.022702
8.06	0.025175
8.065	0.02704
8.07	0.029086
8.075	0.031827
8.08	0.034241
8.085	0.035392
8.09	0.035675
8.095	0.036049
8.1	0.036684
8.105	0.03668
8.11	0.035582
8.115	0.033983
8.12	0.032221
8.125	0.030207
8.13	0.028611
8.135	0.027949
8.14	0.027445
8.145	0.026684
8.15	0.026257
8.155	0.026315
8.16	0.026155
8.165	0.025155
8.17	0.02359
8.175	0.022213
8.18	0.021501
8.185	0.021219
8.19	0.02049
8.195	0.01848
8.2	0.015161
8.205	0.011667
8.21	0.0091115
8.215	0.0072771
8.22	0.0050589
8.225	0.0017259
8.23	-0.0025726
8.235	-0.006883
8.24	-0.010435
8.245	-0.014065
8.25	-0.018389
8.255	-0.022583
8.26	-0.02646
8.265	-0.030217
8.27	-0.033141
8.275	-0.034758
8.28	-0.035196
8.285	-0.034159
8.29	-0.031744
8.295	-0.028892
8.3	-0.02594
8.305	-0.022891
8.31	-0.020043
8.315	-0.01689
8.32	-0.0129
8.325	-0.0087754
8.33	-0.0051701
8.335	-0.0018274
8.34	0.0016698
8.345	0.0053633
8.35	0.0090999
8.355	0.012624
8.36	0.015465
8.365	0.017582
8.37	0.019715
8.375	0.022135
8.38	0.023955
8.385	0.024671
8.39	0.024825
8.395	0.024519
8.4	0.023499
8.405	0.022158
8.41	0.020966
8.415	0.020038
8.42	0.01942
8.425	0.018671
8.43	0.016844
8.435	0.013698
8.44	0.009653
8.445	0.004965
8.45	-0.00047831
8.455	-0.006484
8.46	-0.011944
8.465	-0.015989
8.47	-0.018799
8.475	-0.020653
8.48	-0.021407
8.485	-0.020897
8.49	-0.019097
8.495	-0.016516
8.5	-0.014008
8.505	-0.011821
8.51	-0.00989
8.515	-0.008423
8.52	-0.0071914
8.525	-0.0057663
8.53	-0.0045537
8.535	-0.0037552
8.54	-0.0027792
8.545	-0.0013961
8.55	-0.00013564
8.555	0.0003493
8.56	9.2775e-05
8.565	0.00014707
8.57	0.0013937
8.575	0.0028079
8.58	0.0025067
8.585	0.00021332
8.59	-0.0028766
8.595	-0.0058578
8.6	-0.008449
8.605	-0.010719
8.61	-0.013406
8.615	-0.016939
8.62	-0.02041
8.625	-0.02289
8.63	-0.02468
8.635	-0.026545
8.64	-0.028592
8.645	-0.030556
8.65	-0.032423
8.655	-0.034176
8.66	-0.035524
8.665	-0.036719
8.67	-0.03852
8.675	-0.040455
8.68	-0.041827
8.685	-0.043365
8.69	-0.045585
8.695	-0.047835
8.7	-0.049369
8.705	-0.050268
8.71	-0.050936
8.715	-0.051542
8.72	-0.051901
8.725	-0.051613
8.73	-0.050802
8.735	-0.050061
8.74	-0.049836
8.745	-0.049791
8.75	-0.049598
8.755	-0.049771
8.76	-0.050021
8.765	-0.049507
8.77	-0.048759
8.775	-0.048402
8.78	-0.048075
8.785	-0.047727
8.79	-0.047659
8.795	-0.048017
8.8	-0.048723
8.805	-0.049164
8.81	-0.049204
8.815	-0.049534
8.82	-0.049971
8.825	-0.04966
8.83	-0.048935
8.835	-0.048547
8.84	-0.048312
8.845	-0.047678
8.85	-0.04627
8.855	-0.04445
8.86	-0.042667
8.865	-0.040639
8.87	-0.038323
8.875	-0.035573
8.88	-0.032056
8.885	-0.028177
8.89	-0.024553
8.895	-0.020912
8.9	-0.016712
8.905	-0.012542
8.91	-0.0089535
8.915	-0.0057242
8.92	-0.0025691
8.925	0.00079006
8.93	0.00406
8.935	0.0065602
8.94	0.0080614
8.945	0.0089599
8.95	0.009994
8.955	0.011349
8.96	0.012454
8.965	0.012969
8.97	0.012949
8.975	0.012871
8.98	0.013564
8.985	0.014807
8.99	0.015629
8.995	0.015656
9	0.015325
9.005	0.015157
9.01	0.01498
9.015	0.015066
9.02	0.016016
9.025	0.017257
9.03	0.018262
9.035	0.01949
9.04	0.020984
9.045	0.0226
9.05	0.024632
9.055	0.026562
9.06	0.027797
9.065	0.029141
9.07	0.031305
9.075	0.03395
9.08	0.036531
9.085	0.03861
9.09	0.040197
9.095	0.04178
9.1	0.043603
9.105	0.045766
9.11	0.048506
9.115	0.051932
9.12	0.055734
9.125	0.059299
9.13	0.062206
9.135	0.064906
9.14	0.068285
9.145	0.071935
9.15	0.074575
9.155	0.075897
9.16	0.076699
9.165	0.077819
9.17	0.079164
9.175	0.079935
9.18	0.079914
9.185	0.079366
9.19	0.077787
9.195	0.074641
9.2	0.070596
9.205	0.066681
9.21	0.063064
9.215	0.05924
9.22	0.055001
9.225	0.050612
9.23	0.046437
9.235	0.042826
9.24	0.040086
9.245	0.038344
9.25	0.037489
9.255	0.037336
9.26	0.037401
9.265	0.037539
9.27	0.038137
9.275	0.038504
9.28	0.037548
9.285	0.035412
9.29	0.032848
9.295	0.030464
9.3	0.028737
9.305	0.02763
9.31	0.026322
9.315	0.024462
9.32	0.022665
9.325	0.021072
9.33	0.019451
9.335	0.017944
9.34	0.016173
9.345	0.013578
9.35	0.010441
9.355	0.0073158
9.36	0.0040667
9.365	-2.1973e-05
9.37	-0.0046832
9.375	-0.0088027
9.38	-0.01239
9.385	-0.015983
9.39	-0.01944
9.395	-0.02274
9.4	-0.025647
9.405	-0.02743
9.41	-0.028501
9.415	-0.030189
9.42	-0.032383
9.425	-0.033955
9.43	-0.035336
9.435	-0.037099
9.44	-0.03861
9.445	-0.039683
9.45	-0.040709
9.455	-0.042155
9.46	-0.043678
9.465	-0.044242
9.47	-0.04388
9.475	-0.043511
9.48	-0.043767
9.485	-0.044631
9.49	-0.04534
9.495	-0.045654
9.5	-0.046387
9.505	-0.047563
9.51	-0.048589
9.515	-0.049592
9.52	-0.050663
9.525	-0.051098
9.53	-0.050489
9.535	-0.049342
9.54	-0.047773
9.545	-0.045876
9.55	-0.044647
9.555	-0.044274
9.56	-0.043534
9.565	-0.041826
9.57	-0.040048
9.575	-0.038626
9.58	-0.036766
9.585	-0.03413
9.59	-0.030913
9.595	-0.027443
9.6	-0.024172
9.605	-0.020892
9.61	-0.017509
9.615	-0.014705
9.62	-0.012519
9.625	-0.010325
9.63	-0.0079808
9.635	-0.0056066
9.64	-0.0033446
9.645	-0.001695
9.65	-0.00070602
9.655	0.00026569
9.66	0.001549
9.665	0.0028811
9.67	0.0038747
9.675	0.0046838
9.68	0.0053791
9.685	0.0056182
9.69	0.0054151
9.695	0.0049658
9.7	0.0046719
9.705	0.0047683
9.71	0.0047185
9.715	0.004351
9.72	0.0039087
9.725	0.0033899
9.73	0.0027497
9.735	0.001814
9.74	0.00081994
9.745	0.00018477
9.75	-0.00048464
9.755	-0.0016591
9.76	-0.0030447
9.765	-0.003993
9.77	-0.0046014
9.775	-0.0055354
9.78	-0.0068687
9.785	-0.0087237
9.79	-0.010787
9.795	-0.012186
9.8	-0.013055
9.805	-0.013806
9.81	-0.014681
9.815	-0.015698
9.82	-0.016258
9.825	-0.016162
9.83	-0.015717
9.835	-0.015267
9.84	-0.015571
9.845	-0.016972
9.85	-0.018478
9.855	-0.01914
9.86	-0.019496
9.865	-0.020146
9.87	-0.020233
9.875	-0.018904
9.88	-0.016526
9.885	-0.013755
9.89	-0.010878
9.895	-0.0081006
9.9	-0.0054653
9.905	-0.0028803
9.91	-0.00041527
9.915	0.0019485
9.92	0.0043648
9.925	0.0068456
9.93	0.0092711
9.935	0.011745
9.94	0.014625
9.945	0.01776
9.95	0.02031
9.955	0.021335
9.96	0.020473
9.965	0.018407
9.97	0.016152
9.975	0.014009
9.98	0.011441
9.985	0.0081354
9.99	0.0051151
9.995	0.0036859
10	0.0039392
10.005	0.0048946
10.01	0.0056558
10.015	0.0062667
10.02	0.0067784
10.025	0.0069384
10.03	0.007139
10.035	0.0074275
10.04	0.0069698
10.045	0.005829
10.05	0.0046621
10.055	0.0035878
10.06	0.002776
10.065	0.0023493
10.07	0.0021995
10.075	0.0019542
10.08	0.001322
10.085	0.00049206
10.09	-0.00047423
10.095	-0.0013724
10.1	-0.0019056
10.105	-0.00208
10.11	-0.0017635
10.115	-0.0012807
10.12	-0.001022
10.125	-0.00043086
10.13	0.00085335
10.135	0.0023406
10.14	0.003359
10.145	0.0037802
10.15	0.0041102
10.155	0.0044864
10.16	0.0043968
10.165	0.0037103
10.17	0.0031475
10.175	0.0032184
10.18	0.0035582
10.185	0.0034825
10.19	0.002572
10.195	0.0012862
10.2	0.00065168
10.205	0.00090824
10.21	0.001154
10.215	0.00061186
10.22	-0.0002389
10.225	-0.00052764
10.23	-9.0125e-05
10.235	0.00072582
10.24	0.0012747
10.245	0.0013623
10.25	0.0015618
10.255	0.0021782
10.26	0.0029874
10.265	0.0035448
10.27	0.0035772
10.275	0.0033435
10.28	0.0032151
10.285	0.0033837
10.29	0.0041119
10.295	0.0052768
10.3	0.006284
10.305	0.0071529
10.31	0.0081019
10.315	0.0090135
10.32	0.0099309
10.325	0.010549
10.33	0.010801
10.335	0.011592
10.34	0.01286
10.345	0.013381
10.35	0.013047
10.355	0.012628
10.36	0.012113
10.365	0.011212
10.37	0.010345
10.375	0.0097352
10.38	0.0087944
10.385	0.007217
10.39	0.0057453
10.395	0.005003
10.4	0.0043705
10.405	0.0031838
10.41	0.0017888
10.415	0.00087415
10.42	0.00046069
10.425	2.2098e-05
10.43	-0.00061384
10.435	-0.00086134
10.44	-1.0975e-05
10.445	0.0015502
10.45	0.002983
10.455	0.0043719
10.46	0.0059751
10.465	0.007521
10.47	0.0090723
10.475	0.010795
10.48	0.012335
10.485	0.013775
10.49	0.015656
10.495	0.01757
10.5	0.018837
10.505	0.01969
10.51	0.020487
10.515	0.021462
10.52	0.022497
10.525	0.023252
10.53	0.024029
10.535	0.025206
10.54	0.026589
10.545	0.027572
10.55	0.027735
10.555	0.027745
10.56	0.02889
10.565	0.031104
10.57	0.032777
10.575	0.033454
10.58	0.034076
10.585	0.034715
10.59	0.03545
10.595	0.036891
10.6	0.038602
10.605	0.039875
10.61	0.040862
10.615	0.041733
10.62	0.04213
10.625	0.042014
10.63	0.041909
10.635	0.04161
10.64	0.040559
10.645	0.039114
10.65	0.037395
10.655	0.035087
10.66	0.032508
10.665	0.03011
10.67	0.027871
10.675	0.025566
10.68	0.023143
10.685	0.020469
10.69	0.017203
10.695	0.013201
10.7	0.0090378
10.705	0.0053745
10.71	0.0020309
10.715	-0.0009479
10.72	-0.0037757
10.725	-0.0072749
10.73	-0.010832
10.735	-0.013406
10.74	-0.015619
10.745	-0.018448
10.75	-0.021664
10.755	-0.024495
10.76	-0.026351
10.765	-0.027301
10.77	-0.028157
10.775	-0.02928
10.78	-0.029901
10.785	-0.029417
10.79	-0.02845
10.795	-0.027602
10.8	-0.026681
10.805	-0.025341
10.81	-0.023698
10.815	-0.022282
10.82	-0.021213
10.825	-0.020181
10.83	-0.018793
10.835	-0.01723
10.84	-0.016444
10.845	-0.016652
10.85	-0.017016
10.855	-0.017144
10.86	-0.017426
10.865	-0.01783
10.87	-0.018102
10.875	-0.018505
10.88	-0.018992
10.885	-0.019122
10.89	-0.019115
10.895	-0.019535
10.9	-0.020308
10.905	-0.021206
10.91	-0.022147
10.915	-0.022678
10.92	-0.022598
10.925	-0.022192
10.93	-0.021476
10.935	-0.020191
10.94	-0.018185
10.945	-0.015669
10.95	-0.013343
10.955	-0.011862
10.96	-0.011026
10.965	-0.010075
10.97	-0.008856
10.975	-0.0079167
10.98	-0.0072702
10.985	-0.0063111
10.99	-0.0049357
10.995	-0.0035562
11	-0.0023716
11.005	-0.001379
11.01	-0.00065979
11.015	-0.00024566
11.02	-0.00025878
11.025	-0.00079784
11.03	-0.0015585
11.035	-0.0020597
11.04	-0.0021757
11.045	-0.0024173
11.05	-0.0029677
11.055	-0.0032969
11.06	-0.0032559
11.065	-0.0030437
11.07	-0.0024423
11.075	-0.0013746
11.08	-0.00059495
11.085	-0.00049679
11.09	-0.00048117
11.095	-0.00045691
11.1	-0.00065028
11.105	-0.00033018
11.11	0.00086294
11.115	0.0018574
11.12	0.0019559
11.125	0.0020891
11.13	0.0030431
11.135	0.0041387
11.14	0.0048942
11.145	0.0056195
11.15	0.0059322
11.155	0.005393
11.16	0.0043945
11.165	0.002911
11.17	0.00072351
11.175	-0.0013995
11.18	-0.0027489
11.185	-0.0039354
11.19	-0.0056027
11.195	-0.0072926
11.2	-0.0085503
11.205	-0.0095818
11.21	-0.010712
11.215	-0.011994
11.22	-0.01325
11.225	-0.014491
11.23	-0.015983
11.235	-0.017516
11.24	-0.018728
11.245	-0.019684
11.25	-0.020503
11.255	-0.021389
11.26	-0.022271
11.265	-0.022917
11.27	-0.023433
11.275	-0.024025
11.28	-0.024554
11.285	-0.024399
11.29	-0.023521
11.295	-0.022652
11.3	-0.022111
11.305	-0.021407
11.31	-0.020008
11.315	-0.018321
11.32	-0.017019
11.325	-0.015999
11.33	-0.014631
11.335	-0.01275
11.34	-0.01101
11.345	-0.0095238
11.35	-0.0075744
11.355	-0.0050404
11.36	-0.0027371
11.365	-0.0013285
11.37	-0.00048682
11.375	0.00050075
11.38	0.0018221
11.385	0.0032657
11.39	0.0048664
11.395	0.0067106
11.4	0.0083022
11.405	0.0091002
11.41	0.0093942
11.415	0.0098546
11.42	0.010632
11.425	0.011419
11.43	0.011755
11.435	0.011306
11.44	0.010135
11.445	0.0086808
11.45	0.0074533
11.455	0.0067804
11.46	0.0064505
11.465	0.0057243
11.47	0.004861
11.475	0.0051454
11.48	0.0064517
11.485	0.00745
11.49	0.0080285
11.495	0.0087139
11.5	0.0091748
11.505	0.0091202
11.51	0.0091626
11.515	0.0095706
11.52	0.0098512
11.525	0.010085
11.53	0.010178
11.535	0.0096283
11.54	0.0087415
11.545	0.0078368
11.55	0.0069963
11.555	0.0063925
11.56	0.0061347
11.565	0.0064544
11.57	0.0070068
11.575	0.0071223
11.58	0.00663
11.585	0.0055352
11.59	0.0043474
11.595	0.0037244
11.6	0.0032278
11.605	0.0023848
11.61	0.0015659
11.615	0.00075422
11.62	-0.00015488
11.625	-0.00060596
11.63	-0.0008339
11.635	-0.0017764
11.64	-0.0031173
11.645	-0.003946
11.65	-0.0042769
11.655	-0.0046347
11.66	-0.0052513
11.665	-0.0062145
11.67	-0.0071936
11.675	-0.0070918
11.68	-0.005785
11.685	-0.0047725
11.69	-0.0049466
11.695	-0.0052576
11.7	-0.0042291
11.705	-0.0019569
11.71	0.00055484
11.715	0.0026832
11.72	0.0042774
11.725	0.0059118
11.73	0.0082259
11.735	0.010793
11.74	0.012654
11.745	0.013668
11.75	0.014556
11.755	0.015628
11.76	0.016342
11.765	0.016391
11.77	0.016039
11.775	0.015348
11.78	0.014073
11.785	0.012036
11.79	0.0098576
11.795	0.008335
11.8	0.0067105
11.805	0.0039113
11.81	0.00039792
11.815	-0.0026674
11.82	-0.0049058
11.825	-0.0069167
11.83	-0.0092514
11.835	-0.011864
11.84	-0.014119
11.845	-0.015303
11.85	-0.015483
11.855	-0.015159
11.86	-0.01449
11.865	-0.013101
11.87	-0.010784
11.875	-0.0081267
11.88	-0.0055655
11.885	-0.0028543
11.89	0.0001426
11.895	0.0032082
11.9	0.0061791
11.905	0.0093171
11.91	0.012754
11.915	0.015864
11.92	0.018237
11.925	0.020326
11.93	0.022653
11.935	0.025248
11.94	0.027491
11.945	0.028816
11.95	0.029682
11.955	0.030629
11.96	0.031313
11.965	0.031196
11.97	0.030634
11.975	0.030119
11.98	0.028925
11.985	0.026894
11.99	0.025068
11.995	0.023074
12	0.019955
12.005	0.016555
12.01	0.013996
12.015	0.012196
12.02	0.010601
12.025	0.0088133
12.03	0.0068771
12.035	0.0051813
12.04	0.0041437
12.045	0.0035589
12.05	0.0026226
12.055	0.0012633
12.06	0.00047479
12.065	0.00095144
12.07	0.0019404
12.075	0.0022424
12.08	0.001845
12.085	0.0015173
12.09	0.0014279
12.095	0.0012294
12.1	0.0010881
12.105	0.00092864
12.11	0.00025407
12.115	-0.00023494
12.12	0.00017916
12.125	0.00072177
12.13	0.00085984
12.135	0.00096278
12.14	0.0011143
12.145	0.0012921
12.15	0.0017696
12.155	0.0023476
12.16	0.0024973
12.165	0.0024598
12.17	0.002874
12.175	0.0037317
12.18	0.0044029
12.185	0.0042753
12.19	0.003243
12.195	0.0019659
12.2	0.0012344
12.205	0.00096313
12.21	0.00061092
12.215	-0.00022408
12.22	-0.0013865
12.225	-0.0022724
12.23	-0.0030127
12.235	-0.0036531
12.24	-0.0034962
12.245	-0.0028443
12.25	-0.0024329
12.255	-0.0018544
12.26	-0.00089389
12.265	0.00011909
12.27	0.0012095
12.275	0.002183
12.28	0.0030347
12.285	0.0041605
12.29	0.0053006
12.295	0.0060229
12.3	0.0064773
12.305	0.0067389
12.31	0.0067434
12.315	0.0066935
12.32	0.0067235
12.325	0.0064999
12.33	0.0055634
12.335	0.0041124
12.34	0.0027632
12.345	0.001729
12.35	0.00071375
12.355	-0.00077825
12.36	-0.0027287
12.365	-0.0044461
12.37	-0.0057872
12.375	-0.0071057
12.38	-0.0085546
12.385	-0.010225
12.39	-0.011706
12.395	-0.012458
12.4	-0.012753
12.405	-0.013192
12.41	-0.013951
12.415	-0.01465
12.42	-0.01444
12.425	-0.013231
12.43	-0.012406
12.435	-0.012589
12.44	-0.01269
12.445	-0.012113
12.45	-0.01155
12.455	-0.011527
12.46	-0.011888
12.465	-0.012336
12.47	-0.012488
12.475	-0.01239
12.48	-0.012825
12.485	-0.013909
12.49	-0.014379
12.495	-0.013837
12.5	-0.013688
12.505	-0.014435
12.51	-0.015007
12.515	-0.01502
12.52	-0.015204
12.525	-0.015731
12.53	-0.016094
12.535	-0.016576
12.54	-0.017396
12.545	-0.017979
12.55	-0.01871
12.555	-0.020215
12.56	-0.021693
12.565	-0.022148
12.57	-0.021965
12.575	-0.022226
12.58	-0.023116
12.585	-0.024053
12.59	-0.024531
12.595	-0.024281
12.6	-0.023502
12.605	-0.022746
12.61	-0.022072
12.615	-0.021066
12.62	-0.019676
12.625	-0.018254
12.63	-0.017283
12.635	-0.017103
12.64	-0.016931
12.645	-0.015543
12.65	-0.013676
12.655	-0.012788
12.66	-0.012225
12.665	-0.010894
12.67	-0.0091113
12.675	-0.0071046
12.68	-0.00501
12.685	-0.0034601
12.69	-0.0024872
12.695	-0.0015708
12.7	-0.000636
12.705	0.00034496
12.71	0.0016637
12.715	0.0032202
12.72	0.0045214
12.725	0.005211
12.73	0.0055587
12.735	0.0060201
12.74	0.0063038
12.745	0.0059974
12.75	0.0055181
12.755	0.0051542
12.76	0.0046509
12.765	0.0038273
12.77	0.0027565
12.775	0.0020426
12.78	0.0021031
12.785	0.0024423
12.79	0.0024524
12.795	0.0022783
12.8	0.0026689
12.805	0.0038057
12.81	0.005117
12.815	0.0063203
12.82	0.0071002
12.825	0.0070933
12.83	0.0069282
12.835	0.0072596
12.84	0.0075023
12.845	0.0072161
12.85	0.006702
12.855	0.0058577
12.86	0.0048058
12.865	0.004102
12.87	0.0034747
12.875	0.0023954
12.88	0.0010267
12.885	-0.00050787
12.89	-0.0023036
12.895	-0.0039763
12.9	-0.0051763
12.905	-0.00593
12.91	-0.0061854
12.915	-0.0060848
12.92	-0.0057027
12.925	-0.0045649
12.93	-0.0026128
12.935	-0.00027145
12.94	0.002408
12.945	0.0052593
12.95	0.0078835
12.955	0.010199
12.96	0.012434
12.965	0.014845
12.97	0.017264
12.975	0.018972
12.98	0.019971
12.985	0.021194
12.99	0.022829
12.995	0.02429
13	0.025002
13.005	0.025007
13.01	0.02518
13.015	0.025822
13.02	0.026277
13.025	0.026145
13.03	0.025385
13.035	0.024274
13.04	0.023283
13.045	0.021952
13.05	0.019768
13.055	0.017667
13.06	0.016308
13.065	0.014979
13.07	0.013355
13.075	0.011707
13.08	0.009961
13.085	0.0082166
13.09	0.0065694
13.095	0.0047983
13.1	0.0029057
13.105	0.0012888
13.11	0.00038648
13.115	-0.00022158
13.12	-0.0013126
13.125	-0.0028248
13.13	-0.0040153
13.135	-0.0045278
13.14	-0.0048395
13.145	-0.0051705
13.15	-0.0050408
13.155	-0.0043034
13.16	-0.0034252
13.165	-0.0025849
13.17	-0.0018203
13.175	-0.0012555
13.18	-0.00075087
13.185	-0.00011334
13.19	0.00087481
13.195	0.0022072
13.2	0.0035302
13.205	0.004367
13.21	0.0044991
13.215	0.0048757
13.22	0.0067308
13.225	0.0094038
13.23	0.011277
13.235	0.01241
13.24	0.01407
13.245	0.016333
13.25	0.01815
13.255	0.01929
13.26	0.020319
13.265	0.021203
13.27	0.021479
13.275	0.021303
13.28	0.021239
13.285	0.021274
13.29	0.020651
13.295	0.019306
13.3	0.01814
13.305	0.017306
13.31	0.016339
13.315	0.015058
13.32	0.013353
13.325	0.011469
13.33	0.0099307
13.335	0.0085258
13.34	0.0068835
13.345	0.0053133
13.35	0.0036876
13.355	0.0012968
13.36	-0.0014614
13.365	-0.0030928
13.37	-0.003447
13.375	-0.0038807
13.38	-0.0046948
13.385	-0.0052207
13.39	-0.0057099
13.395	-0.0066955
13.4	-0.0074597
13.405	-0.007191
13.41	-0.0065908
13.415	-0.0063876
13.42	-0.0062857
13.425	-0.006297
13.43	-0.0067939
13.435	-0.007605
13.44	-0.0083257
13.445	-0.0087232
13.45	-0.0087103
13.455	-0.0085256
13.46	-0.0084931
13.465	-0.008629
13.47	-0.0085874
13.475	-0.0080817
13.48	-0.0071532
13.485	-0.0057476
13.49	-0.0040909
13.495	-0.0025883
13.5	-0.00086751
13.505	0.0011309
13.51	0.0026174
13.515	0.0039169
13.52	0.0057375
13.525	0.0072776
13.53	0.0082373
13.535	0.0092818
13.54	0.0098671
13.545	0.0095232
13.55	0.0086912
13.555	0.0073065
13.56	0.0058102
13.565	0.0053479
13.57	0.0058418
13.575	0.0060292
13.58	0.0052998
13.585	0.0040016
13.59	0.0025847
13.595	0.0015981
13.6	0.0012156
13.605	0.00091464
13.61	0.00029312
13.615	-0.00027365
13.62	-0.00057114
13.625	-0.0010127
13.63	-0.0014711
13.635	-0.0015394
13.64	-0.0013485
13.645	-0.001207
13.65	-0.001464
13.655	-0.0022136
13.66	-0.0030208
13.665	-0.0038305
13.67	-0.0049623
13.675	-0.0058361
13.68	-0.0055807
13.685	-0.0047798
13.69	-0.0045652
13.695	-0.0049449
13.7	-0.0050647
13.705	-0.0042159
13.71	-0.0024142
13.715	-0.00054116
13.72	0.00064061
13.725	0.0016773
13.73	0.0030997
13.735	0.0045484
13.74	0.0057959
13.745	0.0067526
13.75	0.0071368
13.755	0.0067798
13.76	0.0055001
13.765	0.003742
13.77	0.0026987
13.775	0.002083
13.78	0.00065479
13.785	-0.001279
13.79	-0.003005
13.795	-0.004444
13.8	-0.0053436
13.805	-0.0059626
13.81	-0.0070106
13.815	-0.008493
13.82	-0.0097036
13.825	-0.01002
13.83	-0.009691
13.835	-0.0094555
13.84	-0.0095799
13.845	-0.0098269
13.85	-0.0099544
13.855	-0.0099144
13.86	-0.010028
13.865	-0.010824
13.87	-0.011792
13.875	-0.011962
13.88	-0.011798
13.885	-0.011971
13.89	-0.012191
13.895	-0.012369
13.9	-0.01303
13.905	-0.014175
13.91	-0.015082
13.915	-0.015523
13.92	-0.015701
13.925	-0.01587
13.93	-0.016399
13.935	-0.016854
13.94	-0.016625
13.945	-0.016406
13.95	-0.016788
13.955	-0.017202
13.96	-0.017258
13.965	-0.016814
13.97	-0.015473
13.975	-0.013612
13.98	-0.012005
13.985	-0.010556
13.99	-0.0089013
13.995	-0.0070768
14	-0.0052664
14.005	-0.003322
14.01	-0.00096128
14.015	0.0016561
14.02	0.0040095
14.025	0.0056481
14.03	0.0065048
14.035	0.006732
14.04	0.0068018
14.045	0.0075528
14.05	0.0085881
14.055	0.0083207
14.06	0.0069788
14.065	0.0063326
14.07	0.0067558
14.075	0.0071283
14.08	0.0064774
14.085	0.004722
14.09	0.0026772
14.095	0.0016537
14.1	0.0016426
14.105	0.0011327
14.11	-1.1389e-05
14.115	-0.00074885
14.12	-0.00093639
14.125	-0.00069208
14.13	-0.00019248
14.135	1.2337e-05
14.14	-0.00017976
14.145	-0.00038415
14.15	-0.00036727
14.155	-0.00019043
14.16	-0.00020992
14.165	-0.00094322
14.17	-0.002214
14.175	-0.0027908
14.18	-0.0021839
14.185	-0.0016791
14.19	-0.0020942
14.195	-0.0026712
14.2	-0.0027442
14.205	-0.0025056
14.21	-0.0021999
14.215	-0.0015535
14.22	-0.00015756
14.225	0.0016688
14.23	0.0029292
14.235	0.003504
14.24	0.0042988
14.245	0.0056692
14.25	0.0070182
14.255	0.0075832
14.26	0.0075619
14.265	0.0077052
14.27	0.0078329
14.275	0.0076105
14.28	0.0074589
14.285	0.0074849
14.29	0.0071777
14.295	0.0065805
14.3	0.0062056
14.305	0.0059125
14.31	0.0054005
14.315	0.0046612
14.32	0.0035821
14.325	0.00224
14.33	0.0011155
14.335	0.00042831
14.34	-0.00036396
14.345	-0.0014778
14.35	-0.0025054
14.355	-0.0033418
14.36	-0.0041078
14.365	-0.0050881
14.37	-0.0063756
14.375	-0.0077237
14.38	-0.0086985
14.385	-0.0089266
14.39	-0.0091587
14.395	-0.010043
14.4	-0.010703
14.405	-0.010614
14.41	-0.010058
14.415	-0.0091283
14.42	-0.0082488
14.425	-0.0076148
14.43	-0.0068153
14.435	-0.0060729
14.44	-0.0059506
14.445	-0.0061182
14.45	-0.005625
14.455	-0.0043496
14.46	-0.0032636
14.465	-0.0026861
14.47	-0.0019923
14.475	-0.0012622
14.48	-0.001072
14.485	-0.0012825
14.49	-0.0013772
14.495	-0.0013414
14.5	-0.0017774
14.505	-0.0028553
14.51	-0.003955
14.515	-0.0049271
14.52	-0.0059009
14.525	-0.006728
14.53	-0.0076529
14.535	-0.0089324
14.54	-0.010178
14.545	-0.010997
14.55	-0.01195
14.555	-0.013491
14.56	-0.014513
14.565	-0.01403
14.57	-0.012693
14.575	-0.011409
14.58	-0.010529
14.585	-0.0099783
14.59	-0.0091657
14.595	-0.0078391
14.6	-0.0063945
14.605	-0.0051376
14.61	-0.0040208
14.615	-0.0028724
14.62	-0.0017995
14.625	-0.00097147
14.63	-2.2247e-05
14.635	0.001013
14.64	0.0014874
14.645	0.0018253
14.65	0.002801
14.655	0.0038135
14.66	0.0040022
14.665	0.0036448
14.67	0.0034444
14.675	0.0035705
14.68	0.0038053
14.685	0.0036817
14.69	0.0026615
14.695	0.0013508
14.7	0.00074118
14.705	0.00021017
14.71	-0.0007447
14.715	-0.0012488
14.72	-0.0010393
14.725	-0.00077977
14.73	-0.00082723
14.735	-0.0010081
14.74	-0.0010763
14.745	-0.0010464
14.75	-0.00091619
14.755	-0.00030635
14.76	0.00082483
14.765	0.0017573
14.77	0.0023429
14.775	0.0031438
14.78	0.0039345
14.785	0.0041055
14.79	0.0038605
14.795	0.0037535
14.8	0.0037152
14.805	0.0033196
14.81	0.0028045
14.815	0.0027029
14.82	0.0029097
14.825	0.0030255
14.83	0.0029657
14.835	0.0028676
14.84	0.0030016
14.845	0.0035945
14.85	0.0042505
14.855	0.004406
14.86	0.0041892
14.865	0.0040415
14.87	0.0041
14.875	0.0042212
14.88	0.0042623
14.885	0.0042235
14.89	0.0043771
14.895	0.0049844
14.9	0.0056453
14.905	0.005797
14.91	0.0053949
14.915	0.00468
14.92	0.004159
14.925	0.0041956
14.93	0.0044887
14.935	0.0046123
14.94	0.0043605
14.945	0.0035207
14.95	0.0023483
14.955	0.0017062
14.96	0.0018944
14.965	0.0022948
14.97	0.002171
14.975	0.0013711
14.98	0.00061714
14.985	0.00056549
14.99	0.00090641
14.995	0.0010567
15	0.0011562
15.005	0.0016123
15.01	0.0023098
15.015	0.0031958
15.02	0.0041409
15.025	0.0050127
15.03	0.0061041
15.035	0.0074069
15.04	0.0086561
15.045	0.009816
15.05	0.010769
15.055	0.011149
15.06	0.011232
15.065	0.011441
15.07	0.011833
15.075	0.012499
15.08	0.012794
15.085	0.012156
15.09	0.011422
15.095	0.010952
15.1	0.0095892
15.105	0.0074295
15.11	0.0058523
15.115	0.0045352
15.12	0.002844
15.125	0.0015741
15.13	0.00084451
15.135	9.6179e-05
15.14	-0.00041871
15.145	-0.00042736
15.15	-0.00027859
15.155	-0.00029065
15.16	-0.00019526
15.165	0.00015774
15.17	0.00067753
15.175	0.0018223
15.18	0.0034839
15.185	0.0046093
15.19	0.0046526
15.195	0.0038698
15.2	0.0027209
15.205	0.0018281
15.21	0.0014223
15.215	0.00085554
15.22	-7.2335e-05
15.225	-0.00091157
15.23	-0.0017429
15.235	-0.0025685
15.24	-0.0029238
15.245	-0.0030749
15.25	-0.0035894
15.255	-0.0041116
15.26	-0.0041688
15.265	-0.0039947
15.27	-0.0039172
15.275	-0.0036658
15.28	-0.0027133
15.285	-0.0012877
15.29	-0.00023872
15.295	0.00043831
15.3	0.0013941
15.305	0.0025243
15.31	0.003607
15.315	0.0048065
15.32	0.006023
15.325	0.0068962
15.33	0.0073082
15.335	0.0073414
15.34	0.0072826
15.345	0.0075923
15.35	0.0079674
15.355	0.0076589
15.36	0.006849
15.365	0.0064322
15.37	0.0066354
15.375	0.006944
15.38	0.0069379
15.385	0.0063184
15.39	0.0051025
15.395	0.0041017
15.4	0.0040196
15.405	0.0044525
15.41	0.0046549
15.415	0.0044929
15.42	0.004272
15.425	0.0042114
15.43	0.0041673
15.435	0.0036302
15.44	0.0024787
15.445	0.0015805
15.45	0.0014953
15.455	0.0013391
15.46	0.00033075
15.465	-0.00075373
15.47	-0.00093384
15.475	-0.00063729
15.48	-0.00090524
15.485	-0.0018151
15.49	-0.0027339
15.495	-0.0032406
15.5	-0.003241
15.505	-0.0030202
15.51	-0.002932
15.515	-0.0031169
15.52	-0.003807
15.525	-0.0049545
15.53	-0.0057444
15.535	-0.0057723
15.54	-0.0059725
15.545	-0.0070055
15.55	-0.0081309
15.555	-0.0088644
15.56	-0.0096319
15.565	-0.010331
15.57	-0.010473
15.575	-0.010245
15.58	-0.010124
15.585	-0.010392
15.59	-0.011103
15.595	-0.011761
15.6	-0.011845
15.605	-0.011402
15.61	-0.010683
15.615	-0.010153
15.62	-0.010161
15.625	-0.010617
15.63	-0.011305
15.635	-0.011775
15.64	-0.011896
15.645	-0.012209
15.65	-0.012716
15.655	-0.012894
15.66	-0.012761
15.665	-0.012679
15.67	-0.012749
15.675	-0.012876
15.68	-0.012586
15.685	-0.011404
15.69	-0.010139
15.695	-0.0099339
15.7	-0.010308
15.705	-0.0098955
15.71	-0.0086047
15.715	-0.0073315
15.72	-0.0062877
15.725	-0.0052294
15.73	-0.0040991
15.735	-0.0028971
15.74	-0.0016016
15.745	-0.00067355
15.75	-0.0002641
15.755	0.00049946
15.76	0.0015641
15.765	0.0019293
15.77	0.0018076
15.775	0.0019623
15.78	0.0020544
15.785	0.0019158
15.79	0.0022742
15.795	0.0028095
15.8	0.0024636
15.805	0.0015942
15.81	0.001276
15.815	0.0015657
15.82	0.0018458
15.825	0.0018267
15.83	0.0016657
15.835	0.0015807
15.84	0.0015986
15.845	0.001607
15.85	0.0020162
15.855	0.0032702
15.86	0.0043948
15.865	0.0048378
15.87	0.0055182
15.875	0.0068098
15.88	0.008267
15.885	0.0095139
15.89	0.010586
15.895	0.011723
15.9	0.012993
15.905	0.014034
15.91	0.014826
15.915	0.015639
15.92	0.016134
15.925	0.0161
15.93	0.015903
15.935	0.015874
15.94	0.015998
15.945	0.016099
15.95	0.016099
15.955	0.016048
15.96	0.016026
15.965	0.016056
15.97	0.015876
15.975	0.015031
15.98	0.013859
15.985	0.01336
15.99	0.013433
15.995	0.012895
16	0.011668
16.005	0.010948
16.01	0.010924
16.015	0.010475
16.02	0.0093566
16.025	0.0083887
16.03	0.0076525
16.035	0.0066621
16.04	0.0053944
16.045	0.0038713
16.05	0.0020533
16.055	0.00039895
16.06	-0.00075695
16.065	-0.0017491
16.07	-0.0027118
16.075	-0.0031893
16.08	-0.0030681
16.085	-0.0030869
16.09	-0.0039925
16.095	-0.0050953
16.1	-0.0052972
16.105	-0.0051315
16.11	-0.0053217
16.115	-0.0055765
16.12	-0.0056311
16.125	-0.0055851
16.13	-0.0055702
16.135	-0.0056039
16.14	-0.0056379
16.145	-0.0056417
16.15	-0.0056259
16.155	-0.0055981
16.16	-0.005562
16.165	-0.0060321
16.17	-0.0071331
16.175	-0.0073372
16.18	-0.0060515
16.185	-0.0051973
16.19	-0.0059977
16.195	-0.0071835
16.2	-0.0071423
16.205	-0.005985
16.21	-0.0051313
16.215	-0.0048112
16.22	-0.0040509
16.225	-0.002745
16.23	-0.0013793
16.235	-0.00018912
16.24	0.00088257
16.245	0.0017701
16.25	0.0026431
16.255	0.0039122
16.26	0.0053518
16.265	0.0062962
16.27	0.0064112
16.275	0.0061134
16.28	0.0060418
16.285	0.0062391
16.29	0.0061333
16.295	0.0054742
16.3	0.0046551
16.305	0.0040433
16.31	0.0038626
16.315	0.0040093
16.32	0.0037855
16.325	0.0027126
16.33	0.0013911
16.335	0.0003556
16.34	-0.00054716
16.345	-0.0011091
16.35	-0.0016463
16.355	-0.0027853
16.36	-0.0037101
16.365	-0.0036705
16.37	-0.0035127
16.375	-0.0040603
16.38	-0.0049773
16.385	-0.0056766
16.39	-0.0061581
16.395	-0.0068978
16.4	-0.0078037
16.405	-0.0081623
16.41	-0.0079173
16.415	-0.007659
16.42	-0.007701
16.425	-0.0079139
16.43	-0.008043
16.435	-0.0078134
16.44	-0.0072537
16.445	-0.0066961
16.45	-0.0062857
16.455	-0.0061326
16.46	-0.0062043
16.465	-0.0059255
16.47	-0.0048399
16.475	-0.0035797
16.48	-0.0031408
16.485	-0.0034328
16.49	-0.0036467
16.495	-0.0034383
16.5	-0.0030687
16.505	-0.002856
16.51	-0.0028457
16.515	-0.0028855
16.52	-0.0029087
16.525	-0.0031993
16.53	-0.0038628
16.535	-0.0044078
16.54	-0.0048046
16.545	-0.0054734
16.55	-0.0061403
16.555	-0.0064071
16.56	-0.0063227
16.565	-0.0055774
16.57	-0.0041689
16.575	-0.0031978
16.58	-0.0027436
16.585	-0.0019292
16.59	-0.0011558
16.595	-0.00076871
16.6	-1.6197e-05
16.605	0.0011107
16.61	0.00167
16.615	0.0015168
16.62	0.0015398
16.625	0.0021756
16.63	0.0030192
16.635	0.003621
16.64	0.0036819
16.645	0.0031582
16.65	0.0027227
16.655	0.0030591
16.66	0.0034975
16.665	0.0034201
16.67	0.0034763
16.675	0.0038611
16.68	0.0040731
16.685	0.004004
16.69	0.0039035
16.695	0.0038064
16.7	0.0031752
16.705	0.0020924
16.71	0.0014906
16.715	0.0014403
16.72	0.0016739
16.725	0.0019443
16.73	0.0019592
16.735	0.0023392
16.74	0.0032589
16.745	0.0037717
16.75	0.0036004
16.755	0.0036721
16.76	0.0047031
16.765	0.0060949
16.77	0.0072271
16.775	0.0082567
16.78	0.0091805
16.785	0.010109
16.79	0.011045
16.795	0.011452
16.8	0.011338
16.805	0.011452
16.81	0.01184
16.815	0.01173
16.82	0.01126
16.825	0.011348
16.83	0.01183
16.835	0.011779
16.84	0.011247
16.845	0.01047
16.85	0.0093082
16.855	0.0080296
16.86	0.0069294
16.865	0.0058774
16.87	0.0042226
16.875	0.0020319
16.88	0.00030741
16.885	-0.00090478
16.89	-0.0021306
16.895	-0.0034789
16.9	-0.0051196
16.905	-0.0067762
16.91	-0.0078182
16.915	-0.0085964
16.92	-0.0097166
16.925	-0.010573
16.93	-0.010649
16.935	-0.010685
16.94	-0.011083
16.945	-0.011397
16.95	-0.011356
16.955	-0.010922
16.96	-0.010482
16.965	-0.010454
16.97	-0.010584
16.975	-0.010532
16.98	-0.010329
16.985	-0.010155
16.99	-0.010114
16.995	-0.010182
17	-0.01025
17.005	-0.0099768
17.01	-0.0090665
17.015	-0.0080837
17.02	-0.0079143
17.025	-0.0083004
17.03	-0.0078837
17.035	-0.0063217
17.04	-0.0051506
17.045	-0.0052954
17.05	-0.0059442
17.055	-0.006104
17.06	-0.0052159
17.065	-0.0036124
17.07	-0.0025919
17.075	-0.0021695
17.08	-0.0013257
17.085	-0.00042846
17.09	7.7082e-05
17.095	0.00083677
17.1	0.0018229
17.105	0.0021577
17.11	0.00169
17.115	0.0010737
17.12	0.000765
17.125	0.00073918
17.13	0.0008279
17.135	0.00096205
17.14	0.0011454
17.145	0.0013549
17.15	0.0015296
17.155	0.0016284
17.16	0.00166
17.165	0.0016433
17.17	0.0015924
17.175	0.0020243
17.18	0.0033282
17.185	0.0044311
17.19	0.0043831
17.195	0.0038332
17.2	0.0036539
17.205	0.00386
17.21	0.0039859
17.215	0.0041508
17.22	0.0049125
17.225	0.0057517
17.23	0.0059709
17.235	0.0063562
17.24	0.0075378
17.245	0.008684
17.25	0.0091009
17.255	0.0091445
17.26	0.0093227
17.265	0.0096709
17.27	0.0099412
17.275	0.0099868
17.28	0.0098726
17.285	0.0097274
17.29	0.0096165
17.295	0.0095561
17.3	0.0094
17.305	0.008688
17.31	0.00733
17.315	0.0061968
17.32	0.0056398
17.325	0.0046556
17.33	0.0031634
17.335	0.0024813
17.34	0.0029132
17.345	0.0035562
17.35	0.0038654
17.355	0.0038998
17.36	0.0036549
17.365	0.003308
17.37	0.0033149
17.375	0.0033873
17.38	0.0030783
17.385	0.002729
17.39	0.0023321
17.395	0.0013515
17.4	8.7342e-05
17.405	-0.00092637
17.41	-0.0021181
17.415	-0.0037149
17.42	-0.005166
17.425	-0.0065147
17.43	-0.0078791
17.435	-0.0084262
17.44	-0.0082616
17.445	-0.0083394
17.45	-0.008354
17.455	-0.0080388
17.46	-0.0080384
17.465	-0.0085606
17.47	-0.0092372
17.475	-0.0095297
17.48	-0.0092422
17.485	-0.0085104
17.49	-0.0072761
17.495	-0.0059431
17.5	-0.0049391
17.505	-0.0040495
17.51	-0.003842
17.515	-0.0046264
17.52	-0.0051685
17.525	-0.0050469
17.53	-0.0050253
17.535	-0.0047574
17.54	-0.0032564
17.545	-0.0012722
17.55	-0.0003451
17.555	-0.00041967
17.56	-0.00053162
17.565	-2.4632e-05
17.57	0.0013361
17.575	0.0027002
17.58	0.002919
17.585	0.0022924
17.59	0.0018496
17.595	0.0018661
17.6	0.002116
17.605	0.0024001
17.61	0.0021916
17.615	0.0012624
17.62	0.00035406
17.625	4.5763e-05
17.63	0.00016781
17.635	0.00046915
17.64	0.00067202
17.645	0.00014381
17.65	-0.00095341
17.655	-0.0014767
17.66	-0.0016813
17.665	-0.0025094
17.67	-0.0030678
17.675	-0.0024491
17.68	-0.0015838
17.685	-0.0016306
17.69	-0.0024798
17.695	-0.0030727
17.7	-0.0029201
17.705	-0.0024108
17.71	-0.0017232
17.715	-0.0009468
17.72	-0.00051885
17.725	-0.00053534
17.73	-0.00054223
17.735	-0.0001122
17.74	0.00084559
17.745	0.0017992
17.75	0.0020911
17.755	0.0017438
17.76	0.0010469
17.765	0.00033609
17.77	-4.5394e-05
17.775	-0.00017619
17.78	-0.00054164
17.785	-0.0017743
17.79	-0.0034816
17.795	-0.0042329
17.8	-0.0038317
17.805	-0.0034685
17.81	-0.0040319
17.815	-0.0054499
17.82	-0.0067479
17.825	-0.0070032
17.83	-0.0064411
17.835	-0.0059521
17.84	-0.0059133
17.845	-0.0060327
17.85	-0.0059834
17.855	-0.0057597
17.86	-0.005512
17.865	-0.0053175
17.87	-0.005162
17.875	-0.0050295
17.88	-0.0049315
17.885	-0.0049108
17.89	-0.0050431
17.895	-0.005374
17.9	-0.0058695
17.905	-0.0063521
17.91	-0.0065687
17.915	-0.0064877
17.92	-0.0063052
17.925	-0.0060802
17.93	-0.0054939
17.935	-0.0042996
17.94	-0.003058
17.945	-0.0025991
17.95	-0.0027683
17.955	-0.0023693
17.96	-0.00091965
17.965	0.00027228
17.97	0.00020267
17.975	9.3384e-05
17.98	0.0012764
17.985	0.0026831
17.99	0.0030673
17.995	0.0030873
18	0.0031269
18.005	0.0025549
18.01	0.0015898
18.015	0.0011035
18.02	0.00086158
18.025	-0.00020246
18.03	-0.0017726
18.035	-0.0026312
18.04	-0.0031576
18.045	-0.0039697
18.05	-0.0044992
18.055	-0.0051438
18.06	-0.0068932
18.065	-0.0087424
18.07	-0.009077
18.075	-0.0083273
18.08	-0.0078797
18.085	-0.0078177
18.09	-0.0072706
18.095	-0.0063013
18.1	-0.0058017
18.105	-0.0054118
18.11	-0.0041686
18.115	-0.0028516
18.12	-0.0021746
18.125	-0.0013341
18.13	-0.00036238
18.135	-0.00010813
18.14	-0.00045634
18.145	-0.00074249
18.15	-0.00070097
18.155	-0.00049761
18.16	-6.5581e-05
18.165	0.0011059
18.17	0.0025717
18.175	0.0029733
18.18	0.0023867
18.185	0.0024099
18.19	0.0034209
18.195	0.0040188
18.2	0.0036114
18.205	0.0030447
18.21	0.0030198
18.215	0.0037141
18.22	0.005013
18.225	0.0061866
18.23	0.0064142
18.235	0.0063522
18.24	0.0071739
18.245	0.0081906
18.25	0.0082389
18.255	0.007715
18.26	0.0073242
18.265	0.0070051
18.27	0.0068108
18.275	0.0068771
18.28	0.0067428
18.285	0.0063064
18.29	0.006162
18.295	0.0064554
18.3	0.0068328
18.305	0.0068868
18.31	0.0060699
18.315	0.0047037
18.32	0.0040662
18.325	0.004108
18.33	0.0035688
18.335	0.0024592
18.34	0.0018949
18.345	0.0016763
18.35	0.00076417
18.355	-0.00034189
18.36	-0.00068868
18.365	-0.00058923
18.37	-0.00091541
18.375	-0.0021043
18.38	-0.0035996
18.385	-0.0042769
18.39	-0.0038854
18.395	-0.0032612
18.4	-0.0030661
18.405	-0.0032241
18.41	-0.0034174
18.415	-0.0035401
18.42	-0.0036374
18.425	-0.0037098
18.43	-0.0037313
18.435	-0.0037128
18.44	-0.0036795
18.445	-0.0036418
18.45	-0.0035948
18.455	-0.0035405
18.46	-0.0034907
18.465	-0.0034529
18.47	-0.0034365
18.475	-0.003206
18.48	-0.0023588
18.485	-0.001187
18.49	-0.00055479
18.495	-0.00065037
18.5	-0.00087698
18.505	-0.00064174
18.51	0.00014657
18.515	0.00083994
18.52	0.00077665
18.525	0.00048503
18.53	0.0011257
18.535	0.0023194
18.54	0.0023932
18.545	0.0012886
18.55	0.00062583
18.555	0.0012944
18.56	0.0027814
18.565	0.0039543
18.57	0.0044153
18.575	0.004952
18.58	0.0058897
18.585	0.0065394
18.59	0.006593
18.595	0.0064541
18.6	0.0064438
18.605	0.0067044
18.61	0.007452
18.615	0.0084229
18.62	0.0088016
18.625	0.0083847
18.63	0.0078516
18.635	0.0077281
18.64	0.0078615
18.645	0.0081969
18.65	0.0091966
18.655	0.010479
18.66	0.010851
18.665	0.010605
18.67	0.011275
18.675	0.012769
18.68	0.01353
18.685	0.013246
18.69	0.012878
18.695	0.012975
18.7	0.013123
18.705	0.012367
18.71	0.010836
18.715	0.0099718
18.72	0.010222
18.725	0.010477
18.73	0.0095747
18.735	0.007913
18.74	0.007129
18.745	0.0075561
18.75	0.0078119
18.755	0.0069074
18.76	0.0055641
18.765	0.0050973
18.77	0.0054915
18.775	0.0053557
18.78	0.0041366
18.785	0.0031864
18.79	0.0034177
18.795	0.0040847
18.8	0.004344
18.805	0.0039354
18.81	0.0027892
18.815	0.0014261
18.82	0.00081653
18.825	0.0010491
18.83	0.0013556
18.835	0.0013093
18.84	0.0011179
18.845	0.0010908
18.85	0.0012569
18.855	0.0012704
18.86	0.00061722
18.865	-0.00052778
18.87	-0.0011631
18.875	-0.00085533
18.88	-0.00025359
18.885	2.301e-05
18.89	2.8594e-05
18.895	4.8098e-05
18.9	0.00016103
18.905	0.00030395
18.91	0.00040366
18.915	0.00041291
18.92	0.00035277
18.925	0.0002753
18.93	0.00020317
18.935	0.00012787
18.94	3.5395e-05
18.945	-6.6773e-05
18.95	-0.00015552
18.955	-0.0002144
18.96	-0.00024008
18.965	-0.00024235
18.97	-0.00022126
18.975	-0.00014743
18.98	-2.1016e-05
18.985	9.9486e-05
18.99	0.00018052
18.995	0.00024857
19	0.00030685
19.005	0.00042173
19.01	0.0010988
19.015	0.0024381
19.02	0.0032932
19.025	0.0030134
19.03	0.0024025
19.035	0.002234
19.04	0.0024355
19.045	0.002377
19.05	0.001457
19.055	0.00011346
19.06	-0.00052714
19.065	9.3666e-05
19.07	0.0016342
19.075	0.0028268
19.08	0.0027769
19.085	0.0021321
19.09	0.0018901
19.095	0.0021779
19.1	0.0025396
19.105	0.0027015
19.11	0.0027309
19.115	0.0027478
19.12	0.0027747
19.125	0.0029254
19.13	0.0034217
19.135	0.0041634
19.14	0.0047448
19.145	0.0047328
19.15	0.0040445
19.155	0.0031383
19.16	0.002569
19.165	0.0025738
19.17	0.0028244
19.175	0.0028412
19.18	0.0026645
19.185	0.0023249
19.19	0.0013766
19.195	0.00015096
19.2	-0.0002409
19.205	0.00021769
19.21	0.00061742
19.215	0.00056649
19.22	0.00034193
19.225	0.00028423
19.23	0.00044687
19.235	0.00065394
19.24	0.00074409
19.245	0.00073101
19.25	0.00067248
19.255	0.00087853
19.26	0.0019147
19.265	0.0032983
19.27	0.0036322
19.275	0.0025439
19.28	0.0010382
19.285	0.00021959
19.29	-9.013e-05
19.295	-0.0007599
19.3	-0.0015835
19.305	-0.00184
19.31	-0.0016052
19.315	-0.0016855
19.32	-0.00282
19.325	-0.0043354
19.33	-0.0049412
19.335	-0.0050939
19.34	-0.0058951
19.345	-0.0069104
19.35	-0.0072188
19.355	-0.0069486
19.36	-0.0067577
19.365	-0.0068902
19.37	-0.0071359
19.375	-0.0072643
19.38	-0.0072442
19.385	-0.0073124
19.39	-0.007976
19.395	-0.0092562
19.4	-0.010233
19.405	-0.010319
19.41	-0.0099134
19.415	-0.0094217
19.42	-0.009085
19.425	-0.0093191
19.43	-0.01022
19.435	-0.011159
19.44	-0.01148
19.445	-0.011365
19.45	-0.011401
19.455	-0.011769
19.46	-0.01225
19.465	-0.012615
19.47	-0.012828
19.475	-0.012962
19.48	-0.013076
19.485	-0.01318
19.49	-0.013303
19.495	-0.013245
19.5	-0.012369
19.505	-0.010935
19.51	-0.010644
19.515	-0.012069
19.52	-0.013566
19.525	-0.013717
19.53	-0.012992
19.535	-0.012521
19.54	-0.012593
19.545	-0.012777
19.55	-0.012717
19.555	-0.012437
19.56	-0.012125
19.565	-0.011881
19.57	-0.011667
19.575	-0.011407
19.58	-0.011102
19.585	-0.010799
19.59	-0.01052
19.595	-0.010313
19.6	-0.010231
19.605	-0.010224
19.61	-0.010232
19.615	-0.010301
19.62	-0.010462
19.625	-0.010665
19.63	-0.010865
19.635	-0.011065
19.64	-0.01127
19.645	-0.011186
19.65	-0.010078
19.655	-0.0081564
19.66	-0.0069442
19.665	-0.0070159
19.67	-0.0072774
19.675	-0.006488
19.68	-0.005035
19.685	-0.0046089
19.69	-0.0055797
19.695	-0.0067341
19.7	-0.0072062
19.705	-0.0070973
19.71	-0.0068499
19.715	-0.0066586
19.72	-0.0064481
19.725	-0.0061454
19.73	-0.0058269
19.735	-0.0054974
19.74	-0.0047962
19.745	-0.0036611
19.75	-0.0025768
19.755	-0.0015071
19.76	-0.00044224
19.765	-3.2683e-06
19.77	-0.00028762
19.775	-0.0010406
19.78	-0.0017586
19.785	-0.0013092
19.79	0.00047243
19.795	0.0024619
19.8	0.0036241
19.805	0.0037574
19.81	0.0039835
19.815	0.0049272
19.82	0.0051571
19.825	0.004079
19.83	0.003249
19.835	0.0034935
19.84	0.004071
19.845	0.004287
19.85	0.0041394
19.855	0.004071
19.86	0.0046711
19.865	0.0059534
19.87	0.0069544
19.875	0.006986
19.88	0.0065534
19.885	0.0063856
19.89	0.0065315
19.895	0.0067979
19.9	0.0074001
19.905	0.0083842
19.91	0.009013
19.915	0.0087979
19.92	0.0082498
19.925	0.0079812
19.93	0.0079829
19.935	0.0079303
19.94	0.0076755
19.945	0.0073116
19.95	0.0069506
19.955	0.0066221
19.96	0.0065215
19.965	0.0066834
19.97	0.0064787
19.975	0.0057426
19.98	0.0052187
19.985	0.0052209
19.99	0.0055748
19.995	0.0062269
20	0.0066464
20.005	0.0064026
20.01	0.0061142
20.015	0.0061402
20.02	0.0062469
20.025	0.0064893
20.03	0.0069104
20.035	0.0073264
20.04	0.007624
20.045	0.0078301
20.05	0.0079978
20.055	0.0081422
20.06	0.0082526
20.065	0.0083123
20.07	0.0085033
20.075	0.0092491
20.08	0.010413
20.085	0.011099
20.09	0.01075
20.095	0.0095891
20.1	0.0083572
20.105	0.0078684
20.11	0.0081618
20.115	0.0080221
20.12	0.0066204
20.125	0.0052089
20.13	0.0050524
20.135	0.0055736
20.14	0.0057696
20.145	0.0054973
20.15	0.0051717
20.155	0.0048175
20.16	0.0039388
20.165	0.002708
20.17	0.0020455
20.175	0.0021426
20.18	0.0023254
20.185	0.0021397
20.19	0.0017132
20.195	0.0013793
20.2	0.0012491
20.205	0.0011804
20.21	0.0010516
20.215	0.00087507
20.22	0.00020868
20.225	-0.0013045
20.23	-0.0025737
20.235	-0.0026739
20.24	-0.0023259
20.245	-0.0018904
20.25	-0.0009431
20.255	-0.00014003
20.26	-0.00050934
20.265	-0.001944
20.27	-0.0033404
20.275	-0.0036867
20.28	-0.0032179
20.285	-0.002901
20.29	-0.0030018
20.295	-0.0026213
20.3	-0.0013014
20.305	-0.00017021
20.31	-6.2722e-05
20.315	-0.00061603
20.32	-0.0011393
20.325	-0.00097508
20.33	4.8568e-05
20.335	0.0013471
20.34	0.0020868
20.345	0.0021541
20.35	0.0021811
20.355	0.0025617
20.36	0.0030116
20.365	0.0029954
20.37	0.0027658
20.375	0.003138
20.38	0.0039426
20.385	0.0046944
20.39	0.0056613
20.395	0.0068425
20.4	0.0081108
20.405	0.0094402
20.41	0.0097016
20.415	0.0084201
20.42	0.0073382
20.425	0.0075678
20.43	0.0083084
20.435	0.0089541
20.44	0.0097103
20.445	0.010542
20.45	0.011486
20.455	0.012538
20.46	0.013003
20.465	0.012736
20.47	0.012253
20.475	0.011371
20.48	0.010107
20.485	0.0094756
20.49	0.0095529
20.495	0.0089529
20.5	0.0074201
20.505	0.0064321
20.51	0.0065799
20.515	0.006968
20.52	0.0069023
20.525	0.0065322
20.53	0.0060691
20.535	0.0050784
20.54	0.0035572
20.545	0.0022355
20.55	0.0011817
20.555	0.00026279
20.56	-0.00030501
20.565	-0.00046802
20.57	2.8339e-05
20.575	0.00094212
20.58	0.0011231
20.585	0.00035002
20.59	-0.00042995
20.595	-0.0008719
20.6	-0.0017179
20.605	-0.0032395
20.61	-0.0044658
20.615	-0.0049736
20.62	-0.005335
20.625	-0.0054533
20.63	-0.0048534
20.635	-0.0038745
20.64	-0.003127
20.645	-0.0030462
20.65	-0.0039408
20.655	-0.0050211
20.66	-0.0052517
20.665	-0.0053256
20.67	-0.0058568
20.675	-0.0060468
20.68	-0.0056175
20.685	-0.0054791
20.69	-0.0065161
20.695	-0.0080627
20.7	-0.008619
20.705	-0.0081554
20.71	-0.0077387
20.715	-0.0078491
20.72	-0.0080054
20.725	-0.0074131
20.73	-0.0064064
20.735	-0.006336
20.74	-0.0070836
20.745	-0.0075912
20.75	-0.0082399
20.755	-0.0090871
20.76	-0.0088619
20.765	-0.0076035
20.77	-0.0066899
20.775	-0.0063411
20.78	-0.0058922
20.785	-0.0054782
20.79	-0.0054986
20.795	-0.0061277
20.8	-0.0074701
20.805	-0.0087259
20.81	-0.008962
20.815	-0.0085778
20.82	-0.0084384
20.825	-0.0087009
20.83	-0.0090042
20.835	-0.0090809
20.84	-0.0092058
20.845	-0.0099757
20.85	-0.011154
20.855	-0.011686
20.86	-0.011326
20.865	-0.010864
20.87	-0.010843
20.875	-0.0111
20.88	-0.010768
20.885	-0.0095614
20.89	-0.0090863
20.895	-0.010125
20.9	-0.011063
20.905	-0.010788
20.91	-0.0099744
20.915	-0.0095225
20.92	-0.009534
20.925	-0.0096321
20.93	-0.0095833
20.935	-0.0093495
20.94	-0.0085229
20.945	-0.007051
20.95	-0.0060585
20.955	-0.0061281
20.96	-0.0064701
20.965	-0.006453
20.97	-0.0064151
20.975	-0.0064979
20.98	-0.0061805
20.985	-0.0056383
20.99	-0.0054848
20.995	-0.005635
21	-0.0058905
21.005	-0.0067266
21.01	-0.0080637
21.015	-0.0088111
21.02	-0.0090443
21.025	-0.0098512
21.03	-0.011063
21.035	-0.011676
21.04	-0.011679
21.045	-0.012086
21.05	-0.013375
21.055	-0.014668
21.06	-0.014812
21.065	-0.013528
21.07	-0.011856
21.075	-0.01132
21.08	-0.01193
21.085	-0.012495
21.09	-0.012466
21.095	-0.012212
21.1	-0.012047
21.105	-0.011571
21.11	-0.01058
21.115	-0.0095457
21.12	-0.0085046
21.125	-0.0074835
21.13	-0.0070987
21.135	-0.0073122
21.14	-0.0075168
21.145	-0.0072369
21.15	-0.0060872
21.155	-0.0046871
21.16	-0.0043161
21.165	-0.0046358
21.17	-0.0039406
21.175	-0.0019547
21.18	0.00012081
21.185	0.0016943
21.19	0.0025098
21.195	0.002373
21.2	0.0021003
21.205	0.0028018
21.21	0.0042837
21.215	0.0052265
21.22	0.005048
21.225	0.0048817
21.23	0.0059474
21.235	0.0074424
21.24	0.0078747
21.245	0.0075712
21.25	0.0079944
21.255	0.0093845
21.26	0.010488
21.265	0.010313
21.27	0.0089903
21.275	0.007597
21.28	0.007245
21.285	0.0077838
21.29	0.0077473
21.295	0.006348
21.3	0.0049849
21.305	0.0049895
21.31	0.0052398
21.315	0.0042896
21.32	0.0030458
21.325	0.0028752
21.33	0.0034144
21.335	0.003715
21.34	0.0035901
21.345	0.0036828
21.35	0.0045965
21.355	0.0057962
21.36	0.0061944
21.365	0.0058561
21.37	0.0061316
21.375	0.0075158
21.38	0.0086152
21.385	0.0084902
21.39	0.0079247
21.395	0.0080225
21.4	0.0088993
21.405	0.0098813
21.41	0.010492
21.415	0.010521
21.42	0.010014
21.425	0.0094824
21.43	0.0090071
21.435	0.0082212
21.44	0.0077913
21.445	0.0086228
21.45	0.0097921
21.455	0.0097775
21.46	0.0088779
21.465	0.0080593
21.47	0.0076204
21.475	0.0074682
21.48	0.00683
21.485	0.0054563
21.49	0.0041675
21.495	0.0032663
21.5	0.0026136
21.505	0.0019586
21.51	0.00094937
21.515	8.7274e-05
21.52	-7.7586e-05
21.525	-0.00027016
21.53	-0.0011795
21.535	-0.00209
21.54	-0.0021459
21.545	-0.0016176
21.55	-0.0015043
21.555	-0.0025606
21.56	-0.0040498
21.565	-0.004511
21.57	-0.0039998
21.575	-0.003498
21.58	-0.0030013
21.585	-0.0021187
21.59	-0.0014168
21.595	-0.0011101
21.6	-0.00032753
21.605	0.00076204
21.61	0.0014734
21.615	0.0023009
21.62	0.0032287
21.625	0.003607
21.63	0.0039537
21.635	0.0048347
21.64	0.0057265
21.645	0.0064121
21.65	0.0073406
21.655	0.0085667
21.66	0.0099839
21.665	0.011514
21.67	0.012602
21.675	0.013363
21.68	0.01479
21.685	0.016604
21.69	0.017438
21.695	0.017108
21.7	0.016629
21.705	0.016623
21.71	0.017275
21.715	0.018463
21.72	0.018929
21.725	0.017921
21.73	0.016622
21.735	0.01588
21.74	0.015127
21.745	0.013964
21.75	0.012547
21.755	0.010903
21.76	0.00929
21.765	0.0079205
21.77	0.0063403
21.775	0.0045374
21.78	0.0031788
21.785	0.002294
21.79	0.001276
21.795	-0.00010789
21.8	-0.0013031
21.805	-0.001877
21.81	-0.0022139
21.815	-0.0027493
21.82	-0.0035006
21.825	-0.0040589
21.83	-0.003619
21.835	-0.0023305
21.84	-0.0015714
21.845	-0.0016112
21.85	-0.0016855
21.855	-0.0015837
21.86	-0.0014477
21.865	-0.0013827
21.87	-0.0013941
21.875	-0.0014206
21.88	-0.0014165
21.885	-0.0016465
21.89	-0.0025705
21.895	-0.0038205
21.9	-0.0043797
21.905	-0.0041142
21.91	-0.003781
21.915	-0.003824
21.92	-0.0043002
21.925	-0.0053461
21.93	-0.0065704
21.935	-0.0070668
21.94	-0.00701
21.945	-0.0076041
21.95	-0.0089127
21.955	-0.0097283
21.96	-0.0096128
21.965	-0.0092692
21.97	-0.009279
21.975	-0.0095537
21.98	-0.0095163
21.985	-0.0091166
21.99	-0.0089396
21.995	-0.0090846
22	-0.0094787
22.005	-0.009891
22.01	-0.009952
22.015	-0.0098239
22.02	-0.0098069
22.025	-0.009656
22.03	-0.0088127
22.035	-0.0075957
22.04	-0.0070429
22.045	-0.0070546
22.05	-0.0066881
22.055	-0.006059
22.06	-0.0055979
22.065	-0.0048454
22.07	-0.0034868
22.075	-0.0021598
22.08	-0.0016776
22.085	-0.0019247
22.09	-0.0021506
22.095	-0.0020138
22.1	-0.0017098
22.105	-0.0015272
22.11	-0.0015361
22.115	-0.0016019
22.12	-0.0016111
22.125	-0.0015738
22.13	-0.0015466
22.135	-0.0015517
22.14	-0.0015737
22.145	-0.0015934
22.15	-0.0016042
22.155	-0.0016104
22.16	-0.001638
22.165	-0.001702
22.17	-0.0017593
22.175	-0.0017765
22.18	-0.0017792
22.185	-0.0017871
22.19	-0.0017874
22.195	-0.0020269
22.2	-0.0029451
22.205	-0.0041665
22.21	-0.004677
22.215	-0.0046163
22.22	-0.004939
22.225	-0.005519
22.23	-0.005927
22.235	-0.0063567
22.24	-0.0067105
22.245	-0.0070317
22.25	-0.0078692
22.255	-0.0089781
22.26	-0.0094293
22.265	-0.0091695
22.27	-0.0092068
22.275	-0.010252
22.28	-0.011608
22.285	-0.012096
22.29	-0.011724
22.295	-0.011343
22.3	-0.011416
22.305	-0.011993
22.31	-0.012848
22.315	-0.013583
22.32	-0.01405
22.325	-0.01419
22.33	-0.014063
22.335	-0.013972
22.34	-0.014032
22.345	-0.01381
22.35	-0.012821
22.355	-0.011604
22.36	-0.011166
22.365	-0.011221
22.37	-0.010575
22.375	-0.0092669
22.38	-0.0080325
22.385	-0.0068982
22.39	-0.0059857
22.395	-0.0052508
22.4	-0.0041652
22.405	-0.0027097
22.41	-0.0015349
22.415	-0.00099537
22.42	-0.0006694
22.425	-0.00010684
22.43	0.00068349
22.435	0.0014454
22.44	0.0020449
22.445	0.0025793
22.45	0.0031688
22.455	0.0037777
22.46	0.0045826
22.465	0.0055739
22.47	0.0060715
22.475	0.0060914
22.48	0.00665
22.485	0.0078338
22.49	0.0087559
22.495	0.0094187
22.5	0.010184
22.505	0.010638
22.51	0.010543
22.515	0.010324
22.52	0.010316
22.525	0.010439
22.53	0.010494
22.535	0.010435
22.54	0.010354
22.545	0.010085
22.55	0.0092023
22.555	0.0080044
22.56	0.0074535
22.565	0.0077011
22.57	0.0080239
22.575	0.0082236
22.58	0.0084075
22.585	0.0081683
22.59	0.0076328
22.595	0.0074583
22.6	0.0076534
22.605	0.007815
22.61	0.0080101
22.615	0.0082901
22.62	0.0085998
22.625	0.0094008
22.63	0.010326
22.635	0.010484
22.64	0.01012
22.645	0.010176
22.65	0.010732
22.655	0.010821
22.66	0.010554
22.665	0.010666
22.67	0.010665
22.675	0.010768
22.68	0.011903
22.685	0.012667
22.69	0.011462
22.695	0.0095791
22.7	0.0084755
22.705	0.0080251
22.71	0.0079391
22.715	0.0080431
22.72	0.0080843
22.725	0.0080019
22.73	0.007675
22.735	0.0070136
22.74	0.0067613
22.745	0.0072577
22.75	0.0074603
22.755	0.0069907
22.76	0.0065991
22.765	0.0066318
22.77	0.006848
22.775	0.0072239
22.78	0.0076159
22.785	0.0076546
22.79	0.0074722
22.795	0.0071292
22.8	0.0067402
22.805	0.0066907
22.81	0.0066948
22.815	0.0061819
22.82	0.0054834
22.825	0.0053089
22.83	0.0053524
22.835	0.0048888
22.84	0.0042332
22.845	0.0038975
22.85	0.0035702
22.855	0.0031668
22.86	0.0028851
22.865	0.0024864
22.87	0.0018265
22.875	0.0011301
22.88	0.00074859
22.885	0.0006088
22.89	3.8468e-05
22.895	-0.0010425
22.9	-0.0019565
22.905	-0.0024362
22.91	-0.0027968
22.915	-0.0033602
22.92	-0.0039085
22.925	-0.0042158
22.93	-0.0046395
22.935	-0.00535
22.94	-0.0061015
22.945	-0.0065375
22.95	-0.0066639
22.955	-0.0072013
22.96	-0.0083582
22.965	-0.0091784
22.97	-0.0092616
22.975	-0.0093894
22.98	-0.010043
22.985	-0.010705
22.99	-0.010809
22.995	-0.010745
23	-0.010946
23.005	-0.011349
23.01	-0.011918
23.015	-0.012523
23.02	-0.012844
23.025	-0.012755
23.03	-0.012786
23.035	-0.013199
23.04	-0.013481
23.045	-0.013397
23.05	-0.013203
23.055	-0.013304
23.06	-0.013927
23.065	-0.014404
23.07	-0.013923
23.075	-0.01304
23.08	-0.012785
23.085	-0.013127
23.09	-0.01322
23.095	-0.012767
23.1	-0.012402
23.105	-0.012282
23.11	-0.011897
23.115	-0.011179
23.12	-0.010641
23.125	-0.01045
23.13	-0.010302
23.135	-0.010204
23.14	-0.010058
23.145	-0.0094861
23.15	-0.0086052
23.155	-0.0080805
23.16	-0.0082019
23.165	-0.0085114
23.17	-0.008593
23.175	-0.0083152
23.18	-0.0074356
23.185	-0.0059586
23.19	-0.0046903
23.195	-0.0046846
23.2	-0.0055778
23.205	-0.0055596
23.21	-0.0042086
23.215	-0.0031365
23.22	-0.003245
23.225	-0.0038154
23.23	-0.0040299
23.235	-0.0036234
23.24	-0.0027907
23.245	-0.0019976
23.25	-0.0014428
23.255	-0.00099322
23.26	-0.00024525
23.265	0.00078785
23.27	0.0013487
23.275	0.0012022
23.28	0.00092911
23.285	0.0011641
23.29	0.0022212
23.295	0.0032849
23.3	0.0033304
23.305	0.0030164
23.31	0.0034079
23.315	0.0045926
23.32	0.0058613
23.325	0.00652
23.33	0.006766
23.335	0.0071552
23.34	0.0078392
23.345	0.0085847
23.35	0.0091923
23.355	0.0097
23.36	0.010226
23.365	0.010576
23.37	0.010537
23.375	0.010352
23.38	0.010298
23.385	0.010361
23.39	0.010406
23.395	0.010389
23.4	0.010346
23.405	0.010066
23.41	0.0096292
23.415	0.0095158
23.42	0.0094434
23.425	0.0089007
23.43	0.0083314
23.435	0.0082929
23.44	0.008318
23.445	0.0080394
23.45	0.0075936
23.455	0.0069531
23.46	0.0064849
23.465	0.0065639
23.47	0.006626
23.475	0.0060494
23.48	0.0055988
23.485	0.0059185
23.49	0.0060963
23.495	0.0056686
23.5	0.005279
23.505	0.0052618
23.51	0.0053995
23.515	0.0057027
23.52	0.0060854
23.525	0.0059018
23.53	0.0052749
23.535	0.0050215
23.54	0.0054655
23.545	0.0060701
23.55	0.0059516
23.555	0.0053229
23.56	0.004822
23.565	0.0046456
23.57	0.0050274
23.575	0.0056106
23.58	0.0057555
23.585	0.005564
23.59	0.0054252
23.595	0.0052101
23.6	0.0047246
23.605	0.0044031
23.61	0.0045038
23.615	0.0044477
23.62	0.0038717
23.625	0.0033804
23.63	0.0034043
23.635	0.0033631
23.64	0.0028095
23.645	0.0022932
23.65	0.0022896
23.655	0.0022777
23.66	0.0019332
23.665	0.0016812
23.67	0.0016859
23.675	0.0019723
23.68	0.0025786
23.685	0.0032617
23.69	0.0035836
23.695	0.003423
23.7	0.003192
23.705	0.0029608
23.71	0.0024618
23.715	0.0020199
23.72	0.0020414
23.725	0.0020276
23.73	0.0014414
23.735	0.00081397
23.74	0.00074732
23.745	0.0010093
23.75	0.0011879
23.755	0.00095161
23.76	0.00021633
23.765	-0.00059515
23.77	-0.00091687
23.775	-0.00069196
23.78	-0.00064885
23.785	-0.0010609
23.79	-0.0013568
23.795	-0.0012987
23.8	-0.0011435
23.805	-0.0010999
23.81	-0.0011631
23.815	-0.0014881
23.82	-0.0021723
23.825	-0.0026879
23.83	-0.0028916
23.835	-0.0030651
23.84	-0.00313
23.845	-0.0033498
23.85	-0.0037944
23.855	-0.0039885
23.86	-0.0038797
23.865	-0.0037648
23.87	-0.0037784
23.875	-0.0038513
23.88	-0.0038863
23.885	-0.003867
23.89	-0.0038393
23.895	-0.0038406
23.9	-0.0038612
23.905	-0.0036388
23.91	-0.0032188
23.915	-0.0031392
23.92	-0.0031497
23.925	-0.0029967
23.93	-0.0032844
23.935	-0.0039262
23.94	-0.0042033
23.945	-0.0040336
23.95	-0.0038218
23.955	-0.0038176
23.96	-0.0041422
23.965	-0.0046284
23.97	-0.0048053
23.975	-0.0048398
23.98	-0.0049198
23.985	-0.0047628
23.99	-0.0047556
23.995	-0.0051904
24	-0.0055356
24.005	-0.0055128
24.01	-0.0053642
24.015	-0.0051242
24.02	-0.004603
24.025	-0.0038847
24.03	-0.0033794
24.035	-0.0035832
24.04	-0.0040585
24.045	-0.0037281
24.05	-0.0028395
24.055	-0.0024779
24.06	-0.0027875
24.065	-0.0029607
24.07	-0.0024071
24.075	-0.0014214
24.08	-0.00078665
24.085	-0.00069774
24.09	-0.00028595
24.095	0.00064126
24.1	0.0011311
24.105	0.00074004
24.11	3.7222e-05
24.115	2.4163e-05
24.12	0.00073211
24.125	0.0011935
24.13	0.0009192
24.135	0.00027785
24.14	1.3488e-05
24.145	0.00012127
24.15	-8.506e-06
24.155	-0.00025253
24.16	-0.00039992
24.165	-0.0008141
24.17	-0.0014294
24.175	-0.0015405
24.18	-0.00084067
24.185	6.1963e-06
24.19	0.00022471
24.195	-0.00014239
24.2	-0.0007679
24.205	-0.0013667
24.21	-0.0015492
24.215	-0.0013698
24.22	-0.0011695
24.225	-0.00081475
24.23	-0.00033888
24.235	-0.00040955
24.24	-0.00088894
24.245	-0.0011102
24.25	-0.00094859
24.255	-0.0002262
24.26	0.0005525
24.265	0.00058456
24.27	0.00016752
24.275	-1.1164e-05
24.28	0.00039023
24.285	0.00094192
24.29	0.0010338
24.295	0.00079579
24.3	0.00063495
24.305	0.00067119
24.31	0.00077184
24.315	0.00080908
24.32	0.00078401
24.325	0.00075972
24.33	0.00076395
24.335	0.00078388
24.34	0.00081546
24.345	0.00085127
24.35	0.00086174
24.355	0.0008454
24.36	0.0010244
24.365	0.001454
24.37	0.0017231
24.375	0.0018813
24.38	0.0022059
24.385	0.0024235
24.39	0.0025697
24.395	0.0029149
24.4	0.0031221
24.405	0.003168
24.41	0.0034536
24.415	0.003753
24.42	0.0037485
24.425	0.0036047
24.43	0.0035431
24.435	0.0035605
24.44	0.0037264
24.445	0.0041292
24.45	0.0043549
24.455	0.0043304
24.46	0.0045356
24.465	0.0049089
24.47	0.0053754
24.475	0.0059662
24.48	0.0062524
24.485	0.0061133
24.49	0.0059133
24.495	0.0059893
24.5	0.0065019
24.505	0.0068322
24.51	0.006096
24.515	0.0048531
24.52	0.0041466
24.525	0.0039493
24.53	0.0039099
24.535	0.0036461
24.54	0.0030069
24.545	0.0025281
24.55	0.0022858
24.555	0.0018597
24.56	0.0012569
24.565	0.00039573
24.57	-0.00038132
24.575	-0.00020671
24.58	0.00054556
24.585	0.00082082
24.59	0.00055523
24.595	5.3767e-05
24.6	-0.00061648
24.605	-0.0010439
24.61	-0.00093033
24.615	-0.00064809
24.62	-0.00058486
24.625	-0.00070903
24.63	-0.00081369
24.635	-0.00081004
24.64	-0.00075358
24.645	-0.00072201
24.65	-0.00073319
24.655	-0.00075611
24.66	-0.00076487
24.665	-0.00076028
24.67	-0.00075476
24.675	-0.00079573
24.68	-0.00070742
24.685	0.00011266
24.69	0.0014915
24.695	0.0020915
24.7	0.0013294
24.705	0.00018832
24.71	-0.00014675
24.715	0.00029564
24.72	0.00067581
24.725	0.00065696
24.73	0.00073702
24.735	0.0012827
24.74	0.0017536
24.745	0.0014645
24.75	0.00060377
24.755	5.9574e-05
24.76	0.00019842
24.765	0.00075725
24.77	0.0014598
24.775	0.0018348
24.78	0.0016741
24.785	0.0013948
24.79	0.0013508
24.795	0.0014737
24.8	0.0015457
24.805	0.0016885
24.81	0.002016
24.815	0.0019816
24.82	0.0015803
24.825	0.0016215
24.83	0.001875
24.835	0.0016482
24.84	0.0011587
24.845	0.0005053
24.85	-0.00045986
24.855	-0.0012165
24.86	-0.0012567
24.865	-0.0010062
24.87	-0.0013028
24.875	-0.0022119
24.88	-0.0031254
24.885	-0.0036434
24.89	-0.0036728
24.895	-0.0034582
24.9	-0.0033803
24.905	-0.0034957
24.91	-0.003627
24.915	-0.0036564
24.92	-0.0036132
24.925	-0.0035759
24.93	-0.003576
24.935	-0.0035961
24.94	-0.0036211
24.945	-0.0034492
24.95	-0.0028869
24.955	-0.0021452
24.96	-0.0016836
24.965	-0.0017415
24.97	-0.0018072
24.975	-0.0014608
24.98	-0.0011338
24.985	-0.0011443
24.99	-0.0012916
24.995	-0.0013538
25	-0.0013186
25.005	-0.0012517
25.01	-0.0013201
25.015	-0.0017075
25.02	-0.0020107
25.025	-0.0020725
25.03	-0.0026786
25.035	-0.0036165
25.04	-0.0036733
25.045	-0.0031485
25.05	-0.0032373
25.055	-0.0037922
25.06	-0.0040712
25.065	-0.0039226
25.07	-0.0031628
25.075	-0.0021533
25.08	-0.0020653
25.085	-0.0025506
25.09	-0.0022682
25.095	-0.001495
25.1	-0.0012128
25.105	-0.0014532
25.11	-0.001699
25.115	-0.0016938
25.12	-0.0013926
25.125	-0.0007562
25.13	-0.00017103
25.135	7.2921e-05
25.14	0.00041197
25.145	0.00093136
25.15	0.0011581
25.155	0.0010382
25.16	0.0010553
25.165	0.0014576
25.17	0.0019119
25.175	0.0025163
25.18	0.0033892
25.185	0.0038762
25.19	0.0040328
25.195	0.0044099
25.2	0.0047575
25.205	0.0047789
25.21	0.0046587
25.215	0.0046797
25.22	0.0051119
25.225	0.0058317
25.23	0.0062179
25.235	0.0060753
25.24	0.0058432
25.245	0.0058369
25.25	0.0059796
25.255	0.0060812
25.26	0.0060813
25.265	0.0060457
25.27	0.0060358
25.275	0.0060489
25.28	0.0063204
25.285	0.0070504
25.29	0.0074902
25.295	0.0068931
25.3	0.0059766
25.305	0.0059687
25.31	0.006762
25.315	0.0072585
25.32	0.0073043
25.325	0.0074064
25.33	0.0075451
25.335	0.0075873
25.34	0.0076143
25.345	0.0075343
25.35	0.0070537
25.355	0.0064124
25.36	0.0062162
25.365	0.0064469
25.37	0.0065703
25.375	0.0061521
25.38	0.0053298
25.385	0.0045683
25.39	0.0041175
25.395	0.004051
25.4	0.0038837
25.405	0.002955
25.41	0.0017524
25.415	0.0013166
25.42	0.0016572
25.425	0.0020076
25.43	0.0017474
25.435	0.00089536
25.44	0.00025923
25.445	0.00032228
25.45	0.00039248
25.455	5.5971e-05
25.46	-0.00020163
25.465	-0.00040731
25.47	-0.00071928
25.475	-0.000839
25.48	-0.0007334
25.485	-0.00061747
25.49	-0.00060952
25.495	-0.00067552
25.5	-0.00072701
25.505	-0.00073483
25.51	-0.00072811
25.515	-0.00073638
25.52	-0.00076354
25.525	-0.00079382
25.53	-0.00081778
25.535	-0.00083571
25.54	-0.00085532
25.545	-0.00088101
25.55	-0.00099042
25.555	-0.0014445
25.56	-0.0020849
25.565	-0.0020551
25.57	-0.0012419
25.575	-0.00066147
25.58	-0.00080502
25.585	-0.0011596
25.59	-0.0012771
25.595	-0.0014416
25.6	-0.0019473
25.605	-0.0026052
25.61	-0.0032508
25.615	-0.0036198
25.62	-0.0035457
25.625	-0.0033568
25.63	-0.0033446
25.635	-0.0034383
25.64	-0.0037005
25.645	-0.0040532
25.65	-0.0040896
25.655	-0.0041093
25.66	-0.0044408
25.665	-0.0046915
25.67	-0.0044827
25.675	-0.0038027
25.68	-0.0031868
25.685	-0.0031429
25.69	-0.0034267
25.695	-0.0035572
25.7	-0.0034513
25.705	-0.0033083
25.71	-0.0032867
25.715	-0.0032539
25.72	-0.0027091
25.725	-0.001538
25.73	-0.00060554
25.735	-0.00058755
25.74	-0.0010543
25.745	-0.0010357
25.75	0.00010375
25.755	0.0015781
25.76	0.0020562
25.765	0.0020076
25.77	0.0027068
25.775	0.0038249
25.78	0.0042571
25.785	0.0039568
25.79	0.0037461
25.795	0.004161
25.8	0.0047296
25.805	0.0048349
25.81	0.0044996
25.815	0.0040057
25.82	0.0039947
25.825	0.0044236
25.83	0.0043564
25.835	0.0038459
25.84	0.003583
25.845	0.003396
25.85	0.002906
25.855	0.0024535
25.86	0.0021213
25.865	0.0015933
25.87	0.0011624
25.875	0.001158
25.88	0.0013341
25.885	0.0013965
25.89	0.0011086
25.895	0.00042548
25.9	-0.00031712
25.905	-0.00088019
25.91	-0.0011075
25.915	-0.00098311
25.92	-0.00082417
25.925	-0.00083922
25.93	-0.0011613
25.935	-0.0018605
25.94	-0.0024546
25.945	-0.0024485
25.95	-0.0023052
25.955	-0.002573
25.96	-0.0029074
25.965	-0.0031215
25.97	-0.0033806
25.975	-0.0034939
25.98	-0.0035677
25.985	-0.0040381
25.99	-0.0046427
25.995	-0.0047969
26	-0.0045815
26.005	-0.00443
26.01	-0.0044835
26.015	-0.004618
26.02	-0.0045666
26.025	-0.0040515
26.03	-0.0033667
26.035	-0.0031728
26.04	-0.0033237
26.045	-0.0031275
26.05	-0.0028567
26.055	-0.0031097
26.06	-0.0031296
26.065	-0.0021182
26.07	-0.00086026
26.075	-0.00013693
26.08	0.00047034
26.085	0.0011192
26.09	0.0014478
26.095	0.0016673
26.1	0.0018674
26.105	0.0019421
26.11	0.0022407
26.115	0.0026366
26.12	0.0027312
26.125	0.0028881
26.13	0.0034488
26.135	0.003922
26.14	0.0039166
26.145	0.0036869
26.15	0.0033159
26.155	0.0027577
26.16	0.0024165
26.165	0.0025047
26.17	0.00272
26.175	0.0030401
26.18	0.0035836
26.185	0.0039128
26.19	0.003527
26.195	0.0026603
26.2	0.0018778
26.205	0.001384
26.21	0.001246
26.215	0.001381
26.22	0.0014727
26.225	0.001395
26.23	0.0012685
26.235	0.0012097
26.24	0.0012205
26.245	0.0014765
26.25	0.0018795
26.255	0.0019983
26.26	0.0021078
26.265	0.0024304
26.27	0.0025881
26.275	0.0025051
26.28	0.0024146
26.285	0.0024326
26.29	0.002508
26.295	0.0025556
26.3	0.0023025
26.305	0.0018536
26.31	0.0017306
26.315	0.0016629
26.32	0.0013642
26.325	0.0012178
26.33	0.0011442
26.335	0.00067323
26.34	3.6231e-05
26.345	-0.00014366
26.35	-8.5202e-05
26.355	-0.00047177
26.36	-0.0011123
26.365	-0.0013396
26.37	-0.0011583
26.375	-0.0010017
26.38	-0.0010485
26.385	-0.0011761
26.39	-0.0012385
26.395	-0.0012239
26.4	-0.0011987
26.405	-0.0012033
26.41	-0.0012148
26.415	-0.0011962
26.42	-0.0011644
26.425	-0.0011609
26.43	-0.0011831
26.435	-0.0012003
26.44	-0.001205
26.445	-0.0012253
26.45	-0.001119
26.455	-0.00075729
26.46	-0.00051149
26.465	-0.00045805
26.47	-0.00036026
26.475	-0.00050693
26.48	-0.00069016
26.485	-0.00027173
26.49	0.00059562
26.495	0.0012403
26.5	0.0012611
26.505	0.00094863
26.51	0.0007904
26.515	0.0010003
26.52	0.0016551
26.525	0.0023711
26.53	0.0025379
26.535	0.0022472
26.54	0.002041
26.545	0.0021283
26.55	0.0022572
26.555	0.0018251
26.56	0.00071581
26.565	8.5584e-05
26.57	0.00066962
26.575	0.0014565
26.58	0.0015146
26.585	0.0011464
26.59	0.00094407
26.595	0.001038
26.6	0.0012005
26.605	0.0012331
26.61	0.0011544
26.615	0.0011033
26.62	0.0011382
26.625	0.0012219
26.63	0.0012148
26.635	0.00082679
26.64	0.00016516
26.645	-0.00014154
26.65	5.9103e-05
26.655	0.00030635
26.66	0.00033672
26.665	0.00015553
26.67	-0.0002764
26.675	-0.0004797
26.68	0.00029249
26.685	0.0014677
26.69	0.0015528
26.695	0.00024641
26.7	-0.00086711
26.705	-0.00053559
26.71	0.00017101
26.715	0.0001116
26.72	-0.00033982
26.725	-0.00080714
26.73	-0.001098
26.735	-0.0010487
26.74	-0.00088657
26.745	-0.00084326
26.75	-0.00094441
26.755	-0.0013308
26.76	-0.0019995
26.765	-0.0024139
26.77	-0.0023505
26.775	-0.0023961
26.78	-0.0027325
26.785	-0.0029628
26.79	-0.0031881
26.795	-0.0034596
26.8	-0.0035122
26.805	-0.0033958
26.81	-0.0033546
26.815	-0.0037006
26.82	-0.0044063
26.825	-0.0048575
26.83	-0.0047259
26.835	-0.0041739
26.84	-0.0037375
26.845	-0.0040688
26.85	-0.0045311
26.855	-0.0040978
26.86	-0.0033246
26.865	-0.0031579
26.87	-0.0032212
26.875	-0.0030232
26.88	-0.0028673
26.885	-0.0024228
26.89	-0.0016772
26.895	-0.0014656
26.9	-0.0015061
26.905	-0.0012781
26.91	-0.0010827
26.915	-0.001108
26.92	-0.0012057
26.925	-0.0010097
26.93	-0.00034311
26.935	0.00021238
26.94	0.00016894
26.945	0.0001003
26.95	0.0006402
26.955	0.0012949
26.96	0.0014499
26.965	0.0011938
26.97	0.0010529
26.975	0.0011282
26.98	0.001244
26.985	0.0012711
26.99	0.001226
26.995	0.0011845
27	0.0011924
27.005	0.0010081
27.01	0.00039599
27.015	-0.00015879
27.02	-0.00033474
27.025	-0.00062928
27.03	-0.0011208
27.035	-0.0013297
27.04	-0.0012077
27.045	-0.0010606
27.05	-0.0014319
27.055	-0.0025068
27.06	-0.0033733
27.065	-0.0033778
27.07	-0.0026307
27.075	-0.0015158
27.08	-0.00087718
27.085	-0.0010756
27.09	-0.0014856
27.095	-0.0015418
27.1	-0.0013208
27.105	-0.001147
27.11	-0.0011473
27.115	-0.0012382
27.12	-0.0011091
27.125	-0.00049774
27.13	0.00014704
27.135	0.00041109
27.14	0.00069729
27.145	0.001133
27.15	0.0012978
27.155	0.0011637
27.16	0.0010633
27.165	0.0011
27.17	0.0015035
27.175	0.0026409
27.18	0.0038351
27.185	0.0038752
27.19	0.0028206
27.195	0.0017611
27.2	0.0012554
27.205	0.0011736
27.21	0.0012932
27.215	0.0013659
27.22	0.0012791
27.225	0.0011454
27.23	0.0010821
27.235	0.0010877
27.24	0.0011032
27.245	0.0010954
27.25	0.0010683
27.255	0.0010389
27.26	0.001018
27.265	0.001005
27.27	0.00097778
27.275	0.00091289
27.28	0.00084076
27.285	0.00081046
27.29	0.00081215
27.295	0.00080844
27.3	0.0007875
27.305	0.0007603
27.31	0.0007396
27.315	0.00072279
27.32	0.00070386
27.325	0.00068821
27.33	0.00070419
27.335	0.00058905
27.34	7.5133e-05
27.345	-0.0005396
27.35	-0.00070371
27.355	-0.00049338
27.36	-0.00034018
27.365	-0.00039178
27.37	-0.00050917
27.375	-0.00055364
27.38	-0.0005248
27.385	-0.0004903
27.39	-0.00048272
27.395	-0.00049507
27.4	-0.00051775
27.405	-0.00055095
27.41	-0.00041421
27.415	0.00010477
27.42	0.00064976
27.425	0.00072495
27.43	0.00048568
27.435	0.00034513
27.44	0.00039037
27.445	0.00066763
27.45	0.0010944
27.455	0.0010675
27.46	0.00068146
27.465	0.00069568
27.47	0.0010018
27.475	0.0011177
27.48	0.0010412
27.485	0.00098086
27.49	0.00080926
27.495	0.00044377
27.5	0.00024905
27.505	0.00034515
27.51	0.00048874
27.515	0.00036074
27.52	-0.00038025
27.525	-0.0013206
27.53	-0.0015658
27.535	-0.0013683
27.54	-0.0014563
27.545	-0.001693
27.55	-0.0019345
27.555	-0.0024453
27.56	-0.0028169
27.565	-0.0023634
27.57	-0.0015745
27.575	-0.0013627
27.58	-0.001681
27.585	-0.0017826
27.59	-0.0012373
27.595	-0.00055668
27.6	-0.00042322
27.605	-0.00053886
27.61	-0.00038
27.615	-0.00016147
27.62	1.3564e-05
27.625	0.00026655
27.63	0.0003869
27.635	0.0003056
27.64	0.00022538
27.645	0.00043661
27.65	0.001017
27.655	0.0014533
27.66	0.001586
27.665	0.001886
27.67	0.0024546
27.675	0.003241
27.68	0.0040694
27.685	0.0044048
27.69	0.0041823
27.695	0.0039085
27.7	0.0039212
27.705	0.004307
27.71	0.0049328
27.715	0.0055191
27.72	0.0059359
27.725	0.0060601
27.73	0.0059158
27.735	0.0057807
27.74	0.0057882
27.745	0.0058641
27.75	0.0058437
27.755	0.0053914
27.76	0.0043942
27.765	0.0035107
27.77	0.003374
27.775	0.0036804
27.78	0.0038279
27.785	0.003623
27.79	0.0030661
27.795	0.0023945
27.8	0.0021108
27.805	0.0022011
27.81	0.0020214
27.815	0.0014181
27.82	0.00099321
27.825	0.0010399
27.83	0.0011184
27.835	0.00072294
27.84	7.2966e-05
27.845	-0.00018306
27.85	-0.00011009
27.855	-0.00036999
27.86	-0.00097045
27.865	-0.0012839
27.87	-0.0011667
27.875	-0.00099222
27.88	-0.0011289
27.885	-0.0016779
27.89	-0.0022039
27.895	-0.0022653
27.9	-0.0020386
27.905	-0.0019046
27.91	-0.0020995
27.915	-0.0025106
27.92	-0.002557
27.925	-0.0021286
27.93	-0.0018244
27.935	-0.00188
27.94	-0.0020019
27.945	-0.0021828
27.95	-0.0026196
27.955	-0.0029958
27.96	-0.0029715
27.965	-0.002769
27.97	-0.0026983
27.975	-0.0027719
27.98	-0.0028459
27.985	-0.0028473
27.99	-0.0028012
27.995	-0.0027875
28	-0.0030246
28.005	-0.003534
28.01	-0.0038597
28.015	-0.003766
28.02	-0.0035472
28.025	-0.0035163
28.03	-0.0038042
28.035	-0.0041036
28.04	-0.0039134
28.045	-0.0034982
28.05	-0.0035785
28.055	-0.0041658
28.06	-0.0045678
28.065	-0.0044644
28.07	-0.0042347
28.075	-0.0041373
28.08	-0.0039629
28.085	-0.0038008
28.09	-0.0039929
28.095	-0.0042645
28.1	-0.0042958
28.105	-0.0043806
28.11	-0.0047494
28.115	-0.0052468
28.12	-0.0056264
28.125	-0.0056791
28.13	-0.0054765
28.135	-0.0053832
28.14	-0.0057654
28.145	-0.0065511
28.15	-0.0071831
28.155	-0.0073294
28.16	-0.0071057
28.165	-0.0070356
28.17	-0.0074711
28.175	-0.0077605
28.18	-0.0075317
28.185	-0.0074533
28.19	-0.0077205
28.195	-0.007973
28.2	-0.0082163
28.205	-0.0083036
28.21	-0.0078875
28.215	-0.0073015
28.22	-0.0071144
28.225	-0.0071179
28.23	-0.0069487
28.235	-0.0067275
28.24	-0.0064503
28.245	-0.0061392
28.25	-0.0058692
28.255	-0.0054955
28.26	-0.0051673
28.265	-0.0051149
28.27	-0.0050328
28.275	-0.0047374
28.28	-0.0045181
28.285	-0.004314
28.29	-0.0039141
28.295	-0.0035905
28.3	-0.0035374
28.305	-0.0034431
28.31	-0.0032008
28.315	-0.0030484
28.32	-0.0030366
28.325	-0.0030131
28.33	-0.0027986
28.335	-0.0025143
28.34	-0.0023568
28.345	-0.0021998
28.35	-0.0020372
28.355	-0.0019891
28.36	-0.0019929
28.365	-0.0019745
28.37	-0.0018866
28.375	-0.001608
28.38	-0.0012208
28.385	-0.00099419
28.39	-0.0008255
28.395	-0.00055406
28.4	-0.00038272
28.405	-0.00041182
28.41	-0.00040394
28.415	-0.00010594
28.42	0.00031698
28.425	0.00047248
28.43	0.00034832
28.435	0.00031213
28.44	0.00052911
28.445	0.0006466
28.45	0.00055154
28.455	0.00065557
28.46	0.00096388
28.465	0.0011843
28.47	0.0013747
28.475	0.0015651
28.48	0.0016037
28.485	0.0016178
28.49	0.0018644
28.495	0.0021819
28.5	0.0022477
28.505	0.0022214
28.51	0.0024185
28.515	0.0026674
28.52	0.0027924
28.525	0.0029535
28.53	0.0031059
28.535	0.0030823
28.54	0.0030758
28.545	0.003315
28.55	0.0035619
28.555	0.0035467
28.56	0.0033674
28.565	0.0031285
28.57	0.0029567
28.575	0.0030745
28.58	0.0034168
28.585	0.0036937
28.59	0.0037181
28.595	0.0035709
28.6	0.0034219
28.605	0.0032139
28.61	0.0029248
28.615	0.0027621
28.62	0.0027805
28.625	0.0028202
28.63	0.0027482
28.635	0.0024888
28.64	0.0021174
28.645	0.0017976
28.65	0.0015991
28.655	0.0015554
28.66	0.0015826
28.665	0.0014158
28.67	0.00095233
28.675	0.00051602
28.68	0.00044266
28.685	0.00061569
28.69	0.00073423
28.695	0.00068167
28.7	0.00043264
28.705	1.4805e-05
28.71	-0.00031647
28.715	-0.00033082
28.72	-0.00016878
28.725	-8.0968e-05
28.73	-0.00014832
28.735	-0.00033748
28.74	-0.00043644
28.745	-0.00027323
28.75	-6.2013e-05
28.755	-3.1287e-05
28.76	-0.00010675
28.765	-0.00014179
28.77	-0.0001064
28.775	-4.8578e-05
28.78	-4.2373e-05
28.785	-0.00014465
28.79	-0.00023674
28.795	-0.00023239
28.8	-0.00025954
28.805	-0.00031857
28.81	-0.00030891
28.815	-0.0002551
28.82	-0.00021591
28.825	-0.00020238
28.83	-0.00018802
28.835	-0.00018033
28.84	-0.00025892
28.845	-0.00040622
28.85	-0.00046355
28.855	-0.00039348
28.86	-0.00031289
28.865	-0.00029106
28.87	-0.00030065
28.875	-0.00029616
28.88	-0.00026754
28.885	-0.00023188
28.89	-0.00020404
28.895	-0.00018318
28.9	-0.00016102
28.905	-0.00013502
28.91	-0.00010839
28.915	-8.3207e-05
28.92	-5.8787e-05
28.925	-3.7558e-05
28.93	2.0854e-06
28.935	9.5918e-05
28.94	0.00017746
28.945	0.00020446
28.95	0.00026471
28.955	0.0003428
28.96	0.00038071
28.965	0.0004525
28.97	0.00058289
28.975	0.00066357
28.98	0.00065303
28.985	0.00062287
28.99	0.0006442
28.995	0.00075305
29	0.00088894
29.005	0.00094917
29.01	0.00097617
29.015	0.0010449
29.02	0.0010982
29.025	0.00109
29.03	0.0010592
29.035	0.0010571
29.04	0.0011267
29.045	0.0012371
29.05	0.0012689
29.055	0.0011567
29.06	0.0010204
29.065	0.0010796
29.07	0.0013015
29.075	0.0014275
29.08	0.0014022
29.085	0.0013239
29.09	0.0012386
29.095	0.0011942
29.1	0.0012012
29.105	0.0012091
29.11	0.0011894
29.115	0.0011547
29.12	0.0011256
29.125	0.0011075
29.13	0.0010959
29.135	0.0010748
29.14	0.0010117
29.145	0.00092245
29.15	0.0008795
29.155	0.00088192
29.16	0.00085739
29.165	0.00080892
29.17	0.00078327
29.175	0.00078849
29.18	0.0008202
29.185	0.00083435
29.19	0.00078184
29.195	0.00069073
29.2	0.00062605
29.205	0.00061928
29.21	0.00064117
29.215	0.00065068
29.22	0.00063816
29.225	0.00060405
29.23	0.0005922
29.235	0.00063443
29.24	0.00067484
29.245	0.00066985
29.25	0.00064401
29.255	0.0006305
29.26	0.00063258
29.265	0.00063617
29.27	0.00063262
29.275	0.00062476
29.28	0.00061841
29.285	0.00061426
29.29	0.00060993
29.295	0.00060429
29.3	0.00059795
29.305	0.00059171
29.31	0.00058584
29.315	0.00058036
29.32	0.00056452
29.325	0.00054088
29.33	0.00053957
29.335	0.00055751
29.34	0.00056164
29.345	0.0005386
29.35	0.00050912
29.355	0.0004996
29.36	0.00050467
29.365	0.00051447
29.37	0.00052117
29.375	0.00051469
29.38	0.00050139
29.385	0.00049236
29.39	0.00048876
29.395	0.00048545
29.4	0.00047969
29.405	0.0004722
29.41	0.00046434
29.415	0.00045702
29.42	0.00045539
29.425	0.00045906
29.43	0.00045214
29.435	0.00043257
29.44	0.00041824
29.445	0.00041525
29.45	0.00041544
29.455	0.00040856
29.46	0.00039106
29.465	0.00037095
29.47	0.0003558
29.475	0.00034839
29.48	0.0003455
29.485	0.00033775
29.49	0.00032674
29.495	0.00032219
29.5	0.00032132
29.505	0.00031768
29.51	0.00031431
29.515	0.00031178
29.52	0.0003078
29.525	0.00030518
29.53	0.0003053
29.535	0.00030564
29.54	0.00030459
29.545	0.00030274
29.55	0.00030114
29.555	0.00029983
29.56	0.00029819
29.565	0.00029709
29.57	0.00029838
29.575	0.00030124
29.58	0.00030329
29.585	0.00030284
29.59	0.00029927
29.595	0.00029421
29.6	0.00029065
29.605	0.00028985
29.61	0.00028933
29.615	0.00028561
29.62	0.00027979
29.625	0.00027574
29.63	0.00027349
29.635	0.00026973
29.64	0.00026369
29.645	0.00025743
29.65	0.00025212
29.655	0.0002477
29.66	0.00024396
29.665	0.00023977
29.67	0.00023453
29.675	0.00022912
29.68	0.00022448
29.685	0.0002209
29.69	0.00021712
29.695	0.00021175
29.7	0.00020555
29.705	0.00020021
29.71	0.00019627
29.715	0.00019283
29.72	0.00018862
29.725	0.00018373
29.73	0.00017925
29.735	0.00017558
29.74	0.00017205
29.745	0.00016848
29.75	0.00016495
29.755	0.00016129
29.76	0.00015775
29.765	0.00015434
29.77	0.00015086
29.775	0.00014744
29.78	0.00014418
29.785	0.0001409
29.79	0.00013748
29.795	0.00013408
29.8	0.00013081
29.805	0.00012762
29.81	0.00012452
29.815	0.00012147
29.82	0.00011849
29.825	0.0001156
29.83	0.00011282
29.835	0.0001101
29.84	0.00010745
29.845	0.00010487
29.85	0.00010237
29.855	9.9975e-05
29.86	9.7662e-05
29.865	9.5416e-05
29.87	9.3255e-05
29.875	9.1207e-05
29.88	8.9267e-05
29.885	8.7411e-05
29.89	8.5635e-05
29.895	8.3958e-05
29.9	8.2387e-05
29.905	8.0916e-05
29.91	7.9541e-05
29.915	7.826e-05
29.92	7.7078e-05
29.925	7.5995e-05
29.93	7.5009e-05
29.935	7.4118e-05
29.94	7.3323e-05
29.945	7.2621e-05
29.95	7.2013e-05
