0	0.0019758
0.005	0.0021386
0.01	0.0021672
0.015	0.0021817
0.02	0.0021894
0.025	0.0021913
0.03	0.0021773
0.035	0.0021452
0.04	0.002077
0.045	0.0019584
0.05	0.0017875
0.055	0.0015842
0.06	0.0013901
0.065	0.0012656
0.07	0.0012501
0.075	0.0013588
0.08	0.0015797
0.085	0.0018854
0.09	0.0023181
0.095	0.0028626
0.1	0.0035368
0.105	0.0042494
0.11	0.0048077
0.115	0.0050469
0.12	0.0048428
0.125	0.0041792
0.13	0.003176
0.135	0.002103
0.14	0.0011728
0.145	0.00041443
0.15	-0.00019554
0.155	-0.00064045
0.16	-0.0010593
0.165	-0.0013037
0.17	-0.0012958
0.175	-0.0011803
0.18	-0.00095939
0.185	-0.00080828
0.19	-0.00061032
0.195	2.6324e-06
0.2	0.0013239
0.205	0.0033587
0.21	0.0056294
0.215	0.0078729
0.22	0.0096001
0.225	0.010346
0.23	0.0098
0.235	0.0080485
0.24	0.0054185
0.245	0.0024807
0.25	-0.00046571
0.255	-0.0027582
0.26	-0.0035711
0.265	-0.0030284
0.27	-0.0019712
0.275	-0.0010314
0.28	-0.0007602
0.285	-0.0010914
0.29	-0.0014786
0.295	-0.0013781
0.3	-0.00056491
0.305	0.00041755
0.31	0.0010554
0.315	0.0019344
0.32	0.0037659
0.325	0.0066275
0.33	0.010253
0.335	0.013661
0.34	0.015197
0.345	0.013504
0.35	0.0076049
0.355	-0.00242
0.36	-0.014862
0.365	-0.026991
0.37	-0.035136
0.375	-0.038676
0.38	-0.038705
0.385	-0.036556
0.39	-0.033637
0.395	-0.030788
0.4	-0.027136
0.405	-0.02206
0.41	-0.016882
0.415	-0.013375
0.42	-0.012703
0.425	-0.015064
0.43	-0.018048
0.435	-0.017899
0.44	-0.012668
0.445	-0.0028213
0.45	0.0088797
0.455	0.017171
0.46	0.016841
0.465	0.0080986
0.47	-0.0036388
0.475	-0.013116
0.48	-0.016368
0.485	-0.012542
0.49	-0.0069287
0.495	-0.007954
0.5	-0.017506
0.505	-0.030215
0.51	-0.037961
0.515	-0.034743
0.52	-0.024506
0.525	-0.015718
0.53	-0.016586
0.535	-0.02837
0.54	-0.043739
0.545	-0.056936
0.55	-0.063798
0.555	-0.061485
0.56	-0.051046
0.565	-0.038167
0.57	-0.030516
0.575	-0.03094
0.58	-0.032848
0.585	-0.02762
0.59	-0.011455
0.595	0.012229
0.6	0.034645
0.605	0.04598
0.61	0.044149
0.615	0.036999
0.62	0.036972
0.625	0.050346
0.63	0.069112
0.635	0.074655
0.64	0.05502
0.645	0.01781
0.65	-0.017049
0.655	-0.031684
0.66	-0.01869
0.665	0.014297
0.67	0.050885
0.675	0.07726
0.68	0.085777
0.685	0.078002
0.69	0.064212
0.695	0.055564
0.7	0.060917
0.705	0.078542
0.71	0.1035
0.715	0.13008
0.72	0.15531
0.725	0.17736
0.73	0.1956
0.735	0.212
0.74	0.22731
0.745	0.24011
0.75	0.24986
0.755	0.25498
0.76	0.255
0.765	0.25416
0.77	0.25768
0.775	0.26698
0.78	0.27889
0.785	0.28948
0.79	0.29511
0.795	0.29048
0.8	0.27544
0.805	0.24839
0.81	0.20771
0.815	0.15254
0.82	0.084564
0.825	0.0071953
0.83	-0.080249
0.835	-0.16882
0.84	-0.2521
0.845	-0.33178
0.85	-0.40636
0.855	-0.4779
0.86	-0.54482
0.865	-0.59912
0.87	-0.6355
0.875	-0.6458
0.88	-0.62329
0.885	-0.57315
0.89	-0.51362
0.895	-0.46413
0.9	-0.4299
0.905	-0.40295
0.91	-0.37006
0.915	-0.31229
0.92	-0.21299
0.925	-0.065791
0.93	0.10935
0.935	0.28633
0.94	0.43974
0.945	0.5503
0.95	0.61411
0.955	0.63893
0.96	0.63951
0.965	0.63455
0.97	0.63886
0.975	0.65863
0.98	0.67956
0.985	0.6755
0.99	0.6286
0.995	0.53696
1	0.39968
1.005	0.21982
1.01	-0.00039889
1.015	-0.22491
1.02	-0.40261
1.025	-0.51509
1.03	-0.56929
1.035	-0.58394
1.04	-0.5671
1.045	-0.51612
1.05	-0.43226
1.055	-0.32733
1.06	-0.21776
1.065	-0.12398
1.07	-0.056087
1.075	-0.0038944
1.08	0.053717
1.085	0.12414
1.09	0.18779
1.095	0.21634
1.1	0.18813
1.105	0.10379
1.11	-0.019094
1.115	-0.16075
1.12	-0.30971
1.125	-0.44336
1.13	-0.5413
1.135	-0.60367
1.14	-0.64577
1.145	-0.68093
1.15	-0.70626
1.155	-0.70804
1.16	-0.67416
1.165	-0.6066
1.17	-0.51839
1.175	-0.42888
1.18	-0.34972
1.185	-0.27549
1.19	-0.19896
1.195	-0.115
1.2	-0.030764
1.205	0.044732
1.21	0.11232
1.215	0.17207
1.22	0.22729
1.225	0.27357
1.23	0.30215
1.235	0.31556
1.24	0.32539
1.245	0.34289
1.25	0.37091
1.255	0.40223
1.26	0.42583
1.265	0.43273
1.27	0.42292
1.275	0.40672
1.28	0.39225
1.285	0.38233
1.29	0.37684
1.295	0.37442
1.3	0.37202
1.305	0.36382
1.31	0.34348
1.315	0.304
1.32	0.24033
1.325	0.15274
1.33	0.042349
1.335	-0.082727
1.34	-0.20554
1.345	-0.31867
1.35	-0.42413
1.355	-0.52411
1.36	-0.61618
1.365	-0.68788
1.37	-0.72524
1.375	-0.72461
1.38	-0.69532
1.385	-0.64828
1.39	-0.59307
1.395	-0.53076
1.4	-0.45357
1.405	-0.35026
1.41	-0.21748
1.415	-0.063005
1.42	0.099595
1.425	0.24571
1.43	0.35879
1.435	0.44635
1.44	0.52798
1.445	0.60822
1.45	0.67316
1.455	0.7097
1.46	0.71136
1.465	0.68266
1.47	0.63907
1.475	0.59535
1.48	0.55661
1.485	0.52239
1.49	0.49148
1.495	0.4614
1.5	0.42859
1.505	0.39092
1.51	0.35009
1.515	0.30968
1.52	0.27252
1.525	0.23885
1.53	0.20786
1.535	0.17934
1.54	0.14864
1.545	0.10608
1.55	0.046187
1.555	-0.031485
1.56	-0.12305
1.565	-0.22413
1.57	-0.3327
1.575	-0.44107
1.58	-0.54318
1.585	-0.63248
1.59	-0.70312
1.595	-0.7538
1.6	-0.78332
1.605	-0.78652
1.61	-0.75932
1.615	-0.69723
1.62	-0.59632
1.625	-0.45282
1.63	-0.27393
1.635	-0.091003
1.64	0.071753
1.645	0.18896
1.65	0.2582
1.655	0.2993
1.66	0.32845
1.665	0.34631
1.67	0.34964
1.675	0.34467
1.68	0.34777
1.685	0.36739
1.69	0.40242
1.695	0.4442
1.7	0.48281
1.705	0.51085
1.71	0.52539
1.715	0.51569
1.72	0.46947
1.725	0.37332
1.73	0.2296
1.735	0.063322
1.74	-0.09345
1.745	-0.21766
1.75	-0.30335
1.755	-0.36187
1.76	-0.40815
1.765	-0.45369
1.77	-0.49759
1.775	-0.5274
1.78	-0.52688
1.785	-0.49373
1.79	-0.4343
1.795	-0.36112
1.8	-0.28598
1.805	-0.21696
1.81	-0.16366
1.815	-0.12765
1.82	-0.10179
1.825	-0.077095
1.83	-0.048023
1.835	-0.0087474
1.84	0.042288
1.845	0.1037
1.85	0.17569
1.855	0.25435
1.86	0.32999
1.865	0.38058
1.87	0.37883
1.875	0.31077
1.88	0.18865
1.885	0.04485
1.89	-0.085468
1.895	-0.18379
1.9	-0.2573
1.905	-0.32215
1.91	-0.3854
1.915	-0.43871
1.92	-0.47129
1.925	-0.47523
1.93	-0.45249
1.935	-0.41004
1.94	-0.34911
1.945	-0.26899
1.95	-0.17065
1.955	-0.063577
1.96	0.037489
1.965	0.11443
1.97	0.15845
1.975	0.18362
1.98	0.21155
1.985	0.25227
1.99	0.29734
1.995	0.32993
2	0.33807
2.005	0.32392
2.01	0.30222
2.015	0.2855
2.02	0.27995
2.025	0.287
2.03	0.30476
2.035	0.32495
2.04	0.34017
2.045	0.34782
2.05	0.34389
2.055	0.32409
2.06	0.28814
2.065	0.23898
2.07	0.18106
2.075	0.11909
2.08	0.056241
2.085	-0.0083162
2.09	-0.076211
2.095	-0.14449
2.1	-0.20994
2.105	-0.26343
2.11	-0.29403
2.115	-0.29834
2.12	-0.27963
2.125	-0.24727
2.13	-0.21021
2.135	-0.17527
2.14	-0.14258
2.145	-0.1116
2.15	-0.083071
2.155	-0.057147
2.16	-0.032522
2.165	-0.0091275
2.17	0.011961
2.175	0.029719
2.18	0.040956
2.185	0.046185
2.19	0.051178
2.195	0.05772
2.2	0.065156
2.205	0.068728
2.21	0.062602
2.215	0.047383
2.22	0.025974
2.225	0.0036215
2.23	-0.012413
2.235	-0.019991
2.24	-0.022184
2.245	-0.022292
2.25	-0.022806
2.255	-0.023647
2.26	-0.021599
2.265	-0.017458
2.27	-0.015687
2.275	-0.019283
2.28	-0.025016
2.285	-0.02748
2.29	-0.026362
2.295	-0.023996
2.3	-0.019825
2.305	-0.013518
2.31	-0.0059918
2.315	0.0014373
2.32	0.0077805
2.325	0.0089937
2.33	0.0045934
2.335	-0.0021671
2.34	-0.0078841
2.345	-0.0062678
2.35	0.0057603
2.355	0.025444
2.36	0.050107
2.365	0.07698
2.37	0.098876
2.375	0.10908
2.38	0.10663
2.385	0.099193
2.39	0.092978
2.395	0.08702
2.4	0.079434
2.405	0.070086
2.41	0.059774
2.415	0.048791
2.42	0.037915
2.425	0.027821
2.43	0.018226
2.435	0.0085772
2.44	-0.0012821
2.445	-0.011736
2.45	-0.024829
2.455	-0.042855
2.46	-0.066312
2.465	-0.093247
2.47	-0.11701
2.475	-0.13158
2.48	-0.13852
2.485	-0.14086
2.49	-0.14131
2.495	-0.14118
2.5	-0.13696
2.505	-0.12537
2.51	-0.1079
2.515	-0.091726
2.52	-0.080029
2.525	-0.07399
2.53	-0.075889
2.535	-0.086783
2.54	-0.10411
2.545	-0.12113
2.55	-0.1323
2.555	-0.13637
2.56	-0.1332
2.565	-0.12216
2.57	-0.10392
2.575	-0.078522
2.58	-0.045774
2.585	-0.0046919
2.59	0.039452
2.595	0.081725
2.6	0.11914
2.605	0.15241
2.61	0.18406
2.615	0.21077
2.62	0.22946
2.625	0.24168
2.63	0.24534
2.635	0.23982
2.64	0.22421
2.645	0.20277
2.65	0.18146
2.655	0.16061
2.66	0.13887
2.665	0.11676
2.67	0.093256
2.675	0.066249
2.68	0.036458
2.685	0.0074672
2.69	-0.020341
2.695	-0.048584
2.7	-0.07775
2.705	-0.10614
2.71	-0.13056
2.715	-0.15153
2.72	-0.1682
2.725	-0.17847
2.73	-0.17943
2.735	-0.16869
2.74	-0.14734
2.745	-0.11673
2.75	-0.080391
2.755	-0.044529
2.76	-0.012947
2.765	0.011666
2.77	0.027984
2.775	0.037009
2.78	0.038922
2.785	0.034804
2.79	0.029749
2.795	0.024119
2.8	0.017039
2.805	0.010393
2.81	0.0053538
2.815	0.001943
2.82	0.0011889
2.825	0.0034248
2.83	0.0056426
2.835	0.0059132
2.84	0.0062092
2.845	0.010083
2.85	0.015166
2.855	0.020282
2.86	0.027503
2.865	0.037768
2.87	0.049586
2.875	0.057051
2.88	0.056349
2.885	0.0509
2.89	0.043073
2.895	0.033418
2.9	0.021936
2.905	0.010072
2.91	-0.0018618
2.915	-0.012904
2.92	-0.022185
2.925	-0.029683
2.93	-0.039116
2.935	-0.05406
2.94	-0.070682
2.945	-0.080593
2.95	-0.07576
2.955	-0.057243
2.96	-0.035036
2.965	-0.017337
2.97	-0.0047369
2.975	0.0032168
2.98	0.010244
2.985	0.018221
2.99	0.023585
2.995	0.024646
3	0.022318
3.005	0.017039
3.01	0.011117
3.015	0.0031134
3.02	-0.0061389
3.025	-0.01537
3.03	-0.022381
3.035	-0.022782
3.04	-0.016905
3.045	-0.011535
3.05	-0.010315
3.055	-0.014311
3.06	-0.020845
3.065	-0.025514
3.07	-0.025677
3.075	-0.020486
3.08	-0.0083292
3.085	0.010642
3.09	0.034764
3.095	0.058563
3.1	0.080887
3.105	0.10261
3.11	0.1242
3.115	0.14633
3.12	0.16648
3.125	0.17953
3.13	0.18057
3.135	0.17027
3.14	0.15366
3.145	0.13513
3.15	0.11601
3.155	0.09669
3.16	0.080055
3.165	0.06792
3.17	0.061158
3.175	0.057882
3.18	0.054364
3.185	0.045501
3.19	0.030828
3.195	0.015123
3.2	0.0012884
3.205	-0.013051
3.21	-0.028049
3.215	-0.041915
3.22	-0.053099
3.225	-0.06252
3.23	-0.071765
3.235	-0.07976
3.24	-0.084955
3.245	-0.089292
3.25	-0.091597
3.255	-0.089913
3.26	-0.084383
3.265	-0.078549
3.27	-0.072537
3.275	-0.066017
3.28	-0.058682
3.285	-0.051379
3.29	-0.045031
3.295	-0.042156
3.3	-0.040441
3.305	-0.03626
3.31	-0.032515
3.315	-0.031392
3.32	-0.031918
3.325	-0.03235
3.33	-0.030998
3.335	-0.025661
3.34	-0.015213
3.345	-0.0017237
3.35	0.011194
3.355	0.022978
3.36	0.034268
3.365	0.046289
3.37	0.055602
3.375	0.0581
3.38	0.054116
3.385	0.047723
3.39	0.042729
3.395	0.039017
3.4	0.03521
3.405	0.028096
3.41	0.018902
3.415	0.0090792
3.42	-0.001884
3.425	-0.012255
3.43	-0.018953
3.435	-0.020196
3.44	-0.018623
3.445	-0.017543
3.45	-0.01782
3.455	-0.016343
3.46	-0.011975
3.465	-0.0088244
3.47	-0.0084644
3.475	-0.0094554
3.48	-0.010056
3.485	-0.0097872
3.49	-0.0091058
3.495	-0.0085728
3.5	-0.0081175
3.505	-0.00504
3.51	0.0042823
3.515	0.017798
3.52	0.030118
3.525	0.03927
3.53	0.04529
3.535	0.045752
3.54	0.039679
3.545	0.029848
3.55	0.018872
3.555	0.011831
3.56	0.011372
3.565	0.015549
3.57	0.021585
3.575	0.02787
3.58	0.032003
3.585	0.03242
3.59	0.031282
3.595	0.031459
3.6	0.035946
3.605	0.043778
3.61	0.051126
3.615	0.057596
3.62	0.063688
3.625	0.069197
3.63	0.075348
3.635	0.08052
3.64	0.081819
3.645	0.077804
3.65	0.071668
3.655	0.065882
3.66	0.060381
3.665	0.055798
3.67	0.053298
3.675	0.053016
3.68	0.053488
3.685	0.053541
3.69	0.053476
3.695	0.055236
3.7	0.060054
3.705	0.067824
3.71	0.077511
3.715	0.087262
3.72	0.094794
3.725	0.099326
3.73	0.10124
3.735	0.10143
3.74	0.10139
3.745	0.10183
3.75	0.10306
3.755	0.10722
3.76	0.11416
3.765	0.12058
3.77	0.1232
3.775	0.12158
3.78	0.11556
3.785	0.10816
3.79	0.10217
3.795	0.095455
3.8	0.08474
3.805	0.071636
3.81	0.057859
3.815	0.043736
3.82	0.029409
3.825	0.015253
3.83	0.0026227
3.835	-0.0094142
3.84	-0.02019
3.845	-0.026444
3.85	-0.030704
3.855	-0.033939
3.86	-0.035208
3.865	-0.034457
3.87	-0.03019
3.875	-0.025789
3.88	-0.025116
3.885	-0.028942
3.89	-0.035427
3.895	-0.043503
3.9	-0.052257
3.905	-0.059273
3.91	-0.064275
3.915	-0.069889
3.92	-0.074805
3.925	-0.078707
3.93	-0.083445
3.935	-0.091116
3.94	-0.10174
3.945	-0.1153
3.95	-0.1321
3.955	-0.14886
3.96	-0.16141
3.965	-0.16943
3.97	-0.17344
3.975	-0.17685
3.98	-0.17696
3.985	-0.17396
3.99	-0.16995
3.995	-0.16517
4	-0.15812
4.005	-0.14859
4.01	-0.13851
4.015	-0.13018
4.02	-0.12131
4.025	-0.11201
4.03	-0.10177
4.035	-0.092289
4.04	-0.083393
4.045	-0.071839
4.05	-0.056622
4.055	-0.03903
4.06	-0.024079
4.065	-0.014373
4.07	-0.0089004
4.075	-0.0048563
4.08	-0.00038329
4.085	0.00301
4.09	0.0040959
4.095	0.0037718
4.1	0.0034165
4.105	0.0035275
4.11	0.0037666
4.115	0.0038337
4.12	0.0037501
4.125	0.0036448
4.13	0.0035961
4.135	0.0035312
4.14	0.0027199
4.145	-0.0015581
4.15	-0.0071455
4.155	-0.013701
4.16	-0.022219
4.165	-0.031677
4.17	-0.039308
4.175	-0.043867
4.18	-0.045264
4.185	-0.045753
4.19	-0.049733
4.195	-0.055256
4.2	-0.059997
4.205	-0.064578
4.21	-0.070686
4.215	-0.076107
4.22	-0.081202
4.225	-0.084762
4.23	-0.085533
4.235	-0.084857
4.24	-0.084523
4.245	-0.085356
4.25	-0.088487
4.255	-0.093224
4.26	-0.096214
4.265	-0.09628
4.27	-0.095844
4.275	-0.099011
4.28	-0.10155
4.285	-0.099234
4.29	-0.094928
4.295	-0.09044
4.3	-0.083773
4.305	-0.073605
4.31	-0.058537
4.315	-0.041258
4.32	-0.025444
4.325	-0.011659
4.33	0.0013916
4.335	0.01373
4.34	0.027131
4.345	0.044325
4.35	0.064378
4.355	0.083146
4.36	0.099753
4.365	0.11351
4.37	0.12623
4.375	0.13752
4.38	0.14519
4.385	0.14929
4.39	0.15073
4.395	0.15222
4.4	0.15704
4.405	0.16313
4.41	0.16909
4.415	0.17205
4.42	0.17024
4.425	0.16298
4.43	0.15385
4.435	0.14797
4.44	0.14295
4.445	0.13524
4.45	0.12565
4.455	0.11713
4.46	0.1097
4.465	0.10216
4.47	0.091161
4.475	0.076921
4.48	0.063112
4.485	0.050765
4.49	0.040134
4.495	0.030592
4.5	0.021028
4.505	0.010993
4.51	0.0013474
4.515	-0.0065823
4.52	-0.014401
4.525	-0.023462
4.53	-0.0322
4.535	-0.036543
4.54	-0.036157
4.545	-0.033305
4.55	-0.028565
4.555	-0.025295
4.56	-0.025179
4.565	-0.02523
4.57	-0.020666
4.575	-0.012177
4.58	-0.00085509
4.585	0.013615
4.59	0.027233
4.595	0.038705
4.6	0.050857
4.605	0.061495
4.61	0.069057
4.615	0.073412
4.62	0.076979
4.625	0.077434
4.63	0.074152
4.635	0.069846
4.64	0.064983
4.645	0.060587
4.65	0.055186
4.655	0.049116
4.66	0.042932
4.665	0.035845
4.67	0.029121
4.675	0.023802
4.68	0.019373
4.685	0.015445
4.69	0.012006
4.695	0.0072874
4.7	0.0034616
4.705	0.0011603
4.71	-0.0025866
4.715	-0.0060666
4.72	-0.0071293
4.725	-0.0066294
4.73	-0.0075309
4.735	-0.013029
4.74	-0.021409
4.745	-0.02993
4.75	-0.035537
4.755	-0.036681
4.76	-0.035298
4.765	-0.03304
4.77	-0.028959
4.775	-0.025196
4.78	-0.022723
4.785	-0.02265
4.79	-0.026714
4.795	-0.035104
4.8	-0.044797
4.805	-0.051851
4.81	-0.056628
4.815	-0.063075
4.82	-0.072617
4.825	-0.083636
4.83	-0.094312
4.835	-0.10472
4.84	-0.11637
4.845	-0.12873
4.85	-0.14141
4.855	-0.15298
4.86	-0.16277
4.865	-0.17045
4.87	-0.17465
4.875	-0.1777
4.88	-0.18271
4.885	-0.18994
4.89	-0.1947
4.895	-0.1941
4.9	-0.18772
4.905	-0.17571
4.91	-0.15936
4.915	-0.14293
4.92	-0.12856
4.925	-0.11629
4.93	-0.10596
4.935	-0.096372
4.94	-0.086593
4.945	-0.078377
4.95	-0.074927
4.955	-0.073473
4.96	-0.069504
4.965	-0.063647
4.97	-0.056241
4.975	-0.048612
4.98	-0.041147
4.985	-0.034191
4.99	-0.026124
4.995	-0.016314
5	-0.0059467
5.005	0.0029507
5.01	0.009044
5.015	0.014675
5.02	0.022262
5.025	0.030981
5.03	0.040601
5.035	0.050604
5.04	0.060393
5.045	0.069893
5.05	0.079446
5.055	0.089267
5.06	0.099104
5.065	0.10774
5.07	0.115
5.075	0.12205
5.08	0.12939
5.085	0.13716
5.09	0.14499
5.095	0.15391
5.1	0.16389
5.105	0.17408
5.11	0.18396
5.115	0.19361
5.12	0.20321
5.125	0.21289
5.13	0.22247
5.135	0.22996
5.14	0.2353
5.145	0.23904
5.15	0.24039
5.155	0.24028
5.16	0.24067
5.165	0.24446
5.17	0.24978
5.175	0.25187
5.18	0.24869
5.185	0.23999
5.19	0.2254
5.195	0.20604
5.2	0.18357
5.205	0.15815
5.21	0.1317
5.215	0.10635
5.22	0.080979
5.225	0.055974
5.23	0.030785
5.235	0.0046911
5.24	-0.020747
5.245	-0.043274
5.25	-0.061156
5.255	-0.074824
5.26	-0.083324
5.265	-0.08854
5.27	-0.092513
5.275	-0.094052
5.28	-0.090998
5.285	-0.084825
5.29	-0.075471
5.295	-0.063016
5.3	-0.045347
5.305	-0.024101
5.31	-0.0036409
5.315	0.013121
5.32	0.026535
5.325	0.037561
5.33	0.046679
5.335	0.051734
5.34	0.052496
5.345	0.051703
5.35	0.050826
5.355	0.047453
5.36	0.043607
5.365	0.042375
5.37	0.043209
5.375	0.044051
5.38	0.043188
5.385	0.038318
5.39	0.032349
5.395	0.026574
5.4	0.0223
5.405	0.017135
5.41	0.0089188
5.415	5.2413e-05
5.42	-0.0087992
5.425	-0.0198
5.43	-0.031856
5.435	-0.04309
5.44	-0.055067
5.445	-0.068749
5.45	-0.081922
5.455	-0.09517
5.46	-0.11167
5.465	-0.132
5.47	-0.15538
5.475	-0.17983
5.48	-0.20207
5.485	-0.22168
5.49	-0.24093
5.495	-0.25814
5.5	-0.27081
5.505	-0.2802
5.51	-0.28803
5.515	-0.29357
5.52	-0.29864
5.525	-0.30212
5.53	-0.30302
5.535	-0.30244
5.54	-0.30068
5.545	-0.29629
5.55	-0.29123
5.555	-0.28595
5.56	-0.28151
5.565	-0.27613
5.57	-0.26989
5.575	-0.2635
5.58	-0.25682
5.585	-0.25155
5.59	-0.24605
5.595	-0.24008
5.6	-0.23525
5.605	-0.23335
5.61	-0.23373
5.615	-0.23441
5.62	-0.23432
5.625	-0.23359
5.63	-0.23169
5.635	-0.22707
5.64	-0.22304
5.645	-0.22093
5.65	-0.21749
5.655	-0.21275
5.66	-0.20624
5.665	-0.19952
5.67	-0.19341
5.675	-0.18591
5.68	-0.17562
5.685	-0.16252
5.69	-0.14921
5.695	-0.13801
5.7	-0.12687
5.705	-0.11279
5.71	-0.096173
5.715	-0.075853
5.72	-0.054062
5.725	-0.0317
5.73	-0.0080455
5.735	0.013082
5.74	0.028914
5.745	0.039037
5.75	0.044398
5.755	0.051043
5.76	0.062391
5.765	0.075935
5.77	0.086283
5.775	0.094045
5.78	0.10208
5.785	0.11064
5.79	0.11773
5.795	0.12394
5.8	0.13177
5.805	0.13988
5.81	0.14563
5.815	0.15201
5.82	0.16021
5.825	0.16751
5.83	0.17271
5.835	0.17682
5.84	0.1803
5.845	0.18374
5.85	0.18857
5.855	0.19198
5.86	0.19451
5.865	0.19956
5.87	0.20608
5.875	0.21281
5.88	0.21894
5.885	0.2226
5.89	0.22572
5.895	0.23105
5.9	0.23896
5.905	0.24617
5.91	0.25016
5.915	0.25142
5.92	0.25177
5.925	0.25046
5.93	0.24671
5.935	0.23856
5.94	0.22789
5.945	0.21751
5.95	0.20819
5.955	0.19918
5.96	0.1897
5.965	0.17974
5.97	0.17091
5.975	0.16506
5.98	0.16243
5.985	0.16244
5.99	0.16541
5.995	0.1702
6	0.17271
6.005	0.17471
6.01	0.17868
6.015	0.18401
6.02	0.18975
6.025	0.1951
6.03	0.20268
6.035	0.21243
6.04	0.22161
6.045	0.22894
6.05	0.23531
6.055	0.24078
6.06	0.24591
6.065	0.2522
6.07	0.25868
6.075	0.26257
6.08	0.26292
6.085	0.25896
6.09	0.25142
6.095	0.23917
6.1	0.22141
6.105	0.20101
6.11	0.18109
6.115	0.16218
6.12	0.142
6.125	0.11847
6.13	0.091524
6.135	0.062222
6.14	0.033347
6.145	0.0049492
6.15	-0.02492
6.155	-0.054211
6.16	-0.081572
6.165	-0.10792
6.17	-0.13316
6.175	-0.15638
6.18	-0.17681
6.185	-0.19481
6.19	-0.21184
6.195	-0.23011
6.2	-0.24759
6.205	-0.26159
6.21	-0.27312
6.215	-0.283
6.22	-0.29115
6.225	-0.297
6.23	-0.30035
6.235	-0.3012
6.24	-0.30081
6.245	-0.29922
6.25	-0.29527
6.255	-0.28743
6.26	-0.27586
6.265	-0.26423
6.27	-0.2544
6.275	-0.24529
6.28	-0.23349
6.285	-0.21825
6.29	-0.20218
6.295	-0.18721
6.3	-0.1759
6.305	-0.16709
6.31	-0.15815
6.315	-0.14769
6.32	-0.13412
6.325	-0.1182
6.33	-0.1021
6.335	-0.083256
6.34	-0.061145
6.345	-0.036802
6.35	-0.010565
6.355	0.01499
6.36	0.038001
6.365	0.059009
6.37	0.078556
6.375	0.093911
6.38	0.1045
6.385	0.11201
6.39	0.1179
6.395	0.1244
6.4	0.13111
6.405	0.13563
6.41	0.13722
6.415	0.13552
6.42	0.13281
6.425	0.13189
6.43	0.13267
6.435	0.13325
6.44	0.13135
6.445	0.12648
6.45	0.12029
6.455	0.11321
6.46	0.10605
6.465	0.099218
6.47	0.093908
6.475	0.089036
6.48	0.082872
6.485	0.0764
6.49	0.069463
6.495	0.06212
6.5	0.054219
6.505	0.045044
6.51	0.035032
6.515	0.025306
6.52	0.017321
6.525	0.010572
6.53	0.0053292
6.535	0.00048557
6.54	-0.0041467
6.545	-0.007984
6.55	-0.011845
6.555	-0.015202
6.56	-0.01941
6.565	-0.023838
6.57	-0.026287
6.575	-0.029767
6.58	-0.034686
6.585	-0.041458
6.59	-0.05069
6.595	-0.060929
6.6	-0.070577
6.605	-0.077661
6.61	-0.0826
6.615	-0.088222
6.62	-0.093532
6.625	-0.09911
6.63	-0.10327
6.635	-0.10505
6.64	-0.10844
6.645	-0.11256
6.65	-0.1147
6.655	-0.11625
6.66	-0.11796
6.665	-0.12025
6.67	-0.12089
6.675	-0.12136
6.68	-0.12336
6.685	-0.12886
6.69	-0.13648
6.695	-0.14458
6.7	-0.15167
6.705	-0.15811
6.71	-0.16277
6.715	-0.16732
6.72	-0.17099
6.725	-0.17219
6.73	-0.17174
6.735	-0.17057
6.74	-0.16737
6.745	-0.16655
6.75	-0.16531
6.755	-0.15876
6.76	-0.14572
6.765	-0.12876
6.77	-0.11152
6.775	-0.097176
6.78	-0.083762
6.785	-0.070191
6.79	-0.055153
6.795	-0.041302
6.8	-0.030536
6.805	-0.021598
6.81	-0.012444
6.815	-0.0023152
6.82	0.00819
6.825	0.017696
6.83	0.024478
6.835	0.028928
6.84	0.032326
6.845	0.034231
6.85	0.0346
6.855	0.03435
6.86	0.034304
6.865	0.035267
6.87	0.039199
6.875	0.046571
6.88	0.053307
6.885	0.055579
6.89	0.055038
6.895	0.056454
6.9	0.06062
6.905	0.063968
6.91	0.064572
6.915	0.063461
6.92	0.061418
6.925	0.057897
6.93	0.054082
6.935	0.051549
6.94	0.049605
6.945	0.047701
6.95	0.04417
6.955	0.039723
6.96	0.035437
6.965	0.029662
6.97	0.02345
6.975	0.018196
6.98	0.014637
6.985	0.012744
6.99	0.011844
6.995	0.013872
7	0.017726
7.005	0.020717
7.01	0.022696
7.015	0.023306
7.02	0.023125
7.025	0.024102
7.03	0.028008
7.035	0.033858
7.04	0.040626
7.045	0.047861
7.05	0.052925
7.055	0.054969
7.06	0.056244
7.065	0.056361
7.07	0.054774
7.075	0.054495
7.08	0.05798
7.085	0.06291
7.09	0.065274
7.095	0.06568
7.1	0.067775
7.105	0.071661
7.11	0.074382
7.115	0.075992
7.12	0.079267
7.125	0.084521
7.13	0.090472
7.135	0.096899
7.14	0.10256
7.145	0.10603
7.15	0.10921
7.155	0.112
7.16	0.11072
7.165	0.10549
7.17	0.10049
7.175	0.095186
7.18	0.087413
7.185	0.077565
7.19	0.067298
7.195	0.057717
7.2	0.04969
7.205	0.042961
7.21	0.037259
7.215	0.032239
7.22	0.025795
7.225	0.017908
7.23	0.0085609
7.235	-0.0013859
7.24	-0.010002
7.245	-0.016953
7.25	-0.023491
7.255	-0.028991
7.26	-0.031392
7.265	-0.031144
7.27	-0.031762
7.275	-0.033139
7.28	-0.034097
7.285	-0.034278
7.29	-0.034207
7.295	-0.03555
7.3	-0.039439
7.305	-0.043337
7.31	-0.043159
7.315	-0.038247
7.32	-0.032957
7.325	-0.029684
7.33	-0.026724
7.335	-0.022625
7.34	-0.017209
7.345	-0.010247
7.35	-0.0040986
7.355	0.00087242
7.36	0.0049744
7.365	0.0082674
7.37	0.012011
7.375	0.014817
7.38	0.013762
7.385	0.0085988
7.39	0.00086238
7.395	-0.0066819
7.4	-0.01219
7.405	-0.017305
7.41	-0.021796
7.415	-0.025236
7.42	-0.02895
7.425	-0.031773
7.43	-0.031373
7.435	-0.030321
7.44	-0.031421
7.445	-0.034855
7.45	-0.040131
7.455	-0.047059
7.46	-0.054181
7.465	-0.059577
7.47	-0.063627
7.475	-0.067444
7.48	-0.069608
7.485	-0.066262
7.49	-0.056724
7.495	-0.043913
7.5	-0.032898
7.505	-0.025289
7.51	-0.018248
7.515	-0.01077
7.52	-0.0024322
7.525	0.007029
7.53	0.015772
7.535	0.023616
7.54	0.031734
7.545	0.038099
7.55	0.042794
7.555	0.045066
7.56	0.044528
7.565	0.045133
7.57	0.048019
7.575	0.052148
7.58	0.056948
7.585	0.061756
7.59	0.066209
7.595	0.068975
7.6	0.06948
7.605	0.069031
7.61	0.068876
7.615	0.06924
7.62	0.069408
7.625	0.067546
7.63	0.062688
7.635	0.054904
7.64	0.045107
7.645	0.03473
7.65	0.023813
7.655	0.014053
7.66	0.0065679
7.665	0.0018824
7.67	-0.00095859
7.675	-0.0045088
7.68	-0.0082175
7.685	-0.01161
7.69	-0.015495
7.695	-0.018537
7.7	-0.019871
7.705	-0.022761
7.71	-0.027504
7.715	-0.032292
7.72	-0.036601
7.725	-0.03878
7.73	-0.038569
7.735	-0.037712
7.74	-0.037654
7.745	-0.037884
7.75	-0.035541
7.755	-0.028688
7.76	-0.020533
7.765	-0.014548
7.77	-0.011004
7.775	-0.0097025
7.78	-0.0090805
7.785	-0.0054623
7.79	-0.0021581
7.795	-0.0007748
7.8	-0.0023935
7.805	-0.006381
7.81	-0.0079521
7.815	-0.0079243
7.82	-0.0082167
7.825	-0.0091406
7.83	-0.01247
7.835	-0.02042
7.84	-0.032965
7.845	-0.046271
7.85	-0.058609
7.855	-0.068985
7.86	-0.076348
7.865	-0.083368
7.87	-0.09255
7.875	-0.10304
7.88	-0.11135
7.885	-0.11605
7.89	-0.11731
7.895	-0.11677
7.9	-0.11557
7.905	-0.11172
7.91	-0.10798
7.915	-0.10725
7.92	-0.10978
7.925	-0.11537
7.93	-0.12083
7.935	-0.12637
7.94	-0.13179
7.945	-0.13587
7.95	-0.13737
7.955	-0.13695
7.96	-0.13507
7.965	-0.13074
7.97	-0.12724
7.975	-0.12667
7.98	-0.12643
7.985	-0.12253
7.99	-0.11659
7.995	-0.1089
8	-0.099466
8.005	-0.089409
8.01	-0.07962
8.015	-0.069909
8.02	-0.060435
8.025	-0.052306
8.03	-0.043953
8.035	-0.034362
8.04	-0.024095
8.045	-0.013813
8.05	-0.0030082
8.055	0.008008
8.06	0.01602
8.065	0.021681
8.07	0.027037
8.075	0.030203
8.08	0.03158
8.085	0.032573
8.09	0.032933
8.095	0.035247
8.1	0.039187
8.105	0.041483
8.11	0.041268
8.115	0.040243
8.12	0.041904
8.125	0.048481
8.13	0.056669
8.135	0.064101
8.14	0.069195
8.145	0.070601
8.15	0.072244
8.155	0.076901
8.16	0.083064
8.165	0.0891
8.17	0.094065
8.175	0.099726
8.18	0.10565
8.185	0.11237
8.19	0.12122
8.195	0.13153
8.2	0.14188
8.205	0.15148
8.21	0.15955
8.215	0.16648
8.22	0.17353
8.225	0.1809
8.23	0.18746
8.235	0.19277
8.24	0.19711
8.245	0.19907
8.25	0.20077
8.255	0.20446
8.26	0.2087
8.265	0.21335
8.27	0.21713
8.275	0.21646
8.28	0.21171
8.285	0.2075
8.29	0.20676
8.295	0.20825
8.3	0.20942
8.305	0.20875
8.31	0.20448
8.315	0.19856
8.32	0.19243
8.325	0.18452
8.33	0.17484
8.335	0.16467
8.34	0.15479
8.345	0.14519
8.35	0.13523
8.355	0.12333
8.36	0.10915
8.365	0.09562
8.37	0.084812
8.375	0.075082
8.38	0.064616
8.385	0.052123
8.39	0.039481
8.395	0.029071
8.4	0.021825
8.405	0.014947
8.41	0.0062839
8.415	-0.0019496
8.42	-0.0075129
8.425	-0.010162
8.43	-0.013808
8.435	-0.017814
8.44	-0.019463
8.445	-0.019047
8.45	-0.018315
8.455	-0.018284
8.46	-0.018871
8.465	-0.019404
8.47	-0.019488
8.475	-0.019278
8.48	-0.019123
8.485	-0.019512
8.49	-0.021947
8.495	-0.026266
8.5	-0.029276
8.505	-0.029479
8.51	-0.028379
8.515	-0.027818
8.52	-0.028976
8.525	-0.033947
8.53	-0.039436
8.535	-0.04355
8.54	-0.048335
8.545	-0.056091
8.55	-0.065036
8.555	-0.071207
8.56	-0.076833
8.565	-0.083665
8.57	-0.089431
8.575	-0.094548
8.58	-0.097586
8.585	-0.09798
8.59	-0.097329
8.595	-0.097127
8.6	-0.097579
8.605	-0.098
8.61	-0.096683
8.615	-0.091147
8.62	-0.083055
8.625	-0.074671
8.63	-0.067668
8.635	-0.061841
8.64	-0.058839
8.645	-0.058109
8.65	-0.057188
8.655	-0.05671
8.66	-0.056042
8.665	-0.05665
8.67	-0.058006
8.675	-0.058674
8.68	-0.058492
8.685	-0.058113
8.69	-0.057995
8.695	-0.058142
8.7	-0.058333
8.705	-0.058375
8.71	-0.058148
8.715	-0.056009
8.72	-0.050973
8.725	-0.046347
8.73	-0.042639
8.735	-0.039568
8.74	-0.036312
8.745	-0.031511
8.75	-0.028357
8.755	-0.028085
8.76	-0.02903
8.765	-0.029442
8.77	-0.029106
8.775	-0.030706
8.78	-0.037531
8.785	-0.046269
8.79	-0.05232
8.795	-0.05736
8.8	-0.06235
8.805	-0.066267
8.81	-0.067644
8.815	-0.067022
8.82	-0.064504
8.825	-0.059857
8.83	-0.0559
8.835	-0.052392
8.84	-0.047384
8.845	-0.041122
8.85	-0.037691
8.855	-0.037812
8.86	-0.038972
8.865	-0.038222
8.87	-0.034106
8.875	-0.029232
8.88	-0.028217
8.885	-0.032456
8.89	-0.037996
8.895	-0.040198
8.9	-0.039055
8.905	-0.037372
8.91	-0.03696
8.915	-0.037502
8.92	-0.036278
8.925	-0.031561
8.93	-0.025692
8.935	-0.018962
8.94	-0.012835
8.945	-0.0070067
8.95	0.00070885
8.955	0.010604
8.96	0.021133
8.965	0.030243
8.97	0.037259
8.975	0.043845
8.98	0.049879
8.985	0.055108
8.99	0.059036
8.995	0.060558
9	0.060226
9.005	0.059525
9.01	0.057593
9.015	0.0532
9.02	0.050047
9.025	0.04983
9.03	0.050965
9.035	0.051587
9.04	0.051244
9.045	0.050564
9.05	0.049894
9.055	0.047242
9.06	0.042465
9.065	0.039772
9.07	0.039866
9.075	0.038501
9.08	0.033943
9.085	0.030349
9.09	0.028405
9.095	0.025624
9.1	0.0222
9.105	0.019125
9.11	0.015533
9.115	0.012032
9.12	0.0081781
9.125	0.0035842
9.13	0.0010683
9.135	7.1004e-05
9.14	-0.000163
9.145	0.0010906
9.15	0.0021452
9.155	0.0021029
9.16	0.0015239
9.165	0.001176
9.17	0.0012678
9.175	0.0015321
9.18	0.0016726
9.185	0.0014765
9.19	-5.5354e-05
9.195	-0.0038124
9.2	-0.0076516
9.205	-0.0089656
9.21	-0.0085249
9.215	-0.010365
9.22	-0.015374
9.225	-0.019176
9.23	-0.022311
9.235	-0.027781
9.24	-0.035383
9.245	-0.043473
9.25	-0.050687
9.255	-0.05605
9.26	-0.057607
9.265	-0.056781
9.27	-0.056196
9.275	-0.056686
9.28	-0.057564
9.285	-0.057888
9.29	-0.056275
9.295	-0.051852
9.3	-0.044898
9.305	-0.037062
9.31	-0.031078
9.315	-0.026669
9.32	-0.02115
9.325	-0.013588
9.33	-0.0054466
9.335	0.0022719
9.34	0.0093426
9.345	0.016284
9.35	0.022328
9.355	0.028561
9.36	0.035822
9.365	0.043366
9.37	0.049395
9.375	0.05121
9.38	0.050219
9.385	0.049257
9.39	0.04936
9.395	0.048692
9.4	0.04493
9.405	0.038894
9.41	0.032688
9.415	0.026347
9.42	0.020981
9.425	0.016001
9.43	0.010025
9.435	0.0042849
9.44	0.0011206
9.445	0.00098083
9.45	0.0018658
9.455	0.0020787
9.46	0.0014931
9.465	0.0015266
9.47	0.0050528
9.475	0.010267
9.48	0.013226
9.485	0.015895
9.49	0.019216
9.495	0.021251
9.5	0.02293
9.505	0.024771
9.51	0.025481
9.515	0.023756
9.52	0.020754
9.525	0.017544
9.53	0.013257
9.535	0.0059043
9.54	-0.003632
9.545	-0.010222
9.55	-0.014526
9.555	-0.017022
9.56	-0.017615
9.565	-0.017372
9.57	-0.017353
9.575	-0.017736
9.58	-0.017736
9.585	-0.015379
9.59	-0.010845
9.595	-0.0076118
9.6	-0.0072838
9.605	-0.0076143
9.61	-0.0040661
9.615	0.001006
9.62	0.0031706
9.625	0.0024568
9.63	0.0011639
9.635	0.0012331
9.64	0.004382
9.645	0.0094478
9.65	0.012598
9.655	0.012546
9.66	0.011226
9.665	0.009624
9.67	0.0055128
9.675	0.0016037
9.68	0.00069062
9.685	0.0018156
9.69	0.0028836
9.695	0.0028815
9.7	0.002169
9.705	0.0014787
9.71	0.0012783
9.715	0.0013591
9.72	0.00013654
9.725	-0.0043915
9.73	-0.0086982
9.735	-0.011093
9.74	-0.014549
9.745	-0.018365
9.75	-0.021649
9.755	-0.02379
9.76	-0.024555
9.765	-0.021584
9.77	-0.017894
9.775	-0.016799
9.78	-0.017738
9.785	-0.017422
9.79	-0.01285
9.795	-0.0066961
9.8	-0.0005735
9.805	0.0044749
9.81	0.0092437
9.815	0.013598
9.82	0.01855
9.825	0.022566
9.83	0.026296
9.835	0.029944
9.84	0.033637
9.845	0.038439
9.85	0.041449
9.855	0.041717
9.86	0.041053
9.865	0.0419
9.87	0.045745
9.875	0.050413
9.88	0.052477
9.885	0.051658
9.89	0.049301
9.895	0.045674
9.9	0.042145
9.905	0.04079
9.91	0.040341
9.915	0.037664
9.92	0.033348
9.925	0.029955
9.93	0.028423
9.935	0.027461
9.94	0.024458
9.945	0.022009
9.95	0.021525
9.955	0.021826
9.96	0.01954
9.965	0.01441
9.97	0.011154
9.975	0.011229
9.98	0.012643
9.985	0.013634
9.99	0.015985
9.995	0.020487
10	0.024614
10.005	0.028511
10.01	0.032891
10.015	0.037677
10.02	0.041587
10.025	0.045293
10.03	0.049699
10.035	0.052102
10.04	0.05207
10.045	0.051278
10.05	0.051069
10.055	0.051335
10.06	0.050289
10.065	0.046493
10.07	0.042466
10.075	0.041123
10.08	0.042574
10.085	0.047016
10.09	0.051256
10.095	0.049335
10.1	0.042464
10.105	0.033377
10.11	0.024842
10.115	0.020595
10.12	0.018089
10.125	0.014548
10.13	0.0093419
10.135	0.0049536
10.14	0.00016337
10.145	-0.0058704
10.15	-0.011921
10.155	-0.016364
10.16	-0.017737
10.165	-0.018618
10.17	-0.020404
10.175	-0.021818
10.18	-0.021936
10.185	-0.020006
10.19	-0.017385
10.195	-0.016322
10.2	-0.016823
10.205	-0.017563
10.21	-0.017682
10.215	-0.017221
10.22	-0.016847
10.225	-0.016865
10.23	-0.017053
10.235	-0.017169
10.24	-0.017186
10.245	-0.017502
10.25	-0.019103
10.255	-0.018856
10.26	-0.014315
10.265	-0.0061106
10.27	0.0015088
10.275	0.0047299
10.28	0.0051735
10.285	0.0037588
10.29	0.0021188
10.295	0.0011779
10.3	-0.002174
10.305	-0.0069346
10.31	-0.012568
10.315	-0.016492
10.32	-0.017883
10.325	-0.02105
10.33	-0.025021
10.335	-0.02676
10.34	-0.026371
10.345	-0.025589
10.35	-0.025483
10.355	-0.025934
10.36	-0.02633
10.365	-0.026294
10.37	-0.026099
10.375	-0.025905
10.38	-0.025702
10.385	-0.025996
10.39	-0.028501
10.395	-0.032998
10.4	-0.036159
10.405	-0.037178
10.41	-0.040293
10.415	-0.045313
10.42	-0.052142
10.425	-0.059215
10.43	-0.065348
10.435	-0.071206
10.44	-0.075795
10.445	-0.080474
10.45	-0.083851
10.455	-0.085953
10.46	-0.089759
10.465	-0.093381
10.47	-0.094531
10.475	-0.093902
10.48	-0.093221
10.485	-0.093271
10.49	-0.093771
10.495	-0.094147
10.5	-0.094172
10.505	-0.093884
10.51	-0.092795
10.515	-0.089641
10.52	-0.085287
10.525	-0.082129
10.53	-0.079353
10.535	-0.076079
10.54	-0.073986
10.545	-0.07374
10.55	-0.074262
10.555	-0.074516
10.56	-0.074212
10.565	-0.072353
10.57	-0.067528
10.575	-0.063426
10.58	-0.062644
10.585	-0.062597
10.59	-0.058972
10.595	-0.053942
10.6	-0.049295
10.605	-0.044321
10.61	-0.038314
10.615	-0.033075
10.62	-0.026741
10.625	-0.018395
10.63	-0.010753
10.635	-0.0046634
10.64	0.0024596
10.645	0.011748
10.65	0.021454
10.655	0.028644
10.66	0.033892
10.665	0.04074
10.67	0.049155
10.675	0.055531
10.68	0.060344
10.685	0.063544
10.69	0.066655
10.695	0.070404
10.7	0.072666
10.705	0.071493
10.71	0.065498
10.715	0.057932
10.72	0.051543
10.725	0.044646
10.73	0.035686
10.735	0.025964
10.74	0.017254
10.745	0.0086997
10.75	0.0030043
10.755	0.00097985
10.76	0.0024761
10.765	0.0044762
10.77	0.0046486
10.775	0.0034538
10.78	0.0025634
10.785	0.0026187
10.79	0.0031377
10.795	0.0034222
10.8	0.0026159
10.805	-0.00057628
10.81	-0.0050481
10.815	-0.0081914
10.82	-0.010911
10.825	-0.014047
10.83	-0.016023
10.835	-0.01621
10.84	-0.015593
10.845	-0.015315
10.85	-0.015597
10.855	-0.015943
10.86	-0.015289
10.865	-0.012166
10.87	-0.0089915
10.875	-0.010984
10.88	-0.015325
10.885	-0.017305
10.89	-0.01638
10.895	-0.014738
10.9	-0.013381
10.905	-0.010724
10.91	-0.0069175
10.915	-0.0046485
10.92	-0.0046881
10.925	-0.0054782
10.93	-0.0055473
10.935	-0.0048557
10.94	-0.0041395
10.945	-0.0038314
10.95	-0.0039367
10.955	-0.0042234
10.96	-0.0054001
10.965	-0.0088061
10.97	-0.012878
10.975	-0.014629
10.98	-0.014096
10.985	-0.013217
10.99	-0.015072
10.995	-0.020582
11	-0.024613
11.005	-0.02489
11.01	-0.023345
11.015	-0.022409
11.02	-0.022732
11.025	-0.023686
11.03	-0.025246
11.035	-0.026727
11.04	-0.025765
11.045	-0.023915
11.05	-0.023125
11.055	-0.023336
11.06	-0.021895
11.065	-0.016989
11.07	-0.011097
11.075	-0.0045531
11.08	0.0014069
11.085	0.0072101
11.09	0.014986
11.095	0.024843
11.1	0.034416
11.105	0.041963
11.11	0.048632
11.115	0.055406
11.12	0.06203
11.125	0.067477
11.13	0.072094
11.135	0.07405
11.14	0.073801
11.145	0.073203
11.15	0.073265
11.155	0.073501
11.16	0.071212
11.165	0.066251
11.17	0.063173
11.175	0.063286
11.18	0.064587
11.185	0.064863
11.19	0.061802
11.195	0.056278
11.2	0.053182
11.205	0.053588
11.21	0.055232
11.215	0.056035
11.22	0.055635
11.225	0.054835
11.23	0.054137
11.235	0.05151
11.24	0.046459
11.245	0.04107
11.25	0.036496
11.255	0.035297
11.26	0.038803
11.265	0.044751
11.27	0.047681
11.275	0.046778
11.28	0.044965
11.285	0.044516
11.29	0.045348
11.295	0.04658
11.3	0.049616
11.305	0.054805
11.31	0.060319
11.315	0.065146
11.32	0.067478
11.325	0.070384
11.33	0.07445
11.335	0.07703
11.34	0.078874
11.345	0.080595
11.35	0.081093
11.355	0.079395
11.36	0.076836
11.365	0.075786
11.37	0.076087
11.375	0.074861
11.38	0.07026
11.385	0.062302
11.39	0.052545
11.395	0.044355
11.4	0.039152
11.405	0.034288
11.41	0.02972
11.415	0.027145
11.42	0.023721
11.425	0.01929
11.43	0.016505
11.435	0.013282
11.44	0.0093087
11.445	0.0070342
11.45	0.005234
11.455	0.0018219
11.46	-0.0021282
11.465	-0.0071091
11.47	-0.013507
11.475	-0.019794
11.48	-0.026603
11.485	-0.035274
11.49	-0.045084
11.495	-0.05337
11.5	-0.059048
11.505	-0.064961
11.51	-0.073648
11.515	-0.084118
11.52	-0.092896
11.525	-0.098077
11.53	-0.10038
11.535	-0.10358
11.54	-0.10801
11.545	-0.11047
11.55	-0.11044
11.555	-0.10906
11.56	-0.10525
11.565	-0.10007
11.57	-0.094653
11.575	-0.089911
11.58	-0.084667
11.585	-0.075848
11.59	-0.065222
11.595	-0.058293
11.6	-0.053178
11.605	-0.046289
11.61	-0.040183
11.615	-0.034764
11.62	-0.031025
11.625	-0.029266
11.63	-0.025549
11.635	-0.021188
11.64	-0.019369
11.645	-0.019879
11.65	-0.020741
11.655	-0.020443
11.66	-0.017809
11.665	-0.014626
11.67	-0.012109
11.675	-0.012581
11.68	-0.014908
11.685	-0.015861
11.69	-0.014034
11.695	-0.01399
11.7	-0.013244
11.705	-0.010823
11.71	-0.0092945
11.715	-0.0093907
11.72	-0.010117
11.725	-0.010809
11.73	-0.012309
11.735	-0.012642
11.74	-0.013394
11.745	-0.016618
11.75	-0.019688
11.755	-0.019713
11.76	-0.014837
11.765	-0.0087935
11.77	-0.003216
11.775	-6.5151e-07
11.78	0.0008021
11.785	0.0038561
11.79	0.0081951
11.795	0.010406
11.8	0.010125
11.805	0.0090477
11.81	0.0079257
11.815	0.0042475
11.82	-0.00054434
11.825	-0.0060184
11.83	-0.010022
11.835	-0.011549
11.84	-0.014611
11.845	-0.018182
11.85	-0.017507
11.855	-0.01281
11.86	-0.0089889
11.865	-0.007865
11.87	-0.0052195
11.875	-0.0016439
11.88	-0.00077257
11.885	-0.0053257
11.89	-0.011539
11.895	-0.017318
11.9	-0.020496
11.905	-0.02038
11.91	-0.019158
11.915	-0.01877
11.92	-0.018988
11.925	-0.01728
11.93	-0.013147
11.935	-0.0098984
11.94	-0.0094147
11.945	-0.010375
11.95	-0.010294
11.955	-0.006646
11.96	-0.004751
11.965	-0.003387
11.97	-0.0013254
11.975	-0.00058505
11.98	-0.0027922
11.985	-0.0059657
11.99	-0.0089117
11.995	-0.010475
12	-0.010354
12.005	-0.0097126
12.01	-0.0095402
12.015	-0.0099554
12.02	-0.011214
12.025	-0.01559
12.03	-0.020169
12.035	-0.021511
12.04	-0.020393
12.045	-0.019245
12.05	-0.019241
12.055	-0.01995
12.06	-0.020454
12.065	-0.019682
12.07	-0.01525
12.075	-0.010385
12.08	-0.0088928
12.085	-0.010058
12.09	-0.011339
12.095	-0.011427
12.1	-0.010726
12.105	-0.010133
12.11	-0.010055
12.115	-0.010299
12.12	-0.010524
12.125	-0.010557
12.13	-0.010471
12.135	-0.010331
12.14	-0.0094998
12.145	-0.0053508
12.15	-0.00070329
12.155	0.0011878
12.16	0.0025796
12.165	0.0056428
12.17	0.0092711
12.175	0.013891
12.18	0.018895
12.185	0.024041
12.19	0.028897
12.195	0.033711
12.2	0.03779
12.205	0.03922
12.21	0.038728
12.215	0.038142
12.22	0.038297
12.225	0.038832
12.23	0.038646
12.235	0.035139
12.24	0.029525
12.245	0.023727
12.25	0.019555
12.255	0.018709
12.26	0.019728
12.265	0.020413
12.27	0.020048
12.275	0.019261
12.28	0.018819
12.285	0.018921
12.29	0.019767
12.295	0.023392
12.3	0.028206
12.305	0.030292
12.31	0.029561
12.315	0.0283
12.32	0.028054
12.325	0.028667
12.33	0.028998
12.335	0.027135
12.34	0.022773
12.345	0.019021
12.35	0.01819
12.355	0.019243
12.36	0.020128
12.365	0.020014
12.37	0.019374
12.375	0.018926
12.38	0.018873
12.385	0.018507
12.39	0.0152
12.395	0.010367
12.4	0.0081049
12.405	0.0087182
12.41	0.0099512
12.415	0.0098942
12.42	0.0069173
12.425	0.0017901
12.43	-0.0016401
12.435	-0.0025264
12.44	-0.0053273
12.445	-0.0092661
12.45	-0.01107
12.455	-0.0099175
12.46	-0.0048986
12.465	-5.8244e-05
12.47	0.001012
12.475	-0.00049517
12.48	-0.0018218
12.485	-0.0017725
12.49	-0.00092834
12.495	-0.00029989
12.5	-0.00026547
12.505	-0.00055738
12.51	-0.00078632
12.515	-0.00080153
12.52	-0.00069865
12.525	-0.00061586
12.53	-0.00061178
12.535	-0.00064969
12.54	-0.00067949
12.545	-0.00068359
12.55	-0.00067014
12.555	-0.00066033
12.56	-0.00065981
12.565	-0.00066547
12.57	-0.00066948
12.575	-0.00066978
12.58	-0.0006714
12.585	-0.00066917
12.59	-0.00066544
12.595	-0.00059759
12.6	0.00023277
12.605	0.0044269
12.61	0.0090886
12.615	0.010562
12.62	0.0094986
12.625	0.0083448
12.63	0.0087016
12.635	0.011488
12.64	0.014361
12.645	0.01476
12.65	0.011889
12.655	0.0087539
12.66	0.0078911
12.665	0.0080153
12.67	0.0047072
12.675	-0.00070901
12.68	-0.0068726
12.685	-0.010897
12.69	-0.011369
12.695	-0.011521
12.7	-0.015435
12.705	-0.020027
12.71	-0.021711
12.715	-0.020906
12.72	-0.019805
12.725	-0.01959
12.73	-0.019422
12.735	-0.017602
12.74	-0.014931
12.745	-0.012024
12.75	-0.010247
12.755	-0.0087948
12.76	-0.004822
12.765	-0.00081675
12.77	0.0017599
12.775	0.005491
12.78	0.008762
12.785	0.009668
12.79	0.0090536
12.795	0.0085069
12.8	0.0086555
12.805	0.0091684
12.81	0.0095082
12.815	0.0096778
12.82	0.011118
12.825	0.015656
12.83	0.019631
12.835	0.020473
12.84	0.020686
12.845	0.024288
12.85	0.028538
12.855	0.030096
12.86	0.029486
12.865	0.029941
12.87	0.034385
12.875	0.039015
12.88	0.040283
12.885	0.038438
12.89	0.034929
12.895	0.031978
12.9	0.0298
12.905	0.029034
12.91	0.029344
12.915	0.029694
12.92	0.029479
12.925	0.027965
12.93	0.024199
12.935	0.019962
12.94	0.018277
12.945	0.019104
12.95	0.020286
12.955	0.02047
12.96	0.019849
12.965	0.019089
12.97	0.016903
12.975	0.012193
12.98	0.0088754
12.985	0.0086957
12.99	0.009954
12.995	0.010642
13	0.0103
13.005	0.0096056
13.01	0.0092555
13.015	0.0093417
13.02	0.0094993
13.025	0.008691
13.03	0.0072342
13.035	0.0078434
13.04	0.00945
13.045	0.010243
13.05	0.010011
13.055	0.0097508
13.06	0.012205
13.065	0.01744
13.07	0.02069
13.075	0.020878
13.08	0.022187
13.085	0.026545
13.09	0.029875
13.095	0.030324
13.1	0.029287
13.105	0.028535
13.11	0.02868
13.115	0.029331
13.12	0.029778
13.125	0.029774
13.13	0.029546
13.135	0.029383
13.14	0.029313
13.145	0.02931
13.15	0.029339
13.155	0.029263
13.16	0.029166
13.165	0.029106
13.17	0.028789
13.175	0.026076
13.18	0.021058
13.185	0.01798
13.19	0.016724
13.195	0.014291
13.2	0.010881
13.205	0.0076701
13.21	0.0039085
13.215	0.00053025
13.22	-0.0011989
13.225	-0.0041726
13.23	-0.008421
13.235	-0.010725
13.24	-0.011115
13.245	-0.013669
13.25	-0.018233
13.255	-0.020833
13.26	-0.020666
13.265	-0.019559
13.27	-0.019122
13.275	-0.019527
13.28	-0.020095
13.285	-0.020317
13.29	-0.020189
13.295	-0.01998
13.3	-0.019895
13.305	-0.019933
13.31	-0.019976
13.315	-0.019667
13.32	-0.017499
13.325	-0.013157
13.33	-0.0096564
13.335	-0.0087716
13.34	-0.0077429
13.345	-0.004288
13.35	-0.00034368
13.355	0.0029885
13.36	0.0065678
13.365	0.0096095
13.37	0.012344
13.375	0.015993
13.38	0.019075
13.385	0.019456
13.39	0.01547
13.395	0.010116
13.4	0.0080514
13.405	0.0091851
13.41	0.010771
13.415	0.011072
13.42	0.010334
13.425	0.0095215
13.43	0.0085107
13.435	0.0045606
13.44	0.0001694
13.445	-0.0012713
13.45	-0.00096952
13.455	-0.0039119
13.46	-0.0085185
13.465	-0.011137
13.47	-0.013161
13.475	-0.016467
13.48	-0.019218
13.485	-0.019859
13.49	-0.018867
13.495	-0.016276
13.5	-0.013714
13.505	-0.011723
13.51	-0.012321
13.515	-0.014898
13.52	-0.018149
13.525	-0.0201
13.53	-0.019986
13.535	-0.019089
13.54	-0.018706
13.545	-0.019061
13.55	-0.02001
13.555	-0.022747
13.56	-0.027086
13.565	-0.029978
13.57	-0.030094
13.575	-0.028996
13.58	-0.028435
13.585	-0.02878
13.59	-0.029399
13.595	-0.029702
13.6	-0.029608
13.605	-0.029389
13.61	-0.029277
13.615	-0.0293
13.62	-0.029342
13.625	-0.028931
13.63	-0.026403
13.635	-0.021943
13.64	-0.018854
13.645	-0.018586
13.65	-0.018886
13.655	-0.015287
13.66	-0.010182
13.665	-0.0080221
13.67	-0.0086923
13.675	-0.0094642
13.68	-0.0076551
13.685	-0.0054113
13.69	-0.005657
13.695	-0.0064191
13.7	-0.007868
13.705	-0.0092495
13.71	-0.009642
13.715	-0.01052
13.72	-0.014577
13.725	-0.018681
13.73	-0.019944
13.735	-0.020402
13.74	-0.02399
13.745	-0.028108
13.75	-0.029573
13.755	-0.028723
13.76	-0.026336
13.765	-0.021699
13.77	-0.018134
13.775	-0.017746
13.78	-0.019011
13.785	-0.019736
13.79	-0.018646
13.795	-0.01491
13.8	-0.01017
13.805	-0.0077568
13.81	-0.0081811
13.815	-0.0093649
13.82	-0.0095984
13.825	-0.0089383
13.83	-0.0082627
13.835	-0.0080779
13.84	-0.0083188
13.845	-0.0086577
13.85	-0.0087413
13.855	-0.0085911
13.86	-0.0071354
13.865	-0.0025934
13.87	0.0014784
13.875	0.0023085
13.88	0.0010142
13.885	-0.00098247
13.89	-0.003226
13.895	-0.0034112
13.9	-0.0017037
13.905	-0.00083178
13.91	0.00010659
13.915	0.00080281
13.92	0.00086993
13.925	0.00062807
13.93	0.00044783
13.935	0.00038767
13.94	0.00050237
13.945	0.00073427
13.95	0.00071011
13.955	-0.00060952
13.96	-0.0043138
13.965	-0.0085978
13.97	-0.010515
13.975	-0.011096
13.98	-0.013709
13.985	-0.017885
13.99	-0.020507
13.995	-0.022526
14	-0.026522
14.005	-0.02986
14.01	-0.032569
14.015	-0.036772
14.02	-0.039789
14.025	-0.040383
14.03	-0.040777
14.035	-0.041687
14.04	-0.042125
14.045	-0.042158
14.05	-0.04088
14.055	-0.039693
14.06	-0.039167
14.065	-0.03673
14.07	-0.031815
14.075	-0.028451
14.08	-0.025877
14.085	-0.022197
14.09	-0.019614
14.095	-0.017832
14.1	-0.014693
14.105	-0.01107
14.11	-0.0090351
14.115	-0.0065517
14.12	-0.0022498
14.125	0.00059289
14.13	0.00089824
14.135	0.00022476
14.14	0.001104
14.145	0.0029436
14.15	0.0043511
14.155	0.0072723
14.16	0.01044
14.165	0.011664
14.17	0.011184
14.175	0.010593
14.18	0.010711
14.185	0.011249
14.19	0.011801
14.195	0.012516
14.2	0.014272
14.205	0.015534
14.21	0.017325
14.215	0.019345
14.22	0.020447
14.225	0.019726
14.23	0.016321
14.235	0.013033
14.24	0.011803
14.245	0.0095047
14.25	0.0057111
14.255	0.0033489
14.26	0.001584
14.265	-0.0015805
14.27	-0.0049826
14.275	-0.0081027
14.28	-0.012018
14.285	-0.017035
14.29	-0.022063
14.295	-0.02495
14.3	-0.027137
14.305	-0.030442
14.31	-0.033148
14.315	-0.033711
14.32	-0.032909
14.325	-0.032271
14.33	-0.032362
14.335	-0.032688
14.34	-0.03281
14.345	-0.032651
14.35	-0.031674
14.355	-0.027374
14.36	-0.022507
14.365	-0.020077
14.37	-0.01689
14.375	-0.013327
14.38	-0.012193
14.385	-0.014609
14.39	-0.017531
14.395	-0.017862
14.4	-0.014777
14.405	-0.01147
14.41	-0.010613
14.415	-0.011493
14.42	-0.012351
14.425	-0.012429
14.43	-0.012402
14.435	-0.014517
14.44	-0.018859
14.445	-0.021932
14.45	-0.022105
14.455	-0.020917
14.46	-0.01986
14.465	-0.018011
14.47	-0.015586
14.475	-0.012896
14.48	-0.011301
14.485	-0.011249
14.49	-0.011758
14.495	-0.011873
14.5	-0.011366
14.505	-0.0096443
14.51	-0.0056861
14.515	-0.0031869
14.52	-0.0022272
14.525	-0.0018174
14.53	-0.0008964
14.535	0.0021582
14.54	0.0066232
14.545	0.010004
14.55	0.012926
14.555	0.016183
14.56	0.018201
14.565	0.018413
14.57	0.017957
14.575	0.017946
14.58	0.018398
14.585	0.018815
14.59	0.018915
14.595	0.018795
14.6	0.018663
14.605	0.018636
14.61	0.018731
14.615	0.01894
14.62	0.019098
14.625	0.019108
14.63	0.019046
14.635	0.019004
14.64	0.019005
14.645	0.018909
14.65	0.017478
14.655	0.012917
14.66	0.0088089
14.665	0.0079492
14.67	0.0091409
14.675	0.010023
14.68	0.0088585
14.685	0.0057103
14.69	0.0036276
14.695	0.0047211
14.7	0.0082078
14.705	0.010467
14.71	0.010267
14.715	0.0091787
14.72	0.0086721
14.725	0.008959
14.73	0.0094652
14.735	0.0097033
14.74	0.0096184
14.745	0.0093458
14.75	0.0081579
14.755	0.0056524
14.76	0.0049298
14.765	0.0074943
14.77	0.011019
14.775	0.014035
14.78	0.01504
14.785	0.015351
14.79	0.017147
14.795	0.018976
14.8	0.019538
14.805	0.019399
14.81	0.020275
14.815	0.023814
14.82	0.028246
14.825	0.030272
14.83	0.029727
14.835	0.028613
14.84	0.028346
14.845	0.028875
14.85	0.029547
14.855	0.030837
14.86	0.034162
14.865	0.038181
14.87	0.039999
14.875	0.03949
14.88	0.038337
14.885	0.036077
14.89	0.031663
14.895	0.028643
14.9	0.028378
14.905	0.027569
14.91	0.024162
14.915	0.021582
14.92	0.018874
14.925	0.014752
14.93	0.010605
14.935	0.008816
14.94	0.0081864
14.945	0.0055228
14.95	0.0013497
14.955	-0.0010713
14.96	-0.0010026
14.965	-4.5988e-05
14.97	0.00034934
14.975	-7.3877e-07
14.98	-0.00052234
14.985	-0.00082455
14.99	-0.001755
14.995	-0.0041125
15	-0.0067313
15.005	-0.0082161
15.01	-0.0058911
15.015	-0.0014274
15.02	0.00096892
15.025	0.00046518
15.03	-0.00092382
15.035	-0.001463
15.04	-0.001011
15.045	-0.00035164
15.05	-8.9581e-05
15.055	-0.00022926
15.06	-0.00048744
15.065	-0.0008896
15.07	-0.0032398
15.075	-0.0054277
15.08	-0.0032731
15.085	-0.00011955
15.09	0.00092738
15.095	0.00012991
15.1	-0.0005438
15.105	0.0019893
15.11	0.0074219
15.115	0.010766
15.12	0.010922
15.125	0.012162
15.13	0.016484
15.135	0.019833
15.14	0.020456
15.145	0.020655
15.15	0.021305
15.155	0.021985
15.16	0.024678
15.165	0.027051
15.17	0.026196
15.175	0.024077
15.18	0.021892
15.185	0.019846
15.19	0.019118
15.195	0.019499
15.2	0.019965
15.205	0.019951
15.21	0.019615
15.215	0.019345
15.22	0.019308
15.225	0.019419
15.23	0.019491
15.235	0.019173
15.24	0.0164
15.245	0.011361
15.25	0.0084925
15.255	0.0091248
15.26	0.013231
15.265	0.018783
15.27	0.021191
15.275	0.020193
15.28	0.018221
15.285	0.015098
15.29	0.010817
15.295	0.0087279
15.3	0.0092397
15.305	0.010362
15.31	0.010619
15.315	0.010059
15.32	0.0094513
15.325	0.009274
15.33	0.0094554
15.335	0.0096766
15.34	0.0097573
15.345	0.0098579
15.35	0.010997
15.355	0.012296
15.36	0.01281
15.365	0.015287
15.37	0.019912
15.375	0.022758
15.38	0.021372
15.385	0.018794
15.39	0.01681
15.395	0.016269
15.4	0.016761
15.405	0.01638
15.41	0.017036
15.415	0.018905
15.42	0.019793
15.425	0.018214
15.43	0.016657
15.435	0.015769
15.44	0.013628
15.445	0.01232
15.45	0.011989
15.455	0.011407
15.46	0.012306
15.465	0.014169
15.47	0.013631
15.475	0.010993
15.48	0.009246
15.485	0.0093382
15.49	0.010202
15.495	0.010677
15.5	0.010513
15.505	0.010126
15.51	0.0099099
15.515	0.0098391
15.52	0.0098102
15.525	0.0098114
15.53	0.009822
15.535	0.0098247
15.54	0.009812
15.545	0.009804
15.55	0.0098028
15.555	0.0098143
15.56	0.0098544
15.565	0.010011
15.57	0.010182
15.575	0.010237
15.58	0.010202
15.585	0.010136
15.59	0.0099888
15.595	0.0098527
15.6	0.0098271
15.605	0.0098736
15.61	0.0099112
15.615	0.0099131
15.62	0.0098912
15.625	0.0098799
15.63	0.0098798
15.635	0.009828
15.64	0.0090077
15.645	0.0048166
15.65	0.00015746
15.655	-0.0013129
15.66	-0.00023934
15.665	0.00094708
15.67	0.0009519
15.675	-0.00039816
15.68	-0.002591
15.685	-0.0032148
15.69	-0.0043066
15.695	-0.0073045
15.7	-0.010548
15.705	-0.014141
15.71	-0.017925
15.715	-0.019945
15.72	-0.01999
15.725	-0.020676
15.73	-0.024902
15.735	-0.029267
15.74	-0.030543
15.745	-0.029527
15.75	-0.02846
15.755	-0.028413
15.76	-0.028917
15.765	-0.028074
15.77	-0.024348
15.775	-0.02168
15.78	-0.021123
15.785	-0.02236
15.79	-0.022848
15.795	-0.022824
15.8	-0.021491
15.805	-0.0207
15.81	-0.021604
15.815	-0.022183
15.82	-0.02236
15.825	-0.021018
15.83	-0.019529
15.835	-0.019119
15.84	-0.019522
15.845	-0.019937
15.85	-0.019963
15.855	-0.019735
15.86	-0.019528
15.865	-0.019319
15.87	-0.017343
15.875	-0.012673
15.88	-0.01121
15.885	-0.015868
15.89	-0.0207
15.895	-0.021685
15.9	-0.020031
15.905	-0.018565
15.91	-0.018618
15.915	-0.020598
15.92	-0.023784
15.925	-0.025642
15.93	-0.026688
15.935	-0.02825
15.94	-0.029244
15.945	-0.029237
15.95	-0.028897
15.955	-0.028808
15.96	-0.028995
15.965	-0.0292
15.97	-0.029257
15.975	-0.029187
15.98	-0.029109
15.985	-0.02908
15.99	-0.029098
15.995	-0.029126
16	-0.029146
16.005	-0.029319
16.01	-0.030844
16.015	-0.034717
16.02	-0.038671
16.025	-0.039984
16.03	-0.03917
16.035	-0.038227
16.04	-0.038192
16.045	-0.038752
16.05	-0.038942
16.055	-0.037291
16.06	-0.034935
16.065	-0.03508
16.07	-0.035799
16.075	-0.033704
16.08	-0.031509
16.085	-0.03052
16.09	-0.029693
16.095	-0.029517
16.1	-0.031196
16.105	-0.033409
16.11	-0.032748
16.115	-0.029879
16.12	-0.028061
16.125	-0.028238
16.13	-0.029211
16.135	-0.029726
16.14	-0.029545
16.145	-0.029126
16.15	-0.028617
16.155	-0.026355
16.16	-0.022499
16.165	-0.021136
16.17	-0.021084
16.175	-0.020538
16.18	-0.01987
16.185	-0.019519
16.19	-0.019475
16.195	-0.019529
16.2	-0.019511
16.205	-0.019028
16.21	-0.016472
16.215	-0.012024
16.22	-0.008905
16.225	-0.0078913
16.23	-0.0048301
16.235	-0.00078846
16.24	0.00099788
16.245	0.00055936
16.25	-0.00025238
16.255	0.00042489
16.26	0.0051929
16.265	0.011753
16.27	0.017897
16.275	0.02082
16.28	0.020459
16.285	0.020032
16.29	0.022889
16.295	0.028038
16.3	0.031328
16.305	0.031376
16.31	0.030042
16.315	0.029325
16.32	0.029638
16.325	0.030218
16.33	0.029736
16.335	0.026604
16.34	0.022008
16.345	0.019285
16.35	0.018062
16.355	0.014697
16.36	0.011063
16.365	0.0097425
16.37	0.010242
16.375	0.010758
16.38	0.0092501
16.385	0.0042109
16.39	-0.00027278
16.395	-0.0018726
16.4	-0.0034468
16.405	-0.0066413
16.41	-0.0092605
16.415	-0.0098878
16.42	-0.0093187
16.425	-0.0088327
16.43	-0.0089
16.435	-0.0092494
16.44	-0.0095119
16.445	-0.0095548
16.45	-0.0094725
16.455	-0.0093746
16.46	-0.009296
16.465	-0.0092407
16.47	-0.0091919
16.475	-0.0092373
16.48	-0.010263
16.485	-0.012691
16.49	-0.013515
16.495	-0.011222
16.5	-0.0087902
16.505	-0.0082794
16.51	-0.0091348
16.515	-0.009889
16.52	-0.0089554
16.525	-0.0052144
16.53	-0.00074323
16.535	0.0011858
16.54	0.00054522
16.545	-0.00061728
16.55	-0.00094249
16.555	-0.00049804
16.56	6.3335e-05
16.565	0.00036325
16.57	0.00042175
16.575	0.00026198
16.58	-0.001772
16.585	-0.0067284
16.59	-0.010412
16.595	-0.010868
16.6	-0.0097313
16.605	-0.0090417
16.61	-0.0093141
16.615	-0.0099184
16.62	-0.010137
16.625	-0.0089684
16.63	-0.0053553
16.635	-0.0011683
16.64	0.00050285
16.645	-0.00030201
16.65	-0.0015355
16.655	-0.0017622
16.66	-0.00019241
16.665	0.0037642
16.67	0.0080487
16.675	0.0096878
16.68	0.0089175
16.685	0.0079971
16.69	0.0098068
16.695	0.014114
16.7	0.015685
16.705	0.015274
16.71	0.015164
16.715	0.015448
16.72	0.017091
16.725	0.018595
16.73	0.019051
16.735	0.018904
16.74	0.01879
16.745	0.018087
16.75	0.017695
16.755	0.019503
16.76	0.021683
16.765	0.022697
16.77	0.022767
16.775	0.022757
16.78	0.023154
16.785	0.023816
16.79	0.024234
16.795	0.023306
16.8	0.022149
16.805	0.022963
16.81	0.024193
16.815	0.024456
16.82	0.02393
16.825	0.023313
16.83	0.022997
16.835	0.022827
16.84	0.022441
16.845	0.021722
16.85	0.020679
16.855	0.0195
16.86	0.018647
16.865	0.020371
16.87	0.024652
16.875	0.026965
16.88	0.025023
16.885	0.019979
16.89	0.016898
16.895	0.01856
16.9	0.021575
16.905	0.024065
16.91	0.025825
16.915	0.026357
16.92	0.026402
16.925	0.02701
16.93	0.028454
16.935	0.030385
16.94	0.032218
16.945	0.033228
16.95	0.032131
16.955	0.029645
16.96	0.02682
16.965	0.024062
16.97	0.019806
16.975	0.014581
16.98	0.0099932
16.985	0.0055916
16.99	0.0023026
16.995	0.0006073
17	-0.0027784
17.005	-0.0077242
17.01	-0.010644
17.015	-0.010942
17.02	-0.010213
17.025	-0.0094063
17.03	-0.0071939
17.035	-0.0027018
17.04	0.001591
17.045	0.0034705
17.05	0.003613
17.055	0.0041172
17.06	0.0080869
17.065	0.013747
17.07	0.016582
17.075	0.016502
17.08	0.017151
17.085	0.018835
17.09	0.020099
17.095	0.021767
17.1	0.023139
17.105	0.023139
17.11	0.022206
17.115	0.021277
17.12	0.020405
17.125	0.018415
17.13	0.017103
17.135	0.014438
17.14	0.012229
17.145	0.010607
17.15	0.0092173
17.155	0.0086177
17.16	0.0086285
17.165	0.0086914
17.17	0.0085111
17.175	0.0081279
17.18	0.0073699
17.185	0.004707
17.19	0.00029747
17.195	-0.0026561
17.2	-0.0027771
17.205	-0.0020172
17.21	-0.0038533
17.215	-0.0085615
17.22	-0.012237
17.225	-0.01274
17.23	-0.011483
17.235	-0.010618
17.24	-0.011979
17.245	-0.016683
17.25	-0.019792
17.255	-0.016845
17.26	-0.01024
17.265	-0.0058188
17.27	-0.0053823
17.275	-0.0065478
17.28	-0.0068287
17.285	-0.0057844
17.29	-0.0044526
17.295	-0.0038508
17.3	-0.0047186
17.305	-0.0075123
17.31	-0.010042
17.315	-0.010858
17.32	-0.011289
17.325	-0.013546
17.33	-0.016379
17.335	-0.018099
17.34	-0.018801
17.345	-0.019402
17.35	-0.020349
17.355	-0.021946
17.36	-0.024071
17.365	-0.023003
17.37	-0.01745
17.375	-0.013524
17.38	-0.015985
17.385	-0.022043
17.39	-0.02557
17.395	-0.024858
17.4	-0.022528
17.405	-0.021147
17.41	-0.020248
17.415	-0.017467
17.42	-0.013493
17.425	-0.011256
17.43	-0.011213
17.435	-0.011709
17.44	-0.010502
17.445	-0.0061848
17.45	-0.0011866
17.455	0.00096782
17.46	0.00042303
17.465	-0.0005808
17.47	0.00041894
17.475	0.0039464
17.48	0.0079024
17.485	0.011194
17.49	0.011762
17.495	0.0096247
17.5	0.0089522
17.505	0.0109
17.51	0.010873
17.515	0.007952
17.52	0.0056163
17.525	0.0054765
17.53	0.0063857
17.535	0.0067912
17.54	0.0062012
17.545	0.0050264
17.55	0.0037349
17.555	0.0022179
17.56	-0.0015743
17.565	-0.007553
17.57	-0.011211
17.575	-0.011425
17.58	-0.010392
17.585	-0.01037
17.59	-0.013673
17.595	-0.019372
17.6	-0.022505
17.605	-0.02211
17.61	-0.020652
17.615	-0.020253
17.62	-0.021086
17.625	-0.022441
17.63	-0.025492
17.635	-0.028887
17.64	-0.027545
17.645	-0.022865
17.65	-0.019587
17.655	-0.018969
17.66	-0.019302
17.665	-0.018931
17.67	-0.017437
17.675	-0.013499
17.68	-0.0078028
17.685	-0.0047106
17.69	-0.0049108
17.695	-0.006066
17.7	-0.0062037
17.705	-0.0042755
17.71	-0.0010783
17.715	0.0017651
17.72	0.0034395
17.725	0.0029976
17.73	0.00017102
17.735	-0.0032589
17.74	-0.0061303
17.745	-0.0084925
17.75	-0.012063
17.755	-0.015182
17.76	-0.016464
17.765	-0.016011
17.77	-0.014825
17.775	-0.016123
17.78	-0.019449
17.785	-0.021746
17.79	-0.021971
17.795	-0.021057
17.8	-0.020094
17.805	-0.019419
17.81	-0.018831
17.815	-0.018167
17.82	-0.017472
17.825	-0.01685
17.83	-0.016346
17.835	-0.015939
17.84	-0.015633
17.845	-0.01543
17.85	-0.015139
17.855	-0.013799
17.86	-0.012814
17.865	-0.011092
17.87	-0.0082155
17.875	-0.0068999
17.88	-0.0079048
17.885	-0.01079
17.89	-0.012582
17.895	-0.013216
17.9	-0.015342
17.905	-0.016534
17.91	-0.013986
17.915	-0.010405
17.92	-0.0091663
17.925	-0.01006
17.93	-0.011102
17.935	-0.011151
17.94	-0.010393
17.945	-0.0096567
17.95	-0.0095066
17.955	-0.0098258
17.96	-0.010152
17.965	-0.0097413
17.97	-0.0063616
17.975	-0.0015706
17.98	0.00070038
17.985	0.00027682
17.99	-0.00061484
17.995	-0.00020145
18	0.0028186
18.005	0.0080178
18.01	0.012138
18.015	0.013163
18.02	0.012429
18.025	0.012019
18.03	0.012583
18.035	0.013466
18.04	0.013914
18.045	0.013769
18.05	0.013579
18.055	0.014615
18.06	0.015079
18.065	0.01362
18.07	0.012046
18.075	0.011557
18.08	0.011842
18.085	0.012102
18.09	0.011976
18.095	0.01162
18.1	0.011329
18.105	0.011242
18.11	0.011287
18.115	0.011321
18.12	0.01125
18.125	0.010755
18.13	0.0085532
18.135	0.0057317
18.14	0.0029704
18.145	0.0012972
18.15	0.0012589
18.155	0.0019956
18.16	0.0023034
18.165	0.0019561
18.17	0.0014549
18.175	0.00083639
18.18	-0.0015447
18.185	-0.0054483
18.19	-0.0067997
18.195	-0.0068145
18.2	-0.0073089
18.205	-0.0079379
18.21	-0.0082831
18.215	-0.0083389
18.22	-0.0082966
18.225	-0.0083075
18.23	-0.0083883
18.235	-0.0085429
18.24	-0.0094277
18.245	-0.013584
18.25	-0.017403
18.255	-0.014632
18.26	-0.0087904
18.265	-0.0052692
18.27	-0.0020946
18.275	0.00061139
18.28	0.0013161
18.285	0.00069956
18.29	0.00014653
18.295	0.00022997
18.3	0.00065765
18.305	0.00096978
18.31	0.00099808
18.315	0.00087969
18.32	0.00081713
18.325	0.00088131
18.33	0.0010049
18.335	0.001114
18.34	0.0011881
18.345	0.0012436
18.35	0.001302
18.355	0.001406
18.36	0.0019309
18.365	0.004517
18.37	0.00902
18.375	0.012176
18.38	0.012472
18.385	0.011364
18.39	0.010795
18.395	0.011633
18.4	0.014467
18.405	0.016831
18.41	0.015822
18.415	0.014817
18.42	0.015717
18.425	0.017367
18.43	0.019841
18.435	0.021383
18.44	0.019156
18.445	0.014027
18.45	0.010462
18.455	0.010396
18.46	0.011988
18.465	0.012975
18.47	0.012763
18.475	0.012072
18.48	0.011684
18.485	0.011745
18.49	0.011939
18.495	0.011966
18.5	0.011768
18.505	0.011452
18.51	0.011122
18.515	0.010837
18.52	0.010593
18.525	0.01037
18.53	0.010149
18.535	0.0099306
18.54	0.0097512
18.545	0.009635
18.55	0.0095664
18.555	0.0095532
18.56	0.009594
18.565	0.0096455
18.57	0.0090698
18.575	0.0069338
18.58	0.0049668
18.585	0.0039695
18.59	0.0024436
18.595	0.0010435
18.6	0.00073635
18.605	0.0011845
18.61	0.0015619
18.615	0.00090006
18.62	-0.0021394
18.625	-0.0064183
18.63	-0.0086952
18.635	-0.0082788
18.64	-0.0069942
18.645	-0.0064617
18.65	-0.0068383
18.655	-0.0074404
18.66	-0.0076842
18.665	-0.0069097
18.67	-0.0038991
18.675	0.0002735
18.68	0.0024682
18.685	0.0020639
18.69	0.00095217
18.695	0.00059179
18.7	0.00096494
18.705	0.0013477
18.71	0.0013136
18.715	-0.00020808
18.72	-0.0047572
18.725	-0.0088544
18.73	-0.0097993
18.735	-0.0093803
18.74	-0.011368
18.745	-0.0158
18.75	-0.018984
18.755	-0.019311
18.76	-0.018229
18.765	-0.017568
18.77	-0.017836
18.775	-0.018452
18.78	-0.018806
18.785	-0.018785
18.79	-0.018561
18.795	-0.01758
18.8	-0.016216
18.805	-0.016963
18.81	-0.01854
18.815	-0.019079
18.82	-0.018575
18.825	-0.017914
18.83	-0.017588
18.835	-0.016587
18.84	-0.013246
18.845	-0.0090213
18.85	-0.0070888
18.855	-0.0076439
18.86	-0.0084305
18.865	-0.0063349
18.87	-0.00075181
18.875	0.0032078
18.88	0.003392
18.885	0.0017348
18.89	0.00095389
18.895	0.0033353
18.9	0.0090157
18.905	0.012921
18.91	0.013001
18.915	0.011364
18.92	0.01046
18.925	0.01093
18.93	0.012729
18.935	0.014642
18.94	0.014001
18.945	0.013161
18.95	0.014746
18.955	0.016879
18.96	0.017653
18.965	0.01729
18.97	0.017729
18.975	0.020081
18.98	0.022133
18.985	0.022549
18.99	0.021973
18.995	0.021507
19	0.021546
19.005	0.021802
19.01	0.021879
19.015	0.020865
19.02	0.019038
19.025	0.018516
19.03	0.018646
19.035	0.019986
19.04	0.021076
19.045	0.020213
19.05	0.018376
19.055	0.018801
19.06	0.020447
19.065	0.02154
19.07	0.0217
19.075	0.021443
19.08	0.021349
19.085	0.021766
19.09	0.024595
19.095	0.029663
19.1	0.032578
19.105	0.032311
19.11	0.031005
19.115	0.030561
19.12	0.03115
19.125	0.031946
19.13	0.032333
19.135	0.032295
19.14	0.032145
19.145	0.032117
19.15	0.032209
19.155	0.03203
19.16	0.029391
19.165	0.024401
19.17	0.021513
19.175	0.021798
19.18	0.023137
19.185	0.023541
19.19	0.022618
19.195	0.019226
19.2	0.014006
19.205	0.01124
19.21	0.011525
19.215	0.01153
19.22	0.0093269
19.225	0.0059557
19.23	0.0028497
19.235	0.0017895
19.24	0.0021895
19.245	0.001373
19.25	-0.0022944
19.255	-0.0051494
19.26	-0.0029643
19.265	0.0018659
19.27	0.0057157
19.275	0.0088536
19.28	0.011222
19.285	0.01189
19.29	0.011473
19.295	0.01115
19.3	0.011377
19.305	0.011846
19.31	0.012145
19.315	0.012156
19.32	0.012046
19.325	0.01199
19.33	0.012055
19.335	0.012161
19.34	0.012099
19.345	0.010808
19.35	0.0083485
19.355	0.0067729
19.36	0.0055742
19.365	0.0039257
19.37	0.0042636
19.375	0.0077111
19.38	0.0092473
19.385	0.0056275
19.39	0.0015022
19.395	-0.00076865
19.4	-0.00058342
19.405	0.001851
19.41	0.0036044
19.415	0.0033025
19.42	0.00054662
19.425	-0.004102
19.43	-0.0077183
19.435	-0.0083711
19.44	-0.0072963
19.445	-0.0064683
19.45	-0.0068075
19.455	-0.0089008
19.46	-0.01202
19.465	-0.014717
19.47	-0.015644
19.475	-0.014953
19.48	-0.015431
19.485	-0.016623
19.49	-0.017358
19.495	-0.017494
19.5	-0.01736
19.505	-0.017268
19.51	-0.017302
19.515	-0.017386
19.52	-0.017441
19.525	-0.017458
19.53	-0.017471
19.535	-0.017492
19.54	-0.01753
19.545	-0.017563
19.55	-0.017447
19.555	-0.016309
19.56	-0.015356
19.565	-0.016258
19.57	-0.016451
19.575	-0.015685
19.58	-0.016143
19.585	-0.016029
19.59	-0.015315
19.595	-0.016143
19.6	-0.017402
19.605	-0.017865
19.61	-0.017577
19.615	-0.01705
19.62	-0.015769
19.625	-0.014639
19.63	-0.01437
19.635	-0.012179
19.64	-0.0087682
19.645	-0.0070393
19.65	-0.0073558
19.655	-0.0082181
19.66	-0.0084692
19.665	-0.0080937
19.67	-0.0076465
19.675	-0.0075033
19.68	-0.007644
19.685	-0.0078426
19.69	-0.0079337
19.695	-0.0078878
19.7	-0.0076418
19.705	-0.0061927
19.71	-0.0034899
19.715	-0.00080591
19.72	0.00040553
19.725	0.00011947
19.73	0.00084634
19.735	0.0017603
19.74	-0.00026003
19.745	-0.0051712
19.75	-0.0078604
19.755	-0.0048485
19.76	0.0016672
19.765	0.0050486
19.77	0.002977
19.775	-0.00032576
19.78	-0.0014358
19.785	-0.0014908
19.79	-0.0001322
19.795	0.0012187
19.8	0.0014888
19.805	0.0011097
19.81	0.00082175
19.815	0.0020568
19.82	0.0034066
19.825	0.003831
19.83	0.0035613
19.835	0.0032661
19.84	0.0032895
19.845	0.0035087
19.85	0.0037147
19.855	0.0040848
19.86	0.0061077
19.865	0.010282
19.87	0.013858
19.875	0.01444
19.88	0.011583
19.885	0.0067378
19.89	0.0034223
19.895	0.0033005
19.9	0.0047069
19.905	0.005493
19.91	0.0051278
19.915	0.0043514
19.92	0.0039162
19.925	0.0039541
19.93	0.0041564
19.935	0.0042424
19.94	0.0041671
19.945	0.004019
19.95	0.0038838
19.955	0.0035181
19.96	0.0014916
19.965	-0.0024259
19.97	-0.0045687
19.975	-0.0047481
19.98	-0.0052236
19.985	-0.0059596
19.99	-0.0064535
19.995	-0.006631
20	-0.0069696
20.005	-0.0089617
20.01	-0.011397
20.015	-0.012282
20.02	-0.011831
20.025	-0.011378
20.03	-0.011841
20.035	-0.013902
20.04	-0.014395
20.045	-0.012808
20.05	-0.011418
20.055	-0.011262
20.06	-0.011758
20.065	-0.011627
20.07	-0.0094473
20.075	-0.0069371
20.08	-0.0060661
20.085	-0.0065054
20.09	-0.006628
20.095	-0.0041214
20.1	0.00068515
20.105	0.0040685
20.11	0.0043281
20.115	0.0031219
20.12	0.0024362
20.125	0.0027711
20.13	0.0034815
20.135	0.0038955
20.14	0.0038667
20.145	0.0036704
20.15	0.0035658
20.155	0.0036003
20.16	0.0036856
20.165	0.0037378
20.17	0.0037417
20.175	0.0037397
20.18	0.0037615
20.185	0.0037917
20.19	0.0038385
20.195	0.0039966
20.2	0.004193
20.205	0.0042635
20.21	0.0042115
20.215	0.0041455
20.22	0.0041145
20.225	0.0040294
20.23	0.0031529
20.235	-6.131e-05
20.24	-0.0045477
20.245	-0.0076735
20.25	-0.0090665
20.255	-0.0078352
20.26	-0.0059106
20.265	-0.0054561
20.27	-0.0063763
20.275	-0.0072654
20.28	-0.0074199
20.285	-0.0071321
20.29	-0.0069021
20.295	-0.0069458
20.3	-0.0071434
20.305	-0.0072951
20.31	-0.0073233
20.315	-0.0072788
20.32	-0.0072427
20.325	-0.0072669
20.33	-0.0073197
20.335	-0.0073671
20.34	-0.0073814
20.345	-0.0073535
20.35	-0.0072891
20.355	-0.0072162
20.36	-0.0071067
20.365	-0.0062837
20.37	-0.0032321
20.375	0.0010398
20.38	0.0021314
20.385	-0.002544
20.39	-0.0076661
20.395	-0.0087921
20.4	-0.0063458
20.405	-0.0023979
20.41	-8.3836e-05
20.415	0.00045483
20.42	0.0016622
20.425	0.0030713
20.43	0.0037357
20.435	0.0037563
20.44	0.0037272
20.445	0.003984
20.45	0.0043303
20.455	0.0045176
20.46	0.0045125
20.465	0.0044341
20.47	0.004382
20.475	0.0043038
20.48	0.0041453
20.485	0.0040381
20.49	0.00403
20.495	0.0040383
20.5	0.0040083
20.505	0.0039273
20.51	0.003814
20.515	0.0037175
20.52	0.0036512
20.525	0.0035892
20.53	0.0036145
20.535	0.0045194
20.54	0.0060212
20.545	0.0064265
20.55	0.0082039
20.555	0.011571
20.56	0.013753
20.565	0.013797
20.57	0.013012
20.575	0.012591
20.58	0.012821
20.585	0.013298
20.59	0.013645
20.595	0.013732
20.6	0.013428
20.605	0.012131
20.61	0.010624
20.615	0.010566
20.62	0.011098
20.625	0.011574
20.63	0.0114
20.635	0.011055
20.64	0.0093754
20.645	0.0068106
20.65	0.0052699
20.655	0.0054158
20.66	0.0048839
20.665	0.0039904
20.67	0.0035436
20.675	0.0035915
20.68	0.0037692
20.685	0.0038285
20.69	0.0038307
20.695	0.0037994
20.7	0.0036791
20.705	0.0035953
20.71	0.0037665
20.715	0.0052095
20.72	0.0077968
20.725	0.0091548
20.73	0.0078361
20.735	0.0058786
20.74	0.0053418
20.745	0.0045846
20.75	0.0028968
20.755	0.0015553
20.76	0.0015848
20.765	0.002156
20.77	0.0037575
20.775	0.0049066
20.78	0.0048048
20.785	0.0029985
20.79	0.00010949
20.795	-0.0024851
20.8	-0.0031865
20.805	-0.002566
20.81	-0.0032785
20.815	-0.0045716
20.82	-0.0052348
20.825	-0.0050772
20.83	-0.0046844
20.835	-0.0045979
20.84	-0.0048271
20.845	-0.0050981
20.85	-0.0052342
20.855	-0.0052395
20.86	-0.0052217
20.865	-0.0052333
20.87	-0.0050304
20.875	-0.0036306
20.88	-0.0029815
20.885	-0.0046386
20.89	-0.008115
20.895	-0.012606
20.9	-0.015698
20.905	-0.016181
20.91	-0.015398
20.915	-0.014967
20.92	-0.01533
20.925	-0.015975
20.93	-0.016344
20.935	-0.016328
20.94	-0.016186
20.945	-0.01639
20.95	-0.017923
20.955	-0.018858
20.96	-0.017804
20.965	-0.01651
20.97	-0.016241
20.975	-0.016849
20.98	-0.017535
20.985	-0.017851
20.99	-0.01785
20.995	-0.017748
21	-0.017744
21.005	-0.017937
21.01	-0.017982
21.015	-0.016802
21.02	-0.015997
21.025	-0.01539
21.03	-0.012804
21.035	-0.009826
21.04	-0.0088678
21.045	-0.0096375
21.05	-0.010523
21.055	-0.010749
21.06	-0.010505
21.065	-0.010229
21.07	-0.010177
21.075	-0.010274
21.08	-0.010146
21.085	-0.0088397
21.09	-0.0080015
21.095	-0.0073888
21.1	-0.0047569
21.105	-0.0016551
21.11	-0.00043248
21.115	-0.00087768
21.12	-0.0015945
21.125	-0.0016842
21.13	-0.0011719
21.135	-0.00061107
21.14	-0.00042068
21.145	-0.00022975
21.15	0.0017361
21.155	0.0060376
21.16	0.009816
21.165	0.010812
21.17	0.0099924
21.175	0.0092941
21.18	0.0095067
21.185	0.010178
21.19	0.01066
21.195	0.010966
21.2	0.012238
21.205	0.013046
21.21	0.013411
21.215	0.014416
21.22	0.015162
21.225	0.014927
21.23	0.013105
21.235	0.011855
21.24	0.011408
21.245	0.010478
21.25	0.0096991
21.255	0.0095065
21.26	0.0099179
21.265	0.011774
21.27	0.014437
21.275	0.017159
21.28	0.01921
21.285	0.019712
21.29	0.019281
21.295	0.018961
21.3	0.019127
21.305	0.019507
21.31	0.019763
21.315	0.019763
21.32	0.019394
21.325	0.017618
21.33	0.015249
21.335	0.014266
21.34	0.014699
21.345	0.01542
21.35	0.015905
21.355	0.017159
21.36	0.017937
21.365	0.018493
21.37	0.019601
21.375	0.020307
21.38	0.019908
21.385	0.01724
21.39	0.01286
21.395	0.010069
21.4	0.01018
21.405	0.011507
21.41	0.012228
21.415	0.01199
21.42	0.011399
21.425	0.010636
21.43	0.0086531
21.435	0.0062795
21.44	0.0035729
21.445	0.001771
21.45	0.0016491
21.455	0.0022497
21.46	0.0025504
21.465	0.0026787
21.47	0.0039905
21.475	0.0044743
21.48	0.0054322
21.485	0.0087035
21.49	0.011748
21.495	0.012455
21.5	0.011622
21.505	0.010884
21.51	0.010932
21.515	0.011398
21.52	0.011714
21.525	0.011698
21.53	0.011524
21.535	0.011414
21.54	0.011477
21.545	0.012171
21.55	0.014363
21.555	0.016025
21.56	0.014393
21.565	0.012256
21.57	0.013367
21.575	0.0154
21.58	0.014469
21.585	0.01203
21.59	0.01065
21.595	0.010781
21.6	0.011423
21.605	0.011609
21.61	0.010561
21.615	0.0071637
21.62	0.002629
21.625	0.0001445
21.63	0.00033893
21.635	0.0013207
21.64	0.0014283
21.645	0.00068399
21.65	-9.825e-05
21.655	-0.00043689
21.66	-0.00039586
21.665	-0.00028445
21.67	-0.00033342
21.675	-0.00058542
21.68	-0.00084499
21.685	-0.00096734
21.69	-0.00098964
21.695	-0.0010378
21.7	-0.0012386
21.705	-0.001465
21.71	-0.0015711
21.715	-0.0015736
21.72	-0.0016066
21.725	-0.0017583
21.73	-0.0018256
21.735	-0.0019129
21.74	-0.0030811
21.745	-0.0057161
21.75	-0.0074773
21.755	-0.0065583
21.76	-0.0034175
21.765	-0.0012795
21.77	-0.0013681
21.775	-0.0025075
21.78	-0.0032709
21.785	-0.0031871
21.79	-0.0026574
21.795	-0.002215
21.8	-0.0022245
21.805	-0.0025336
21.81	-0.002668
21.815	-0.0025761
21.82	-0.0024041
21.825	-0.0022945
21.83	-0.0023357
21.835	-0.0023365
21.84	-0.0022829
21.845	-0.0023198
21.85	-0.0032457
21.855	-0.0054104
21.86	-0.0059495
21.865	-0.003438
21.87	-0.00079798
21.875	-0.00012813
21.88	-0.00086408
21.885	-0.0014809
21.89	-0.0012727
21.895	-0.00066876
21.9	-0.00027498
21.905	-0.00018698
21.91	-0.00017404
21.915	-0.00016932
21.92	-0.00016842
21.925	-8.4458e-05
21.93	0.00010111
21.935	0.00022121
21.94	0.0002788
21.945	0.00038147
21.95	0.00052583
21.955	0.00067673
21.96	0.00072344
21.965	0.00066604
21.97	0.00059562
21.975	0.00062482
21.98	0.00079245
21.985	0.00091629
21.99	0.00089911
21.995	0.00080993
22	0.00075826
22.005	0.00077563
22.01	0.00084097
22.015	0.00091783
22.02	0.0010037
22.025	0.0010584
22.03	0.001108
22.035	0.001299
22.04	0.0014598
22.045	0.0014687
22.05	0.001499
22.055	0.0016555
22.06	0.0019004
22.065	0.0021279
22.07	0.0022126
22.075	0.001514
22.08	-0.00072305
22.085	-0.00262
22.09	-0.0029093
22.095	-0.0023706
22.1	-0.0019086
22.105	-0.0019353
22.11	-0.0022108
22.115	-0.0023357
22.12	-0.0022407
22.125	-0.0021025
22.13	-0.0014109
22.135	0.00024506
22.14	0.00075799
22.145	0.0013219
22.15	0.0022478
22.155	0.0028339
22.16	0.0034984
22.165	0.0048948
22.17	0.0046729
22.175	0.0037794
22.18	0.0043779
22.185	0.004782
22.19	0.0057491
22.195	0.0069339
22.2	0.0073328
22.205	0.0069679
22.21	0.0063994
22.215	0.0061758
22.22	0.0063927
22.225	0.006671
22.23	0.0066582
22.235	0.0062636
22.24	0.0046541
22.245	0.00010615
22.25	-0.0039694
22.255	-0.0048721
22.26	-0.0037021
22.265	-0.0019628
22.27	0.00081908
22.275	0.0035399
22.28	0.0028936
22.285	-0.0002076
22.29	-0.0037694
22.295	-0.0054927
22.3	-0.0050944
22.305	-0.0041556
22.31	-0.0039132
22.315	-0.0043697
22.32	-0.0049117
22.325	-0.0050682
22.33	-0.0047894
22.335	-0.0044175
22.34	-0.0041864
22.345	-0.0042127
22.35	-0.0042463
22.355	-0.0041195
22.36	-0.0032495
22.365	-0.0001863
22.37	0.004175
22.375	0.0066711
22.38	0.0064222
22.385	0.003951
22.39	-0.00096384
22.395	-0.0045947
22.4	-0.0048146
22.405	-0.003336
22.41	-0.0024974
22.415	-0.0035138
22.42	-0.0065872
22.425	-0.0097314
22.43	-0.012287
22.435	-0.013387
22.44	-0.013093
22.445	-0.012527
22.45	-0.012438
22.455	-0.012758
22.46	-0.013059
22.465	-0.013102
22.47	-0.01296
22.475	-0.012807
22.48	-0.012741
22.485	-0.012679
22.49	-0.011944
22.495	-0.0090448
22.5	-0.0047031
22.505	-0.0021739
22.51	-0.0022503
22.515	-0.0033251
22.52	-0.0037853
22.525	-0.0033595
22.53	-0.0027685
22.535	-0.0032434
22.54	-0.006311
22.545	-0.010809
22.55	-0.013288
22.555	-0.012879
22.56	-0.011555
22.565	-0.01111
22.57	-0.012384
22.575	-0.016134
22.58	-0.020725
22.585	-0.023073
22.59	-0.022713
22.595	-0.021562
22.6	-0.021179
22.605	-0.021599
22.61	-0.022063
22.615	-0.022247
22.62	-0.022154
22.625	-0.021953
22.63	-0.02176
22.635	-0.02157
22.64	-0.021445
22.645	-0.021421
22.65	-0.02145
22.655	-0.021461
22.66	-0.021445
22.665	-0.021436
22.67	-0.021424
22.675	-0.02143
22.68	-0.021479
22.685	-0.021568
22.69	-0.021675
22.695	-0.021781
22.7	-0.021868
22.705	-0.021952
22.71	-0.022038
22.715	-0.022129
22.72	-0.022162
22.725	-0.022053
22.73	-0.021414
22.735	-0.01992
22.74	-0.020297
22.745	-0.022034
22.75	-0.022914
22.755	-0.021381
22.76	-0.016376
22.765	-0.012077
22.77	-0.011303
22.775	-0.012554
22.78	-0.013524
22.785	-0.01343
22.79	-0.012675
22.795	-0.012044
22.8	-0.011365
22.805	-0.010086
22.81	-0.0099061
22.815	-0.0086351
22.82	-0.0052206
22.825	-0.003215
22.83	-0.00448
22.835	-0.0051603
22.84	-0.0041011
22.845	-0.0028588
22.85	-0.0024362
22.855	-0.0026636
22.86	-0.0028176
22.865	-0.0010996
22.87	0.0036207
22.875	0.0064686
22.88	0.0036284
22.885	-0.0018421
22.89	-0.0045954
22.895	-0.0037925
22.9	-0.001988
22.905	-0.0012928
22.91	-0.0018314
22.915	-0.00262
22.92	-0.0029428
22.925	-0.0027861
22.93	-0.0025171
22.935	-0.0024169
22.94	-0.0025516
22.945	-0.0028408
22.95	-0.0038678
22.955	-0.0062162
22.96	-0.0080226
22.965	-0.0092872
22.97	-0.011347
22.975	-0.012904
22.98	-0.013096
22.985	-0.011683
22.99	-0.010003
22.995	-0.0094705
23	-0.0087617
23.005	-0.0092315
23.01	-0.01005
23.015	-0.0079078
23.02	-0.0050942
23.025	-0.0041858
23.03	-0.003573
23.035	-0.0031243
23.04	-0.0029838
23.045	-0.0030064
23.05	-0.0030077
23.055	-0.002956
23.06	-0.0029172
23.065	-0.0029285
23.07	-0.0029669
23.075	-0.0030098
23.08	-0.0030319
23.085	-0.0030089
23.09	-0.002957
23.095	-0.0029166
23.1	-0.0028782
23.105	-0.0028224
23.11	-0.0027269
23.115	-0.0023615
23.12	-0.00055726
23.125	0.0019187
23.13	0.0030581
23.135	0.002764
23.14	0.0021903
23.145	0.0023605
23.15	0.0041755
23.155	0.0055379
23.16	0.0061053
23.165	0.0070631
23.17	0.0077928
23.175	0.0079567
23.18	0.0078381
23.185	0.0077768
23.19	0.0078771
23.195	0.008302
23.2	0.010133
23.205	0.012863
23.21	0.015534
23.215	0.015895
23.22	0.015897
23.225	0.016895
23.23	0.01784
23.235	0.017701
23.24	0.015014
23.245	0.010389
23.25	0.0073708
23.255	0.0080894
23.26	0.013468
23.265	0.018693
23.27	0.019354
23.275	0.015489
23.28	0.011614
23.285	0.010857
23.29	0.011882
23.295	0.011052
23.3	0.0087819
23.305	0.0073969
23.31	0.0074338
23.315	0.0080277
23.32	0.0083441
23.325	0.0082332
23.33	0.008007
23.335	0.0079217
23.34	0.0079964
23.345	0.0081181
23.35	0.0081287
23.355	0.007453
23.36	0.0058617
23.365	0.0060887
23.37	0.0077377
23.375	0.0086914
23.38	0.0071916
23.385	0.0021313
23.39	-0.002213
23.395	-0.0029218
23.4	-0.0014514
23.405	-0.00034169
23.41	-0.00059453
23.415	-0.0021751
23.42	-0.0051213
23.425	-0.0079447
23.43	-0.010418
23.435	-0.011719
23.44	-0.011705
23.445	-0.011324
23.45	-0.011314
23.455	-0.011673
23.46	-0.012036
23.465	-0.012177
23.47	-0.012126
23.475	-0.012042
23.48	-0.012015
23.485	-0.012027
23.49	-0.011975
23.495	-0.010963
23.5	-0.0084318
23.505	-0.0057336
23.51	-0.0041229
23.515	-0.0044786
23.52	-0.0040691
23.525	-0.0029181
23.53	-0.0021513
23.535	-0.0020727
23.54	-0.0023046
23.545	-0.0025155
23.55	-0.003364
23.555	-0.0044778
23.56	-0.0035748
23.565	-0.0020133
23.57	-0.0013563
23.575	-0.0016171
23.58	-0.002035
23.585	-0.0021109
23.59	-0.0018977
23.595	-0.0016681
23.6	-0.0015811
23.605	-0.0016116
23.61	-0.0016597
23.615	-0.0016501
23.62	-0.0016022
23.625	-0.0015633
23.63	-0.001517
23.635	-0.0013897
23.64	-0.0011824
23.645	-0.0010351
23.65	-0.00085566
23.655	0.0004706
23.66	0.002973
23.665	0.0046355
23.67	0.0060682
23.675	0.0078965
23.68	0.0088691
23.685	0.0088036
23.69	0.0084405
23.695	0.0083506
23.7	0.0085482
23.705	0.0087668
23.71	0.0088104
23.715	0.008732
23.72	0.0086527
23.725	0.0086451
23.73	0.0086997
23.735	0.0087383
23.74	0.0087026
23.745	0.0081239
23.75	0.0047052
23.755	0.00047816
23.76	0.0018261
23.765	0.0074305
23.77	0.010955
23.775	0.010544
23.78	0.0085892
23.785	0.0076295
23.79	0.0081116
23.795	0.0090526
23.8	0.0095444
23.805	0.0094598
23.81	0.0091772
23.815	0.0090337
23.82	0.0090857
23.825	0.0091945
23.83	0.0092293
23.835	0.0091931
23.84	0.0091555
23.845	0.0091937
23.85	0.0094294
23.855	0.010103
23.86	0.012721
23.865	0.017184
23.87	0.020616
23.875	0.022512
23.88	0.021647
23.885	0.019445
23.89	0.01847
23.895	0.01902
23.9	0.019905
23.905	0.020203
23.91	0.019905
23.915	0.019506
23.92	0.019329
23.925	0.019361
23.93	0.019399
23.935	0.019238
23.94	0.018979
23.945	0.018824
23.95	0.018796
23.955	0.018793
23.96	0.018689
23.965	0.017775
23.97	0.01349
23.975	0.0087524
23.98	0.0072194
23.985	0.0082503
23.99	0.0094069
23.995	0.0094344
24	0.0087253
24.005	0.0081476
24.01	0.008071
24.015	0.008312
24.02	0.0085092
24.025	0.0085184
24.03	0.0084262
24.035	0.0083615
24.04	0.0083641
24.045	0.0083883
24.05	0.0083743
24.055	0.0083303
24.06	0.0082775
24.065	0.0082734
24.07	0.0084201
24.075	0.0085858
24.08	0.0086163
24.085	0.0085433
24.09	0.0084666
24.095	0.0084387
24.1	0.0084597
24.105	0.0088017
24.11	0.010299
24.115	0.010303
24.12	0.0085844
24.125	0.0072891
24.13	0.0072211
24.135	0.0077738
24.14	0.0084679
24.145	0.01003
24.15	0.0099684
24.155	0.0081883
24.16	0.0069125
24.165	0.0069219
24.17	0.0075345
24.175	0.0078974
24.18	0.00779
24.185	0.0074979
24.19	0.0073213
24.195	0.0073273
24.2	0.007439
24.205	0.0075362
24.21	0.0075618
24.215	0.0075371
24.22	0.007514
24.225	0.0075162
24.23	0.0075409
24.235	0.0075866
24.24	0.0076331
24.245	0.0076772
24.25	0.0077361
24.255	0.0078127
24.26	0.0079235
24.265	0.0084158
24.27	0.010616
24.275	0.013404
24.28	0.015907
24.285	0.015677
24.29	0.013175
24.295	0.0098826
24.3	0.0080302
24.305	0.0082408
24.31	0.0091646
24.315	0.0095842
24.32	0.0093315
24.325	0.0089097
24.33	0.0087562
24.335	0.0089069
24.34	0.0091265
24.345	0.0091752
24.35	0.008344
24.355	0.0041881
24.36	0.00036216
24.365	0.0030789
24.37	0.0083845
24.375	0.0085355
24.38	0.0030645
24.385	-0.0023193
24.39	-0.0056328
24.395	-0.0079286
24.4	-0.0078417
24.405	-0.0074528
24.41	-0.007068
24.415	-0.0080774
24.42	-0.010035
24.425	-0.011055
24.43	-0.010834
24.435	-0.01024
24.44	-0.0099937
24.445	-0.010154
24.45	-0.010378
24.455	-0.010441
24.46	-0.010351
24.465	-0.010216
24.47	-0.010115
24.475	-0.010067
24.48	-0.010055
24.485	-0.010025
24.49	-0.0099637
24.495	-0.0099045
24.5	-0.0098281
24.505	-0.0096578
24.51	-0.0095216
24.515	-0.0096271
24.52	-0.0098194
24.525	-0.0098945
24.53	-0.0098448
24.535	-0.0097837
24.54	-0.0097968
24.545	-0.0098689
24.55	-0.0099467
24.555	-0.0099941
24.56	-0.010019
24.565	-0.01002
24.57	-0.01002
24.575	-0.010085
24.58	-0.010809
24.585	-0.013092
24.59	-0.01519
24.595	-0.016317
24.6	-0.017928
24.605	-0.018824
24.61	-0.017759
24.615	-0.017731
24.62	-0.018596
24.625	-0.018212
24.63	-0.017919
24.635	-0.017475
24.64	-0.017695
24.645	-0.016995
24.65	-0.015653
24.655	-0.014986
24.66	-0.015151
24.665	-0.015536
24.67	-0.015678
24.675	-0.015544
24.68	-0.015297
24.685	-0.014501
24.69	-0.012261
24.695	-0.010276
24.7	-0.0098546
24.705	-0.010383
24.71	-0.010782
24.715	-0.010658
24.72	-0.010221
24.725	-0.0097898
24.73	-0.0096209
24.735	-0.0097607
24.74	-0.010605
24.745	-0.012855
24.75	-0.014018
24.755	-0.011986
24.76	-0.0094767
24.765	-0.0087994
24.77	-0.0095798
24.775	-0.010389
24.78	-0.010486
24.785	-0.010102
24.79	-0.0097661
24.795	-0.0097337
24.8	-0.0098904
24.805	-0.010012
24.81	-0.0099975
24.815	-0.0099086
24.82	-0.009849
24.825	-0.0098451
24.83	-0.0098688
24.835	-0.0098826
24.84	-0.0098763
24.845	-0.0098755
24.85	-0.0098987
24.855	-0.0099338
24.86	-0.0099778
24.865	-0.010016
24.87	-0.010051
24.875	-0.010107
24.88	-0.010262
24.885	-0.011374
24.89	-0.01404
24.895	-0.016876
24.9	-0.01764
24.905	-0.014828
24.91	-0.013359
24.915	-0.014279
24.92	-0.014701
24.925	-0.01282
24.93	-0.010764
24.935	-0.010168
24.94	-0.011371
24.945	-0.013005
24.95	-0.012236
24.955	-0.010494
24.96	-0.0096646
24.965	-0.0099365
24.97	-0.010495
24.975	-0.010706
24.98	-0.010536
24.985	-0.010409
24.99	-0.011413
24.995	-0.012522
25	-0.01161
25.005	-0.010135
25.01	-0.0095897
25.015	-0.0099243
25.02	-0.010361
25.025	-0.010443
25.03	-0.010238
25.035	-0.010017
25.04	-0.0099411
25.045	-0.0099745
25.05	-0.010011
25.055	-0.010009
25.06	-0.0099638
25.065	-0.0097534
25.07	-0.0082173
25.075	-0.0043549
25.08	-0.00040995
25.085	0.0009007
25.09	9.2657e-05
25.095	-0.00084822
25.1	-0.00087627
25.105	-0.0002884
25.11	0.00020169
25.115	0.00028312
25.12	0.00011926
25.125	-4.7194e-06
25.13	0.0002708
25.135	0.0020707
25.14	0.0045491
25.145	0.0054422
25.15	0.0039566
25.155	0.0043485
25.16	0.0076896
25.165	0.008828
25.17	0.0067328
25.175	0.0043958
25.18	0.0026387
25.185	0.002748
25.19	0.0047103
25.195	0.005884
25.2	0.0043945
25.205	0.0029621
25.21	0.0038331
25.215	0.00533
25.22	0.0056552
25.225	0.0038523
25.23	0.0023782
25.235	0.0020645
25.24	0.0026469
25.245	0.0026972
25.25	0.001232
25.255	-0.00010982
25.26	-0.00040209
25.265	-4.2853e-05
25.27	0.00030262
25.275	0.0010082
25.28	0.0041312
25.285	0.0044044
25.29	0.0011648
25.295	-0.0013401
25.3	-0.0014113
25.305	-0.00027346
25.31	0.000459
25.315	0.00032603
25.32	-0.00016644
25.325	-0.00043947
25.33	-0.00036119
25.335	-0.000139
25.34	1.5769e-05
25.345	4.2867e-05
25.35	1.4042e-05
25.355	1.7695e-05
25.36	6.514e-05
25.365	0.00014614
25.37	0.00060401
25.375	0.0028142
25.38	0.0048886
25.385	0.0035804
25.39	0.00068027
25.395	-0.00071096
25.4	-0.00024001
25.405	0.00070521
25.41	0.0010271
25.415	0.00070172
25.42	0.00027688
25.425	0.0001165
25.43	0.00017827
25.435	0.00017491
25.44	8.1176e-05
25.445	4.5727e-05
25.45	0.00020355
25.455	0.00042479
25.46	0.00054489
25.465	0.00056907
25.47	0.00055809
25.475	0.00057805
25.48	0.00062201
25.485	0.00065229
25.49	0.00065801
25.495	0.00065065
25.5	0.00064463
25.505	0.00061434
25.51	0.00045293
25.515	0.00025948
25.52	0.00018915
25.525	0.00022803
25.53	0.00027337
25.535	0.00025173
25.54	0.00019378
25.545	0.00016311
25.55	0.0001696
25.555	0.00018844
25.56	0.00019622
25.565	0.00017621
25.57	0.00014059
25.575	0.00012011
25.58	0.00012596
25.585	0.00016876
25.59	0.00033197
25.595	0.00052959
25.6	0.00060955
25.605	0.00057767
25.61	0.00052855
25.615	0.0005239
25.62	0.00058201
25.625	0.0009951
25.63	0.0027211
25.635	0.0033656
25.64	0.0038914
25.645	0.0053165
25.65	0.0073625
25.655	0.0063568
25.66	0.0060111
25.665	0.0065075
25.67	0.0062443
25.675	0.0057201
25.68	0.0051563
25.685	0.0035491
25.69	0.0030185
25.695	0.0025425
25.7	0.0018214
25.705	0.0031851
25.71	0.0054411
25.715	0.0059751
25.72	0.0034424
25.725	0.00077059
25.73	0.0015148
25.735	0.0025054
25.74	0.0016407
25.745	0.00029077
25.75	-0.00028644
25.755	-0.00010831
25.76	0.0002221
25.765	0.00038626
25.77	0.001146
25.775	0.0048072
25.78	0.0075985
25.785	0.0083839
25.79	0.0068591
25.795	0.0046459
25.8	0.0039248
25.805	0.0049637
25.81	0.0075758
25.815	0.0081538
25.82	0.0063462
25.825	0.0051171
25.83	0.0066621
25.835	0.0079846
25.84	0.009027
25.845	0.010114
25.85	0.010529
25.855	0.010363
25.86	0.010148
25.865	0.010187
25.87	0.010375
25.875	0.010511
25.88	0.010489
25.885	0.010003
25.89	0.0074789
25.895	0.0030685
25.9	5.0993e-05
25.905	0.00023904
25.91	0.0030452
25.915	0.0038773
25.92	0.0019304
25.925	1.214e-06
25.93	-0.00040629
25.935	0.00021025
25.94	0.00077578
25.945	0.00081007
25.95	0.00048006
25.955	6.6763e-05
25.96	-0.00014181
25.965	-9.2296e-05
25.97	3.8905e-05
25.975	9.4805e-05
25.98	6.082e-05
25.985	1.5435e-05
25.99	1.9434e-05
25.995	5.7503e-05
26	8.6324e-05
26.005	8.6151e-05
26.01	5.2574e-05
26.015	2.33e-05
26.02	9.0578e-05
26.025	0.00030411
26.03	0.00051748
26.035	0.00060601
26.04	0.00059214
26.045	0.00057241
26.05	0.00060312
26.055	0.00066545
26.06	0.00071406
26.065	0.00074787
26.07	0.00078076
26.075	0.00081736
26.08	0.00084707
26.085	0.00085895
26.09	0.00086865
26.095	0.00088724
26.1	0.00095477
26.105	0.0016158
26.11	0.0031586
26.115	0.0029183
26.12	0.0017941
26.125	0.0022463
26.13	0.0028275
26.135	0.004082
26.14	0.0054172
26.145	0.0057738
26.15	0.004742
26.155	0.0021258
26.16	6.9858e-05
26.165	-0.00014793
26.17	0.0006233
26.175	0.0011453
26.18	0.0010066
26.185	0.0005613
26.19	0.0002576
26.195	0.0002293
26.2	0.00029714
26.205	-0.00027901
26.21	-0.0018994
26.215	-0.0024941
26.22	-0.0038984
26.225	-0.0071726
26.23	-0.0097114
26.235	-0.010099
26.24	-0.0099439
26.245	-0.011519
26.25	-0.013502
26.255	-0.013454
26.26	-0.010825
26.265	-0.0084277
26.27	-0.0079698
26.275	-0.0080347
26.28	-0.0072218
26.285	-0.0067615
26.29	-0.0062518
26.295	-0.0053526
26.3	-0.0018517
26.305	0.001257
26.31	0.0018632
26.315	0.00094876
26.32	0.00024927
26.325	0.00039037
26.33	0.00099852
26.335	0.0014788
26.34	0.0014608
26.345	0.0012788
26.35	0.0013174
26.355	0.001515
26.36	0.0017657
26.365	0.002918
26.37	0.0062349
26.375	0.0092255
26.38	0.0076814
26.385	0.0030692
26.39	0.00023561
26.395	0.00055431
26.4	0.0020734
26.405	0.0028179
26.41	0.0024635
26.415	0.0018541
26.42	0.0024605
26.425	0.0040033
26.43	0.0036397
26.435	0.0030528
26.44	0.003747
26.445	0.0044027
26.45	0.005771
26.455	0.0066623
26.46	0.0057019
26.465	0.0053978
26.47	0.0075374
26.475	0.0095117
26.48	0.011022
26.485	0.01041
26.49	0.0087451
26.495	0.0079715
26.5	0.0070917
26.505	0.0063911
26.51	0.0051577
26.515	0.0039996
26.52	0.0036988
26.525	0.0026217
26.53	0.0014504
26.535	0.00091568
26.54	0.000978
26.545	0.0011518
26.55	0.0011272
26.555	0.00095029
26.56	0.00077492
26.565	0.00059915
26.57	0.00039652
26.575	0.00027244
26.58	0.00024647
26.585	0.00024697
26.59	0.00020331
26.595	0.00012482
26.6	6.3636e-05
26.605	2.7895e-05
26.61	1.383e-05
26.615	-9.0656e-08
26.62	-2.3523e-05
26.625	-4.0788e-05
26.63	-3.3985e-05
26.635	9.141e-06
26.64	6.1483e-05
26.645	0.00010322
26.65	0.00015066
26.655	0.00021087
26.66	0.00027383
26.665	0.00030973
26.67	9.6867e-05
26.675	-0.0013309
26.68	-0.0022764
26.685	-0.0024487
26.69	-0.0022819
26.695	-0.0038556
26.7	-0.0062997
26.705	-0.0079332
26.71	-0.0090766
26.715	-0.009161
26.72	-0.0072705
26.725	-0.0046998
26.73	-0.0036781
26.735	-0.00421
26.74	-0.0052424
26.745	-0.0071033
26.75	-0.0091419
26.755	-0.0098322
26.76	-0.009088
26.765	-0.0064926
26.77	-0.0020593
26.775	0.0011055
26.78	0.0013429
26.785	0.00016624
26.79	-0.00051838
26.795	-0.00021543
26.8	0.00047093
26.805	0.00085403
26.81	0.00078703
26.815	0.00054613
26.82	0.00040756
26.825	0.00045735
26.83	0.00093571
26.835	0.0030507
26.84	0.0053238
26.845	0.0056148
26.85	0.0029708
26.855	5.4827e-05
26.86	-0.00063931
26.865	0.0010682
26.87	0.0061049
26.875	0.010382
26.88	0.0088786
26.885	0.0030255
26.89	-0.0011037
26.895	-0.0010128
26.9	0.001007
26.905	0.0021796
26.91	0.0018337
26.915	0.00092527
26.92	0.00044596
26.925	0.00056062
26.93	0.00088484
26.935	0.0010591
26.94	0.0010216
26.945	0.00090677
26.95	0.00084342
26.955	0.00086385
26.96	0.0009114
26.965	0.00089742
26.97	0.00072873
26.975	0.0005413
26.98	0.00047993
26.985	0.0011477
26.99	0.0011644
26.995	0.001134
27	0.0010682
27.005	0.00101
27.01	0.00097168
27.015	0.00093077
27.02	0.00087479
27.025	0.00081608
27.03	0.00076694
27.035	0.00072423
27.04	0.00068149
27.045	0.00064213
27.05	0.00061127
27.055	0.00058421
27.06	0.0005753
27.065	0.00058248
27.07	0.00058883
27.075	0.00059265
27.08	0.00059391
27.085	0.00061459
27.09	0.00065254
27.095	0.00067499
27.1	0.00067848
27.105	0.000701
27.11	0.0008527
27.115	0.001044
27.12	0.0011362
27.125	0.0011208
27.13	0.0010761
27.135	0.0010647
27.14	0.0010869
27.145	0.0011128
27.15	0.0011239
27.155	0.0011216
27.16	0.001135
27.165	0.0011709
27.17	0.0012118
27.175	0.0012454
27.18	0.0012546
27.185	0.001231
27.19	0.0012241
27.195	0.0016176
27.2	0.0036976
27.205	0.0060036
27.21	0.0067258
27.215	0.0062146
27.22	0.0059934
27.225	0.0078456
27.23	0.009999
27.235	0.0089682
27.24	0.005831
27.245	0.0023732
27.25	0.0010865
27.255	0.0051593
27.26	0.010517
27.265	0.012289
27.27	0.010896
27.275	0.0092232
27.28	0.0089306
27.285	0.0096761
27.29	0.010384
27.295	0.010508
27.3	0.010232
27.305	0.0099725
27.31	0.0099379
27.315	0.010061
27.32	0.010176
27.325	0.010195
27.33	0.01016
27.335	0.01012
27.34	0.010093
27.345	0.01009
27.35	0.010094
27.355	0.010081
27.36	0.010113
27.365	0.01058
27.37	0.012203
27.375	0.012396
27.38	0.010774
27.385	0.0094294
27.39	0.0093145
27.395	0.0098711
27.4	0.010255
27.405	0.010206
27.41	0.0099613
27.415	0.0098117
27.42	0.0098225
27.425	0.0098961
27.43	0.0099405
27.435	0.0099425
27.44	0.0099245
27.445	0.0099033
27.45	0.0098794
27.455	0.0098474
27.46	0.0098188
27.465	0.0097895
27.47	0.0097412
27.475	0.0096772
27.48	0.0096081
27.485	0.009521
27.49	0.0093991
27.495	0.0089468
27.5	0.0072676
27.505	0.0065811
27.51	0.0060118
27.515	0.0049691
27.52	0.0048679
27.525	0.0061944
27.53	0.0060847
27.535	0.0045833
27.54	0.0034212
27.545	0.0026797
27.55	0.0010114
27.555	-0.00062188
27.56	-0.0011179
27.565	-0.00080424
27.57	-0.000499
27.575	-0.00056146
27.58	-0.00083388
27.585	-0.0010458
27.59	-0.0010904
27.595	-0.0010413
27.6	-0.00099691
27.605	-0.00099961
27.61	-0.0010464
27.615	-0.0011018
27.62	-0.0011235
27.625	-0.0011381
27.63	-0.001166
27.635	-0.0011946
27.64	-0.0012178
27.645	-0.0012372
27.65	-0.0012575
27.655	-0.0013179
27.66	-0.0019194
27.665	-0.0033413
27.67	-0.0037056
27.675	-0.0036348
27.68	-0.0025507
27.685	-0.0012837
27.69	-0.00093191
27.695	-0.0013287
27.7	-0.0017467
27.705	-0.001805
27.71	-0.0016407
27.715	-0.0015077
27.72	-0.0015093
27.725	-0.0015979
27.73	-0.0017294
27.735	-0.0024193
27.74	-0.0049298
27.745	-0.0085234
27.75	-0.010414
27.755	-0.0087207
27.76	-0.0038609
27.765	-0.00030391
27.77	-0.00017357
27.775	-0.0018012
27.78	-0.0036234
27.785	-0.0054076
27.79	-0.0061177
27.795	-0.0058592
27.8	-0.0062321
27.805	-0.0081864
27.81	-0.0098629
27.815	-0.010148
27.82	-0.0095875
27.825	-0.0091261
27.83	-0.0091238
27.835	-0.0093544
27.84	-0.0094947
27.845	-0.0094447
27.85	-0.0093124
27.855	-0.0092196
27.86	-0.0091866
27.865	-0.0091707
27.87	-0.0091384
27.875	-0.0090935
27.88	-0.0091182
27.885	-0.0098268
27.89	-0.011637
27.895	-0.013604
27.9	-0.014784
27.905	-0.014376
27.91	-0.01381
27.915	-0.012735
27.92	-0.012567
27.925	-0.013605
27.93	-0.014102
27.935	-0.014801
27.94	-0.015209
27.945	-0.013566
27.95	-0.01035
27.955	-0.0085449
27.96	-0.0078458
27.965	-0.0078262
27.97	-0.0079434
27.975	-0.0078417
27.98	-0.0075579
27.985	-0.0072999
27.99	-0.0071896
27.995	-0.007201
28	-0.0072117
28.005	-0.007045
28.01	-0.0059414
28.015	-0.003904
28.02	-0.0018102
28.025	-8.5283e-05
28.03	0.00046224
28.035	0.00016115
28.04	-0.00015103
28.045	-8.8798e-05
28.05	0.00018578
28.055	0.00038798
28.06	0.00051592
28.065	0.001396
28.07	0.0031775
28.075	0.0050954
28.08	0.0067236
28.085	0.0072083
28.09	0.0068356
28.095	0.0064326
28.1	0.0063866
28.105	0.0065541
28.11	0.0066503
28.115	0.0065682
28.12	0.0063875
28.125	0.0062275
28.13	0.0061428
28.135	0.0061023
28.14	0.0060553
28.145	0.0059824
28.15	0.0058949
28.155	0.0058131
28.16	0.0057546
28.165	0.0057091
28.17	0.0056625
28.175	0.0056045
28.18	0.0055297
28.185	0.005448
28.19	0.0053821
28.195	0.0053865
28.2	0.0054099
28.205	0.0053037
28.21	0.0050999
28.215	0.0049537
28.22	0.004946
28.225	0.0049845
28.23	0.0048877
28.235	0.0046516
28.24	0.004123
28.245	0.0019076
28.25	-0.0010742
28.255	-0.0023933
28.26	-0.0019544
28.265	-0.00096856
28.27	0.00039581
28.275	0.0012151
28.28	4.7044e-05
28.285	-0.0017707
28.29	-0.0024637
28.295	-0.0020419
28.3	-0.0014506
28.305	-0.0012986
28.31	-0.0015203
28.315	-0.001756
28.32	-0.0018074
28.325	-0.001725
28.33	-0.0016404
28.335	-0.0016206
28.34	-0.0016635
28.345	-0.0019006
28.35	-0.0028552
28.355	-0.0031966
28.36	-0.0036371
28.365	-0.0048893
28.37	-0.0041726
28.375	-0.0019871
28.38	-0.00078647
28.385	-0.0012699
28.39	-0.0033145
28.395	-0.0057313
28.4	-0.0057704
28.405	-0.0031196
28.41	-0.00065136
28.415	-0.00019788
28.42	-0.0010554
28.425	-0.0017844
28.43	-0.0017838
28.435	-0.0013835
28.44	-0.0011468
28.445	-0.00121
28.45	-0.0013767
28.455	-0.0014657
28.46	-0.0014498
28.465	-0.0013957
28.47	-0.0013661
28.475	-0.0013698
28.48	-0.0013854
28.485	-0.001392
28.49	-0.0013857
28.495	-0.0013751
28.5	-0.0013677
28.505	-0.0013646
28.51	-0.0013624
28.515	-0.0013593
28.52	-0.0013543
28.525	-0.0013508
28.53	-0.0013592
28.535	-0.0013683
28.54	-0.0013659
28.545	-0.0013549
28.55	-0.0013447
28.555	-0.0013389
28.56	-0.0013406
28.565	-0.0013416
28.57	-0.0013341
28.575	-0.0013164
28.58	-0.0012988
28.585	-0.0012882
28.59	-0.0012804
28.595	-0.0012609
28.6	-0.001236
28.605	-0.0012094
28.61	-0.0011899
28.615	-0.0011809
28.62	-0.0011707
28.625	-0.0011379
28.63	-0.001056
28.635	-0.00098895
28.64	-0.0010251
28.645	-0.001103
28.65	-0.0011321
28.655	-0.0011086
28.66	-0.001079
28.665	-0.0010816
28.67	-0.0012593
28.675	-0.0022065
28.68	-0.0036984
28.685	-0.0040041
28.69	-0.0031422
28.695	-0.0023993
28.7	-0.0023352
28.705	-0.0026449
28.71	-0.002974
28.715	-0.0035051
28.72	-0.0033936
28.725	-0.0028076
28.73	-0.0029009
28.735	-0.0030874
28.74	-0.0034143
28.745	-0.0038237
28.75	-0.0039355
28.755	-0.0037545
28.76	-0.0033956
28.765	-0.0024835
28.77	-0.0010774
28.775	-0.00014612
28.78	-9.1601e-05
28.785	-0.00041429
28.79	-0.00057178
28.795	-0.00046068
28.8	-0.00026764
28.805	-0.00016615
28.81	-0.00017725
28.815	-0.00022232
28.82	-0.00023697
28.825	-0.00021126
28.83	-0.00017564
28.835	-0.00015294
28.84	-0.00013809
28.845	-0.00010185
28.85	-8.731e-05
28.855	-9.1136e-05
28.86	-6.191e-05
28.865	-4.4548e-05
28.87	-5.6056e-05
28.875	-6.5524e-05
28.88	-5.8024e-05
28.885	-4.0403e-05
28.89	-2.4816e-05
28.895	-1.0982e-05
28.9	5.3526e-06
28.905	1.9003e-05
28.91	2.8165e-05
28.915	3.5753e-05
28.92	4.473e-05
28.925	6.0674e-05
28.93	9.6356e-05
28.935	0.00010819
28.94	9.1207e-05
28.945	8.0025e-05
28.95	8.9434e-05
28.955	0.00010887
28.96	0.00012104
28.965	0.00012516
28.97	0.000128
28.975	0.00013401
28.98	0.00014243
28.985	0.00014684
28.99	0.00014628
28.995	0.00014873
29	0.00015606
29.005	0.00016087
29.01	0.00016121
29.015	0.00016365
29.02	0.00017082
29.025	0.00017996
29.03	0.00018789
29.035	0.00019296
29.04	0.00018178
29.045	6.1459e-05
29.05	-0.00019399
29.055	-0.00025061
29.06	-0.00030663
29.065	-0.00038895
29.07	-0.00031406
29.075	2.9832e-05
29.08	0.00032974
29.085	0.00038824
29.09	0.00029042
29.095	0.00021086
29.1	0.00022547
29.105	0.00029107
29.11	0.00033749
29.115	0.00034419
29.12	0.00033358
29.125	0.00032902
29.13	0.00033654
29.135	0.00034631
29.14	0.0003463
29.145	0.0003486
29.15	0.00034915
29.155	0.00034907
29.16	0.00035142
29.165	0.00035656
29.17	0.00036511
29.175	0.00037387
29.18	0.00037828
29.185	0.00037939
29.19	0.00038032
29.195	0.00038257
29.2	0.00038547
29.205	0.00038802
29.21	0.0003898
29.215	0.00039106
29.22	0.00039212
29.225	0.00039314
29.23	0.00039426
29.235	0.00039472
29.24	0.00039102
29.245	0.0003448
29.25	0.00024718
29.255	0.00027549
29.26	0.00037792
29.265	0.00043206
29.27	0.00041676
29.275	0.00038403
29.28	0.00037748
29.285	0.00038993
29.29	0.00040065
29.295	0.00040006
29.3	0.00039137
29.305	0.00038357
29.31	0.0003816
29.315	0.00038536
29.32	0.00039259
29.325	0.00039989
29.33	0.00040098
29.335	0.00039634
29.34	0.00039055
29.345	0.00038674
29.35	0.00038447
29.355	0.00038268
29.36	0.00038211
29.365	0.00038076
29.37	0.00037688
29.375	0.00037207
29.38	0.00036972
29.385	0.0003681
29.39	0.00036407
29.395	0.00033197
29.4	0.00025585
29.405	0.00020595
29.41	0.00023211
29.415	0.00029276
29.42	0.00028185
29.425	0.00020903
29.43	0.00014445
29.435	0.00014865
29.44	0.00017992
29.445	0.00025109
29.45	0.00030664
29.455	0.00028766
29.46	0.00026543
29.465	0.0002688
29.47	0.00026363
29.475	0.0002949
29.48	0.00035143
29.485	0.00035348
29.49	0.00031725
29.495	0.00028851
29.5	0.00028279
29.505	0.00028804
29.51	0.00028912
29.515	0.00028195
29.52	0.00027108
29.525	0.00026079
29.53	0.00025253
29.535	0.00024665
29.54	0.00024165
29.545	0.00023592
29.55	0.00022847
29.555	0.00021945
29.56	0.00021112
29.565	0.00020482
29.57	0.00019982
29.575	0.00019388
29.58	0.00018581
29.585	0.00017806
29.59	0.00017183
29.595	0.00016636
29.6	0.00016125
29.605	0.00015588
29.61	0.00015057
29.615	0.00014535
29.62	0.00013986
29.625	0.00013511
29.63	0.00013203
29.635	0.00013373
29.64	0.00013247
29.645	0.00012774
29.65	0.00011966
29.655	0.00010824
29.66	9.9925e-05
29.665	9.6542e-05
29.67	9.4485e-05
29.675	9.0739e-05
29.68	8.5348e-05
29.685	7.9561e-05
29.69	7.4081e-05
29.695	6.9418e-05
29.7	6.5403e-05
29.705	6.1493e-05
29.71	5.7363e-05
29.715	5.3162e-05
29.72	4.8818e-05
29.725	4.4393e-05
29.73	4.0346e-05
29.735	3.6545e-05
29.74	3.2298e-05
29.745	2.5446e-05
29.75	1.8054e-05
29.755	1.3892e-05
29.76	1.2843e-05
29.765	1.3992e-05
29.77	1.4493e-05
29.775	1.1935e-05
29.78	7.5673e-06
29.785	3.3604e-06
29.79	-4.9975e-08
29.795	-2.8597e-06
29.8	-5.5331e-06
29.805	-8.3482e-06
29.81	-1.1205e-05
29.815	-1.3951e-05
29.82	-1.6666e-05
29.825	-1.9346e-05
29.83	-2.1883e-05
29.835	-2.4348e-05
29.84	-2.6704e-05
29.845	-2.8947e-05
29.85	-3.1112e-05
29.855	-3.3203e-05
29.86	-3.521e-05
29.865	-3.7134e-05
29.87	-3.8968e-05
29.875	-4.0714e-05
29.88	-4.2359e-05
29.885	-4.3907e-05
29.89	-4.5432e-05
29.895	-4.6927e-05
29.9	-4.8292e-05
29.905	-4.9501e-05
29.91	-5.0632e-05
29.915	-5.174e-05
29.92	-5.28e-05
29.925	-5.3785e-05
29.93	-5.4707e-05
29.935	-5.5561e-05
29.94	-5.6345e-05
29.945	-5.7064e-05
29.95	-5.7713e-05
29.955	-5.8283e-05
29.96	-5.8777e-05
29.965	-5.9196e-05
29.97	-5.954e-05
29.975	-5.9813e-05
