0	-0.0029389
0.01	-0.0027948
0.02	-0.00020253
0.03	0.0023716
0.04	0.0016551
0.05	0.001758
0.06	0.0018821
0.07	0.0020527
0.08	0.0022288
0.09	0.0024077
0.1	0.0025637
0.11	0.0026819
0.12	0.0027528
0.13	0.0028159
0.14	0.0028971
0.15	0.0029929
0.16	0.0030589
0.17	0.0030616
0.18	0.0029938
0.19	0.0028881
0.2	0.0027503
0.21	0.0025534
0.22	0.0022873
0.23	0.0020136
0.24	0.0018233
0.25	0.0018106
0.26	0.0019781
0.27	0.0022122
0.28	0.0023329
0.29	0.002232
0.3	0.0019765
0.31	0.0017071
0.32	0.0015078
0.33	0.0014242
0.34	0.0014611
0.35	0.0015838
0.36	0.0016575
0.37	0.0014631
0.38	0.00087821
0.39	1.9551e-05
0.4	-0.00081863
0.41	-0.0013842
0.42	-0.0017194
0.43	-0.0020024
0.44	-0.0022135
0.45	-0.0020804
0.46	-0.0014138
0.47	-0.00048098
0.48	0.00022408
0.49	0.00051414
0.5	0.0004833
0.51	0.00011925
0.52	-0.00071204
0.53	-0.0018059
0.54	-0.0024984
0.55	-0.0022466
0.56	-0.0011386
0.57	0.00035009
0.58	0.0016437
0.59	0.0020739
0.6	0.0012906
0.61	-0.00027412
0.62	-0.0017545
0.63	-0.0026525
0.64	-0.0029639
0.65	-0.002669
0.66	-0.001805
0.67	-0.00074052
0.68	0.00016796
0.69	0.00068764
0.7	0.00047859
0.71	-0.00051674
0.72	-0.0016494
0.73	-0.0022144
0.74	-0.0023863
0.75	-0.0028619
0.76	-0.0038402
0.77	-0.0047233
0.78	-0.0049401
0.79	-0.0047581
0.8	-0.0049512
0.81	-0.0060296
0.82	-0.0074945
0.83	-0.0077137
0.84	-0.0054551
0.85	-0.0013426
0.86	0.0022146
0.87	0.0026908
0.88	9.5954e-05
0.89	-0.0028613
0.9	-0.0033839
0.91	-0.00080813
0.92	0.0033004
0.93	0.0070528
0.94	0.0092958
0.95	0.0093139
0.96	0.0069003
0.97	0.0022853
0.98	-0.0040818
0.99	-0.011143
1	-0.017159
1.01	-0.020434
1.02	-0.02067
1.03	-0.018845
1.04	-0.01514
1.05	-0.0091686
1.06	-0.0018855
1.07	0.0048545
1.08	0.01
1.09	0.013202
1.1	0.013249
1.11	0.008316
1.12	-0.0013675
1.13	-0.012287
1.14	-0.01992
1.15	-0.022331
1.16	-0.020964
1.17	-0.017604
1.18	-0.012394
1.19	-0.0055237
1.2	0.00125
1.21	0.0064276
1.22	0.011252
1.23	0.018632
1.24	0.02848
1.25	0.034712
1.26	0.029548
1.27	0.011646
1.28	-0.011498
1.29	-0.029274
1.3	-0.036033
1.31	-0.034256
1.32	-0.030264
1.33	-0.027454
1.34	-0.02409
1.35	-0.016963
1.36	-0.006124
1.37	0.0042025
1.38	0.0092686
1.39	0.0083767
1.4	0.0049655
1.41	0.0027926
1.42	0.0033982
1.43	0.0062143
1.44	0.0097625
1.45	0.012444
1.46	0.013012
1.47	0.01204
1.48	0.012341
1.49	0.015794
1.5	0.021391
1.51	0.027048
1.52	0.030278
1.53	0.028798
1.54	0.02231
1.55	0.011554
1.56	-0.0021488
1.57	-0.015567
1.58	-0.025297
1.59	-0.029968
1.6	-0.030027
1.61	-0.026846
1.62	-0.021318
1.63	-0.012479
1.64	0.0021024
1.65	0.023531
1.66	0.048334
1.67	0.068477
1.68	0.075271
1.69	0.064935
1.7	0.04229
1.71	0.018015
1.72	0.0011798
1.73	-0.00514
1.74	-0.0045891
1.75	-0.0055302
1.76	-0.014281
1.77	-0.029766
1.78	-0.045788
1.79	-0.056648
1.8	-0.057981
1.81	-0.045811
1.82	-0.021289
1.83	0.0057612
1.84	0.023724
1.85	0.029627
1.86	0.029722
1.87	0.029472
1.88	0.026539
1.89	0.015886
1.9	-0.0015991
1.91	-0.018096
1.92	-0.02558
1.93	-0.021554
1.94	-0.0091991
1.95	0.0049083
1.96	0.015032
1.97	0.02037
1.98	0.024021
1.99	0.02758
2	0.028294
2.01	0.022646
2.02	0.011958
2.03	0.0025854
2.04	-0.00053936
2.05	0.001658
2.06	0.0050057
2.07	0.0063488
2.08	0.0034598
2.09	-0.0057801
2.1	-0.0199
2.11	-0.032143
2.12	-0.035103
2.13	-0.025931
2.14	-0.0066741
2.15	0.017075
2.16	0.037102
2.17	0.045338
2.18	0.037705
2.19	0.016117
2.2	-0.012468
2.21	-0.0391
2.22	-0.056874
2.23	-0.061842
2.24	-0.052922
2.25	-0.033061
2.26	-0.0075605
2.27	0.017601
2.28	0.035176
2.29	0.038396
2.3	0.025685
2.31	0.0034333
2.32	-0.015438
2.33	-0.018267
2.34	-0.0018664
2.35	0.024823
2.36	0.048678
2.37	0.061207
2.38	0.05856
2.39	0.038494
2.4	0.0012915
2.41	-0.04544
2.42	-0.0844
2.43	-0.097954
2.44	-0.083315
2.45	-0.055219
2.46	-0.033791
2.47	-0.031457
2.48	-0.050363
2.49	-0.087564
2.5	-0.1344
2.51	-0.17451
2.52	-0.19186
2.53	-0.17871
2.54	-0.13596
2.55	-0.072047
2.56	-0.0011005
2.57	0.062212
2.58	0.10834
2.59	0.13134
2.6	0.12446
2.61	0.087262
2.62	0.036454
2.63	0.0017346
2.64	0.0065291
2.65	0.049539
2.66	0.10439
2.67	0.13881
2.68	0.13536
2.69	0.097357
2.7	0.040436
2.71	-0.018826
2.72	-0.066749
2.73	-0.09145
2.74	-0.085076
2.75	-0.048233
2.76	0.006475
2.77	0.05791
2.78	0.089646
2.79	0.098656
2.8	0.091381
2.81	0.076538
2.82	0.061516
2.83	0.051563
2.84	0.048305
2.85	0.048777
2.86	0.048561
2.87	0.044174
2.88	0.030903
2.89	0.0029577
2.9	-0.041758
2.91	-0.096829
2.92	-0.14488
2.93	-0.16061
2.94	-0.12087
2.95	-0.021038
2.96	0.11065
2.97	0.21717
2.98	0.24448
2.99	0.18072
3	0.062482
3.01	-0.056061
3.02	-0.13515
3.03	-0.15792
3.04	-0.12714
3.05	-0.064767
3.06	-0.0030322
3.07	0.032832
3.08	0.034122
3.09	0.0087368
3.1	-0.02596
3.11	-0.051122
3.12	-0.052599
3.13	-0.027354
3.14	0.01606
3.15	0.06578
3.16	0.11263
3.17	0.14723
3.18	0.15781
3.19	0.13622
3.2	0.090134
3.21	0.043791
3.22	0.019672
3.23	0.02205
3.24	0.034454
3.25	0.033852
3.26	0.010297
3.27	-0.031321
3.28	-0.080586
3.29	-0.12612
3.3	-0.15638
3.31	-0.16025
3.32	-0.13
3.33	-0.067552
3.34	0.0092104
3.35	0.068341
3.36	0.080454
3.37	0.037187
3.38	-0.048781
3.39	-0.15472
3.4	-0.25138
3.41	-0.31048
3.42	-0.31199
3.43	-0.24672
3.44	-0.13738
3.45	-0.03238
3.46	0.039663
3.47	0.084901
3.48	0.12418
3.49	0.16511
3.5	0.19639
3.51	0.20659
3.52	0.19694
3.53	0.17932
3.54	0.16272
3.55	0.1446
3.56	0.11629
3.57	0.076535
3.58	0.037516
3.59	0.01641
3.6	0.021657
3.61	0.045029
3.62	0.066392
3.63	0.066847
3.64	0.040311
3.65	-0.0075076
3.66	-0.066212
3.67	-0.12441
3.68	-0.17107
3.69	-0.19792
3.7	-0.2038
3.71	-0.19157
3.72	-0.16411
3.73	-0.12864
3.74	-0.099114
3.75	-0.087393
3.76	-0.090964
3.77	-0.094638
3.78	-0.080155
3.79	-0.035832
3.8	0.031587
3.81	0.099768
3.82	0.14833
3.83	0.17028
3.84	0.17137
3.85	0.15963
3.86	0.13713
3.87	0.10246
3.88	0.056118
3.89	0.004107
3.9	-0.041128
3.91	-0.065943
3.92	-0.065403
3.93	-0.047088
3.94	-0.025822
3.95	-0.013852
3.96	-0.010651
3.97	-0.0042287
3.98	0.016335
3.99	0.050534
4	0.086827
4.01	0.11125
4.02	0.11663
4.03	0.10851
4.04	0.099345
4.05	0.093207
4.06	0.082819
4.07	0.063208
4.08	0.039459
4.09	0.021401
4.1	0.015196
4.11	0.019659
4.12	0.029422
4.13	0.037269
4.14	0.036065
4.15	0.021953
4.16	-0.0046436
4.17	-0.036194
4.18	-0.059262
4.19	-0.064724
4.2	-0.056787
4.21	-0.052215
4.22	-0.067502
4.23	-0.10622
4.24	-0.15912
4.25	-0.21011
4.26	-0.24213
4.27	-0.2441
4.28	-0.2135
4.29	-0.15386
4.3	-0.072606
4.31	0.018258
4.32	0.10161
4.33	0.15917
4.34	0.17841
4.35	0.15994
4.36	0.1171
4.37	0.068469
4.38	0.032734
4.39	0.020315
4.4	0.024283
4.41	0.023896
4.42	0.0030611
4.43	-0.033958
4.44	-0.067504
4.45	-0.080259
4.46	-0.068901
4.47	-0.041994
4.48	-0.010528
4.49	0.017772
4.5	0.036736
4.51	0.039574
4.52	0.02381
4.53	-0.0016064
4.54	-0.020857
4.55	-0.025114
4.56	-0.018329
4.57	-0.010444
4.58	-0.0058844
4.59	0.0013172
4.6	0.019912
4.61	0.051286
4.62	0.085893
4.63	0.1081
4.64	0.10788
4.65	0.086424
4.66	0.052713
4.67	0.020136
4.68	0.00043599
4.69	-0.0040674
4.7	-0.00092495
4.71	0.00013065
4.72	-0.0059117
4.73	-0.019266
4.74	-0.036306
4.75	-0.049833
4.76	-0.052017
4.77	-0.037397
4.78	-0.0061048
4.79	0.035865
4.8	0.079736
4.81	0.1131
4.82	0.12229
4.83	0.10036
4.84	0.050313
4.85	-0.015717
4.86	-0.079922
4.87	-0.12412
4.88	-0.13473
4.89	-0.10795
4.9	-0.051742
4.91	0.018664
4.92	0.087973
4.93	0.14421
4.94	0.17549
4.95	0.17019
4.96	0.12783
4.97	0.065239
4.98	0.0063881
4.99	-0.033412
5	-0.052477
5.01	-0.05745
5.02	-0.056729
5.03	-0.056146
5.04	-0.060106
5.05	-0.073458
5.06	-0.097729
5.07	-0.12826
5.08	-0.15916
5.09	-0.18834
5.1	-0.21594
5.11	-0.24049
5.12	-0.2562
5.13	-0.25524
5.14	-0.23208
5.15	-0.18598
5.16	-0.12396
5.17	-0.057351
5.18	0.0066891
5.19	0.065061
5.2	0.11306
5.21	0.14327
5.22	0.1513
5.23	0.14262
5.24	0.12857
5.25	0.11579
5.26	0.10264
5.27	0.085872
5.28	0.068815
5.29	0.059682
5.3	0.064812
5.31	0.085839
5.32	0.11847
5.33	0.15087
5.34	0.16693
5.35	0.15471
5.36	0.11217
5.37	0.048841
5.38	-0.018644
5.39	-0.075741
5.4	-0.11509
5.41	-0.13558
5.42	-0.1388
5.43	-0.12761
5.44	-0.1059
5.45	-0.078649
5.46	-0.053849
5.47	-0.039671
5.48	-0.036707
5.49	-0.038071
5.5	-0.036663
5.51	-0.029705
5.52	-0.018774
5.53	-0.005372
5.54	0.011335
5.55	0.030139
5.56	0.048444
5.57	0.068641
5.58	0.095514
5.59	0.1272
5.6	0.15361
5.61	0.16274
5.62	0.14813
5.63	0.11229
5.64	0.064773
5.65	0.016063
5.66	-0.02808
5.67	-0.065289
5.68	-0.091651
5.69	-0.10008
5.7	-0.08614
5.71	-0.053924
5.72	-0.013338
5.73	0.024276
5.74	0.049311
5.75	0.058003
5.76	0.053436
5.77	0.041506
5.78	0.02624
5.79	0.010164
5.8	-0.0029337
5.81	-0.008134
5.82	-0.0031273
5.83	0.0081391
5.84	0.017994
5.85	0.020979
5.86	0.015859
5.87	0.0040297
5.88	-0.011501
5.89	-0.02624
5.9	-0.035238
5.91	-0.035477
5.92	-0.027477
5.93	-0.013803
5.94	0.0021674
5.95	0.017443
5.96	0.032975
5.97	0.05159
5.98	0.071361
5.99	0.085113
6	0.085296
6.01	0.069799
6.02	0.045546
6.03	0.025613
6.04	0.020338
6.05	0.030013
6.06	0.046205
6.07	0.060793
6.08	0.070638
6.09	0.074315
6.1	0.070652
6.11	0.059621
6.12	0.042498
6.13	0.020587
6.14	-0.0042859
6.15	-0.030316
6.16	-0.057755
6.17	-0.086756
6.18	-0.11655
6.19	-0.14499
6.2	-0.16679
6.21	-0.17774
6.22	-0.18046
6.23	-0.18343
6.24	-0.19423
6.25	-0.2118
6.26	-0.22557
6.27	-0.22359
6.28	-0.20345
6.29	-0.17457
6.3	-0.14843
6.31	-0.13032
6.32	-0.12102
6.33	-0.12095
6.34	-0.12835
6.35	-0.13509
6.36	-0.13079
6.37	-0.11164
6.38	-0.082642
6.39	-0.053826
6.4	-0.035252
6.41	-0.030368
6.42	-0.034366
6.43	-0.043188
6.44	-0.05725
6.45	-0.075607
6.46	-0.093001
6.47	-0.10259
6.48	-0.10084
6.49	-0.088422
6.5	-0.067896
6.51	-0.043338
6.52	-0.020954
6.53	-0.0040877
6.54	0.010432
6.55	0.025805
6.56	0.040533
6.57	0.050753
6.58	0.054752
6.59	0.054432
6.6	0.05105
6.61	0.044036
6.62	0.034951
6.63	0.02712
6.64	0.023009
6.65	0.023995
6.66	0.02914
6.67	0.035007
6.68	0.037854
6.69	0.03539
6.7	0.02645
6.71	0.011591
6.72	-0.0053472
6.73	-0.01922
6.74	-0.025613
6.75	-0.02148
6.76	-0.0071933
6.77	0.015995
6.78	0.049165
6.79	0.091976
6.8	0.14107
6.81	0.19175
6.82	0.23973
6.83	0.28462
6.84	0.32884
6.85	0.37278
6.86	0.41385
6.87	0.44963
6.88	0.48009
6.89	0.50825
6.9	0.53976
6.91	0.58028
6.92	0.63081
6.93	0.68601
6.94	0.73771
6.95	0.77742
6.96	0.79502
6.97	0.78194
6.98	0.73608
6.99	0.66009
7	0.55927
7.01	0.44256
7.02	0.32178
7.03	0.20815
7.04	0.10991
7.05	0.032688
7.06	-0.021168
7.07	-0.057312
7.08	-0.088195
7.09	-0.12004
7.1	-0.14736
7.11	-0.16206
7.12	-0.16424
7.13	-0.1633
7.14	-0.17038
7.15	-0.19312
7.16	-0.23302
7.17	-0.28488
7.18	-0.33992
7.19	-0.39156
7.2	-0.43649
7.21	-0.47023
7.22	-0.48707
7.23	-0.48425
7.24	-0.46697
7.25	-0.44464
7.26	-0.42149
7.27	-0.39715
7.28	-0.37489
7.29	-0.36239
7.3	-0.36293
7.31	-0.3724
7.32	-0.38357
7.33	-0.38992
7.34	-0.38778
7.35	-0.37455
7.36	-0.3499
7.37	-0.31783
7.38	-0.28153
7.39	-0.2412
7.4	-0.19664
7.41	-0.14922
7.42	-0.10421
7.43	-0.069452
7.44	-0.048685
7.45	-0.037671
7.46	-0.02898
7.47	-0.016891
7.48	7.293e-05
7.49	0.018542
7.5	0.033311
7.51	0.037461
7.52	0.025906
7.53	0.0016141
7.54	-0.02832
7.55	-0.060738
7.56	-0.097205
7.57	-0.13985
7.58	-0.1872
7.59	-0.23173
7.6	-0.26378
7.61	-0.27923
7.62	-0.27981
7.63	-0.26932
7.64	-0.25226
7.65	-0.23133
7.66	-0.2082
7.67	-0.18402
7.68	-0.15392
7.69	-0.11248
7.7	-0.062073
7.71	-0.0085327
7.72	0.043371
7.73	0.090878
7.74	0.13422
7.75	0.17539
7.76	0.21543
7.77	0.25271
7.78	0.28455
7.79	0.30899
7.8	0.3236
7.81	0.32667
7.82	0.32025
7.83	0.30829
7.84	0.29353
7.85	0.2774
7.86	0.26081
7.87	0.2437
7.88	0.22425
7.89	0.20064
7.9	0.17769
7.91	0.16517
7.92	0.16697
7.93	0.17884
7.94	0.19321
7.95	0.20416
7.96	0.21049
7.97	0.21039
7.98	0.20143
7.99	0.18668
8	0.16867
8.01	0.14549
8.02	0.11382
8.03	0.072935
8.04	0.027104
8.05	-0.018847
8.06	-0.06272
8.07	-0.1036
8.08	-0.1398
8.09	-0.17058
8.1	-0.19831
8.11	-0.22568
8.12	-0.25299
8.13	-0.27791
8.14	-0.29594
8.15	-0.30357
8.16	-0.30198
8.17	-0.29443
8.18	-0.28188
8.19	-0.26603
8.2	-0.2524
8.21	-0.24605
8.22	-0.24692
8.23	-0.2502
8.24	-0.25117
8.25	-0.25003
8.26	-0.24994
8.27	-0.25174
8.28	-0.25311
8.29	-0.2535
8.3	-0.25466
8.31	-0.25635
8.32	-0.25377
8.33	-0.23857
8.34	-0.20733
8.35	-0.16573
8.36	-0.12259
8.37	-0.084276
8.38	-0.053158
8.39	-0.029793
8.4	-0.012919
8.41	0.0028283
8.42	0.023667
8.43	0.052176
8.44	0.084658
8.45	0.11073
8.46	0.11841
8.47	0.10111
8.48	0.061235
8.49	0.0074594
8.5	-0.051653
8.51	-0.1102
8.52	-0.1613
8.53	-0.20003
8.54	-0.23646
8.55	-0.27139
8.56	-0.27101
8.57	-0.22646
8.58	-0.17802
8.59	-0.14488
8.6	-0.10005
8.61	-0.026279
8.62	0.037128
8.63	0.049869
8.64	0.041195
8.65	0.047145
8.66	0.047632
8.67	0.02868
8.68	0.016113
8.69	0.019191
8.7	0.022083
8.71	0.030513
8.72	0.057524
8.73	0.09512
8.74	0.13844
8.75	0.19108
8.76	0.25393
8.77	0.32187
8.78	0.38278
8.79	0.42795
8.8	0.45319
8.81	0.45811
8.82	0.44824
8.83	0.43285
8.84	0.42044
8.85	0.41302
8.86	0.40426
8.87	0.38395
8.88	0.3468
8.89	0.29313
8.9	0.22818
8.91	0.16361
8.92	0.11175
8.93	0.078578
8.94	0.062658
8.95	0.061985
8.96	0.077475
8.97	0.10931
8.98	0.15397
8.99	0.20384
9	0.25076
9.01	0.2921
9.02	0.33053
9.03	0.3691
9.04	0.41132
9.05	0.45876
9.06	0.50664
9.07	0.54818
9.08	0.58023
9.09	0.60229
9.1	0.61269
9.11	0.60809
9.12	0.58573
9.13	0.5456
9.14	0.49207
9.15	0.43177
9.16	0.36943
9.17	0.30843
9.18	0.25357
9.19	0.20832
9.2	0.17104
9.21	0.13477
9.22	0.090299
9.23	0.031876
9.24	-0.040782
9.25	-0.12424
9.26	-0.21276
9.27	-0.30071
9.28	-0.38318
9.29	-0.45635
9.3	-0.51722
9.31	-0.55987
9.32	-0.57858
9.33	-0.57089
9.34	-0.531
9.35	-0.46059
9.36	-0.3795
9.37	-0.30333
9.38	-0.2381
9.39	-0.19064
9.4	-0.16448
9.41	-0.16063
9.42	-0.17543
9.43	-0.20073
9.44	-0.22809
9.45	-0.25289
9.46	-0.27743
9.47	-0.30214
9.48	-0.32201
9.49	-0.3308
9.5	-0.32619
9.51	-0.31215
9.52	-0.29441
9.53	-0.27676
9.54	-0.25934
9.55	-0.24297
9.56	-0.23094
9.57	-0.22552
9.58	-0.22764
9.59	-0.23529
9.6	-0.2457
9.61	-0.25787
9.62	-0.26969
9.63	-0.27863
9.64	-0.28217
9.65	-0.28182
9.66	-0.289
9.67	-0.30399
9.68	-0.30084
9.69	-0.26514
9.7	-0.22007
9.71	-0.19692
9.72	-0.19862
9.73	-0.19863
9.74	-0.175
9.75	-0.13119
9.76	-0.089828
9.77	-0.077164
9.78	-0.095575
9.79	-0.12039
9.8	-0.13006
9.81	-0.12337
9.82	-0.1104
9.83	-0.097546
9.84	-0.073166
9.85	-0.021047
9.86	0.037951
9.87	0.079511
9.88	0.12423
9.89	0.19154
9.9	0.27717
9.91	0.37057
9.92	0.46165
9.93	0.54581
9.94	0.61458
9.95	0.66402
9.96	0.69742
9.97	0.71642
9.98	0.7228
9.99	0.7188
10	0.7116
10.01	0.70794
10.02	0.70789
10.03	0.70762
10.04	0.70428
10.05	0.69547
10.06	0.67565
10.07	0.64048
10.08	0.58822
10.09	0.51956
10.1	0.4369
10.11	0.34491
10.12	0.25131
10.13	0.16292
10.14	0.08254
10.15	0.0074963
10.16	-0.066156
10.17	-0.13844
10.18	-0.20157
10.19	-0.24262
10.2	-0.25384
10.21	-0.23588
10.22	-0.19714
10.23	-0.15362
10.24	-0.12266
10.25	-0.11516
10.26	-0.13399
10.27	-0.17671
10.28	-0.2387
10.29	-0.31693
10.3	-0.40773
10.31	-0.49785
10.32	-0.58119
10.33	-0.66783
10.34	-0.73902
10.35	-0.76088
10.36	-0.7385
10.37	-0.69902
10.38	-0.65399
10.39	-0.59682
10.4	-0.52783
10.41	-0.44919
10.42	-0.34726
10.43	-0.2282
10.44	-0.13215
10.45	-0.071558
10.46	-0.027095
10.47	0.010405
10.48	0.042881
10.49	0.066221
10.5	0.081724
10.51	0.095591
10.52	0.10866
10.53	0.12434
10.54	0.14373
10.55	0.16287
10.56	0.17375
10.57	0.16972
10.58	0.1505
10.59	0.12171
10.6	0.091994
10.61	0.065638
10.62	0.041612
10.63	0.014095
10.64	-0.019335
10.65	-0.057868
10.66	-0.107
10.67	-0.17227
10.68	-0.25087
10.69	-0.32645
10.7	-0.39238
10.71	-0.466
10.72	-0.53514
10.73	-0.56788
10.74	-0.56974
10.75	-0.56001
10.76	-0.54437
10.77	-0.5172
10.78	-0.47197
10.79	-0.41321
10.8	-0.35296
10.81	-0.29803
10.82	-0.24131
10.83	-0.17536
10.84	-0.10906
10.85	-0.036212
10.86	0.061964
10.87	0.1537
10.88	0.21244
10.89	0.26779
10.9	0.33593
10.91	0.41256
10.92	0.48722
10.93	0.55262
10.94	0.61167
10.95	0.66057
10.96	0.69619
10.97	0.7129
10.98	0.71003
10.99	0.69185
11	0.66119
11.01	0.62106
11.02	0.5688
11.03	0.50815
11.04	0.4463
11.05	0.38469
11.06	0.31824
11.07	0.24313
11.08	0.16136
11.09	0.077072
11.1	-0.001732
11.11	-0.071541
11.12	-0.12988
11.13	-0.17101
11.14	-0.19092
11.15	-0.18878
11.16	-0.17228
11.17	-0.14921
11.18	-0.12102
11.19	-0.088806
11.2	-0.057846
11.21	-0.035607
11.22	-0.023631
11.23	-0.019363
11.24	-0.021811
11.25	-0.029777
11.26	-0.037759
11.27	-0.041817
11.28	-0.044754
11.29	-0.049586
11.3	-0.056223
11.31	-0.062473
11.32	-0.066231
11.33	-0.064671
11.34	-0.054506
11.35	-0.037251
11.36	-0.018838
11.37	-0.0056256
11.38	-0.0013026
11.39	-0.0052579
11.4	-0.014154
11.41	-0.025573
11.42	-0.039514
11.43	-0.057321
11.44	-0.080891
11.45	-0.11168
11.46	-0.14925
11.47	-0.18996
11.48	-0.22814
11.49	-0.25699
11.5	-0.27077
11.51	-0.27122
11.52	-0.2662
11.53	-0.26134
11.54	-0.2574
11.55	-0.2532
11.56	-0.24852
11.57	-0.24331
11.58	-0.23616
11.59	-0.22642
11.6	-0.21556
11.61	-0.2035
11.62	-0.18549
11.63	-0.15742
11.64	-0.12092
11.65	-0.080467
11.66	-0.040811
11.67	-0.0051877
11.68	0.026459
11.69	0.054986
11.7	0.080638
11.71	0.10369
11.72	0.12374
11.73	0.141
11.74	0.15639
11.75	0.16931
11.76	0.17842
11.77	0.18482
11.78	0.19313
11.79	0.20727
11.8	0.22604
11.81	0.24556
11.82	0.26215
11.83	0.2716
11.84	0.27057
11.85	0.25886
11.86	0.23914
11.87	0.21565
11.88	0.19254
11.89	0.17063
11.9	0.14626
11.91	0.1157
11.92	0.079183
11.93	0.041548
11.94	0.010256
11.95	-0.010755
11.96	-0.023785
11.97	-0.032527
11.98	-0.037942
11.99	-0.03966
12	-0.038557
12.01	-0.036356
12.02	-0.034786
12.03	-0.035401
12.04	-0.038963
12.05	-0.047145
12.06	-0.061858
12.07	-0.080519
12.08	-0.096601
12.09	-0.10642
12.1	-0.11153
12.11	-0.11292
12.12	-0.10846
12.13	-0.097393
12.14	-0.080067
12.15	-0.055279
12.16	-0.02397
12.17	0.0095872
12.18	0.042517
12.19	0.073464
12.2	0.099715
12.21	0.11762
12.22	0.12355
12.23	0.11554
12.24	0.094797
12.25	0.064595
12.26	0.02995
12.27	-0.0040656
12.28	-0.036902
12.29	-0.071877
12.3	-0.11123
12.31	-0.15266
12.32	-0.18815
12.33	-0.21006
12.34	-0.21751
12.35	-0.21405
12.36	-0.2037
12.37	-0.19003
12.38	-0.17565
12.39	-0.16167
12.4	-0.14775
12.41	-0.13233
12.42	-0.11382
12.43	-0.089924
12.44	-0.059113
12.45	-0.024041
12.46	0.011606
12.47	0.048056
12.48	0.086335
12.49	0.12382
12.5	0.15704
12.51	0.18299
12.52	0.20019
12.53	0.21232
12.54	0.22392
12.55	0.23326
12.56	0.23421
12.57	0.22379
12.58	0.20512
12.59	0.18426
12.6	0.16605
12.61	0.15314
12.62	0.1473
12.63	0.1472
12.64	0.14776
12.65	0.14406
12.66	0.13193
12.67	0.10993
12.68	0.081544
12.69	0.052888
12.7	0.029849
12.71	0.014935
12.72	0.0067268
12.73	0.0033077
12.74	0.0046362
12.75	0.011146
12.76	0.022015
12.77	0.035471
12.78	0.050494
12.79	0.067463
12.8	0.085246
12.81	0.10029
12.82	0.11058
12.83	0.11716
12.84	0.12178
12.85	0.12517
12.86	0.12801
12.87	0.13234
12.88	0.1398
12.89	0.14989
12.9	0.16094
12.91	0.16948
12.92	0.17049
12.93	0.16035
12.94	0.13774
12.95	0.10341
12.96	0.060015
12.97	0.010088
12.98	-0.045091
12.99	-0.10357
13	-0.15974
13.01	-0.2051
13.02	-0.23331
13.03	-0.24209
13.04	-0.23278
13.05	-0.21006
13.06	-0.18013
13.07	-0.14828
13.08	-0.11531
13.09	-0.080036
13.1	-0.045518
13.11	-0.018227
13.12	-0.0032139
13.13	0.0011813
13.14	0.0019575
13.15	0.0043366
13.16	0.0091565
13.17	0.013124
13.18	0.012883
13.19	0.0082963
13.2	0.00035419
13.21	-0.0092567
13.22	-0.016894
13.23	-0.020566
13.24	-0.023548
13.25	-0.030621
13.26	-0.043279
13.27	-0.059051
13.28	-0.072545
13.29	-0.077683
13.3	-0.071987
13.31	-0.058032
13.32	-0.039207
13.33	-0.018027
13.34	0.001115
13.35	0.014051
13.36	0.020481
13.37	0.021104
13.38	0.014636
13.39	0.00058474
13.4	-0.018673
13.41	-0.039867
13.42	-0.058494
13.43	-0.069366
13.44	-0.070366
13.45	-0.062571
13.46	-0.048373
13.47	-0.030727
13.48	-0.01209
13.49	0.0062589
13.5	0.023364
13.51	0.037958
13.52	0.048693
13.53	0.056481
13.54	0.062726
13.55	0.064118
13.56	0.057258
13.57	0.044497
13.58	0.029975
13.59	0.015297
13.6	0.0012277
13.61	-0.01063
13.62	-0.017793
13.63	-0.018238
13.64	-0.012294
13.65	-0.0027137
13.66	0.004072
13.67	0.0014242
13.68	-0.010552
13.69	-0.026611
13.7	-0.041795
13.71	-0.054753
13.72	-0.068737
13.73	-0.087142
13.74	-0.10952
13.75	-0.13296
13.76	-0.15399
13.77	-0.16979
13.78	-0.1803
13.79	-0.18743
13.8	-0.19126
13.81	-0.19046
13.82	-0.18547
13.83	-0.17768
13.84	-0.16635
13.85	-0.15036
13.86	-0.13148
13.87	-0.11342
13.88	-0.099545
13.89	-0.092335
13.9	-0.092627
13.91	-0.098198
13.92	-0.10504
13.93	-0.10812
13.94	-0.10317
13.95	-0.090332
13.96	-0.072572
13.97	-0.054412
13.98	-0.040492
13.99	-0.031405
14	-0.025097
14.01	-0.020693
14.02	-0.01804
14.03	-0.015144
14.04	-0.0088716
14.05	0.002067
14.06	0.017364
14.07	0.036434
14.08	0.057916
14.09	0.079576
14.1	0.098857
14.11	0.11249
14.12	0.11907
14.13	0.12141
14.14	0.12362
14.15	0.12823
14.16	0.13524
14.17	0.14397
14.18	0.15498
14.19	0.16734
14.2	0.17841
14.21	0.1867
14.22	0.19187
14.23	0.194
14.24	0.19394
14.25	0.19204
14.26	0.18611
14.27	0.17537
14.28	0.16278
14.29	0.14995
14.3	0.13535
14.31	0.1171
14.32	0.093795
14.33	0.064104
14.34	0.028796
14.35	-0.0081452
14.36	-0.043911
14.37	-0.079042
14.38	-0.11328
14.39	-0.14415
14.4	-0.16827
14.41	-0.18338
14.42	-0.18982
14.43	-0.19112
14.44	-0.19304
14.45	-0.19905
14.46	-0.20708
14.47	-0.21337
14.48	-0.2181
14.49	-0.22367
14.5	-0.23047
14.51	-0.23766
14.52	-0.24403
14.53	-0.24556
14.54	-0.2371
14.55	-0.21879
14.56	-0.19634
14.57	-0.17479
14.58	-0.15528
14.59	-0.13675
14.6	-0.1184
14.61	-0.10006
14.62	-0.081088
14.63	-0.060281
14.64	-0.036542
14.65	-0.012133
14.66	0.0061078
14.67	0.013355
14.68	0.0119
14.69	0.0082852
14.7	0.0072307
14.71	0.008981
14.72	0.010412
14.73	0.0081254
14.74	0.0018802
14.75	-0.0058671
14.76	-0.011882
14.77	-0.013703
14.78	-0.010369
14.79	-0.0026033
14.8	0.0064137
14.81	0.014605
14.82	0.022012
14.83	0.027505
14.84	0.03044
14.85	0.031719
14.86	0.033123
14.87	0.037028
14.88	0.043404
14.89	0.050432
14.9	0.059438
14.91	0.074029
14.92	0.095054
14.93	0.12009
14.94	0.14603
14.95	0.17069
14.96	0.19279
14.97	0.21005
14.98	0.21885
14.99	0.21821
15	0.21207
15.01	0.20472
15.02	0.19622
15.03	0.18603
15.04	0.17728
15.05	0.1724
15.06	0.16907
15.07	0.16348
15.08	0.15311
15.09	0.13775
15.1	0.12089
15.11	0.10758
15.12	0.10095
15.13	0.10156
15.14	0.10801
15.15	0.1161
15.16	0.11974
15.17	0.11688
15.18	0.11108
15.19	0.10599
15.2	0.10335
15.21	0.10451
15.22	0.11015
15.23	0.11974
15.24	0.13159
15.25	0.14423
15.26	0.15736
15.27	0.17087
15.28	0.18255
15.29	0.18821
15.3	0.18577
15.31	0.17729
15.32	0.16534
15.33	0.15045
15.34	0.13198
15.35	0.11085
15.36	0.092187
15.37	0.080618
15.38	0.075458
15.39	0.074287
15.4	0.075003
15.41	0.07405
15.42	0.067606
15.43	0.054674
15.44	0.037644
15.45	0.020385
15.46	0.0074259
15.47	0.0022595
15.48	0.0036007
15.49	0.006133
15.5	0.0056304
15.51	-0.001067
15.52	-0.015696
15.53	-0.032623
15.54	-0.042825
15.55	-0.044399
15.56	-0.04238
15.57	-0.042268
15.58	-0.046828
15.59	-0.055508
15.6	-0.066422
15.61	-0.078144
15.62	-0.089112
15.63	-0.098022
15.64	-0.10215
15.65	-0.099087
15.66	-0.092312
15.67	-0.08778
15.68	-0.088151
15.69	-0.093119
15.7	-0.10085
15.71	-0.10939
15.72	-0.11786
15.73	-0.12593
15.74	-0.13272
15.75	-0.13648
15.76	-0.13585
15.77	-0.13054
15.78	-0.12204
15.79	-0.11319
15.8	-0.10478
15.81	-0.097266
15.82	-0.093892
15.83	-0.096744
15.84	-0.10297
15.85	-0.10726
15.86	-0.10573
15.87	-0.098221
15.88	-0.087442
15.89	-0.075774
15.9	-0.065313
15.91	-0.058578
15.92	-0.056181
15.93	-0.055978
15.94	-0.055603
15.95	-0.054343
15.96	-0.052808
15.97	-0.051254
15.98	-0.049497
15.99	-0.046994
16	-0.0432
16.01	-0.040754
16.02	-0.043415
16.03	-0.049886
16.04	-0.054643
16.05	-0.05467
16.06	-0.052606
16.07	-0.052596
16.08	-0.05496
16.09	-0.057036
16.1	-0.057724
16.11	-0.059383
16.12	-0.064582
16.13	-0.071758
16.14	-0.075994
16.15	-0.074277
16.16	-0.068847
16.17	-0.064072
16.18	-0.060452
16.19	-0.055096
16.2	-0.047908
16.21	-0.041996
16.22	-0.03991
16.23	-0.043306
16.24	-0.052268
16.25	-0.063117
16.26	-0.071181
16.27	-0.074073
16.28	-0.070717
16.29	-0.062978
16.3	-0.055677
16.31	-0.051612
16.32	-0.049803
16.33	-0.046822
16.34	-0.039265
16.35	-0.026324
16.36	-0.0096226
16.37	0.0071505
16.38	0.019214
16.39	0.025295
16.4	0.028804
16.41	0.032526
16.42	0.036987
16.43	0.041875
16.44	0.046744
16.45	0.051701
16.46	0.05688
16.47	0.062574
16.48	0.069176
16.49	0.076868
16.5	0.086429
16.51	0.098237
16.52	0.1099
16.53	0.11894
16.54	0.12549
16.55	0.129
16.56	0.1279
16.57	0.12293
16.58	0.11669
16.59	0.11131
16.6	0.10714
16.61	0.1021
16.62	0.093678
16.63	0.081677
16.64	0.068095
16.65	0.054802
16.66	0.041583
16.67	0.028488
16.68	0.017853
16.69	0.010331
16.7	0.003334
16.71	-0.0065523
16.72	-0.021575
16.73	-0.040454
16.74	-0.059001
16.75	-0.073416
16.76	-0.082594
16.77	-0.088338
16.78	-0.093181
16.79	-0.098693
16.8	-0.10462
16.81	-0.10934
16.82	-0.11267
16.83	-0.11562
16.84	-0.11714
16.85	-0.11496
16.86	-0.10809
16.87	-0.097239
16.88	-0.084173
16.89	-0.07146
16.9	-0.061059
16.91	-0.051801
16.92	-0.042257
16.93	-0.034442
16.94	-0.030519
16.95	-0.029521
16.96	-0.028929
16.97	-0.026262
16.98	-0.020265
16.99	-0.012183
17	-0.0050018
17.01	-0.0030646
17.02	-0.0084952
17.03	-0.016758
17.04	-0.0199
17.05	-0.015057
17.06	-0.0068668
17.07	0.00084033
17.08	0.0087152
17.09	0.016615
17.1	0.022218
17.11	0.024249
17.12	0.023827
17.13	0.023171
17.14	0.025376
17.15	0.031503
17.16	0.03736
17.17	0.038185
17.18	0.033162
17.19	0.024802
17.2	0.016025
17.21	0.0081476
17.22	0.0014378
17.23	-0.0035964
17.24	-0.0050629
17.25	-0.0017985
17.26	0.0047405
17.27	0.012309
17.28	0.019022
17.29	0.025449
17.3	0.033591
17.31	0.04306
17.32	0.052525
17.33	0.06123
17.34	0.069082
17.35	0.077333
17.36	0.08726
17.37	0.099071
17.38	0.11207
17.39	0.12487
17.4	0.13607
17.41	0.14454
17.42	0.14874
17.43	0.1481
17.44	0.14405
17.45	0.13751
17.46	0.12946
17.47	0.12175
17.48	0.11454
17.49	0.10577
17.5	0.093803
17.51	0.078976
17.52	0.062612
17.53	0.046763
17.54	0.033911
17.55	0.024885
17.56	0.018822
17.57	0.016037
17.58	0.01724
17.59	0.021577
17.6	0.026703
17.61	0.029492
17.62	0.02764
17.63	0.021173
17.64	0.013339
17.65	0.0062092
17.66	-0.003202
17.67	-0.018099
17.68	-0.036686
17.69	-0.053665
17.7	-0.064446
17.71	-0.067752
17.72	-0.065709
17.73	-0.061716
17.74	-0.05917
17.75	-0.061058
17.76	-0.068134
17.77	-0.078973
17.78	-0.090798
17.79	-0.099658
17.8	-0.10247
17.81	-0.099261
17.82	-0.09367
17.83	-0.088178
17.84	-0.081855
17.85	-0.074291
17.86	-0.066
17.87	-0.058236
17.88	-0.053384
17.89	-0.05312
17.9	-0.056679
17.91	-0.060156
17.92	-0.059848
17.93	-0.055664
17.94	-0.049406
17.95	-0.042188
17.96	-0.034325
17.97	-0.027424
17.98	-0.023724
17.99	-0.022911
18	-0.021589
18.01	-0.016786
18.02	-0.010484
18.03	-0.0061106
18.04	-0.0038445
18.05	-0.0029839
18.06	-0.0036585
18.07	-0.0064577
18.08	-0.011151
18.09	-0.016676
18.1	-0.022318
18.11	-0.027078
18.12	-0.029415
18.13	-0.028093
18.14	-0.022042
18.15	-0.01227
18.16	-0.0035863
18.17	0.001471
18.18	0.0053557
18.19	0.010651
18.2	0.017472
18.21	0.022069
18.22	0.020393
18.23	0.013617
18.24	0.0055816
18.25	-0.0012935
18.26	-0.0065623
18.27	-0.011032
18.28	-0.016016
18.29	-0.021919
18.3	-0.026708
18.31	-0.028121
18.32	-0.026449
18.33	-0.024705
18.34	-0.026604
18.35	-0.032653
18.36	-0.039502
18.37	-0.044136
18.38	-0.047039
18.39	-0.050692
18.4	-0.05603
18.41	-0.061455
18.42	-0.064744
18.43	-0.063659
18.44	-0.056836
18.45	-0.045484
18.46	-0.032315
18.47	-0.020416
18.48	-0.013546
18.49	-0.013792
18.5	-0.018525
18.51	-0.023668
18.52	-0.026817
18.53	-0.025659
18.54	-0.018938
18.55	-0.0086784
18.56	0.0010225
18.57	0.0070697
18.58	0.0098225
18.59	0.011904
18.6	0.014984
18.61	0.018661
18.62	0.021985
18.63	0.026031
18.64	0.0334
18.65	0.043819
18.66	0.053021
18.67	0.058774
18.68	0.063626
18.69	0.069559
18.7	0.075387
18.71	0.079527
18.72	0.081357
18.73	0.080638
18.74	0.077942
18.75	0.075291
18.76	0.07457
18.77	0.0756
18.78	0.077422
18.79	0.080073
18.8	0.083547
18.81	0.087739
18.82	0.092534
18.83	0.096856
18.84	0.099841
18.85	0.10196
18.86	0.10415
18.87	0.10632
18.88	0.10698
18.89	0.10528
18.9	0.10159
18.91	0.095695
18.92	0.087785
18.93	0.079691
18.94	0.073219
18.95	0.068826
18.96	0.065931
18.97	0.063443
18.98	0.060996
18.99	0.059324
19	0.059217
19.01	0.059307
19.02	0.057063
19.03	0.053709
19.04	0.050978
19.05	0.046447
19.06	0.037912
19.07	0.02683
19.08	0.015942
19.09	0.0063986
19.1	-0.0029597
19.11	-0.01404
19.12	-0.026665
19.13	-0.038925
19.14	-0.048919
19.15	-0.056129
19.16	-0.062153
19.17	-0.067739
19.18	-0.071184
19.19	-0.071175
19.2	-0.06908
19.21	-0.066999
19.22	-0.065076
19.23	-0.062247
19.24	-0.057268
19.25	-0.049942
19.26	-0.041438
19.27	-0.032386
19.28	-0.023432
19.29	-0.015434
19.3	-0.0084007
19.31	-0.0032361
19.32	-0.00065572
19.33	0.0011209
19.34	0.0031888
19.35	0.0042932
19.36	0.0033252
19.37	0.00095667
19.38	-0.0008013
19.39	0.00044465
19.4	0.0056587
19.41	0.012818
19.42	0.019796
19.43	0.026446
19.44	0.032303
19.45	0.035817
19.46	0.036272
19.47	0.034698
19.48	0.0327
19.49	0.031592
19.5	0.032707
19.51	0.0355
19.52	0.036066
19.53	0.032904
19.54	0.029636
19.55	0.02817
19.56	0.027301
19.57	0.027429
19.58	0.029761
19.59	0.034349
19.6	0.040809
19.61	0.047997
19.62	0.053054
19.63	0.053693
19.64	0.051438
19.65	0.04846
19.66	0.043192
19.67	0.033401
19.68	0.020551
19.69	0.0084573
19.7	-0.00048217
19.71	-0.0059185
19.72	-0.0082822
19.73	-0.0090027
19.74	-0.010667
19.75	-0.015392
19.76	-0.02249
19.77	-0.028501
19.78	-0.030441
19.79	-0.028436
19.8	-0.024204
19.81	-0.019608
19.82	-0.016559
19.83	-0.014698
19.84	-0.012236
19.85	-0.0089979
19.86	-0.0047876
19.87	0.0012474
19.88	0.0083398
19.89	0.015104
19.9	0.020969
19.91	0.024807
19.92	0.024954
19.93	0.021453
19.94	0.015304
19.95	0.0068822
19.96	-0.0027655
19.97	-0.012394
19.98	-0.02153
19.99	-0.028844
20	-0.033047
20.01	-0.035473
20.02	-0.038613
20.03	-0.042577
20.04	-0.04498
20.05	-0.044974
20.06	-0.044386
20.07	-0.04565
20.08	-0.049889
20.09	-0.055301
20.1	-0.060223
20.11	-0.065316
20.12	-0.070232
20.13	-0.0738
20.14	-0.074657
20.15	-0.071106
20.16	-0.064873
20.17	-0.060713
20.18	-0.061759
20.19	-0.066819
20.2	-0.073119
20.21	-0.080364
20.22	-0.088323
20.23	-0.095151
20.24	-0.10043
20.25	-0.10547
20.26	-0.11077
20.27	-0.11557
20.28	-0.119
20.29	-0.12094
20.3	-0.12173
20.31	-0.12207
20.32	-0.12243
20.33	-0.12192
20.34	-0.11962
20.35	-0.11581
20.36	-0.11086
20.37	-0.10539
20.38	-0.10031
20.39	-0.096031
20.4	-0.092139
20.41	-0.088081
20.42	-0.08421
20.43	-0.081843
20.44	-0.081637
20.45	-0.082245
20.46	-0.081291
20.47	-0.078265
20.48	-0.075307
20.49	-0.074203
20.5	-0.074559
20.51	-0.076376
20.52	-0.080476
20.53	-0.084787
20.54	-0.085412
20.55	-0.081105
20.56	-0.073385
20.57	-0.064366
20.58	-0.055733
20.59	-0.048233
20.6	-0.041313
20.61	-0.033935
20.62	-0.024307
20.63	-0.010564
20.64	0.0066385
20.65	0.023877
20.66	0.036634
20.67	0.04285
20.68	0.044827
20.69	0.046136
20.7	0.048871
20.71	0.053493
20.72	0.058469
20.73	0.061932
20.74	0.064196
20.75	0.065832
20.76	0.066889
20.77	0.068313
20.78	0.070147
20.79	0.071083
20.8	0.070792
20.81	0.070783
20.82	0.072131
20.83	0.073865
20.84	0.075209
20.85	0.076617
20.86	0.078597
20.87	0.080652
20.88	0.08109
20.89	0.079075
20.9	0.075155
20.91	0.06994
20.92	0.064013
20.93	0.058306
20.94	0.054018
20.95	0.051997
20.96	0.051496
20.97	0.0512
20.98	0.050589
20.99	0.049559
21	0.049235
21.01	0.049726
21.02	0.048649
21.03	0.045836
21.04	0.044534
21.05	0.046068
21.06	0.048036
21.07	0.047878
21.08	0.045763
21.09	0.044322
21.1	0.045559
21.11	0.04831
21.12	0.050662
21.13	0.053431
21.14	0.05909
21.15	0.069333
21.16	0.082001
21.17	0.091967
21.18	0.09716
21.19	0.099145
21.2	0.098813
21.21	0.096337
21.22	0.093382
21.23	0.092224
21.24	0.094058
21.25	0.098489
21.26	0.10346
21.27	0.10676
21.28	0.10778
21.29	0.10695
21.3	0.10511
21.31	0.10344
21.32	0.10195
21.33	0.10005
21.34	0.098087
21.35	0.095924
21.36	0.092058
21.37	0.085359
21.38	0.077323
21.39	0.070676
21.4	0.066133
21.41	0.062397
21.42	0.057465
21.43	0.050319
21.44	0.041736
21.45	0.03237
21.46	0.022738
21.47	0.014074
21.48	0.0058971
21.49	-0.0035804
21.5	-0.014502
21.51	-0.026371
21.52	-0.038207
21.53	-0.046098
21.54	-0.046962
21.55	-0.043542
21.56	-0.040729
21.57	-0.040251
21.58	-0.040781
21.59	-0.041652
21.6	-0.043524
21.61	-0.045655
21.62	-0.0466
21.63	-0.046239
21.64	-0.04533
21.65	-0.044542
21.66	-0.044837
21.67	-0.046746
21.68	-0.048838
21.69	-0.049336
21.7	-0.04832
21.71	-0.047622
21.72	-0.048782
21.73	-0.051128
21.74	-0.052755
21.75	-0.052263
21.76	-0.049861
21.77	-0.048024
21.78	-0.048918
21.79	-0.052285
21.8	-0.05735
21.81	-0.06369
21.82	-0.070596
21.83	-0.076829
21.84	-0.080936
21.85	-0.08242
21.86	-0.081544
21.87	-0.078137
21.88	-0.073163
21.89	-0.069746
21.9	-0.06927
21.91	-0.069732
21.92	-0.069155
21.93	-0.06673
21.94	-0.061833
21.95	-0.054537
21.96	-0.045533
21.97	-0.035846
21.98	-0.026837
21.99	-0.019232
22	-0.012907
22.01	-0.0080644
22.02	-0.0052746
22.03	-0.0029524
22.04	0.0015472
22.05	0.0066848
22.06	0.008303
22.07	0.0058039
22.08	0.0024778
22.09	0.0015129
22.1	0.0027654
22.11	0.0031855
22.12	0.00084634
22.13	-0.0030657
22.14	-0.0062928
22.15	-0.0083951
22.16	-0.011943
22.17	-0.019082
22.18	-0.027493
22.19	-0.033905
22.2	-0.038865
22.21	-0.044742
22.22	-0.052351
22.23	-0.059567
22.24	-0.063134
22.25	-0.062033
22.26	-0.057929
22.27	-0.053694
22.28	-0.050759
22.29	-0.048554
22.3	-0.046737
22.31	-0.045507
22.32	-0.04414
22.33	-0.040854
22.34	-0.035097
22.35	-0.028475
22.36	-0.022483
22.37	-0.017104
22.38	-0.011814
22.39	-0.0061486
22.4	0.00065265
22.41	0.0091107
22.42	0.019217
22.43	0.029956
22.44	0.039322
22.45	0.046545
22.46	0.052269
22.47	0.056848
22.48	0.06086
22.49	0.065897
22.5	0.072561
22.51	0.078349
22.52	0.079866
22.53	0.077572
22.54	0.076046
22.55	0.077126
22.56	0.077106
22.57	0.073415
22.58	0.067343
22.59	0.060102
22.6	0.051978
22.61	0.043122
22.62	0.034005
22.63	0.026489
22.64	0.022438
22.65	0.021979
22.66	0.022386
22.67	0.020185
22.68	0.01665
22.69	0.015788
22.7	0.017291
22.71	0.018176
22.72	0.017921
22.73	0.017382
22.74	0.016804
22.75	0.016099
22.76	0.015237
22.77	0.014395
22.78	0.013463
22.79	0.01116
22.8	0.0065357
22.81	0.00036621
22.82	-0.006199
22.83	-0.011881
22.84	-0.01533
22.85	-0.017003
22.86	-0.018975
22.87	-0.022003
22.88	-0.025704
22.89	-0.030036
22.9	-0.03387
22.91	-0.035376
22.92	-0.034842
22.93	-0.034019
22.94	-0.033257
22.95	-0.032048
22.96	-0.031608
22.97	-0.033564
22.98	-0.035557
22.99	-0.033354
23	-0.027384
23.01	-0.022109
23.02	-0.020457
23.03	-0.021001
23.04	-0.019127
23.05	-0.012704
23.06	-0.0056816
23.07	-0.0027052
23.08	-0.0033247
23.09	-0.0040121
23.1	-0.0032697
23.11	-0.00093859
23.12	0.0036123
23.13	0.0085033
23.14	0.010981
23.15	0.011394
23.16	0.01106
23.17	0.010489
23.18	0.010105
23.19	0.008861
23.2	0.0052519
23.21	0.0008173
23.22	-0.0026927
23.23	-0.0065146
23.24	-0.010682
23.25	-0.011914
23.26	-0.0082328
23.27	-0.001237
23.28	0.0063191
23.29	0.012611
23.3	0.018
23.31	0.022918
23.32	0.025821
23.33	0.025907
23.34	0.024502
23.35	0.023136
23.36	0.02165
23.37	0.019376
23.38	0.016755
23.39	0.014553
23.4	0.013187
23.41	0.011682
23.42	0.0089588
23.43	0.0054351
23.44	0.0012754
23.45	-0.0041104
23.46	-0.010542
23.47	-0.015804
23.48	-0.018772
23.49	-0.021695
23.5	-0.024935
23.51	-0.02607
23.52	-0.025111
23.53	-0.023487
23.54	-0.02016
23.55	-0.014399
23.56	-0.0092612
23.57	-0.008265
23.58	-0.01155
23.59	-0.015846
23.6	-0.017633
23.61	-0.016607
23.62	-0.014798
23.63	-0.013586
23.64	-0.012088
23.65	-0.0093778
23.66	-0.0074431
23.67	-0.0083504
23.68	-0.011731
23.69	-0.016302
23.7	-0.02092
23.71	-0.025373
23.72	-0.030261
23.73	-0.035668
23.74	-0.04183
23.75	-0.049168
23.76	-0.056456
23.77	-0.062008
23.78	-0.064862
23.79	-0.064549
23.8	-0.062061
23.81	-0.059432
23.82	-0.057312
23.83	-0.054778
23.84	-0.0513
23.85	-0.046945
23.86	-0.042246
23.87	-0.038388
23.88	-0.035366
23.89	-0.03086
23.9	-0.023884
23.91	-0.015655
23.92	-0.0059852
23.93	0.0049231
23.94	0.014605
23.95	0.022222
23.96	0.029497
23.97	0.036356
23.98	0.041686
23.99	0.046869
24	0.054149
24.01	0.064299
24.02	0.075098
24.03	0.084417
24.04	0.094046
24.05	0.10515
24.06	0.11538
24.07	0.12283
24.08	0.12809
24.09	0.13226
24.1	0.1353
24.11	0.13731
24.12	0.13798
24.13	0.13639
24.14	0.13424
24.15	0.13253
24.16	0.12783
24.17	0.11889
24.18	0.10949
24.19	0.10238
24.2	0.096233
24.21	0.089304
24.22	0.081367
24.23	0.072511
24.24	0.063407
24.25	0.054585
24.26	0.046079
24.27	0.03774
24.28	0.02973
24.29	0.02363
24.3	0.020437
24.31	0.019024
24.32	0.017756
24.33	0.015954
24.34	0.01462
24.35	0.014949
24.36	0.016081
24.37	0.016654
24.38	0.016598
24.39	0.016282
24.4	0.0154
24.41	0.013951
24.42	0.013676
24.43	0.014867
24.44	0.014401
24.45	0.010568
24.46	0.0054755
24.47	0.0018214
24.48	0.0001399
24.49	-0.00077922
24.5	-0.0017265
24.51	-0.0035931
24.52	-0.0088444
24.53	-0.017543
24.54	-0.025549
24.55	-0.030769
24.56	-0.035457
24.57	-0.041877
24.58	-0.049325
24.59	-0.055256
24.6	-0.059102
24.61	-0.062734
24.62	-0.067519
24.63	-0.07263
24.64	-0.0754
24.65	-0.075675
24.66	-0.077267
24.67	-0.082322
24.68	-0.088182
24.69	-0.091762
24.7	-0.093383
24.71	-0.094763
24.72	-0.097321
24.73	-0.10187
24.74	-0.1072
24.75	-0.11083
24.76	-0.11222
24.77	-0.11188
24.78	-0.1084
24.79	-0.10051
24.8	-0.091121
24.81	-0.084103
24.82	-0.07892
24.83	-0.073884
24.84	-0.070458
24.85	-0.069773
24.86	-0.069593
24.87	-0.068051
24.88	-0.065858
24.89	-0.063903
24.9	-0.062088
24.91	-0.059526
24.92	-0.055915
24.93	-0.053
24.94	-0.052723
24.95	-0.054176
24.96	-0.053651
24.97	-0.049125
24.98	-0.042681
24.99	-0.037291
25	-0.034068
25.01	-0.033289
25.02	-0.034884
25.03	-0.036247
25.04	-0.032935
25.05	-0.023854
25.06	-0.012517
25.07	-0.002076
25.08	0.0071414
25.09	0.016047
25.1	0.02493
25.11	0.032339
25.12	0.03689
25.13	0.039724
25.14	0.042728
25.15	0.044893
25.16	0.042853
25.17	0.036982
25.18	0.033765
25.19	0.037301
25.2	0.044288
25.21	0.050629
25.22	0.055539
25.23	0.059401
25.24	0.061783
25.25	0.061959
25.26	0.060312
25.27	0.057982
25.28	0.056058
25.29	0.056025
25.3	0.057854
25.31	0.058081
25.32	0.054255
25.33	0.048279
25.34	0.043447
25.35	0.04113
25.36	0.040511
25.37	0.040399
25.38	0.040984
25.39	0.043226
25.4	0.046418
25.41	0.049574
25.42	0.052749
25.43	0.055703
25.44	0.058754
25.45	0.061539
25.46	0.063253
25.47	0.064778
25.48	0.066243
25.49	0.066192
25.5	0.064435
25.51	0.062557
25.52	0.060559
25.53	0.057996
25.54	0.0569
25.55	0.057011
25.56	0.054479
25.57	0.048208
25.58	0.041118
25.59	0.034979
25.6	0.029289
25.61	0.023555
25.62	0.016771
25.63	0.0080464
25.64	-0.00092143
25.65	-0.007653
25.66	-0.012762
25.67	-0.017999
25.68	-0.023372
25.69	-0.028108
25.7	-0.031369
25.71	-0.032621
25.72	-0.032252
25.73	-0.031287
25.74	-0.030621
25.75	-0.030188
25.76	-0.028393
25.77	-0.023997
25.78	-0.018877
25.79	-0.015921
25.8	-0.014381
25.81	-0.011549
25.82	-0.007035
25.83	-0.0016005
25.84	0.0035992
25.85	0.0063671
25.86	0.0063817
25.87	0.0055127
25.88	0.0046019
25.89	0.0034497
25.9	0.0015265
25.91	-0.0023255
25.92	-0.0078313
25.93	-0.01273
25.94	-0.01573
25.95	-0.017781
25.96	-0.020469
25.97	-0.023653
25.98	-0.025577
25.99	-0.026819
26	-0.030162
26.01	-0.036596
26.02	-0.045386
26.03	-0.053952
26.04	-0.058335
26.05	-0.057794
26.06	-0.055645
26.07	-0.055508
26.08	-0.058127
26.09	-0.060637
26.1	-0.061564
26.11	-0.063294
26.12	-0.067474
26.13	-0.072857
26.14	-0.075889
26.15	-0.075368
26.16	-0.075173
26.17	-0.078054
26.18	-0.081077
26.19	-0.07916
26.2	-0.07225
26.21	-0.065237
26.22	-0.059818
26.23	-0.053482
26.24	-0.046362
26.25	-0.041203
26.26	-0.037614
26.27	-0.032679
26.28	-0.025447
26.29	-0.017331
26.3	-0.010407
26.31	-0.0060198
26.32	-0.0038102
26.33	-0.0015271
26.34	0.0026017
26.35	0.0073962
26.36	0.011022
26.37	0.014308
26.38	0.019152
26.39	0.025145
26.4	0.030995
26.41	0.036833
26.42	0.042899
26.43	0.048637
26.44	0.054323
26.45	0.060344
26.46	0.065272
26.47	0.068446
26.48	0.071121
26.49	0.072972
26.5	0.072443
26.51	0.069705
26.52	0.06632
26.53	0.063466
26.54	0.061196
26.55	0.059022
26.56	0.056689
26.57	0.054173
26.58	0.050953
26.59	0.045847
26.6	0.039269
26.61	0.033032
26.62	0.026988
26.63	0.020744
26.64	0.016156
26.65	0.013876
26.66	0.010926
26.67	0.0055332
26.68	0.00030249
26.69	-0.0032257
26.7	-0.006897
26.71	-0.011237
26.72	-0.014347
26.73	-0.014805
26.74	-0.012864
26.75	-0.01083
26.76	-0.011027
26.77	-0.012595
26.78	-0.014591
26.79	-0.018263
26.8	-0.022726
26.81	-0.025103
26.82	-0.024673
26.83	-0.022975
26.84	-0.021594
26.85	-0.020933
26.86	-0.020643
26.87	-0.019574
26.88	-0.016224
26.89	-0.010949
26.9	-0.0054033
26.91	-0.00030142
26.92	0.0042034
26.93	0.0070417
26.94	0.0075878
26.95	0.0071264
26.96	0.0064222
26.97	0.0054959
26.98	0.0054904
26.99	0.0061238
27	0.0044555
27.01	-0.00087356
27.02	-0.0080693
27.03	-0.014068
27.04	-0.017158
27.05	-0.019415
27.06	-0.024288
27.07	-0.032725
27.08	-0.042208
27.09	-0.049736
27.1	-0.054671
27.11	-0.057363
27.12	-0.059015
27.13	-0.060548
27.14	-0.059282
27.15	-0.053884
27.16	-0.049456
27.17	-0.050208
27.18	-0.054122
27.19	-0.057292
27.2	-0.057641
27.21	-0.055411
27.22	-0.052285
27.23	-0.049389
27.24	-0.046773
27.25	-0.044213
27.26	-0.041594
27.27	-0.039133
27.28	-0.036446
27.29	-0.032289
27.3	-0.026578
27.31	-0.021414
27.32	-0.018893
27.33	-0.018207
27.34	-0.016617
27.35	-0.013019
27.36	-0.0088469
27.37	-0.005902
27.38	-0.0045284
27.39	-0.0036723
27.4	-0.0013847
27.41	0.0035807
27.42	0.010164
27.43	0.016776
27.44	0.022593
27.45	0.027671
27.46	0.033106
27.47	0.038567
27.48	0.042112
27.49	0.042768
27.5	0.041438
27.51	0.039989
27.52	0.039011
27.53	0.038008
27.54	0.037936
27.55	0.040308
27.56	0.044358
27.57	0.047739
27.58	0.049021
27.59	0.048377
27.6	0.047397
27.61	0.048398
27.62	0.051794
27.63	0.056415
27.64	0.062692
27.65	0.070099
27.66	0.075038
27.67	0.076635
27.68	0.0778
27.69	0.079793
27.7	0.081646
27.71	0.082476
27.72	0.081187
27.73	0.076563
27.74	0.070083
27.75	0.065009
27.76	0.062302
27.77	0.060701
27.78	0.05895
27.79	0.05669
27.8	0.054312
27.81	0.052166
27.82	0.0506
27.83	0.049381
27.84	0.047923
27.85	0.047007
27.86	0.047005
27.87	0.046992
27.88	0.046695
27.89	0.046436
27.9	0.046047
27.91	0.044935
27.92	0.042947
27.93	0.040626
27.94	0.038464
27.95	0.036542
27.96	0.034786
27.97	0.032877
27.98	0.030139
27.99	0.026946
28	0.025018
28.01	0.023756
28.02	0.020085
28.03	0.015242
28.04	0.014109
28.05	0.016725
28.06	0.017596
28.07	0.012867
28.08	0.0041131
28.09	-0.004855
28.1	-0.011133
28.11	-0.015227
28.12	-0.019889
28.13	-0.025126
28.14	-0.028392
28.15	-0.028489
28.16	-0.028402
28.17	-0.031614
28.18	-0.036367
28.19	-0.038701
28.2	-0.037943
28.21	-0.036286
28.22	-0.034636
28.23	-0.03164
28.24	-0.02719
28.25	-0.023166
28.26	-0.021308
28.27	-0.020685
28.28	-0.018064
28.29	-0.013168
28.3	-0.0085034
28.31	-0.0046084
28.32	-0.0012044
28.33	0.000831
28.34	0.00098336
28.35	-0.00014082
28.36	-0.0012865
28.37	-0.0012942
28.38	-0.00019118
28.39	0.0014147
28.4	0.0024753
28.41	0.00088583
28.42	-0.0034179
28.43	-0.0074373
28.44	-0.0093759
28.45	-0.010811
28.46	-0.01419
28.47	-0.019011
28.48	-0.022564
28.49	-0.024724
28.5	-0.027682
28.51	-0.032398
28.52	-0.038566
28.53	-0.04474
28.54	-0.049395
28.55	-0.052647
28.56	-0.055141
28.57	-0.057602
28.58	-0.060211
28.59	-0.061739
28.6	-0.061132
28.61	-0.059041
28.62	-0.056096
28.63	-0.051714
28.64	-0.045636
28.65	-0.038854
28.66	-0.034442
28.67	-0.034831
28.68	-0.037514
28.69	-0.038147
28.7	-0.036078
28.71	-0.033916
28.72	-0.033209
28.73	-0.03317
28.74	-0.032679
28.75	-0.03162
28.76	-0.030119
28.77	-0.028226
28.78	-0.02682
28.79	-0.026461
28.8	-0.026282
28.81	-0.02562
28.82	-0.025901
28.83	-0.028759
28.84	-0.03262
28.85	-0.034411
28.86	-0.033415
28.87	-0.031232
28.88	-0.029429
28.89	-0.028216
28.9	-0.027299
28.91	-0.026921
28.92	-0.028035
28.93	-0.030946
28.94	-0.033505
28.95	-0.033784
28.96	-0.032785
28.97	-0.033075
28.98	-0.035595
28.99	-0.037985
29	-0.03754
29.01	-0.034513
29.02	-0.031649
29.03	-0.02933
29.04	-0.024862
29.05	-0.018514
29.06	-0.013622
29.07	-0.011711
29.08	-0.011463
29.09	-0.01103
29.1	-0.0098793
29.11	-0.0085501
29.12	-0.0074835
29.13	-0.0066449
29.14	-0.0058105
29.15	-0.0049229
29.16	-0.0039969
29.17	-0.0030616
29.18	-0.0021948
29.19	-0.001325
29.2	-0.00044054
29.21	0.00048393
29.22	0.0013588
29.23	0.0020297
29.24	0.0026262
29.25	0.0032595
29.26	0.0040294
29.27	0.0045201
29.28	0.0044908
29.29	0.0045611
29.3	0.0050195
29.31	0.0061021
29.32	0.0075829
29.33	0.0090311
29.34	0.011213
29.35	0.014895
29.36	0.018888
29.37	0.0208
29.38	0.020188
29.39	0.017918
29.4	0.014616
29.41	0.011767
29.42	0.010352
29.43	0.0099788
29.44	0.0094132
29.45	0.0070187
29.46	0.0035918
29.47	0.0018272
29.48	0.0023853
29.49	0.003831
29.5	0.0052565
29.51	0.006513
29.52	0.0066836
29.53	0.0063401
29.54	0.0082374
29.55	0.012674
29.56	0.017265
29.57	0.020252
29.58	0.022163
29.59	0.025145
29.6	0.029613
29.61	0.034296
29.62	0.03869
29.63	0.043318
29.64	0.049588
29.65	0.057665
29.66	0.064234
29.67	0.066176
29.68	0.065227
29.69	0.065831
29.7	0.069838
29.71	0.075568
29.72	0.080527
29.73	0.083917
29.74	0.086033
29.75	0.086172
29.76	0.084198
29.77	0.081535
29.78	0.079077
29.79	0.076584
29.8	0.073806
29.81	0.070908
29.82	0.068096
29.83	0.065104
29.84	0.0613
29.85	0.057072
29.86	0.0531
29.87	0.048707
29.88	0.043669
29.89	0.039099
29.9	0.035606
29.91	0.031897
29.92	0.026462
29.93	0.019344
29.94	0.011337
29.95	0.0046382
29.96	0.001179
29.97	-0.00028246
29.98	-0.001507
29.99	-0.0021645
30	-0.0017845
30.01	-0.0015791
30.02	-0.0030226
30.03	-0.0051505
30.04	-0.005647
30.05	-0.0047996
30.06	-0.0053595
30.07	-0.009044
30.08	-0.014391
30.09	-0.018082
30.1	-0.019166
30.11	-0.019495
30.12	-0.019757
30.13	-0.019258
30.14	-0.017941
30.15	-0.016289
30.16	-0.016434
30.17	-0.020616
30.18	-0.026639
30.19	-0.030155
30.2	-0.030037
30.21	-0.028715
30.22	-0.029517
30.23	-0.033323
30.24	-0.037564
30.25	-0.040841
30.26	-0.044174
30.27	-0.048172
30.28	-0.052755
30.29	-0.056287
30.3	-0.057657
30.31	-0.058826
30.32	-0.060987
30.33	-0.062136
30.34	-0.061426
30.35	-0.061287
30.36	-0.063358
30.37	-0.067095
30.38	-0.071002
30.39	-0.07267
30.4	-0.071256
30.41	-0.068626
30.42	-0.066419
30.43	-0.064683
30.44	-0.062553
30.45	-0.05905
30.46	-0.054421
30.47	-0.050174
30.48	-0.047247
30.49	-0.044966
30.5	-0.041087
30.51	-0.035058
30.52	-0.030448
30.53	-0.027735
30.54	-0.021896
30.55	-0.011738
30.56	-0.0014142
30.57	0.0060683
30.58	0.011592
30.59	0.017652
30.6	0.024738
30.61	0.030905
30.62	0.034533
30.63	0.037295
30.64	0.04276
30.65	0.05061
30.66	0.056503
30.67	0.059281
30.68	0.061635
30.69	0.065072
30.7	0.069001
30.71	0.071489
30.72	0.070873
30.73	0.068355
30.74	0.067235
30.75	0.068786
30.76	0.070775
30.77	0.070537
30.78	0.068243
30.79	0.066451
30.8	0.066111
30.81	0.065484
30.82	0.063267
30.83	0.059325
30.84	0.054058
30.85	0.049043
30.86	0.045648
30.87	0.043433
30.88	0.041527
30.89	0.040849
30.9	0.042065
30.91	0.043162
30.92	0.042579
30.93	0.040693
30.94	0.038504
30.95	0.036847
30.96	0.035322
30.97	0.03326
30.98	0.030935
30.99	0.028555
31	0.025593
31.01	0.020787
31.02	0.013808
31.03	0.0076852
31.04	0.0054095
31.05	0.0052434
31.06	0.0026818
31.07	-0.0038383
31.08	-0.011826
31.09	-0.018682
31.1	-0.023516
31.11	-0.027418
31.12	-0.031797
31.13	-0.035573
31.14	-0.036972
31.15	-0.036268
31.16	-0.035399
31.17	-0.035969
31.18	-0.037034
31.19	-0.036511
31.2	-0.03455
31.21	-0.03292
31.22	-0.032493
31.23	-0.032654
31.24	-0.032485
31.25	-0.031899
31.26	-0.03139
31.27	-0.031255
31.28	-0.03079
31.29	-0.028528
31.3	-0.024345
31.31	-0.020523
31.32	-0.019077
31.33	-0.019432
31.34	-0.020074
31.35	-0.020123
31.36	-0.019662
31.37	-0.019548
31.38	-0.020135
31.39	-0.020853
31.4	-0.021601
31.41	-0.023472
31.42	-0.026391
31.43	-0.028569
31.44	-0.03042
31.45	-0.033867
31.46	-0.03759
31.47	-0.039057
31.48	-0.039522
31.49	-0.042362
31.5	-0.047943
31.51	-0.054262
31.52	-0.060139
31.53	-0.064243
31.54	-0.065114
31.55	-0.064534
31.56	-0.06562
31.57	-0.067653
31.58	-0.068821
31.59	-0.069761
31.6	-0.070684
31.61	-0.070231
31.62	-0.06777
31.63	-0.064415
31.64	-0.061717
31.65	-0.060755
31.66	-0.062277
31.67	-0.066139
31.68	-0.070083
31.69	-0.070816
31.7	-0.067687
31.71	-0.063042
31.72	-0.059442
31.73	-0.057158
31.74	-0.054774
31.75	-0.051901
31.76	-0.048886
31.77	-0.045942
31.78	-0.042962
31.79	-0.03954
31.8	-0.036104
31.81	-0.032378
31.82	-0.026569
31.83	-0.019367
31.84	-0.01325
31.85	-0.0079541
31.86	-0.0022631
31.87	0.0026347
31.88	0.0053558
31.89	0.0075514
31.9	0.011815
31.91	0.017291
31.92	0.020758
31.93	0.022242
31.94	0.025225
31.95	0.030259
31.96	0.03425
31.97	0.036572
31.98	0.039487
31.99	0.043211
32	0.045632
32.01	0.045291
32.02	0.042598
32.03	0.040385
32.04	0.042059
32.05	0.047305
32.06	0.05251
32.07	0.056189
32.08	0.059376
32.09	0.061435
32.1	0.061959
32.11	0.063438
32.12	0.06651
32.13	0.068956
32.14	0.071705
32.15	0.076352
32.16	0.078969
32.17	0.076578
32.18	0.073622
32.19	0.074551
32.2	0.077143
32.21	0.0774
32.22	0.074825
32.23	0.071059
32.24	0.067516
32.25	0.063707
32.26	0.058007
32.27	0.051864
32.28	0.047318
32.29	0.042476
32.3	0.036175
32.31	0.031012
32.32	0.028598
32.33	0.027191
32.34	0.024283
32.35	0.019639
32.36	0.01545
32.37	0.013123
32.38	0.012217
32.39	0.011836
32.4	0.011392
32.41	0.010767
32.42	0.01019
32.43	0.0097924
32.44	0.0094222
32.45	0.0090142
32.46	0.0086087
32.47	0.0082196
32.48	0.0078321
32.49	0.0074051
32.5	0.0071924
32.51	0.0063371
32.52	0.003429
32.53	0.00086341
32.54	0.0018598
32.55	0.0047998
32.56	0.0064854
32.57	0.0059835
32.58	0.0031809
32.59	-0.0015257
32.6	-0.0063873
32.61	-0.010846
32.62	-0.015507
32.63	-0.019082
32.64	-0.020066
32.65	-0.018927
32.66	-0.018181
32.67	-0.020851
32.68	-0.025959
32.69	-0.029273
32.7	-0.029031
32.71	-0.026991
32.72	-0.025306
32.73	-0.024475
32.74	-0.023942
32.75	-0.024086
32.76	-0.026324
32.77	-0.03013
32.78	-0.032576
32.79	-0.032689
32.8	-0.0323
32.81	-0.032154
32.82	-0.031335
32.83	-0.029566
32.84	-0.027488
32.85	-0.025367
32.86	-0.023276
32.87	-0.021584
32.88	-0.020474
32.89	-0.019514
32.9	-0.017745
32.91	-0.014454
32.92	-0.010285
32.93	-0.0069268
32.94	-0.0048863
32.95	-0.0035466
32.96	-0.002578
32.97	-0.0005396
32.98	0.0040818
32.99	0.0092864
33	0.011922
33.01	0.011711
33.02	0.010585
33.03	0.011369
33.04	0.0155
33.05	0.02039
33.06	0.022577
33.07	0.021834
33.08	0.020144
33.09	0.019022
33.1	0.018551
33.11	0.018254
33.12	0.017855
33.13	0.017214
33.14	0.016539
33.15	0.015962
33.16	0.014047
33.17	0.0094354
33.18	0.0040952
33.19	0.0011131
33.2	0.00099671
33.21	0.0014506
33.22	-0.00031833
33.23	-0.0044556
33.24	-0.0079231
33.25	-0.0075534
33.26	-0.0036049
33.27	0.00083325
33.28	0.0033052
33.29	0.0035645
33.3	0.0034417
33.31	0.0055131
33.32	0.010058
33.33	0.014226
33.34	0.015448
33.35	0.014771
33.36	0.01575
33.37	0.019589
33.38	0.023434
33.39	0.024461
33.4	0.022893
33.41	0.021008
33.42	0.020481
33.43	0.020566
33.44	0.020472
33.45	0.021493
33.46	0.023695
33.47	0.025083
33.48	0.025129
33.49	0.024254
33.5	0.022499
33.51	0.019648
33.52	0.015015
33.53	0.0106
33.54	0.010638
33.55	0.014589
33.56	0.016759
33.57	0.014152
33.58	0.0090115
33.59	0.0045156
33.6	0.0022077
33.61	0.0017216
33.62	0.0016979
33.63	0.0012449
33.64	0.0017464
33.65	0.0041331
33.66	0.0049349
33.67	0.0021435
33.68	-0.0012847
33.69	-0.0033018
33.7	-0.0052752
33.71	-0.00838
33.72	-0.011832
33.73	-0.01442
33.74	-0.015536
33.75	-0.015548
33.76	-0.015183
33.77	-0.01495
33.78	-0.016428
33.79	-0.020723
33.8	-0.02541
33.81	-0.027698
33.82	-0.027737
33.83	-0.027021
33.84	-0.026929
33.85	-0.028467
33.86	-0.031113
33.87	-0.032775
33.88	-0.032635
33.89	-0.031368
33.9	-0.029884
33.91	-0.028906
33.92	-0.027964
33.93	-0.026862
33.94	-0.026171
33.95	-0.025759
33.96	-0.025525
33.97	-0.025756
33.98	-0.026214
33.99	-0.026285
34	-0.025233
34.01	-0.023739
34.02	-0.0232
34.03	-0.022164
34.04	-0.018193
34.05	-0.011819
34.06	-0.0060362
34.07	-0.0030233
34.08	-0.0024548
34.09	-0.0027305
34.1	-0.0027475
34.11	-0.0025784
34.12	-0.0015233
34.13	0.0021811
34.14	0.0079733
34.15	0.012687
34.16	0.013553
34.17	0.011265
34.18	0.0093048
34.19	0.010337
34.2	0.014411
34.21	0.018675
34.22	0.020192
34.23	0.019341
34.24	0.0187
34.25	0.019462
34.26	0.020551
34.27	0.019996
34.28	0.017091
34.29	0.013767
34.3	0.012018
34.31	0.0115
34.32	0.010694
34.33	0.008198
34.34	0.0035767
34.35	-0.001231
34.36	-0.0037085
34.37	-0.0037641
34.38	-0.003038
34.39	-0.0026239
34.4	-0.0018049
34.41	0.00061901
34.42	0.0039315
34.43	0.0060379
34.44	0.0049553
34.45	0.0006324
34.46	-0.0037654
34.47	-0.0053773
34.48	-0.0051429
34.49	-0.0062532
34.5	-0.0097642
34.51	-0.013573
34.52	-0.015617
34.53	-0.015677
34.54	-0.014824
34.55	-0.014064
34.56	-0.013634
34.57	-0.013313
34.58	-0.012892
34.59	-0.012364
34.6	-0.011854
34.61	-0.011451
34.62	-0.01117
34.63	-0.011013
34.64	-0.0098371
34.65	-0.0071377
34.66	-0.0057007
34.67	-0.0071052
34.68	-0.0091286
34.69	-0.009691
34.7	-0.0090644
34.71	-0.0081299
34.72	-0.0056826
34.73	-0.00082592
34.74	0.0038541
34.75	0.0071258
34.76	0.010949
34.77	0.015
34.78	0.017121
34.79	0.017804
34.8	0.019188
34.81	0.021758
34.82	0.024155
34.83	0.02378
34.84	0.019263
34.85	0.013689
34.86	0.010454
34.87	0.0079572
34.88	0.0038688
34.89	-0.0009311
34.9	-0.0057401
34.91	-0.010274
34.92	-0.012873
34.93	-0.013005
34.94	-0.013465
34.95	-0.016826
34.96	-0.021059
34.97	-0.02258
34.98	-0.021936
34.99	-0.023018
35	-0.026523
35.01	-0.029988
35.02	-0.032932
35.03	-0.034238
35.04	-0.031564
35.05	-0.02756
35.06	-0.027223
35.07	-0.030174
35.08	-0.03217
35.09	-0.031182
35.1	-0.028556
35.11	-0.026669
35.12	-0.026763
35.13	-0.02734
35.14	-0.025785
35.15	-0.022151
35.16	-0.018689
35.17	-0.017102
35.18	-0.017194
35.19	-0.017177
35.2	-0.01687
35.21	-0.017155
35.22	-0.017015
35.23	-0.015143
35.24	-0.011576
35.25	-0.0078434
35.26	-0.0056745
35.27	-0.0040264
35.28	1.2784e-05
35.29	0.0060538
35.3	0.010401
35.31	0.011648
35.32	0.012542
35.33	0.01599
35.34	0.020995
35.35	0.024315
35.36	0.024749
35.37	0.023694
35.38	0.022768
35.39	0.022462
35.4	0.022476
35.41	0.022361
35.42	0.021957
35.43	0.021367
35.44	0.020851
35.45	0.02037
35.46	0.018999
35.47	0.016806
35.48	0.015585
35.49	0.015852
35.5	0.016849
35.51	0.017722
35.52	0.017435
35.53	0.017233
35.54	0.020118
35.55	0.025587
35.56	0.029468
35.57	0.029592
35.58	0.028588
35.59	0.029997
35.6	0.033114
35.61	0.035114
35.62	0.035186
35.63	0.034157
35.64	0.034418
35.65	0.037383
35.66	0.03922
35.67	0.035934
35.68	0.029806
35.69	0.025577
35.7	0.024568
35.71	0.024202
35.72	0.021432
35.73	0.016141
35.74	0.011016
35.75	0.0083893
35.76	0.0083134
35.77	0.0096822
35.78	0.01179
35.79	0.014448
35.8	0.017024
35.81	0.018347
35.82	0.01761
35.83	0.014221
35.84	0.0086741
35.85	0.0037239
35.86	0.0015799
35.87	0.0015913
35.88	0.0019668
35.89	0.0017862
35.9	0.0012854
35.91	0.00091492
35.92	0.00070193
35.93	0.00052004
35.94	0.0003467
35.95	0.00020058
35.96	5.3904e-05
35.97	-7.3645e-05
35.98	-0.00012447
35.99	-0.00013249
36	6.88e-06
36.01	-4.1328e-05
36.02	-0.00018484
36.03	9.97e-05
36.04	0.0024474
36.05	0.0068909
36.06	0.010867
36.07	0.012228
36.08	0.011399
36.09	0.010154
36.1	0.0095116
36.11	0.0093097
36.12	0.0088538
36.13	0.0083091
36.14	0.0097319
36.15	0.013997
36.16	0.017822
36.17	0.016996
36.18	0.011279
36.19	0.0047558
36.2	0.001461
36.21	0.00069948
36.22	-0.001851
36.23	-0.0072952
36.24	-0.01197
36.25	-0.013301
36.26	-0.013117
36.27	-0.015073
36.28	-0.019611
36.29	-0.023368
36.3	-0.024487
36.31	-0.025628
36.32	-0.029158
36.33	-0.032881
36.34	-0.033939
36.35	-0.032572
36.36	-0.03066
36.37	-0.029252
36.38	-0.0287
36.39	-0.030236
36.4	-0.033927
36.41	-0.036931
36.42	-0.036998
36.43	-0.035055
36.44	-0.032606
36.45	-0.028749
36.46	-0.022897
36.47	-0.017625
36.48	-0.015229
36.49	-0.01492
36.5	-0.014953
36.51	-0.015997
36.52	-0.019423
36.53	-0.022955
36.54	-0.022595
36.55	-0.018452
36.56	-0.015291
36.57	-0.015985
36.58	-0.018228
36.59	-0.018926
36.6	-0.01768
36.61	-0.015803
36.62	-0.014375
36.63	-0.013532
36.64	-0.012833
36.65	-0.01179
36.66	-0.011232
36.67	-0.013283
36.68	-0.016948
36.69	-0.017581
36.7	-0.013792
36.71	-0.0090638
36.72	-0.0068279
36.73	-0.0075732
36.74	-0.0085449
36.75	-0.0070928
36.76	-0.003737
36.77	-0.00060002
36.78	0.00095679
36.79	0.001057
36.8	0.0014079
36.81	0.004347
36.82	0.0095314
36.83	0.013595
36.84	0.01458
36.85	0.013545
36.86	0.012701
36.87	0.014133
36.88	0.017587
36.89	0.020166
36.9	0.020423
36.91	0.019474
36.92	0.018794
36.93	0.019103
36.94	0.019901
36.95	0.020146
36.96	0.019574
36.97	0.018737
36.98	0.018059
36.99	0.017517
37	0.01706
37.01	0.015813
37.02	0.012613
37.03	0.0096566
37.04	0.010137
37.05	0.01352
37.06	0.017705
37.07	0.021004
37.08	0.022288
37.09	0.02164
37.1	0.020542
37.11	0.021281
37.12	0.024112
37.13	0.026438
37.14	0.027517
37.15	0.028468
37.16	0.027677
37.17	0.023996
37.18	0.0198
37.19	0.017552
37.2	0.017199
37.21	0.017417
37.22	0.017963
37.23	0.018486
37.24	0.017953
37.25	0.01683
37.26	0.015677
37.27	0.013556
37.28	0.010188
37.29	0.0067634
37.3	0.0045471
37.31	0.0036361
37.32	0.0031745
37.33	0.0025356
37.34	0.0016787
37.35	0.00083153
37.36	0.00011508
37.37	-0.00049966
37.38	-0.0010452
37.39	-0.001536
37.4	-0.0030079
37.41	-0.0066659
37.42	-0.010891
37.43	-0.013035
37.44	-0.012958
37.45	-0.012259
37.46	-0.012017
37.47	-0.012207
37.48	-0.01235
37.49	-0.012293
37.5	-0.012217
37.51	-0.012259
37.52	-0.012551
37.53	-0.012852
37.54	-0.012605
37.55	-0.012002
37.56	-0.011647
37.57	-0.011582
37.58	-0.012103
37.59	-0.013233
37.6	-0.013889
37.61	-0.01406
37.62	-0.014862
37.63	-0.015924
37.64	-0.015193
37.65	-0.012685
37.66	-0.011747
37.67	-0.014024
37.68	-0.017937
37.69	-0.02143
37.7	-0.022912
37.71	-0.022942
37.72	-0.023759
37.73	-0.025524
37.74	-0.026354
37.75	-0.025437
37.76	-0.023698
37.77	-0.022171
37.78	-0.021007
37.79	-0.019881
37.8	-0.018708
37.81	-0.018404
37.82	-0.019761
37.83	-0.021346
37.84	-0.021308
37.85	-0.019658
37.86	-0.017108
37.87	-0.013825
37.88	-0.010271
37.89	-0.0076096
37.9	-0.0063106
37.91	-0.0057482
37.92	-0.0051863
37.93	-0.0044192
37.94	-0.0032011
37.95	-0.00095765
37.96	0.0017402
37.97	0.0033867
37.98	0.003913
37.99	0.0043833
38	0.0051862
38.01	0.0055236
38.02	0.0046777
38.03	0.0041002
38.04	0.0058791
38.05	0.0094357
38.06	0.01211
38.07	0.012643
38.08	0.012591
38.09	0.013693
38.1	0.015417
38.11	0.016134
38.12	0.015617
38.13	0.015457
38.14	0.016852
38.15	0.019076
38.16	0.020115
38.17	0.01895
38.18	0.017297
38.19	0.016778
38.2	0.016549
38.21	0.015412
38.22	0.013349
38.23	0.011156
38.24	0.0096946
38.25	0.0090465
38.26	0.0086664
38.27	0.0081866
38.28	0.0071763
38.29	0.0052118
38.3	0.0028264
38.31	0.00075223
38.32	-0.00096608
38.33	-0.0024081
38.34	-0.0038533
38.35	-0.0054834
38.36	-0.0065561
38.37	-0.006792
38.38	-0.0072772
38.39	-0.0084251
38.4	-0.0092148
38.41	-0.0089318
38.42	-0.0079695
38.43	-0.0070438
38.44	-0.0066854
38.45	-0.007212
38.46	-0.0081837
38.47	-0.0085215
38.48	-0.0078667
38.49	-0.0068101
38.5	-0.0059348
38.51	-0.0055485
38.52	-0.0054762
38.53	-0.0051245
38.54	-0.0043074
38.55	-0.0033664
38.56	-0.0026412
38.57	-0.0021926
38.58	-0.0018336
38.59	-0.0013941
38.6	-0.00087973
38.61	-0.00039748
38.62	-5.4197e-05
38.63	0.00034906
38.64	0.0013765
38.65	0.0029924
38.66	0.004146
38.67	0.0040586
38.68	0.0034428
38.69	0.0034787
38.7	0.0041257
38.71	0.0046289
38.72	0.0046887
38.73	0.0045169
38.74	0.0044077
38.75	0.0044296
38.76	0.0044802
38.77	0.0044839
38.78	0.0044453
38.79	0.0043963
38.8	0.0043592
38.81	0.0043294
38.82	0.0042879
38.83	0.0042304
38.84	0.0043002
38.85	0.0045297
38.86	0.0046293
38.87	0.0044337
38.88	0.0040694
38.89	0.0037686
38.9	0.0036461
38.91	0.0038535
38.92	0.004413
38.93	0.0048868
38.94	0.0050509
38.95	0.0050285
38.96	0.0048863
38.97	0.0046635
38.98	0.004407
38.99	0.0041612
39	0.0039717
39.01	0.0037218
39.02	0.0031551
39.03	0.0025294
39.04	0.0024338
39.05	0.0027626
39.06	0.0029599
39.07	0.0028294
39.08	0.0024666
39.09	0.0018982
39.1	0.0012194
39.11	0.0007113
39.12	0.00051139
39.13	0.00053162
39.14	0.00076897
39.15	0.0012156
39.16	0.0015872
39.17	0.0016303
39.18	0.0014215
39.19	0.0011769
39.2	0.0010146
39.21	0.00090616
39.22	0.00078636
39.23	0.00064483
39.24	0.00050625
39.25	0.00038499
39.26	0.000276
39.27	0.00016883
39.28	6.1373e-05
39.29	-3.773e-05
39.3	-0.00011865
39.31	-0.00018276
39.32	-0.0002845
39.33	-0.00052488
39.34	-0.00087638
39.35	-0.0011521
39.36	-0.0012328
39.37	-0.0011761
39.38	-0.0010976
39.39	-0.0010634
39.4	-0.0011214
39.41	-0.0012896
39.42	-0.0014696
39.43	-0.0015293
39.44	-0.0014552
39.45	-0.0013317
39.46	-0.0012254
39.47	-0.0011483
39.48	-0.0010853
39.49	-0.0010225
39.5	-0.00095692
39.51	-0.00093478
39.52	-0.0010099
39.53	-0.0010913
39.54	-0.0010264
39.55	-0.00086231
39.56	-0.00077213
39.57	-0.00078374
39.58	-0.0007923
39.59	-0.00070636
39.6	-0.00053304
39.61	-0.00038024
39.62	-0.00032508
39.63	-0.00033657
39.64	-0.00032614
39.65	-0.00025743
39.66	-0.00019247
39.67	-0.00019147
39.68	-0.00024125
39.69	-0.00029107
39.7	-0.00030265
39.71	-0.00028611
39.72	-0.00028565
39.73	-0.00032287
39.74	-0.00037978
39.75	-0.00043174
39.76	-0.00046935
39.77	-0.00049805
39.78	-0.00053257
39.79	-0.00057511
39.8	-0.00060462
39.81	-0.00060703
39.82	-0.00059125
39.83	-0.00057125
39.84	-0.00055186
39.85	-0.00053381
39.86	-0.00051795
39.87	-0.0005021
39.88	-0.00048293
39.89	-0.00046031
39.9	-0.0004359
39.91	-0.00041068
39.92	-0.00038429
39.93	-0.00035672
39.94	-0.00032896
39.95	-0.00030158
39.96	-0.00027363
39.97	-0.00024359
39.98	-0.00021078
39.99	-0.00017524
