0	0.0003075
0.01	0.0005249
0.02	0.00090325
0.03	0.00098866
0.04	0.00096804
0.05	0.00099594
0.06	0.0010258
0.07	0.0010553
0.08	0.0010808
0.09	0.0010917
0.1	0.0010804
0.11	0.001047
0.12	0.0009976
0.13	0.00092909
0.14	0.00083287
0.15	0.00070978
0.16	0.00056839
0.17	0.00042103
0.18	0.000288
0.19	0.0001901
0.2	0.00013491
0.21	0.0001138
0.22	0.00011327
0.23	0.0001057
0.24	6.9361e-05
0.25	-1.6442e-06
0.26	-0.00010585
0.27	-0.00021409
0.28	-0.0002907
0.29	-0.00032787
0.3	-0.00030577
0.31	-0.00019079
0.32	1.8515e-06
0.33	0.0002124
0.34	0.00039129
0.35	0.0005037
0.36	0.00051026
0.37	0.00040844
0.38	0.00026689
0.39	0.00014728
0.4	6.8876e-05
0.41	6.2744e-05
0.42	0.00016101
0.43	0.00034397
0.44	0.0005929
0.45	0.00091481
0.46	0.0012714
0.47	0.0015585
0.48	0.0016779
0.49	0.0015974
0.5	0.0013532
0.51	0.0010004
0.52	0.00059144
0.53	0.00020679
0.54	-0.00010574
0.55	-0.00025823
0.56	-3.341e-05
0.57	0.00061587
0.58	0.0013284
0.59	0.0017105
0.6	0.0017188
0.61	0.001408
0.62	0.00076892
0.63	-6.6239e-05
0.64	-0.00082373
0.65	-0.0013208
0.66	-0.00155
0.67	-0.0015534
0.68	-0.0014444
0.69	-0.0013764
0.7	-0.0013227
0.71	-0.0011914
0.72	-0.001035
0.73	-0.0010279
0.74	-0.0012677
0.75	-0.0016444
0.76	-0.0020537
0.77	-0.0024281
0.78	-0.0024931
0.79	-0.0021329
0.8	-0.0017377
0.81	-0.0015915
0.82	-0.001647
0.83	-0.0018584
0.84	-0.0020715
0.85	-0.0021004
0.86	-0.0020125
0.87	-0.0018647
0.88	-0.0015256
0.89	-0.00095107
0.9	-0.00023378
0.91	0.00036551
0.92	0.00058488
0.93	0.00044213
0.94	-7.459e-05
0.95	-0.0010474
0.96	-0.0023322
0.97	-0.0037131
0.98	-0.0048618
0.99	-0.0051876
1	-0.0043603
1.01	-0.002784
1.02	-0.0012143
1.03	-7.4806e-05
1.04	0.00068824
1.05	0.0011689
1.06	0.0011942
1.07	0.00071633
1.08	1.5797e-06
1.09	-0.00093002
1.1	-0.0021326
1.11	-0.003284
1.12	-0.0041207
1.13	-0.0043633
1.14	-0.0038228
1.15	-0.0029028
1.16	-0.0017443
1.17	-7.35e-05
1.18	0.0018117
1.19	0.0031949
1.2	0.0037639
1.21	0.0037548
1.22	0.0033599
1.23	0.0025713
1.24	0.0016336
1.25	0.0007657
1.26	-1.0694e-05
1.27	-0.00042489
1.28	-0.00039199
1.29	-0.00023627
1.3	-0.00017509
1.31	-4.5296e-05
1.32	0.00053694
1.33	0.0013816
1.34	0.0021089
1.35	0.0028327
1.36	0.0030659
1.37	0.0023708
1.38	0.001655
1.39	0.0017401
1.4	0.0024669
1.41	0.0033256
1.42	0.003992
1.43	0.0045259
1.44	0.0046986
1.45	0.0040539
1.46	0.0027686
1.47	0.0010536
1.48	-0.0007012
1.49	-0.0016782
1.5	-0.0017582
1.51	-0.0012378
1.52	-0.00014999
1.53	0.0018013
1.54	0.0046174
1.55	0.0070709
1.56	0.0078401
1.57	0.0067734
1.58	0.0040346
1.59	-0.00012714
1.6	-0.0047842
1.61	-0.008811
1.62	-0.011261
1.63	-0.011515
1.64	-0.0094614
1.65	-0.0055328
1.66	-0.0010634
1.67	0.0024467
1.68	0.0046046
1.69	0.0053986
1.7	0.004574
1.71	0.0026896
1.72	0.00076869
1.73	-0.00088586
1.74	-0.0023057
1.75	-0.002882
1.76	-0.001981
1.77	-0.00020906
1.78	0.0013741
1.79	0.0021772
1.8	0.0017742
1.81	-0.00019296
1.82	-0.0034339
1.83	-0.0072253
1.84	-0.011076
1.85	-0.014451
1.86	-0.016346
1.87	-0.016104
1.88	-0.014475
1.89	-0.012315
1.9	-0.0099296
1.91	-0.0078607
1.92	-0.00618
1.93	-0.0039019
1.94	6.6289e-05
1.95	0.0054429
1.96	0.010577
1.97	0.013826
1.98	0.014663
1.99	0.013658
2	0.010842
2.01	0.0058881
2.02	-0.00035664
2.03	-0.0063913
2.04	-0.01058
2.05	-0.011173
2.06	-0.0070777
2.07	0.00052267
2.08	0.0079463
2.09	0.012463
2.1	0.014693
2.11	0.016123
2.12	0.016258
2.13	0.014065
2.14	0.0098442
2.15	0.0041814
2.16	-0.0025606
2.17	-0.009689
2.18	-0.016708
2.19	-0.023017
2.2	-0.027293
2.21	-0.02852
2.22	-0.026324
2.23	-0.021232
2.24	-0.014589
2.25	-0.0078033
2.26	-0.0022253
2.27	0.0016233
2.28	0.0047185
2.29	0.0086974
2.3	0.01446
2.31	0.021006
2.32	0.025712
2.33	0.026945
2.34	0.025881
2.35	0.024619
2.36	0.024065
2.37	0.024197
2.38	0.024091
2.39	0.022261
2.4	0.017828
2.41	0.011041
2.42	0.0030594
2.43	-0.0048847
2.44	-0.01157
2.45	-0.015947
2.46	-0.01774
2.47	-0.017033
2.48	-0.014256
2.49	-0.0094111
2.5	-0.0011178
2.51	0.010038
2.52	0.01944
2.53	0.023041
2.54	0.019646
2.55	0.0092468
2.56	-0.0051877
2.57	-0.017268
2.58	-0.022805
2.59	-0.022759
2.6	-0.018611
2.61	-0.0096466
2.62	0.0035098
2.63	0.016212
2.64	0.022752
2.65	0.021727
2.66	0.015375
2.67	0.0055466
2.68	-0.0059653
2.69	-0.016781
2.7	-0.025055
2.71	-0.029841
2.72	-0.031146
2.73	-0.029297
2.74	-0.024818
2.75	-0.0189
2.76	-0.013033
2.77	-0.0077387
2.78	-0.0026274
2.79	0.0024573
2.8	0.0070263
2.81	0.00987
2.82	0.009685
2.83	0.0048086
2.84	-0.0050804
2.85	-0.016147
2.86	-0.023179
2.87	-0.023976
2.88	-0.018898
2.89	-0.0087945
2.9	0.0041389
2.91	0.015648
2.92	0.022385
2.93	0.024985
2.94	0.025894
2.95	0.025696
2.96	0.023758
2.97	0.019675
2.98	0.013081
2.99	0.0046747
3	-0.0030491
3.01	-0.0082287
3.02	-0.010801
3.03	-0.011226
3.04	-0.010648
3.05	-0.0097843
3.06	-0.0081526
3.07	-0.0056387
3.08	-0.0028395
3.09	-0.0011409
3.1	-0.0019791
3.11	-0.0048907
3.12	-0.0075371
3.13	-0.0082995
3.14	-0.0073345
3.15	-0.0052749
3.16	-0.0026969
3.17	0.00045536
3.18	0.0049858
3.19	0.011345
3.2	0.0185
3.21	0.024107
3.22	0.026175
3.23	0.024187
3.24	0.018814
3.25	0.011012
3.26	0.0015923
3.27	-0.0076571
3.28	-0.013739
3.29	-0.015819
3.3	-0.015557
3.31	-0.014161
3.32	-0.012655
3.33	-0.011484
3.34	-0.0086052
3.35	-0.0018838
3.36	0.0075016
3.37	0.017083
3.38	0.025729
3.39	0.032798
3.4	0.037489
3.41	0.038454
3.42	0.033589
3.43	0.022173
3.44	0.0069576
3.45	-0.0067513
3.46	-0.014958
3.47	-0.017864
3.48	-0.017878
3.49	-0.015657
3.5	-0.009946
3.51	-0.00066528
3.52	0.010527
3.53	0.021706
3.54	0.030832
3.55	0.036369
3.56	0.038603
3.57	0.038306
3.58	0.035145
3.59	0.029371
3.6	0.022141
3.61	0.01424
3.62	0.0061943
3.63	-0.0018971
3.64	-0.0093284
3.65	-0.014441
3.66	-0.017472
3.67	-0.020254
3.68	-0.023136
3.69	-0.02574
3.7	-0.027248
3.71	-0.026241
3.72	-0.023258
3.73	-0.020004
3.74	-0.017032
3.75	-0.01443
3.76	-0.012292
3.77	-0.010334
3.78	-0.0088252
3.79	-0.0085706
3.8	-0.010046
3.81	-0.013557
3.82	-0.01813
3.83	-0.021364
3.84	-0.021373
3.85	-0.016621
3.86	-0.006805
3.87	0.0051162
3.88	0.014704
3.89	0.020014
3.9	0.02246
3.91	0.022728
3.92	0.019517
3.93	0.011544
3.94	-0.00073536
3.95	-0.013476
3.96	-0.02162
3.97	-0.023683
3.98	-0.022394
3.99	-0.019771
4	-0.01561
4.01	-0.0093446
4.02	-0.00039881
4.03	0.0090067
4.04	0.015227
4.05	0.017254
4.06	0.016002
4.07	0.012821
4.08	0.0081431
4.09	0.0022729
4.1	-0.0037003
4.11	-0.0084812
4.12	-0.011469
4.13	-0.013043
4.14	-0.012377
4.15	-0.0071901
4.16	0.0023482
4.17	0.011294
4.18	0.014986
4.19	0.013318
4.2	0.0073725
4.21	-0.0020104
4.22	-0.011757
4.23	-0.018153
4.24	-0.020518
4.25	-0.019308
4.26	-0.012759
4.27	-0.00058597
4.28	0.012364
4.29	0.020715
4.3	0.02378
4.31	0.024441
4.32	0.025037
4.33	0.025394
4.34	0.025384
4.35	0.025831
4.36	0.025693
4.37	0.023414
4.38	0.018534
4.39	0.010068
4.4	-0.0014582
4.41	-0.012009
4.42	-0.017623
4.43	-0.017621
4.44	-0.013945
4.45	-0.0090623
4.46	-0.005386
4.47	-0.0043585
4.48	-0.0053016
4.49	-0.0070539
4.5	-0.0085589
4.51	-0.0089738
4.52	-0.0079071
4.53	-0.0057592
4.54	-0.0049907
4.55	-0.0062656
4.56	-0.0066613
4.57	-0.005387
4.58	-0.0049455
4.59	-0.0062405
4.6	-0.0073602
4.61	-0.0072382
4.62	-0.0067854
4.63	-0.0065156
4.64	-0.0062064
4.65	-0.006132
4.66	-0.0064419
4.67	-0.0059183
4.68	-0.0028427
4.69	0.0035191
4.7	0.01218
4.71	0.019744
4.72	0.022897
4.73	0.021133
4.74	0.015204
4.75	0.0057671
4.76	-0.005621
4.77	-0.016343
4.78	-0.023966
4.79	-0.027712
4.8	-0.028362
4.81	-0.025985
4.82	-0.019874
4.83	-0.010824
4.84	-0.0020165
4.85	0.0034874
4.86	0.0059772
4.87	0.0067681
4.88	0.0056931
4.89	0.0031879
4.9	0.00058885
4.91	-0.00098088
4.92	-0.0012859
4.93	-0.00051998
4.94	0.0020904
4.95	0.0068822
4.96	0.011848
4.97	0.014097
4.98	0.012011
4.99	0.0046301
5	-0.0082412
5.01	-0.023606
5.02	-0.036237
5.03	-0.042749
5.04	-0.043459
5.05	-0.040858
5.06	-0.0363
5.07	-0.030398
5.08	-0.02519
5.09	-0.022359
5.1	-0.021896
5.11	-0.02271
5.12	-0.023898
5.13	-0.026164
5.14	-0.029932
5.15	-0.033093
5.16	-0.033829
5.17	-0.032643
5.18	-0.030367
5.19	-0.0275
5.2	-0.023479
5.21	-0.017179
5.22	-0.0091306
5.23	-0.0011786
5.24	0.0050497
5.25	0.0093569
5.26	0.012102
5.27	0.01316
5.28	0.012495
5.29	0.010721
5.3	0.0088254
5.31	0.0066597
5.32	0.0028517
5.33	-0.0026551
5.34	-0.0072284
5.35	-0.0088056
5.36	-0.0074951
5.37	-0.003323
5.38	0.0030115
5.39	0.0091662
5.4	0.013113
5.41	0.014422
5.42	0.014328
5.43	0.013879
5.44	0.012648
5.45	0.010824
5.46	0.0090458
5.47	0.0066341
5.48	0.0039782
5.49	0.0028404
5.5	0.0033586
5.51	0.0049821
5.52	0.0070925
5.53	0.0083123
5.54	0.0084289
5.55	0.0083443
5.56	0.0079427
5.57	0.0061778
5.58	0.0024615
5.59	-0.0024437
5.6	-0.0079196
5.61	-0.015047
5.62	-0.024099
5.63	-0.033209
5.64	-0.040259
5.65	-0.04401
5.66	-0.044553
5.67	-0.042803
5.68	-0.039288
5.69	-0.034704
5.7	-0.029811
5.71	-0.023725
5.72	-0.01543
5.73	-0.0057024
5.74	0.0048674
5.75	0.017044
5.76	0.030874
5.77	0.045214
5.78	0.059121
5.79	0.071469
5.8	0.08065
5.81	0.085671
5.82	0.086248
5.83	0.082892
5.84	0.077927
5.85	0.0742
5.86	0.072692
5.87	0.073141
5.88	0.074706
5.89	0.076071
5.9	0.077262
5.91	0.079231
5.92	0.082787
5.93	0.089002
5.94	0.097589
5.95	0.10693
5.96	0.11642
5.97	0.1259
5.98	0.1341
5.99	0.13954
6	0.14167
6.01	0.14026
6.02	0.13542
6.03	0.12886
6.04	0.12242
6.05	0.11697
6.06	0.11418
6.07	0.11489
6.08	0.11795
6.09	0.12158
6.1	0.12256
6.11	0.11845
6.12	0.10876
6.13	0.092948
6.14	0.072119
6.15	0.048469
6.16	0.023325
6.17	-0.0013408
6.18	-0.024846
6.19	-0.048149
6.2	-0.070133
6.21	-0.089507
6.22	-0.10694
6.23	-0.12273
6.24	-0.13536
6.25	-0.14294
6.26	-0.14501
6.27	-0.14242
6.28	-0.13695
6.29	-0.13075
6.3	-0.12506
6.31	-0.12029
6.32	-0.11681
6.33	-0.11547
6.34	-0.11728
6.35	-0.12228
6.36	-0.12976
6.37	-0.13819
6.38	-0.14494
6.39	-0.14873
6.4	-0.15004
6.41	-0.14877
6.42	-0.14471
6.43	-0.13886
6.44	-0.13188
6.45	-0.12321
6.46	-0.11234
6.47	-0.09936
6.48	-0.084539
6.49	-0.067744
6.5	-0.049293
6.51	-0.031151
6.52	-0.015579
6.53	-0.0035652
6.54	0.004318
6.55	0.0075322
6.56	0.0071811
6.57	0.0057426
6.58	0.0045487
6.59	0.0036097
6.6	0.0026208
6.61	0.0010018
6.62	-0.0017519
6.63	-0.0065382
6.64	-0.014112
6.65	-0.022928
6.66	-0.029248
6.67	-0.029281
6.68	-0.021892
6.69	-0.0089593
6.7	0.0073243
6.71	0.025142
6.72	0.041889
6.73	0.055158
6.74	0.064674
6.75	0.071283
6.76	0.074894
6.77	0.074847
6.78	0.070602
6.79	0.061184
6.8	0.046295
6.81	0.028177
6.82	0.010868
6.83	-0.0016545
6.84	-0.0072512
6.85	-0.0062296
6.86	-0.00042888
6.87	0.0080742
6.88	0.018042
6.89	0.028745
6.9	0.039558
6.91	0.04938
6.92	0.056142
6.93	0.058256
6.94	0.05587
6.95	0.049834
6.96	0.040186
6.97	0.026817
6.98	0.011438
6.99	-0.0034576
7	-0.016008
7.01	-0.024204
7.02	-0.027085
7.03	-0.025286
7.04	-0.020756
7.05	-0.016337
7.06	-0.013312
7.07	-0.011656
7.08	-0.011984
7.09	-0.014484
7.1	-0.017552
7.11	-0.018948
7.12	-0.018382
7.13	-0.017452
7.14	-0.017262
7.15	-0.019143
7.16	-0.025431
7.17	-0.037801
7.18	-0.056138
7.19	-0.07818
7.2	-0.10078
7.21	-0.12129
7.22	-0.1374
7.23	-0.14764
7.24	-0.15134
7.25	-0.14882
7.26	-0.1418
7.27	-0.13146
7.28	-0.11803
7.29	-0.10277
7.3	-0.088319
7.31	-0.076592
7.32	-0.066883
7.33	-0.057704
7.34	-0.04925
7.35	-0.042479
7.36	-0.037976
7.37	-0.036124
7.38	-0.036225
7.39	-0.036762
7.4	-0.037216
7.41	-0.037172
7.42	-0.035586
7.43	-0.032241
7.44	-0.026814
7.45	-0.017726
7.46	-0.004302
7.47	0.011622
7.48	0.027496
7.49	0.041441
7.5	0.051655
7.51	0.056294
7.52	0.053951
7.53	0.044609
7.54	0.029004
7.55	0.0099736
7.56	-0.0067193
7.57	-0.017873
7.58	-0.023892
7.59	-0.025067
7.6	-0.021235
7.61	-0.012386
7.62	0.0010072
7.63	0.017845
7.64	0.036935
7.65	0.056337
7.66	0.073949
7.67	0.089503
7.68	0.10293
7.69	0.11274
7.7	0.11922
7.71	0.12516
7.72	0.13201
7.73	0.13846
7.74	0.14245
7.75	0.1439
7.76	0.14465
7.77	0.14637
7.78	0.14954
7.79	0.15382
7.8	0.15852
7.81	0.16168
7.82	0.1618
7.83	0.1596
7.84	0.15622
7.85	0.15169
7.86	0.14507
7.87	0.13629
7.88	0.12592
7.89	0.11452
7.9	0.10391
7.91	0.095566
7.92	0.089684
7.93	0.086159
7.94	0.083971
7.95	0.080967
7.96	0.076155
7.97	0.069556
7.98	0.061012
7.99	0.051423
8	0.040623
8.01	0.027758
8.02	0.013636
8.03	-0.00069802
8.04	-0.014587
8.05	-0.02725
8.06	-0.037462
8.07	-0.044329
8.08	-0.048229
8.09	-0.050045
8.1	-0.049379
8.11	-0.045243
8.12	-0.038056
8.13	-0.027996
8.14	-0.014935
8.15	-0.0013339
8.16	0.0089193
8.17	0.014495
8.18	0.016182
8.19	0.014505
8.2	0.011799
8.21	0.011617
8.22	0.014754
8.23	0.020261
8.24	0.026778
8.25	0.031495
8.26	0.032157
8.27	0.027015
8.28	0.013832
8.29	-0.0066033
8.3	-0.029709
8.31	-0.051057
8.32	-0.068587
8.33	-0.080777
8.34	-0.086459
8.35	-0.087364
8.36	-0.086847
8.37	-0.087461
8.38	-0.091633
8.39	-0.10089
8.4	-0.11408
8.41	-0.12888
8.42	-0.14414
8.43	-0.15971
8.44	-0.17537
8.45	-0.191
8.46	-0.2071
8.47	-0.2232
8.48	-0.23603
8.49	-0.24243
8.5	-0.24172
8.51	-0.23424
8.52	-0.22034
8.53	-0.20107
8.54	-0.17917
8.55	-0.15725
8.56	-0.13491
8.57	-0.11049
8.58	-0.084022
8.59	-0.055203
8.6	-0.022026
8.61	0.015596
8.62	0.053897
8.63	0.087456
8.64	0.11276
8.65	0.12937
8.66	0.13891
8.67	0.1443
8.68	0.1475
8.69	0.14868
8.7	0.14839
8.71	0.14771
8.72	0.14605
8.73	0.14166
8.74	0.13414
8.75	0.12402
8.76	0.11151
8.77	0.097631
8.78	0.084596
8.79	0.073532
8.8	0.063692
8.81	0.054123
8.82	0.044587
8.83	0.035161
8.84	0.026457
8.85	0.019096
8.86	0.013058
8.87	0.0084959
8.88	0.0062991
8.89	0.0077375
8.9	0.01252
8.91	0.019095
8.92	0.027342
8.93	0.038204
8.94	0.051837
8.95	0.067393
8.96	0.084418
8.97	0.10314
8.98	0.12279
8.99	0.14114
9	0.1561
9.01	0.16554
9.02	0.16707
9.03	0.16004
9.04	0.1456
9.05	0.12556
9.06	0.1024
9.07	0.07877
9.08	0.056576
9.09	0.036752
9.1	0.020188
9.11	0.0072738
9.12	-0.0033727
9.13	-0.013605
9.14	-0.0243
9.15	-0.035207
9.16	-0.045993
9.17	-0.057113
9.18	-0.069105
9.19	-0.082003
9.2	-0.094303
9.21	-0.10366
9.22	-0.10904
9.23	-0.11125
9.24	-0.11215
9.25	-0.1136
9.26	-0.11735
9.27	-0.12492
9.28	-0.13581
9.29	-0.14789
9.3	-0.15957
9.31	-0.16981
9.32	-0.17771
9.33	-0.18299
9.34	-0.18496
9.35	-0.18291
9.36	-0.17731
9.37	-0.16989
9.38	-0.16235
9.39	-0.15641
9.4	-0.1537
9.41	-0.15341
9.42	-0.15216
9.43	-0.14544
9.44	-0.1291
9.45	-0.10068
9.46	-0.061475
9.47	-0.019359
9.48	0.014702
9.49	0.034406
9.5	0.040823
9.51	0.039072
9.52	0.034029
9.53	0.028815
9.54	0.025152
9.55	0.023462
9.56	0.024285
9.57	0.029093
9.58	0.039083
9.59	0.05386
9.6	0.07082
9.61	0.087701
9.62	0.10385
9.63	0.1179
9.64	0.12787
9.65	0.13298
9.66	0.13413
9.67	0.13292
9.68	0.12997
9.69	0.12491
9.7	0.11789
9.71	0.10949
9.72	0.10038
9.73	0.09128
9.74	0.082472
9.75	0.073677
9.76	0.065272
9.77	0.05803
9.78	0.051435
9.79	0.044945
9.8	0.038954
9.81	0.033536
9.82	0.028342
9.83	0.023213
9.84	0.018647
9.85	0.016128
9.86	0.016095
9.87	0.016932
9.88	0.017719
9.89	0.018198
9.9	0.017796
9.91	0.016274
9.92	0.013475
9.93	0.0098931
9.94	0.0068673
9.95	0.0053644
9.96	0.0048935
9.97	0.0046201
9.98	0.0050309
9.99	0.0069861
10	0.0097688
10.01	0.011463
10.02	0.010933
10.03	0.0083134
10.04	0.0045057
10.05	0.00074372
10.06	-0.0014068
10.07	-0.0006098
10.08	0.002603
10.09	0.0065887
10.1	0.010436
10.11	0.013959
10.12	0.01743
10.13	0.021475
10.14	0.026898
10.15	0.033582
10.16	0.040115
10.17	0.045708
10.18	0.050035
10.19	0.052306
10.2	0.052556
10.21	0.051272
10.22	0.047835
10.23	0.040898
10.24	0.029847
10.25	0.014873
10.26	-0.0035877
10.27	-0.024296
10.28	-0.045223
10.29	-0.063916
10.3	-0.077479
10.31	-0.08422
10.32	-0.085772
10.33	-0.085701
10.34	-0.086776
10.35	-0.089922
10.36	-0.093858
10.37	-0.096258
10.38	-0.095652
10.39	-0.092511
10.4	-0.088699
10.41	-0.085933
10.42	-0.085441
10.43	-0.087568
10.44	-0.092007
10.45	-0.098631
10.46	-0.10615
10.47	-0.11156
10.48	-0.11258
10.49	-0.10842
10.5	-0.09836
10.51	-0.082725
10.52	-0.064174
10.53	-0.045841
10.54	-0.030275
10.55	-0.018331
10.56	-0.0083663
10.57	0.001543
10.58	0.012136
10.59	0.023774
10.6	0.036932
10.61	0.051317
10.62	0.06538
10.63	0.07693
10.64	0.083934
10.65	0.086137
10.66	0.085256
10.67	0.082303
10.68	0.076143
10.69	0.065064
10.7	0.04908
10.71	0.030574
10.72	0.012502
10.73	-0.0030374
10.74	-0.014286
10.75	-0.020118
10.76	-0.021358
10.77	-0.019847
10.78	-0.016274
10.79	-0.010719
10.8	-0.0043102
10.81	0.0012832
10.82	0.0056099
10.83	0.0091364
10.84	0.01127
10.85	0.011243
10.86	0.010034
10.87	0.0092517
10.88	0.0091102
10.89	0.0095706
10.9	0.011282
10.91	0.013481
10.92	0.014116
10.93	0.012222
10.94	0.0081931
10.95	0.0023769
10.96	-0.0048557
10.97	-0.012602
10.98	-0.019427
10.99	-0.023443
11	-0.02365
11.01	-0.019679
11.02	-0.011197
11.03	0.0011435
11.04	0.01565
11.05	0.029473
11.06	0.039438
11.07	0.043717
11.08	0.041753
11.09	0.033978
11.1	0.022119
11.11	0.0086199
11.12	-0.0044344
11.13	-0.016067
11.14	-0.02595
11.15	-0.033712
11.16	-0.039424
11.17	-0.042736
11.18	-0.043001
11.19	-0.041222
11.2	-0.038233
11.21	-0.032298
11.22	-0.021379
11.23	-0.0065732
11.24	0.0088167
11.25	0.02243
11.26	0.032848
11.27	0.038478
11.28	0.039225
11.29	0.0377
11.3	0.036033
11.31	0.033878
11.32	0.031145
11.33	0.028885
11.34	0.027602
11.35	0.027568
11.36	0.029513
11.37	0.034062
11.38	0.040384
11.39	0.046018
11.4	0.049083
11.41	0.049125
11.42	0.046334
11.43	0.041119
11.44	0.034323
11.45	0.026779
11.46	0.018861
11.47	0.012337
11.48	0.0089159
11.49	0.0083081
11.5	0.010333
11.51	0.014903
11.52	0.021067
11.53	0.027095
11.54	0.031588
11.55	0.034554
11.56	0.036681
11.57	0.038136
11.58	0.038096
11.59	0.036487
11.6	0.034302
11.61	0.03181
11.62	0.028504
11.63	0.023757
11.64	0.017133
11.65	0.0084223
11.66	-0.0015295
11.67	-0.010539
11.68	-0.018162
11.69	-0.025881
11.7	-0.033679
11.71	-0.040807
11.72	-0.047252
11.73	-0.052544
11.74	-0.056014
11.75	-0.057879
11.76	-0.058676
11.77	-0.05801
11.78	-0.055109
11.79	-0.050287
11.8	-0.044078
11.81	-0.037019
11.82	-0.030026
11.83	-0.023245
11.84	-0.01653
11.85	-0.010511
11.86	-0.0057864
11.87	-0.0022767
11.88	-0.00045199
11.89	-0.00069042
11.9	-0.0018688
11.91	-0.0030225
11.92	-0.0037615
11.93	-0.0042213
11.94	-0.0051142
11.95	-0.0060913
11.96	-0.0063268
11.97	-0.0062729
11.98	-0.0070319
11.99	-0.0080033
12	-0.0072255
12.01	-0.0043769
12.02	-0.0007082
12.03	0.0031339
12.04	0.0073933
12.05	0.012221
12.06	0.017186
12.07	0.021343
12.08	0.023493
12.09	0.023121
12.1	0.020525
12.11	0.015811
12.12	0.0095069
12.13	0.0030858
12.14	-0.0016028
12.15	-0.0033067
12.16	-0.0022645
12.17	0.00096812
12.18	0.0049812
12.19	0.00737
12.2	0.0077078
12.21	0.0067751
12.22	0.0038179
12.23	-0.0024832
12.24	-0.012113
12.25	-0.023252
12.26	-0.033529
12.27	-0.041547
12.28	-0.047025
12.29	-0.050396
12.3	-0.052107
12.31	-0.053128
12.32	-0.054395
12.33	-0.055241
12.34	-0.054471
12.35	-0.052188
12.36	-0.048942
12.37	-0.044042
12.38	-0.03608
12.39	-0.024874
12.4	-0.012195
12.41	0.00033104
12.42	0.012629
12.43	0.024376
12.44	0.03354
12.45	0.038278
12.46	0.038812
12.47	0.036553
12.48	0.032646
12.49	0.027578
12.5	0.022126
12.51	0.017609
12.52	0.014144
12.53	0.011255
12.54	0.0095519
12.55	0.0097252
12.56	0.012208
12.57	0.016666
12.58	0.022027
12.59	0.028342
12.6	0.035742
12.61	0.042884
12.62	0.048073
12.63	0.050553
12.64	0.050634
12.65	0.049171
12.66	0.047367
12.67	0.046332
12.68	0.046162
12.69	0.046364
12.7	0.047031
12.71	0.048405
12.72	0.050532
12.73	0.053249
12.74	0.055677
12.75	0.057084
12.76	0.057367
12.77	0.05662
12.78	0.054762
12.79	0.051405
12.8	0.046185
12.81	0.0389
12.82	0.029692
12.83	0.018793
12.84	0.0069805
12.85	-0.0038887
12.86	-0.012904
12.87	-0.02045
12.88	-0.026669
12.89	-0.032294
12.9	-0.038046
12.91	-0.043047
12.92	-0.046712
12.93	-0.049225
12.94	-0.050049
12.95	-0.048765
12.96	-0.045602
12.97	-0.041093
12.98	-0.035982
12.99	-0.030998
13	-0.026765
13.01	-0.023375
13.02	-0.020429
13.03	-0.017866
13.04	-0.01562
13.05	-0.012966
13.06	-0.0093566
13.07	-0.0050733
13.08	-0.00069195
13.09	0.002988
13.1	0.0052717
13.11	0.0060326
13.12	0.0047624
13.13	0.00071592
13.14	-0.0063069
13.15	-0.01622
13.16	-0.027156
13.17	-0.036143
13.18	-0.04269
13.19	-0.04781
13.2	-0.051647
13.21	-0.054101
13.22	-0.055522
13.23	-0.056912
13.24	-0.059263
13.25	-0.062669
13.26	-0.066802
13.27	-0.071344
13.28	-0.075401
13.29	-0.077455
13.3	-0.076349
13.31	-0.071762
13.32	-0.064495
13.33	-0.056377
13.34	-0.048957
13.35	-0.042614
13.36	-0.037496
13.37	-0.034024
13.38	-0.031928
13.39	-0.030664
13.4	-0.030245
13.41	-0.030257
13.42	-0.029876
13.43	-0.028211
13.44	-0.023579
13.45	-0.015312
13.46	-0.0051291
13.47	0.0054635
13.48	0.016724
13.49	0.028456
13.5	0.039003
13.51	0.047561
13.52	0.054413
13.53	0.058696
13.54	0.059382
13.55	0.057974
13.56	0.05738
13.57	0.058319
13.58	0.059207
13.59	0.059348
13.6	0.059209
13.61	0.058299
13.62	0.056256
13.63	0.053388
13.64	0.049972
13.65	0.047045
13.66	0.045299
13.67	0.044751
13.68	0.044922
13.69	0.044704
13.7	0.043936
13.71	0.043446
13.72	0.043414
13.73	0.042747
13.74	0.040211
13.75	0.035683
13.76	0.030499
13.77	0.026225
13.78	0.022689
13.79	0.018975
13.8	0.015568
13.81	0.012945
13.82	0.010916
13.83	0.010329
13.84	0.011306
13.85	0.012506
13.86	0.013433
13.87	0.013761
13.88	0.012486
13.89	0.0097923
13.9	0.0068732
13.91	0.003802
13.92	0.00039857
13.93	-0.0023856
13.94	-0.0033444
13.95	-0.0021219
13.96	0.00058769
13.97	0.0048944
13.98	0.010884
13.99	0.016773
14	0.021562
14.01	0.025205
14.02	0.026679
14.03	0.025927
14.04	0.024175
14.05	0.021386
14.06	0.018154
14.07	0.016701
14.08	0.016812
14.09	0.016372
14.1	0.0152
14.11	0.013155
14.12	0.0080677
14.13	-0.00094278
14.14	-0.013057
14.15	-0.027729
14.16	-0.04366
14.17	-0.058448
14.18	-0.070832
14.19	-0.081543
14.2	-0.090191
14.21	-0.09468
14.22	-0.094665
14.23	-0.091421
14.24	-0.08534
14.25	-0.076547
14.26	-0.066293
14.27	-0.056622
14.28	-0.049072
14.29	-0.044353
14.3	-0.042642
14.31	-0.042983
14.32	-0.044191
14.33	-0.04589
14.34	-0.04792
14.35	-0.049371
14.36	-0.049139
14.37	-0.047135
14.38	-0.043271
14.39	-0.037717
14.4	-0.03159
14.41	-0.026016
14.42	-0.021476
14.43	-0.0171
14.44	-0.01167
14.45	-0.0047064
14.46	0.0042902
14.47	0.01516
14.48	0.026275
14.49	0.035448
14.5	0.041571
14.51	0.045025
14.52	0.046508
14.53	0.04669
14.54	0.04497
14.55	0.040706
14.56	0.035745
14.57	0.031377
14.58	0.027765
14.59	0.025157
14.6	0.02308
14.61	0.021743
14.62	0.021812
14.63	0.022912
14.64	0.023832
14.65	0.024295
14.66	0.024885
14.67	0.02526
14.68	0.024408
14.69	0.021764
14.7	0.018928
14.71	0.018411
14.72	0.020452
14.73	0.024007
14.74	0.028196
14.75	0.032153
14.76	0.035732
14.77	0.038703
14.78	0.040136
14.79	0.039939
14.8	0.038703
14.81	0.036417
14.82	0.03264
14.83	0.028205
14.84	0.024344
14.85	0.021658
14.86	0.021145
14.87	0.022659
14.88	0.025364
14.89	0.029048
14.9	0.032704
14.91	0.034822
14.92	0.034951
14.93	0.033587
14.94	0.031317
14.95	0.02902
14.96	0.027587
14.97	0.02673
14.98	0.025646
14.99	0.024446
15	0.022993
15.01	0.020455
15.02	0.017053
15.03	0.013682
15.04	0.010131
15.05	0.0063215
15.06	0.003704
15.07	0.0028397
15.08	0.0024114
15.09	0.0013771
15.1	0.00028312
15.11	0.00031586
15.12	0.0022122
15.13	0.0058348
15.14	0.0094138
15.15	0.011148
15.16	0.011042
15.17	0.010066
15.18	0.0076702
15.19	0.002224
15.2	-0.0049125
15.21	-0.011224
15.22	-0.016352
15.23	-0.020777
15.24	-0.025345
15.25	-0.030797
15.26	-0.036492
15.27	-0.041061
15.28	-0.04424
15.29	-0.047288
15.3	-0.051629
15.31	-0.057518
15.32	-0.063357
15.33	-0.067664
15.34	-0.070712
15.35	-0.07248
15.36	-0.072857
15.37	-0.073037
15.38	-0.073247
15.39	-0.072058
15.4	-0.068659
15.41	-0.063115
15.42	-0.056211
15.43	-0.049265
15.44	-0.043335
15.45	-0.039312
15.46	-0.037877
15.47	-0.038812
15.48	-0.04138
15.49	-0.044959
15.5	-0.048343
15.51	-0.050553
15.52	-0.051529
15.53	-0.051037
15.54	-0.048165
15.55	-0.042551
15.56	-0.035376
15.57	-0.028398
15.58	-0.022682
15.59	-0.018054
15.6	-0.01386
15.61	-0.010033
15.62	-0.0066237
15.63	-0.0032758
15.64	-9.3071e-05
15.65	0.0022499
15.66	0.0042085
15.67	0.0070145
15.68	0.010367
15.69	0.013677
15.7	0.0181
15.71	0.024769
15.72	0.032766
15.73	0.040317
15.74	0.046922
15.75	0.053196
15.76	0.058896
15.77	0.062365
15.78	0.063118
15.79	0.062712
15.8	0.062367
15.81	0.062334
15.82	0.062609
15.83	0.063094
15.84	0.063601
15.85	0.063364
15.86	0.061171
15.87	0.056635
15.88	0.050546
15.89	0.043514
15.9	0.035641
15.91	0.02834
15.92	0.023454
15.93	0.020411
15.94	0.017824
15.95	0.015929
15.96	0.01464
15.97	0.012974
15.98	0.011085
15.99	0.0096639
16	0.0086122
16.01	0.007662
16.02	0.0070367
16.03	0.0067787
16.04	0.0056596
16.05	0.0027498
16.06	-0.00050326
16.07	-0.0028894
16.08	-0.0057767
16.09	-0.009825
16.1	-0.013472
16.11	-0.016207
16.12	-0.018936
16.13	-0.021638
16.14	-0.023807
16.15	-0.025809
16.16	-0.02767
16.17	-0.02835
16.18	-0.027708
16.19	-0.027453
16.2	-0.028495
16.21	-0.030224
16.22	-0.032556
16.23	-0.035227
16.24	-0.037162
16.25	-0.037645
16.26	-0.036532
16.27	-0.034083
16.28	-0.030786
16.29	-0.026931
16.3	-0.023262
16.31	-0.02007
16.32	-0.016733
16.33	-0.013992
16.34	-0.012625
16.35	-0.011052
16.36	-0.0083576
16.37	-0.0062264
16.38	-0.0054921
16.39	-0.0051268
16.4	-0.0044488
16.41	-0.0036307
16.42	-0.0029805
16.43	-0.0024334
16.44	-0.0011488
16.45	0.0011482
16.46	0.0035635
16.47	0.005684
16.48	0.0074761
16.49	0.0091403
16.5	0.011122
16.51	0.013332
16.52	0.015371
16.53	0.017198
16.54	0.018905
16.55	0.020553
16.56	0.023003
16.57	0.026759
16.58	0.030426
16.59	0.033221
16.6	0.035887
16.61	0.038772
16.62	0.041239
16.63	0.042191
16.64	0.041895
16.65	0.041591
16.66	0.041797
16.67	0.042454
16.68	0.043053
16.69	0.043015
16.7	0.042318
16.71	0.041252
16.72	0.039717
16.73	0.03772
16.74	0.035505
16.75	0.032611
16.76	0.028594
16.77	0.024613
16.78	0.021943
16.79	0.019862
16.8	0.017769
16.81	0.016148
16.82	0.015024
16.83	0.01425
16.84	0.013927
16.85	0.014012
16.86	0.014146
16.87	0.014146
16.88	0.013686
16.89	0.011746
16.9	0.0084544
16.91	0.0050727
16.92	0.0015336
16.93	-0.0028421
16.94	-0.0075037
16.95	-0.010977
16.96	-0.012934
16.97	-0.015086
16.98	-0.018623
16.99	-0.023199
17	-0.027732
17.01	-0.030933
17.02	-0.032601
17.03	-0.033063
17.04	-0.0325
17.05	-0.030939
17.06	-0.028144
17.07	-0.024906
17.08	-0.02237
17.09	-0.020919
17.1	-0.021101
17.11	-0.023123
17.12	-0.026367
17.13	-0.029936
17.14	-0.033217
17.15	-0.036414
17.16	-0.038974
17.17	-0.038734
17.18	-0.03566
17.19	-0.032332
17.2	-0.02941
17.21	-0.026014
17.22	-0.021922
17.23	-0.017978
17.24	-0.015347
17.25	-0.013454
17.26	-0.01155
17.27	-0.0095934
17.28	-0.0075337
17.29	-0.0061167
17.3	-0.0052755
17.31	-0.0040901
17.32	-0.0029091
17.33	-0.0024744
17.34	-0.0025902
17.35	-0.002424
17.36	-0.0012042
17.37	0.00066469
17.38	0.002122
17.39	0.0027871
17.4	0.0025888
17.41	0.0016277
17.42	-0.00026892
17.43	-0.0031688
17.44	-0.0063241
17.45	-0.0092655
17.46	-0.011792
17.47	-0.01313
17.48	-0.012487
17.49	-0.010536
17.5	-0.008596
17.51	-0.0066305
17.52	-0.0039261
17.53	-0.0008047
17.54	0.0012495
17.55	0.0016465
17.56	0.0012654
17.57	0.00071988
17.58	0.00047233
17.59	0.00069448
17.6	0.0005994
17.61	0.00018738
17.62	0.00012551
17.63	-6.3525e-05
17.64	-0.00090723
17.65	-0.0019362
17.66	-0.0029414
17.67	-0.0040024
17.68	-0.0053226
17.69	-0.0074971
17.7	-0.0098612
17.71	-0.011203
17.72	-0.01203
17.73	-0.013316
17.74	-0.015042
17.75	-0.016682
17.76	-0.017367
17.77	-0.016747
17.78	-0.015225
17.79	-0.012894
17.8	-0.010122
17.81	-0.0076433
17.82	-0.0053387
17.83	-0.0025938
17.84	0.00086669
17.85	0.0047063
17.86	0.008363
17.87	0.011928
17.88	0.015088
17.89	0.016504
17.9	0.015988
17.91	0.014691
17.92	0.012938
17.93	0.01034
17.94	0.00767
17.95	0.00582
17.96	0.0041633
17.97	0.0027494
17.98	0.0024531
17.99	0.0026194
18	0.0020167
18.01	0.00097461
18.02	0.00027576
18.03	-0.00027679
18.04	-0.001181
18.05	-0.0024021
18.06	-0.0025816
18.07	-0.00085718
18.08	0.0011453
18.09	0.0022434
18.1	0.0037011
18.11	0.0060008
18.12	0.0079404
18.13	0.0090042
18.14	0.0097154
18.15	0.010239
18.16	0.010124
18.17	0.0099502
18.18	0.010234
18.19	0.010107
18.2	0.0089461
18.21	0.0069262
18.22	0.0051076
18.23	0.0046796
18.24	0.0052994
18.25	0.0062753
18.26	0.0080616
18.27	0.010634
18.28	0.013022
18.29	0.015281
18.3	0.017794
18.31	0.019809
18.32	0.021043
18.33	0.022155
18.34	0.023071
18.35	0.022923
18.36	0.021836
18.37	0.021207
18.38	0.021484
18.39	0.021595
18.4	0.020947
18.41	0.020507
18.42	0.021167
18.43	0.022238
18.44	0.02305
18.45	0.023654
18.46	0.023737
18.47	0.023252
18.48	0.02261
18.49	0.021835
18.5	0.020571
18.51	0.018154
18.52	0.0145
18.53	0.010793
18.54	0.0074597
18.55	0.0036706
18.56	-0.00070429
18.57	-0.004862
18.58	-0.0084926
18.59	-0.012461
18.6	-0.017069
18.61	-0.021446
18.62	-0.025185
18.63	-0.028099
18.64	-0.029835
18.65	-0.030465
18.66	-0.029703
18.67	-0.026925
18.68	-0.022737
18.69	-0.018312
18.7	-0.013833
18.71	-0.0084554
18.72	-0.0012661
18.73	0.0064522
18.74	0.012646
18.75	0.017329
18.76	0.020664
18.77	0.022468
18.78	0.023497
18.79	0.024208
18.8	0.024787
18.81	0.0253
18.82	0.025422
18.83	0.026031
18.84	0.027616
18.85	0.02872
18.86	0.028786
18.87	0.02817
18.88	0.02645
18.89	0.024071
18.9	0.02193
18.91	0.019472
18.92	0.016693
18.93	0.01437
18.94	0.011996
18.95	0.0094199
18.96	0.0071167
18.97	0.0050315
18.98	0.0032616
18.99	0.0012373
19	-0.0020861
19.01	-0.0063191
19.02	-0.010377
19.03	-0.014101
19.04	-0.017549
19.05	-0.020261
19.06	-0.021251
19.07	-0.020023
19.08	-0.017926
19.09	-0.016527
19.1	-0.015868
19.11	-0.015548
19.12	-0.015861
19.13	-0.017068
19.14	-0.018192
19.15	-0.018725
19.16	-0.019457
19.17	-0.020156
19.18	-0.02039
19.19	-0.020765
19.2	-0.021618
19.21	-0.022615
19.22	-0.023502
19.23	-0.024446
19.24	-0.025098
19.25	-0.024926
19.26	-0.023815
19.27	-0.021636
19.28	-0.018853
19.29	-0.016281
19.3	-0.01368
19.31	-0.010082
19.32	-0.005801
19.33	-0.0024928
19.34	-0.0010568
19.35	-0.0010008
19.36	-0.001708
19.37	-0.0032115
19.38	-0.0052523
19.39	-0.0072517
19.4	-0.0092431
19.41	-0.011209
19.42	-0.012359
19.43	-0.012463
19.44	-0.013
19.45	-0.014636
19.46	-0.016369
19.47	-0.018034
19.48	-0.020209
19.49	-0.022896
19.5	-0.025706
19.51	-0.028211
19.52	-0.030202
19.53	-0.031859
19.54	-0.033049
19.55	-0.033497
19.56	-0.033041
19.57	-0.03159
19.58	-0.029745
19.59	-0.028208
19.6	-0.026945
19.61	-0.025701
19.62	-0.024469
19.63	-0.022594
19.64	-0.019138
19.65	-0.014584
19.66	-0.0098976
19.67	-0.0049144
19.68	5.6885e-05
19.69	0.0034305
19.7	0.0048148
19.71	0.005182
19.72	0.0053037
19.73	0.0054504
19.74	0.0056035
19.75	0.0060613
19.76	0.0071472
19.77	0.0087101
19.78	0.010366
19.79	0.011854
19.8	0.01308
19.81	0.013592
19.82	0.012978
19.83	0.011463
19.84	0.0098853
19.85	0.0093386
19.86	0.01001
19.87	0.011343
19.88	0.013504
19.89	0.016993
19.9	0.021342
19.91	0.025334
19.92	0.027807
19.93	0.028612
19.94	0.02837
19.95	0.027061
19.96	0.024466
19.97	0.021448
19.98	0.019306
19.99	0.018664
20	0.019082
20.01	0.01983
20.02	0.020884
20.03	0.02223
20.04	0.023357
20.05	0.023866
20.06	0.024318
20.07	0.025278
20.08	0.025198
20.09	0.023115
20.1	0.021011
20.11	0.019767
20.12	0.017876
20.13	0.015065
20.14	0.012702
20.15	0.011227
20.16	0.0096339
20.17	0.0073373
20.18	0.0048583
20.19	0.0019956
20.2	-0.0010613
20.21	-0.0034477
20.22	-0.0063362
20.23	-0.010427
20.24	-0.014017
20.25	-0.016063
20.26	-0.017115
20.27	-0.017732
20.28	-0.017825
20.29	-0.017096
20.3	-0.015638
20.31	-0.014394
20.32	-0.014178
20.33	-0.014429
20.34	-0.014465
20.35	-0.014536
20.36	-0.014967
20.37	-0.015839
20.38	-0.01674
20.39	-0.01667
20.4	-0.015224
20.41	-0.013219
20.42	-0.011181
20.43	-0.0083345
20.44	-0.0039792
20.45	0.0010444
20.46	0.0050328
20.47	0.007911
20.48	0.011271
20.49	0.015284
20.5	0.018522
20.51	0.020463
20.52	0.021739
20.53	0.023054
20.54	0.024115
20.55	0.024848
20.56	0.026041
20.57	0.027259
20.58	0.027555
20.59	0.026853
20.6	0.025613
20.61	0.024344
20.62	0.023261
20.63	0.022134
20.64	0.02045
20.65	0.018434
20.66	0.017047
20.67	0.016122
20.68	0.014067
20.69	0.010516
20.7	0.0071813
20.71	0.0050617
20.72	0.0036395
20.73	0.0026922
20.74	0.0020239
20.75	0.0013351
20.76	0.00098219
20.77	0.00099899
20.78	0.0012379
20.79	0.0018185
20.8	0.0022003
20.81	0.0022142
20.82	0.0024967
20.83	0.0023921
20.84	0.0011623
20.85	-8.1997e-05
20.86	-0.00052738
20.87	-0.00065841
20.88	-0.00044233
20.89	0.00056806
20.9	0.0019584
20.91	0.002981
20.92	0.0027658
20.93	0.00075847
20.94	-0.0023229
20.95	-0.0056908
20.96	-0.0094846
20.97	-0.013311
20.98	-0.015918
20.99	-0.01724
21	-0.018214
21.01	-0.019389
21.02	-0.020854
21.03	-0.022361
21.04	-0.024085
21.05	-0.026002
21.06	-0.027366
21.07	-0.027825
21.08	-0.027759
21.09	-0.027852
21.1	-0.028603
21.11	-0.029547
21.12	-0.030027
21.13	-0.030525
21.14	-0.031233
21.15	-0.031848
21.16	-0.032091
21.17	-0.031506
21.18	-0.030597
21.19	-0.03029
21.2	-0.030252
21.21	-0.029414
21.22	-0.027411
21.23	-0.025385
21.24	-0.024169
21.25	-0.022932
21.26	-0.021206
21.27	-0.019234
21.28	-0.017116
21.29	-0.014513
21.3	-0.011621
21.31	-0.0091962
21.32	-0.0069263
21.33	-0.0047983
21.34	-0.0033702
21.35	-0.0024139
21.36	-0.001629
21.37	-0.0010936
21.38	-0.00072788
21.39	-0.00044685
21.4	-0.00066908
21.41	-0.0014877
21.42	-0.002208
21.43	-0.0024753
21.44	-0.0027642
21.45	-0.0033321
21.46	-0.0037475
21.47	-0.0040361
21.48	-0.0045337
21.49	-0.0048343
21.5	-0.004542
21.51	-0.0038217
21.52	-0.0025407
21.53	-0.00090562
21.54	0.00030168
21.55	0.0012373
21.56	0.0028096
21.57	0.0053267
21.58	0.007794
21.59	0.0095668
21.6	0.011294
21.61	0.01307
21.62	0.014182
21.63	0.014608
21.64	0.015125
21.65	0.015602
21.66	0.015795
21.67	0.016725
21.68	0.018141
21.69	0.019002
21.7	0.019968
21.71	0.02164
21.72	0.023389
21.73	0.024599
21.74	0.025629
21.75	0.026713
21.76	0.027197
21.77	0.026723
21.78	0.025483
21.79	0.023986
21.8	0.022894
21.81	0.022857
21.82	0.023619
21.83	0.024141
21.84	0.024196
21.85	0.023876
21.86	0.02313
21.87	0.022285
21.88	0.021123
21.89	0.018773
21.9	0.015199
21.91	0.011376
21.92	0.0079375
21.93	0.004688
21.94	0.0019161
21.95	0.00048953
21.96	0.00014574
21.97	-5.1058e-05
21.98	-0.00011937
21.99	0.00010801
22	0.00028464
22.01	0.00023727
22.02	0.0001232
22.03	-0.00032299
22.04	-0.0016712
22.05	-0.0033246
22.06	-0.004002
22.07	-0.003227
22.08	-0.0016841
22.09	-0.00025902
22.1	0.0010652
22.11	0.0022757
22.12	0.003057
22.13	0.0031975
22.14	0.0026092
22.15	0.0015174
22.16	0.00049984
22.17	9.4069e-05
22.18	-0.00055005
22.19	-0.0025142
22.2	-0.0047378
22.21	-0.0056211
22.22	-0.0053128
22.23	-0.0050096
22.24	-0.0053202
22.25	-0.0059805
22.26	-0.0065105
22.27	-0.0062007
22.28	-0.0048289
22.29	-0.0032331
22.3	-0.0016372
22.31	0.00059728
22.32	0.0028794
22.33	0.0042949
22.34	0.005566
22.35	0.0068503
22.36	0.0069158
22.37	0.0054466
22.38	0.0031808
22.39	0.00056623
22.4	-0.0019315
22.41	-0.0039342
22.42	-0.0060141
22.43	-0.0083311
22.44	-0.010533
22.45	-0.012433
22.46	-0.013464
22.47	-0.013505
22.48	-0.013054
22.49	-0.012488
22.5	-0.01197
22.51	-0.011685
22.52	-0.012135
22.53	-0.012856
22.54	-0.012649
22.55	-0.01176
22.56	-0.010544
22.57	-0.0087152
22.58	-0.0068034
22.59	-0.0053872
22.6	-0.0042376
22.61	-0.0032352
22.62	-0.0023131
22.63	-0.0011092
22.64	0.00015835
22.65	0.0010102
22.66	0.0015733
22.67	0.0025219
22.68	0.004172
22.69	0.0057538
22.7	0.0065841
22.71	0.0070479
22.72	0.0076137
22.73	0.0081758
22.74	0.0082779
22.75	0.0075677
22.76	0.0067417
22.77	0.0065874
22.78	0.0069118
22.79	0.0076174
22.8	0.0088518
22.81	0.010526
22.82	0.011972
22.83	0.012698
22.84	0.012972
22.85	0.01283
22.86	0.012314
22.87	0.011913
22.88	0.011776
22.89	0.011456
22.9	0.010582
22.91	0.0093189
22.92	0.0080735
22.93	0.0072588
22.94	0.0070083
22.95	0.0067039
22.96	0.0063703
22.97	0.0066097
22.98	0.0072493
22.99	0.008001
23	0.0085529
23.01	0.0088863
23.02	0.009138
23.03	0.0090326
23.04	0.00839
23.05	0.0070114
23.06	0.0055594
23.07	0.0052623
23.08	0.0056969
23.09	0.0057531
23.1	0.0053703
23.11	0.0049105
23.12	0.0041394
23.13	0.0028522
23.14	0.0015082
23.15	0.00012289
23.16	-0.0016734
23.17	-0.0034672
23.18	-0.0049512
23.19	-0.0064295
23.2	-0.0076084
23.21	-0.0083067
23.22	-0.0090602
23.23	-0.010007
23.24	-0.010316
23.25	-0.0097131
23.26	-0.0096644
23.27	-0.010763
23.28	-0.01158
23.29	-0.011218
23.3	-0.010531
23.31	-0.010663
23.32	-0.011529
23.33	-0.012168
23.34	-0.012614
23.35	-0.013438
23.36	-0.014159
23.37	-0.014615
23.38	-0.015177
23.39	-0.015627
23.4	-0.015458
23.41	-0.01454
23.42	-0.013264
23.43	-0.011592
23.44	-0.0089907
23.45	-0.0055837
23.46	-0.0025081
23.47	-0.00052463
23.48	0.0006019
23.49	0.00084809
23.5	0.00046614
23.51	-0.00011228
23.52	-0.0012582
23.53	-0.0029012
23.54	-0.0045992
23.55	-0.0066374
23.56	-0.0091032
23.57	-0.011331
23.58	-0.012968
23.59	-0.014587
23.6	-0.016289
23.61	-0.016937
23.62	-0.016431
23.63	-0.015763
23.64	-0.015039
23.65	-0.014437
23.66	-0.014645
23.67	-0.015287
23.68	-0.015806
23.69	-0.016851
23.7	-0.018701
23.71	-0.02021
23.72	-0.019962
23.73	-0.01805
23.74	-0.015442
23.75	-0.012267
23.76	-0.008726
23.77	-0.0052105
23.78	-0.0018046
23.79	0.0008548
23.8	0.0019926
23.81	0.0018044
23.82	0.0013555
23.83	0.0014248
23.84	0.0017775
23.85	0.0020301
23.86	0.0029309
23.87	0.0049799
23.88	0.0066748
23.89	0.0069347
23.9	0.0065431
23.91	0.0065339
23.92	0.0076049
23.93	0.0092699
23.94	0.010128
23.95	0.010483
23.96	0.011675
23.97	0.013748
23.98	0.0159
23.99	0.017683
24	0.019616
24.01	0.022034
24.02	0.024247
24.03	0.026083
24.04	0.027639
24.05	0.028216
24.06	0.028252
24.07	0.028842
24.08	0.029163
24.09	0.028322
24.1	0.027016
24.11	0.025818
24.12	0.024592
24.13	0.023381
24.14	0.022456
24.15	0.021839
24.16	0.021139
24.17	0.020885
24.18	0.021121
24.19	0.020078
24.2	0.017866
24.21	0.015721
24.22	0.013534
24.23	0.011653
24.24	0.010194
24.25	0.0082174
24.26	0.0055922
24.27	0.0030061
24.28	0.00075492
24.29	-0.0014311
24.3	-0.0034844
24.31	-0.0052772
24.32	-0.0067443
24.33	-0.0073754
24.34	-0.007597
24.35	-0.008668
24.36	-0.010289
24.37	-0.010995
24.38	-0.010658
24.39	-0.010211
24.4	-0.010034
24.41	-0.010014
24.42	-0.0097709
24.43	-0.0085775
24.44	-0.0064789
24.45	-0.0043227
24.46	-0.0023928
24.47	-0.00063612
24.48	0.0007693
24.49	0.001489
24.5	0.00098759
24.51	-0.00061443
24.52	-0.002146
24.53	-0.0029319
24.54	-0.0032114
24.55	-0.0033117
24.56	-0.003345
24.57	-0.0035566
24.58	-0.0044026
24.59	-0.0057171
24.6	-0.0071008
24.61	-0.0085682
24.62	-0.0099227
24.63	-0.010636
24.64	-0.010272
24.65	-0.0088615
24.66	-0.0073451
24.67	-0.0066021
24.68	-0.0062747
24.69	-0.0059485
24.7	-0.0064045
24.71	-0.0073613
24.72	-0.0070835
24.73	-0.0059793
24.74	-0.0056999
24.75	-0.0059434
24.76	-0.0055246
24.77	-0.0047793
24.78	-0.0045573
24.79	-0.0046836
24.8	-0.0046412
24.81	-0.0048016
24.82	-0.0059035
24.83	-0.0066498
24.84	-0.0060586
24.85	-0.0058355
24.86	-0.0065849
24.87	-0.0071585
24.88	-0.0069593
24.89	-0.0062852
24.9	-0.0062215
24.91	-0.0068706
24.92	-0.0070313
24.93	-0.0067255
24.94	-0.0067126
24.95	-0.0068161
24.96	-0.0066502
24.97	-0.0066203
24.98	-0.0072305
24.99	-0.0078872
25	-0.0077621
25.01	-0.007091
25.02	-0.0064607
25.03	-0.0057658
25.04	-0.0050182
25.05	-0.004626
25.06	-0.0045001
25.07	-0.0041372
25.08	-0.0036707
25.09	-0.0036767
25.1	-0.0038705
25.11	-0.0037668
25.12	-0.0034535
25.13	-0.0029994
25.14	-0.0025103
25.15	-0.0022061
25.16	-0.001662
25.17	-0.00033155
25.18	0.00094024
25.19	0.00094622
25.2	-0.00031879
25.21	-0.0016085
25.22	-0.0016609
25.23	-0.0010948
25.24	-0.00090355
25.25	-0.0011453
25.26	-0.0013754
25.27	-0.00051289
25.28	0.0010558
25.29	0.0022766
25.3	0.0038907
25.31	0.0061955
25.32	0.0080657
25.33	0.0090666
25.34	0.0098765
25.35	0.010679
25.36	0.011157
25.37	0.011093
25.38	0.010534
25.39	0.010201
25.4	0.010083
25.41	0.0095349
25.42	0.0089819
25.43	0.0088528
25.44	0.008333
25.45	0.0067357
25.46	0.0049274
25.47	0.004139
25.48	0.0040564
25.49	0.0036914
25.5	0.0025702
25.51	0.0010985
25.52	0.0001983
25.53	-0.00025593
25.54	-0.0013946
25.55	-0.003482
25.56	-0.0049758
25.57	-0.0049636
25.58	-0.0044448
25.59	-0.0042755
25.6	-0.0043266
25.61	-0.0039332
25.62	-0.0025743
25.63	-0.0013136
25.64	-0.0017932
25.65	-0.0032119
25.66	-0.003637
25.67	-0.0029138
25.68	-0.0022385
25.69	-0.0028557
25.7	-0.0047311
25.71	-0.0062029
25.72	-0.0061879
25.73	-0.0053145
25.74	-0.0043467
25.75	-0.0030927
25.76	-0.0016476
25.77	-0.00062918
25.78	0.00018919
25.79	0.0010003
25.8	0.0010946
25.81	0.00015964
25.82	-0.00081451
25.83	-0.0012167
25.84	-0.0018625
25.85	-0.002998
25.86	-0.0036296
25.87	-0.0032104
25.88	-0.0020893
25.89	-0.00079495
25.9	0.00015216
25.91	0.00072431
25.92	0.0011686
25.93	0.0017138
25.94	0.0021276
25.95	0.0014117
25.96	-4.813e-05
25.97	-0.00091675
25.98	-0.0015361
25.99	-0.0026307
26	-0.0036678
26.01	-0.0038161
26.02	-0.0031311
26.03	-0.0021317
26.04	-0.0014631
26.05	-0.001903
26.06	-0.0020793
26.07	-0.00058375
26.08	0.00086798
26.09	0.00098438
26.1	0.00062135
26.11	0.00059876
26.12	0.000593
26.13	0.00030443
26.14	0.00031826
26.15	0.00067087
26.16	0.00078912
26.17	0.0013734
26.18	0.0028968
26.19	0.0032493
26.2	0.0016015
26.21	0.00023395
26.22	-0.00018016
26.23	-0.0011612
26.24	-0.0027303
26.25	-0.0035097
26.26	-0.0032984
26.27	-0.0029573
26.28	-0.0027051
26.29	-0.002299
26.3	-0.0015631
26.31	-0.0004189
26.32	0.00060017
26.33	0.0011048
26.34	0.0012841
26.35	0.0012119
26.36	0.00093115
26.37	0.00085243
26.38	0.0011419
26.39	0.0015045
26.4	0.0017464
26.41	0.0020747
26.42	0.0025989
26.43	0.0024499
26.44	0.0014911
26.45	0.00082681
26.46	9.1631e-05
26.47	-0.0014704
26.48	-0.0029623
26.49	-0.0038734
26.5	-0.0046267
26.51	-0.0050821
26.52	-0.0047024
26.53	-0.0036989
26.54	-0.0026249
26.55	-0.0011872
26.56	0.00089196
26.57	0.0031691
26.58	0.0051062
26.59	0.0064115
26.6	0.0073886
26.61	0.0083839
26.62	0.0088288
26.63	0.0082487
26.64	0.0076151
26.65	0.0080091
26.66	0.0088726
26.67	0.0093075
26.68	0.0088918
26.69	0.0075986
26.7	0.0067549
26.71	0.0067697
26.72	0.0060697
26.73	0.0043472
26.74	0.0029661
26.75	0.0026292
26.76	0.0023583
26.77	0.0014752
26.78	0.0010092
26.79	0.0015463
26.8	0.0022758
26.81	0.0024377
26.82	0.0022024
26.83	0.002112
26.84	0.0017827
26.85	0.00043285
26.86	-0.0014046
26.87	-0.0027148
26.88	-0.0037475
26.89	-0.0049573
26.9	-0.0056288
26.91	-0.0054063
26.92	-0.004963
26.93	-0.0047239
26.94	-0.0045797
26.95	-0.0044031
26.96	-0.0042022
26.97	-0.0034187
26.98	-0.0019257
26.99	-0.00070916
27	-2.3284e-05
27.01	0.00037105
27.02	0.00044977
27.03	0.00049107
27.04	0.00066227
27.05	0.0010969
27.06	0.002875
27.07	0.0060171
27.08	0.0081369
27.09	0.0081037
27.1	0.0073188
27.11	0.0071428
27.12	0.0073728
27.13	0.0071539
27.14	0.0060359
27.15	0.0039521
27.16	0.0021407
27.17	0.0013988
27.18	0.00038967
27.19	-0.0015938
27.2	-0.0036373
27.21	-0.004731
27.22	-0.0049221
27.23	-0.0050294
27.24	-0.0050872
27.25	-0.0050385
27.26	-0.0059214
27.27	-0.0076532
27.28	-0.0085994
27.29	-0.0087178
27.3	-0.0093595
27.31	-0.01028
27.32	-0.010232
27.33	-0.0091544
27.34	-0.007933
27.35	-0.0076811
27.36	-0.0082969
27.37	-0.0084711
27.38	-0.0078295
27.39	-0.0074852
27.4	-0.008543
27.41	-0.010004
27.42	-0.010168
27.43	-0.0093304
27.44	-0.0086188
27.45	-0.0082096
27.46	-0.0077554
27.47	-0.0071469
27.48	-0.0065736
27.49	-0.006184
27.5	-0.0054153
27.51	-0.0037102
27.52	-0.0018524
27.53	-0.00078255
27.54	-0.00045386
27.55	-0.00041468
27.56	0.00018193
27.57	0.0019573
27.58	0.0037861
27.59	0.004329
27.6	0.0043415
27.61	0.0048299
27.62	0.005778
27.63	0.0070034
27.64	0.0081434
27.65	0.0093189
27.66	0.010555
27.67	0.011776
27.68	0.01302
27.69	0.013456
27.7	0.013166
27.71	0.013043
27.72	0.012984
27.73	0.012698
27.74	0.011738
27.75	0.0097291
27.76	0.0078483
27.77	0.0070609
27.78	0.0068144
27.79	0.0067653
27.8	0.0067948
27.81	0.0072625
27.82	0.0086743
27.83	0.010551
27.84	0.012195
27.85	0.013413
27.86	0.014682
27.87	0.015755
27.88	0.016138
27.89	0.016683
27.9	0.017507
27.91	0.017563
27.92	0.01666
27.93	0.015281
27.94	0.013449
27.95	0.011532
27.96	0.010956
27.97	0.012059
27.98	0.013083
27.99	0.012759
28	0.011759
28.01	0.011011
28.02	0.010515
28.03	0.010048
28.04	0.0089118
28.05	0.006569
28.06	0.0044056
28.07	0.0036504
28.08	0.0036617
28.09	0.0031211
28.1	0.0012117
28.11	-0.00091416
28.12	-0.0018972
28.13	-0.0029401
28.14	-0.0048207
28.15	-0.006002
28.16	-0.0059556
28.17	-0.0056857
28.18	-0.005857
28.19	-0.0062866
28.2	-0.0062763
28.21	-0.0058419
28.22	-0.0055884
28.23	-0.0054307
28.24	-0.0045303
28.25	-0.0029565
28.26	-0.0016316
28.27	-0.00031079
28.28	0.00090848
28.29	0.0012366
28.3	0.00072722
28.31	-0.00067368
28.32	-0.0026177
28.33	-0.0038157
28.34	-0.004346
28.35	-0.0056255
28.36	-0.0069503
28.37	-0.0066475
28.38	-0.005462
28.39	-0.0045698
28.4	-0.0038431
28.41	-0.0033868
28.42	-0.0034238
28.43	-0.003622
28.44	-0.0037081
28.45	-0.0037334
28.46	-0.0039173
28.47	-0.0047181
28.48	-0.0063038
28.49	-0.0076878
28.5	-0.0079546
28.51	-0.0076095
28.52	-0.0074808
28.53	-0.0073055
28.54	-0.0063617
28.55	-0.0048541
28.56	-0.0037253
28.57	-0.0033255
28.58	-0.0029792
28.59	-0.0026681
28.6	-0.0031774
28.61	-0.004689
28.62	-0.0067022
28.63	-0.0086482
28.64	-0.010387
28.65	-0.012072
28.66	-0.013616
28.67	-0.01418
28.68	-0.013809
28.69	-0.014233
28.7	-0.015658
28.71	-0.016449
28.72	-0.016861
28.73	-0.017813
28.74	-0.018292
28.75	-0.017715
28.76	-0.016837
28.77	-0.016126
28.78	-0.0155
28.79	-0.014862
28.8	-0.014253
28.81	-0.013484
28.82	-0.012575
28.83	-0.011897
28.84	-0.011292
28.85	-0.010657
28.86	-0.010172
28.87	-0.009819
28.88	-0.0090528
28.89	-0.0072505
28.9	-0.0051628
28.91	-0.0037741
28.92	-0.0024904
28.93	-0.00089025
28.94	0.00011058
28.95	0.00022607
28.96	0.00012403
28.97	0.00026404
28.98	0.0012925
28.99	0.0032463
29	0.00453
29.01	0.0050672
29.02	0.0064645
29.03	0.0080136
29.04	0.0082565
29.05	0.0078436
29.06	0.008138
29.07	0.0094766
29.08	0.010795
29.09	0.010988
29.1	0.010408
29.11	0.009904
29.12	0.0098011
29.13	0.0099561
29.14	0.010156
29.15	0.010739
29.16	0.012052
29.17	0.013283
29.18	0.012916
29.19	0.011319
29.2	0.010116
29.21	0.0088568
29.22	0.006911
29.23	0.0053425
29.24	0.0042251
29.25	0.0029246
29.26	0.001776
29.27	0.0012062
29.28	0.0011153
29.29	0.00071996
29.3	-0.00068972
29.31	-0.0022987
29.32	-0.0028578
29.33	-0.0032371
29.34	-0.0046855
29.35	-0.0061308
29.36	-0.0065996
29.37	-0.0066875
29.38	-0.0072744
29.39	-0.0082526
29.4	-0.0084466
29.41	-0.0076675
29.42	-0.0067994
29.43	-0.0059055
29.44	-0.0044416
29.45	-0.0030492
29.46	-0.0025632
29.47	-0.0027388
29.48	-0.0030092
29.49	-0.0029444
29.5	-0.0026657
29.51	-0.0025712
29.52	-0.002649
29.53	-0.0023545
29.54	-0.0023034
29.55	-0.0034917
29.56	-0.0042585
29.57	-0.0035633
29.58	-0.0026077
29.59	-0.0015702
29.6	-0.00050667
29.61	-7.0471e-05
29.62	-0.0001018
29.63	-0.00010044
29.64	1.101e-05
29.65	0.00046682
29.66	0.0018175
29.67	0.0035533
29.68	0.0043695
29.69	0.0038959
29.7	0.0029502
29.71	0.0020318
29.72	0.00092171
29.73	0.000157
29.74	0.00017659
29.75	0.00043071
29.76	0.00052269
29.77	0.00053119
29.78	0.00057542
29.79	0.00063952
29.8	0.00070584
29.81	0.00067153
29.82	0.0011088
29.83	0.0027834
29.84	0.0044977
29.85	0.0049227
29.86	0.0047869
29.87	0.0051916
29.88	0.0063598
29.89	0.0075481
29.9	0.0078587
29.91	0.007469
29.92	0.0070742
29.93	0.0068522
29.94	0.0066566
29.95	0.0064733
29.96	0.0058429
29.97	0.0044011
29.98	0.0028899
29.99	0.0019722
30	0.0015872
30.01	0.0017263
30.02	0.002949
30.03	0.0047833
30.04	0.0054651
30.05	0.0051863
30.06	0.0059636
30.07	0.0076063
30.08	0.0085762
30.09	0.0093694
30.1	0.010185
30.11	0.0098988
30.12	0.0090992
30.13	0.0090254
30.14	0.0092675
30.15	0.009013
30.16	0.0085209
30.17	0.0091959
30.18	0.010853
30.19	0.011466
30.2	0.010779
30.21	0.0099591
30.22	0.0092812
30.23	0.0079207
30.24	0.0060265
30.25	0.0048978
30.26	0.0047687
30.27	0.0044496
30.28	0.0029525
30.29	0.00098597
30.3	-0.00011677
30.31	-2.605e-05
30.32	0.00086655
30.33	0.0021264
30.34	0.0030441
30.35	0.0030932
30.36	0.0026773
30.37	0.0023738
30.38	0.0021971
30.39	0.0020059
30.4	0.0019939
30.41	0.0020294
30.42	0.001652
30.43	0.0011123
30.44	0.00086609
30.45	0.00073553
30.46	5.9929e-05
30.47	-0.0015566
30.48	-0.0032618
30.49	-0.0039118
30.5	-0.0037795
30.51	-0.0036569
30.52	-0.0037256
30.53	-0.0043556
30.54	-0.0058804
30.55	-0.0074907
30.56	-0.0080358
30.57	-0.0075421
30.58	-0.0070637
30.59	-0.006992
30.6	-0.0061599
30.61	-0.0041375
30.62	-0.0026398
30.63	-0.0025752
30.64	-0.0029869
30.65	-0.0030561
30.66	-0.003089
30.67	-0.0039869
30.68	-0.0056204
30.69	-0.0071286
30.7	-0.0084924
30.71	-0.0096354
30.72	-0.0098663
30.73	-0.0093995
30.74	-0.0095184
30.75	-0.010569
30.76	-0.011471
30.77	-0.011635
30.78	-0.011514
30.79	-0.011444
30.8	-0.011474
30.81	-0.011699
30.82	-0.011426
30.83	-0.010097
30.84	-0.0086953
30.85	-0.0081063
30.86	-0.0079703
30.87	-0.0077063
30.88	-0.0073098
30.89	-0.0068639
30.9	-0.006137
30.91	-0.0049531
30.92	-0.0034821
30.93	-0.002285
30.94	-0.0017395
30.95	-0.0016372
30.96	-0.0016153
30.97	-0.0014409
30.98	-0.0010843
30.99	-0.00053577
31	0.00043507
31.01	0.0016405
31.02	0.002336
31.03	0.0020683
31.04	0.00084415
31.05	-0.00070401
31.06	-0.001435
31.07	-0.0015837
31.08	-0.0025253
31.09	-0.0038366
31.1	-0.0042586
31.11	-0.0043872
31.12	-0.0050447
31.13	-0.005578
31.14	-0.005192
31.15	-0.0043388
31.16	-0.0039004
31.17	-0.0033804
31.18	-0.0022593
31.19	-0.0013898
31.2	-0.0012238
31.21	-0.0012596
31.22	-0.0011578
31.23	-0.00088766
31.24	-4.123e-05
31.25	0.0016162
31.26	0.003076
31.27	0.0033237
31.28	0.0032327
31.29	0.0044236
31.3	0.0063402
31.31	0.0071187
31.32	0.0067162
31.33	0.0062893
31.34	0.0062032
31.35	0.0061181
31.36	0.0059727
31.37	0.0063363
31.38	0.0070607
31.39	0.0068477
31.4	0.0056308
31.41	0.0047352
31.42	0.0046422
31.43	0.0054845
31.44	0.0071284
31.45	0.0081871
31.46	0.0079856
31.47	0.0073691
31.48	0.0073333
31.49	0.0083885
31.5	0.0098409
31.51	0.010212
31.52	0.009383
31.53	0.0087835
31.54	0.0087211
31.55	0.0083571
31.56	0.0078957
31.57	0.0078112
31.58	0.007579
31.59	0.0068837
31.6	0.0064115
31.61	0.0064317
31.62	0.0063822
31.63	0.0060548
31.64	0.0056378
31.65	0.0054679
31.66	0.0062949
31.67	0.0078518
31.68	0.0085398
31.69	0.0080215
31.7	0.0073416
31.71	0.0069818
31.72	0.0067664
31.73	0.0062903
31.74	0.0051625
31.75	0.0034874
31.76	0.0019002
31.77	0.0010979
31.78	0.00098309
31.79	0.00091843
31.8	0.0006876
31.81	0.00041156
31.82	0.00023168
31.83	-9.3083e-05
31.84	-0.00092624
31.85	-0.0016432
31.86	-0.0020405
31.87	-0.0030388
31.88	-0.0042387
31.89	-0.0045987
31.9	-0.0049172
31.91	-0.0062268
31.92	-0.007675
31.93	-0.0082284
31.94	-0.0080584
31.95	-0.0077972
31.96	-0.0077303
31.97	-0.0077107
31.98	-0.0076337
31.99	-0.0075153
32	-0.0073808
32.01	-0.0072783
32.02	-0.0071823
32.03	-0.0069854
32.04	-0.0070426
32.05	-0.0078654
32.06	-0.0084241
32.07	-0.0078511
32.08	-0.0074716
32.09	-0.0081982
32.1	-0.0092147
32.11	-0.0094874
32.12	-0.0091129
32.13	-0.0085559
32.14	-0.0073396
32.15	-0.0054479
32.16	-0.0040884
32.17	-0.0037883
32.18	-0.0038593
32.19	-0.0042058
32.2	-0.0053726
32.21	-0.0067058
32.22	-0.0070305
32.23	-0.0064635
32.24	-0.0064909
32.25	-0.0079962
32.26	-0.0094342
32.27	-0.0093857
32.28	-0.0086121
32.29	-0.0081085
32.3	-0.0078731
32.31	-0.0075588
32.32	-0.0070971
32.33	-0.0068066
32.34	-0.0071639
32.35	-0.0082351
32.36	-0.0088585
32.37	-0.0075863
32.38	-0.0053542
32.39	-0.004253
32.4	-0.0038129
32.41	-0.0024325
32.42	-0.0006536
32.43	0.00021101
32.44	0.00020552
32.45	-0.00023749
32.46	-0.00078422
32.47	-0.0011507
32.48	-0.0017293
32.49	-0.002435
32.5	-0.002297
32.51	-0.0011255
32.52	-0.00021062
32.53	-0.0001525
32.54	-0.00036136
32.55	-0.00089567
32.56	-0.0012144
32.57	-0.00026865
32.58	0.0013252
32.59	0.0021831
32.6	0.0021572
32.61	0.0019975
32.62	0.0020349
32.63	0.0021554
32.64	0.002447
32.65	0.0029877
32.66	0.0035569
32.67	0.0039396
32.68	0.0036338
32.69	0.0026433
32.7	0.0020211
32.71	0.002098
32.72	0.0022504
32.73	0.0022073
32.74	0.0021408
32.75	0.0020965
32.76	0.0022782
32.77	0.0031604
32.78	0.0042831
32.79	0.0046042
32.8	0.0045374
32.81	0.0050352
32.82	0.0055819
32.83	0.0055063
32.84	0.0051551
32.85	0.0049457
32.86	0.0048277
32.87	0.0046412
32.88	0.0045761
32.89	0.0047739
32.9	0.004868
32.91	0.0051887
32.92	0.0064044
32.93	0.007609
32.94	0.0077403
32.95	0.0071887
32.96	0.0071066
32.97	0.0088159
32.98	0.011372
32.99	0.011876
33	0.010988
33.01	0.011405
33.02	0.012491
33.03	0.012568
33.04	0.011661
33.05	0.010462
33.06	0.0099102
33.07	0.010178
33.08	0.010349
33.09	0.0094344
33.1	0.0072435
33.11	0.0052602
33.12	0.004673
33.13	0.0047276
33.14	0.0045472
33.15	0.004194
33.16	0.0039339
33.17	0.0039594
33.18	0.0041095
33.19	0.0038256
33.2	0.0032596
33.21	0.0030456
33.22	0.0027556
33.23	0.0014991
33.24	-0.0002031
33.25	-0.0012255
33.26	-0.0013276
33.27	-0.0015008
33.28	-0.0029366
33.29	-0.0047258
33.3	-0.0053003
33.31	-0.0056869
33.32	-0.0071577
33.33	-0.0083998
33.34	-0.0083101
33.35	-0.0076815
33.36	-0.007327
33.37	-0.0072496
33.38	-0.006952
33.39	-0.0057863
33.4	-0.0039867
33.41	-0.0027182
33.42	-0.0023014
33.43	-0.0015513
33.44	0.00013657
33.45	0.0016124
33.46	0.002041
33.47	0.001974
33.48	0.0025014
33.49	0.003727
33.5	0.0045138
33.51	0.0046699
33.52	0.0047486
33.53	0.0040939
33.54	0.0021378
33.55	0.00032284
33.56	-7.8508e-05
33.57	0.00021795
33.58	0.00028549
33.59	0.00010914
33.6	-1.3179e-05
33.61	-1.6232e-05
33.62	-7.7642e-06
33.63	-4.8897e-05
33.64	-0.00010456
33.65	-0.00013689
33.66	-0.000161
33.67	-0.00013204
33.68	-0.00017256
33.69	-0.00094791
33.7	-0.0022158
33.71	-0.0026457
33.72	-0.0019889
33.73	-0.0010994
33.74	-0.00059242
33.75	-0.00033066
33.76	-0.00014643
33.77	-0.00011605
33.78	-0.00021408
33.79	-0.0002035
33.8	0.00034303
33.81	0.001532
33.82	0.0028454
33.83	0.0034972
33.84	0.0033795
33.85	0.0030366
33.86	0.0027915
33.87	0.002628
33.88	0.0024687
33.89	0.002299
33.9	0.0021342
33.91	0.0019828
33.92	0.001865
33.93	0.0017668
33.94	0.0012776
33.95	0.00018605
33.96	-0.00061937
33.97	-0.00085843
33.98	-0.0014471
33.99	-0.0023421
34	-0.00274
34.01	-0.0026397
34.02	-0.0025269
34.03	-0.0027724
34.04	-0.0038343
34.05	-0.0053797
34.06	-0.005988
34.07	-0.0056198
34.08	-0.005457
34.09	-0.0055513
34.1	-0.0054354
34.11	-0.0051748
34.12	-0.0049753
34.13	-0.0048392
34.14	-0.0047094
34.15	-0.0046533
34.16	-0.0043234
34.17	-0.0033575
34.18	-0.0027991
34.19	-0.0033934
34.2	-0.0040246
34.21	-0.0039202
34.22	-0.0035621
34.23	-0.003395
34.24	-0.0033435
34.25	-0.0032403
34.26	-0.0030918
34.27	-0.0029573
34.28	-0.002852
34.29	-0.0027459
34.3	-0.0026289
34.31	-0.0025163
34.32	-0.0023996
34.33	-0.0022848
34.34	-0.0021759
34.35	-0.0020652
34.36	-0.0019585
34.37	-0.0018091
34.38	-0.0019421
34.39	-0.0027347
34.4	-0.0036784
34.41	-0.0039793
34.42	-0.003383
34.43	-0.0021983
34.44	-0.0010942
34.45	-0.00063511
34.46	-0.00066996
34.47	-0.00073341
34.48	-0.00033594
34.49	0.00080656
34.5	0.0019077
34.51	0.0024428
34.52	0.0028895
34.53	0.0032651
34.54	0.0026039
34.55	0.0005502
34.56	-0.0004778
34.57	0.0011556
34.58	0.0028665
34.59	0.0028294
34.6	0.0024892
34.61	0.0025041
34.62	0.0021299
34.63	0.0016199
34.64	0.0016668
34.65	0.0021401
34.66	0.0024773
34.67	0.0024492
34.68	0.0022841
34.69	0.0021997
34.7	0.0021668
34.71	0.0021078
34.72	0.0020374
34.73	0.0019601
34.74	0.0018617
34.75	0.0017516
34.76	0.0014649
34.77	0.00064672
34.78	-0.0006646
34.79	-0.0017824
34.8	-0.0021465
34.81	-0.0019789
34.82	-0.001792
34.83	-0.0017858
34.84	-0.0016599
34.85	-0.00069393
34.86	0.0010524
34.87	0.0023007
34.88	0.0024106
34.89	0.0020858
34.9	0.0019653
34.91	0.0019947
34.92	0.0019566
34.93	0.0018488
34.94	0.0017625
34.95	0.0016693
34.96	0.0015727
34.97	0.0019811
34.98	0.0033807
34.99	0.0049141
35	0.0053561
35.01	0.0049458
35.02	0.0045881
35.03	0.0044321
35.04	0.0035424
35.05	0.0014772
35.06	2.1653e-06
35.07	0.00059263
35.08	0.0022047
35.09	0.0030246
35.1	0.0027471
35.11	0.0025734
35.12	0.0029603
35.13	0.0033831
35.14	0.0034741
35.15	0.0030194
35.16	0.0025929
35.17	0.0027455
35.18	0.0028589
35.19	0.0020949
35.2	0.00022446
35.21	-0.0016781
35.22	-0.0022817
35.23	-0.0019516
35.24	-0.0019036
35.25	-0.002516
35.26	-0.0034176
35.27	-0.0044029
35.28	-0.0052096
35.29	-0.0054133
35.3	-0.0051705
35.31	-0.0049354
35.32	-0.0048103
35.33	-0.0046746
35.34	-0.0045481
35.35	-0.00438
35.36	-0.003572
35.37	-0.001867
35.38	-0.00034619
35.39	4.1309e-05
35.4	-0.00021155
35.41	-0.00033356
35.42	-0.00026227
35.43	-0.00022541
35.44	-0.00026375
35.45	-0.00029978
35.46	-0.00030379
35.47	-0.00029899
35.48	-0.00031627
35.49	-0.00027489
35.5	-0.00055914
35.51	-0.001567
35.52	-0.0026774
35.53	-0.0030973
35.54	-0.0029684
35.55	-0.0032039
35.56	-0.0037626
35.57	-0.0038774
35.58	-0.0036068
35.59	-0.0034038
35.6	-0.0033215
35.61	-0.0029656
35.62	-0.0020151
35.63	-0.00065564
35.64	0.00044425
35.65	0.00077598
35.66	0.00060477
35.67	0.00046772
35.68	0.00048591
35.69	0.0004819
35.7	0.00038673
35.71	0.00032057
35.72	0.00030382
35.73	0.00022782
35.74	0.00011432
35.75	6.0706e-05
35.76	3.9487e-05
35.77	9.5224e-06
35.78	-8.4679e-05
35.79	-0.00073808
35.8	-0.0022659
35.81	-0.0037377
35.82	-0.0041594
35.83	-0.0038794
35.84	-0.0037928
35.85	-0.0040935
35.86	-0.0044168
35.87	-0.0043102
35.88	-0.0035811
35.89	-0.0029103
35.9	-0.002798
35.91	-0.0028341
35.92	-0.0027218
35.93	-0.0025727
35.94	-0.0024608
35.95	-0.0023054
35.96	-0.0019259
35.97	-0.0015432
35.98	-0.0016065
35.99	-0.0017987
36	-0.0017116
36.01	-0.0014607
36.02	-0.0011295
36.03	-0.00036615
36.04	0.00076197
36.05	0.0016776
36.06	0.0023241
36.07	0.0027606
36.08	0.0028975
36.09	0.0028725
36.1	0.0028263
36.11	0.0028086
36.12	0.002831
36.13	0.0028546
36.14	0.002824
36.15	0.00274
36.16	0.002674
36.17	0.0028694
36.18	0.0032637
36.19	0.0031718
36.2	0.0024993
36.21	0.0020257
36.22	0.0019726
36.23	0.0017089
36.24	0.00085973
36.25	-0.00047176
36.26	-0.001489
36.27	-0.0011317
36.28	1.2687e-05
36.29	0.00094689
36.3	0.0017236
36.31	0.0021782
36.32	0.0021532
36.33	0.0019927
36.34	0.0018532
36.35	0.0018549
36.36	0.0025882
36.37	0.0040776
36.38	0.0052152
36.39	0.005297
36.4	0.0049543
36.41	0.0052087
36.42	0.0062865
36.43	0.0075188
36.44	0.0079102
36.45	0.0071085
36.46	0.006267
36.47	0.0063907
36.48	0.0067685
36.49	0.0065203
36.5	0.0056513
36.51	0.0048943
36.52	0.0048812
36.53	0.0050144
36.54	0.0041029
36.55	0.0021832
36.56	0.00074818
36.57	0.00052056
36.58	0.00072939
36.59	0.0006696
36.6	0.0003023
36.61	-0.00013336
36.62	-0.00078321
36.63	-0.001935
36.64	-0.0030301
36.65	-0.0034193
36.66	-0.0032863
36.67	-0.0030225
36.68	-0.0031154
36.69	-0.0041106
36.7	-0.0055076
36.71	-0.0062104
36.72	-0.0060459
36.73	-0.0056482
36.74	-0.0054196
36.75	-0.0052698
36.76	-0.0050884
36.77	-0.0047021
36.78	-0.0042254
36.79	-0.0039806
36.8	-0.0033339
36.81	-0.002234
36.82	-0.0017146
36.83	-0.0017838
36.84	-0.0022306
36.85	-0.0026987
36.86	-0.0025155
36.87	-0.0021798
36.88	-0.0021726
36.89	-0.0020123
36.9	-0.001186
36.91	-7.1837e-05
36.92	0.00047129
36.93	0.00040546
36.94	0.00025169
36.95	0.00024238
36.96	0.00028471
36.97	0.00028614
36.98	0.00026834
36.99	0.00026004
37	0.00025912
37.01	0.00026153
37.02	0.00026748
37.03	0.00026913
37.04	0.0002634
37.05	0.00025631
37.06	0.00025483
37.07	0.0002597
37.08	0.0002663
37.09	0.00026664
37.1	0.00024625
37.11	0.0002257
37.12	0.00048487
37.13	0.0010344
37.14	0.0013816
37.15	0.0016587
37.16	0.0021551
37.17	0.0026446
37.18	0.0026965
37.19	0.0016777
37.2	0.00014949
37.21	-0.00049616
37.22	-0.00026643
37.23	-0.00017638
37.24	-0.00093159
37.25	-0.0022595
37.26	-0.0030963
37.27	-0.0030357
37.28	-0.0026768
37.29	-0.002494
37.3	-0.0024851
37.31	-0.0022071
37.32	-0.0010245
37.33	0.00051803
37.34	0.0011736
37.35	0.00099594
37.36	0.00074213
37.37	0.00073777
37.38	0.0014528
37.39	0.0027758
37.4	0.0034997
37.41	0.0032806
37.42	0.0028944
37.43	0.0027479
37.44	0.0026859
37.45	0.0025485
37.46	0.0023721
37.47	0.0022227
37.48	0.0021083
37.49	0.0020102
37.5	0.0019148
37.51	0.0017957
37.52	0.0016374
37.53	0.0014892
37.54	0.0013864
37.55	0.0012761
37.56	0.0013632
37.57	0.0020922
37.58	0.0029791
37.59	0.0031293
37.6	0.0027909
37.61	0.0024012
37.62	0.0017629
37.63	0.00085661
37.64	0.00033874
37.65	0.0003521
37.66	0.00019891
37.67	-7.6374e-05
37.68	-0.000142
37.69	-0.00026645
37.7	-0.00097262
37.71	-0.0022107
37.72	-0.0029638
37.73	-0.0028217
37.74	-0.0025012
37.75	-0.0027908
37.76	-0.0035933
37.77	-0.0039026
37.78	-0.0033145
37.79	-0.0027237
37.8	-0.0028096
37.81	-0.0029235
37.82	-0.0026836
37.83	-0.0025556
37.84	-0.0025171
37.85	-0.0025096
37.86	-0.0027811
37.87	-0.0030652
37.88	-0.0030016
37.89	-0.0027484
37.9	-0.00255
37.91	-0.0024173
37.92	-0.00228
37.93	-0.002122
37.94	-0.0019467
37.95	-0.0018417
37.96	-0.0019645
37.97	-0.0023306
37.98	-0.0025661
37.99	-0.0023376
38	-0.0021575
38.01	-0.0024507
38.02	-0.0026896
38.03	-0.002512
38.04	-0.0021906
38.05	-0.0019677
38.06	-0.0018102
38.07	-0.0016339
38.08	-0.0014607
38.09	-0.001178
38.1	-0.00067335
38.11	-0.00035358
38.12	-0.00033684
38.13	-0.00010842
38.14	0.00045681
38.15	0.0010005
38.16	0.0012087
38.17	0.0013122
38.18	0.001548
38.19	0.001575
38.2	0.0015621
38.21	0.002034
38.22	0.0026481
38.23	0.0028089
38.24	0.0026196
38.25	0.0024576
38.26	0.0024046
38.27	0.0023504
38.28	0.0022548
38.29	0.0021535
38.3	0.002068
38.31	0.0019921
38.32	0.0018943
38.33	0.0018257
38.34	0.0020263
38.35	0.0025237
38.36	0.0028782
38.37	0.0028167
38.38	0.0025564
38.39	0.0023454
38.4	0.0023523
38.41	0.002686
38.42	0.0030632
38.43	0.0030821
38.44	0.0028135
38.45	0.0025522
38.46	0.0023736
38.47	0.0022045
38.48	0.002013
38.49	0.0018244
38.5	0.0016546
38.51	0.0014965
38.52	0.0013441
38.53	0.0011969
38.54	0.00094703
38.55	0.00055759
38.56	0.0003683
38.57	0.00050557
38.58	0.00059616
38.59	0.0004733
38.6	0.00030695
38.61	0.00020222
38.62	0.00012759
38.63	4.1562e-05
38.64	-5.1815e-05
38.65	-0.00013544
38.66	-0.00020518
38.67	-0.00025623
38.68	-0.00030068
38.69	-0.00053147
38.7	-0.0010232
38.71	-0.0013851
38.72	-0.0013947
38.73	-0.0012901
38.74	-0.0012587
38.75	-0.0012694
38.76	-0.0012563
38.77	-0.0012232
38.78	-0.0011952
38.79	-0.0011773
38.8	-0.0011566
38.81	-0.0011083
38.82	-0.0011017
38.83	-0.0013086
38.84	-0.0016309
38.85	-0.0017454
38.86	-0.001631
38.87	-0.0014999
38.88	-0.0014303
38.89	-0.0013666
38.9	-0.0013302
38.91	-0.0013308
38.92	-0.0013209
38.93	-0.0013991
38.94	-0.001524
38.95	-0.0014977
38.96	-0.0013342
38.97	-0.0012136
38.98	-0.0012742
38.99	-0.0014304
39	-0.0014575
39.01	-0.001316
39.02	-0.0011439
39.03	-0.0010163
39.04	-0.0009086
39.05	-0.00080042
39.06	-0.00067508
39.07	-0.0005027
39.08	-0.00036279
39.09	-0.00033513
39.1	-0.0002996
39.11	-0.00019604
39.12	-0.00012419
39.13	-9.0356e-05
39.14	-3.6037e-05
39.15	2.9181e-05
39.16	9.5647e-05
39.17	0.00023932
39.18	0.00045797
39.19	0.0005936
39.2	0.00059948
39.21	0.00057823
39.22	0.00058519
39.23	0.00059877
39.24	0.00059871
39.25	0.00059202
39.26	0.00058483
39.27	0.00057585
39.28	0.00056817
39.29	0.00056289
39.3	0.00055801
39.31	0.00055179
39.32	0.00054148
39.33	0.00054139
39.34	0.00055409
39.35	0.00054234
39.36	0.00050735
39.37	0.00048475
39.38	0.00047848
39.39	0.0004739
39.4	0.00046377
39.41	0.0004481
39.42	0.00043036
39.43	0.00041519
39.44	0.00040284
39.45	0.00038831
39.46	0.00037164
39.47	0.00038141
39.48	0.0004314
39.49	0.00046402
39.5	0.00043971
39.51	0.00039228
39.52	0.0003557
39.53	0.00032805
39.54	0.00029964
39.55	0.00026702
39.56	0.00023868
39.57	0.00023136
39.58	0.00023619
39.59	0.00021988
39.6	0.00017763
39.61	0.00013651
39.62	0.00010991
39.63	8.8834e-05
39.64	6.5794e-05
39.65	4.4249e-05
39.66	2.9722e-05
39.67	2.0944e-05
39.68	1.1165e-05
39.69	-4.7971e-06
39.7	-2.4246e-05
39.71	-4.2376e-05
39.72	-5.7894e-05
39.73	-7.1953e-05
39.74	-8.1431e-05
39.75	-8.5844e-05
39.76	-9.4449e-05
39.77	-0.00010841
39.78	-0.00011863
39.79	-0.000124
39.8	-0.00012887
39.81	-0.00013261
39.82	-0.0001336
39.83	-0.0001329
39.84	-0.00013152
39.85	-0.00012971
39.86	-0.00012701
39.87	-0.00012332
39.88	-0.00011852
39.89	-0.00011296
39.9	-0.00010731
39.91	-0.00010115
39.92	-9.4047e-05
39.93	-8.6733e-05
39.94	-7.9405e-05
39.95	-7.1432e-05
39.96	-6.2654e-05
39.97	-5.3153e-05
39.98	-4.2889e-05
39.99	-3.1852e-05
