0	-3.0488e-05
0.01	5.5819e-05
0.02	-5.4755e-06
0.03	5.1013e-05
0.04	-5.4464e-05
0.05	1.8289e-05
0.06	3.107e-08
0.07	0.0002276
0.08	0.00027766
0.09	0.0003257
0.1	7.9678e-05
0.11	3.4908e-05
0.12	-1.4661e-05
0.13	0.00018961
0.14	0.00047159
0.15	0.001154
0.16	0.00061049
0.17	-0.0010724
0.18	-0.0022623
0.19	-0.00059142
0.2	0.0019091
0.21	0.00086047
0.22	-0.00033747
0.23	0.00042126
0.24	-0.00069228
0.25	-0.0025851
0.26	-0.00041161
0.27	0.00039483
0.28	0.0005283
0.29	0.0023196
0.3	0.0014907
0.31	-0.0029817
0.32	-0.0081281
0.33	-0.0072996
0.34	-6.6296e-05
0.35	0.0044082
0.36	0.003399
0.37	0.0019186
0.38	0.0003321
0.39	3.2429e-05
0.4	0.0021172
0.41	0.0061746
0.42	0.0089232
0.43	0.0071918
0.44	-0.0037847
0.45	-0.017344
0.46	-0.018393
0.47	-0.0065436
0.48	0.011319
0.49	0.017409
0.5	0.0015441
0.51	-0.019993
0.52	-0.020578
0.53	0.00084703
0.54	0.024893
0.55	0.026858
0.56	0.0067666
0.57	-0.0092876
0.58	-0.0098091
0.59	-0.0034141
0.6	0.0072832
0.61	0.020009
0.62	0.012895
0.63	-0.0087682
0.64	-0.023007
0.65	-0.00096448
0.66	0.048314
0.67	0.07629
0.68	0.03552
0.69	-0.031158
0.7	-0.069219
0.71	-0.057985
0.72	-0.017637
0.73	0.01089
0.74	0.007703
0.75	-0.003332
0.76	0.017083
0.77	0.044161
0.78	0.017458
0.79	-0.036506
0.8	-0.061318
0.81	-0.039642
0.82	-0.0048548
0.83	0.0064149
0.84	0.0025546
0.85	0.011197
0.86	0.024768
0.87	0.022498
0.88	-0.013614
0.89	-0.02774
0.9	0.0074561
0.91	0.050798
0.92	0.035618
0.93	-0.022348
0.94	-0.063359
0.95	-0.038637
0.96	-0.00020783
0.97	0.011228
0.98	0.012003
0.99	0.0082842
1	0.015854
1.01	0.033008
1.02	0.030305
1.03	-0.0024488
1.04	-0.025695
1.05	-0.019468
1.06	-0.017479
1.07	-0.026301
1.08	-0.031084
1.09	-0.0056256
1.1	0.040918
1.11	0.054252
1.12	0.018461
1.13	-0.032477
1.14	-0.062725
1.15	-0.065714
1.16	-0.042266
1.17	-0.019563
1.18	-0.022836
1.19	0.0033888
1.2	0.040156
1.21	0.04614
1.22	0.034164
1.23	0.035328
1.24	0.021342
1.25	-0.010137
1.26	-0.015465
1.27	0.019181
1.28	0.030162
1.29	-0.0028333
1.3	-0.055899
1.31	-0.091429
1.32	-0.088244
1.33	-0.037286
1.34	0.032852
1.35	0.097275
1.36	0.12922
1.37	0.10865
1.38	0.0027447
1.39	-0.099565
1.4	-0.11728
1.41	-0.073891
1.42	-0.023741
1.43	0.020258
1.44	0.041662
1.45	0.072104
1.46	0.11687
1.47	0.13569
1.48	0.11259
1.49	0.031287
1.5	-0.05712
1.51	-0.093895
1.52	-0.043991
1.53	8.3356e-05
1.54	0.014698
1.55	0.02788
1.56	0.059585
1.57	0.052296
1.58	-0.0093386
1.59	-0.062823
1.6	-0.078688
1.61	-0.054907
1.62	-0.022095
1.63	-0.034036
1.64	-0.049574
1.65	-0.038469
1.66	-0.022284
1.67	-0.024509
1.68	-0.029135
1.69	0.0035372
1.7	0.094949
1.71	0.14867
1.72	0.11466
1.73	0.044325
1.74	-0.020889
1.75	-0.059264
1.76	-0.069835
1.77	-0.089382
1.78	-0.088573
1.79	-0.012463
1.8	0.082034
1.81	0.12889
1.82	0.13308
1.83	0.060114
1.84	-0.039494
1.85	-0.073217
1.86	-0.0741
1.87	-0.066704
1.88	-0.015273
1.89	0.024142
1.9	0.025696
1.91	0.030462
1.92	0.032636
1.93	0.020386
1.94	-0.032183
1.95	-0.058321
1.96	-0.046908
1.97	-0.029159
1.98	-0.01375
1.99	-0.015252
2	-0.017555
2.01	0.018851
2.02	0.076814
2.03	0.09042
2.04	0.044589
2.05	-0.018006
2.06	-0.10067
2.07	-0.11415
2.08	-0.015052
2.09	0.083879
2.1	0.078134
2.11	-0.00080137
2.12	-0.024508
2.13	-0.00036272
2.14	0.015482
2.15	0.031087
2.16	0.015825
2.17	-0.021615
2.18	-0.051228
2.19	-0.072654
2.2	-0.05346
2.21	-0.025673
2.22	-0.057593
2.23	-0.089571
2.24	-0.074908
2.25	-0.037726
2.26	-0.00098235
2.27	0.0035707
2.28	-0.018889
2.29	-0.051735
2.3	-0.054715
2.31	0.0012388
2.32	0.083862
2.33	0.088527
2.34	0.021394
2.35	-0.0070233
2.36	0.032984
2.37	0.092181
2.38	0.097897
2.39	0.059043
2.4	0.04185
2.41	0.042479
2.42	0.043076
2.43	0.02806
2.44	-0.030741
2.45	-0.089975
2.46	-0.093831
2.47	-0.09381
2.48	-0.12063
2.49	-0.13833
2.5	-0.121
2.51	-0.082354
2.52	-0.041993
2.53	-0.058505
2.54	-0.054538
2.55	0.0077627
2.56	0.10895
2.57	0.18973
2.58	0.22752
2.59	0.24116
2.6	0.27062
2.61	0.27776
2.62	0.21138
2.63	0.11787
2.64	0.067891
2.65	0.083384
2.66	0.12614
2.67	0.14091
2.68	0.13776
2.69	0.12603
2.7	0.11627
2.71	0.11082
2.72	0.080729
2.73	0.035593
2.74	0.0048236
2.75	-0.085988
2.76	-0.23172
2.77	-0.37058
2.78	-0.40948
2.79	-0.37498
2.8	-0.32961
2.81	-0.29435
2.82	-0.29372
2.83	-0.3306
2.84	-0.29701
2.85	-0.20118
2.86	-0.13565
2.87	-0.10635
2.88	-0.10735
2.89	-0.10059
2.9	-0.13391
2.91	-0.076721
2.92	0.11138
2.93	0.1797
2.94	0.10007
2.95	0.013136
2.96	-0.036786
2.97	-0.057282
2.98	-0.035795
2.99	0.043654
3	0.069038
3.01	0.055935
3.02	0.13764
3.03	0.22657
3.04	0.24232
3.05	0.22413
3.06	0.26001
3.07	0.28974
3.08	0.2806
3.09	0.28337
3.1	0.30835
3.11	0.28805
3.12	0.24319
3.13	0.1413
3.14	-0.066404
3.15	-0.29476
3.16	-0.34219
3.17	-0.20552
3.18	0.0588
3.19	0.20726
3.2	0.22261
3.21	0.20371
3.22	0.12405
3.23	-0.030325
3.24	-0.13174
3.25	-0.076349
3.26	0.09244
3.27	0.24091
3.28	0.28392
3.29	0.30227
3.3	0.31856
3.31	0.31124
3.32	0.27339
3.33	0.22305
3.34	0.1112
3.35	-0.0072027
3.36	-0.07338
3.37	-0.14094
3.38	-0.29788
3.39	-0.45794
3.4	-0.52796
3.41	-0.52126
3.42	-0.46388
3.43	-0.41329
3.44	-0.39647
3.45	-0.42109
3.46	-0.44451
3.47	-0.41752
3.48	-0.34948
3.49	-0.28992
3.5	-0.25387
3.51	-0.22126
3.52	-0.20592
3.53	-0.20308
3.54	-0.1978
3.55	-0.10066
3.56	0.068556
3.57	0.12354
3.58	0.11736
3.59	0.098098
3.6	0.060565
3.61	0.024258
3.62	-0.0097438
3.63	-0.022274
3.64	0.0090449
3.65	0.071236
3.66	0.12529
3.67	0.13694
3.68	0.11797
3.69	0.11491
3.7	0.16084
3.71	0.21792
3.72	0.26505
3.73	0.27876
3.74	0.27684
3.75	0.30826
3.76	0.42098
3.77	0.51784
3.78	0.52542
3.79	0.50204
3.8	0.41155
3.81	0.32175
3.82	0.24656
3.83	0.094215
3.84	-0.09394
3.85	-0.1889
3.86	-0.18788
3.87	-0.14295
3.88	-0.082012
3.89	-0.13188
3.9	-0.30862
3.91	-0.47204
3.92	-0.56876
3.93	-0.61726
3.94	-0.61936
3.95	-0.57118
3.96	-0.52526
3.97	-0.53791
3.98	-0.57941
3.99	-0.54591
4	-0.32188
4.01	0.019863
4.02	0.20712
4.03	0.27442
4.04	0.33741
4.05	0.40143
4.06	0.47894
4.07	0.55761
4.08	0.62744
4.09	0.63873
4.1	0.5858
4.11	0.53399
4.12	0.52136
4.13	0.53377
4.14	0.55257
4.15	0.6072
4.16	0.61553
4.17	0.56289
4.18	0.44776
4.19	0.26186
4.2	0.073261
4.21	-0.11402
4.22	-0.32921
4.23	-0.45538
4.24	-0.49716
4.25	-0.53944
4.26	-0.64097
4.27	-0.75924
4.28	-0.90156
4.29	-0.80582
4.3	-0.49858
4.31	-0.3626
4.32	-0.35055
4.33	-0.3289
4.34	-0.23427
4.35	-0.087049
4.36	0.05804
4.37	0.18745
4.38	0.27488
4.39	0.33102
4.4	0.37944
4.41	0.46538
4.42	0.56704
4.43	0.59601
4.44	0.66662
4.45	0.82921
4.46	0.93173
4.47	0.91421
4.48	0.85938
4.49	0.83179
4.5	0.8
4.51	0.69971
4.52	0.55194
4.53	0.3958
4.54	0.25016
4.55	0.17815
4.56	0.11413
4.57	-3.3849e-05
4.58	-0.15727
4.59	-0.31545
4.6	-0.42103
4.61	-0.50386
4.62	-0.60524
4.63	-0.75549
4.64	-0.94376
4.65	-1.1117
4.66	-1.2726
4.67	-1.3703
4.68	-1.3687
4.69	-1.2842
4.7	-1.178
4.71	-1.0739
4.72	-0.96967
4.73	-0.77883
4.74	-0.57645
4.75	-0.45621
4.76	-0.37864
4.77	-0.33144
4.78	-0.34072
4.79	-0.31207
4.8	-0.23156
4.81	-0.14695
4.82	-0.067354
4.83	0.013909
4.84	0.066453
4.85	0.093556
4.86	0.091816
4.87	0.073274
4.88	0.087494
4.89	0.14908
4.9	0.22908
4.91	0.26157
4.92	0.27775
4.93	0.31574
4.94	0.34257
4.95	0.35963
4.96	0.38318
4.97	0.37152
4.98	0.35136
4.99	0.40037
5	0.50148
5.01	0.61309
5.02	0.68728
5.03	0.67361
5.04	0.46464
5.05	0.16151
5.06	-0.0099131
5.07	-0.08121
5.08	-0.16605
5.09	-0.24917
5.1	-0.2242
5.11	0.11669
5.12	0.56467
5.13	0.76356
5.14	0.85374
5.15	0.88201
5.16	0.8608
5.17	0.93673
5.18	1.1014
5.19	1.2012
5.2	1.2256
5.21	1.0092
5.22	0.75347
5.23	0.67002
5.24	0.67126
5.25	0.61321
5.26	0.49211
5.27	0.38703
5.28	0.25756
5.29	0.12646
5.3	-0.046456
5.31	-0.2046
5.32	-0.37601
5.33	-0.53858
5.34	-0.77103
5.35	-0.96322
5.36	-1.0618
5.37	-1.1087
5.38	-1.164
5.39	-1.1668
5.4	-1.208
5.41	-1.1966
5.42	-1.4085
5.43	-1.5642
5.44	-2.3202
5.45	-2.4216
5.46	-1.4636
5.47	-0.82878
5.48	-0.58769
5.49	-0.43944
5.5	-0.30006
5.51	-0.21419
5.52	-0.14446
5.53	-0.084053
5.54	-0.012416
5.55	0.045478
5.56	0.072485
5.57	0.082455
5.58	0.11602
5.59	0.14418
5.6	0.1841
5.61	0.27577
5.62	0.41821
5.63	0.47721
5.64	0.47952
5.65	0.52438
5.66	0.60479
5.67	0.59547
5.68	0.54029
5.69	0.55254
5.7	0.62572
5.71	0.6413
5.72	0.6295
5.73	0.6078
5.74	0.55467
5.75	0.51484
5.76	0.52222
5.77	0.54265
5.78	0.52345
5.79	0.49103
5.8	0.51012
5.81	0.54604
5.82	0.55489
5.83	0.56629
5.84	0.65614
5.85	0.81276
5.86	1.0787
5.87	1.2399
5.88	1.1729
5.89	0.78842
5.9	0.43779
5.91	0.32043
5.92	0.19397
5.93	0.083321
5.94	0.013475
5.95	-0.067312
5.96	-0.14764
5.97	-0.28782
5.98	-0.45918
5.99	-0.66483
6	-0.82804
6.01	-0.96277
6.02	-1.0454
6.03	-1.0908
6.04	-1.1102
6.05	-1.094
6.06	-0.92933
6.07	-0.50284
6.08	-0.16245
6.09	-0.024749
6.1	0.047052
6.11	0.029387
6.12	0.046152
6.13	0.17942
6.14	0.25492
6.15	0.26251
6.16	0.2517
6.17	0.16653
6.18	-0.0051187
6.19	-0.12124
6.2	-0.18063
6.21	-0.23704
6.22	-0.2173
6.23	-0.19465
6.24	-0.20983
6.25	-0.22537
6.26	-0.20401
6.27	-0.15133
6.28	0.04641
6.29	0.2797
6.3	0.40573
6.31	0.49113
6.32	0.56523
6.33	0.58765
6.34	0.53444
6.35	0.45757
6.36	0.37346
6.37	0.33992
6.38	0.33872
6.39	0.36677
6.4	0.36574
6.41	0.28189
6.42	0.15548
6.43	0.033789
6.44	-0.11505
6.45	-0.24401
6.46	-0.37942
6.47	-0.50563
6.48	-0.62656
6.49	-0.73314
6.5	-0.82035
6.51	-0.85891
6.52	-0.89795
6.53	-0.92936
6.54	-0.93574
6.55	-0.94115
6.56	-0.95756
6.57	-0.97309
6.58	-1.0715
6.59	-1.2275
6.6	-1.0593
6.61	-0.60783
6.62	-0.40663
6.63	-0.35723
6.64	-0.20429
6.65	-0.034902
6.66	0.097579
6.67	0.20843
6.68	0.29286
6.69	0.32275
6.7	0.30707
6.71	0.25864
6.72	0.17214
6.73	0.094468
6.74	0.062848
6.75	0.0099373
6.76	-0.0023601
6.77	0.059961
6.78	0.13394
6.79	0.26664
6.8	0.39751
6.81	0.39758
6.82	0.35859
6.83	0.33055
6.84	0.313
6.85	0.31206
6.86	0.31431
6.87	0.28663
6.88	0.23357
6.89	0.18639
6.9	0.14095
6.91	0.099712
6.92	0.063057
6.93	0.05918
6.94	0.072622
6.95	0.16731
6.96	0.42121
6.97	0.57329
6.98	0.56931
6.99	0.56616
7	0.55696
7.01	0.53395
7.02	0.51757
7.03	0.53171
7.04	0.54676
7.05	0.56334
7.06	0.57804
7.07	0.60149
7.08	0.63615
7.09	0.72334
7.1	0.78632
7.11	0.7662
7.12	0.73264
7.13	0.70574
7.14	0.65087
7.15	0.53656
7.16	0.38677
7.17	0.28935
7.18	0.20847
7.19	0.12108
7.2	0.034881
7.21	-0.048329
7.22	-0.13299
7.23	-0.25838
7.24	-0.39956
7.25	-0.50896
7.26	-0.60116
7.27	-0.688
7.28	-0.77905
7.29	-0.83597
7.3	-0.88585
7.31	-0.95267
7.32	-1.0526
7.33	-1.0073
7.34	-0.81233
7.35	-0.51446
7.36	-0.23293
7.37	0.0037077
7.38	0.19728
7.39	0.3089
7.4	0.34537
7.41	0.34983
7.42	0.3509
7.43	0.32769
7.44	0.30821
7.45	0.30814
7.46	0.3119
7.47	0.30859
7.48	0.2859
7.49	0.20443
7.5	0.087982
7.51	-0.037151
7.52	-0.13852
7.53	-0.2545
7.54	-0.46391
7.55	-0.60307
7.56	-0.63827
7.57	-0.6526
7.58	-0.67057
7.59	-0.73089
7.6	-0.80837
7.61	-0.78909
7.62	-0.71966
7.63	-0.4721
7.64	-0.1197
7.65	0.12009
7.66	0.26149
7.67	0.29563
7.68	0.2934
7.69	0.26961
7.7	0.24267
7.71	0.22851
7.72	0.22661
7.73	0.221
7.74	0.20245
7.75	0.1755
7.76	0.13714
7.77	0.10605
7.78	0.091138
7.79	0.14031
7.8	0.17507
7.81	0.1431
7.82	0.1256
7.83	0.1162
7.84	0.12093
7.85	0.12692
7.86	0.15872
7.87	0.22546
7.88	0.29135
7.89	0.30424
7.9	0.29512
7.91	0.29084
7.92	0.28025
7.93	0.24426
7.94	0.1989
7.95	0.13016
7.96	0.044573
7.97	-0.061026
7.98	-0.18262
7.99	-0.29247
8	-0.39593
8.01	-0.47655
8.02	-0.55055
8.03	-0.60124
8.04	-0.64734
8.05	-0.69135
8.06	-0.71767
8.07	-0.77552
8.08	-0.82822
8.09	-0.86039
8.1	-0.8432
8.11	-0.83949
8.12	-0.89193
8.13	-0.95293
8.14	-0.89591
8.15	-0.72305
8.16	-0.49708
8.17	-0.2753
8.18	-0.087684
8.19	0.064379
8.2	0.16581
8.21	0.22918
8.22	0.30401
8.23	0.38519
8.24	0.46908
8.25	0.51154
8.26	0.50942
8.27	0.47636
8.28	0.44248
8.29	0.42668
8.3	0.42016
8.31	0.4212
8.32	0.44044
8.33	0.45992
8.34	0.47065
8.35	0.48055
8.36	0.48882
8.37	0.50317
8.38	0.54155
8.39	0.58455
8.4	0.62091
8.41	0.64079
8.42	0.62988
8.43	0.58419
8.44	0.51191
8.45	0.43865
8.46	0.39785
8.47	0.40539
8.48	0.42034
8.49	0.43021
8.5	0.43333
8.51	0.4041
8.52	0.32545
8.53	0.20373
8.54	0.090476
8.55	0.020604
8.56	0.038779
8.57	0.08233
8.58	0.11443
8.59	0.1029
8.6	0.042247
8.61	-0.052209
8.62	-0.13834
8.63	-0.21138
8.64	-0.26413
8.65	-0.32308
8.66	-0.37136
8.67	-0.42066
8.68	-0.45093
8.69	-0.46225
8.7	-0.43698
8.71	-0.36161
8.72	-0.25615
8.73	-0.16335
8.74	-0.11518
8.75	-0.099329
8.76	-0.10421
8.77	-0.093972
8.78	-0.059821
8.79	0.037198
8.8	0.1266
8.81	0.16305
8.82	0.17652
8.83	0.18169
8.84	0.18377
8.85	0.18708
8.86	0.17979
8.87	0.1627
8.88	0.12119
8.89	0.048938
8.9	-0.02134
8.91	-0.072616
8.92	-0.076103
8.93	-0.035531
8.94	0.006326
8.95	0.042025
8.96	0.042919
8.97	0.024679
8.98	-0.019405
8.99	-0.076894
9	-0.12777
9.01	-0.14632
9.02	-0.1232
9.03	-0.058306
9.04	0.0069047
9.05	0.052836
9.06	0.047768
9.07	0.023558
9.08	-0.0041178
9.09	-0.039206
9.1	-0.076715
9.11	-0.10706
9.12	-0.13316
9.13	-0.16029
9.14	-0.17501
9.15	-0.18466
9.16	-0.19439
9.17	-0.20132
9.18	-0.19888
9.19	-0.19065
9.2	-0.18138
9.21	-0.18669
9.22	-0.20395
9.23	-0.24315
9.24	-0.2804
9.25	-0.31055
9.26	-0.32505
9.27	-0.32195
9.28	-0.31087
9.29	-0.29987
9.3	-0.28589
9.31	-0.26879
9.32	-0.24582
9.33	-0.18815
9.34	-0.098437
9.35	-0.019832
9.36	0.024671
9.37	0.047852
9.38	0.075577
9.39	0.12217
9.4	0.17712
9.41	0.2069
9.42	0.1962
9.43	0.14415
9.44	0.073731
9.45	0.0095647
9.46	-0.015852
9.47	-0.0011247
9.48	0.032114
9.49	0.063687
9.5	0.083003
9.51	0.094096
9.52	0.10763
9.53	0.12022
9.54	0.13001
9.55	0.12885
9.56	0.11011
9.57	0.076958
9.58	0.036072
9.59	0.013189
9.6	0.024725
9.61	0.073011
9.62	0.14116
9.63	0.18479
9.64	0.1962
9.65	0.1967
9.66	0.19397
9.67	0.19002
9.68	0.18735
9.69	0.18433
9.7	0.18117
9.71	0.17709
9.72	0.17184
9.73	0.16279
9.74	0.15127
9.75	0.1357
9.76	0.12138
9.77	0.12165
9.78	0.12599
9.79	0.12523
9.8	0.1122
9.81	0.07561
9.82	0.015014
9.83	-0.072261
9.84	-0.13957
9.85	-0.1962
9.86	-0.2409
9.87	-0.27649
9.88	-0.30691
9.89	-0.33121
9.9	-0.34708
9.91	-0.34122
9.92	-0.30757
9.93	-0.26091
9.94	-0.20942
9.95	-0.16879
9.96	-0.14453
9.97	-0.1163
9.98	-0.074977
9.99	-0.01638
10	0.049281
10.01	0.097558
10.02	0.12097
10.03	0.12598
10.04	0.13116
10.05	0.12691
10.06	0.1044
10.07	0.086682
10.08	0.068174
10.09	0.036432
10.1	0.00549
10.11	-0.0058484
10.12	-0.003724
10.13	0.0044446
10.14	0.014556
10.15	0.01873
10.16	0.013233
10.17	4.3883e-06
10.18	-0.02209
10.19	-0.047134
10.2	-0.081022
10.21	-0.12015
10.22	-0.13378
10.23	-0.12696
10.24	-0.10346
10.25	-0.065143
10.26	-0.028029
10.27	0.012263
10.28	0.055531
10.29	0.092321
10.3	0.126
10.31	0.14453
10.32	0.15662
10.33	0.17223
10.34	0.18857
10.35	0.20197
10.36	0.21019
10.37	0.20442
10.38	0.18174
10.39	0.14787
10.4	0.11516
10.41	0.093456
10.42	0.081154
10.43	0.069933
10.44	0.050167
10.45	0.017102
10.46	-0.0087034
10.47	-0.024466
10.48	-0.039717
10.49	-0.056522
10.5	-0.080032
10.51	-0.10691
10.52	-0.1272
10.53	-0.13308
10.54	-0.12359
10.55	-0.10361
10.56	-0.052892
10.57	0.017752
10.58	0.076065
10.59	0.10316
10.6	0.11369
10.61	0.11528
10.62	0.1086
10.63	0.0986
10.64	0.09885
10.65	0.10897
10.66	0.11427
10.67	0.097871
10.68	0.054898
10.69	-0.0086548
10.7	-0.065585
10.71	-0.08838
10.72	-0.081449
10.73	-0.04578
10.74	-0.0042868
10.75	0.013113
10.76	0.0072206
10.77	-0.0034706
10.78	-0.016536
10.79	-0.02895
10.8	-0.035193
10.81	-0.043053
10.82	-0.056235
10.83	-0.06961
10.84	-0.07029
10.85	-0.058872
10.86	-0.041844
10.87	-0.029668
10.88	-0.023629
10.89	-0.024521
10.9	-0.026683
10.91	-0.022163
10.92	-0.016912
10.93	-0.016272
10.94	-0.026647
10.95	-0.054519
10.96	-0.092514
10.97	-0.11327
10.98	-0.10849
10.99	-0.083748
11	-0.054543
11.01	-0.036564
11.02	-0.028686
11.03	-0.031116
11.04	-0.037185
11.05	-0.035081
11.06	-0.024428
11.07	-0.0040978
11.08	0.017468
11.09	0.027469
11.1	0.025782
11.11	0.014107
11.12	-0.016918
11.13	-0.065981
11.14	-0.11353
11.15	-0.14171
11.16	-0.15232
11.17	-0.1584
11.18	-0.16153
11.19	-0.16471
11.2	-0.16817
11.21	-0.17832
11.22	-0.19248
11.23	-0.19758
11.24	-0.1903
11.25	-0.16857
11.26	-0.13289
11.27	-0.078682
11.28	-0.0019939
11.29	0.069874
11.3	0.13236
11.31	0.17247
11.32	0.18729
11.33	0.19383
11.34	0.19159
11.35	0.1853
11.36	0.17036
11.37	0.15213
11.38	0.12946
11.39	0.10211
11.4	0.058705
11.41	0.018048
11.42	0.00060882
11.43	-0.0017635
11.44	0.0030853
11.45	0.0087512
11.46	0.0098412
11.47	0.0066826
11.48	0.0046844
11.49	0.0096344
11.5	0.016735
11.51	0.024814
11.52	0.031658
11.53	0.044434
11.54	0.063927
11.55	0.097352
11.56	0.13523
11.57	0.15706
11.58	0.16022
11.59	0.15287
11.6	0.14585
11.61	0.1414
11.62	0.1406
11.63	0.14612
11.64	0.1501
11.65	0.16764
11.66	0.19348
11.67	0.21587
11.68	0.23517
11.69	0.24595
11.7	0.25372
11.71	0.25739
11.72	0.25463
11.73	0.25056
11.74	0.24365
11.75	0.22834
11.76	0.20081
11.77	0.16276
11.78	0.11487
11.79	0.060345
11.8	0.0007717
11.81	-0.054804
11.82	-0.10164
11.83	-0.13873
11.84	-0.17275
11.85	-0.22786
11.86	-0.29704
11.87	-0.35584
11.88	-0.40417
11.89	-0.42543
11.9	-0.43318
11.91	-0.43732
11.92	-0.4414
11.93	-0.4452
11.94	-0.43017
11.95	-0.3962
11.96	-0.35165
11.97	-0.29529
11.98	-0.23678
11.99	-0.19101
12	-0.14917
12.01	-0.10421
12.02	-0.055796
12.03	-0.011227
12.04	0.021643
12.05	0.032345
12.06	0.029568
12.07	0.023573
12.08	0.029744
12.09	0.048851
12.1	0.081153
12.11	0.1113
12.12	0.12939
12.13	0.12971
12.14	0.12394
12.15	0.11067
12.16	0.088263
12.17	0.033792
12.18	-0.043395
12.19	-0.092669
12.2	-0.10018
12.21	-0.091814
12.22	-0.069374
12.23	-0.032782
12.24	0.014649
12.25	0.066234
12.26	0.11044
12.27	0.15071
12.28	0.16068
12.29	0.13991
12.3	0.12308
12.31	0.11466
12.32	0.12038
12.33	0.13797
12.34	0.13993
12.35	0.1308
12.36	0.12194
12.37	0.11632
12.38	0.10901
12.39	0.097403
12.4	0.075359
12.41	0.053757
12.42	0.023069
12.43	-0.024617
12.44	-0.068742
12.45	-0.10023
12.46	-0.10765
12.47	-0.10138
12.48	-0.086058
12.49	-0.066053
12.5	-0.045354
12.51	-0.026458
12.52	-0.0095847
12.53	0.0061815
12.54	0.030128
12.55	0.050246
12.56	0.057688
12.57	0.057277
12.58	0.046128
12.59	0.029574
12.6	0.024089
12.61	0.027846
12.62	0.034599
12.63	0.040165
12.64	0.03985
12.65	0.032539
12.66	0.013553
12.67	-0.020006
12.68	-0.053505
12.69	-0.065179
12.7	-0.065094
12.71	-0.055454
12.72	-0.038642
12.73	-0.011874
12.74	0.019002
12.75	0.038746
12.76	0.04157
12.77	0.025938
12.78	0.0026594
12.79	-0.014155
12.8	-0.020412
12.81	-0.0063713
12.82	0.029482
12.83	0.063734
12.84	0.095555
12.85	0.11089
12.86	0.094511
12.87	0.061414
12.88	0.025417
12.89	9.8484e-05
12.9	-0.0074259
12.91	-0.0042587
12.92	0.0058599
12.93	0.015501
12.94	0.012714
12.95	-0.0082822
12.96	-0.039329
12.97	-0.064914
12.98	-0.077823
12.99	-0.086209
13	-0.0877
13.01	-0.087528
13.02	-0.085053
13.03	-0.081689
13.04	-0.070119
13.05	-0.046354
13.06	-0.014156
13.07	0.01858
13.08	0.048161
13.09	0.065832
13.1	0.073731
13.11	0.073321
13.12	0.063784
13.13	0.045871
13.14	0.023572
13.15	0.01112
13.16	0.018773
13.17	0.033252
13.18	0.048972
13.19	0.056682
13.2	0.043152
13.21	0.012904
13.22	-0.018632
13.23	-0.041001
13.24	-0.050565
13.25	-0.049523
13.26	-0.036204
13.27	-0.019304
13.28	-0.0061541
13.29	0.006137
13.3	0.02045
13.31	0.042274
13.32	0.06488
13.33	0.074058
13.34	0.076894
13.35	0.071878
13.36	0.063818
13.37	0.059489
13.38	0.053284
13.39	0.042536
13.4	0.026975
13.41	0.010692
13.42	-0.00076708
13.43	0.00084412
13.44	0.0080665
13.45	0.01614
13.46	0.020176
13.47	0.015627
13.48	-0.0045256
13.49	-0.033729
13.5	-0.067605
13.51	-0.097592
13.52	-0.1151
13.53	-0.1222
13.54	-0.11629
13.55	-0.10277
13.56	-0.08677
13.57	-0.075181
13.58	-0.074475
13.59	-0.080698
13.6	-0.093561
13.61	-0.10612
13.62	-0.11726
13.63	-0.12785
13.64	-0.14005
13.65	-0.14063
13.66	-0.12963
13.67	-0.10776
13.68	-0.076671
13.69	-0.047368
13.7	-0.033064
13.71	-0.034837
13.72	-0.037862
13.73	-0.039072
13.74	-0.035448
13.75	-0.028304
13.76	-0.0086859
13.77	0.018377
13.78	0.037262
13.79	0.049351
13.8	0.056181
13.81	0.05501
13.82	0.053567
13.83	0.052688
13.84	0.052734
13.85	0.051607
13.86	0.050967
13.87	0.05246
13.88	0.071347
13.89	0.095428
13.9	0.1109
13.91	0.12333
13.92	0.13933
13.93	0.14413
13.94	0.13665
13.95	0.11344
13.96	0.065539
13.97	0.016144
13.98	-0.025765
13.99	-0.04198
14	-0.023682
14.01	-0.006116
14.02	-0.006189
14.03	-0.022677
14.04	-0.052404
14.05	-0.067656
14.06	-0.072789
14.07	-0.070768
14.08	-0.069277
14.09	-0.071547
14.1	-0.078774
14.11	-0.086113
14.12	-0.082444
14.13	-0.066142
14.14	-0.049087
14.15	-0.0313
14.16	-0.018641
14.17	-0.0064714
14.18	0.0032857
14.19	0.015822
14.2	0.033474
14.21	0.061167
14.22	0.091582
14.23	0.11627
14.24	0.14036
14.25	0.16031
14.26	0.17004
14.27	0.16481
14.28	0.15414
14.29	0.14583
14.3	0.14444
14.31	0.14415
14.32	0.14018
14.33	0.13401
14.34	0.11752
14.35	0.092836
14.36	0.059119
14.37	0.016518
14.38	-0.024656
14.39	-0.058217
14.4	-0.078492
14.41	-0.089051
14.42	-0.09498
14.43	-0.10236
14.44	-0.11144
14.45	-0.11963
14.46	-0.12084
14.47	-0.11453
14.48	-0.10815
14.49	-0.10311
14.5	-0.093044
14.51	-0.073811
14.52	-0.037126
14.53	0.012189
14.54	0.055551
14.55	0.075404
14.56	0.088926
14.57	0.097876
14.58	0.10456
14.59	0.10519
14.6	0.09541
14.61	0.068925
14.62	0.023806
14.63	-0.034315
14.64	-0.081131
14.65	-0.10533
14.66	-0.1191
14.67	-0.1336
14.68	-0.14757
14.69	-0.15251
14.7	-0.15313
14.71	-0.14602
14.72	-0.12707
14.73	-0.089249
14.74	-0.038888
14.75	0.010285
14.76	0.035802
14.77	0.053051
14.78	0.057674
14.79	0.053043
14.8	0.043385
14.81	0.027281
14.82	0.0058834
14.83	-0.00034867
14.84	0.013737
14.85	0.045061
14.86	0.071441
14.87	0.077031
14.88	0.072926
14.89	0.058944
14.9	0.039675
14.91	0.023769
14.92	0.012903
14.93	0.0036515
14.94	0.0049667
14.95	0.011109
14.96	0.015812
14.97	0.02029
14.98	0.023264
14.99	0.024389
15	0.024272
15.01	0.015652
15.02	0.008098
15.03	-0.0022806
15.04	-0.0073531
15.05	-0.0094624
15.06	-0.013921
15.07	-0.010499
15.08	-0.0044677
15.09	-0.00028032
15.1	-0.0048873
15.11	-0.013135
15.12	-0.02327
15.13	-0.033389
15.14	-0.034242
15.15	-0.030612
15.16	-0.027474
15.17	-0.028501
15.18	-0.026235
15.19	-0.018314
15.2	0.0037126
15.21	0.019281
15.22	0.022963
15.23	0.011991
15.24	0.0069496
15.25	0.0060986
15.26	0.0078489
15.27	0.011787
15.28	0.010101
15.29	0.010783
15.3	0.013715
15.31	0.016333
15.32	0.012352
15.33	0.0018508
15.34	-0.012169
15.35	-0.024054
15.36	-0.034047
15.37	-0.045009
15.38	-0.059848
15.39	-0.069558
15.4	-0.07291
15.41	-0.072749
15.42	-0.067697
15.43	-0.061239
15.44	-0.055321
15.45	-0.055527
15.46	-0.057818
15.47	-0.053685
15.48	-0.038235
15.49	-0.015622
15.5	0.007104
15.51	0.020709
15.52	0.029131
15.53	0.028377
15.54	0.022541
15.55	0.019605
15.56	0.024257
15.57	0.037845
15.58	0.052826
15.59	0.060053
15.6	0.057402
15.61	0.048587
15.62	0.028971
15.63	0.0056592
15.64	-0.021748
15.65	-0.039207
15.66	-0.042405
15.67	-0.044699
15.68	-0.038781
15.69	-0.031305
15.7	-0.014822
15.71	0.0025151
15.72	0.015578
15.73	0.021605
15.74	0.024858
15.75	0.034104
15.76	0.044632
15.77	0.048614
15.78	0.040823
15.79	0.032617
15.8	0.03096
15.81	0.038028
15.82	0.055509
15.83	0.076251
15.84	0.096606
15.85	0.10695
15.86	0.1114
15.87	0.11198
15.88	0.10095
15.89	0.082228
15.9	0.057404
15.91	0.021758
15.92	-0.015974
15.93	-0.03259
15.94	-0.039489
15.95	-0.045282
15.96	-0.046419
15.97	-0.04396
15.98	-0.044029
15.99	-0.033654
16	-0.01372
16.01	0.0029178
16.02	0.020407
16.03	0.037877
16.04	0.058103
16.05	0.075369
16.06	0.087963
16.07	0.098203
16.08	0.097573
16.09	0.085149
16.1	0.069651
16.11	0.062107
16.12	0.057797
16.13	0.053715
16.14	0.044883
16.15	0.038272
16.16	0.023507
16.17	5.7545e-05
16.18	-0.036726
16.19	-0.072418
16.2	-0.10354
16.21	-0.13278
16.22	-0.15832
16.23	-0.18045
16.24	-0.19363
16.25	-0.19223
16.26	-0.17806
16.27	-0.15576
16.28	-0.12869
16.29	-0.10237
16.3	-0.078367
16.31	-0.061546
16.32	-0.054603
16.33	-0.051835
16.34	-0.046143
16.35	-0.036772
16.36	-0.028039
16.37	-0.025798
16.38	-0.025756
16.39	-0.020604
16.4	-0.0077146
16.41	0.011511
16.42	0.034144
16.43	0.048352
16.44	0.054101
16.45	0.063357
16.46	0.076366
16.47	0.083214
16.48	0.081405
16.49	0.072851
16.5	0.054947
16.51	0.030411
16.52	0.0065822
16.53	-0.010023
16.54	-0.02356
16.55	-0.033152
16.56	-0.04225
16.57	-0.043432
16.58	-0.026156
16.59	-0.0020816
16.6	0.014324
16.61	0.018103
16.62	0.012523
16.63	0.0073906
16.64	0.0017607
16.65	0.0030982
16.66	0.01478
16.67	0.023029
16.68	0.023525
16.69	0.027071
16.7	0.038296
16.71	0.055602
16.72	0.068397
16.73	0.067563
16.74	0.061561
16.75	0.051142
16.76	0.032614
16.77	0.0096215
16.78	-0.012988
16.79	-0.021237
16.8	-0.024098
16.81	-0.034103
16.82	-0.045237
16.83	-0.05354
16.84	-0.062033
16.85	-0.071652
16.86	-0.075928
16.87	-0.077189
16.88	-0.070893
16.89	-0.062493
16.9	-0.045963
16.91	-0.021152
16.92	0.0044342
16.93	0.022632
16.94	0.030841
16.95	0.036302
16.96	0.043102
16.97	0.049493
16.98	0.058019
16.99	0.064723
17	0.067198
17.01	0.066752
17.02	0.060502
17.03	0.049747
17.04	0.042339
17.05	0.033241
17.06	0.020805
17.07	0.0057151
17.08	-0.010865
17.09	-0.023878
17.1	-0.030127
17.11	-0.03136
17.12	-0.035581
17.13	-0.04247
17.14	-0.051481
17.15	-0.061453
17.16	-0.065586
17.17	-0.06304
17.18	-0.055239
17.19	-0.048313
17.2	-0.030647
17.21	-0.0075804
17.22	0.02105
17.23	0.048208
17.24	0.068256
17.25	0.074058
17.26	0.076246
17.27	0.074192
17.28	0.071791
17.29	0.07015
17.3	0.06597
17.31	0.064197
17.32	0.064699
17.33	0.061747
17.34	0.058543
17.35	0.051766
17.36	0.040659
17.37	0.025367
17.38	0.0052913
17.39	-0.0097969
17.4	-0.013499
17.41	-0.012827
17.42	-0.010567
17.43	-0.01476
17.44	-0.027986
17.45	-0.049981
17.46	-0.076335
17.47	-0.093602
17.48	-0.10072
17.49	-0.099204
17.5	-0.095738
17.51	-0.093432
17.52	-0.09352
17.53	-0.093509
17.54	-0.092005
17.55	-0.087247
17.56	-0.079627
17.57	-0.069715
17.58	-0.058491
17.59	-0.041479
17.6	-0.003674
17.61	0.037607
17.62	0.074909
17.63	0.097408
17.64	0.097065
17.65	0.087972
17.66	0.078371
17.67	0.072021
17.68	0.062835
17.69	0.061199
17.7	0.061791
17.71	0.069773
17.72	0.0755
17.73	0.079297
17.74	0.07929
17.75	0.077114
17.76	0.070266
17.77	0.062532
17.78	0.047167
17.79	0.032746
17.8	0.014597
17.81	-0.0067264
17.82	-0.036776
17.83	-0.0557
17.84	-0.053496
17.85	-0.04224
17.86	-0.026183
17.87	-0.014848
17.88	-0.016149
17.89	-0.022796
17.9	-0.024433
17.91	-0.020701
17.92	-0.014153
17.93	-0.0041105
17.94	0.0041459
17.95	0.0092265
17.96	0.010243
17.97	0.0071199
17.98	-0.0031967
17.99	-0.016216
18	-0.017431
18.01	-0.016106
18.02	-0.008913
18.03	-0.00045339
18.04	0.0095624
18.05	0.020582
18.06	0.032838
18.07	0.051139
18.08	0.066252
18.09	0.067256
18.1	0.059528
18.11	0.049778
18.12	0.044775
18.13	0.048127
18.14	0.045887
18.15	0.037183
18.16	0.017961
18.17	-0.012355
18.18	-0.049545
18.19	-0.084215
18.2	-0.11443
18.21	-0.12957
18.22	-0.13634
18.23	-0.13601
18.24	-0.12568
18.25	-0.11189
18.26	-0.087887
18.27	-0.056494
18.28	-0.028316
18.29	-0.0030798
18.3	0.015186
18.31	0.032635
18.32	0.043738
18.33	0.048797
18.34	0.05035
18.35	0.04837
18.36	0.042656
18.37	0.032797
18.38	0.022008
18.39	0.01012
18.4	-0.010235
18.41	-0.046525
18.42	-0.064728
18.43	-0.069948
18.44	-0.075603
18.45	-0.076595
18.46	-0.077216
18.47	-0.075718
18.48	-0.071272
18.49	-0.064107
18.5	-0.054363
18.51	-0.043398
18.52	-0.030005
18.53	-0.0084552
18.54	0.021564
18.55	0.046154
18.56	0.060019
18.57	0.066022
18.58	0.075357
18.59	0.077135
18.6	0.076253
18.61	0.067567
18.62	0.053973
18.63	0.037161
18.64	0.024037
18.65	0.019105
18.66	0.012907
18.67	0.0053449
18.68	0.00060644
18.69	-0.006116
18.7	-0.0066441
18.71	-0.0088436
18.72	-0.020141
18.73	-0.037967
18.74	-0.049247
18.75	-0.062183
18.76	-0.069919
18.77	-0.074778
18.78	-0.078481
18.79	-0.071674
18.8	-0.059454
18.81	-0.046646
18.82	-0.036166
18.83	-0.026362
18.84	-0.01518
18.85	0.0034475
18.86	0.025905
18.87	0.052081
18.88	0.073583
18.89	0.089423
18.9	0.099576
18.91	0.10527
18.92	0.1042
18.93	0.097473
18.94	0.085997
18.95	0.068488
18.96	0.049198
18.97	0.026937
18.98	0.01207
18.99	0.0076594
19	0.013089
19.01	0.018075
19.02	0.020689
19.03	0.023662
19.04	0.026903
19.05	0.032116
19.06	0.043342
19.07	0.04607
19.08	0.040408
19.09	0.025102
19.1	0.010146
19.11	0.0044073
19.12	0.0031547
19.13	0.0019402
19.14	-0.0037685
19.15	-0.015949
19.16	-0.02367
19.17	-0.022484
19.18	-0.014326
19.19	-0.0024782
19.2	0.012994
19.21	0.028894
19.22	0.047678
19.23	0.057355
19.24	0.057988
19.25	0.05299
19.26	0.038479
19.27	0.023496
19.28	0.0033292
19.29	-0.025545
19.3	-0.049691
19.31	-0.06685
19.32	-0.08216
19.33	-0.099024
19.34	-0.11119
19.35	-0.10898
19.36	-0.090505
19.37	-0.058574
19.38	-0.026124
19.39	-0.00097963
19.4	0.0056142
19.41	0.006254
19.42	0.006222
19.43	-0.00069981
19.44	-0.0090963
19.45	-0.018773
19.46	-0.024578
19.47	-0.021366
19.48	-0.0078177
19.49	0.011406
19.5	0.031979
19.51	0.055644
19.52	0.074476
19.53	0.083462
19.54	0.086222
19.55	0.077003
19.56	0.06134
19.57	0.051157
19.58	0.045019
19.59	0.038219
19.6	0.0324
19.61	0.024186
19.62	0.010921
19.63	-0.003738
19.64	-0.025173
19.65	-0.053181
19.66	-0.073542
19.67	-0.08622
19.68	-0.09627
19.69	-0.099486
19.7	-0.094734
19.71	-0.082399
19.72	-0.067441
19.73	-0.041053
19.74	-0.012095
19.75	0.013652
19.76	0.034939
19.77	0.041426
19.78	0.037464
19.79	0.033719
19.8	0.030418
19.81	0.02856
19.82	0.032696
19.83	0.032136
19.84	0.033248
19.85	0.033143
19.86	0.030683
19.87	0.02685
19.88	0.016878
19.89	-0.0066274
19.9	-0.038052
19.91	-0.063514
19.92	-0.072004
19.93	-0.068565
19.94	-0.05928
19.95	-0.051896
19.96	-0.04117
19.97	-0.033656
19.98	-0.024463
19.99	-0.016676
20	-0.016019
20.01	-0.013975
20.02	-0.013267
20.03	-0.0065125
20.04	0.006613
20.05	0.020266
20.06	0.025402
20.07	0.026917
20.08	0.024933
20.09	0.018307
20.1	0.012486
20.11	0.010879
20.12	0.0096447
20.13	0.010726
20.14	0.0064147
20.15	-0.0037052
20.16	-0.0093962
20.17	-0.0090328
20.18	-0.0059095
20.19	0.0013899
20.2	0.0014898
20.21	-0.00040433
20.22	-0.009335
20.23	-0.01548
20.24	-0.021628
20.25	-0.023914
20.26	-0.027988
20.27	-0.038451
20.28	-0.056153
20.29	-0.069325
20.3	-0.073797
20.31	-0.067474
20.32	-0.056339
20.33	-0.044998
20.34	-0.036497
20.35	-0.027606
20.36	-0.016189
20.37	-0.0086214
20.38	-0.0018741
20.39	0.007647
20.4	0.014166
20.41	0.023133
20.42	0.033716
20.43	0.042311
20.44	0.052316
20.45	0.065082
20.46	0.069304
20.47	0.06854
20.48	0.067199
20.49	0.058578
20.5	0.051391
20.51	0.047972
20.52	0.043096
20.53	0.034503
20.54	0.019817
20.55	0.0054596
20.56	-0.005197
20.57	-0.011608
20.58	-0.0090394
20.59	-0.0042818
20.6	-0.0019863
20.61	-0.0013915
20.62	0.0041885
20.63	0.0065183
20.64	0.0059201
20.65	0.0056305
20.66	0.0068558
20.67	0.0074671
20.68	0.0066731
20.69	0.01276
20.7	0.021948
20.71	0.030492
20.72	0.039631
20.73	0.046059
20.74	0.045381
20.75	0.045184
20.76	0.04852
20.77	0.05221
20.78	0.051484
20.79	0.043931
20.8	0.041079
20.81	0.039326
20.82	0.034418
20.83	0.024804
20.84	0.012978
20.85	-0.0034499
20.86	-0.015366
20.87	-0.024455
20.88	-0.028588
20.89	-0.034244
20.9	-0.041548
20.91	-0.050137
20.92	-0.05945
20.93	-0.064146
20.94	-0.064313
20.95	-0.061223
20.96	-0.05633
20.97	-0.052305
20.98	-0.047739
20.99	-0.048537
21	-0.050104
21.01	-0.053528
21.02	-0.058218
21.03	-0.063846
21.04	-0.064042
21.05	-0.057577
21.06	-0.04424
21.07	-0.026172
21.08	-8.0528e-05
21.09	0.030645
21.1	0.056961
21.11	0.069247
21.12	0.075783
21.13	0.073682
21.14	0.067535
21.15	0.062324
21.16	0.05609
21.17	0.044809
21.18	0.030754
21.19	0.018426
21.2	0.0078315
21.21	0.0013052
21.22	-0.0069367
21.23	-0.015726
21.24	-0.022261
21.25	-0.028869
21.26	-0.028562
21.27	-0.020948
21.28	-0.017497
21.29	-0.019854
21.3	-0.020945
21.31	-0.024282
21.32	-0.026329
21.33	-0.023687
21.34	-0.025734
21.35	-0.028772
21.36	-0.027316
21.37	-0.030041
21.38	-0.029664
21.39	-0.022261
21.4	-0.0070883
21.41	0.011422
21.42	0.032878
21.43	0.050018
21.44	0.057201
21.45	0.05954
21.46	0.058337
21.47	0.054747
21.48	0.050374
21.49	0.046213
21.5	0.042171
21.51	0.038304
21.52	0.033585
21.53	0.025555
21.54	0.017486
21.55	0.0036976
21.56	-0.012852
21.57	-0.028724
21.58	-0.034251
21.59	-0.032887
21.6	-0.030188
21.61	-0.018372
21.62	-0.0034625
21.63	0.011002
21.64	0.019207
21.65	0.023138
21.66	0.024241
21.67	0.028631
21.68	0.029728
21.69	0.032025
21.7	0.033563
21.71	0.02976
21.72	0.02634
21.73	0.016117
21.74	0.0018813
21.75	-0.020959
21.76	-0.039909
21.77	-0.048304
21.78	-0.050364
21.79	-0.036857
21.8	-0.014841
21.81	-5.7583e-06
21.82	0.0078633
21.83	0.01452
21.84	0.019914
21.85	0.022205
21.86	0.019692
21.87	0.011785
21.88	0.002259
21.89	-0.0022532
21.9	-0.005549
21.91	-0.012723
21.92	-0.021146
21.93	-0.027783
21.94	-0.027388
21.95	-0.02608
21.96	-0.020066
21.97	-0.017265
21.98	-0.018682
21.99	-0.018014
22	-0.014213
22.01	-0.0079984
22.02	0.0012188
22.03	0.010592
22.04	0.014034
22.05	0.0096102
22.06	-0.0034141
22.07	-0.016456
22.08	-0.023431
22.09	-0.020868
22.1	-0.015306
22.11	-0.0050663
22.12	0.0026632
22.13	0.0061376
22.14	0.0062908
22.15	0.0036971
22.16	7.3863e-06
22.17	-0.0036131
22.18	-0.011659
22.19	-0.01544
22.2	-0.01525
22.21	-0.015218
22.22	-0.015895
22.23	-0.022339
22.24	-0.029318
22.25	-0.036109
22.26	-0.044685
22.27	-0.043
22.28	-0.043759
22.29	-0.041433
22.3	-0.03584
22.31	-0.027661
22.32	-0.022648
22.33	-0.013155
22.34	-0.0071032
22.35	-0.0020983
22.36	0.0019721
22.37	0.0077506
22.38	0.0095214
22.39	0.017175
22.4	0.021566
22.41	0.02176
22.42	0.019764
22.43	0.013353
22.44	0.0058718
22.45	0.0030781
22.46	-0.0031426
22.47	-0.006635
22.48	-0.011728
22.49	-0.015299
22.5	-0.013905
22.51	-0.018213
22.52	-0.019361
22.53	-0.017069
22.54	-0.015722
22.55	-0.010504
22.56	-0.006116
22.57	-0.0022872
22.58	0.0053842
22.59	0.01219
22.6	0.01673
22.61	0.026813
22.62	0.037251
22.63	0.044661
22.64	0.052171
22.65	0.05952
22.66	0.064309
22.67	0.066398
22.68	0.065445
22.69	0.056987
22.7	0.047514
22.71	0.038842
22.72	0.027274
22.73	0.011442
22.74	-0.0016647
22.75	-0.010114
22.76	-0.016338
22.77	-0.022965
22.78	-0.030688
22.79	-0.034334
22.8	-0.025781
22.81	-0.018624
22.82	-0.010933
22.83	-0.0032424
22.84	-0.0027776
22.85	-0.008597
22.86	-0.012272
22.87	-0.013982
22.88	-0.015586
22.89	-0.015134
22.9	-0.012485
22.91	-0.0039217
22.92	0.0052504
22.93	0.015976
22.94	0.025057
22.95	0.030587
22.96	0.031773
22.97	0.033585
22.98	0.036503
22.99	0.036236
23	0.038381
23.01	0.039633
23.02	0.036747
23.03	0.030617
23.04	0.022034
23.05	0.012092
23.06	-0.000424
23.07	-0.011449
23.08	-0.01932
23.09	-0.023923
23.1	-0.029187
23.11	-0.03431
23.12	-0.038462
23.13	-0.040197
23.14	-0.039775
23.15	-0.035333
23.16	-0.026953
23.17	-0.019995
23.18	-0.016597
23.19	-0.013445
23.2	-0.0065795
23.21	0.0030034
23.22	0.010504
23.23	0.01475
23.24	0.01153
23.25	0.0068711
23.26	0.0050542
23.27	0.0017277
23.28	-0.0046837
23.29	-0.010573
23.3	-0.017035
23.31	-0.016488
23.32	-0.012299
23.33	-0.0050442
23.34	-0.0020313
23.35	0.00095285
23.36	0.0041927
23.37	0.0079442
23.38	0.010454
23.39	0.013705
23.4	0.015885
23.41	0.014687
23.42	0.0093295
23.43	0.0045445
23.44	-0.00036005
23.45	-0.0031179
23.46	-0.0038543
23.47	-0.0026894
23.48	-0.0016623
23.49	0.0040329
23.5	0.009549
23.51	0.012648
23.52	0.01543
23.53	0.017293
23.54	0.015843
23.55	0.010687
23.56	0.0031074
23.57	-0.0034077
23.58	-0.0060983
23.59	-0.0049414
23.6	-0.0018146
23.61	0.0034593
23.62	0.0076694
23.63	0.010255
23.64	0.010698
23.65	0.010782
23.66	0.0090957
23.67	0.0067511
23.68	0.004027
23.69	-0.0029349
23.7	-0.010747
23.71	-0.019337
23.72	-0.026087
23.73	-0.029035
23.74	-0.028785
23.75	-0.023638
23.76	-0.017983
23.77	-0.01209
23.78	-0.007012
23.79	-0.0013373
23.8	0.0063649
23.81	0.011906
23.82	0.014224
23.83	0.012894
23.84	0.0094292
23.85	0.0060819
23.86	0.0012283
23.87	-0.0044487
23.88	-0.0097541
23.89	-0.016319
23.9	-0.020547
23.91	-0.021374
23.92	-0.020022
23.93	-0.017556
23.94	-0.015427
23.95	-0.01388
23.96	-0.011497
23.97	-0.010054
23.98	-0.0092859
23.99	-0.0079709
24	-0.0055253
24.01	-0.0014465
24.02	0.002786
24.03	0.0066272
24.04	0.009237
24.05	0.010063
24.06	0.011276
24.07	0.011569
24.08	0.01245
24.09	0.012743
24.1	0.01298
24.11	0.012832
24.12	0.012631
24.13	0.011163
24.14	0.0095013
24.15	0.0081684
24.16	0.0067413
24.17	0.0051339
24.18	0.0032112
24.19	0.0018553
24.2	0.00041888
24.21	-0.0013962
24.22	-0.003244
24.23	-0.0044272
24.24	-0.0049982
24.25	-0.0045409
24.26	-0.0038051
24.27	-0.0032964
24.28	-0.0023058
24.29	-0.001027
24.3	0.00061384
24.31	0.001748
24.32	0.0025093
24.33	0.0025662
24.34	0.001982
24.35	0.0014403
24.36	0.00098702
24.37	0.00058848
24.38	0.00037797
24.39	0.00011033
24.4	-0.00015767
24.41	-0.00026535
24.42	-0.00053495
24.43	-0.00091206
24.44	-0.0014773
24.45	-0.0021488
24.46	-0.0026188
24.47	-0.0026723
24.48	-0.0024376
24.49	-0.0021409
24.5	-0.0018456
24.51	-0.00157
24.52	-0.001312
24.53	-0.0010799
24.54	-0.00094481
24.55	-0.00078388
24.56	-0.00056092
24.57	-0.00040023
24.58	-0.00016323
24.59	8.1954e-05
24.6	0.00026361
24.61	0.00034918
24.62	0.00041245
24.63	0.00042524
24.64	0.00042121
24.65	0.00044096
24.66	0.00044314
24.67	0.0004127
24.68	0.00038002
24.69	0.00036663
24.7	0.00039764
24.71	0.00042585
24.72	0.00045669
24.73	0.00046386
24.74	0.00046977
24.75	0.0004828
24.76	0.00049984
24.77	0.00051019
24.78	0.0005125
24.79	0.00050763
24.8	0.00049539
24.81	0.00047575
24.82	0.00045521
24.83	0.00043333
24.84	0.00040966
24.85	0.00038333
24.86	0.0003558
24.87	0.00032518
24.88	0.00029312
24.89	0.00025948
24.9	0.00022548
24.91	0.00019068
24.92	0.00015576
24.93	0.00012041
24.94	8.497e-05
24.95	4.9376e-05
24.96	1.3834e-05
24.97	-2.1608e-05
24.98	-5.6822e-05
