0	-4.2986e-06
0.01	-1.5229e-05
0.02	-2.3548e-05
0.03	-1.8669e-05
0.04	-1.4153e-06
0.05	6.8862e-06
0.06	3.2236e-05
0.07	6.0191e-05
0.08	0.00011056
0.09	0.00014397
0.1	0.00010529
0.11	4.2766e-05
0.12	2.1799e-05
0.13	-1.3704e-05
0.14	-3.5666e-05
0.15	3.102e-05
0.16	4.9846e-05
0.17	3.6323e-05
0.18	6.6545e-05
0.19	8.5148e-05
0.2	0.00037808
0.21	0.00055703
0.22	8.4212e-05
0.23	-0.00088919
0.24	-0.0019083
0.25	-0.0014851
0.26	-0.0002775
0.27	0.0012866
0.28	0.0020316
0.29	0.00086137
0.3	-0.0031524
0.31	-0.0057031
0.32	-0.0029119
0.33	0.0029787
0.34	0.0046475
0.35	0.00091717
0.36	-0.001866
0.37	0.00016951
0.38	0.0047547
0.39	0.0072228
0.4	0.01016
0.41	0.010633
0.42	0.0076802
0.43	0.0028735
0.44	-0.0014927
0.45	-0.0030119
0.46	-0.000302
0.47	0.0011313
0.48	-0.000505
0.49	-0.0044005
0.5	-0.0042387
0.51	-0.0010695
0.52	-0.00089035
0.53	-0.0039496
0.54	-0.0070525
0.55	-0.0060453
0.56	-0.0065543
0.57	-0.010145
0.58	-0.012336
0.59	-0.011352
0.6	-0.0078423
0.61	9.7871e-05
0.62	0.019245
0.63	0.032599
0.64	0.03057
0.65	0.015038
0.66	-0.01756
0.67	-0.030859
0.68	-0.004153
0.69	0.022841
0.7	0.024212
0.71	0.0077098
0.72	-0.0098585
0.73	-0.0088779
0.74	-0.0018903
0.75	-0.0054026
0.76	-0.01197
0.77	-0.0089788
0.78	-0.001586
0.79	0.00034705
0.8	0.0036386
0.81	0.01937
0.82	0.031318
0.83	0.019424
0.84	-0.0038463
0.85	-0.01377
0.86	-0.0096394
0.87	-0.0096874
0.88	-0.023425
0.89	-0.032395
0.9	-0.023434
0.91	-0.0049257
0.92	0.0022929
0.93	0.0022054
0.94	0.0037807
0.95	0.011811
0.96	0.021316
0.97	0.022201
0.98	0.0078769
0.99	-0.013992
1	-0.026544
1.01	-0.02707
1.02	-0.0041976
1.03	0.028822
1.04	0.04403
1.05	0.040234
1.06	0.012713
1.07	-0.024244
1.08	-0.032107
1.09	-0.016055
1.1	-0.013836
1.11	-0.027972
1.12	-0.043269
1.13	-0.047116
1.14	-0.031252
1.15	-0.0067253
1.16	0.018878
1.17	0.047955
1.18	0.062149
1.19	0.058125
1.2	0.035439
1.21	0.0095188
1.22	0.0071292
1.23	0.018625
1.24	0.020225
1.25	0.0055028
1.26	-0.00086183
1.27	-0.00028288
1.28	0.0079861
1.29	0.0255
1.3	0.024313
1.31	-0.022282
1.32	-0.084219
1.33	-0.12681
1.34	-0.087422
1.35	0.0019563
1.36	0.06066
1.37	0.070152
1.38	0.048909
1.39	0.011599
1.4	-0.028437
1.41	-0.057213
1.42	-0.070025
1.43	-0.067195
1.44	-0.05991
1.45	-0.028656
1.46	0.019429
1.47	0.055382
1.48	0.048152
1.49	0.0017932
1.5	-0.075039
1.51	-0.10442
1.52	-0.048733
1.53	0.014847
1.54	0.027651
1.55	0.026486
1.56	0.028476
1.57	0.035264
1.58	0.046893
1.59	0.052918
1.6	0.051956
1.61	0.041769
1.62	0.0064106
1.63	-0.054145
1.64	-0.074914
1.65	-0.014793
1.66	0.046285
1.67	0.0587
1.68	0.045836
1.69	0.012215
1.7	-0.038544
1.71	-0.069992
1.72	-0.062147
1.73	-0.037135
1.74	-0.0065676
1.75	0.010801
1.76	0.015543
1.77	0.022286
1.78	0.025828
1.79	0.028505
1.8	0.040836
1.81	0.047717
1.82	0.042573
1.83	0.027517
1.84	0.014825
1.85	0.0062352
1.86	0.0051592
1.87	0.013373
1.88	0.017931
1.89	0.011564
1.9	-0.0031667
1.91	-0.026308
1.92	-0.021594
1.93	0.010399
1.94	0.027269
1.95	0.017788
1.96	-0.0066185
1.97	-0.013641
1.98	1.1586e-05
1.99	0.012381
2	0.019749
2.01	0.019775
2.02	0.027412
2.03	0.02235
2.04	-0.0013637
2.05	-0.046607
2.06	-0.069444
2.07	-0.065349
2.08	-0.045832
2.09	-0.027146
2.1	-0.024531
2.11	-0.025921
2.12	-0.00090219
2.13	0.046989
2.14	0.054912
2.15	0.020638
2.16	-0.020153
2.17	-0.045401
2.18	-0.060178
2.19	-0.05101
2.2	0.017018
2.21	0.07219
2.22	0.08689
2.23	0.078174
2.24	0.04066
2.25	0.024739
2.26	0.021815
2.27	-0.0083397
2.28	-0.095781
2.29	-0.13665
2.3	-0.12479
2.31	-0.072196
2.32	0.034098
2.33	0.11372
2.34	0.13833
2.35	0.093406
2.36	-0.0088114
2.37	-0.095438
2.38	-0.1232
2.39	-0.10869
2.4	-0.08221
2.41	-0.014998
2.42	0.068667
2.43	0.12293
2.44	0.12864
2.45	0.10171
2.46	0.072253
2.47	0.010861
2.48	-0.088364
2.49	-0.14657
2.5	-0.13087
2.51	-0.035873
2.52	0.046585
2.53	0.063025
2.54	0.016491
2.55	-0.032176
2.56	-0.0099122
2.57	0.040656
2.58	0.05926
2.59	0.038745
2.6	0.012411
2.61	-0.013728
2.62	-0.028439
2.63	0.0055635
2.64	0.058472
2.65	0.077411
2.66	0.064387
2.67	0.041712
2.68	0.014044
2.69	0.0012607
2.7	0.010679
2.71	0.02326
2.72	0.029206
2.73	0.010663
2.74	-0.041711
2.75	-0.078146
2.76	-0.081048
2.77	-0.050106
2.78	-0.0028498
2.79	0.038856
2.8	0.039136
2.81	0.013676
2.82	-0.0068306
2.83	0.0051716
2.84	0.035391
2.85	0.04306
2.86	0.025444
2.87	-0.0014773
2.88	-0.0098567
2.89	0.0002019
2.9	0.01737
2.91	0.021568
2.92	0.019321
2.93	0.017508
2.94	-0.001464
2.95	-0.058143
2.96	-0.099605
2.97	-0.090627
2.98	-0.040286
2.99	0.023659
3	0.041872
3.01	0.038858
3.02	0.0071518
3.03	-0.039025
3.04	-0.043001
3.05	-0.011289
3.06	0.0055704
3.07	-0.0096353
3.08	-0.030959
3.09	-0.030247
3.1	-0.011946
3.11	0.0096728
3.12	0.031945
3.13	0.047208
3.14	0.044109
3.15	0.026915
3.16	-0.030615
3.17	-0.06481
3.18	-0.04231
3.19	-0.011356
3.2	-0.012567
3.21	-0.041307
3.22	-0.051549
3.23	-0.039251
3.24	-0.02879
3.25	-0.028647
3.26	-0.028856
3.27	-0.032647
3.28	-0.024935
3.29	-0.0048421
3.3	0.039098
3.31	0.097623
3.32	0.12298
3.33	0.12589
3.34	0.1004
3.35	0.046656
3.36	-0.045248
3.37	-0.095404
3.38	-0.075848
3.39	-0.03188
3.4	-0.023052
3.41	-0.036382
3.42	-0.034089
3.43	0.028604
3.44	0.096851
3.45	0.12328
3.46	0.12599
3.47	0.078754
3.48	0.0052204
3.49	-0.069468
3.5	-0.073385
3.51	-0.026843
3.52	0.030559
3.53	0.058702
3.54	0.03647
3.55	-0.018007
3.56	-0.05789
3.57	-0.04017
3.58	0.0053322
3.59	0.013732
3.6	-0.011413
3.61	-0.090678
3.62	-0.15703
3.63	-0.17639
3.64	-0.078094
3.65	0.076492
3.66	0.17469
3.67	0.12142
3.68	-0.0037275
3.69	-0.080408
3.7	-0.07669
3.71	-0.032437
3.72	0.010971
3.73	0.022968
3.74	0.0010247
3.75	-0.021341
3.76	-0.019519
3.77	-0.0075132
3.78	0.019409
3.79	0.039669
3.8	0.023783
3.81	-0.044251
3.82	-0.09078
3.83	-0.073819
3.84	-0.012075
3.85	0.019302
3.86	0.019005
3.87	0.0058896
3.88	-0.0027496
3.89	0.015535
3.9	0.053801
3.91	0.062953
3.92	0.041767
3.93	-0.010275
3.94	-0.044093
3.95	-0.034155
3.96	0.017966
3.97	0.062708
3.98	0.077514
3.99	0.068041
4	0.047923
4.01	-0.01724
4.02	-0.092618
4.03	-0.12497
4.04	-0.11154
4.05	-0.06329
4.06	-0.0036546
4.07	0.031311
4.08	0.052451
4.09	0.073168
4.1	0.080536
4.11	0.072985
4.12	0.047816
4.13	-0.01762
4.14	-0.086586
4.15	-0.10499
4.16	-0.061272
4.17	0.010261
4.18	0.04081
4.19	0.041123
4.2	0.04991
4.21	0.060014
4.22	0.056444
4.23	0.017746
4.24	-0.046537
4.25	-0.11567
4.26	-0.14336
4.27	-0.12936
4.28	0.0015793
4.29	0.12304
4.3	0.13087
4.31	0.097818
4.32	0.043153
4.33	0.025893
4.34	0.055233
4.35	0.089847
4.36	0.08353
4.37	0.041296
4.38	0.026893
4.39	0.066329
4.4	0.13842
4.41	0.21169
4.42	0.23435
4.43	0.22084
4.44	0.20818
4.45	0.23944
4.46	0.27654
4.47	0.25868
4.48	0.18963
4.49	0.071263
4.5	-0.070488
4.51	-0.20528
4.52	-0.33713
4.53	-0.45124
4.54	-0.52276
4.55	-0.56651
4.56	-0.58972
4.57	-0.58305
4.58	-0.54131
4.59	-0.47304
4.6	-0.37375
4.61	-0.24075
4.62	-0.10185
4.63	0.03144
4.64	0.14266
4.65	0.24827
4.66	0.29493
4.67	0.28643
4.68	0.27513
4.69	0.25611
4.7	0.20668
4.71	0.15486
4.72	0.11028
4.73	0.071103
4.74	0.07845
4.75	0.13093
4.76	0.18944
4.77	0.15752
4.78	0.022217
4.79	-0.11409
4.8	-0.18703
4.81	-0.21313
4.82	-0.2257
4.83	-0.2064
4.84	-0.059335
4.85	0.12069
4.86	0.19463
4.87	0.15805
4.88	0.081958
4.89	0.029441
4.9	0.036646
4.91	0.073352
4.92	0.07755
4.93	0.036696
4.94	-0.037848
4.95	-0.089949
4.96	-0.13453
4.97	-0.19249
4.98	-0.27391
4.99	-0.2896
5	-0.2102
5.01	0.021177
5.02	0.27179
5.03	0.4685
5.04	0.49497
5.05	0.39282
5.06	0.24005
5.07	0.14368
5.08	0.1063
5.09	0.072318
5.1	0.040614
5.11	-0.027071
5.12	-0.044586
5.13	-0.017135
5.14	0.0063262
5.15	0.014752
5.16	-0.026887
5.17	-0.092823
5.18	-0.15838
5.19	-0.21421
5.2	-0.23824
5.21	-0.22071
5.22	-0.16696
5.23	-0.092678
5.24	0.0010215
5.25	0.088777
5.26	0.17345
5.27	0.25143
5.28	0.30735
5.29	0.35814
5.3	0.39448
5.31	0.40678
5.32	0.38012
5.33	0.3289
5.34	0.29404
5.35	0.26306
5.36	0.15156
5.37	-0.05878
5.38	-0.25772
5.39	-0.45499
5.4	-0.57655
5.41	-0.58917
5.42	-0.58255
5.43	-0.57401
5.44	-0.57708
5.45	-0.58035
5.46	-0.55249
5.47	-0.3953
5.48	-0.17011
5.49	0.042659
5.5	0.24354
5.51	0.39836
5.52	0.46871
5.53	0.447
5.54	0.33709
5.55	0.18137
5.56	0.10187
5.57	0.073527
5.58	0.078096
5.59	0.11598
5.6	0.1616
5.61	0.1477
5.62	0.092007
5.63	0.057285
5.64	0.042708
5.65	0.052785
5.66	0.036258
5.67	-0.034732
5.68	-0.11278
5.69	-0.14988
5.7	-0.14095
5.71	-0.096456
5.72	-0.027877
5.73	-0.0076507
5.74	-0.051979
5.75	-0.15345
5.76	-0.23866
5.77	-0.32314
5.78	-0.37154
5.79	-0.39868
5.8	-0.42795
5.81	-0.43119
5.82	-0.36208
5.83	-0.19333
5.84	0.042572
5.85	0.22679
5.86	0.39924
5.87	0.46991
5.88	0.41625
5.89	0.34121
5.9	0.27329
5.91	0.20099
5.92	0.16023
5.93	0.13741
5.94	0.10484
5.95	0.025046
5.96	-0.055687
5.97	-0.062777
5.98	0.010359
5.99	0.05557
6	0.063941
6.01	0.042862
6.02	-0.0087825
6.03	-0.094279
6.04	-0.1501
6.05	-0.1502
6.06	-0.10464
6.07	-0.050193
6.08	-0.026243
6.09	-0.012659
6.1	-0.0020477
6.11	0.019638
6.12	0.053557
6.13	0.11052
6.14	0.20142
6.15	0.29616
6.16	0.40013
6.17	0.50347
6.18	0.5109
6.19	0.45916
6.2	0.33003
6.21	0.18875
6.22	0.10006
6.23	0.038849
6.24	-0.0022499
6.25	-0.049936
6.26	-0.15407
6.27	-0.33008
6.28	-0.40822
6.29	-0.37685
6.3	-0.28078
6.31	-0.17464
6.32	-0.14101
6.33	-0.13672
6.34	-0.12368
6.35	-0.094098
6.36	-0.052412
6.37	0.0046851
6.38	0.081562
6.39	0.13352
6.4	0.14036
6.41	0.071817
6.42	0.018567
6.43	0.030729
6.44	0.079543
6.45	0.1314
6.46	0.18831
6.47	0.2103
6.48	0.2007
6.49	0.17073
6.5	0.10026
6.51	-0.034265
6.52	-0.17977
6.53	-0.33319
6.54	-0.43801
6.55	-0.46734
6.56	-0.45945
6.57	-0.41975
6.58	-0.31784
6.59	-0.20696
6.6	-0.14218
6.61	-0.095531
6.62	-0.068763
6.63	-0.048089
6.64	-0.0056872
6.65	0.050679
6.66	0.11117
6.67	0.15281
6.68	0.19205
6.69	0.1876
6.7	0.083441
6.71	-0.032545
6.72	-0.1482
6.73	-0.26503
6.74	-0.31033
6.75	-0.28339
6.76	-0.18836
6.77	0.0030659
6.78	0.14003
6.79	0.19025
6.8	0.19481
6.81	0.17889
6.82	0.15627
6.83	0.19076
6.84	0.16818
6.85	0.030277
6.86	-0.14779
6.87	-0.25641
6.88	-0.28469
6.89	-0.27323
6.9	-0.1997
6.91	-0.061926
6.92	0.040211
6.93	0.085353
6.94	0.10902
6.95	0.12354
6.96	0.13664
6.97	0.15252
6.98	0.20198
6.99	0.29083
7	0.31623
7.01	0.24921
7.02	0.15208
7.03	0.032186
7.04	-0.053439
7.05	-0.067907
7.06	-0.016051
7.07	0.044391
7.08	0.095192
7.09	0.117
7.1	0.12496
7.11	0.12952
7.12	0.13235
7.13	0.13003
7.14	0.113
7.15	0.088417
7.16	0.082501
7.17	0.084625
7.18	0.07759
7.19	-0.0081599
7.2	-0.12897
7.21	-0.25012
7.22	-0.30922
7.23	-0.30674
7.24	-0.25389
7.25	-0.10012
7.26	0.050163
7.27	0.12014
7.28	0.072276
7.29	-0.04992
7.3	-0.11862
7.31	-0.10067
7.32	-0.026034
7.33	0.053937
7.34	0.08817
7.35	0.096698
7.36	0.067696
7.37	0.018844
7.38	-0.016588
7.39	-0.046164
7.4	-0.06824
7.41	-0.067881
7.42	-0.038812
7.43	0.016037
7.44	0.043516
7.45	0.040179
7.46	0.01143
7.47	-0.049867
7.48	-0.11334
7.49	-0.098008
7.5	0.0019911
7.51	0.10774
7.52	0.19829
7.53	0.24022
7.54	0.21538
7.55	0.17967
7.56	0.13202
7.57	0.074628
7.58	-0.0054811
7.59	-0.098837
7.6	-0.14709
7.61	-0.15071
7.62	-0.1473
7.63	-0.1461
7.64	-0.14389
7.65	-0.12355
7.66	-0.06251
7.67	0.032431
7.68	0.10074
7.69	0.12046
7.7	0.086435
7.71	0.0066099
7.72	-0.056794
7.73	-0.058769
7.74	-0.032254
7.75	-0.029666
7.76	-0.070214
7.77	-0.12829
7.78	-0.17234
7.79	-0.174
7.8	-0.14815
7.81	-0.090026
7.82	-0.033834
7.83	0.0060737
7.84	0.026329
7.85	0.050257
7.86	0.080679
7.87	0.11921
7.88	0.19178
7.89	0.25915
7.9	0.25416
7.91	0.21602
7.92	0.16446
7.93	0.14609
7.94	0.15768
7.95	0.17893
7.96	0.16122
7.97	0.07266
7.98	-0.036538
7.99	-0.13651
8	-0.2269
8.01	-0.25576
8.02	-0.21024
8.03	-0.069522
8.04	0.10665
8.05	0.239
8.06	0.27299
8.07	0.24227
8.08	0.19075
8.09	0.098828
8.1	-0.024813
8.11	-0.14107
8.12	-0.22955
8.13	-0.26389
8.14	-0.25626
8.15	-0.22857
8.16	-0.19439
8.17	-0.14592
8.18	-0.082738
8.19	-0.040871
8.2	-0.050268
8.21	-0.10501
8.22	-0.14465
8.23	-0.14413
8.24	-0.11806
8.25	-0.061608
8.26	-0.011101
8.27	0.011959
8.28	0.027847
8.29	0.043454
8.3	0.050109
8.31	0.049422
8.32	0.0075336
8.33	-0.098231
8.34	-0.18145
8.35	-0.21615
8.36	-0.1991
8.37	-0.11879
8.38	-0.023034
8.39	0.014903
8.4	-0.006268
8.41	-0.046609
8.42	-0.063778
8.43	-0.057427
8.44	-0.051511
8.45	-0.036188
8.46	-0.017475
8.47	0.0017894
8.48	0.0069158
8.49	-0.012274
8.5	-0.038398
8.51	-0.038827
8.52	-0.012183
8.53	0.046811
8.54	0.14241
8.55	0.21184
8.56	0.26236
8.57	0.33192
8.58	0.35488
8.59	0.26981
8.6	0.12763
8.61	0.024314
8.62	-0.052955
8.63	-0.058716
8.64	0.0022903
8.65	0.062412
8.66	0.12232
8.67	0.1837
8.68	0.236
8.69	0.23892
8.7	0.20858
8.71	0.15596
8.72	0.091383
8.73	0.031555
8.74	-0.034641
8.75	-0.060061
8.76	-0.0078181
8.77	0.068666
8.78	0.1108
8.79	0.11078
8.8	0.064486
8.81	0.015407
8.82	-0.023946
8.83	-0.061969
8.84	-0.10515
8.85	-0.1417
8.86	-0.20204
8.87	-0.27002
8.88	-0.28041
8.89	-0.23923
8.9	-0.12416
8.91	0.010306
8.92	0.087531
8.93	0.080542
8.94	0.074515
8.95	0.10394
8.96	0.11806
8.97	0.11009
8.98	0.08385
8.99	0.042578
9	0.016164
9.01	0.062207
9.02	0.10853
9.03	0.094355
9.04	0.049829
9.05	-0.057763
9.06	-0.22042
9.07	-0.31728
9.08	-0.29952
9.09	-0.24846
9.1	-0.21701
9.11	-0.22665
9.12	-0.26402
9.13	-0.29753
9.14	-0.30203
9.15	-0.26051
9.16	-0.12275
9.17	0.044782
9.18	0.11863
9.19	0.13236
9.2	0.12097
9.21	0.091324
9.22	0.045609
9.23	-0.037969
9.24	-0.13272
9.25	-0.16084
9.26	-0.12942
9.27	-0.026777
9.28	0.12288
9.29	0.26026
9.3	0.36347
9.31	0.39504
9.32	0.4052
9.33	0.4033
9.34	0.35851
9.35	0.23449
9.36	0.066058
9.37	-0.093962
9.38	-0.24733
9.39	-0.33622
9.4	-0.31611
9.41	-0.19351
9.42	-0.0070702
9.43	0.10122
9.44	0.12373
9.45	0.10312
9.46	0.047995
9.47	0.0070094
9.48	-0.00019552
9.49	0.015936
9.5	0.02229
9.51	0.015391
9.52	-0.0083843
9.53	-0.016408
9.54	0.0044051
9.55	0.017002
9.56	-0.010145
9.57	-0.067526
9.58	-0.16812
9.59	-0.25635
9.6	-0.28813
9.61	-0.27881
9.62	-0.25769
9.63	-0.21804
9.64	-0.15508
9.65	-0.031768
9.66	0.12024
9.67	0.2578
9.68	0.36972
9.69	0.42863
9.7	0.41742
9.71	0.33128
9.72	0.17759
9.73	0.01011
9.74	-0.14517
9.75	-0.2593
9.76	-0.28346
9.77	-0.25078
9.78	-0.11616
9.79	0.044573
9.8	0.18002
9.81	0.30256
9.82	0.329
9.83	0.25872
9.84	0.14034
9.85	-0.024165
9.86	-0.11527
9.87	-0.08424
9.88	-0.0046038
9.89	0.069274
9.9	0.1052
9.91	0.11767
9.92	0.07519
9.93	-0.014084
9.94	-0.1161
9.95	-0.20554
9.96	-0.29502
9.97	-0.35943
9.98	-0.38358
9.99	-0.38048
10	-0.36454
10.01	-0.3138
10.02	-0.11496
10.03	0.20187
10.04	0.32742
10.05	0.36485
10.06	0.37864
10.07	0.34207
10.08	0.26713
10.09	0.15533
10.1	0.092271
10.11	0.06527
10.12	0.035275
10.13	-0.00067503
10.14	-0.055402
10.15	-0.11811
10.16	-0.17189
10.17	-0.20086
10.18	-0.17382
10.19	-0.053247
10.2	0.087497
10.21	0.16096
10.22	0.17138
10.23	0.11763
10.24	0.09695
10.25	0.12595
10.26	0.1466
10.27	0.14126
10.28	0.114
10.29	0.079748
10.3	0.055384
10.31	0.072811
10.32	0.10451
10.33	0.053225
10.34	-0.055265
10.35	-0.14759
10.36	-0.23849
10.37	-0.31413
10.38	-0.36587
10.39	-0.35985
10.4	-0.28161
10.41	-0.057558
10.42	0.13812
10.43	0.25456
10.44	0.3391
10.45	0.34054
10.46	0.24722
10.47	0.12067
10.48	-0.0030562
10.49	-0.12325
10.5	-0.19768
10.51	-0.18883
10.52	-0.096465
10.53	0.001629
10.54	0.078215
10.55	0.081434
10.56	0.020589
10.57	-0.069598
10.58	-0.15681
10.59	-0.21746
10.6	-0.2509
10.61	-0.22816
10.62	-0.16261
10.63	-0.094431
10.64	-0.037377
10.65	-0.0055099
10.66	0.026525
10.67	0.046835
10.68	0.058854
10.69	0.091606
10.7	0.15654
10.71	0.25395
10.72	0.42973
10.73	0.52213
10.74	0.5008
10.75	0.44976
10.76	0.32488
10.77	0.15255
10.78	-0.042716
10.79	-0.23124
10.8	-0.41961
10.81	-0.55719
10.82	-0.59586
10.83	-0.54456
10.84	-0.40336
10.85	-0.18241
10.86	-0.0093287
10.87	0.13232
10.88	0.1955
10.89	0.17463
10.9	0.10716
10.91	0.02281
10.92	-0.13876
10.93	-0.25402
10.94	-0.2535
10.95	-0.15826
10.96	-0.02311
10.97	0.069291
10.98	0.099498
10.99	0.040872
11	-0.049401
11.01	-0.13826
11.02	-0.17404
11.03	-0.16096
11.04	-0.070796
11.05	0.066824
11.06	0.16149
11.07	0.19092
11.08	0.16112
11.09	0.096657
11.1	0.025598
11.11	-0.012896
11.12	0.0039859
11.13	0.033229
11.14	0.043475
11.15	0.043068
11.16	0.067013
11.17	0.1111
11.18	0.1412
11.19	0.13887
11.2	0.11042
11.21	0.076988
11.22	0.047469
11.23	-0.002061
11.24	-0.10142
11.25	-0.21904
11.26	-0.28199
11.27	-0.28449
11.28	-0.25119
11.29	-0.17214
11.3	-0.058653
11.31	0.067122
11.32	0.19087
11.33	0.28992
11.34	0.3263
11.35	0.29774
11.36	0.19758
11.37	0.089348
11.38	0.0071783
11.39	-0.047504
11.4	-0.090481
11.41	-0.1158
11.42	-0.14648
11.43	-0.17796
11.44	-0.20525
11.45	-0.20236
11.46	-0.184
11.47	-0.18161
11.48	-0.21636
11.49	-0.25202
11.5	-0.30192
11.51	-0.29223
11.52	-0.20943
11.53	-0.025095
11.54	0.13263
11.55	0.21768
11.56	0.22626
11.57	0.16331
11.58	0.09443
11.59	0.057706
11.6	0.094773
11.61	0.13908
11.62	0.17446
11.63	0.18679
11.64	0.17428
11.65	0.12633
11.66	0.062265
11.67	0.0028447
11.68	-0.037569
11.69	-0.023416
11.7	0.050654
11.71	0.15164
11.72	0.27284
11.73	0.31546
11.74	0.28475
11.75	0.23223
11.76	0.17405
11.77	0.10028
11.78	0.020783
11.79	-0.050182
11.8	-0.11943
11.81	-0.17361
11.82	-0.19848
11.83	-0.20565
11.84	-0.20442
11.85	-0.18202
11.86	-0.1362
11.87	-0.06245
11.88	0.020893
11.89	0.069023
11.9	0.085175
11.91	0.075856
11.92	0.049119
11.93	0.0091532
11.94	-0.027608
11.95	-0.046739
11.96	-0.019265
11.97	0.012968
11.98	0.021513
11.99	0.023966
12	0.043096
12.01	0.082644
12.02	0.12682
12.03	0.17012
12.04	0.19821
12.05	0.1907
12.06	0.11073
12.07	0.018281
12.08	-0.035946
12.09	-0.081024
12.1	-0.12962
12.11	-0.16501
12.12	-0.19295
12.13	-0.21237
12.14	-0.21108
12.15	-0.19511
12.16	-0.15785
12.17	-0.10342
12.18	-0.012906
12.19	0.046753
12.2	0.075569
12.21	0.092382
12.22	0.11609
12.23	0.14011
12.24	0.13865
12.25	0.12387
12.26	0.10488
12.27	0.081924
12.28	0.053389
12.29	0.020214
12.3	-0.022456
12.31	-0.071393
12.32	-0.11082
12.33	-0.1388
12.34	-0.14474
12.35	-0.11848
12.36	-0.089486
12.37	-0.056205
12.38	-0.030734
12.39	-0.014541
12.4	-0.0033257
12.41	0.0068397
12.42	0.02666
12.43	0.054396
12.44	0.081722
12.45	0.081438
12.46	0.063066
12.47	0.047083
12.48	0.050443
12.49	0.070728
12.5	0.10576
12.51	0.12976
12.52	0.11725
12.53	0.082797
12.54	0.030279
12.55	-0.018773
12.56	-0.044131
12.57	-0.055589
12.58	-0.066307
12.59	-0.081201
12.6	-0.1041
12.61	-0.10549
12.62	-0.079162
12.63	-0.037319
12.64	0.0080576
12.65	0.055481
12.66	0.084061
12.67	0.082376
12.68	0.062042
12.69	0.015182
12.7	-0.024971
12.71	-0.049159
12.72	-0.038309
12.73	-0.0086651
12.74	0.013662
12.75	0.030861
12.76	0.036521
12.77	0.027836
12.78	0.01213
12.79	-0.0043079
12.8	-0.01796
12.81	-0.028579
12.82	-0.029165
12.83	-0.030618
12.84	-0.034694
12.85	-0.02148
12.86	0.0081786
12.87	0.040442
12.88	0.061188
12.89	0.054752
12.9	0.0287
12.91	0.0077118
12.92	-0.0022632
12.93	0.0087119
12.94	0.020358
12.95	0.011892
12.96	-0.029756
12.97	-0.07182
12.98	-0.090418
12.99	-0.097751
13	-0.10673
13.01	-0.10872
13.02	-0.099615
13.03	-0.074026
13.04	-0.017008
13.05	0.041296
13.06	0.076862
13.07	0.10048
13.08	0.080642
13.09	0.023608
13.1	-0.056119
13.11	-0.12838
13.12	-0.15957
13.13	-0.17633
13.14	-0.18453
13.15	-0.17057
13.16	-0.1312
13.17	-0.072131
13.18	-0.018489
13.19	0.013125
13.2	0.026884
13.21	0.029936
13.22	0.043127
13.23	0.072596
13.24	0.090054
13.25	0.08128
13.26	-0.019993
13.27	-0.10347
13.28	-0.10372
13.29	-0.071175
13.3	-0.021569
13.31	0.022539
13.32	0.05497
13.33	0.068816
13.34	0.060734
13.35	0.045897
13.36	0.024431
13.37	-0.0083749
13.38	-0.025411
13.39	-0.0047403
13.4	0.046033
13.41	0.10908
13.42	0.14913
13.43	0.11667
13.44	0.044894
13.45	-0.0079996
13.46	-0.028674
13.47	-0.016341
13.48	0.0063994
13.49	0.025898
13.5	0.013723
13.51	-0.018204
13.52	-0.022506
13.53	0.0057179
13.54	0.032831
13.55	0.043918
13.56	0.053754
13.57	0.057494
13.58	0.051465
13.59	0.045867
13.6	0.041471
13.61	0.046268
13.62	0.064445
13.63	0.088718
13.64	0.11454
13.65	0.14669
13.66	0.16069
13.67	0.1346
13.68	0.061521
13.69	-0.037738
13.7	-0.08716
13.71	-0.068454
13.72	-0.020138
13.73	0.024633
13.74	0.048125
13.75	0.06286
13.76	0.081871
13.77	0.089254
13.78	0.070846
13.79	0.040523
13.8	0.010362
13.81	-0.021835
13.82	-0.047655
13.83	-0.070327
13.84	-0.091242
13.85	-0.11176
13.86	-0.12734
13.87	-0.12674
13.88	-0.11241
13.89	-0.09421
13.9	-0.072525
13.91	-0.04925
13.92	-0.019581
13.93	0.0065539
13.94	0.02832
13.95	0.055115
13.96	0.081313
13.97	0.092192
13.98	0.083357
13.99	0.063602
14	0.034526
14.01	-0.0081541
14.02	-0.067329
14.03	-0.11715
14.04	-0.13178
14.05	-0.11262
14.06	-0.065432
14.07	0.0041672
14.08	0.06388
14.09	0.096961
14.1	0.1168
14.11	0.12031
14.12	0.11205
14.13	0.081432
14.14	0.037365
14.15	0.013452
14.16	-0.0072784
14.17	-0.030499
14.18	-0.042455
14.19	-0.050484
14.2	-0.050948
14.21	-0.042074
14.22	-0.024188
14.23	-0.0020583
14.24	0.015962
14.25	0.019163
14.26	0.012272
14.27	0.0034961
14.28	0.0043505
14.29	0.021997
14.3	0.042511
14.31	0.039315
14.32	0.0086078
14.33	-0.058815
14.34	-0.11598
14.35	-0.15539
14.36	-0.1707
14.37	-0.17272
14.38	-0.1588
14.39	-0.14127
14.4	-0.11969
14.41	-0.099122
14.42	-0.075017
14.43	-0.056134
14.44	-0.035662
14.45	-0.012582
14.46	0.010618
14.47	0.029175
14.48	0.027883
14.49	0.01979
14.5	0.035927
14.51	0.067553
14.52	0.086558
14.53	0.10683
14.54	0.11051
14.55	0.080635
14.56	0.040833
14.57	0.0052233
14.58	-0.031626
14.59	-0.067036
14.6	-0.10134
14.61	-0.10833
14.62	-0.080456
14.63	-0.0078392
14.64	0.068966
14.65	0.11022
14.66	0.12077
14.67	0.11215
14.68	0.083783
14.69	0.04473
14.7	0.01306
14.71	-0.01597
14.72	-0.044469
14.73	-0.066821
14.74	-0.079137
14.75	-0.078218
14.76	-0.056276
14.77	-0.011035
14.78	0.025604
14.79	0.050241
14.8	0.052323
14.81	0.036556
14.82	0.018365
14.83	0.0050707
14.84	0.011374
14.85	0.0032958
14.86	-0.034684
14.87	-0.065334
14.88	-0.064404
14.89	-0.033935
14.9	0.0097948
14.91	0.050603
14.92	0.085547
14.93	0.096272
14.94	0.08723
14.95	0.068178
14.96	0.046198
14.97	0.0043586
14.98	-0.023506
14.99	-0.038666
15	-0.044093
15.01	-0.035408
15.02	-0.034381
15.03	-0.047468
15.04	-0.051481
15.05	-0.033633
15.06	-0.012947
15.07	-0.00030221
15.08	0.0094327
15.09	0.0045843
15.1	-0.0031184
15.11	0.0045692
15.12	0.010974
15.13	-0.0026311
15.14	-0.024418
15.15	-0.067501
15.16	-0.12313
15.17	-0.16073
15.18	-0.16726
15.19	-0.15958
15.2	-0.12688
15.21	-0.062258
15.22	0.0055084
15.23	0.036425
15.24	0.043576
15.25	0.031319
15.26	0.02394
15.27	0.035833
15.28	0.053695
15.29	0.068219
15.3	0.076938
15.31	0.079385
15.32	0.071325
15.33	0.060203
15.34	0.048014
15.35	0.042031
15.36	0.046957
15.37	0.059699
15.38	0.065763
15.39	0.060386
15.4	0.043859
15.41	0.019881
15.42	-0.0028398
15.43	-0.022537
15.44	-0.04747
15.45	-0.067855
15.46	-0.083263
15.47	-0.081017
15.48	-0.060441
15.49	-0.026503
15.5	-0.0036438
15.51	0.021949
15.52	0.047761
15.53	0.066334
15.54	0.081073
15.55	0.087653
15.56	0.085844
15.57	0.070101
15.58	0.046379
15.59	0.021081
15.6	-0.0051419
15.61	-0.031662
15.62	-0.04877
15.63	-0.078844
15.64	-0.08799
15.65	-0.058427
15.66	0.01667
15.67	0.07789
15.68	0.085816
15.69	0.081345
15.7	0.077453
15.71	0.081296
15.72	0.079397
15.73	0.058011
15.74	0.028835
15.75	0.00025349
15.76	-0.042283
15.77	-0.075156
15.78	-0.085295
15.79	-0.080405
15.8	-0.073075
15.81	-0.072545
15.82	-0.067411
15.83	-0.053007
15.84	0.0044389
15.85	0.077421
15.86	0.1308
15.87	0.16262
15.88	0.18064
15.89	0.14169
15.9	0.083617
15.91	0.039993
15.92	-0.00060179
15.93	-0.035364
15.94	-0.055281
15.95	-0.05593
15.96	-0.034151
15.97	0.012865
15.98	0.062443
15.99	0.097629
16	0.11484
16.01	0.11576
16.02	0.10581
16.03	0.086489
16.04	0.053842
16.05	0.020906
16.06	-0.0056905
16.07	-0.030657
16.08	-0.034984
16.09	-0.022591
16.1	-0.018262
16.11	-0.024642
16.12	-0.044535
16.13	-0.067532
16.14	-0.067973
16.15	-0.068399
16.16	-0.07661
16.17	-0.084806
16.18	-0.09624
16.19	-0.092214
16.2	-0.074191
16.21	-0.034736
16.22	0.0092251
16.23	0.035277
16.24	0.040547
16.25	0.034643
16.26	0.037825
16.27	0.048157
16.28	0.057717
16.29	0.065209
16.3	0.060099
16.31	0.045422
16.32	0.02485
16.33	0.0055938
16.34	-0.018475
16.35	-0.041562
16.36	-0.048304
16.37	-0.041887
16.38	-0.039292
16.39	-0.055957
16.4	-0.063797
16.41	-0.06194
16.42	-0.066017
16.43	-0.081725
16.44	-0.10781
16.45	-0.13559
16.46	-0.1486
16.47	-0.15022
16.48	-0.13236
16.49	-0.093941
16.5	-0.059845
16.51	-0.021561
16.52	0.016036
16.53	0.044362
16.54	0.061285
16.55	0.073608
16.56	0.079378
16.57	0.084385
16.58	0.074966
16.59	0.049629
16.6	-0.0049182
16.61	-0.044415
16.62	-0.050959
16.63	-0.036127
16.64	-0.012543
16.65	0.027111
16.66	0.041707
16.67	0.044408
16.68	0.053564
16.69	0.050035
16.7	0.04238
16.71	0.044778
16.72	0.050762
16.73	0.058544
16.74	0.05813
16.75	0.050229
16.76	0.036607
16.77	0.019712
16.78	0.0083286
16.79	-0.0051375
16.8	-0.018198
16.81	-0.026113
16.82	-0.024101
16.83	-0.012879
16.84	-0.0025885
16.85	0.013542
16.86	0.015863
16.87	-0.0050507
16.88	-0.037108
16.89	-0.07512
16.9	-0.1033
16.91	-0.11803
16.92	-0.11717
16.93	-0.1023
16.94	-0.067204
16.95	-0.0092979
16.96	0.041688
16.97	0.064289
16.98	0.064414
16.99	0.056487
17	0.046839
17.01	0.041195
17.02	0.031614
17.03	0.0037085
17.04	-0.035314
17.05	-0.065305
17.06	-0.071192
17.07	-0.06028
17.08	-0.036077
17.09	-0.0060364
17.1	0.021425
17.11	0.047745
17.12	0.062635
17.13	0.063975
17.14	0.062022
17.15	0.048545
17.16	0.024403
17.17	-0.0053886
17.18	-0.030871
17.19	-0.046171
17.2	-0.043981
17.21	-0.029738
17.22	0.00125
17.23	0.035302
17.24	0.056694
17.25	0.07164
17.26	0.084815
17.27	0.086987
17.28	0.067794
17.29	0.034516
17.3	-0.0035592
17.31	-0.047221
17.32	-0.085318
17.33	-0.10925
17.34	-0.11262
17.35	-0.10276
17.36	-0.075766
17.37	-0.04281
17.38	-0.0068898
17.39	0.014915
17.4	0.034272
17.41	0.032325
17.42	0.026271
17.43	0.012941
17.44	0.0088776
17.45	0.021835
17.46	0.0355
17.47	0.043031
17.48	0.035885
17.49	0.013369
17.5	-0.011907
17.51	-0.028394
17.52	-0.034267
17.53	-0.033273
17.54	-0.022327
17.55	0.0030801
17.56	0.029491
17.57	0.037823
17.58	0.032415
17.59	0.022788
17.6	0.0031717
17.61	-0.0015762
17.62	-0.0049244
17.63	-0.011917
17.64	-0.028901
17.65	-0.037397
17.66	-0.031056
17.67	-0.01649
17.68	-0.0010559
17.69	0.010866
17.7	0.011249
17.71	0.0027523
17.72	-0.0064813
17.73	-0.00048537
17.74	0.0042026
17.75	-0.00074025
17.76	-0.018086
17.77	-0.046892
17.78	-0.064386
17.79	-0.059851
17.8	-0.019625
17.81	0.033246
17.82	0.071386
17.83	0.082114
17.84	0.07509
17.85	0.067109
17.86	0.067972
17.87	0.075696
17.88	0.084243
17.89	0.088494
17.9	0.083865
17.91	0.064686
17.92	0.032472
17.93	-0.011865
17.94	-0.045992
17.95	-0.065668
17.96	-0.070007
17.97	-0.057628
17.98	-0.040304
17.99	-0.030922
18	-0.026958
18.01	-0.031966
18.02	-0.038161
18.03	-0.041173
18.04	-0.042009
18.05	-0.041436
18.06	-0.03796
18.07	-0.023792
18.08	0.01441
18.09	0.048054
18.1	0.064965
18.11	0.070545
18.12	0.070732
18.13	0.063801
18.14	0.050325
18.15	0.043653
18.16	0.042117
18.17	0.035051
18.18	0.026203
18.19	0.0057837
18.2	-0.013795
18.21	-0.027664
18.22	-0.040698
18.23	-0.039177
18.24	-0.030157
18.25	-0.012005
18.26	0.009875
18.27	0.028701
18.28	0.036009
18.29	0.037732
18.3	0.036349
18.31	0.03084
18.32	0.024525
18.33	0.019752
18.34	0.017874
18.35	0.018345
18.36	0.025544
18.37	0.02472
18.38	0.016906
18.39	0.0057289
18.4	-0.0091948
18.41	-0.027948
18.42	-0.038139
18.43	-0.043141
18.44	-0.045782
18.45	-0.043785
18.46	-0.035034
18.47	-0.024345
18.48	-0.015881
18.49	-0.01163
18.5	-0.010084
18.51	-0.0093531
18.52	-0.015224
18.53	-0.018458
18.54	-0.015309
18.55	-0.0042723
18.56	-0.002436
18.57	-0.0084214
18.58	-0.034097
18.59	-0.058055
18.6	-0.060885
18.61	-0.052755
18.62	-0.037736
18.63	-0.025251
18.64	-0.007504
18.65	0.0087005
18.66	0.015528
18.67	0.0032657
18.68	-0.012496
18.69	-0.041342
18.7	-0.062259
18.71	-0.066857
18.72	-0.058309
18.73	-0.046833
18.74	-0.031263
18.75	-0.015732
18.76	0.0045206
18.77	0.008627
18.78	0.0080488
18.79	0.001733
18.8	-0.0025892
18.81	-0.0058072
18.82	-0.0058612
18.83	-0.0043779
18.84	-0.0054312
18.85	-0.005527
18.86	-0.0028339
18.87	0.00089937
18.88	0.0011045
18.89	-0.010695
18.9	-0.024666
18.91	-0.034196
18.92	-0.033172
18.93	-0.029676
18.94	-0.018482
18.95	-0.0019362
18.96	0.01885
18.97	0.023483
18.98	0.014145
18.99	0.0031796
19	0.00094009
19.01	0.0049223
19.02	0.018512
19.03	0.028273
19.04	0.037844
19.05	0.036327
19.06	0.031845
19.07	0.0093508
19.08	-0.02333
19.09	-0.048247
19.1	-0.050231
19.11	-0.029957
19.12	0.021936
19.13	0.071093
19.14	0.089927
19.15	0.097909
19.16	0.095529
19.17	0.076433
19.18	0.033746
19.19	-0.019204
19.2	-0.056177
19.21	-0.077487
19.22	-0.090738
19.23	-0.080089
19.24	-0.056093
19.25	-0.0075747
19.26	0.036164
19.27	0.054573
19.28	0.056111
19.29	0.0554
19.3	0.056382
19.31	0.058769
19.32	0.050944
19.33	0.036376
19.34	0.028643
19.35	0.028218
19.36	0.039127
19.37	0.048849
19.38	0.058825
19.39	0.067987
19.4	0.069695
19.41	0.067913
19.42	0.07023
19.43	0.060018
19.44	0.033814
19.45	0.0059066
19.46	-0.019199
19.47	-0.026563
19.48	-0.019136
19.49	-0.020001
19.5	-0.036464
19.51	-0.051619
19.52	-0.045584
19.53	-0.020097
19.54	0.014096
19.55	0.028471
19.56	0.025953
19.57	0.012677
19.58	-0.0095198
19.59	-0.013796
19.6	-0.018226
19.61	-0.01789
19.62	-0.0043411
19.63	0.00084942
19.64	0.0073356
19.65	0.0086354
19.66	0.0078644
19.67	-0.0087619
19.68	-0.034092
19.69	-0.049601
19.7	-0.059225
19.71	-0.062558
19.72	-0.044349
19.73	-0.025979
19.74	-0.01946
19.75	-0.019854
19.76	-0.015164
19.77	-0.010214
19.78	0.00016278
19.79	0.0022736
19.8	-0.0046861
19.81	-0.02183
19.82	-0.039974
19.83	-0.049417
19.84	-0.043764
19.85	-0.024154
19.86	-0.0060054
19.87	0.0027714
19.88	0.010079
19.89	0.019815
19.9	0.034264
19.91	0.053267
19.92	0.062962
19.93	0.063614
19.94	0.053627
19.95	0.039869
19.96	0.021645
19.97	-0.004817
19.98	-0.036262
19.99	-0.066708
20	-0.087262
20.01	-0.09465
20.02	-0.080807
20.03	-0.050643
20.04	-0.02515
20.05	-0.012367
20.06	-0.010297
20.07	-0.0058523
20.08	0.0044958
20.09	0.0056195
20.1	0.0039378
20.11	0.010353
20.12	0.018571
20.13	0.018669
20.14	0.024812
20.15	0.022471
20.16	0.014144
20.17	0.0068409
20.18	0.011641
20.19	0.026253
20.2	0.042502
20.21	0.048173
20.22	0.057843
20.23	0.05351
20.24	0.040902
20.25	0.027222
20.26	0.0080057
20.27	-0.016499
20.28	-0.042782
20.29	-0.064852
20.3	-0.075743
20.31	-0.074152
20.32	-0.058963
20.33	-0.037965
20.34	-0.01888
20.35	-0.0034465
20.36	9.8844e-06
20.37	0.0038786
20.38	-0.00085468
20.39	-0.0093846
20.4	-0.025272
20.41	-0.033183
20.42	-0.04136
20.43	-0.043846
20.44	-0.041951
20.45	-0.034115
20.46	-0.023906
20.47	-0.016486
20.48	-0.0087111
20.49	-0.0024226
20.5	0.0050075
20.51	0.017611
20.52	0.037607
20.53	0.048455
20.54	0.062788
20.55	0.064293
20.56	0.059376
20.57	0.055638
20.58	0.045583
20.59	0.028942
20.6	0.0040714
20.61	-0.01517
20.62	-0.013503
20.63	-0.0052831
20.64	0.0022663
20.65	0.013106
20.66	0.024237
20.67	0.029602
20.68	0.031194
20.69	0.032883
20.7	0.026948
20.71	0.01959
20.72	0.015154
20.73	0.0122
20.74	0.0085772
20.75	0.011362
20.76	0.0064144
20.77	-0.0077699
20.78	-0.021721
20.79	-0.031431
20.8	-0.034376
20.81	-0.026998
20.82	-0.01229
20.83	0.00088061
20.84	-4.7587e-05
20.85	-0.0075926
20.86	-0.0093025
20.87	0.0059025
20.88	0.024521
20.89	0.036693
20.9	0.041396
20.91	0.034329
20.92	0.023052
20.93	0.015434
20.94	0.016715
20.95	0.028484
20.96	0.033898
20.97	0.025824
20.98	0.017404
20.99	0.025112
21	0.044104
21.01	0.061753
21.02	0.055889
21.03	0.035246
21.04	0.012879
21.05	-0.0079755
21.06	-0.029944
21.07	-0.052676
21.08	-0.074216
21.09	-0.080457
21.1	-0.078842
21.11	-0.054442
21.12	-0.011598
21.13	0.03741
21.14	0.077306
21.15	0.098361
21.16	0.10051
21.17	0.083096
21.18	0.054215
21.19	0.01321
21.2	-0.024755
21.21	-0.04028
21.22	-0.031232
21.23	-0.02234
21.24	-0.016824
21.25	-0.017225
21.26	-0.0096389
21.27	-0.0017633
21.28	0.0066371
21.29	0.012031
21.3	0.0089752
21.31	-0.0047157
21.32	-0.025044
21.33	-0.044306
21.34	-0.055625
21.35	-0.0609
21.36	-0.057304
21.37	-0.046479
21.38	-0.029301
21.39	0.0073745
21.4	0.049006
21.41	0.070825
21.42	0.074295
21.43	0.065947
21.44	0.048719
21.45	0.024791
21.46	0.0021355
21.47	-0.006731
21.48	-0.014716
21.49	-0.027129
21.5	-0.039253
21.51	-0.052104
21.52	-0.056473
21.53	-0.050126
21.54	-0.043363
21.55	-0.043043
21.56	-0.045604
21.57	-0.044157
21.58	-0.040281
21.59	-0.027453
21.6	-0.021447
21.61	-0.018225
21.62	-0.018343
21.63	-0.024713
21.64	-0.024502
21.65	-0.020884
21.66	-0.026627
21.67	-0.03262
21.68	-0.031624
21.69	-0.030018
21.7	-0.022214
21.71	-0.0054626
21.72	0.0071395
21.73	0.0087147
21.74	-0.0057825
21.75	-0.019754
21.76	-0.025702
21.77	-0.029635
21.78	-0.031599
21.79	-0.031751
21.8	-0.034551
21.81	-0.033028
21.82	-0.03253
21.83	-0.031081
21.84	-0.022314
21.85	-0.015057
21.86	-0.014261
21.87	-0.015223
21.88	-0.02051
21.89	-0.023265
21.9	-0.022959
21.91	-0.01005
21.92	0.0030775
21.93	0.019263
21.94	0.026316
21.95	0.025939
21.96	0.028436
21.97	0.027982
21.98	0.027792
21.99	0.032554
22	0.03805
22.01	0.038241
22.02	0.032001
22.03	0.023494
22.04	0.019285
22.05	0.019571
22.06	0.024191
22.07	0.028428
22.08	0.032762
22.09	0.036485
22.1	0.038884
22.11	0.036518
22.12	0.035016
22.13	0.024462
22.14	0.016111
22.15	0.014995
22.16	0.0094255
22.17	-0.006085
22.18	-0.011501
22.19	-0.0026043
22.2	0.012769
22.21	0.01931
22.22	0.014405
22.23	0.0029438
22.24	-0.0085299
22.25	-0.0039764
22.26	0.015411
22.27	0.035172
22.28	0.037396
22.29	0.032592
22.3	0.026435
22.31	0.023349
22.32	0.023027
22.33	0.017558
22.34	0.015731
22.35	0.0045625
22.36	-0.020896
22.37	-0.040518
22.38	-0.041613
22.39	-0.031897
22.4	-0.015902
22.41	-0.0015855
22.42	0.0029138
22.43	-0.0049407
22.44	-0.00092748
22.45	0.0042033
22.46	0.016356
22.47	0.022924
22.48	0.020486
22.49	0.015947
22.5	-0.0048779
22.51	-0.015753
22.52	-0.01643
22.53	-0.021395
22.54	-0.030411
22.55	-0.030231
22.56	-0.021467
22.57	-0.00052713
22.58	0.019976
22.59	0.019873
22.6	0.0052213
22.61	-0.0093023
22.62	-0.022803
22.63	-0.027291
22.64	-0.023435
22.65	-0.010211
22.66	0.010416
22.67	0.02603
22.68	0.028675
22.69	0.026485
22.7	0.024796
22.71	0.015203
22.72	0.0077914
22.73	-0.0060053
22.74	-0.017638
22.75	-0.027171
22.76	-0.03089
22.77	-0.030867
22.78	-0.019532
22.79	-0.0071589
22.8	-0.001991
22.81	-0.0016734
22.82	-0.0038591
22.83	-0.003803
22.84	-0.0082145
22.85	-0.010426
22.86	-0.0056517
22.87	-0.0012393
22.88	0.0045733
22.89	0.0029317
22.9	0.001488
22.91	0.0038163
22.92	0.00977
22.93	0.014922
22.94	0.019642
22.95	0.031894
22.96	0.03569
22.97	0.03125
22.98	0.018501
22.99	-0.0032085
23	-0.014215
23.01	-0.015353
23.02	0.00041991
23.03	0.014238
23.04	0.030047
23.05	0.044661
23.06	0.050173
23.07	0.046752
23.08	0.045605
23.09	0.044558
23.1	0.042448
23.11	0.046781
23.12	0.039488
23.13	0.028827
23.14	0.010884
23.15	-0.010262
23.16	-0.02038
23.17	-0.021813
23.18	-0.018132
23.19	-0.013465
23.2	-0.015049
23.21	-0.01991
23.22	-0.025043
23.23	-0.02947
23.24	-0.029462
23.25	-0.014266
23.26	0.0014293
23.27	0.0047608
23.28	-0.0016852
23.29	-0.01626
23.3	-0.026086
23.31	-0.027164
23.32	-0.021153
23.33	-0.0079848
23.34	0.0071159
23.35	0.027113
23.36	0.043768
23.37	0.048444
23.38	0.033817
23.39	0.0074117
23.4	-0.020886
23.41	-0.048308
23.42	-0.065296
23.43	-0.070918
23.44	-0.06334
23.45	-0.05197
23.46	-0.042278
23.47	-0.038164
23.48	-0.03881
23.49	-0.03145
23.5	-0.021383
23.51	-0.0092748
23.52	0.00064547
23.53	0.0084071
23.54	0.014603
23.55	0.021744
23.56	0.021714
23.57	0.014369
23.58	0.0061661
23.59	-0.010128
23.6	-0.024824
23.61	-0.031906
23.62	-0.03623
23.63	-0.036329
23.64	-0.030536
23.65	-0.024891
23.66	-0.017643
23.67	-0.011385
23.68	-0.0075298
23.69	-0.0015984
23.7	0.00714
23.71	0.012449
23.72	0.015238
23.73	0.016401
23.74	0.013765
23.75	0.012876
23.76	0.0064958
23.77	-0.013279
23.78	-0.031428
23.79	-0.042253
23.8	-0.040318
23.81	-0.030176
23.82	-0.022162
23.83	-0.0088932
23.84	0.0015868
23.85	0.013369
23.86	0.029643
23.87	0.036746
23.88	0.033414
23.89	0.024527
23.9	0.0091876
23.91	-0.0019253
23.92	-0.0058908
23.93	-0.0070404
23.94	-0.0061554
23.95	0.0038317
23.96	0.018535
23.97	0.029545
23.98	0.034132
23.99	0.032025
24	0.015277
24.01	-0.0028701
24.02	-0.014406
24.03	-0.012258
24.04	-0.010482
24.05	-0.014348
24.06	-0.014511
24.07	-0.017182
24.08	-0.015714
24.09	-0.012657
24.1	-0.013482
24.11	-0.0049933
24.12	0.0033236
24.13	0.0045239
24.14	0.012371
24.15	0.018633
24.16	0.019822
24.17	0.012002
24.18	0.010476
24.19	0.0073913
24.2	0.0061071
24.21	0.008463
24.22	0.010474
24.23	0.0016645
24.24	-0.0074483
24.25	-0.010209
24.26	-0.00044985
24.27	0.0077646
24.28	0.012696
24.29	0.015059
24.3	0.0089357
24.31	0.0021298
24.32	-0.0029601
24.33	-0.012023
24.34	-0.018842
24.35	-0.02588
24.36	-0.028784
24.37	-0.026194
24.38	-0.014609
24.39	0.0017774
24.4	0.024061
24.41	0.041732
24.42	0.043791
24.43	0.043882
24.44	0.035223
24.45	0.028213
24.46	0.026253
24.47	0.024594
24.48	0.01632
24.49	0.011435
24.5	-0.00053873
24.51	-0.0088585
24.52	-0.0085933
24.53	-0.0081928
24.54	-0.0082114
24.55	-0.011913
24.56	-0.02216
24.57	-0.02332
24.58	-0.022666
24.59	-0.022146
24.6	-0.0073672
24.61	0.012778
24.62	0.02344
24.63	0.032978
24.64	0.032792
24.65	0.03501
24.66	0.042545
24.67	0.057082
24.68	0.049025
24.69	0.018024
24.7	-0.0013257
24.71	-0.01755
24.72	-0.034922
24.73	-0.041307
24.74	-0.044927
24.75	-0.037195
24.76	-0.019963
24.77	-0.010382
24.78	-0.009451
24.79	-0.017138
24.8	-0.021851
24.81	-0.021146
24.82	-0.013475
24.83	-0.0071495
24.84	-0.0004323
24.85	0.002102
24.86	0.00056158
24.87	-0.0038931
24.88	-0.012483
24.89	-0.017762
24.9	-0.019076
24.91	-0.0068654
24.92	0.010354
24.93	0.022206
24.94	0.022584
24.95	0.02007
24.96	0.013497
24.97	0.010332
24.98	0.012694
24.99	0.013343
25	0.017095
25.01	0.020913
25.02	0.020978
25.03	0.026361
25.04	0.029762
25.05	0.03253
25.06	0.032656
25.07	0.023902
25.08	0.015193
25.09	0.0027253
25.1	-0.01472
25.11	-0.016279
25.12	-0.022795
25.13	-0.031982
25.14	-0.020464
25.15	-0.0042229
25.16	0.013388
25.17	0.025311
25.18	0.027614
25.19	0.023536
25.2	0.016047
25.21	0.009417
25.22	0.010437
25.23	-0.0018991
25.24	-0.021189
25.25	-0.031724
25.26	-0.032171
25.27	-0.024373
25.28	-0.01059
25.29	0.0041805
25.3	0.019871
25.31	0.031938
25.32	0.040904
25.33	0.048073
25.34	0.052771
25.35	0.046536
25.36	0.032913
25.37	0.017521
25.38	0.0090345
25.39	0.0072893
25.4	0.007669
25.41	-0.0057342
25.42	-0.01877
25.43	-0.037195
25.44	-0.0485
25.45	-0.05929
25.46	-0.057504
25.47	-0.036338
25.48	-0.016163
25.49	0.0085194
25.5	0.023249
25.51	0.029902
25.52	0.027061
25.53	0.015941
25.54	0.0058253
25.55	6.2563e-06
25.56	0.0053739
25.57	0.016069
25.58	0.013941
25.59	0.003284
25.6	-0.0077887
25.61	-0.010569
25.62	-0.010971
25.63	-0.0172
25.64	-0.023671
25.65	-0.031688
25.66	-0.023436
25.67	-0.015278
25.68	-0.0068924
25.69	0.0045925
25.7	0.0087342
25.71	0.0018145
25.72	-0.0058529
25.73	-0.0083819
25.74	-0.0098253
25.75	-0.0072574
25.76	-0.0002789
25.77	0.0032932
25.78	-0.0012053
25.79	-0.0081947
25.8	-0.018793
25.81	-0.022008
25.82	-0.01875
25.83	-0.013239
25.84	-0.003899
25.85	0.0024236
25.86	0.0016199
25.87	-0.00012779
25.88	0.001103
25.89	0.00047102
25.9	0.0044068
25.91	0.0074431
25.92	0.0081244
25.93	0.0045937
25.94	-0.0039328
25.95	-0.007174
25.96	-0.0058006
25.97	-0.0049691
25.98	-0.0048078
25.99	-0.0077759
26	-0.0036979
26.01	0.007124
26.02	0.02215
26.03	0.024957
26.04	0.022347
26.05	0.019646
26.06	0.0033046
26.07	-0.016038
26.08	-0.020955
26.09	-0.025841
26.1	-0.030355
26.11	-0.029123
26.12	-0.027227
26.13	-0.025967
26.14	-0.024053
26.15	-0.015824
26.16	-0.0021377
26.17	0.012178
26.18	0.02067
26.19	0.024057
26.2	0.022447
26.21	0.019452
26.22	0.013918
26.23	0.0088732
26.24	0.0049381
26.25	0.0067795
26.26	0.0081769
26.27	0.013228
26.28	0.012023
26.29	0.0032696
26.3	-0.0028254
26.31	-0.0052161
26.32	0.0026032
26.33	0.010072
26.34	0.011108
26.35	0.0090836
26.36	0.0064032
26.37	0.0062227
26.38	0.0059592
26.39	0.005236
26.4	0.0032365
26.41	0.0027903
26.42	-0.00013634
26.43	-0.0015127
26.44	-0.0022406
26.45	-0.0043837
26.46	-0.0089188
26.47	-0.013498
26.48	-0.020312
26.49	-0.020727
26.5	-0.017377
26.51	-0.014179
26.52	-0.010825
26.53	-0.013863
26.54	-0.021092
26.55	-0.02928
26.56	-0.032358
26.57	-0.030402
26.58	-0.030818
26.59	-0.027296
26.6	-0.024258
26.61	-0.015624
26.62	-0.0045953
26.63	-0.0016328
26.64	-0.0072012
26.65	-0.014845
26.66	-0.019535
26.67	-0.018717
26.68	-0.0073874
26.69	0.0079826
26.7	0.018992
26.71	0.024751
26.72	0.02871
26.73	0.032672
26.74	0.030791
26.75	0.029287
26.76	0.025281
26.77	0.016974
26.78	0.0088916
26.79	0.0040692
26.8	-0.0038514
26.81	-0.012025
26.82	-0.020229
26.83	-0.024242
26.84	-0.028615
26.85	-0.029462
26.86	-0.021257
26.87	-0.0057647
26.88	0.010262
26.89	0.014436
26.9	0.013112
26.91	0.0041445
26.92	-0.0022434
26.93	-0.0018965
26.94	-0.0018995
26.95	-0.0021127
26.96	-0.0020474
26.97	-0.0004657
26.98	0.0035615
26.99	0.0075089
27	0.0020237
27.01	-0.0087527
27.02	-0.01712
27.03	-0.020834
27.04	-0.018949
27.05	-0.016602
27.06	-0.015097
27.07	-0.014563
27.08	-0.012781
27.09	-0.012549
27.1	-0.011692
27.11	-0.0096746
27.12	-0.0019954
27.13	0.003163
27.14	0.0083058
27.15	0.011965
27.16	0.015033
27.17	0.013739
27.18	0.020672
27.19	0.032029
27.2	0.035567
27.21	0.03994
27.22	0.043055
27.23	0.030972
27.24	0.020295
27.25	0.0074606
27.26	0.0019479
27.27	-0.0068465
27.28	-0.023699
27.29	-0.030781
27.3	-0.028985
27.31	-0.025756
27.32	-0.011913
27.33	0.0048898
27.34	0.011524
27.35	0.021521
27.36	0.021789
27.37	0.017025
27.38	0.01356
27.39	0.012395
27.4	0.010454
27.41	0.014175
27.42	0.019333
27.43	0.019645
27.44	0.018636
27.45	0.017516
27.46	0.015309
27.47	0.010094
27.48	0.002237
27.49	-0.002667
27.5	-0.0017095
27.51	-0.0031978
27.52	0.0032981
27.53	0.01212
27.54	0.016938
27.55	0.020108
27.56	0.019487
27.57	0.015058
27.58	0.015011
27.59	0.010685
27.6	0.0042776
27.61	0.0019681
27.62	0.0044822
27.63	0.0026481
27.64	0.00092117
27.65	0.0010041
27.66	0.0016244
27.67	0.0030786
27.68	0.0012329
27.69	-0.0013499
27.7	-0.0034996
27.71	-0.0090736
27.72	-0.0092208
27.73	-0.011456
27.74	-0.014779
27.75	-0.016309
27.76	-0.003538
27.77	0.015584
27.78	0.030972
27.79	0.040152
27.8	0.035832
27.81	0.024396
27.82	0.010435
27.83	-0.0019792
27.84	-0.017015
27.85	-0.024315
27.86	-0.021837
27.87	-0.019574
27.88	-0.016667
27.89	-0.021369
27.9	-0.025586
27.91	-0.030157
27.92	-0.034066
27.93	-0.032508
27.94	-0.030714
27.95	-0.028464
27.96	-0.025706
27.97	-0.023137
27.98	-0.018457
27.99	-0.012294
28	-0.0055504
28.01	0.00093703
28.02	0.0025042
28.03	-0.0018732
28.04	-0.0085023
28.05	-0.010691
28.06	-0.0082226
28.07	-0.0019857
28.08	0.002936
28.09	0.0017716
28.1	-0.00431
28.11	-0.0074048
28.12	-0.0083377
28.13	-0.00906
28.14	-0.0071004
28.15	-0.0023393
28.16	0.0018017
28.17	-0.00077128
28.18	-0.0054645
28.19	-0.0053108
28.2	-0.0044567
28.21	-0.0038497
28.22	-0.0025977
28.23	0.0021519
28.24	0.0071305
28.25	0.010573
28.26	0.012725
28.27	0.012935
28.28	0.012087
28.29	0.0094657
28.3	0.0074067
28.31	0.0088479
28.32	0.0053281
28.33	0.0017169
28.34	-0.00063881
28.35	-0.0039609
28.36	-0.002688
28.37	-0.0014392
28.38	-0.0039264
28.39	-0.009601
28.4	-0.014256
28.41	-0.016208
28.42	-0.01617
28.43	-0.011949
28.44	-0.0092837
28.45	-0.0072904
28.46	-0.0032275
28.47	0.0032596
28.48	0.0091901
28.49	0.0112
28.5	0.010622
28.51	0.0091201
28.52	0.0063575
28.53	0.0046121
28.54	0.0045599
28.55	0.0063364
28.56	0.0070985
28.57	0.0080019
28.58	0.0087521
28.59	0.0080216
28.6	0.0065346
28.61	0.0085754
28.62	0.01165
28.63	0.012713
28.64	0.010749
28.65	0.0074864
28.66	0.0059414
28.67	0.0031009
28.68	0.0013532
28.69	-0.0015665
28.7	-0.0023772
28.71	-0.0033388
28.72	-0.0015815
28.73	0.0024986
28.74	0.0060999
28.75	0.012452
28.76	0.017155
28.77	0.016681
28.78	0.014088
28.79	0.010316
28.8	0.0055209
28.81	0.0046343
28.82	0.0067929
28.83	0.0088646
28.84	0.0081866
28.85	0.0068437
28.86	0.006654
28.87	0.0058539
28.88	0.0064523
28.89	0.0060026
28.9	0.005234
28.91	0.0033714
28.92	0.00020948
28.93	-0.00236
28.94	-0.0040881
28.95	-0.0049807
28.96	-0.0051282
28.97	-0.0049261
28.98	-0.0044951
28.99	-0.003004
29	-0.0015271
29.01	-0.0011229
29.02	-0.0014455
29.03	-0.0019263
29.04	-0.002336
29.05	-0.0017644
29.06	-0.0013275
29.07	-0.00040421
29.08	0.00058853
29.09	0.0011888
29.1	0.0011919
29.11	0.00076805
29.12	0.00039384
29.13	-0.0002046
29.14	-0.00044387
29.15	-0.00024321
29.16	-0.00022026
29.17	6.4976e-05
29.18	4.545e-05
29.19	2.4877e-06
29.2	-0.00017473
29.21	-0.00049106
29.22	-0.0005347
29.23	-0.00075902
29.24	-0.0015813
29.25	-0.002206
29.26	-0.0027887
29.27	-0.0032727
29.28	-0.0041691
29.29	-0.0048581
29.3	-0.0049532
29.31	-0.0047386
29.32	-0.0038624
29.33	-0.0032318
29.34	-0.0027016
29.35	-0.0021003
29.36	-0.0019213
29.37	-0.0018025
29.38	-0.0016799
29.39	-0.0015939
29.4	-0.001231
29.41	-0.0010254
29.42	-0.0012148
29.43	-0.0013895
29.44	-0.001367
29.45	-0.0012592
29.46	-0.0011523
29.47	-0.0010211
29.48	-0.0010916
29.49	-0.0011736
29.5	-0.0011273
29.51	-0.0010642
29.52	-0.00089233
29.53	-0.00082594
29.54	-0.00084374
29.55	-0.00082742
29.56	-0.00091587
29.57	-0.00093752
29.58	-0.00090954
29.59	-0.00089925
29.6	-0.0008631
29.61	-0.00074987
29.62	-0.00067242
29.63	-0.00060665
29.64	-0.00055787
29.65	-0.00054502
29.66	-0.00057109
29.67	-0.00058417
29.68	-0.00057651
29.69	-0.00056235
29.7	-0.00052843
29.71	-0.00047404
29.72	-0.00043586
29.73	-0.00040803
29.74	-0.00038913
29.75	-0.00036169
29.76	-0.00033329
29.77	-0.00029922
29.78	-0.00025794
29.79	-0.00022164
29.8	-0.00018992
29.81	-0.00015782
29.82	-0.00012609
29.83	-9.7195e-05
29.84	-6.8562e-05
29.85	-4.0228e-05
29.86	-1.2129e-05
29.87	1.5843e-05
29.88	4.3262e-05
29.89	7.0053e-05
29.9	9.6048e-05
29.91	0.00012128
29.92	0.00014567
29.93	0.00016935
29.94	0.00019225
29.95	0.00021441
29.96	0.00023576
29.97	0.00025628
29.98	0.00027592
