0	1.2403e-06
0.005	2.5433e-06
0.01	1.1308e-06
0.015	2.4883e-06
0.02	1.7825e-06
0.025	4.067e-06
0.03	3.6984e-06
0.035	6.6299e-06
0.04	7.7508e-06
0.045	1.2566e-05
0.05	1.5642e-05
0.055	1.5239e-05
0.06	2.7772e-07
0.065	-1.8543e-05
0.07	-3.7057e-05
0.075	-4.2579e-05
0.08	-4.053e-05
0.085	-2.5151e-05
0.09	-1.8175e-05
0.095	-1.9046e-05
0.1	-2.8237e-05
0.105	-3.6535e-05
0.11	-5.283e-05
0.115	-4.5945e-05
0.12	-9.0333e-06
0.125	4.0065e-05
0.13	7.0219e-05
0.135	6.7192e-05
0.14	1.7967e-05
0.145	-3.6649e-05
0.15	-8.2915e-05
0.155	-0.00010793
0.16	-8.7386e-05
0.165	-9.7333e-06
0.17	6.1265e-05
0.175	0.00010292
0.18	0.00011882
0.185	0.00012759
0.19	0.00012333
0.195	9.2351e-05
0.2	1.4079e-05
0.205	-8.7699e-05
0.21	-0.00012055
0.215	-4.6569e-05
0.22	2.9766e-05
0.225	1.1974e-05
0.23	-0.00011857
0.235	-0.00027289
0.24	-0.00034335
0.245	-0.00031015
0.25	-0.00023226
0.255	-5.8534e-05
0.26	0.00016837
0.265	0.00032712
0.27	0.00033072
0.275	0.00021771
0.28	5.469e-05
0.285	-0.00011357
0.29	-0.00011884
0.295	3.5643e-05
0.3	0.00017649
0.305	0.00024118
0.31	0.0001445
0.315	-5.4813e-05
0.32	-0.00027069
0.325	-0.00036356
0.33	-0.00033711
0.335	-0.00031365
0.34	-0.00039089
0.345	-0.00046498
0.35	-0.00063837
0.355	-0.00084811
0.36	-0.00092495
0.365	-0.00078174
0.37	-0.00042526
0.375	2.9615e-05
0.38	0.00041406
0.385	0.00051256
0.39	0.00040005
0.395	0.00021396
0.4	-0.0001156
0.405	-0.00057113
0.41	-0.00087448
0.415	-0.00089115
0.42	-0.00073467
0.425	-0.00066519
0.43	-0.00065148
0.435	-0.00050275
0.44	-0.00031096
0.445	-5.7771e-05
0.45	0.00018099
0.455	0.00022815
0.46	-4.9571e-05
0.465	-0.00057733
0.47	-0.00098262
0.475	-0.00087422
0.48	-0.00048378
0.485	-0.00034474
0.49	-0.00045171
0.495	-0.00031508
0.5	9.89e-05
0.505	0.00039323
0.51	0.00010296
0.515	-0.00072953
0.52	-0.0015273
0.525	-0.0018954
0.53	-0.0015964
0.535	-0.00091246
0.54	-0.00046697
0.545	-0.0004565
0.55	-0.00095234
0.555	-0.0016668
0.56	-0.0022775
0.565	-0.0024105
0.57	-0.0018059
0.575	-0.00081291
0.58	8.2404e-05
0.585	0.00088093
0.59	0.0014494
0.595	0.0018363
0.6	0.001962
0.605	0.001988
0.61	0.0021271
0.615	0.0022608
0.62	0.0019492
0.625	0.0013677
0.63	0.00054237
0.635	-0.00059178
0.64	-0.0015233
0.645	-0.0021322
0.65	-0.0023727
0.655	-0.0022866
0.66	-0.0021957
0.665	-0.0020885
0.67	-0.0018878
0.675	-0.0013751
0.68	-0.00043486
0.685	0.00091585
0.69	0.0022381
0.695	0.0029617
0.7	0.0027935
0.705	0.0017315
0.71	0.00021366
0.715	-0.0015595
0.72	-0.0031236
0.725	-0.0043063
0.73	-0.0051051
0.735	-0.0051864
0.74	-0.0045887
0.745	-0.0036024
0.75	-0.0023382
0.755	-0.0011769
0.76	-0.00053997
0.765	4.0625e-06
0.77	0.00092051
0.775	0.0016344
0.78	0.0014531
0.785	0.00068247
0.79	0.00030151
0.795	0.00055228
0.8	0.00096767
0.805	0.0013629
0.81	0.0015461
0.815	0.0018765
0.82	0.0021098
0.825	0.0020736
0.83	0.0020102
0.835	0.0020777
0.84	0.0021384
0.845	0.001675
0.85	0.00075177
0.855	-0.00027458
0.86	-0.0009242
0.865	-0.0010156
0.87	-0.00067418
0.875	-6.6895e-05
0.88	0.00027883
0.885	0.0002359
0.89	-0.00024044
0.895	-0.00078427
0.9	-0.0013705
0.905	-0.0016603
0.91	-0.001139
0.915	0.00024547
0.92	0.0023819
0.925	0.0049724
0.93	0.0067245
0.935	0.0069957
0.94	0.0063893
0.945	0.0053713
0.95	0.004551
0.955	0.004207
0.96	0.0039764
0.965	0.0030321
0.97	0.0016208
0.975	7.6995e-05
0.98	-0.0011995
0.985	-0.0014973
0.99	-0.0012587
0.995	-0.0010672
1	-0.0010691
1.005	-0.0012028
1.01	-0.001416
1.015	-0.0016523
1.02	-0.0016881
1.025	-0.00090979
1.03	0.00062821
1.035	0.002334
1.04	0.004178
1.045	0.0064683
1.05	0.008647
1.055	0.0098698
1.06	0.0095011
1.065	0.0079477
1.07	0.0060478
1.075	0.0046969
1.08	0.0040395
1.085	0.0032848
1.09	0.0022367
1.095	0.00072812
1.1	-0.00086021
1.105	-0.0023843
1.11	-0.0039082
1.115	-0.0047967
1.12	-0.0046534
1.125	-0.0038693
1.13	-0.0032337
1.135	-0.0029009
1.14	-0.0030112
1.145	-0.0035611
1.15	-0.0041093
1.155	-0.0040049
1.16	-0.0023334
1.165	0.00075346
1.17	0.0038223
1.175	0.0052342
1.18	0.004577
1.185	0.0031678
1.19	0.0022217
1.195	0.0024163
1.2	0.0037179
1.205	0.0049118
1.21	0.0050284
1.215	0.0041566
1.22	0.0025087
1.225	0.00044538
1.23	-0.0015116
1.235	-0.0030101
1.24	-0.0035301
1.245	-0.0034106
1.25	-0.0031162
1.255	-0.002316
1.26	-0.00096591
1.265	0.00045141
1.27	0.0015824
1.275	0.0019512
1.28	0.0019208
1.285	0.0021711
1.29	0.0031249
1.295	0.0052848
1.3	0.0077587
1.305	0.0098995
1.31	0.011119
1.315	0.010422
1.32	0.0080727
1.325	0.0048721
1.33	0.0019764
1.335	0.00035469
1.34	0.00017365
1.345	0.00051291
1.35	0.00043214
1.355	-0.00010819
1.36	-0.00095519
1.365	-0.0017589
1.37	-0.0019474
1.375	-0.0016185
1.38	-0.00074023
1.385	0.0002503
1.39	0.0014905
1.395	0.0024032
1.4	0.0024921
1.405	0.0020572
1.41	0.0014039
1.415	0.00013939
1.42	-0.0015371
1.425	-0.0034743
1.43	-0.0054884
1.435	-0.0067117
1.44	-0.0065898
1.445	-0.0060549
1.45	-0.0060138
1.455	-0.0067508
1.46	-0.0081274
1.465	-0.0099553
1.47	-0.011496
1.475	-0.011695
1.48	-0.010472
1.485	-0.0086567
1.49	-0.0073395
1.495	-0.0059629
1.5	-0.0041152
1.505	-0.0031198
1.51	-0.0025136
1.515	-0.0017495
1.52	-0.0012435
1.525	-0.0010957
1.53	-0.0014985
1.535	-0.0024457
1.54	-0.0031014
1.545	-0.002955
1.55	-0.0018065
1.555	-0.00062162
1.56	0.00041527
1.565	0.0010396
1.57	9.7832e-05
1.575	-0.0018013
1.58	-0.0039543
1.585	-0.0052935
1.59	-0.0046688
1.595	-0.002418
1.6	-0.00073804
1.605	-0.00063391
1.61	-0.0020399
1.615	-0.0037097
1.62	-0.0046148
1.625	-0.0049984
1.63	-0.0050323
1.635	-0.0045703
1.64	-0.003587
1.645	-0.0015047
1.65	0.0014331
1.655	0.0045049
1.66	0.0077608
1.665	0.011182
1.67	0.013471
1.675	0.013374
1.68	0.011198
1.685	0.0082029
1.69	0.0055663
1.695	0.0038128
1.7	0.0027333
1.705	0.0010204
1.71	-0.0017555
1.715	-0.0046413
1.72	-0.0073586
1.725	-0.0096318
1.73	-0.011375
1.735	-0.012924
1.74	-0.013902
1.745	-0.013874
1.75	-0.01272
1.755	-0.010756
1.76	-0.0092145
1.765	-0.008469
1.77	-0.0083678
1.775	-0.008068
1.78	-0.0074725
1.785	-0.0065104
1.79	-0.0047153
1.795	-0.0021937
1.8	0.0011819
1.805	0.005054
1.81	0.0076479
1.815	0.0076933
1.82	0.0057376
1.825	0.0023564
1.83	-0.0017443
1.835	-0.0054477
1.84	-0.0081416
1.845	-0.0097259
1.85	-0.0095539
1.855	-0.0077339
1.86	-0.0051117
1.865	-0.0013324
1.87	0.0040677
1.875	0.010076
1.88	0.014885
1.885	0.018001
1.89	0.019962
1.895	0.021319
1.9	0.021441
1.905	0.020646
1.91	0.019566
1.915	0.018423
1.92	0.017305
1.925	0.016477
1.93	0.01537
1.935	0.013941
1.94	0.012687
1.945	0.011735
1.95	0.011067
1.955	0.010426
1.96	0.0096089
1.965	0.0085669
1.97	0.0065494
1.975	0.003471
1.98	-0.00042909
1.985	-0.0048251
1.99	-0.0086653
1.995	-0.011876
2	-0.014243
2.005	-0.015527
2.01	-0.015801
2.015	-0.015791
2.02	-0.015822
2.025	-0.01563
2.03	-0.014809
2.035	-0.012791
2.04	-0.0097392
2.045	-0.0067637
2.05	-0.0050556
2.055	-0.004795
2.06	-0.0053008
2.065	-0.0063182
2.07	-0.0077787
2.075	-0.0096471
2.08	-0.011276
2.085	-0.012379
2.09	-0.012817
2.095	-0.012342
2.1	-0.01167
2.105	-0.011024
2.11	-0.0099987
2.115	-0.0094244
2.12	-0.009791
2.125	-0.010018
2.13	-0.0093979
2.135	-0.0078309
2.14	-0.0053718
2.145	-0.0023007
2.15	0.0009242
2.155	0.0037308
2.16	0.0058332
2.165	0.0066667
2.17	0.0065225
2.175	0.0067284
2.18	0.0074214
2.185	0.0071199
2.19	0.0051792
2.195	0.002672
2.2	0.0016048
2.205	0.0023504
2.21	0.0047643
2.215	0.0084458
2.22	0.012648
2.225	0.016333
2.23	0.018212
2.235	0.017794
2.24	0.015558
2.245	0.011872
2.25	0.0078871
2.255	0.0046932
2.26	0.0024111
2.265	0.00094228
2.27	-4.9563e-05
2.275	-0.00055909
2.28	-0.00052795
2.285	0.00084027
2.29	0.0035435
2.295	0.0065504
2.3	0.0088615
2.305	0.010313
2.31	0.011378
2.315	0.012585
2.32	0.013959
2.325	0.01519
2.33	0.015103
2.335	0.013313
2.34	0.010248
2.345	0.0066002
2.35	0.0025302
2.355	-0.00166
2.36	-0.0055181
2.365	-0.0075847
2.37	-0.0074742
2.375	-0.0059387
2.38	-0.0034393
2.385	-0.00059093
2.39	0.0017026
2.395	0.0030376
2.4	0.0034156
2.405	0.0026524
2.41	0.001392
2.415	0.00085164
2.42	0.0013954
2.425	0.0027299
2.43	0.0043452
2.435	0.0060178
2.44	0.0070663
2.445	0.0065048
2.45	0.0047391
2.455	0.0023594
2.46	-0.00027987
2.465	-0.0021438
2.47	-0.0033377
2.475	-0.0046025
2.48	-0.0056858
2.485	-0.006617
2.49	-0.0076024
2.495	-0.0084575
2.5	-0.0082881
2.505	-0.0072653
2.51	-0.007129
2.515	-0.0083771
2.52	-0.0093439
2.525	-0.009526
2.53	-0.0088769
2.535	-0.0072996
2.54	-0.0055526
2.545	-0.0040146
2.55	-0.0027457
2.555	-0.0011338
2.56	0.00070423
2.565	0.0020886
2.57	0.0027826
2.575	0.0023594
2.58	0.001179
2.585	0.00061434
2.59	0.0013698
2.595	0.0032425
2.6	0.0058
2.605	0.0087037
2.61	0.010618
2.615	0.010525
2.62	0.0090941
2.625	0.0069894
2.63	0.004814
2.635	0.0023505
2.64	-0.00085166
2.645	-0.0046652
2.65	-0.0083888
2.655	-0.011688
2.66	-0.014301
2.665	-0.015363
2.67	-0.014588
2.675	-0.012606
2.68	-0.01047
2.685	-0.0090573
2.69	-0.0077178
2.695	-0.0063329
2.7	-0.0056982
2.705	-0.0065301
2.71	-0.0086607
2.715	-0.011775
2.72	-0.015642
2.725	-0.019136
2.73	-0.020767
2.735	-0.019812
2.74	-0.016398
2.745	-0.011577
2.75	-0.0071228
2.755	-0.0040105
2.76	-0.0023074
2.765	-0.0016659
2.77	-0.0021664
2.775	-0.0038307
2.78	-0.0068369
2.785	-0.010607
2.79	-0.014177
2.795	-0.01697
2.8	-0.018652
2.805	-0.019028
2.81	-0.017222
2.815	-0.013691
2.82	-0.0092523
2.825	-0.0045096
2.83	0.00018576
2.835	0.0046712
2.84	0.0091405
2.845	0.013838
2.85	0.018262
2.855	0.021408
2.86	0.022754
2.865	0.022437
2.87	0.021093
2.875	0.019899
2.88	0.019394
2.885	0.018374
2.89	0.015531
2.895	0.011076
2.9	0.0060081
2.905	0.0016943
2.91	-0.0011478
2.915	-0.0025264
2.92	-0.0031465
2.925	-0.0040977
2.93	-0.0052642
2.935	-0.0057062
2.94	-0.0038706
2.945	-1.0088e-05
2.95	0.0041789
2.955	0.0061833
2.96	0.0048429
2.965	0.00062921
2.97	-0.0050502
2.975	-0.010335
2.98	-0.013496
2.985	-0.014487
2.99	-0.014121
2.995	-0.012486
3	-0.0092359
3.005	-0.0051634
3.01	-0.00034707
3.015	0.0056012
3.02	0.011246
3.025	0.015339
3.03	0.016892
3.035	0.015538
3.04	0.011522
3.045	0.0061159
3.05	0.00098116
3.055	-0.0027234
3.06	-0.0047934
3.065	-0.0056314
3.07	-0.005181
3.075	-0.0029311
3.08	0.0015585
3.085	0.0079849
3.09	0.015137
3.095	0.021401
3.1	0.025888
3.105	0.02792
3.11	0.027411
3.115	0.024746
3.12	0.020746
3.125	0.016541
3.13	0.012695
3.135	0.0098946
3.14	0.0083243
3.145	0.0070196
3.15	0.0060105
3.155	0.0053408
3.16	0.0046207
3.165	0.0036377
3.17	0.0022737
3.175	0.00018894
3.18	-0.0026785
3.185	-0.0053188
3.19	-0.0064009
3.195	-0.0058138
3.2	-0.003774
3.205	-0.00019706
3.21	0.0038157
3.215	0.0077631
3.22	0.011653
3.225	0.014903
3.23	0.01695
3.235	0.017539
3.24	0.016321
3.245	0.012767
3.25	0.0071699
3.255	0.0011776
3.26	-0.0039169
3.265	-0.0084589
3.27	-0.012928
3.275	-0.016954
3.28	-0.019989
3.285	-0.021938
3.29	-0.023017
3.295	-0.022995
3.3	-0.022051
3.305	-0.020995
3.31	-0.01999
3.315	-0.019167
3.32	-0.018599
3.325	-0.0181
3.33	-0.016762
3.335	-0.014141
3.34	-0.010019
3.345	-0.0056908
3.35	-0.0023657
3.355	-0.00038152
3.36	0.00076861
3.365	0.0018548
3.37	0.0032665
3.375	0.0049543
3.38	0.0071532
3.385	0.0097455
3.39	0.011986
3.395	0.013571
3.4	0.014259
3.405	0.013821
3.41	0.012523
3.415	0.01133
3.42	0.010482
3.425	0.010746
3.43	0.012644
3.435	0.015546
3.44	0.018857
3.445	0.02272
3.45	0.026149
3.455	0.028959
3.46	0.03102
3.465	0.032403
3.47	0.032373
3.475	0.030351
3.48	0.026481
3.485	0.021093
3.49	0.0155
3.495	0.011405
3.5	0.0090607
3.505	0.0077677
3.51	0.006137
3.515	0.0034026
3.52	-0.00032313
3.525	-0.0043653
3.53	-0.0078579
3.535	-0.011123
3.54	-0.013581
3.545	-0.014552
3.55	-0.013698
3.555	-0.011319
3.56	-0.0086345
3.565	-0.007392
3.57	-0.0086269
3.575	-0.012245
3.58	-0.016983
3.585	-0.021375
3.59	-0.024562
3.595	-0.026135
3.6	-0.026099
3.605	-0.02522
3.61	-0.024205
3.615	-0.023525
3.62	-0.023007
3.625	-0.021498
3.63	-0.018803
3.635	-0.015357
3.64	-0.011484
3.645	-0.008167
3.65	-0.0059272
3.655	-0.0049767
3.66	-0.0050462
3.665	-0.0053233
3.67	-0.005203
3.675	-0.0041893
3.68	-0.0029698
3.685	-0.0020657
3.69	-0.0018131
3.695	-0.0022419
3.7	-0.0031055
3.705	-0.0035741
3.71	-0.0028696
3.715	-0.00045966
3.72	0.0031833
3.725	0.0068499
3.73	0.0096562
3.735	0.011373
3.74	0.012774
3.745	0.013871
3.75	0.013749
3.755	0.012772
3.76	0.011441
3.765	0.0099038
3.77	0.0085632
3.775	0.0079593
3.78	0.0079313
3.785	0.0077591
3.79	0.007477
3.795	0.0070482
3.8	0.0061782
3.805	0.0047101
3.81	0.0024091
3.815	-0.0012178
3.82	-0.0063368
3.825	-0.013
3.83	-0.020678
3.835	-0.028338
3.84	-0.034342
3.845	-0.03783
3.85	-0.038227
3.855	-0.036248
3.86	-0.032898
3.865	-0.029083
3.87	-0.024865
3.875	-0.020099
3.88	-0.016245
3.885	-0.013583
3.89	-0.011397
3.895	-0.0095228
3.9	-0.0082299
3.905	-0.0081415
3.91	-0.0095104
3.915	-0.011598
3.92	-0.013082
3.925	-0.013125
3.93	-0.012374
3.935	-0.011772
3.94	-0.011472
3.945	-0.011482
3.95	-0.012002
3.955	-0.012473
3.96	-0.012257
3.965	-0.010905
3.97	-0.0086744
3.975	-0.0058536
3.98	-0.0019826
3.985	0.0022021
3.99	0.0053475
3.995	0.0069964
4	0.0071994
4.005	0.0057352
4.01	0.0032239
4.015	0.0017531
4.02	0.0029584
4.025	0.0071515
4.03	0.012975
4.035	0.018761
4.04	0.023261
4.045	0.026494
4.05	0.028665
4.055	0.028906
4.06	0.026655
4.065	0.02317
4.07	0.018587
4.075	0.012698
4.08	0.0061669
4.085	5.3788e-05
4.09	-0.0044265
4.095	-0.0071718
4.1	-0.0081744
4.105	-0.0080377
4.11	-0.0072511
4.115	-0.0055761
4.12	-0.0027556
4.125	0.00075714
4.13	0.0053475
4.135	0.010745
4.14	0.015294
4.145	0.017676
4.15	0.01829
4.155	0.018344
4.16	0.018115
4.165	0.017371
4.17	0.015379
4.175	0.012029
4.18	0.0087399
4.185	0.006479
4.19	0.0048163
4.195	0.0031398
4.2	0.00084208
4.205	-0.0023816
4.21	-0.0060447
4.215	-0.0089932
4.22	-0.010457
4.225	-0.010637
4.23	-0.0097212
4.235	-0.0076054
4.24	-0.0039656
4.245	0.00035289
4.25	0.0041975
4.255	0.006471
4.26	0.0070903
4.265	0.0065878
4.27	0.0058519
4.275	0.0061801
4.28	0.0081207
4.285	0.010287
4.29	0.011663
4.295	0.011951
4.3	0.011401
4.305	0.010462
4.31	0.0095271
4.315	0.0086372
4.32	0.0078774
4.325	0.0069334
4.33	0.0052658
4.335	0.0027472
4.34	0.00058803
4.345	0.00010709
4.35	0.001291
4.355	0.0033581
4.36	0.0049496
4.365	0.0051475
4.37	0.0052077
4.375	0.0058018
4.38	0.0063732
4.385	0.0068387
4.39	0.007451
4.395	0.0089085
4.4	0.011202
4.405	0.013683
4.41	0.016119
4.415	0.017966
4.42	0.018482
4.425	0.017713
4.43	0.01563
4.435	0.013055
4.44	0.011147
4.445	0.0097057
4.45	0.0076176
4.455	0.0044098
4.46	0.0010725
4.465	-0.0016512
4.47	-0.0038614
4.475	-0.0056247
4.48	-0.0069893
4.485	-0.0076009
4.49	-0.0073381
4.495	-0.0060111
4.5	-0.0044808
4.505	-0.0039692
4.51	-0.0050981
4.515	-0.0076796
4.52	-0.010785
4.525	-0.013419
4.53	-0.014991
4.535	-0.01559
4.54	-0.015697
4.545	-0.014467
4.55	-0.011686
4.555	-0.0091006
4.56	-0.0073152
4.565	-0.0066587
4.57	-0.0067487
4.575	-0.006518
4.58	-0.0050259
4.585	-0.002171
4.59	0.0015296
4.595	0.0053196
4.6	0.0087764
4.605	0.012117
4.61	0.014747
4.615	0.016981
4.62	0.018675
4.625	0.019202
4.63	0.019433
4.635	0.020401
4.64	0.022428
4.645	0.025246
4.65	0.028345
4.655	0.031243
4.66	0.033248
4.665	0.03395
4.67	0.033914
4.675	0.03361
4.68	0.033113
4.685	0.032056
4.69	0.029855
4.695	0.026699
4.7	0.023405
4.705	0.020408
4.71	0.018197
4.715	0.017116
4.72	0.01706
4.725	0.017361
4.73	0.01767
4.735	0.01752
4.74	0.01635
4.745	0.01405
4.75	0.011585
4.755	0.0092812
4.76	0.0068737
4.765	0.0055738
4.77	0.0060705
4.775	0.0075306
4.78	0.0090321
4.785	0.010764
4.79	0.012453
4.795	0.013533
4.8	0.013334
4.805	0.010655
4.81	0.0057964
4.815	0.00025825
4.82	-0.0052036
4.825	-0.010061
4.83	-0.013356
4.835	-0.014613
4.84	-0.014141
4.845	-0.013491
4.85	-0.014055
4.855	-0.015359
4.86	-0.016823
4.865	-0.017782
4.87	-0.01813
4.875	-0.017711
4.88	-0.016933
4.885	-0.016863
4.89	-0.017942
4.895	-0.019392
4.9	-0.020741
4.905	-0.02126
4.91	-0.021009
4.915	-0.020774
4.92	-0.020741
4.925	-0.021113
4.93	-0.021702
4.935	-0.021434
4.94	-0.020774
4.945	-0.02047
4.95	-0.020309
4.955	-0.019998
4.96	-0.019131
4.965	-0.016823
4.97	-0.013413
4.975	-0.010074
4.98	-0.0089487
4.985	-0.012553
4.99	-0.023401
4.995	-0.041874
5	-0.064409
5.005	-0.085655
5.01	-0.10109
5.015	-0.10835
5.02	-0.10735
5.025	-0.099315
5.03	-0.087417
5.035	-0.075793
5.04	-0.066991
5.045	-0.062247
5.05	-0.060843
5.055	-0.061639
5.06	-0.063499
5.065	-0.065609
5.07	-0.067364
5.075	-0.067733
5.08	-0.066695
5.085	-0.064903
5.09	-0.062611
5.095	-0.060336
5.1	-0.058302
5.105	-0.056154
5.11	-0.054049
5.115	-0.052764
5.12	-0.052801
5.125	-0.053576
5.13	-0.053997
5.135	-0.053907
5.14	-0.052655
5.145	-0.049717
5.15	-0.04629
5.155	-0.043454
5.16	-0.041191
5.165	-0.039241
5.17	-0.037055
5.175	-0.033627
5.18	-0.028089
5.185	-0.019076
5.19	-0.0054258
5.195	0.012866
5.2	0.03396
5.205	0.054363
5.21	0.070819
5.215	0.080792
5.22	0.083448
5.225	0.080151
5.23	0.073562
5.235	0.066433
5.24	0.05997
5.245	0.0551
5.25	0.051443
5.255	0.048017
5.26	0.044689
5.265	0.042066
5.27	0.040912
5.275	0.041406
5.28	0.043195
5.285	0.044847
5.29	0.044629
5.295	0.04255
5.3	0.039907
5.305	0.037373
5.31	0.035003
5.315	0.033216
5.32	0.031604
5.325	0.029694
5.33	0.027602
5.335	0.025251
5.34	0.023496
5.345	0.022539
5.35	0.021838
5.355	0.020895
5.36	0.019525
5.365	0.01794
5.37	0.016902
5.375	0.016796
5.38	0.018295
5.385	0.021983
5.39	0.02771
5.395	0.034864
5.4	0.042083
5.405	0.047923
5.41	0.05152
5.415	0.052944
5.42	0.053299
5.425	0.052373
5.43	0.050327
5.435	0.047369
5.44	0.044538
5.445	0.042655
5.45	0.041466
5.455	0.039952
5.46	0.037427
5.465	0.034403
5.47	0.031126
5.475	0.026885
5.48	0.021923
5.485	0.017053
5.49	0.01181
5.495	0.0064276
5.5	0.001539
5.505	-0.0032752
5.51	-0.007282
5.515	-0.0099844
5.52	-0.01155
5.525	-0.012393
5.53	-0.013109
5.535	-0.013098
5.54	-0.012849
5.545	-0.013292
5.55	-0.014527
5.555	-0.016319
5.56	-0.018544
5.565	-0.020958
5.57	-0.0233
5.575	-0.025471
5.58	-0.026006
5.585	-0.024068
5.59	-0.02099
5.595	-0.018324
5.6	-0.016442
5.605	-0.015077
5.61	-0.013969
5.615	-0.013006
5.62	-0.011729
5.625	-0.0099188
5.63	-0.0079472
5.635	-0.0057257
5.64	-0.0025172
5.645	0.0014928
5.65	0.0052733
5.655	0.0078319
5.66	0.0093931
5.665	0.0093906
5.67	0.0086068
5.675	0.0084289
5.68	0.0086846
5.685	0.0090507
5.69	0.0094464
5.695	0.010058
5.7	0.01104
5.705	0.012278
5.71	0.013172
5.715	0.013548
5.72	0.014552
5.725	0.016321
5.73	0.017516
5.735	0.017736
5.74	0.01745
5.745	0.01706
5.75	0.017059
5.755	0.018163
5.76	0.020043
5.765	0.02225
5.77	0.024518
5.775	0.026418
5.78	0.027131
5.785	0.025913
5.79	0.023058
5.795	0.019059
5.8	0.014075
5.805	0.0084806
5.81	0.0035929
5.815	0.0014298
5.82	0.0033614
5.825	0.010326
5.83	0.02196
5.835	0.036065
5.84	0.050131
5.845	0.061905
5.85	0.068788
5.855	0.07003
5.86	0.066916
5.865	0.061119
5.87	0.05409
5.875	0.047363
5.88	0.042534
5.885	0.040289
5.89	0.041143
5.895	0.044781
5.9	0.050515
5.905	0.057728
5.91	0.065848
5.915	0.074092
5.92	0.081557
5.925	0.087542
5.93	0.091794
5.935	0.094112
5.94	0.094569
5.945	0.092662
5.95	0.088113
5.955	0.081433
5.96	0.073964
5.965	0.066825
5.97	0.060857
5.975	0.056377
5.98	0.054256
5.985	0.054163
5.99	0.053933
5.995	0.051425
6	0.046636
6.005	0.040822
6.01	0.034826
6.015	0.029533
6.02	0.024473
6.025	0.019447
6.03	0.014516
6.035	0.0093077
6.04	0.0039718
6.045	-0.00011191
6.05	-0.0016752
6.055	-0.0013907
6.06	-0.00052972
6.065	-0.00019055
6.07	-0.0012547
6.075	-0.0036614
6.08	-0.0067388
6.085	-0.010058
6.09	-0.012735
6.095	-0.013863
6.1	-0.013524
6.105	-0.012901
6.11	-0.013047
6.115	-0.014292
6.12	-0.016582
6.125	-0.01942
6.13	-0.022361
6.135	-0.025509
6.14	-0.029039
6.145	-0.032616
6.15	-0.035823
6.155	-0.038062
6.16	-0.038915
6.165	-0.038726
6.17	-0.038262
6.175	-0.039417
6.18	-0.042405
6.185	-0.046123
6.19	-0.050245
6.195	-0.055227
6.2	-0.060738
6.205	-0.066425
6.21	-0.071963
6.215	-0.077063
6.22	-0.08075
6.225	-0.082919
6.23	-0.0848
6.235	-0.087156
6.24	-0.08988
6.245	-0.092711
6.25	-0.095289
6.255	-0.097026
6.26	-0.097812
6.265	-0.097731
6.27	-0.097312
6.275	-0.097772
6.28	-0.099343
6.285	-0.10131
6.29	-0.10404
6.295	-0.1077
6.3	-0.11206
6.305	-0.11642
6.31	-0.11997
6.315	-0.12246
6.32	-0.1231
6.325	-0.12217
6.33	-0.12082
6.335	-0.11941
6.34	-0.11863
6.345	-0.11868
6.35	-0.11852
6.355	-0.11746
6.36	-0.11531
6.365	-0.11222
6.37	-0.10813
6.375	-0.10363
6.38	-0.10024
6.385	-0.098935
6.39	-0.0988
6.395	-0.098283
6.4	-0.096749
6.405	-0.094908
6.41	-0.093393
6.415	-0.092306
6.42	-0.091482
6.425	-0.091168
6.43	-0.091362
6.435	-0.091414
6.44	-0.090736
6.445	-0.088562
6.45	-0.085745
6.455	-0.083632
6.46	-0.081673
6.465	-0.079247
6.47	-0.076405
6.475	-0.072849
6.48	-0.069382
6.485	-0.066586
6.49	-0.064312
6.495	-0.061736
6.5	-0.058546
6.505	-0.055015
6.51	-0.051034
6.515	-0.046424
6.52	-0.041534
6.525	-0.037124
6.53	-0.033437
6.535	-0.029964
6.54	-0.026668
6.545	-0.023313
6.55	-0.02039
6.555	-0.0179
6.56	-0.014829
6.565	-0.011288
6.57	-0.0082352
6.575	-0.0066805
6.58	-0.0064071
6.585	-0.0058491
6.59	-0.00419
6.595	-0.0015953
6.6	0.0020158
6.605	0.007106
6.61	0.013197
6.615	0.018893
6.62	0.02344
6.625	0.027413
6.63	0.031942
6.635	0.036841
6.64	0.041233
6.645	0.044786
6.65	0.048189
6.655	0.052016
6.66	0.056464
6.665	0.061519
6.67	0.066798
6.675	0.071929
6.68	0.076653
6.685	0.080705
6.69	0.08411
6.695	0.087719
6.7	0.091465
6.705	0.094361
6.71	0.095713
6.715	0.096223
6.72	0.095967
6.725	0.095841
6.73	0.096235
6.735	0.097364
6.74	0.099945
6.745	0.10318
6.75	0.10659
6.755	0.11034
6.76	0.11375
6.765	0.11644
6.77	0.11945
6.775	0.12325
6.78	0.12761
6.785	0.13258
6.79	0.13828
6.795	0.14401
6.8	0.14852
6.805	0.15078
6.81	0.15094
6.815	0.14956
6.82	0.14735
6.825	0.14498
6.83	0.14259
6.835	0.14028
6.84	0.13779
6.845	0.13448
6.85	0.13038
6.855	0.12593
6.86	0.12108
6.865	0.11633
6.87	0.1127
6.875	0.11016
6.88	0.10817
6.885	0.10644
6.89	0.10496
6.895	0.10358
6.9	0.1018
6.905	0.098792
6.91	0.09478
6.915	0.090731
6.92	0.086955
6.925	0.0828
6.93	0.077314
6.935	0.070945
6.94	0.064627
6.945	0.058767
6.95	0.053384
6.955	0.048697
6.96	0.045294
6.965	0.042574
6.97	0.040216
6.975	0.038008
6.98	0.035362
6.985	0.031984
6.99	0.0276
6.995	0.023594
7	0.020336
7.005	0.018904
7.01	0.019411
7.015	0.021137
7.02	0.023059
7.025	0.024351
7.03	0.023886
7.035	0.021331
7.04	0.017006
7.045	0.01202
7.05	0.0076594
7.055	0.0044092
7.06	0.0023816
7.065	0.0013883
7.07	0.001272
7.075	0.0023474
7.08	0.0045248
7.085	0.0067276
7.09	0.0086426
7.095	0.010133
7.1	0.01121
7.105	0.011985
7.11	0.011754
7.115	0.010143
7.12	0.0080654
7.125	0.0070533
7.13	0.0071985
7.135	0.0075312
7.14	0.0076593
7.145	0.008133
7.15	0.009609
7.155	0.011996
7.16	0.015439
7.165	0.019849
7.17	0.024318
7.175	0.027987
7.18	0.029997
7.185	0.03014
7.19	0.029798
7.195	0.029398
7.2	0.027805
7.205	0.023147
7.21	0.014607
7.215	0.0033075
7.22	-0.0088052
7.225	-0.020635
7.23	-0.031029
7.235	-0.039462
7.24	-0.04606
7.245	-0.051544
7.25	-0.057835
7.255	-0.065654
7.26	-0.074538
7.265	-0.085376
7.27	-0.099115
7.275	-0.11452
7.28	-0.12981
7.285	-0.14455
7.29	-0.15804
7.295	-0.16881
7.3	-0.17556
7.305	-0.17749
7.31	-0.17392
7.315	-0.16418
7.32	-0.14891
7.325	-0.12952
7.33	-0.10841
7.335	-0.089404
7.34	-0.075615
7.345	-0.068734
7.35	-0.068901
7.355	-0.074841
7.36	-0.084477
7.365	-0.095326
7.37	-0.10481
7.375	-0.11016
7.38	-0.10978
7.385	-0.10399
7.39	-0.094726
7.395	-0.083135
7.4	-0.070313
7.405	-0.058181
7.41	-0.04894
7.415	-0.044336
7.42	-0.044446
7.425	-0.048085
7.43	-0.054001
7.435	-0.059818
7.44	-0.063298
7.445	-0.063457
7.45	-0.061199
7.455	-0.058066
7.46	-0.056079
7.465	-0.056282
7.47	-0.058228
7.475	-0.061361
7.48	-0.064975
7.485	-0.067253
7.49	-0.066613
7.495	-0.063745
7.5	-0.059651
7.505	-0.054428
7.51	-0.04868
7.515	-0.043363
7.52	-0.039091
7.525	-0.036392
7.53	-0.036368
7.535	-0.038362
7.54	-0.040253
7.545	-0.040742
7.55	-0.040309
7.555	-0.03961
7.56	-0.038446
7.565	-0.036841
7.57	-0.03506
7.575	-0.033013
7.58	-0.030046
7.585	-0.026197
7.59	-0.021753
7.595	-0.016709
7.6	-0.011122
7.605	-0.0056928
7.61	-0.00059416
7.615	0.0039473
7.62	0.0084605
7.625	0.012299
7.63	0.015078
7.635	0.016576
7.64	0.016584
7.645	0.014267
7.65	0.0091858
7.655	0.0023235
7.66	-0.0045992
7.665	-0.010571
7.67	-0.015262
7.675	-0.018119
7.68	-0.018479
7.685	-0.016377
7.69	-0.012651
7.695	-0.0073031
7.7	-0.001018
7.705	0.0051716
7.71	0.0099138
7.715	0.012491
7.72	0.013172
7.725	0.012786
7.73	0.01204
7.735	0.011608
7.74	0.011229
7.745	0.010565
7.75	0.010549
7.755	0.011744
7.76	0.013312
7.765	0.014805
7.77	0.016266
7.775	0.017733
7.78	0.019468
7.785	0.021226
7.79	0.022933
7.795	0.024319
7.8	0.02471
7.805	0.023971
7.81	0.022674
7.815	0.021672
7.82	0.020803
7.825	0.019715
7.83	0.018288
7.835	0.016999
7.84	0.016524
7.845	0.017451
7.85	0.01946
7.855	0.022115
7.86	0.024991
7.865	0.027681
7.87	0.029369
7.875	0.029904
7.88	0.030446
7.885	0.030836
7.89	0.030714
7.895	0.030212
7.9	0.029954
7.905	0.029851
7.91	0.029973
7.915	0.030825
7.92	0.032359
7.925	0.033683
7.93	0.034576
7.935	0.035188
7.94	0.034717
7.945	0.032742
7.95	0.029942
7.955	0.027455
7.96	0.025612
7.965	0.024337
7.97	0.023205
7.975	0.021659
7.98	0.019875
7.985	0.017908
7.99	0.015647
7.995	0.013711
8	0.013002
8.005	0.01368
8.01	0.015133
8.015	0.016806
8.02	0.017957
8.025	0.018231
8.03	0.017984
8.035	0.017014
8.04	0.014645
8.045	0.011383
8.05	0.0086868
8.055	0.0072118
8.06	0.0071227
8.065	0.0083142
8.07	0.010645
8.075	0.012525
8.08	0.012589
8.085	0.011079
8.09	0.0087427
8.095	0.006953
8.1	0.0065105
8.105	0.0070271
8.11	0.0081362
8.115	0.0096199
8.12	0.011939
8.125	0.015284
8.13	0.019159
8.135	0.023163
8.14	0.027695
8.145	0.032605
8.15	0.038926
8.155	0.04747
8.16	0.056763
8.165	0.064966
8.17	0.070425
8.175	0.071978
8.18	0.069549
8.185	0.064345
8.19	0.057369
8.195	0.049428
8.2	0.041569
8.205	0.035448
8.21	0.031571
8.215	0.029794
8.22	0.030285
8.225	0.033397
8.23	0.037494
8.235	0.040683
8.24	0.042131
8.245	0.041788
8.25	0.039358
8.255	0.035045
8.26	0.029769
8.265	0.024689
8.27	0.021576
8.275	0.021759
8.28	0.02439
8.285	0.027814
8.29	0.03079
8.295	0.032556
8.3	0.032786
8.305	0.032034
8.31	0.031505
8.315	0.031899
8.32	0.033419
8.325	0.035688
8.33	0.037729
8.335	0.038537
8.34	0.037806
8.345	0.036273
8.35	0.034812
8.355	0.033351
8.36	0.032104
8.365	0.030877
8.37	0.029297
8.375	0.027473
8.38	0.026236
8.385	0.025744
8.39	0.025828
8.395	0.026574
8.4	0.027431
8.405	0.027479
8.41	0.02633
8.415	0.024204
8.42	0.021381
8.425	0.017571
8.43	0.012879
8.435	0.0086819
8.44	0.0063555
8.445	0.0060315
8.45	0.0072132
8.455	0.0091154
8.46	0.0099387
8.465	0.0094198
8.47	0.0080999
8.475	0.0067136
8.48	0.0051767
8.485	0.0032327
8.49	0.0011897
8.495	-0.00050345
8.5	-0.001407
8.505	-0.0012777
8.51	-0.00042486
8.515	0.00051817
8.52	0.0010408
8.525	0.00079583
8.53	-0.0013568
8.535	-0.0057055
8.54	-0.011057
8.545	-0.015648
8.55	-0.018235
8.555	-0.019103
8.56	-0.018651
8.565	-0.017012
8.57	-0.014672
8.575	-0.012165
8.58	-0.010066
8.585	-0.0080016
8.59	-0.0058039
8.595	-0.0039025
8.6	-0.003507
8.605	-0.0047943
8.61	-0.0069017
8.615	-0.0091946
8.62	-0.010985
8.625	-0.012297
8.63	-0.013929
8.635	-0.015984
8.64	-0.018171
8.645	-0.020183
8.65	-0.022004
8.655	-0.023754
8.66	-0.025733
8.665	-0.027955
8.67	-0.031118
8.675	-0.035315
8.68	-0.039737
8.685	-0.043825
8.69	-0.047343
8.695	-0.04984
8.7	-0.050776
8.705	-0.050566
8.71	-0.050672
8.715	-0.051503
8.72	-0.052974
8.725	-0.055426
8.73	-0.058289
8.735	-0.060705
8.74	-0.062406
8.745	-0.063249
8.75	-0.062912
8.755	-0.061262
8.76	-0.058959
8.765	-0.056782
8.77	-0.054325
8.775	-0.051336
8.78	-0.048569
8.785	-0.04609
8.79	-0.044259
8.795	-0.043658
8.8	-0.044325
8.805	-0.046018
8.81	-0.047955
8.815	-0.049006
8.82	-0.048427
8.825	-0.046494
8.83	-0.043632
8.835	-0.040265
8.84	-0.036826
8.845	-0.034235
8.85	-0.032881
8.855	-0.032413
8.86	-0.032717
8.865	-0.033119
8.87	-0.032822
8.875	-0.032317
8.88	-0.032001
8.885	-0.031881
8.89	-0.031198
8.895	-0.030021
8.9	-0.028919
8.905	-0.027068
8.91	-0.024076
8.915	-0.021025
8.92	-0.01926
8.925	-0.018181
8.93	-0.016825
8.935	-0.015585
8.94	-0.014012
8.945	-0.011803
8.95	-0.0097148
8.955	-0.0083042
8.96	-0.0066961
8.965	-0.0044539
8.97	-0.002703
8.975	-0.0020837
8.98	-0.0027985
8.985	-0.0049036
8.99	-0.0071998
8.995	-0.0082412
9	-0.0078663
9.005	-0.006551
9.01	-0.005073
9.015	-0.0037922
9.02	-0.0024854
9.025	-0.00036966
9.03	0.0025269
9.035	0.0055926
9.04	0.0083476
9.045	0.009924
9.05	0.010103
9.055	0.009169
9.06	0.0076863
9.065	0.0061758
9.07	0.004533
9.075	0.0029449
9.08	0.001618
9.085	0.0012443
9.09	0.0019312
9.095	0.0039593
9.1	0.0061849
9.105	0.0071921
9.11	0.0071648
9.115	0.0072293
9.12	0.0076275
9.125	0.0082495
9.13	0.0095947
9.135	0.012429
9.14	0.016377
9.145	0.019985
9.15	0.021921
9.155	0.021605
9.16	0.019363
9.165	0.016836
9.17	0.014821
9.175	0.013235
9.18	0.012437
9.185	0.012154
9.19	0.012028
9.195	0.012242
9.2	0.013463
9.205	0.014531
9.21	0.014654
9.215	0.014642
9.22	0.014666
9.225	0.014176
9.23	0.012927
9.235	0.011753
9.24	0.011853
9.245	0.013267
9.25	0.015375
9.255	0.017161
9.26	0.018241
9.265	0.018282
9.27	0.017145
9.275	0.015117
9.28	0.012988
9.285	0.011739
9.29	0.011745
9.295	0.012463
9.3	0.01339
9.305	0.013424
9.31	0.012566
9.315	0.011354
9.32	0.0097155
9.325	0.0076345
9.33	0.0057368
9.335	0.0051523
9.34	0.0057242
9.345	0.0064951
9.35	0.0076186
9.355	0.0096895
9.36	0.011633
9.365	0.012804
9.37	0.013753
9.375	0.014157
9.38	0.013682
9.385	0.013607
9.39	0.014405
9.395	0.015878
9.4	0.017778
9.405	0.019408
9.41	0.020163
9.415	0.020033
9.42	0.019524
9.425	0.019478
9.43	0.020372
9.435	0.021939
9.44	0.023063
9.445	0.022969
9.45	0.021515
9.455	0.019539
9.46	0.017173
9.465	0.01468
9.47	0.012394
9.475	0.010075
9.48	0.0076101
9.485	0.0052463
9.49	0.0033574
9.495	0.0020598
9.5	0.0012475
9.505	0.00088909
9.51	4.6563e-06
9.515	-0.0023068
9.52	-0.0055687
9.525	-0.0083818
9.53	-0.010347
9.535	-0.011864
9.54	-0.013085
9.545	-0.014092
9.55	-0.014575
9.555	-0.014471
9.56	-0.014044
9.565	-0.013531
9.57	-0.013288
9.575	-0.013566
9.58	-0.01452
9.585	-0.015568
9.59	-0.015469
9.595	-0.014048
9.6	-0.012643
9.605	-0.012501
9.61	-0.013502
9.615	-0.015586
9.62	-0.018268
9.625	-0.019244
9.63	-0.018027
9.635	-0.015377
9.64	-0.012684
9.645	-0.011036
9.65	-0.010613
9.655	-0.010898
9.66	-0.011468
9.665	-0.011614
9.67	-0.010885
9.675	-0.0092008
9.68	-0.0071315
9.685	-0.0058992
9.69	-0.006201
9.695	-0.0073016
9.7	-0.0089599
9.705	-0.010155
9.71	-0.0092731
9.715	-0.0074106
9.72	-0.0058824
9.725	-0.004768
9.73	-0.0032663
9.735	-0.0015937
9.74	-0.00056667
9.745	-0.00038701
9.75	-0.00098741
9.755	-0.002239
9.76	-0.0035078
9.765	-0.0041183
9.77	-0.0034754
9.775	-0.0016926
9.78	0.00119
9.785	0.0034792
9.79	0.0036809
9.795	0.0023
9.8	0.00044419
9.805	-0.00074292
9.81	-0.0010145
9.815	-0.00052336
9.82	0.00063215
9.825	0.0023146
9.83	0.004685
9.835	0.0070041
9.84	0.008422
9.845	0.0089897
9.85	0.0087209
9.855	0.0081125
9.86	0.0076415
9.865	0.0075557
9.87	0.0084549
9.875	0.0099949
9.88	0.011353
9.885	0.012798
9.89	0.014348
9.895	0.015638
9.9	0.0164
9.905	0.016616
9.91	0.015968
9.915	0.014907
9.92	0.013859
9.925	0.013545
9.93	0.013703
9.935	0.013914
9.94	0.013652
9.945	0.013165
9.95	0.012866
9.955	0.012614
9.96	0.012292
9.965	0.012491
9.97	0.01371
9.975	0.015029
9.98	0.01521
9.985	0.014785
9.99	0.014351
9.995	0.013276
10	0.011246
10.005	0.0092137
10.01	0.0083386
10.015	0.0086705
10.02	0.0095962
10.025	0.010353
10.03	0.010807
10.035	0.010772
10.04	0.0099792
10.045	0.0090537
10.05	0.0091435
10.055	0.010583
10.06	0.01322
10.065	0.016202
10.07	0.018142
10.075	0.018586
10.08	0.018027
10.085	0.016749
10.09	0.014993
10.095	0.012928
10.1	0.011024
10.105	0.0099544
10.11	0.0095723
10.115	0.0094089
10.12	0.0093022
10.125	0.0090912
10.13	0.00856
10.135	0.0075166
10.14	0.0063009
10.145	0.0051484
10.15	0.0042486
10.155	0.0038992
10.16	0.0042698
10.165	0.0051344
10.17	0.005464
10.175	0.005176
10.18	0.0041349
10.185	0.0027036
10.19	0.0012719
10.195	0.00022195
10.2	4.4861e-06
10.205	-0.00020758
10.21	-0.00038411
10.215	-0.00072883
10.22	-0.0015454
10.225	-0.0028275
10.23	-0.0048677
10.235	-0.0069757
10.24	-0.0082105
10.245	-0.0082239
10.25	-0.0076437
10.255	-0.0074904
10.26	-0.0083398
10.265	-0.0099635
10.27	-0.011515
10.275	-0.012428
10.28	-0.013133
10.285	-0.014151
10.29	-0.0152
10.295	-0.015255
10.3	-0.015041
10.305	-0.015367
10.31	-0.015625
10.315	-0.01562
10.32	-0.01534
10.325	-0.014925
10.33	-0.013828
10.335	-0.012363
10.34	-0.010902
10.345	-0.0090459
10.35	-0.0070049
10.355	-0.0053474
10.36	-0.0036429
10.365	-0.0015097
10.37	0.00055199
10.375	0.0022474
10.38	0.0036481
10.385	0.0042664
10.39	0.0038013
10.395	0.0031683
10.4	0.0026927
10.405	0.0019653
10.41	0.0013609
10.415	0.001409
10.42	0.001572
10.425	0.0012922
10.43	0.00094543
10.435	0.00057536
10.44	5.6328e-05
10.445	-0.00055785
10.45	-0.0013998
10.455	-0.0024743
10.46	-0.0034675
10.465	-0.0040288
10.47	-0.0041895
10.475	-0.003871
10.48	-0.0028979
10.485	-0.0015884
10.49	-0.0011593
10.495	-0.0020589
10.5	-0.0037372
10.505	-0.0050674
10.51	-0.0058933
10.515	-0.0064524
10.52	-0.0067643
10.525	-0.0066241
10.53	-0.0056513
10.535	-0.0035274
10.54	-0.00083763
10.545	0.0017433
10.55	0.0035745
10.555	0.0047409
10.56	0.0059095
10.565	0.0071115
10.57	0.008099
10.575	0.0092433
10.58	0.010394
10.585	0.011464
10.59	0.012119
10.595	0.012064
10.6	0.01179
10.605	0.012186
10.61	0.012981
10.615	0.013069
10.62	0.012325
10.625	0.010492
10.63	0.0080225
10.635	0.006115
10.64	0.005339
10.645	0.0049436
10.65	0.0049561
10.655	0.0054437
10.66	0.0062807
10.665	0.0070754
10.67	0.0082884
10.675	0.0099031
10.68	0.011449
10.685	0.012117
10.69	0.01208
10.695	0.011557
10.7	0.01038
10.705	0.0090266
10.71	0.0078615
10.715	0.0067422
10.72	0.0055335
10.725	0.0039405
10.73	0.0021554
10.735	0.00090185
10.74	0.0010382
10.745	0.0021914
10.75	0.0032084
10.755	0.0034609
10.76	0.003418
10.765	0.0035837
10.77	0.0040133
10.775	0.0050648
10.78	0.0062071
10.785	0.0065206
10.79	0.0063732
10.795	0.0060009
10.8	0.0053586
10.805	0.0048805
10.81	0.0052055
10.815	0.006063
10.82	0.0067967
10.825	0.0070764
10.83	0.0072186
10.835	0.0072594
10.84	0.0073507
10.845	0.0070489
10.85	0.0058426
10.855	0.0032506
10.86	-0.00082496
10.865	-0.0061608
10.87	-0.011942
10.875	-0.016634
10.88	-0.019378
10.885	-0.020594
10.89	-0.020997
10.895	-0.020293
10.9	-0.018665
10.905	-0.016694
10.91	-0.015102
10.915	-0.014027
10.92	-0.013152
10.925	-0.012261
10.93	-0.011929
10.935	-0.012871
10.94	-0.014897
10.945	-0.017197
10.95	-0.018293
10.955	-0.017261
10.96	-0.014998
10.965	-0.012518
10.97	-0.011208
10.975	-0.011439
10.98	-0.013106
10.985	-0.015934
10.99	-0.018101
10.995	-0.018472
11	-0.017845
11.005	-0.017268
11.01	-0.017584
11.015	-0.018171
11.02	-0.018595
11.025	-0.019052
11.03	-0.019483
11.035	-0.02042
11.04	-0.022556
11.045	-0.025986
11.05	-0.030183
11.055	-0.034817
11.06	-0.039135
11.065	-0.042005
11.07	-0.043542
11.075	-0.043746
11.08	-0.042623
11.085	-0.040586
11.09	-0.038063
11.095	-0.035882
11.1	-0.03443
11.105	-0.033609
11.11	-0.033155
11.115	-0.033041
11.12	-0.032401
11.125	-0.030904
11.13	-0.028846
11.135	-0.026418
11.14	-0.024371
11.145	-0.02394
11.15	-0.025037
11.155	-0.026609
11.16	-0.027504
11.165	-0.027268
11.17	-0.025937
11.175	-0.023655
11.18	-0.020487
11.185	-0.017658
11.19	-0.015936
11.195	-0.014855
11.2	-0.014496
11.205	-0.01501
11.21	-0.015527
11.215	-0.016184
11.22	-0.016502
11.225	-0.016161
11.23	-0.014868
11.235	-0.012013
11.24	-0.0085749
11.245	-0.0062103
11.25	-0.0053702
11.255	-0.0049277
11.26	-0.0043647
11.265	-0.0042286
11.27	-0.0046085
11.275	-0.0054654
11.28	-0.0064744
11.285	-0.0068456
11.29	-0.0068494
11.295	-0.006145
11.3	-0.0049237
11.305	-0.0033929
11.31	-0.0014694
11.315	0.00055219
11.32	0.0026356
11.325	0.0041933
11.33	0.0043758
11.335	0.0039034
11.34	0.0035572
11.345	0.0036983
11.35	0.0046782
11.355	0.0063688
11.36	0.0083426
11.365	0.010451
11.37	0.012007
11.375	0.011944
11.38	0.01001
11.385	0.0067744
11.39	0.0045603
11.395	0.0048551
11.4	0.0076835
11.405	0.012035
11.41	0.01607
11.415	0.017937
11.42	0.01698
11.425	0.014122
11.43	0.010586
11.435	0.0072052
11.44	0.0053015
11.445	0.0056258
11.45	0.0073845
11.455	0.0093873
11.46	0.010752
11.465	0.011059
11.47	0.010041
11.475	0.0086028
11.48	0.0082269
11.485	0.0089463
11.49	0.010509
11.495	0.012833
11.5	0.015371
11.505	0.017426
11.51	0.018686
11.515	0.019446
11.52	0.020142
11.525	0.020106
11.53	0.018848
11.535	0.016854
11.54	0.015501
11.545	0.015336
11.55	0.015385
11.555	0.015773
11.56	0.016973
11.565	0.018372
11.57	0.019981
11.575	0.022321
11.58	0.02534
11.585	0.028082
11.59	0.029734
11.595	0.03025
11.6	0.029986
11.605	0.029151
11.61	0.028783
11.615	0.029343
11.62	0.030485
11.625	0.032236
11.63	0.034176
11.635	0.035051
11.64	0.034913
11.645	0.034552
11.65	0.034212
11.655	0.033707
11.66	0.033107
11.665	0.03246
11.67	0.031775
11.675	0.031046
11.68	0.030233
11.685	0.02888
11.69	0.027333
11.695	0.026535
11.7	0.026425
11.705	0.026608
11.71	0.027092
11.715	0.027805
11.72	0.027925
11.725	0.026705
11.73	0.025005
11.735	0.024379
11.74	0.025029
11.745	0.026656
11.75	0.029356
11.755	0.032683
11.76	0.035416
11.765	0.036379
11.77	0.035546
11.775	0.032983
11.78	0.029935
11.785	0.027476
11.79	0.026101
11.795	0.025728
11.8	0.025599
11.805	0.025602
11.81	0.025383
11.815	0.025105
11.82	0.02461
11.825	0.023556
11.83	0.022969
11.835	0.022626
11.84	0.021605
11.845	0.019588
11.85	0.017648
11.855	0.016426
11.86	0.016304
11.865	0.016881
11.87	0.016796
11.875	0.015869
11.88	0.0151
11.885	0.014461
11.89	0.013202
11.895	0.010628
11.9	0.0074121
11.905	0.0040281
11.91	0.0009343
11.915	-0.00078159
11.92	-0.00080017
11.925	0.00058623
11.93	0.0028132
11.935	0.0050171
11.94	0.0063619
11.945	0.0066764
11.95	0.0064814
11.955	0.0053532
11.96	0.004002
11.965	0.0033704
11.97	0.0038159
11.975	0.0046434
11.98	0.0051552
11.985	0.0053503
11.99	0.0051026
11.995	0.0048066
12	0.0048575
12.005	0.005113
12.01	0.0041529
12.015	0.0017856
12.02	-0.00078928
12.025	-0.0022988
12.03	-0.003151
12.035	-0.0047495
12.04	-0.0070033
12.045	-0.0097799
12.05	-0.012749
12.055	-0.014894
12.06	-0.016583
12.065	-0.017978
12.07	-0.018301
12.075	-0.017117
12.08	-0.01527
12.085	-0.013511
12.09	-0.012529
12.095	-0.012799
12.1	-0.013978
12.105	-0.015144
12.11	-0.016307
12.115	-0.018162
12.12	-0.021559
12.125	-0.026089
12.13	-0.030317
12.135	-0.033113
12.14	-0.034482
12.145	-0.035906
12.15	-0.038126
12.155	-0.0401
12.16	-0.040468
12.165	-0.038876
12.17	-0.036473
12.175	-0.033998
12.18	-0.032217
12.185	-0.0318
12.19	-0.032518
12.195	-0.033733
12.2	-0.035391
12.205	-0.036949
12.21	-0.038122
12.215	-0.038425
12.22	-0.036813
12.225	-0.033499
12.23	-0.030434
12.235	-0.028793
12.24	-0.027877
12.245	-0.026732
12.25	-0.025543
12.255	-0.024512
12.26	-0.023638
12.265	-0.022856
12.27	-0.022358
12.275	-0.021622
12.28	-0.021055
12.285	-0.021286
12.29	-0.022108
12.295	-0.022635
12.3	-0.021812
12.305	-0.020291
12.31	-0.018377
12.315	-0.016371
12.32	-0.014851
12.325	-0.014178
12.33	-0.014694
12.335	-0.015483
12.34	-0.015472
12.345	-0.014399
12.35	-0.012845
12.355	-0.011447
12.36	-0.010265
12.365	-0.0094712
12.37	-0.0090239
12.375	-0.0089889
12.38	-0.0092342
12.385	-0.0096741
12.39	-0.0099006
12.395	-0.0089257
12.4	-0.0069862
12.405	-0.0053924
12.41	-0.0050019
12.415	-0.0052866
12.42	-0.0053558
12.425	-0.0047388
12.43	-0.0038459
12.435	-0.0034765
12.44	-0.0036894
12.445	-0.0043207
12.45	-0.0055538
12.455	-0.0072654
12.46	-0.0091913
12.465	-0.010614
12.47	-0.01117
12.475	-0.011041
12.48	-0.010066
12.485	-0.0086394
12.49	-0.0076169
12.495	-0.0075386
12.5	-0.0080426
12.505	-0.0083512
12.51	-0.0083402
12.515	-0.007725
12.52	-0.0064836
12.525	-0.0052828
12.53	-0.0045355
12.535	-0.0041023
12.54	-0.0043925
12.545	-0.0048631
12.55	-0.0042649
12.555	-0.0031702
12.56	-0.0019988
12.565	-0.00025231
12.57	0.0025283
12.575	0.0057485
12.58	0.0076984
12.585	0.0081348
12.59	0.0074338
12.595	0.0054277
12.6	0.0026092
12.605	4.9617e-05
12.61	-0.0013742
12.615	-0.0016883
12.62	-0.00079835
12.625	0.00076356
12.63	0.0021439
12.635	0.0032036
12.64	0.0041453
12.645	0.0048058
12.65	0.0049999
12.655	0.0056942
12.66	0.007024
12.665	0.0080522
12.67	0.0086815
12.675	0.0092455
12.68	0.010058
12.685	0.011202
12.69	0.012212
12.695	0.012802
12.7	0.013159
12.705	0.01315
12.71	0.012668
12.715	0.01239
12.72	0.012711
12.725	0.013601
12.73	0.014302
12.735	0.015063
12.74	0.015425
12.745	0.014397
12.75	0.012659
12.755	0.011404
12.76	0.011506
12.765	0.013192
12.77	0.015497
12.775	0.016759
12.78	0.016264
12.785	0.01465
12.79	0.013046
12.795	0.011482
12.8	0.0097071
12.805	0.0084657
12.81	0.0079129
12.815	0.0074262
12.82	0.006726
12.825	0.0059084
12.83	0.0050998
12.835	0.0049509
12.84	0.0056484
12.845	0.0063325
12.85	0.0061895
12.855	0.0051789
12.86	0.0037471
12.865	0.0023095
12.87	0.0018877
12.875	0.0023717
12.88	0.0028005
12.885	0.0028925
12.89	0.0028026
12.895	0.0030612
12.9	0.0039351
12.905	0.0047758
12.91	0.0050772
12.915	0.0046792
12.92	0.0037005
12.925	0.0028802
12.93	0.0024185
12.935	0.0026651
12.94	0.0035643
12.945	0.0045436
12.95	0.005175
12.955	0.0050871
12.96	0.0043778
12.965	0.0034559
12.97	0.0029135
12.975	0.0033632
12.98	0.0042543
12.985	0.0051578
12.99	0.0060362
12.995	0.0069626
13	0.0077285
13.005	0.0082676
13.01	0.0080133
13.015	0.0068387
13.02	0.0056081
13.025	0.0049566
13.03	0.0049554
13.035	0.0057428
13.04	0.0076684
13.045	0.010159
13.05	0.011909
13.055	0.011954
13.06	0.010406
13.065	0.0085698
13.07	0.0075579
13.075	0.0080341
13.08	0.0095462
13.085	0.010748
13.09	0.010619
13.095	0.0095674
13.1	0.0076288
13.105	0.0051417
13.11	0.0034111
13.115	0.0028669
13.12	0.0029161
13.125	0.002788
13.13	0.0026723
13.135	0.0029885
13.14	0.0040998
13.145	0.005238
13.15	0.0059672
13.155	0.0059737
13.16	0.0049777
13.165	0.0032915
13.17	0.0018004
13.175	0.00070248
13.18	0.00056239
13.185	0.0010262
13.19	0.0015973
13.195	0.002504
13.2	0.0037177
13.205	0.0050457
13.21	0.0059394
13.215	0.0063331
13.22	0.0059526
13.225	0.0049496
13.23	0.0043913
13.235	0.0042323
13.24	0.0031286
13.245	0.00081353
13.25	-0.0008712
13.255	-0.0020105
13.26	-0.0034269
13.265	-0.0052993
13.27	-0.0069546
13.275	-0.0080194
13.28	-0.0084291
13.285	-0.0088098
13.29	-0.010367
13.295	-0.013189
13.3	-0.016408
13.305	-0.018317
13.31	-0.017791
13.315	-0.014912
13.32	-0.01092
13.325	-0.0078246
13.33	-0.0070375
13.335	-0.0086147
13.34	-0.011685
13.345	-0.014219
13.35	-0.015181
13.355	-0.014372
13.36	-0.012183
13.365	-0.0098694
13.37	-0.0076663
13.375	-0.0064462
13.38	-0.006735
13.385	-0.0078879
13.39	-0.0092166
13.395	-0.010244
13.4	-0.010743
13.405	-0.010671
13.41	-0.010283
13.415	-0.01008
13.42	-0.010245
13.425	-0.010133
13.43	-0.0098895
13.435	-0.0097965
13.44	-0.0093224
13.445	-0.0075883
13.45	-0.0049464
13.455	-0.0022945
13.46	5.2313e-05
13.465	0.0017853
13.47	0.0023981
13.475	0.0018308
13.48	0.0010466
13.485	0.00084013
13.49	0.00088984
13.495	0.00032247
13.5	-0.00059281
13.505	-0.00094151
13.51	-0.00025363
13.515	0.00018523
13.52	-0.0009613
13.525	-0.0034167
13.53	-0.0064437
13.535	-0.0084242
13.54	-0.0089755
13.545	-0.0092042
13.55	-0.0094011
13.555	-0.0086714
13.56	-0.0061942
13.565	-0.0031987
13.57	-0.0019989
13.575	-0.0032975
13.58	-0.0057146
13.585	-0.0073603
13.59	-0.0069854
13.595	-0.00452
13.6	-0.0010351
13.605	0.0015839
13.61	0.0023298
13.615	0.001295
13.62	-0.00073071
13.625	-0.0026236
13.63	-0.0028781
13.635	-0.0012218
13.64	0.00082333
13.645	0.0021108
13.65	0.0026198
13.655	0.0023216
13.66	0.0011601
13.665	-0.0007354
13.67	-0.0027507
13.675	-0.0049192
13.68	-0.0066783
13.685	-0.0074644
13.69	-0.0071619
13.695	-0.0066242
13.7	-0.0065716
13.705	-0.0067869
13.71	-0.0071281
13.715	-0.0074627
13.72	-0.0078446
13.725	-0.0080174
13.73	-0.008213
13.735	-0.0086648
13.74	-0.0093203
13.745	-0.0099575
13.75	-0.01041
13.755	-0.010396
13.76	-0.0093118
13.765	-0.0071527
13.77	-0.0039787
13.775	-0.0011951
13.78	-7.9823e-05
13.785	-0.00048617
13.79	-0.0019394
13.795	-0.0027345
13.8	-0.0018504
13.805	-0.00027065
13.81	0.0013826
13.815	0.0036714
13.82	0.0060413
13.825	0.0073884
13.83	0.0077725
13.835	0.0075158
13.84	0.0068674
13.845	0.0059983
13.85	0.0054417
13.855	0.0057211
13.86	0.0066367
13.865	0.0079912
13.87	0.0091163
13.875	0.0097741
13.88	0.010098
13.885	0.010263
13.89	0.010173
13.895	0.009723
13.9	0.0092903
13.905	0.0088739
13.91	0.0081815
13.915	0.0067855
13.92	0.0048613
13.925	0.0034851
13.93	0.0031778
13.935	0.0048614
13.94	0.0082929
13.945	0.011737
13.95	0.013423
13.955	0.013049
13.96	0.010856
13.965	0.0072052
13.97	0.0038197
13.975	0.0021339
13.98	0.0021515
13.985	0.0029365
13.99	0.0031551
13.995	0.0024446
14	0.0012254
14.005	0.00027941
14.01	0.00032148
14.015	0.0017021
14.02	0.003803
14.025	0.0058248
14.03	0.0069749
14.035	0.0069551
14.04	0.0062999
14.045	0.0055425
14.05	0.0045917
14.055	0.003218
14.06	0.0015715
14.065	0.0010593
14.07	0.0027019
14.075	0.0054713
14.08	0.0083809
14.085	0.010385
14.09	0.011203
14.095	0.011002
14.1	0.0098741
14.105	0.0083386
14.11	0.0069574
14.115	0.0056808
14.12	0.0043268
14.125	0.0030866
14.13	0.0020494
14.135	0.0013088
14.14	0.0013451
14.145	0.0020218
14.15	0.0027578
14.155	0.0035728
14.16	0.0039538
14.165	0.0038913
14.17	0.0037361
14.175	0.0036461
14.18	0.0030555
14.185	0.0024661
14.19	0.0024614
14.195	0.0033251
14.2	0.0048619
14.205	0.0061896
14.21	0.0066689
14.215	0.0064294
14.22	0.0060412
14.225	0.0061367
14.23	0.0068248
14.235	0.007514
14.24	0.0073737
14.245	0.006378
14.25	0.0050286
14.255	0.0040885
14.26	0.0041571
14.265	0.0048577
14.27	0.0058055
14.275	0.0068891
14.28	0.0082516
14.285	0.0099937
14.29	0.011833
14.295	0.013382
14.3	0.014047
14.305	0.013444
14.31	0.012267
14.315	0.011546
14.32	0.011325
14.325	0.011774
14.33	0.012642
14.335	0.012654
14.34	0.011769
14.345	0.0099921
14.35	0.0080668
14.355	0.0067079
14.36	0.0060213
14.365	0.0057332
14.37	0.0057536
14.375	0.0058997
14.38	0.0059195
14.385	0.0056439
14.39	0.00523
14.395	0.0052006
14.4	0.0052984
14.405	0.0050401
14.41	0.0045832
14.415	0.0037856
14.42	0.002579
14.425	0.0015089
14.43	0.0013924
14.435	0.0021873
14.44	0.0037666
14.445	0.0053347
14.45	0.0061599
14.455	0.0057018
14.46	0.0035736
14.465	0.0011854
14.47	-0.00026072
14.475	-0.0011238
14.48	-0.0017627
14.485	-0.0020561
14.49	-0.0016445
14.495	-0.0006546
14.5	0.00044381
14.505	0.00069174
14.51	-0.00040808
14.515	-0.0014806
14.52	-0.0015631
14.525	-0.0014974
14.53	-0.0019621
14.535	-0.0027609
14.54	-0.0040202
14.545	-0.0056621
14.55	-0.0070502
14.555	-0.0078195
14.56	-0.0083567
14.565	-0.0080881
14.57	-0.0068648
14.575	-0.0058294
14.58	-0.0056873
14.585	-0.0060495
14.59	-0.0061245
14.595	-0.005678
14.6	-0.0045139
14.605	-0.0032133
14.61	-0.0021428
14.615	-0.0017233
14.62	-0.00084421
14.625	0.00027468
14.63	0.00079629
14.635	0.00065066
14.64	-0.00031966
14.645	-0.0023388
14.65	-0.0045817
14.655	-0.0059249
14.66	-0.0061104
14.665	-0.0069537
14.67	-0.0083307
14.675	-0.0088027
14.68	-0.0080988
14.685	-0.0068009
14.69	-0.0062516
14.695	-0.0067367
14.7	-0.0078329
14.705	-0.0084585
14.71	-0.0081419
14.715	-0.0072047
14.72	-0.0059296
14.725	-0.0048356
14.73	-0.0044984
14.735	-0.0057341
14.74	-0.0085222
14.745	-0.011088
14.75	-0.012564
14.755	-0.012657
14.76	-0.011497
14.765	-0.0097646
14.77	-0.0080494
14.775	-0.0067357
14.78	-0.0067677
14.785	-0.0086619
14.79	-0.011189
14.795	-0.013716
14.8	-0.015534
14.805	-0.015225
14.81	-0.012569
14.815	-0.008831
14.82	-0.0053937
14.825	-0.0031973
14.83	-0.0031342
14.835	-0.0053182
14.84	-0.0080325
14.845	-0.0093772
14.85	-0.0090677
14.855	-0.0076312
14.86	-0.0064336
14.865	-0.0065948
14.87	-0.0081333
14.875	-0.010438
14.88	-0.01291
14.885	-0.014527
14.89	-0.01427
14.895	-0.012568
14.9	-0.01079
14.905	-0.0097462
14.91	-0.0087977
14.915	-0.0087102
14.92	-0.010037
14.925	-0.011765
14.93	-0.013747
14.935	-0.015691
14.94	-0.016847
14.945	-0.016833
14.95	-0.015981
14.955	-0.014865
14.96	-0.013721
14.965	-0.012861
14.97	-0.011767
14.975	-0.010611
14.98	-0.00967
14.985	-0.0093693
14.99	-0.009958
14.995	-0.011045
15	-0.011842
15.005	-0.011454
15.01	-0.010111
15.015	-0.0087781
15.02	-0.0075279
15.025	-0.0061921
15.03	-0.0044578
15.035	-0.0024106
15.04	-0.00035719
15.045	0.0019812
15.05	0.0041388
15.055	0.0055447
15.06	0.0056402
15.065	0.0049614
15.07	0.0043569
15.075	0.0039453
15.08	0.0039347
15.085	0.0034729
15.09	0.0025525
15.095	0.0021535
15.1	0.0023486
15.105	0.0020102
15.11	0.0012874
15.115	0.00083825
15.12	0.001286
15.125	0.0024662
15.13	0.0042775
15.135	0.0059504
15.14	0.0063108
15.145	0.005186
15.15	0.0030351
15.155	0.0010903
15.16	0.00037538
15.165	0.0011918
15.17	0.002751
15.175	0.0035647
15.18	0.0024982
15.185	0.00014608
15.19	-0.0019861
15.195	-0.0029934
15.2	-0.0024552
15.205	-0.00042919
15.21	0.0027087
15.215	0.0065211
15.22	0.0095621
15.225	0.010635
15.23	0.009621
15.235	0.0065174
15.24	0.0027054
15.245	-0.00088208
15.25	-0.0032591
15.255	-0.0038598
15.26	-0.0028788
15.265	-0.0012509
15.27	-0.00036124
15.275	-0.00034699
15.28	-0.0004061
15.285	-0.00060746
15.29	-0.0010726
15.295	-0.0021152
15.3	-0.0027435
15.305	-0.0016416
15.31	0.00080471
15.315	0.0038161
15.32	0.0061641
15.325	0.0072932
15.33	0.0081491
15.335	0.0098528
15.34	0.012163
15.345	0.014077
15.35	0.014881
15.355	0.014759
15.36	0.013627
15.365	0.01161
15.37	0.0096683
15.375	0.0090669
15.38	0.0095659
15.385	0.010422
15.39	0.011024
15.395	0.011269
15.4	0.011305
15.405	0.011967
15.41	0.012813
15.415	0.012765
15.42	0.011624
15.425	0.0096426
15.43	0.0076374
15.435	0.0068019
15.44	0.0068829
15.445	0.0068308
15.45	0.0063356
15.455	0.0055287
15.46	0.0042738
15.465	0.002962
15.47	0.0016677
15.475	0.00060981
15.48	-0.00027216
15.485	-0.00042251
15.49	0.00035461
15.495	0.0011358
15.5	0.0006869
15.505	-0.0013268
15.51	-0.0043328
15.515	-0.0071561
15.52	-0.0086606
15.525	-0.0084388
15.53	-0.0072201
15.535	-0.0058902
15.54	-0.0051675
15.545	-0.0057957
15.55	-0.0068285
15.555	-0.0067684
15.56	-0.0055951
15.565	-0.0038518
15.57	-0.0025126
15.575	-0.002286
15.58	-0.0035522
15.585	-0.0050753
15.59	-0.0055785
15.595	-0.0056073
15.6	-0.005453
15.605	-0.0050664
15.61	-0.0041273
15.615	-0.0032999
15.62	-0.0028296
15.625	-0.0021873
15.63	-0.0016402
15.635	-0.0017162
15.64	-0.0024411
15.645	-0.0035809
15.65	-0.0046352
15.655	-0.0048039
15.66	-0.0033764
15.665	-0.0010834
15.67	0.0012055
15.675	0.0035899
15.68	0.0053777
15.685	0.0064146
15.69	0.0073298
15.695	0.0078443
15.7	0.0077008
15.705	0.007145
15.71	0.0065505
15.715	0.0058689
15.72	0.0058366
15.725	0.0068089
15.73	0.0079341
15.735	0.0083492
15.74	0.0076279
15.745	0.0062292
15.75	0.0055977
15.755	0.0061944
15.76	0.0078098
15.765	0.0091677
15.77	0.0094133
15.775	0.0090766
15.78	0.0086495
15.785	0.0079633
15.79	0.0079017
15.795	0.0081046
15.8	0.0081101
15.805	0.0081178
15.81	0.0077303
15.815	0.006625
15.82	0.005041
15.825	0.0034801
15.83	0.0022646
15.835	0.0014944
15.84	0.0022333
15.845	0.004504
15.85	0.0067139
15.855	0.0082689
15.86	0.009134
15.865	0.0096367
15.87	0.0097212
15.875	0.0088696
15.88	0.0075054
15.885	0.0059206
15.89	0.0041949
15.895	0.0026451
15.9	0.0016618
15.905	0.0014773
15.91	0.0020901
15.915	0.002782
15.92	0.0028425
15.925	0.0019546
15.93	0.0012026
15.935	0.0013575
15.94	0.001712
15.945	0.0025618
15.95	0.0041275
15.955	0.0061787
15.96	0.0077645
15.965	0.0075042
15.97	0.005267
15.975	0.0029816
15.98	0.0010852
15.985	0.00023217
15.99	0.00017839
15.995	0.00023576
16	0.00041658
16.005	-6.5739e-06
16.01	-0.00090952
16.015	-0.0018952
16.02	-0.0030997
16.025	-0.0047387
16.03	-0.0067408
16.035	-0.0077674
16.04	-0.0075577
16.045	-0.0071916
16.05	-0.0065683
16.055	-0.005232
16.06	-0.0034818
16.065	-0.0016581
16.07	1.2319e-05
16.075	0.00096003
16.08	0.00063363
16.085	-0.00024468
16.09	-0.00058361
16.095	-0.00021386
16.1	0.00081518
16.105	0.0019925
16.11	0.0027349
16.115	0.002722
16.12	0.0026321
16.125	0.0026008
16.13	0.002223
16.135	0.0014967
16.14	0.00080616
16.145	1.5507e-05
16.15	-0.0010849
16.155	-0.0026848
16.16	-0.0044381
16.165	-0.0061178
16.17	-0.0070249
16.175	-0.007103
16.18	-0.0068927
16.185	-0.0069541
16.19	-0.0072184
16.195	-0.0079065
16.2	-0.0093275
16.205	-0.010958
16.21	-0.01224
16.215	-0.013212
16.22	-0.014288
16.225	-0.0157
16.23	-0.01753
16.235	-0.019162
16.24	-0.01969
16.245	-0.018298
16.25	-0.015631
16.255	-0.012889
16.26	-0.011018
16.265	-0.010272
16.27	-0.010805
16.275	-0.01194
16.28	-0.013018
16.285	-0.014255
16.29	-0.015097
16.295	-0.015474
16.3	-0.015687
16.305	-0.014848
16.31	-0.012988
16.315	-0.011181
16.32	-0.0096742
16.325	-0.0085369
16.33	-0.0079541
16.335	-0.0072729
16.34	-0.0058876
16.345	-0.0039425
16.35	-0.0023263
16.355	-0.0020314
16.36	-0.0037989
16.365	-0.0068734
16.37	-0.010358
16.375	-0.013216
16.38	-0.014873
16.385	-0.01492
16.39	-0.0132
16.395	-0.010286
16.4	-0.007468
16.405	-0.0057106
16.41	-0.0052912
16.415	-0.0055312
16.42	-0.0049009
16.425	-0.003098
16.43	-0.00058836
16.435	0.0014839
16.44	0.0024186
16.445	0.0025723
16.45	0.0025342
16.455	0.0029206
16.46	0.0036881
16.465	0.0039469
16.47	0.0032874
16.475	0.0018106
16.48	-8.3506e-05
16.485	-0.0013074
16.49	-0.00025823
16.495	0.0023085
16.5	0.0042731
16.505	0.0045646
16.51	0.0040724
16.515	0.0035986
16.52	0.0034196
16.525	0.0041269
16.53	0.0051543
16.535	0.005823
16.54	0.0056176
16.545	0.0043016
16.55	0.0027543
16.555	0.0013899
16.56	0.00084472
16.565	0.0014258
16.57	0.002593
16.575	0.0038301
16.58	0.0050771
16.585	0.0063096
16.59	0.0074437
16.595	0.0082362
16.6	0.0085527
16.605	0.0087779
16.61	0.0093415
16.615	0.0097397
16.62	0.0096971
16.625	0.0091863
16.63	0.0083112
16.635	0.0077894
16.64	0.0074163
16.645	0.0064246
16.65	0.0054116
16.655	0.0047491
16.66	0.0045446
16.665	0.0053609
16.67	0.0066355
16.675	0.0078372
16.68	0.0088529
16.685	0.0093531
16.69	0.0091496
16.695	0.008731
16.7	0.0082451
16.705	0.0076379
16.71	0.0070694
16.715	0.0069697
16.72	0.0077175
16.725	0.009022
16.73	0.0099712
16.735	0.010098
16.74	0.0090762
16.745	0.0068819
16.75	0.0038996
16.755	0.0014154
16.76	0.00028096
16.765	0.00087122
16.77	0.0025835
16.775	0.0047498
16.78	0.0065116
16.785	0.0075913
16.79	0.0079826
16.795	0.0080605
16.8	0.008597
16.805	0.0097374
16.81	0.011539
16.815	0.013989
16.82	0.016756
16.825	0.019225
16.83	0.020383
16.835	0.019929
16.84	0.018779
16.845	0.017155
16.85	0.015423
16.855	0.013838
16.86	0.012159
16.865	0.010939
16.87	0.010436
16.875	0.011014
16.88	0.011294
16.885	0.01061
16.89	0.0092887
16.895	0.0076498
16.9	0.0063224
16.905	0.0057709
16.91	0.0065741
16.915	0.0081912
16.92	0.0096624
16.925	0.01049
16.93	0.010153
16.935	0.0086442
16.94	0.006628
16.945	0.0044741
16.95	0.0022549
16.955	0.00048099
16.96	-0.00051619
16.965	-0.00074332
16.97	-0.00021388
16.975	0.0011755
16.98	0.0024975
16.985	0.0033325
16.99	0.0038117
16.995	0.0038456
17	0.0031271
17.005	0.0022591
17.01	0.0021061
17.015	0.0025599
17.02	0.0037369
17.025	0.0053225
17.03	0.0065598
17.035	0.0069901
17.04	0.0059668
17.045	0.0041502
17.05	0.002637
17.055	0.0018
17.06	0.0013429
17.065	0.0010409
17.07	0.0011015
17.075	0.001074
17.08	0.00089938
17.085	0.00086473
17.09	0.00024812
17.095	-0.0014263
17.1	-0.0041359
17.105	-0.0069792
17.11	-0.0081998
17.115	-0.0074499
17.12	-0.0052883
17.125	-0.0021657
17.13	0.0009096
17.135	0.0024438
17.14	0.0013538
17.145	-0.0012179
17.15	-0.0036682
17.155	-0.0054341
17.16	-0.0060148
17.165	-0.0055145
17.17	-0.0046492
17.175	-0.0034304
17.18	-0.0022784
17.185	-0.0019127
17.19	-0.0024936
17.195	-0.0036524
17.2	-0.0053391
17.205	-0.0075099
17.21	-0.0097126
17.215	-0.010631
17.22	-0.0096546
17.225	-0.007368
17.23	-0.004634
17.235	-0.0028217
17.24	-0.0021938
17.245	-0.0026513
17.25	-0.0043279
17.255	-0.0069405
17.26	-0.0098381
17.265	-0.012628
17.27	-0.014966
17.275	-0.015675
17.28	-0.014474
17.285	-0.011925
17.29	-0.0095374
17.295	-0.0081982
17.3	-0.0077637
17.305	-0.0078099
17.31	-0.0082968
17.315	-0.0086391
17.32	-0.0081548
17.325	-0.0070049
17.33	-0.0059202
17.335	-0.0052642
17.34	-0.0051913
17.345	-0.0061393
17.35	-0.0073825
17.355	-0.0087065
17.36	-0.010138
17.365	-0.010962
17.37	-0.011076
17.375	-0.011333
17.38	-0.011729
17.385	-0.011621
17.39	-0.010947
17.395	-0.010292
17.4	-0.010169
17.405	-0.010335
17.41	-0.01095
17.415	-0.012259
17.42	-0.014067
17.425	-0.015716
17.43	-0.016576
17.435	-0.016851
17.44	-0.017068
17.445	-0.017247
17.45	-0.016449
17.455	-0.0141
17.46	-0.010459
17.465	-0.0067291
17.47	-0.0044705
17.475	-0.0041276
17.48	-0.0058841
17.485	-0.0091789
17.49	-0.012354
17.495	-0.013874
17.5	-0.013266
17.505	-0.010938
17.51	-0.0084232
17.515	-0.0066552
17.52	-0.0048659
17.525	-0.0026076
17.53	-0.0012175
17.535	-0.0016062
17.54	-0.0029178
17.545	-0.0038756
17.55	-0.0043451
17.555	-0.0043384
17.56	-0.004203
17.565	-0.0033965
17.57	-0.0020119
17.575	-0.0009256
17.58	-0.00085911
17.585	-0.0016428
17.59	-0.0017242
17.595	-0.00059408
17.6	0.0009022
17.605	0.0021461
17.61	0.0027232
17.615	0.002501
17.62	0.0019119
17.625	0.0022699
17.63	0.0036453
17.635	0.0054806
17.64	0.0072837
17.645	0.0084017
17.65	0.0088353
17.655	0.0088192
17.66	0.0082705
17.665	0.0063212
17.67	0.0033047
17.675	0.00071848
17.68	-0.00092345
17.685	-0.0018084
17.69	-0.0019503
17.695	-0.0015913
17.7	-0.00097216
17.705	-4.2917e-06
17.71	0.0015241
17.715	0.0030163
17.72	0.003933
17.725	0.004148
17.73	0.0038823
17.735	0.0024176
17.74	0.00012062
17.745	-0.001125
17.75	-0.00086686
17.755	-0.00027596
17.76	-0.00010958
17.765	-0.00094889
17.77	-0.0021913
17.775	-0.0029219
17.78	-0.0019795
17.785	0.00024243
17.79	0.0027559
17.795	0.0051324
17.8	0.0073338
17.805	0.0092826
17.81	0.010385
17.815	0.0099447
17.82	0.0082395
17.825	0.0055544
17.83	0.0020073
17.835	-0.0018164
17.84	-0.0044805
17.845	-0.0045862
17.85	-0.0021448
17.855	0.0019153
17.86	0.0058924
17.865	0.0090372
17.87	0.011339
17.875	0.012113
17.88	0.011543
17.885	0.010148
17.89	0.007972
17.895	0.0058052
17.9	0.0032919
17.905	0.00061563
17.91	-0.0012719
17.915	-0.0014749
17.92	-0.00037828
17.925	0.0013132
17.93	0.003177
17.935	0.0052779
17.94	0.0071169
17.945	0.0078277
17.95	0.0070579
17.955	0.0054426
17.96	0.0037755
17.965	0.0027797
17.97	0.0016899
17.975	-0.0004038
17.98	-0.0025124
17.985	-0.0027574
17.99	-0.00085874
17.995	0.0021563
18	0.0050621
18.005	0.0062094
18.01	0.0057358
18.015	0.0042949
18.02	0.0027273
18.025	0.0017055
18.03	0.001509
18.035	0.002145
18.04	0.0024027
18.045	0.0013907
18.05	2.0288e-05
18.055	-0.0011746
18.06	-0.0024787
18.065	-0.0037505
18.07	-0.0045884
18.075	-0.0045557
18.08	-0.004168
18.085	-0.0037524
18.09	-0.0032127
18.095	-0.0029188
18.1	-0.0030001
18.105	-0.0027804
18.11	-0.0022879
18.115	-0.0026021
18.12	-0.0036041
18.125	-0.0038195
18.13	-0.0029122
18.135	-0.0011613
18.14	-4.7875e-05
18.145	0.00010243
18.15	-0.0010096
18.155	-0.0028186
18.16	-0.0039866
18.165	-0.0037997
18.17	-0.0020269
18.175	0.00051838
18.18	0.0022194
18.185	0.0023351
18.19	0.0009512
18.195	-0.00061422
18.2	-0.00081545
18.205	0.0010222
18.21	0.0039674
18.215	0.00625
18.22	0.0065326
18.225	0.0045797
18.23	0.0019129
18.235	6.1758e-05
18.24	-0.00044953
18.245	-9.1683e-05
18.25	3.992e-05
18.255	-0.00036374
18.26	-0.00074016
18.265	-0.00060799
18.27	5.3319e-06
18.275	0.00029596
18.28	-0.00032113
18.285	-0.001158
18.29	-0.00095998
18.295	0.00022091
18.3	0.0023846
18.305	0.0050772
18.31	0.0069091
18.315	0.0071826
18.32	0.0064837
18.325	0.0047998
18.33	0.0026981
18.335	0.0013697
18.34	0.0013177
18.345	0.0019938
18.35	0.0031757
18.355	0.0046816
18.36	0.0061624
18.365	0.0071303
18.37	0.0064571
18.375	0.0039114
18.38	-0.00045982
18.385	-0.0058508
18.39	-0.010689
18.395	-0.013585
18.4	-0.013946
18.405	-0.011952
18.41	-0.0085365
18.415	-0.0054502
18.42	-0.0042211
18.425	-0.004648
18.43	-0.0062403
18.435	-0.0077765
18.44	-0.0084809
18.445	-0.0075588
18.45	-0.0055209
18.455	-0.0032595
18.46	-0.0011473
18.465	0.00021921
18.47	0.00032834
18.475	-4.0752e-05
18.48	-0.00025257
18.485	-0.00050787
18.49	-0.0009839
18.495	-0.00155
18.5	-0.0018741
18.505	-0.0021608
18.51	-0.0019781
18.515	-0.001613
18.52	-0.0017689
18.525	-0.00241
18.53	-0.0035602
18.535	-0.0050384
18.54	-0.0059669
18.545	-0.0051186
18.55	-0.0025787
18.555	0.00042991
18.56	0.0029026
18.565	0.004055
18.57	0.0036553
18.575	0.0029234
18.58	0.0024175
18.585	0.0023135
18.59	0.0023854
18.595	0.00231
18.6	0.0014684
18.605	0.00011118
18.61	-0.0014421
18.615	-0.0033916
18.62	-0.005276
18.625	-0.0067739
18.63	-0.007386
18.635	-0.0068164
18.64	-0.0050709
18.645	-0.00296
18.65	-0.0013148
18.655	-0.0012422
18.66	-0.0020307
18.665	-0.0025287
18.67	-0.0025584
18.675	-0.0026732
18.68	-0.0022814
18.685	-0.00092845
18.69	0.00068129
18.695	0.0020205
18.7	0.0024291
18.705	0.0014571
18.71	-6.6662e-05
18.715	-0.00087786
18.72	-0.00061984
18.725	0.00053976
18.73	0.0024808
18.735	0.0052529
18.74	0.0081213
18.745	0.010186
18.75	0.01139
18.755	0.011561
18.76	0.010877
18.765	0.0099439
18.77	0.0092
18.775	0.0087005
18.78	0.008657
18.785	0.0096234
18.79	0.011109
18.795	0.012825
18.8	0.015021
18.805	0.017085
18.81	0.018156
18.815	0.018356
18.82	0.018441
18.825	0.018168
18.83	0.017614
18.835	0.016629
18.84	0.014871
18.845	0.012143
18.85	0.0091704
18.855	0.00698
18.86	0.0065876
18.865	0.0082918
18.87	0.010967
18.875	0.012473
18.88	0.011914
18.885	0.0099549
18.89	0.0069546
18.895	0.003855
18.9	0.002085
18.905	0.001718
18.91	0.0021983
18.915	0.0032829
18.92	0.0049305
18.925	0.0063556
18.93	0.0062347
18.935	0.0048979
18.94	0.0031999
18.945	0.0019148
18.95	0.00097359
18.955	3.2806e-05
18.96	-0.0011983
18.965	-0.0027889
18.97	-0.0046111
18.975	-0.0062622
18.98	-0.0071215
18.985	-0.0073127
18.99	-0.0067905
18.995	-0.0059753
19	-0.0057674
19.005	-0.0056982
19.01	-0.0052837
19.015	-0.0041975
19.02	-0.0026572
19.025	-0.0019079
19.03	-0.0026704
19.035	-0.0052778
19.04	-0.0088373
19.045	-0.011525
19.05	-0.012833
19.055	-0.012449
19.06	-0.010234
19.065	-0.0069105
19.07	-0.0032092
19.075	4.5751e-06
19.08	0.0020586
19.085	0.0026924
19.09	0.0022383
19.095	0.0014862
19.1	0.0011076
19.105	0.0012502
19.11	0.0023085
19.115	0.0037892
19.12	0.0047268
19.125	0.0051233
19.13	0.0057247
19.135	0.0064569
19.14	0.0074083
19.145	0.007984
19.15	0.0085173
19.155	0.0088166
19.16	0.0084509
19.165	0.0073526
19.17	0.0064554
19.175	0.0061933
19.18	0.006544
19.185	0.0069003
19.19	0.0066036
19.195	0.0059713
19.2	0.0062489
19.205	0.0076924
19.21	0.0094025
19.215	0.010592
19.22	0.010517
19.225	0.0094416
19.23	0.0079374
19.235	0.005628
19.24	0.0029635
19.245	0.0010612
19.25	-5.8991e-05
19.255	-0.00073453
19.26	-0.00063199
19.265	0.00041976
19.27	0.00216
19.275	0.0042883
19.28	0.0061326
19.285	0.0064529
19.29	0.0048603
19.295	0.0019473
19.3	-0.0010318
19.305	-0.0027841
19.31	-0.0031658
19.315	-0.0026708
19.32	-0.0020513
19.325	-0.0017385
19.33	-0.0019442
19.335	-0.0027262
19.34	-0.003734
19.345	-0.0037534
19.35	-0.0030059
19.355	-0.0025946
19.36	-0.002724
19.365	-0.0033183
19.37	-0.0040104
19.375	-0.0049429
19.38	-0.0054276
19.385	-0.0049891
19.39	-0.0041514
19.395	-0.0033469
19.4	-0.0032817
19.405	-0.0043061
19.41	-0.0059179
19.415	-0.0070659
19.42	-0.0072911
19.425	-0.0067563
19.43	-0.0054707
19.435	-0.0041109
19.44	-0.0028562
19.445	-0.0020396
19.45	-0.0020336
19.455	-0.00268
19.46	-0.0041224
19.465	-0.0056426
19.47	-0.0065305
19.475	-0.0070769
19.48	-0.0069583
19.485	-0.006033
19.49	-0.0053892
19.495	-0.0058486
19.5	-0.0072698
19.505	-0.0092601
19.51	-0.011697
19.515	-0.013697
19.52	-0.014683
19.525	-0.014839
19.53	-0.01439
19.535	-0.013773
19.54	-0.013255
19.545	-0.012772
19.55	-0.011941
19.555	-0.010525
19.56	-0.0091276
19.565	-0.0081545
19.57	-0.0075477
19.575	-0.0076426
19.58	-0.0086924
19.585	-0.0098379
19.59	-0.010168
19.595	-0.010353
19.6	-0.01037
19.605	-0.01002
19.61	-0.0094374
19.615	-0.0084703
19.62	-0.006926
19.625	-0.0055708
19.63	-0.0051318
19.635	-0.0055777
19.64	-0.006788
19.645	-0.0079756
19.65	-0.0085221
19.655	-0.0082023
19.66	-0.0071882
19.665	-0.0069641
19.67	-0.008247
19.675	-0.010642
19.68	-0.013042
19.685	-0.014061
19.69	-0.013001
19.695	-0.011059
19.7	-0.0096907
19.705	-0.0095282
19.71	-0.010028
19.715	-0.0098284
19.72	-0.0080539
19.725	-0.0049825
19.73	-0.0024671
19.735	-0.0019762
19.74	-0.0035185
19.745	-0.0061521
19.75	-0.0087875
19.755	-0.010031
19.76	-0.0084644
19.765	-0.0044178
19.77	0.00084974
19.775	0.0056025
19.78	0.0082864
19.785	0.0083752
19.79	0.0069848
19.795	0.0048869
19.8	0.0031628
19.805	0.0024207
19.81	0.0027042
19.815	0.0033052
19.82	0.003871
19.825	0.0047054
19.83	0.0056928
19.835	0.0067381
19.84	0.0081536
19.845	0.0095895
19.85	0.010333
19.855	0.010146
19.86	0.009585
19.865	0.0092626
19.87	0.0095713
19.875	0.010252
19.88	0.010292
19.885	0.0097533
19.89	0.0094869
19.895	0.0092865
19.9	0.0088486
19.905	0.008138
19.91	0.0077545
19.915	0.0069731
19.92	0.0058161
19.925	0.004804
19.93	0.003963
19.935	0.0028729
19.94	0.00098997
19.945	-0.00061578
19.95	-0.00097085
19.955	-0.00080441
19.96	-0.00022702
19.965	0.0012735
19.97	0.0037085
19.975	0.0062519
19.98	0.0079069
19.985	0.0082261
19.99	0.0073822
19.995	0.0059397
20	0.003982
20.005	0.0014958
20.01	-0.0010654
20.015	-0.0033597
20.02	-0.0048431
20.025	-0.0054235
20.03	-0.0056219
20.035	-0.0056699
20.04	-0.0046121
20.045	-0.0026388
20.05	-0.00041517
20.055	0.00162
20.06	0.0021511
20.065	0.00095204
20.07	-0.0015423
20.075	-0.0041349
20.08	-0.0053079
20.085	-0.0047066
20.09	-0.0036029
20.095	-0.0024414
20.1	-0.00050093
20.105	0.0023595
20.11	0.005114
20.115	0.0063126
20.12	0.0055688
20.125	0.0041553
20.13	0.0034847
20.135	0.0034846
20.14	0.0033371
20.145	0.0029357
20.15	0.0025925
20.155	0.002342
20.16	0.0024772
20.165	0.0030583
20.17	0.0037835
20.175	0.0042477
20.18	0.004191
20.185	0.0038081
20.19	0.0026916
20.195	0.00058677
20.2	-0.0020696
20.205	-0.0043572
20.21	-0.0054894
20.215	-0.0056055
20.22	-0.0048532
20.225	-0.0033072
20.23	-0.0015761
20.235	-0.00057826
20.24	-0.00042078
20.245	0.00021327
20.25	0.002225
20.255	0.0046959
20.26	0.0060468
20.265	0.0058766
20.27	0.0049537
20.275	0.0041104
20.28	0.0029939
20.285	0.0015503
20.29	3.5995e-05
20.295	-0.0010001
20.3	-0.0014733
20.305	-0.0018524
20.31	-0.0019733
20.315	-0.0016658
20.32	-0.00028128
20.325	0.0015551
20.33	0.002695
20.335	0.0028892
20.34	0.0024098
20.345	0.0015575
20.35	0.00073387
20.355	0.00043907
20.36	0.0012761
20.365	0.0027089
20.37	0.0035582
20.375	0.003181
20.38	0.0015139
20.385	-0.00050025
20.39	-0.0020019
20.395	-0.0023038
20.4	-0.0016331
20.405	-0.00019811
20.41	0.0013558
20.415	0.0018911
20.42	0.0014038
20.425	0.00043748
20.43	-0.0003624
20.435	-0.0004462
20.44	0.00057896
20.445	0.001895
20.45	0.0025684
20.455	0.0022971
20.46	0.0010066
20.465	-0.0010055
20.47	-0.0032841
20.475	-0.005365
20.48	-0.0068416
20.485	-0.0075365
20.49	-0.0072543
20.495	-0.0053759
20.5	-0.0029172
20.505	-0.00040929
20.51	0.0015354
20.515	0.0016899
20.52	0.00011451
20.525	-0.0020418
20.53	-0.0037009
20.535	-0.003792
20.54	-0.0018159
20.545	0.00081373
20.55	0.0025011
20.555	0.0029885
20.56	0.0022962
20.565	0.00086319
20.57	-0.00081468
20.575	-0.0024139
20.58	-0.0036503
20.585	-0.0045154
20.59	-0.0047874
20.595	-0.0045666
20.6	-0.0039845
20.605	-0.0029316
20.61	-0.0015738
20.615	-0.00058747
20.62	-0.0001824
20.625	-9.215e-05
20.63	0.00013122
20.635	0.00039384
20.64	0.00056331
20.645	0.00067547
20.65	0.00057372
20.655	0.00025593
20.66	0.00013851
20.665	0.00070838
20.67	0.0021952
20.675	0.0034808
20.68	0.0038391
20.685	0.003437
20.69	0.0025187
20.695	0.0015966
20.7	0.00093781
20.705	0.00074485
20.71	0.0010316
20.715	0.0016663
20.72	0.002205
20.725	0.0024709
20.73	0.0026046
20.735	0.0026599
20.74	0.002653
20.745	0.0027836
20.75	0.0029307
20.755	0.0026503
20.76	0.0020617
20.765	0.0017595
20.77	0.0018061
20.775	0.0022353
20.78	0.0027538
20.785	0.0031965
20.79	0.0031344
20.795	0.0025997
20.8	0.0022167
20.805	0.0023426
20.81	0.0027204
20.815	0.0027439
20.82	0.0023758
20.825	0.0019013
20.83	0.0018305
20.835	0.0021101
20.84	0.0026603
20.845	0.0035673
20.85	0.0043289
20.855	0.0044698
20.86	0.003881
20.865	0.0029633
20.87	0.0020423
20.875	0.0018199
20.88	0.0026863
20.885	0.0042692
20.89	0.0057074
20.895	0.0067879
20.9	0.0075977
20.905	0.0078323
20.91	0.0073478
20.915	0.0064504
20.92	0.0057687
20.925	0.005388
20.93	0.0048374
20.935	0.004032
20.94	0.0028242
20.945	0.0016872
20.95	0.0010299
20.955	0.00060264
20.96	0.00038176
20.965	0.00061748
20.97	0.0013115
20.975	0.002015
20.98	0.002291
20.985	0.00254
20.99	0.0027947
20.995	0.0025993
21	0.0016833
21.005	0.00010013
21.01	-0.0015922
21.015	-0.0027442
21.02	-0.0028525
21.025	-0.0024728
21.03	-0.0020106
21.035	-0.0013776
21.04	-0.00099602
21.045	-0.00115
21.05	-0.0015514
21.055	-0.0018839
21.06	-0.0019416
21.065	-0.0020172
21.07	-0.0020674
21.075	-0.0023084
21.08	-0.0027667
21.085	-0.0031938
21.09	-0.0032597
21.095	-0.0031356
21.1	-0.0028932
21.105	-0.0024341
21.11	-0.0018466
21.115	-0.0013647
21.12	-0.0009751
21.125	-0.001144
21.13	-0.0020748
21.135	-0.0031448
21.14	-0.0037577
21.145	-0.0038893
21.15	-0.0036632
21.155	-0.003188
21.16	-0.0025078
21.165	-0.0020019
21.17	-0.0018038
21.175	-0.0016474
21.18	-0.0013808
21.185	-0.0010348
21.19	-0.00058045
21.195	-0.00052318
21.2	-0.0012045
21.205	-0.0023641
21.21	-0.0035861
21.215	-0.0045468
21.22	-0.0051348
21.225	-0.005017
21.23	-0.0040322
21.235	-0.0024121
21.24	-0.00069131
21.245	0.00051853
21.25	0.001088
21.255	0.001114
21.26	0.00054375
21.265	-0.00048207
21.27	-0.0016587
21.275	-0.0024857
21.28	-0.0025975
21.285	-0.0020009
21.29	-0.0010196
21.295	-0.00011082
21.3	0.00040547
21.305	0.00056742
21.31	0.00060083
21.315	0.00056536
21.32	0.00042317
21.325	0.0002422
21.33	0.00014221
21.335	0.00018547
21.34	0.00033455
21.345	0.00045271
21.35	0.00050337
21.355	0.00048104
21.36	0.00048246
21.365	0.00059421
21.37	0.00076432
21.375	0.00091082
21.38	0.00082382
21.385	0.00046932
21.39	6.957e-06
21.395	-0.00035675
21.4	-0.00058186
21.405	-0.00083872
21.41	-0.0010041
21.415	-0.00091942
21.42	-0.00073513
21.425	-0.00056495
21.43	-0.00035972
21.435	-1.8818e-05
21.44	0.00036719
21.445	0.0006508
21.45	0.00072344
21.455	0.00051728
21.46	0.00018941
21.465	-8.4114e-05
21.47	-0.00028473
21.475	-0.00038818
21.48	-0.0003713
21.485	-0.00036109
21.49	-0.00043346
21.495	-0.0004972
21.5	-0.00045977
21.505	-0.00033505
21.51	-0.00025054
21.515	-0.00025302
21.52	-0.00034892
21.525	-0.00047039
21.53	-0.00058038
21.535	-0.00066489
21.54	-0.00067866
21.545	-0.00062167
21.55	-0.0005338
21.555	-0.00051661
21.56	-0.00059772
21.565	-0.00074532
21.57	-0.00088399
21.575	-0.00093068
21.58	-0.00085225
21.585	-0.00073511
21.59	-0.00064347
21.595	-0.00054865
21.6	-0.00043182
21.605	-0.00035339
21.61	-0.00033281
21.615	-0.00032699
21.62	-0.00031906
21.625	-0.00030997
21.63	-0.00030332
21.635	-0.00034638
21.64	-0.00044081
21.645	-0.00050705
21.65	-0.00048906
21.655	-0.00043206
21.66	-0.00037628
21.665	-0.00032384
21.67	-0.00028183
21.675	-0.00025992
21.68	-0.0002732
21.685	-0.00031243
21.69	-0.00036958
21.695	-0.00042083
21.7	-0.00042808
21.705	-0.00039266
21.71	-0.00035234
21.715	-0.00029689
21.72	-0.00023213
21.725	-0.00018642
21.73	-0.00016803
21.735	-0.00015366
21.74	-0.0001312
21.745	-0.00011861
21.75	-0.00010497
21.755	-7.73e-05
21.76	-4.831e-05
21.765	-2.649e-05
21.77	-1.5315e-05
21.775	-7.5939e-06
21.78	-1.7057e-06
21.785	4.2203e-06
21.79	1.1709e-05
21.795	1.9681e-05
21.8	2.6896e-05
21.805	3.2183e-05
21.81	3.6472e-05
21.815	4.5096e-05
21.82	7.1997e-05
21.825	0.00011118
21.83	0.00014316
21.835	0.00016189
21.84	0.00016996
21.845	0.00017441
21.85	0.00017787
21.855	0.0001802
21.86	0.00018031
21.865	0.00018184
21.87	0.00018849
21.875	0.00019987
21.88	0.00021232
21.885	0.0002225
21.89	0.0002263
21.895	0.00022447
21.9	0.00022207
21.905	0.0002231
21.91	0.00022721
21.915	0.00023162
21.92	0.000235
21.925	0.00023741
21.93	0.00023726
21.935	0.00023441
21.94	0.00023009
21.945	0.00022635
21.95	0.0002246
21.955	0.00022447
21.96	0.0002242
21.965	0.00022263
21.97	0.00021923
21.975	0.00021419
21.98	0.00020815
21.985	0.00020196
21.99	0.0001962
21.995	0.00019127
22	0.00018683
22.005	0.0001823
22.01	0.00017711
22.015	0.00017108
22.02	0.00016439
22.025	0.00015736
22.03	0.00015005
22.035	0.00014258
22.04	0.00013504
22.045	0.00012754
22.05	0.00012006
22.055	0.00011259
22.06	0.00010511
22.065	9.7613e-05
22.07	9.0095e-05
22.075	8.2582e-05
22.08	7.5089e-05
22.085	6.7635e-05
22.09	6.0228e-05
22.095	5.2878e-05
22.1	4.5593e-05
22.105	3.8379e-05
22.11	3.1242e-05
22.115	2.4187e-05
22.12	1.7218e-05
