0	5.9382e-05
0.01	3.7392e-05
0.02	6.7995e-05
0.03	4.4265e-05
0.04	7.2377e-05
0.05	3.3672e-05
0.06	3.6576e-05
0.07	7.3657e-06
0.08	3.221e-05
0.09	3.1507e-05
0.1	0.00011678
0.11	0.00011243
0.12	0.00010572
0.13	3.3017e-05
0.14	5.5758e-05
0.15	-4.0358e-05
0.16	-6.677e-05
0.17	-8.1785e-05
0.18	-7.4652e-05
0.19	-0.00011298
0.2	-0.00023257
0.21	-0.00035668
0.22	-0.00034565
0.23	-0.00023266
0.24	0.00011197
0.25	8.2678e-05
0.26	0.00026786
0.27	0.0004195
0.28	0.00040007
0.29	0.00041061
0.3	0.00022564
0.31	-1.6974e-05
0.32	6.1009e-05
0.33	0.00040812
0.34	0.00052558
0.35	0.00062416
0.36	0.0010692
0.37	0.00070309
0.38	-2.4246e-05
0.39	-0.00076845
0.4	-0.0013056
0.41	-0.0014806
0.42	-0.0010408
0.43	-0.00024063
0.44	0.0011049
0.45	0.0017014
0.46	0.0023778
0.47	0.0032787
0.48	0.0028717
0.49	0.0017447
0.5	0.00072803
0.51	0.00020987
0.52	-0.0017895
0.53	-0.0045537
0.54	-0.0070191
0.55	-0.0089445
0.56	-0.0094034
0.57	-0.0090396
0.58	-0.0066917
0.59	-0.0039856
0.6	-0.0027134
0.61	-0.0012019
0.62	-0.00037053
0.63	0.0015024
0.64	0.0031316
0.65	0.005327
0.66	0.0087421
0.67	0.013149
0.68	0.015649
0.69	0.01545
0.7	0.013851
0.71	0.010452
0.72	0.0038472
0.73	-0.0036142
0.74	-0.0069307
0.75	-0.0070397
0.76	-0.0073189
0.77	-0.0067062
0.78	-0.0053644
0.79	-0.005433
0.8	-0.0081701
0.81	-0.010112
0.82	-0.010979
0.83	-0.011563
0.84	-0.0099394
0.85	-0.0072167
0.86	-0.001056
0.87	0.0051211
0.88	0.009935
0.89	0.015696
0.9	0.018893
0.91	0.019785
0.92	0.020337
0.93	0.017442
0.94	0.0098215
0.95	-0.0032152
0.96	-0.017245
0.97	-0.019532
0.98	-0.012654
0.99	-0.0060337
1	0.0012202
1.01	0.00078781
1.02	-0.0064699
1.03	-0.012379
1.04	-0.015678
1.05	-0.014816
1.06	-0.012903
1.07	-0.0099021
1.08	-0.0065256
1.09	-0.0067005
1.1	-0.0091592
1.11	-0.0093866
1.12	-0.0092883
1.13	-0.0073799
1.14	-0.0049484
1.15	0.0046992
1.16	0.018186
1.17	0.030754
1.18	0.045215
1.19	0.048637
1.2	0.045603
1.21	0.045174
1.22	0.04367
1.23	0.036271
1.24	0.028234
1.25	0.014155
1.26	-0.0025558
1.27	-0.018499
1.28	-0.029094
1.29	-0.033448
1.3	-0.034887
1.31	-0.034996
1.32	-0.0343
1.33	-0.036965
1.34	-0.036175
1.35	-0.038205
1.36	-0.03977
1.37	-0.036642
1.38	-0.028359
1.39	-0.005235
1.4	0.026953
1.41	0.045153
1.42	0.045717
1.43	0.037433
1.44	0.028764
1.45	0.017987
1.46	0.010218
1.47	-0.0032632
1.48	-0.014137
1.49	-0.021126
1.5	-0.021482
1.51	-0.018347
1.52	-0.014651
1.53	-0.0066137
1.54	0.0018682
1.55	0.0023182
1.56	0.0073169
1.57	0.018745
1.58	0.026738
1.59	0.031966
1.6	0.034211
1.61	0.028026
1.62	0.013865
1.63	0.0036402
1.64	-0.0058961
1.65	-0.016694
1.66	-0.021281
1.67	-0.023447
1.68	-0.018248
1.69	-0.011339
1.7	-0.0026039
1.71	0.007289
1.72	0.012236
1.73	0.01561
1.74	0.0173
1.75	0.010662
1.76	0.0017133
1.77	-0.0062546
1.78	-0.01139
1.79	-0.014093
1.8	-0.014066
1.81	-0.01614
1.82	-0.022539
1.83	-0.024316
1.84	-0.022842
1.85	-0.019997
1.86	-0.014628
1.87	-0.016745
1.88	-0.015739
1.89	-0.01186
1.9	-0.00087204
1.91	0.013523
1.92	0.029228
1.93	0.038329
1.94	0.040547
1.95	0.036942
1.96	0.029089
1.97	0.023859
1.98	0.019398
1.99	0.014084
2	0.009102
2.01	0.00056873
2.02	-0.01211
2.03	-0.020257
2.04	-0.020968
2.05	-0.020229
2.06	-0.0055129
2.07	-0.0026289
2.08	-0.0056732
2.09	-0.0042943
2.1	-0.0039286
2.11	-0.0038912
2.12	-0.0044742
2.13	-0.0064655
2.14	-0.0095794
2.15	-0.013061
2.16	-0.01879
2.17	-0.01384
2.18	-0.004058
2.19	-0.010587
2.2	-0.020232
2.21	-0.028552
2.22	-0.035497
2.23	-0.032615
2.24	-0.026398
2.25	-0.018495
2.26	-0.0093011
2.27	-0.0027441
2.28	0.0013493
2.29	0.0025119
2.3	0.00243
2.31	0.0025353
2.32	0.004462
2.33	0.0084827
2.34	0.015049
2.35	0.023959
2.36	0.037442
2.37	0.049473
2.38	0.054574
2.39	0.055509
2.4	0.050885
2.41	0.039069
2.42	0.021581
2.43	0.0099682
2.44	-0.0021615
2.45	-0.015144
2.46	-0.022996
2.47	-0.028013
2.48	-0.033542
2.49	-0.0333
2.5	-0.032456
2.51	-0.027972
2.52	-0.026353
2.53	-0.032144
2.54	-0.040429
2.55	-0.040809
2.56	-0.030069
2.57	-0.02339
2.58	-0.0069982
2.59	0.0071957
2.6	0.010083
2.61	0.013249
2.62	0.0078401
2.63	-0.00095775
2.64	-0.010698
2.65	-0.025171
2.66	-0.033435
2.67	-0.033027
2.68	-0.026006
2.69	-0.015102
2.7	-0.0048444
2.71	0.0013544
2.72	-0.0031985
2.73	-0.015704
2.74	-0.029207
2.75	-0.039959
2.76	-0.043548
2.77	-0.045518
2.78	-0.039305
2.79	-0.033137
2.8	-0.028311
2.81	-0.018119
2.82	0.0010867
2.83	0.031504
2.84	0.063715
2.85	0.10848
2.86	0.15001
2.87	0.15666
2.88	0.15968
2.89	0.16329
2.9	0.16341
2.91	0.16429
2.92	0.16679
2.93	0.1689
2.94	0.17602
2.95	0.17919
2.96	0.18005
2.97	0.17918
2.98	0.17267
2.99	0.16255
3	0.14033
3.01	0.056093
3.02	-0.010988
3.03	-0.020646
3.04	-0.027826
3.05	-0.023777
3.06	-0.012557
3.07	0.035161
3.08	0.16494
3.09	0.24735
3.1	0.24018
3.11	0.23686
3.12	0.23269
3.13	0.21555
3.14	0.17349
3.15	0.085701
3.16	0.00063792
3.17	-0.081655
3.18	-0.1399
3.19	-0.15737
3.2	-0.17172
3.21	-0.19164
3.22	-0.22391
3.23	-0.28443
3.24	-0.34893
3.25	-0.37171
3.26	-0.36413
3.27	-0.36417
3.28	-0.35897
3.29	-0.34581
3.3	-0.32849
3.31	-0.29363
3.32	-0.18794
3.33	0.015421
3.34	0.22734
3.35	0.31579
3.36	0.37866
3.37	0.43937
3.38	0.37078
3.39	0.18548
3.4	0.02537
3.41	-0.12237
3.42	-0.23039
3.43	-0.26225
3.44	-0.26774
3.45	-0.25439
3.46	-0.22701
3.47	-0.22118
3.48	-0.21512
3.49	-0.17567
3.5	-0.023608
3.51	0.13388
3.52	0.24389
3.53	0.29707
3.54	0.26071
3.55	0.17811
3.56	0.01736
3.57	-0.1688
3.58	-0.34087
3.59	-0.36782
3.6	-0.30471
3.61	-0.34221
3.62	-0.37858
3.63	-0.34219
3.64	-0.31456
3.65	-0.3171
3.66	-0.33475
3.67	-0.36169
3.68	-0.3756
3.69	-0.37694
3.7	-0.3662
3.71	-0.34644
3.72	-0.30743
3.73	-0.19297
3.74	-0.081057
3.75	0.023332
3.76	0.12812
3.77	0.23424
3.78	0.27521
3.79	0.26462
3.8	0.25966
3.81	0.23709
3.82	0.19944
3.83	0.16003
3.84	0.13713
3.85	0.13287
3.86	0.13769
3.87	0.15954
3.88	0.19173
3.89	0.22158
3.9	0.24387
3.91	0.2627
3.92	0.26946
3.93	0.26611
3.94	0.25794
3.95	0.24566
3.96	0.23051
3.97	0.21418
3.98	0.20454
3.99	0.16738
4	0.074238
4.01	-0.018427
4.02	-0.11441
4.03	-0.13114
4.04	-0.088872
4.05	-0.081786
4.06	-0.08345
4.07	-0.056734
4.08	-0.020258
4.09	0.023741
4.1	0.10112
4.11	0.13676
4.12	0.081698
4.13	0.0022141
4.14	-0.066673
4.15	-0.13399
4.16	-0.18
4.17	-0.19686
4.18	-0.20478
4.19	-0.20886
4.2	-0.20643
4.21	-0.20065
4.22	-0.19081
4.23	-0.17307
4.24	-0.13286
4.25	-0.10022
4.26	-0.074013
4.27	-0.047089
4.28	-0.029377
4.29	-0.019548
4.3	-0.01232
4.31	-0.0022897
4.32	0.010619
4.33	0.031294
4.34	0.059824
4.35	0.1116
4.36	0.17268
4.37	0.22252
4.38	0.25517
4.39	0.28076
4.4	0.30692
4.41	0.32251
4.42	0.33044
4.43	0.33028
4.44	0.32492
4.45	0.31215
4.46	0.2937
4.47	0.27341
4.48	0.23268
4.49	0.14445
4.5	0.058294
4.51	0.028156
4.52	0.0094168
4.53	-0.061359
4.54	-0.10847
4.55	-0.17746
4.56	-0.29228
4.57	-0.36056
4.58	-0.3605
4.59	-0.34648
4.6	-0.33323
4.61	-0.27343
4.62	-0.15898
4.63	-0.054382
4.64	0.037709
4.65	0.13695
4.66	0.2025
4.67	0.23525
4.68	0.25921
4.69	0.26461
4.7	0.28701
4.71	0.36538
4.72	0.38982
4.73	0.35197
4.74	0.29409
4.75	0.22691
4.76	0.1897
4.77	0.19162
4.78	0.19407
4.79	0.1748
4.8	0.15428
4.81	0.14516
4.82	0.1309
4.83	0.1193
4.84	0.11503
4.85	0.11059
4.86	0.10786
4.87	0.10762
4.88	0.10817
4.89	0.1077
4.9	0.1075
4.91	0.1022
4.92	0.09933
4.93	0.050586
4.94	-0.037093
4.95	-0.063692
4.96	-0.062908
4.97	-0.094516
4.98	-0.13185
4.99	-0.1514
5	-0.18843
5.01	-0.23387
5.02	-0.25662
5.03	-0.27499
5.04	-0.2425
5.05	-0.23664
5.06	-0.27355
5.07	-0.2973
5.08	-0.33345
5.09	-0.37737
5.1	-0.4072
5.11	-0.40949
5.12	-0.39868
5.13	-0.38844
5.14	-0.36972
5.15	-0.33517
5.16	-0.27311
5.17	-0.22416
5.18	-0.19733
5.19	-0.18343
5.2	-0.18499
5.21	-0.18724
5.22	-0.18197
5.23	-0.16246
5.24	-0.15286
5.25	-0.14286
5.26	-0.12863
5.27	-0.11218
5.28	-0.095949
5.29	-0.082366
5.3	-0.060944
5.31	-0.037022
5.32	-0.016454
5.33	0.0043993
5.34	0.02879
5.35	0.068186
5.36	0.12191
5.37	0.15742
5.38	0.1652
5.39	0.16224
5.4	0.15318
5.41	0.15629
5.42	0.1776
5.43	0.19449
5.44	0.20381
5.45	0.21001
5.46	0.21381
5.47	0.22207
5.48	0.23321
5.49	0.25485
5.5	0.27624
5.51	0.28779
5.52	0.29395
5.53	0.29672
5.54	0.29284
5.55	0.28506
5.56	0.27359
5.57	0.25749
5.58	0.2363
5.59	0.18257
5.6	0.091153
5.61	0.013847
5.62	-0.068441
5.63	-0.11358
5.64	-0.088505
5.65	-0.085246
5.66	-0.10784
5.67	-0.10786
5.68	-0.090535
5.69	-0.066826
5.7	-0.043933
5.71	-0.0025901
5.72	0.020094
5.73	0.018437
5.74	0.0065847
5.75	-0.021301
5.76	-0.065553
5.77	-0.090717
5.78	-0.096402
5.79	-0.10287
5.8	-0.12539
5.81	-0.13963
5.82	-0.16778
5.83	-0.19301
5.84	-0.18929
5.85	-0.16992
5.86	-0.13567
5.87	-0.10442
5.88	-0.03621
5.89	0.052314
5.9	0.080475
5.91	0.088755
5.92	0.091046
5.93	0.079676
5.94	0.036876
5.95	0.00067707
5.96	-0.046925
5.97	-0.10534
5.98	-0.13389
5.99	-0.15223
6	-0.18508
6.01	-0.19954
6.02	-0.19337
6.03	-0.17351
6.04	-0.17138
6.05	-0.17916
6.06	-0.17366
6.07	-0.11806
6.08	-0.057614
6.09	-0.040328
6.1	-0.031469
6.11	-0.01526
6.12	-0.012595
6.13	-0.018059
6.14	-0.038976
6.15	-0.061208
6.16	-0.13079
6.17	-0.17181
6.18	-0.18152
6.19	-0.20241
6.2	-0.2101
6.21	-0.20735
6.22	-0.19908
6.23	-0.19201
6.24	-0.16518
6.25	-0.13666
6.26	-0.10992
6.27	-0.093594
6.28	-0.042582
6.29	0.0029502
6.3	0.034848
6.31	0.076849
6.32	0.13011
6.33	0.18293
6.34	0.23844
6.35	0.29546
6.36	0.37834
6.37	0.46544
6.38	0.5506
6.39	0.59403
6.4	0.58286
6.41	0.59884
6.42	0.59444
6.43	0.57114
6.44	0.57658
6.45	0.5436
6.46	0.47029
6.47	0.40102
6.48	0.35692
6.49	0.28408
6.5	0.19694
6.51	0.15223
6.52	0.12667
6.53	0.037283
6.54	0.0005209
6.55	-0.0043641
6.56	-0.017222
6.57	-0.0092932
6.58	0.0019997
6.59	0.013039
6.6	0.014516
6.61	0.011747
6.62	-0.0027775
6.63	-0.02503
6.64	-0.08048
6.65	-0.14698
6.66	-0.2201
6.67	-0.29874
6.68	-0.33483
6.69	-0.3663
6.7	-0.4251
6.71	-0.44491
6.72	-0.42715
6.73	-0.40927
6.74	-0.39361
6.75	-0.37975
6.76	-0.37003
6.77	-0.36102
6.78	-0.36
6.79	-0.36291
6.8	-0.36539
6.81	-0.36105
6.82	-0.35314
6.83	-0.33398
6.84	-0.31329
6.85	-0.29212
6.86	-0.27298
6.87	-0.21775
6.88	-0.10785
6.89	-0.038765
6.9	-0.0080067
6.91	0.029165
6.92	0.063098
6.93	0.092165
6.94	0.1256
6.95	0.17143
6.96	0.21332
6.97	0.23947
6.98	0.24768
6.99	0.24375
7	0.24042
7.01	0.17895
7.02	0.070557
7.03	-0.00081372
7.04	0.010641
7.05	0.024929
7.06	0.078551
7.07	0.1795
7.08	0.21426
7.09	0.21795
7.1	0.23026
7.11	0.24712
7.12	0.24453
7.13	0.23801
7.14	0.2311
7.15	0.22263
7.16	0.20499
7.17	0.19393
7.18	0.19324
7.19	0.2053
7.2	0.21842
7.21	0.23722
7.22	0.24475
7.23	0.2395
7.24	0.23178
7.25	0.17219
7.26	0.07327
7.27	-0.0096046
7.28	-0.095844
7.29	-0.17953
7.3	-0.25211
7.31	-0.27671
7.32	-0.30607
7.33	-0.32256
7.34	-0.35357
7.35	-0.37772
7.36	-0.39651
7.37	-0.39291
7.38	-0.37575
7.39	-0.22522
7.4	0.0026905
7.41	0.20893
7.42	0.24076
7.43	0.21723
7.44	0.24071
7.45	0.24801
7.46	0.24532
7.47	0.24745
7.48	0.2485
7.49	0.24104
7.5	0.22503
7.51	0.21364
7.52	0.15123
7.53	0.11206
7.54	0.10398
7.55	0.086126
7.56	0.067555
7.57	0.01723
7.58	-0.030054
7.59	-0.036344
7.6	-0.033519
7.61	-0.025294
7.62	-0.010452
7.63	0.0085111
7.64	0.015795
7.65	0.012831
7.66	0.0024541
7.67	-0.017423
7.68	-0.04557
7.69	-0.078396
7.7	-0.11125
7.71	-0.14199
7.72	-0.17111
7.73	-0.18369
7.74	-0.20949
7.75	-0.25014
7.76	-0.25133
7.77	-0.24357
7.78	-0.2417
7.79	-0.23471
7.8	-0.23296
7.81	-0.22993
7.82	-0.22549
7.83	-0.218
7.84	-0.22343
7.85	-0.23147
7.86	-0.2454
7.87	-0.24122
7.88	-0.24498
7.89	-0.24316
7.9	-0.23403
7.91	-0.21729
7.92	-0.20801
7.93	-0.16088
7.94	-0.099537
7.95	0.10284
7.96	0.2335
7.97	0.27528
7.98	0.34761
7.99	0.44724
8	0.5449
8.01	0.57343
8.02	0.57685
8.03	0.64543
8.04	0.69851
8.05	0.70683
8.06	0.69545
8.07	0.6109
8.08	0.49626
8.09	0.47873
8.1	0.47433
8.11	0.44161
8.12	0.42235
8.13	0.40222
8.14	0.38459
8.15	0.36523
8.16	0.37105
8.17	0.33335
8.18	0.25739
8.19	0.18413
8.2	0.13384
8.21	0.083403
8.22	0.013567
8.23	-0.058157
8.24	-0.11118
8.25	-0.14959
8.26	-0.18778
8.27	-0.22874
8.28	-0.24981
8.29	-0.29709
8.3	-0.35435
8.31	-0.37293
8.32	-0.37065
8.33	-0.36843
8.34	-0.35359
8.35	-0.33397
8.36	-0.31991
8.37	-0.31343
8.38	-0.30516
8.39	-0.30099
8.4	-0.29975
8.41	-0.30265
8.42	-0.3036
8.43	-0.30508
8.44	-0.30447
8.45	-0.30909
8.46	-0.31291
8.47	-0.32061
8.48	-0.33455
8.49	-0.37722
8.5	-0.42578
8.51	-0.46576
8.52	-0.4823
8.53	-0.48475
8.54	-0.49124
8.55	-0.4965
8.56	-0.49255
8.57	-0.48128
8.58	-0.47333
8.59	-0.4679
8.6	-0.46533
8.61	-0.46649
8.62	-0.47409
8.63	-0.47686
8.64	-0.4634
8.65	-0.4492
8.66	-0.43216
8.67	-0.40155
8.68	-0.35384
8.69	-0.31088
8.7	-0.26989
8.71	-0.23793
8.72	-0.21136
8.73	-0.18418
8.74	-0.15276
8.75	-0.11569
8.76	-0.08548
8.77	-0.052904
8.78	-0.020223
8.79	0.0048219
8.8	0.022042
8.81	0.030357
8.82	0.047779
8.83	0.073277
8.84	0.097484
8.85	0.12167
8.86	0.15356
8.87	0.17167
8.88	0.19082
8.89	0.21472
8.9	0.23784
8.91	0.25711
8.92	0.27146
8.93	0.28166
8.94	0.29022
8.95	0.29738
8.96	0.30255
8.97	0.30277
8.98	0.29536
8.99	0.2828
9	0.26738
9.01	0.24434
9.02	0.22485
9.03	0.20853
9.04	0.19761
9.05	0.18698
9.06	0.18795
9.07	0.19506
9.08	0.21001
9.09	0.22714
9.1	0.24878
9.11	0.2697
9.12	0.29171
9.13	0.32044
9.14	0.40485
9.15	0.43171
9.16	0.43141
9.17	0.43814
9.18	0.43714
9.19	0.44247
9.2	0.52223
9.21	0.61014
9.22	0.53999
9.23	0.34076
9.24	0.28566
9.25	0.44332
9.26	0.45945
9.27	0.34139
9.28	0.30766
9.29	0.29086
9.3	0.27299
9.31	0.26608
9.32	0.26605
9.33	0.26638
9.34	0.28459
9.35	0.25429
9.36	0.20607
9.37	0.19353
9.38	0.18018
9.39	0.16581
9.4	0.15548
9.41	0.14308
9.42	0.12457
9.43	0.09988
9.44	0.072732
9.45	0.025383
9.46	-0.019268
9.47	-0.059634
9.48	-0.096803
9.49	-0.12334
9.5	-0.14446
9.51	-0.18876
9.52	-0.23332
9.53	-0.29064
9.54	-0.34818
9.55	-0.37276
9.56	-0.38489
9.57	-0.39387
9.58	-0.40139
9.59	-0.40645
9.6	-0.41052
9.61	-0.40535
9.62	-0.39797
9.63	-0.39547
9.64	-0.38795
9.65	-0.37706
9.66	-0.36818
9.67	-0.35882
9.68	-0.34921
9.69	-0.33468
9.7	-0.32227
9.71	-0.30378
9.72	-0.27728
9.73	-0.25488
9.74	-0.22581
9.75	-0.19421
9.76	-0.16985
9.77	-0.14182
9.78	-0.11371
9.79	-0.10924
9.8	-0.11911
9.81	-0.12156
9.82	-0.10423
9.83	-0.082256
9.84	-0.064765
9.85	-0.045234
9.86	-0.027311
9.87	-0.007626
9.88	0.024795
9.89	0.05148
9.9	0.076391
9.91	0.10245
9.92	0.12519
9.93	0.14654
9.94	0.16653
9.95	0.18965
9.96	0.22697
9.97	0.24709
9.98	0.24476
9.99	0.24886
10	0.259
10.01	0.34897
10.02	0.35315
10.03	0.32314
10.04	0.35662
10.05	0.34717
10.06	0.31627
10.07	0.30985
10.08	0.31424
10.09	0.30001
10.1	0.28128
10.11	0.25425
10.12	0.21936
10.13	0.16969
10.14	0.12968
10.15	0.10385
10.16	0.085703
10.17	0.07065
10.18	0.057732
10.19	0.041256
10.2	0.017454
10.21	-0.016108
10.22	-0.074813
10.23	-0.14575
10.24	-0.17107
10.25	-0.20367
10.26	-0.22278
10.27	-0.22293
10.28	-0.21801
10.29	-0.21249
10.3	-0.203
10.31	-0.19406
10.32	-0.18158
10.33	-0.17081
10.34	-0.16593
10.35	-0.16285
10.36	-0.16075
10.37	-0.16037
10.38	-0.16237
10.39	-0.16027
10.4	-0.16078
10.41	-0.15904
10.42	-0.15347
10.43	-0.15017
10.44	-0.15054
10.45	-0.15455
10.46	-0.14149
10.47	-0.11947
10.48	-0.079643
10.49	-0.049418
10.5	-0.03431
10.51	0.0078952
10.52	0.056879
10.53	0.08069
10.54	0.10667
10.55	0.14167
10.56	0.17338
10.57	0.19995
10.58	0.23332
10.59	0.27232
10.6	0.34412
10.61	0.38947
10.62	0.39964
10.63	0.40546
10.64	0.39889
10.65	0.37937
10.66	0.32987
10.67	0.20449
10.68	0.1467
10.69	0.076436
10.7	-0.011147
10.71	-0.03281
10.72	-0.020235
10.73	-0.0076547
10.74	-0.01529
10.75	-0.048327
10.76	-0.065469
10.77	-0.074114
10.78	-0.086276
10.79	-0.092682
10.8	-0.095524
10.81	-0.098137
10.82	-0.11024
10.83	-0.12888
10.84	-0.16103
10.85	-0.19319
10.86	-0.22181
10.87	-0.23367
10.88	-0.22983
10.89	-0.22135
10.9	-0.21018
10.91	-0.19593
10.92	-0.18226
10.93	-0.16637
10.94	-0.1479
10.95	-0.1266
10.96	-0.11253
10.97	-0.10644
10.98	-0.10169
10.99	-0.095703
11	-0.087824
11.01	-0.075072
11.02	-0.05618
11.03	-0.033948
11.04	-0.0017175
11.05	0.050536
11.06	0.079199
11.07	0.085397
11.08	0.089742
11.09	0.095174
11.1	0.094516
11.11	0.098387
11.12	0.10163
11.13	0.10325
11.14	0.10434
11.15	0.10502
11.16	0.097596
11.17	0.090866
11.18	0.083796
11.19	0.079633
11.2	0.080593
11.21	0.086257
11.22	0.096733
11.23	0.11309
11.24	0.13076
11.25	0.14333
11.26	0.1503
11.27	0.15283
11.28	0.14539
11.29	0.13258
11.3	0.12236
11.31	0.10821
11.32	0.098098
11.33	0.09552
11.34	0.094223
11.35	0.096166
11.36	0.10127
11.37	0.10427
11.38	0.098259
11.39	0.087331
11.4	0.063732
11.41	0.021126
11.42	-0.038717
11.43	-0.075958
11.44	-0.094549
11.45	-0.11097
11.46	-0.12446
11.47	-0.13282
11.48	-0.1454
11.49	-0.1545
11.5	-0.1615
11.51	-0.16828
11.52	-0.16998
11.53	-0.1666
11.54	-0.16332
11.55	-0.15972
11.56	-0.15841
11.57	-0.15672
11.58	-0.15904
11.59	-0.16423
11.6	-0.16753
11.61	-0.1692
11.62	-0.17576
11.63	-0.18507
11.64	-0.19482
11.65	-0.20168
11.66	-0.21019
11.67	-0.21649
11.68	-0.21528
11.69	-0.20966
11.7	-0.20942
11.71	-0.20636
11.72	-0.19923
11.73	-0.19744
11.74	-0.2005
11.75	-0.2033
11.76	-0.205
11.77	-0.20766
11.78	-0.20708
11.79	-0.20157
11.8	-0.19034
11.81	-0.18097
11.82	-0.16813
11.83	-0.14663
11.84	-0.12725
11.85	-0.11225
11.86	-0.094736
11.87	-0.076548
11.88	-0.059667
11.89	-0.044099
11.9	-0.021993
11.91	0.0036102
11.92	0.030529
11.93	0.052475
11.94	0.075044
11.95	0.099363
11.96	0.11622
11.97	0.13848
11.98	0.1634
11.99	0.18359
12	0.20071
12.01	0.21636
12.02	0.22786
12.03	0.23839
12.04	0.25364
12.05	0.27557
12.06	0.29745
12.07	0.31394
12.08	0.32177
12.09	0.32131
12.1	0.31846
12.11	0.31152
12.12	0.29892
12.13	0.28551
12.14	0.27356
12.15	0.2596
12.16	0.24812
12.17	0.23763
12.18	0.22906
12.19	0.22004
12.2	0.20754
12.21	0.1878
12.22	0.15889
12.23	0.13812
12.24	0.12717
12.25	0.12058
12.26	0.11675
12.27	0.10956
12.28	0.099387
12.29	0.089292
12.3	0.077585
12.31	0.066769
12.32	0.058487
12.33	0.047745
12.34	0.036582
12.35	0.023406
12.36	0.0076225
12.37	-0.0098271
12.38	-0.026278
12.39	-0.039376
12.4	-0.05468
12.41	-0.072063
12.42	-0.089042
12.43	-0.1017
12.44	-0.11112
12.45	-0.12209
12.46	-0.13026
12.47	-0.13488
12.48	-0.13947
12.49	-0.14581
12.5	-0.14743
12.51	-0.14812
12.52	-0.15041
12.53	-0.15394
12.54	-0.15787
12.55	-0.16684
12.56	-0.174
12.57	-0.18262
12.58	-0.19143
12.59	-0.19965
12.6	-0.20115
12.61	-0.19923
12.62	-0.20342
12.63	-0.19979
12.64	-0.19424
12.65	-0.18886
12.66	-0.18085
12.67	-0.16578
12.68	-0.14177
12.69	-0.08341
12.7	-0.054781
12.71	-0.046032
12.72	-0.032881
12.73	-0.028934
12.74	-0.022667
12.75	-0.018918
12.76	-0.013159
12.77	-0.0034388
12.78	0.0072932
12.79	0.022998
12.8	0.039877
12.81	0.056973
12.82	0.075395
12.83	0.093055
12.84	0.10775
12.85	0.11483
12.86	0.11685
12.87	0.11935
12.88	0.11608
12.89	0.10577
12.9	0.10072
12.91	0.088548
12.92	0.072772
12.93	0.05816
12.94	0.045723
12.95	0.038505
12.96	0.033682
12.97	0.034931
12.98	0.037923
12.99	0.036747
13	0.035593
13.01	0.030238
13.02	0.023853
13.03	0.022136
13.04	0.019153
13.05	0.017823
13.06	0.017618
13.07	0.016941
13.08	0.017098
13.09	0.021053
13.1	0.030514
13.11	0.039791
13.12	0.046906
13.13	0.054609
13.14	0.060117
13.15	0.061799
13.16	0.065887
13.17	0.070904
13.18	0.077219
13.19	0.083131
13.2	0.085948
13.21	0.087043
13.22	0.090808
13.23	0.092809
13.24	0.094485
13.25	0.097917
13.26	0.098399
13.27	0.099672
13.28	0.099238
13.29	0.096136
13.3	0.093022
13.31	0.088115
13.32	0.074763
13.33	0.061392
13.34	0.046345
13.35	0.02889
13.36	0.010218
13.37	-0.0045627
13.38	-0.015882
13.39	-0.023055
13.4	-0.024846
13.41	-0.025571
13.42	-0.029806
13.43	-0.032759
13.44	-0.034291
13.45	-0.038875
13.46	-0.046614
13.47	-0.057503
13.48	-0.06558
13.49	-0.073071
13.5	-0.080466
13.51	-0.084374
13.52	-0.083649
13.53	-0.081749
13.54	-0.079019
13.55	-0.073038
13.56	-0.067812
13.57	-0.062658
13.58	-0.061249
13.59	-0.059791
13.6	-0.062722
13.61	-0.067932
13.62	-0.073666
13.63	-0.081783
13.64	-0.091722
13.65	-0.097893
13.66	-0.10945
13.67	-0.11927
13.68	-0.13086
13.69	-0.14023
13.7	-0.14845
13.71	-0.1604
13.72	-0.16579
13.73	-0.16971
13.74	-0.1714
13.75	-0.16708
13.76	-0.16005
13.77	-0.14836
13.78	-0.13151
13.79	-0.11011
13.8	-0.085802
13.81	-0.064237
13.82	-0.050543
13.83	-0.041337
13.84	-0.033145
13.85	-0.024876
13.86	-0.018987
13.87	-0.01428
13.88	-0.011456
13.89	-0.011026
13.9	-0.0087435
13.91	-0.0038823
13.92	-0.00071605
13.93	-0.0005238
13.94	0.0028034
13.95	0.0055221
13.96	0.0082282
13.97	0.0086858
13.98	0.0091804
13.99	0.01266
14	0.016904
14.01	0.0171
14.02	0.017088
14.03	0.017443
14.04	0.017177
14.05	0.012137
14.06	0.008269
14.07	0.0046019
14.08	0.0044984
14.09	0.0055008
14.1	0.0057715
14.11	0.011091
14.12	0.018356
14.13	0.024764
14.14	0.035204
14.15	0.044802
14.16	0.045142
14.17	0.044348
14.18	0.041102
14.19	0.034227
14.2	0.027373
14.21	0.025383
14.22	0.02468
14.23	0.021476
14.24	0.023248
14.25	0.025507
14.26	0.02527
14.27	0.028354
14.28	0.034136
14.29	0.038813
14.3	0.038172
14.31	0.04319
14.32	0.048488
14.33	0.051209
14.34	0.05626
14.35	0.065894
14.36	0.077123
14.37	0.088203
14.38	0.1019
14.39	0.11077
14.4	0.11523
14.41	0.12136
14.42	0.12081
14.43	0.11663
14.44	0.1112
14.45	0.10275
14.46	0.093803
14.47	0.084335
14.48	0.074132
14.49	0.066345
14.5	0.064309
14.51	0.066812
14.52	0.06922
14.53	0.075098
14.54	0.084262
14.55	0.091323
14.56	0.097089
14.57	0.10275
14.58	0.10848
14.59	0.11121
14.6	0.10897
14.61	0.10151
14.62	0.089923
14.63	0.072647
14.64	0.053651
14.65	0.029294
14.66	0.0018147
14.67	-0.021558
14.68	-0.044552
14.69	-0.069717
14.7	-0.091775
14.71	-0.10282
14.72	-0.11331
14.73	-0.12177
14.74	-0.12527
14.75	-0.12614
14.76	-0.12278
14.77	-0.1169
14.78	-0.1079
14.79	-0.090724
14.8	-0.06614
14.81	-0.04388
14.82	-0.026523
14.83	-0.01282
14.84	-0.0039855
14.85	-0.00082865
14.86	-0.00048459
14.87	-0.00041748
14.88	-0.00059055
14.89	-0.0042564
14.9	-0.0076609
14.91	-0.0073871
14.92	-0.0070378
14.93	-0.0048655
14.94	-0.0033846
14.95	-0.0034479
14.96	-0.0059402
14.97	-0.010547
14.98	-0.014644
14.99	-0.02303
15	-0.026943
15.01	-0.026582
15.02	-0.02558
15.03	-0.023964
15.04	-0.016387
15.05	-0.0096558
15.06	0.0015747
15.07	0.013229
15.08	0.023412
15.09	0.030805
15.1	0.039377
15.11	0.045899
15.12	0.050351
15.13	0.050137
15.14	0.045144
15.15	0.035498
15.16	0.028759
15.17	0.020987
15.18	0.012147
15.19	0.0071884
15.2	0.00291
15.21	0.00072897
15.22	0.0032769
15.23	0.0055524
15.24	0.011819
15.25	0.020608
15.26	0.027998
15.27	0.035512
15.28	0.039847
15.29	0.042054
15.3	0.040007
15.31	0.034506
15.32	0.029074
15.33	0.021356
15.34	0.0085315
15.35	-0.0013978
15.36	-0.011019
15.37	-0.023859
15.38	-0.033791
15.39	-0.038328
15.4	-0.041695
15.41	-0.047011
15.42	-0.054238
15.43	-0.061449
15.44	-0.065759
15.45	-0.073823
15.46	-0.087326
15.47	-0.098157
15.48	-0.10558
15.49	-0.11149
15.5	-0.11367
15.51	-0.10975
15.52	-0.10425
15.53	-0.097627
15.54	-0.08381
15.55	-0.070831
15.56	-0.056759
15.57	-0.040274
15.58	-0.028872
15.59	-0.010892
15.6	0.0012818
15.61	0.0094392
15.62	0.016418
15.63	0.016904
15.64	0.017005
15.65	0.016285
15.66	0.011449
15.67	0.0041517
15.68	0.0008119
15.69	0.0029011
15.7	0.0075961
15.71	0.016452
15.72	0.025743
15.73	0.031592
15.74	0.040592
15.75	0.04614
15.76	0.053197
15.77	0.055523
15.78	0.06076
15.79	0.068381
15.8	0.076778
15.81	0.083134
15.82	0.084735
15.83	0.081521
15.84	0.075723
15.85	0.065622
15.86	0.056706
15.87	0.049635
15.88	0.041425
15.89	0.035478
15.9	0.033863
15.91	0.033074
15.92	0.031519
15.93	0.030512
15.94	0.024398
15.95	0.016528
15.96	0.0047406
15.97	-0.0088646
15.98	-0.018812
15.99	-0.029453
16	-0.03901
16.01	-0.046872
16.02	-0.05136
16.03	-0.050424
16.04	-0.049042
16.05	-0.050627
16.06	-0.046926
16.07	-0.041981
16.08	-0.038001
16.09	-0.032623
16.1	-0.029294
16.11	-0.024315
16.12	-0.018843
16.13	-0.0098484
16.14	-0.0027071
16.15	0.0055937
16.16	0.013619
16.17	0.0202
16.18	0.026836
16.19	0.028389
16.2	0.029601
16.21	0.033543
16.22	0.041393
16.23	0.048433
16.24	0.050697
16.25	0.052613
16.26	0.052595
16.27	0.046957
16.28	0.045622
16.29	0.041413
16.3	0.036691
16.31	0.033768
16.32	0.030714
16.33	0.027213
16.34	0.025132
16.35	0.022841
16.36	0.017118
16.37	0.012032
16.38	0.0079951
16.39	0.0023922
16.4	-0.003715
16.41	-0.0077918
16.42	-0.012266
16.43	-0.016506
16.44	-0.022702
16.45	-0.031623
16.46	-0.041738
16.47	-0.052972
16.48	-0.06674
16.49	-0.07583
16.5	-0.08133
16.51	-0.084696
16.52	-0.081218
16.53	-0.072722
16.54	-0.064429
16.55	-0.052481
16.56	-0.038379
16.57	-0.02425
16.58	-0.0089631
16.59	0.0017889
16.6	0.012607
16.61	0.01887
16.62	0.027922
16.63	0.037425
16.64	0.044506
16.65	0.051863
16.66	0.059234
16.67	0.063156
16.68	0.062814
16.69	0.064415
16.7	0.06668
16.71	0.064643
16.72	0.064685
16.73	0.062424
16.74	0.058832
16.75	0.05662
16.76	0.052244
16.77	0.050518
16.78	0.049134
16.79	0.050116
16.8	0.050374
16.81	0.051184
16.82	0.049864
16.83	0.047852
16.84	0.046386
16.85	0.045144
16.86	0.041484
16.87	0.034985
16.88	0.030931
16.89	0.028112
16.9	0.018422
16.91	0.0063719
16.92	-0.0049541
16.93	-0.017759
16.94	-0.034492
16.95	-0.046048
16.96	-0.053426
16.97	-0.064891
16.98	-0.070872
16.99	-0.075834
17	-0.077409
17.01	-0.075482
17.02	-0.074021
17.03	-0.070122
17.04	-0.061638
17.05	-0.056282
17.06	-0.048435
17.07	-0.041993
17.08	-0.036911
17.09	-0.033438
17.1	-0.035177
17.11	-0.041207
17.12	-0.046863
17.13	-0.05562
17.14	-0.067298
17.15	-0.078309
17.16	-0.084666
17.17	-0.09031
17.18	-0.089541
17.19	-0.08694
17.2	-0.08503
17.21	-0.082623
17.22	-0.074879
17.23	-0.066364
17.24	-0.058516
17.25	-0.050417
17.26	-0.040167
17.27	-0.030522
17.28	-0.028057
17.29	-0.027553
17.3	-0.026027
17.31	-0.024908
17.32	-0.024134
17.33	-0.022461
17.34	-0.015885
17.35	-0.0075976
17.36	0.0029967
17.37	0.012206
17.38	0.020112
17.39	0.028983
17.4	0.035238
17.41	0.035466
17.42	0.03434
17.43	0.031973
17.44	0.023885
17.45	0.015158
17.46	0.0070993
17.47	0.0049156
17.48	0.00058592
17.49	-0.0010441
17.5	0.0019894
17.51	0.0079535
17.52	0.014095
17.53	0.020213
17.54	0.024133
17.55	0.027763
17.56	0.028678
17.57	0.028023
17.58	0.026324
17.59	0.023255
17.6	0.022826
17.61	0.022337
17.62	0.019396
17.63	0.016963
17.64	0.014453
17.65	0.013816
17.66	0.0093037
17.67	0.0004756
17.68	-0.0015974
17.69	-0.0034592
17.7	-0.002122
17.71	0.0021275
17.72	0.0090235
17.73	0.01772
17.74	0.023952
17.75	0.025557
17.76	0.027233
17.77	0.0271
17.78	0.026345
17.79	0.025867
17.8	0.025262
17.81	0.024797
17.82	0.024232
17.83	0.023729
17.84	0.023045
17.85	0.022234
17.86	0.024116
17.87	0.028613
17.88	0.028057
17.89	0.029404
17.9	0.032827
17.91	0.034334
17.92	0.038269
17.93	0.040075
17.94	0.038451
17.95	0.035582
17.96	0.031775
17.97	0.025662
17.98	0.017041
17.99	0.0094068
18	0.0048929
18.01	-0.0017064
18.02	-0.0049462
18.03	-0.0068133
18.04	-0.0063875
18.05	-0.0016356
18.06	7.0878e-05
18.07	0.002107
18.08	0.0029907
18.09	0.0030647
18.1	-0.00045202
18.11	-0.0048277
18.12	-0.0043941
18.13	-0.0036466
18.14	-0.0002333
18.15	0.0090901
18.16	0.019595
18.17	0.029256
18.18	0.038766
18.19	0.04543
18.2	0.04974
18.21	0.053857
18.22	0.054939
18.23	0.055048
18.24	0.053569
18.25	0.0485
18.26	0.04176
18.27	0.032548
18.28	0.022984
18.29	0.011353
18.3	-0.0020122
18.31	-0.011796
18.32	-0.019765
18.33	-0.028328
18.34	-0.038308
18.35	-0.05035
18.36	-0.059294
18.37	-0.065134
18.38	-0.070058
18.39	-0.073477
18.4	-0.074183
18.41	-0.071716
18.42	-0.067977
18.43	-0.062652
18.44	-0.051278
18.45	-0.039254
18.46	-0.030295
18.47	-0.021331
18.48	-0.0096877
18.49	-0.0025334
18.5	0.0026387
18.51	0.0027546
18.52	0.0049755
18.53	0.0071456
18.54	0.0094359
18.55	0.009767
18.56	0.010327
18.57	0.012586
18.58	0.012316
18.59	0.011677
18.6	0.011598
18.61	0.010918
18.62	0.010743
18.63	0.010254
18.64	0.012368
18.65	0.014366
18.66	0.018581
18.67	0.020427
18.68	0.024539
18.69	0.032915
18.7	0.040236
18.71	0.047614
18.72	0.057076
18.73	0.06456
18.74	0.072326
18.75	0.08128
18.76	0.08719
18.77	0.093131
18.78	0.098314
18.79	0.099874
18.8	0.10136
18.81	0.097042
18.82	0.087185
18.83	0.077043
18.84	0.060048
18.85	0.044141
18.86	0.031687
18.87	0.021854
18.88	0.011793
18.89	0.0022391
18.9	-0.0060187
18.91	-0.012371
18.92	-0.019501
18.93	-0.024066
18.94	-0.030923
18.95	-0.039457
18.96	-0.047786
18.97	-0.053847
18.98	-0.059467
18.99	-0.064761
19	-0.069805
19.01	-0.072094
19.02	-0.07535
19.03	-0.076807
19.04	-0.07685
19.05	-0.075328
19.06	-0.070918
19.07	-0.06871
19.08	-0.06767
19.09	-0.066044
19.1	-0.066603
19.11	-0.067332
19.12	-0.069073
19.13	-0.074795
19.14	-0.078978
19.15	-0.085078
19.16	-0.09161
19.17	-0.094894
19.18	-0.094384
19.19	-0.096719
19.2	-0.090421
19.21	-0.07887
19.22	-0.064305
19.23	-0.043286
19.24	-0.025155
19.25	-0.011236
19.26	-0.00059554
19.27	0.0043933
19.28	0.0062095
19.29	0.0036363
19.3	-0.0013005
19.31	-0.007051
19.32	-0.0076125
19.33	-0.01011
19.34	-0.014511
19.35	-0.0084556
19.36	-0.0050261
19.37	-0.0011647
19.38	0.0044504
19.39	0.0084646
19.4	0.01667
19.41	0.02221
19.42	0.02562
19.43	0.028125
19.44	0.03077
19.45	0.034482
19.46	0.033617
19.47	0.033013
19.48	0.035058
19.49	0.034976
19.5	0.033441
19.51	0.032964
19.52	0.02967
19.53	0.02734
19.54	0.027
19.55	0.026222
19.56	0.025257
19.57	0.024624
19.58	0.023549
19.59	0.020276
19.6	0.017707
19.61	0.015295
19.62	0.014299
19.63	0.011666
19.64	0.0073438
19.65	0.012001
19.66	0.013342
19.67	0.013393
19.68	0.017241
19.69	0.018435
19.7	0.018601
19.71	0.0215
19.72	0.017483
19.73	0.01185
19.74	0.0081054
19.75	0.0050699
19.76	0.0011206
19.77	-0.0020652
19.78	-0.0067763
19.79	-0.0095351
19.8	-0.012996
19.81	-0.014574
19.82	-0.013648
19.83	-0.013977
19.84	-0.013535
19.85	-0.017563
19.86	-0.02086
19.87	-0.020887
19.88	-0.025516
19.89	-0.026941
19.9	-0.025211
19.91	-0.024916
19.92	-0.019439
19.93	-0.016438
19.94	-0.017113
19.95	-0.015183
19.96	-0.01023
19.97	-0.0079558
19.98	-0.0082297
19.99	-0.0043803
20	-0.0012068
20.01	0.0023694
20.02	0.0062905
20.03	0.011103
20.04	0.013122
20.05	0.013959
20.06	0.018938
20.07	0.019243
20.08	0.01583
20.09	0.013825
20.1	0.013116
20.11	0.011135
20.12	0.01255
20.13	0.012811
20.14	0.011757
20.15	0.011185
20.16	0.0074579
20.17	0.0030369
20.18	-0.00322
20.19	-0.0076405
20.2	-0.012287
20.21	-0.01501
20.22	-0.018938
20.23	-0.024342
20.24	-0.025726
20.25	-0.029384
20.26	-0.033631
20.27	-0.038823
20.28	-0.041186
20.29	-0.046261
20.3	-0.049957
20.31	-0.05
20.32	-0.05164
20.33	-0.054468
20.34	-0.05302
20.35	-0.051584
20.36	-0.048123
20.37	-0.047556
20.38	-0.047703
20.39	-0.046647
20.4	-0.049199
20.41	-0.050729
20.42	-0.048878
20.43	-0.052151
20.44	-0.053475
20.45	-0.050833
20.46	-0.049528
20.47	-0.047901
20.48	-0.048702
20.49	-0.051174
20.5	-0.05068
20.51	-0.049202
20.52	-0.050612
20.53	-0.048591
20.54	-0.048778
20.55	-0.044101
20.56	-0.039198
20.57	-0.033593
20.58	-0.026426
20.59	-0.021737
20.6	-0.0099256
20.61	0.0016295
20.62	0.012643
20.63	0.022908
20.64	0.034551
20.65	0.047826
20.66	0.054617
20.67	0.060167
20.68	0.065752
20.69	0.070332
20.7	0.072369
20.71	0.075514
20.72	0.07471
20.73	0.072756
20.74	0.071782
20.75	0.070204
20.76	0.068619
20.77	0.067071
20.78	0.065887
20.79	0.064375
20.8	0.063142
20.81	0.061384
20.82	0.060303
20.83	0.058746
20.84	0.0616
20.85	0.063832
20.86	0.062443
20.87	0.065846
20.88	0.068765
20.89	0.071177
20.9	0.072019
20.91	0.073809
20.92	0.076613
20.93	0.079217
20.94	0.083171
20.95	0.081813
20.96	0.0791
20.97	0.077151
20.98	0.075305
20.99	0.072951
21	0.07208
21.01	0.071053
21.02	0.066791
21.03	0.064589
21.04	0.060246
21.05	0.054395
21.06	0.050183
21.07	0.043941
21.08	0.038057
21.09	0.032937
21.1	0.026399
21.11	0.016734
21.12	0.010355
21.13	0.0021253
21.14	-0.0055156
21.15	-0.012045
21.16	-0.020578
21.17	-0.025886
21.18	-0.030182
21.19	-0.037883
21.2	-0.046305
21.21	-0.051469
21.22	-0.057057
21.23	-0.061041
21.24	-0.061913
21.25	-0.06557
21.26	-0.065011
21.27	-0.062985
21.28	-0.061871
21.29	-0.05681
21.3	-0.048538
21.31	-0.041282
21.32	-0.032879
21.33	-0.021798
21.34	-0.013692
21.35	-0.0096428
21.36	-0.0059098
21.37	-0.0063035
21.38	-0.0090403
21.39	-0.010725
21.4	-0.014896
21.41	-0.019408
21.42	-0.025215
21.43	-0.025697
21.44	-0.024705
21.45	-0.022634
21.46	-0.017829
21.47	-0.016259
21.48	-0.015657
21.49	-0.012404
21.5	-0.011897
21.51	-0.0098194
21.52	-0.0074113
21.53	-0.0045561
21.54	-0.0011734
21.55	0.0015723
21.56	0.0077388
21.57	0.012266
21.58	0.013339
21.59	0.018271
21.6	0.023855
21.61	0.025609
21.62	0.025052
21.63	0.024195
21.64	0.023822
21.65	0.022847
21.66	0.022515
21.67	0.019266
21.68	0.013582
21.69	0.012581
21.7	0.012797
21.71	0.012201
21.72	0.015393
21.73	0.01916
21.74	0.020843
21.75	0.020583
21.76	0.021686
21.77	0.02204
21.78	0.021886
21.79	0.017839
21.8	0.012765
21.81	0.0080493
21.82	0.0015181
21.83	-0.0055231
21.84	-0.011984
21.85	-0.017054
21.86	-0.020804
21.87	-0.026684
21.88	-0.030226
21.89	-0.031028
21.9	-0.034227
21.91	-0.036792
21.92	-0.037447
21.93	-0.038676
21.94	-0.037843
21.95	-0.036559
21.96	-0.032926
21.97	-0.032126
21.98	-0.02802
21.99	-0.023076
22	-0.023235
22.01	-0.021537
22.02	-0.01551
22.03	-0.013845
22.04	-0.014764
22.05	-0.0097874
22.06	-0.0060017
22.07	-0.0069426
22.08	-0.0047739
22.09	0.00061325
22.1	0.0044662
22.11	0.007808
22.12	0.008194
22.13	0.012919
22.14	0.01408
22.15	0.0083012
22.16	0.0060687
22.17	0.0018529
22.18	-0.0022173
22.19	-0.0077271
22.2	-0.013361
22.21	-0.015112
22.22	-0.018608
22.23	-0.02234
22.24	-0.024283
22.25	-0.024517
22.26	-0.026134
22.27	-0.030388
22.28	-0.032072
22.29	-0.032738
22.3	-0.034727
22.31	-0.035184
22.32	-0.0338
22.33	-0.034252
22.34	-0.035673
22.35	-0.034953
22.36	-0.039067
22.37	-0.040546
22.38	-0.039281
22.39	-0.04262
22.4	-0.043848
22.41	-0.04232
22.42	-0.040398
22.43	-0.0352
22.44	-0.026618
22.45	-0.021875
22.46	-0.015297
22.47	-0.0084191
22.48	-0.0041833
22.49	-0.0033956
22.5	-0.0017017
22.51	0.0012298
22.52	0.0017668
22.53	0.0065215
22.54	0.013078
22.55	0.015135
22.56	0.016859
22.57	0.020408
22.58	0.027266
22.59	0.030019
22.6	0.034068
22.61	0.037114
22.62	0.042549
22.63	0.046364
22.64	0.051576
22.65	0.058667
22.66	0.062473
22.67	0.063598
22.68	0.064272
22.69	0.064934
22.7	0.063539
22.71	0.061438
22.72	0.060329
22.73	0.057397
22.74	0.052273
22.75	0.046196
22.76	0.043265
22.77	0.036985
22.78	0.032152
22.79	0.024216
22.8	0.012537
22.81	0.0016035
22.82	-0.0067432
22.83	-0.015795
22.84	-0.026648
22.85	-0.035446
22.86	-0.038896
22.87	-0.040653
22.88	-0.044185
22.89	-0.047836
22.9	-0.049129
22.91	-0.051535
22.92	-0.054623
22.93	-0.055617
22.94	-0.057848
22.95	-0.057947
22.96	-0.058853
22.97	-0.057522
22.98	-0.055625
22.99	-0.051547
23	-0.048161
23.01	-0.043441
23.02	-0.037647
23.03	-0.029984
23.04	-0.020427
23.05	-0.011994
23.06	-0.0067744
23.07	-0.0010167
23.08	0.0062474
23.09	0.012604
23.1	0.015622
23.11	0.016087
23.12	0.021526
23.13	0.022332
23.14	0.021315
23.15	0.021298
23.16	0.021066
23.17	0.021488
23.18	0.023488
23.19	0.025187
23.2	0.026734
23.21	0.028932
23.22	0.031877
23.23	0.033804
23.24	0.03807
23.25	0.039543
23.26	0.042478
23.27	0.043462
23.28	0.045402
23.29	0.047988
23.3	0.046751
23.31	0.045403
23.32	0.042052
23.33	0.038932
23.34	0.035897
23.35	0.032709
23.36	0.029881
23.37	0.028585
23.38	0.028343
23.39	0.026267
23.4	0.023731
23.41	0.018972
23.42	0.014538
23.43	0.0091718
23.44	0.0054888
23.45	-0.00050501
23.46	-0.0058557
23.47	-0.008391
23.48	-0.010037
23.49	-0.014442
23.5	-0.015701
23.51	-0.017893
23.52	-0.017938
23.53	-0.019358
23.54	-0.018805
23.55	-0.016582
23.56	-0.016293
23.57	-0.016256
23.58	-0.015561
23.59	-0.015361
23.6	-0.012504
23.61	-0.010278
23.62	-0.0075465
23.63	-0.0070733
23.64	-0.0054045
23.65	-0.0029747
23.66	-0.0001977
23.67	0.0034329
23.68	0.0061739
23.69	0.01033
23.7	0.014597
23.71	0.017776
23.72	0.022421
23.73	0.023988
23.74	0.024659
23.75	0.029303
23.76	0.029343
23.77	0.027747
23.78	0.027039
23.79	0.02347
23.8	0.020911
23.81	0.018287
23.82	0.017457
23.83	0.016869
23.84	0.015946
23.85	0.015635
23.86	0.013837
23.87	0.010923
23.88	0.0082889
23.89	0.0061574
23.9	0.0061312
23.91	0.0056371
23.92	0.006429
23.93	0.010052
23.94	0.012199
23.95	0.011465
23.96	0.016342
23.97	0.017792
23.98	0.016503
23.99	0.014102
24	0.011737
24.01	0.011324
24.02	0.011033
24.03	0.010053
24.04	0.011144
24.05	0.012862
24.06	0.012405
24.07	0.011443
24.08	0.010846
24.09	0.0059853
24.1	0.003202
24.11	-0.0011972
24.12	-0.0076416
24.13	-0.014568
24.14	-0.020126
24.15	-0.028263
24.16	-0.033041
24.17	-0.036232
24.18	-0.039226
24.19	-0.038636
24.2	-0.041702
24.21	-0.043084
24.22	-0.03941
24.23	-0.038353
24.24	-0.035638
24.25	-0.033288
24.26	-0.033027
24.27	-0.030742
24.28	-0.027667
24.29	-0.02735
24.3	-0.027087
24.31	-0.02559
24.32	-0.022164
24.33	-0.021326
24.34	-0.019346
24.35	-0.016615
24.36	-0.016588
24.37	-0.016066
24.38	-0.016775
24.39	-0.018884
24.4	-0.018687
24.41	-0.017866
24.42	-0.017709
24.43	-0.016403
24.44	-0.01217
24.45	-0.0092973
24.46	-0.0095293
24.47	-0.009087
24.48	-0.0087102
24.49	-0.0083563
24.5	-0.0084712
24.51	-0.0079642
24.52	-0.0076309
24.53	-0.0023983
24.54	0.00093547
24.55	0.0031843
24.56	0.0081881
24.57	0.010262
24.58	0.012093
24.59	0.013338
24.6	0.012003
24.61	0.0091843
24.62	0.0072731
24.63	0.0049637
24.64	0.0047262
24.65	0.0017048
24.66	0.00051689
24.67	0.00078904
24.68	0.0025064
24.69	0.004447
24.7	0.0040421
24.71	0.0043256
24.72	0.0082343
24.73	0.010944
24.74	0.012312
24.75	0.01609
24.76	0.017071
24.77	0.016887
24.78	0.019269
24.79	0.01921
24.8	0.018229
24.81	0.017795
24.82	0.017377
24.83	0.016919
24.84	0.015295
24.85	0.012271
24.86	0.0098166
24.87	0.0051172
24.88	0.0032944
24.89	-0.00013203
24.9	-0.003517
24.91	-0.0056665
24.92	-0.0074214
24.93	-0.007283
24.94	-0.0070337
24.95	-0.007286
24.96	-0.0069756
24.97	-0.0088619
24.98	-0.010698
24.99	-0.012736
25	-0.014392
25.01	-0.016634
25.02	-0.016795
25.03	-0.016041
25.04	-0.015905
25.05	-0.015631
25.06	-0.014549
25.07	-0.011587
25.08	-0.010952
25.09	-0.010949
25.1	-0.0079648
25.11	-0.0059856
25.12	-0.002714
25.13	0.00059171
25.14	0.0023182
25.15	0.0063756
25.16	0.0078834
25.17	0.0098511
25.18	0.011722
25.19	0.013643
25.2	0.011541
25.21	0.0063997
25.22	0.0055285
25.23	0.003843
25.24	-0.0014869
25.25	-0.0040701
25.26	-0.0054168
25.27	-0.0057875
25.28	-0.0056482
25.29	-0.0047616
25.3	-0.0017839
25.31	-0.001919
25.32	-0.0020348
25.33	-0.0015895
25.34	0.0014784
25.35	0.0017583
25.36	0.0030097
25.37	0.0049534
25.38	0.0049559
25.39	0.004821
25.4	0.0080956
25.41	0.0066009
25.42	0.0035774
25.43	-0.00095452
25.44	-0.0045472
25.45	-0.0091159
25.46	-0.011614
25.47	-0.015208
25.48	-0.017541
25.49	-0.016715
25.5	-0.016304
25.51	-0.01631
25.52	-0.014347
25.53	-0.013461
25.54	-0.015326
25.55	-0.015125
25.56	-0.017034
25.57	-0.017684
25.58	-0.016687
25.59	-0.018597
25.6	-0.019865
25.61	-0.018967
25.62	-0.018408
25.63	-0.018239
25.64	-0.015644
25.65	-0.01077
25.66	-0.0062913
25.67	-0.0013466
25.68	0.0045863
25.69	0.0067089
25.7	0.010546
25.71	0.012396
25.72	0.01086
25.73	0.0083823
25.74	0.0063351
25.75	0.004276
25.76	0.0040424
25.77	0.0040136
25.78	0.0029067
25.79	0.00021864
25.8	-5.8271e-05
25.81	0.00051519
25.82	0.0026557
25.83	0.0039389
25.84	0.0043407
25.85	0.0086064
25.86	0.010897
25.87	0.010198
25.88	0.009961
25.89	0.0099952
25.9	0.0098853
25.91	0.0094566
25.92	0.011242
25.93	0.012962
25.94	0.014806
25.95	0.017375
25.96	0.021806
25.97	0.023517
25.98	0.026406
25.99	0.025684
26	0.025589
26.01	0.027866
26.02	0.028787
26.03	0.028272
26.04	0.026923
26.05	0.026924
26.06	0.024832
26.07	0.020715
26.08	0.015014
26.09	0.01302
26.1	0.0075632
26.11	0.0025117
26.12	-0.00031279
26.13	-0.0053126
26.14	-0.010247
26.15	-0.0095689
26.16	-0.011693
26.17	-0.0099228
26.18	-0.0091034
26.19	-0.0074844
26.2	-0.0030757
26.21	0.0011195
26.22	0.0017041
26.23	0.001334
26.24	0.0013613
26.25	0.0014971
26.26	0.0011492
26.27	0.0012213
26.28	-2.4555e-05
26.29	-0.0037452
26.3	-0.008441
26.31	-0.0098479
26.32	-0.012253
26.33	-0.013865
26.34	-0.017258
26.35	-0.019743
26.36	-0.021317
26.37	-0.022654
26.38	-0.024697
26.39	-0.025414
26.4	-0.0245
26.41	-0.023942
26.42	-0.023473
26.43	-0.024896
26.44	-0.028703
26.45	-0.029076
26.46	-0.027071
26.47	-0.023841
26.48	-0.022974
26.49	-0.022733
26.5	-0.019376
26.51	-0.014651
26.52	-0.013506
26.53	-0.012607
26.54	-0.0079193
26.55	-0.0051664
26.56	-0.0031594
26.57	-0.0013358
26.58	-0.0014604
26.59	-0.0012512
26.6	-0.001297
26.61	0.0007611
26.62	0.002883
26.63	0.0027116
26.64	0.0030597
26.65	0.0067826
26.66	0.010843
26.67	0.014797
26.68	0.016488
26.69	0.016215
26.7	0.017579
26.71	0.0172
26.72	0.016419
26.73	0.015185
26.74	0.010662
26.75	0.008029
26.76	0.0081122
26.77	0.0051167
26.78	0.0035523
26.79	0.0026531
26.8	0.003017
26.81	0.0072973
26.82	0.0069479
26.83	0.0063591
26.84	0.0064523
26.85	0.0062723
26.86	0.0087146
26.87	0.013184
26.88	0.012463
26.89	0.014566
26.9	0.016249
26.91	0.018171
26.92	0.019255
26.93	0.022886
26.94	0.024347
26.95	0.025346
26.96	0.023183
26.97	0.02135
26.98	0.021252
26.99	0.020455
27	0.017398
27.01	0.012137
27.02	0.0084066
27.03	0.0065475
27.04	0.0025114
27.05	-0.0023886
27.06	-0.0041934
27.07	-0.0047554
27.08	-0.010316
27.09	-0.011593
27.1	-0.013761
27.11	-0.018727
27.12	-0.018178
27.13	-0.020524
27.14	-0.024063
27.15	-0.024049
27.16	-0.022815
27.17	-0.022716
27.18	-0.019632
27.19	-0.017731
27.2	-0.016994
27.21	-0.011621
27.22	-0.0058668
27.23	-0.0042565
27.24	-0.00015158
27.25	0.0012772
27.26	0.0015181
27.27	0.0052587
27.28	0.008119
27.29	0.005373
27.3	0.0035455
27.31	0.0032081
27.32	0.0007926
27.33	-0.00058051
27.34	0.00030261
27.35	-0.0043514
27.36	-0.007665
27.37	-0.0094049
27.38	-0.010983
27.39	-0.013172
27.4	-0.012753
27.41	-0.014479
27.42	-0.014988
27.43	-0.01194
27.44	-0.009624
27.45	-0.0075181
27.46	-0.0047967
27.47	-0.00034276
27.48	0.0030376
27.49	0.0041078
27.5	0.0076435
27.51	0.011634
27.52	0.013024
27.53	0.015516
27.54	0.020269
27.55	0.019393
27.56	0.020009
27.57	0.019868
27.58	0.018485
27.59	0.015705
27.6	0.013107
27.61	0.011149
27.62	0.006763
27.63	0.0031339
27.64	0.0023997
27.65	-0.0022907
27.66	-0.0048253
27.67	-0.0077328
27.68	-0.0095644
27.69	-0.0087799
27.7	-0.0081322
27.71	-0.005825
27.72	-0.0040763
27.73	-0.0020299
27.74	-0.0020948
27.75	-0.0024913
27.76	-0.0045395
27.77	-0.0058972
27.78	-0.007369
27.79	-0.007031
27.8	-0.0048901
27.81	-0.0030063
27.82	-0.0012921
27.83	0.0019386
27.84	0.0051166
27.85	0.0070432
27.86	0.0101
27.87	0.012451
27.88	0.013149
27.89	0.013314
27.9	0.0094433
27.91	0.0075316
27.92	0.005223
27.93	0.0011446
27.94	-0.00095784
27.95	-0.0024169
27.96	-0.0054827
27.97	-0.0066769
27.98	-0.0052718
27.99	-0.003515
28	-0.0016608
28.01	-0.00043437
28.02	0.0031318
28.03	0.0053854
28.04	0.0064615
28.05	0.0076644
28.06	0.0088674
28.07	0.0085172
28.08	0.0077845
28.09	0.0072353
28.1	0.0049003
28.11	0.0046073
28.12	0.0017354
28.13	-0.0013395
28.14	-0.0011677
28.15	-0.0028419
28.16	-0.0034299
28.17	-0.004152
28.18	-0.0056228
28.19	-0.0052046
28.2	-0.0050801
28.21	-0.0047586
28.22	-0.0066292
28.23	-0.0079822
28.24	-0.0062532
28.25	-0.0058121
28.26	-0.0039558
28.27	-0.004155
28.28	-0.0045543
28.29	-0.0052456
28.3	-0.0071638
28.31	-0.0064713
28.32	-0.0061394
28.33	-0.005724
28.34	-0.005568
28.35	-0.0039757
28.36	-0.0025635
28.37	0.00064842
28.38	0.0038992
28.39	0.0049931
28.4	0.0065832
28.41	0.0097612
28.42	0.011562
28.43	0.012922
28.44	0.015005
28.45	0.017102
28.46	0.017211
28.47	0.017082
28.48	0.01632
28.49	0.015204
28.5	0.014323
28.51	0.0133
28.52	0.012444
28.53	0.011476
28.54	0.010637
28.55	0.0096928
28.56	0.0089722
28.57	0.0079854
28.58	0.0084644
28.59	0.0095864
28.6	0.007574
28.61	0.0048975
28.62	0.0036772
28.63	0.0022026
28.64	5.3876e-05
28.65	-0.0028231
28.66	-0.0047049
28.67	-0.0063352
28.68	-0.0080619
28.69	-0.0094906
28.7	-0.010836
28.71	-0.011211
28.72	-0.010739
28.73	-0.010455
28.74	-0.010123
28.75	-0.0097585
28.76	-0.0087885
28.77	-0.0071689
28.78	-0.0057326
28.79	-0.0050763
28.8	-0.0034579
28.81	-0.002452
28.82	-0.00092323
28.83	-0.00041705
28.84	-0.00022989
28.85	-0.00018608
28.86	-0.0012859
28.87	-0.0018983
28.88	-0.0034734
28.89	-0.0056232
28.9	-0.0073648
28.91	-0.0076925
28.92	-0.0089579
28.93	-0.010174
28.94	-0.010339
28.95	-0.010543
28.96	-0.010714
28.97	-0.010777
28.98	-0.010738
28.99	-0.010339
29	-0.0094825
29.01	-0.009129
29.02	-0.0089887
29.03	-0.0081415
29.04	-0.0076878
29.05	-0.0075941
29.06	-0.0063622
29.07	-0.0052511
29.08	-0.00421
29.09	-0.0031346
29.1	-0.0023618
29.11	-0.0013633
29.12	-0.00041288
29.13	0.00040975
29.14	0.0011007
29.15	0.001843
29.16	0.0025461
29.17	0.0026303
29.18	0.0030936
29.19	0.0036654
29.2	0.0038392
29.21	0.0038682
29.22	0.004169
29.23	0.0043681
29.24	0.0041426
29.25	0.0041325
29.26	0.0040299
29.27	0.0038636
29.28	0.0038026
29.29	0.0034954
29.3	0.0032088
29.31	0.0030559
29.32	0.0029094
29.33	0.0026703
29.34	0.0025027
29.35	0.0023725
29.36	0.0021753
29.37	0.0020704
29.38	0.0019208
29.39	0.0017445
29.4	0.001597
29.41	0.0014795
29.42	0.0014081
29.43	0.0013404
29.44	0.001269
29.45	0.0012343
29.46	0.0012031
29.47	0.0011305
29.48	0.0010966
29.49	0.0010428
29.5	0.00095683
29.51	0.0008865
29.52	0.00081514
29.53	0.00074934
29.54	0.00068086
29.55	0.0006302
29.56	0.00058861
29.57	0.00052912
29.58	0.0004807
29.59	0.00044924
29.6	0.00039491
29.61	0.00034572
29.62	0.00029653
29.63	0.00024178
29.64	0.00018863
29.65	0.00014637
29.66	9.8597e-05
29.67	5.7099e-05
29.68	1.8031e-05
29.69	-1.6267e-05
29.7	-4.8923e-05
29.71	-7.7634e-05
29.72	-0.00010537
29.73	-0.00012584
29.74	-0.00014708
29.75	-0.00016374
29.76	-0.00017667
29.77	-0.00018948
29.78	-0.00020049
29.79	-0.00020754
29.8	-0.00021364
29.81	-0.00021837
29.82	-0.00022168
29.83	-0.00022297
29.84	-0.00022311
29.85	-0.00022154
29.86	-0.00021875
29.87	-0.00021457
29.88	-0.00020947
29.89	-0.00020304
29.9	-0.00019565
29.91	-0.00018721
29.92	-0.0001779
29.93	-0.00016765
29.94	-0.00015661
29.95	-0.00014478
29.96	-0.00013224
29.97	-0.00011904
29.98	-0.00010522
