0	0.0011832
0.005	0.0012808
0.01	0.0012979
0.015	0.0013065
0.02	0.0013112
0.025	0.0013123
0.03	0.0013039
0.035	0.0012847
0.04	0.0012438
0.045	0.0011728
0.05	0.0010705
0.055	0.0009487
0.06	0.00083251
0.065	0.00075796
0.07	0.00074865
0.075	0.00081373
0.08	0.00094602
0.085	0.0011291
0.09	0.0013883
0.095	0.0017143
0.1	0.0021181
0.105	0.0025448
0.11	0.0028792
0.115	0.0030225
0.12	0.0029002
0.125	0.0025028
0.13	0.001902
0.135	0.0012594
0.14	0.00070236
0.145	0.00024819
0.15	-0.0001171
0.155	-0.00038355
0.16	-0.0006344
0.165	-0.00078073
0.17	-0.00077601
0.175	-0.00070683
0.18	-0.00057455
0.185	-0.00048405
0.19	-0.0003655
0.195	1.5765e-06
0.2	0.00079283
0.205	0.0020114
0.21	0.0033713
0.215	0.0047148
0.22	0.0057492
0.225	0.0061958
0.23	0.0058689
0.235	0.00482
0.24	0.003245
0.245	0.0014856
0.25	-0.0002789
0.255	-0.0016518
0.26	-0.0021386
0.265	-0.0018136
0.27	-0.0011805
0.275	-0.00061769
0.28	-0.00045526
0.285	-0.00065363
0.29	-0.00088548
0.295	-0.00082528
0.3	-0.00033831
0.305	0.00025006
0.31	0.00063208
0.315	0.0011584
0.32	0.0022553
0.325	0.003969
0.33	0.0061403
0.335	0.0081814
0.34	0.0091012
0.345	0.0080874
0.35	0.0045544
0.355	-0.0014492
0.36	-0.0089005
0.365	-0.016164
0.37	-0.021042
0.375	-0.023162
0.38	-0.023179
0.385	-0.021892
0.39	-0.020144
0.395	-0.018438
0.4	-0.016251
0.405	-0.013211
0.41	-0.01011
0.415	-0.0080097
0.42	-0.0076072
0.425	-0.0090214
0.43	-0.010809
0.435	-0.010719
0.44	-0.0075862
0.445	-0.0016896
0.45	0.0053178
0.455	0.010283
0.46	0.010086
0.465	0.00485
0.47	-0.0021792
0.475	-0.0078547
0.48	-0.0098021
0.485	-0.0075108
0.49	-0.0041494
0.495	-0.0047634
0.5	-0.010484
0.505	-0.018095
0.51	-0.022734
0.515	-0.020807
0.52	-0.014676
0.525	-0.0094131
0.53	-0.009933
0.535	-0.01699
0.54	-0.026194
0.545	-0.034097
0.55	-0.038207
0.555	-0.036822
0.56	-0.03057
0.565	-0.022857
0.57	-0.018275
0.575	-0.018529
0.58	-0.019671
0.585	-0.016541
0.59	-0.0068603
0.595	0.0073237
0.6	0.020748
0.605	0.027536
0.61	0.02644
0.615	0.022157
0.62	0.022142
0.625	0.030151
0.63	0.041389
0.635	0.044709
0.64	0.03295
0.645	0.010666
0.65	-0.01021
0.655	-0.018974
0.66	-0.011193
0.665	0.0085622
0.67	0.030473
0.675	0.046269
0.68	0.051369
0.685	0.046713
0.69	0.038455
0.695	0.033276
0.7	0.036482
0.705	0.047036
0.71	0.061984
0.715	0.077904
0.72	0.093008
0.725	0.10622
0.73	0.11714
0.735	0.12696
0.74	0.13613
0.745	0.14379
0.75	0.14963
0.755	0.1527
0.76	0.15271
0.765	0.15221
0.77	0.15432
0.775	0.15989
0.78	0.16702
0.785	0.17336
0.79	0.17673
0.795	0.17396
0.8	0.16495
0.805	0.14875
0.81	0.12439
0.815	0.091354
0.82	0.050643
0.825	0.004309
0.83	-0.048059
0.835	-0.1011
0.84	-0.15097
0.845	-0.19869
0.85	-0.24336
0.855	-0.2862
0.86	-0.32628
0.865	-0.35879
0.87	-0.38058
0.875	-0.38675
0.88	-0.37327
0.885	-0.34324
0.89	-0.30759
0.895	-0.27795
0.9	-0.25745
0.905	-0.24132
0.91	-0.22162
0.915	-0.18702
0.92	-0.12755
0.925	-0.0394
0.93	0.065484
0.935	0.17148
0.94	0.26335
0.945	0.32956
0.95	0.36777
0.955	0.38264
0.96	0.38298
0.965	0.38001
0.97	0.38259
0.975	0.39444
0.98	0.40697
0.985	0.40453
0.99	0.37645
0.995	0.32157
1	0.23935
1.005	0.13164
1.01	-0.00023888
1.015	-0.13469
1.02	-0.24111
1.025	-0.30847
1.03	-0.34093
1.035	-0.3497
1.04	-0.33962
1.045	-0.30909
1.05	-0.25887
1.055	-0.19603
1.06	-0.13041
1.065	-0.074248
1.07	-0.033589
1.075	-0.0023323
1.08	0.03217
1.085	0.074343
1.09	0.11246
1.095	0.12956
1.1	0.11267
1.105	0.062156
1.11	-0.011435
1.115	-0.096271
1.12	-0.18547
1.125	-0.26552
1.13	-0.32417
1.135	-0.36152
1.14	-0.38673
1.145	-0.40779
1.15	-0.42296
1.155	-0.42402
1.16	-0.40373
1.165	-0.36327
1.17	-0.31045
1.175	-0.25684
1.18	-0.20944
1.185	-0.16498
1.19	-0.11915
1.195	-0.068871
1.2	-0.018423
1.205	0.026789
1.21	0.067265
1.215	0.10305
1.22	0.13612
1.225	0.16384
1.23	0.18095
1.235	0.18898
1.24	0.19487
1.245	0.20535
1.25	0.22213
1.255	0.24088
1.26	0.25502
1.265	0.25915
1.27	0.25328
1.275	0.24357
1.28	0.2349
1.285	0.22897
1.29	0.22568
1.295	0.22423
1.3	0.22279
1.305	0.21788
1.31	0.2057
1.315	0.18205
1.32	0.14393
1.325	0.091472
1.33	0.025362
1.335	-0.049543
1.34	-0.12309
1.345	-0.19084
1.35	-0.254
1.355	-0.31387
1.36	-0.36901
1.365	-0.41195
1.37	-0.43432
1.375	-0.43395
1.38	-0.41641
1.385	-0.38824
1.39	-0.35517
1.395	-0.31786
1.4	-0.27163
1.405	-0.20976
1.41	-0.13024
1.415	-0.037732
1.42	0.059645
1.425	0.14715
1.43	0.21487
1.435	0.2673
1.44	0.31619
1.445	0.36425
1.45	0.40313
1.455	0.42502
1.46	0.42601
1.465	0.40883
1.47	0.38272
1.475	0.35654
1.48	0.33334
1.485	0.31284
1.49	0.29433
1.495	0.27632
1.5	0.25667
1.505	0.23411
1.51	0.20966
1.515	0.18546
1.52	0.1632
1.525	0.14304
1.53	0.12448
1.535	0.1074
1.54	0.089018
1.545	0.063525
1.55	0.02766
1.555	-0.018855
1.56	-0.07369
1.565	-0.13422
1.57	-0.19924
1.575	-0.26414
1.58	-0.3253
1.585	-0.37877
1.59	-0.42108
1.595	-0.45143
1.6	-0.46911
1.605	-0.47102
1.61	-0.45474
1.615	-0.41755
1.62	-0.35712
1.625	-0.27118
1.63	-0.16405
1.635	-0.054499
1.64	0.042971
1.645	0.11316
1.65	0.15463
1.655	0.17924
1.66	0.1967
1.665	0.20739
1.67	0.20939
1.675	0.20641
1.68	0.20827
1.685	0.22002
1.69	0.241
1.695	0.26602
1.7	0.28914
1.705	0.30594
1.71	0.31464
1.715	0.30883
1.72	0.28115
1.725	0.22357
1.73	0.1375
1.735	0.037922
1.74	-0.055964
1.745	-0.13035
1.75	-0.18167
1.755	-0.21671
1.76	-0.24443
1.765	-0.2717
1.77	-0.29799
1.775	-0.31585
1.78	-0.31553
1.785	-0.29568
1.79	-0.26009
1.795	-0.21626
1.8	-0.17127
1.805	-0.12993
1.81	-0.098009
1.815	-0.076443
1.82	-0.060957
1.825	-0.04617
1.83	-0.028759
1.835	-0.0052385
1.84	0.025325
1.845	0.062102
1.85	0.10522
1.855	0.15232
1.86	0.19762
1.865	0.22792
1.87	0.22687
1.875	0.18611
1.88	0.11298
1.885	0.026859
1.89	-0.051184
1.895	-0.11007
1.9	-0.15409
1.905	-0.19293
1.91	-0.23081
1.915	-0.26273
1.92	-0.28224
1.925	-0.2846
1.93	-0.27098
1.935	-0.24556
1.94	-0.20907
1.945	-0.16109
1.95	-0.1022
1.955	-0.038074
1.96	0.022451
1.965	0.068526
1.97	0.094891
1.975	0.10996
1.98	0.12669
1.985	0.15108
1.99	0.17807
1.995	0.19759
2	0.20246
2.005	0.19399
2.01	0.18099
2.015	0.17097
2.02	0.16765
2.025	0.17187
2.03	0.18251
2.035	0.1946
2.04	0.20372
2.045	0.2083
2.05	0.20595
2.055	0.19409
2.06	0.17256
2.065	0.14312
2.07	0.10843
2.075	0.071318
2.08	0.033681
2.085	-0.0049803
2.09	-0.04564
2.095	-0.08653
2.1	-0.12573
2.105	-0.15776
2.11	-0.17609
2.115	-0.17867
2.12	-0.16746
2.125	-0.14808
2.13	-0.12589
2.135	-0.10496
2.14	-0.085388
2.145	-0.066833
2.15	-0.049749
2.155	-0.034224
2.16	-0.019477
2.165	-0.0054662
2.17	0.0071629
2.175	0.017798
2.18	0.024528
2.185	0.027659
2.19	0.030649
2.195	0.034567
2.2	0.03902
2.205	0.041159
2.21	0.037491
2.215	0.028376
2.22	0.015555
2.225	0.0021688
2.23	-0.0074339
2.235	-0.011972
2.24	-0.013285
2.245	-0.01335
2.25	-0.013658
2.255	-0.014162
2.26	-0.012935
2.265	-0.010455
2.27	-0.0093946
2.275	-0.011548
2.28	-0.014981
2.285	-0.016457
2.29	-0.015787
2.295	-0.014371
2.3	-0.011873
2.305	-0.0080953
2.31	-0.0035883
2.315	0.00086075
2.32	0.0046595
2.325	0.005386
2.33	0.0027509
2.335	-0.0012978
2.34	-0.0047216
2.345	-0.0037536
2.35	0.0034497
2.355	0.015238
2.36	0.030008
2.365	0.046101
2.37	0.059214
2.375	0.065326
2.38	0.063857
2.385	0.059404
2.39	0.055682
2.395	0.052114
2.4	0.047571
2.405	0.041972
2.41	0.035797
2.415	0.029219
2.42	0.022706
2.425	0.016661
2.43	0.010915
2.435	0.0051366
2.44	-0.00076778
2.445	-0.0070286
2.45	-0.01487
2.455	-0.025665
2.46	-0.039712
2.465	-0.055843
2.47	-0.070074
2.475	-0.078802
2.48	-0.082954
2.485	-0.084357
2.49	-0.084626
2.495	-0.08455
2.5	-0.082019
2.505	-0.075077
2.51	-0.064619
2.515	-0.054932
2.52	-0.047927
2.525	-0.044311
2.53	-0.045448
2.535	-0.051972
2.54	-0.062348
2.545	-0.072544
2.55	-0.07923
2.555	-0.081668
2.56	-0.079772
2.565	-0.07316
2.57	-0.062232
2.575	-0.047025
2.58	-0.027413
2.585	-0.0028098
2.59	0.023627
2.595	0.048943
2.6	0.071351
2.605	0.091274
2.61	0.11023
2.615	0.12623
2.62	0.13742
2.625	0.14474
2.63	0.14693
2.635	0.14362
2.64	0.13427
2.645	0.12143
2.65	0.10867
2.655	0.096186
2.66	0.083166
2.665	0.069925
2.67	0.055848
2.675	0.039674
2.68	0.021834
2.685	0.0044719
2.69	-0.012182
2.695	-0.029095
2.7	-0.046562
2.705	-0.063564
2.71	-0.078189
2.715	-0.090748
2.72	-0.10073
2.725	-0.10688
2.73	-0.10746
2.735	-0.10102
2.74	-0.088237
2.745	-0.069907
2.75	-0.048144
2.755	-0.026667
2.76	-0.0077539
2.765	0.0069862
2.77	0.016759
2.775	0.022164
2.78	0.023309
2.785	0.020843
2.79	0.017816
2.795	0.014444
2.8	0.010204
2.805	0.0062239
2.81	0.0032062
2.815	0.0011636
2.82	0.00071199
2.825	0.002051
2.83	0.0033792
2.835	0.0035412
2.84	0.0037185
2.845	0.0060387
2.85	0.0090822
2.855	0.012146
2.86	0.016471
2.865	0.022618
2.87	0.029696
2.875	0.034166
2.88	0.033746
2.885	0.030482
2.89	0.025795
2.895	0.020013
2.9	0.013137
2.905	0.0060321
2.91	-0.001115
2.915	-0.0077277
2.92	-0.013286
2.925	-0.017776
2.93	-0.023426
2.935	-0.032375
2.94	-0.042329
2.945	-0.048265
2.95	-0.045371
2.955	-0.034281
2.96	-0.020982
2.965	-0.010383
2.97	-0.0028368
2.975	0.0019264
2.98	0.0061347
2.985	0.010912
2.99	0.014125
2.995	0.014759
3	0.013366
3.005	0.010204
3.01	0.0066579
3.015	0.0018645
3.02	-0.0036764
3.025	-0.0092046
3.03	-0.013403
3.035	-0.013643
3.04	-0.010124
3.045	-0.006908
3.05	-0.0061775
3.055	-0.0085703
3.06	-0.012483
3.065	-0.015279
3.07	-0.015377
3.075	-0.012269
3.08	-0.0049881
3.085	0.0063729
3.09	0.020819
3.095	0.035071
3.1	0.048441
3.105	0.061449
3.11	0.074377
3.115	0.087633
3.12	0.099697
3.125	0.10751
3.13	0.10814
3.135	0.10197
3.14	0.092025
3.145	0.080924
3.15	0.069474
3.155	0.057905
3.16	0.047943
3.165	0.040675
3.17	0.036626
3.175	0.034664
3.18	0.032557
3.185	0.027249
3.19	0.018462
3.195	0.0090567
3.2	0.00077158
3.205	-0.0078161
3.21	-0.016797
3.215	-0.025102
3.22	-0.031799
3.225	-0.037442
3.23	-0.042978
3.235	-0.047766
3.24	-0.050877
3.245	-0.053474
3.25	-0.054855
3.255	-0.053846
3.26	-0.050534
3.265	-0.04704
3.27	-0.04344
3.275	-0.039536
3.28	-0.035143
3.285	-0.030769
3.29	-0.026968
3.295	-0.025246
3.3	-0.024219
3.305	-0.021715
3.31	-0.019472
3.315	-0.0188
3.32	-0.019114
3.325	-0.019374
3.33	-0.018563
3.335	-0.015368
3.34	-0.0091103
3.345	-0.0010323
3.35	0.0067039
3.355	0.013761
3.36	0.020522
3.365	0.027721
3.37	0.033298
3.375	0.034794
3.38	0.032409
3.385	0.02858
3.39	0.025589
3.395	0.023366
3.4	0.021086
3.405	0.016826
3.41	0.01132
3.415	0.0054373
3.42	-0.0011283
3.425	-0.0073393
3.43	-0.01135
3.435	-0.012095
3.44	-0.011153
3.445	-0.010506
3.45	-0.010672
3.455	-0.0097875
3.46	-0.0071717
3.465	-0.0052847
3.47	-0.0050691
3.475	-0.0056626
3.48	-0.006022
3.485	-0.0058613
3.49	-0.0054532
3.495	-0.005134
3.5	-0.0048614
3.505	-0.0030183
3.51	0.0025646
3.515	0.010659
3.52	0.018037
3.525	0.023518
3.53	0.027123
3.535	0.0274
3.54	0.023763
3.545	0.017875
3.55	0.011302
3.555	0.0070854
3.56	0.0068105
3.565	0.0093117
3.57	0.012926
3.575	0.016691
3.58	0.019166
3.585	0.019415
3.59	0.018734
3.595	0.01884
3.6	0.021527
3.605	0.026217
3.61	0.030618
3.615	0.034493
3.62	0.038141
3.625	0.04144
3.63	0.045124
3.635	0.048221
3.64	0.048999
3.645	0.046594
3.65	0.04292
3.655	0.039454
3.66	0.03616
3.665	0.033416
3.67	0.031919
3.675	0.03175
3.68	0.032032
3.685	0.032064
3.69	0.032025
3.695	0.033079
3.7	0.035965
3.705	0.040618
3.71	0.046419
3.715	0.052258
3.72	0.056769
3.725	0.059483
3.73	0.060628
3.735	0.060745
3.74	0.060717
3.745	0.060984
3.75	0.061719
3.755	0.064214
3.76	0.068364
3.765	0.072209
3.77	0.07378
3.775	0.07281
3.78	0.069204
3.785	0.064772
3.79	0.061187
3.795	0.057165
3.8	0.050748
3.805	0.042901
3.81	0.03465
3.815	0.026192
3.82	0.017612
3.825	0.0091346
3.83	0.0015707
3.835	-0.0056379
3.84	-0.012091
3.845	-0.015836
3.85	-0.018388
3.855	-0.020325
3.86	-0.021085
3.865	-0.020635
3.87	-0.01808
3.875	-0.015444
3.88	-0.015041
3.885	-0.017333
3.89	-0.021216
3.895	-0.026053
3.9	-0.031295
3.905	-0.035497
3.91	-0.038492
3.915	-0.041855
3.92	-0.044799
3.925	-0.047135
3.93	-0.049973
3.935	-0.054567
3.94	-0.060926
3.945	-0.069048
3.95	-0.07911
3.955	-0.089149
3.96	-0.096666
3.965	-0.10146
3.97	-0.10387
3.975	-0.10591
3.98	-0.10597
3.985	-0.10418
3.99	-0.10178
3.995	-0.098915
4	-0.094692
4.005	-0.088988
4.01	-0.082952
4.015	-0.077963
4.02	-0.072647
4.025	-0.067078
4.03	-0.060947
4.035	-0.055269
4.04	-0.049942
4.045	-0.043022
4.05	-0.033909
4.055	-0.023374
4.06	-0.01442
4.065	-0.0086077
4.07	-0.0053302
4.075	-0.0029083
4.08	-0.00022954
4.085	0.0018026
4.09	0.0024529
4.095	0.0022588
4.1	0.002046
4.105	0.0021125
4.11	0.0022557
4.115	0.0022959
4.12	0.0022458
4.125	0.0021828
4.13	0.0021536
4.135	0.0021147
4.14	0.0016289
4.145	-0.00093308
4.15	-0.0042792
4.155	-0.0082054
4.16	-0.013306
4.165	-0.01897
4.17	-0.02354
4.175	-0.026271
4.18	-0.027107
4.185	-0.0274
4.19	-0.029783
4.195	-0.033091
4.2	-0.03593
4.205	-0.038674
4.21	-0.042332
4.215	-0.045578
4.22	-0.04863
4.225	-0.050761
4.23	-0.051223
4.235	-0.050818
4.24	-0.050618
4.245	-0.051117
4.25	-0.052992
4.255	-0.055829
4.26	-0.05762
4.265	-0.057659
4.27	-0.057398
4.275	-0.059295
4.28	-0.060814
4.285	-0.059428
4.29	-0.056849
4.295	-0.054162
4.3	-0.050169
4.305	-0.04408
4.31	-0.035056
4.315	-0.024708
4.32	-0.015237
4.325	-0.0069821
4.33	0.00083339
4.335	0.0082225
4.34	0.016248
4.345	0.026545
4.35	0.038554
4.355	0.049794
4.36	0.059739
4.365	0.067976
4.37	0.075594
4.375	0.082357
4.38	0.086948
4.385	0.089408
4.39	0.090266
4.395	0.091157
4.4	0.094047
4.405	0.097696
4.41	0.10126
4.415	0.10304
4.42	0.10195
4.425	0.097605
4.43	0.092134
4.435	0.088613
4.44	0.085606
4.445	0.08099
4.45	0.075249
4.455	0.070147
4.46	0.065698
4.465	0.061178
4.47	0.054593
4.475	0.046066
4.48	0.037796
4.485	0.030402
4.49	0.024035
4.495	0.018321
4.5	0.012593
4.505	0.0065831
4.51	0.0008069
4.515	-0.0039419
4.52	-0.0086244
4.525	-0.01405
4.53	-0.019284
4.535	-0.021885
4.54	-0.021653
4.545	-0.019945
4.55	-0.017107
4.555	-0.015149
4.56	-0.015079
4.565	-0.015109
4.57	-0.012376
4.575	-0.0072923
4.58	-0.00051209
4.585	0.0081536
4.59	0.016309
4.595	0.023179
4.6	0.030457
4.605	0.036828
4.61	0.041356
4.615	0.043964
4.62	0.046101
4.625	0.046373
4.63	0.044407
4.635	0.041828
4.64	0.038917
4.645	0.036284
4.65	0.033049
4.655	0.029414
4.66	0.025711
4.665	0.021466
4.67	0.01744
4.675	0.014254
4.68	0.011602
4.685	0.0092494
4.69	0.0071899
4.695	0.0043642
4.7	0.0020731
4.705	0.00069489
4.71	-0.0015491
4.715	-0.0036331
4.72	-0.0042695
4.725	-0.0039702
4.73	-0.00451
4.735	-0.0078029
4.74	-0.012821
4.745	-0.017924
4.75	-0.021282
4.755	-0.021967
4.76	-0.021139
4.765	-0.019787
4.77	-0.017342
4.775	-0.015089
4.78	-0.013608
4.785	-0.013564
4.79	-0.015998
4.795	-0.021023
4.8	-0.026827
4.805	-0.031052
4.81	-0.033913
4.815	-0.037774
4.82	-0.043488
4.825	-0.050087
4.83	-0.05648
4.835	-0.062717
4.84	-0.069692
4.845	-0.077093
4.85	-0.084686
4.855	-0.091613
4.86	-0.097478
4.865	-0.10208
4.87	-0.10459
4.875	-0.10642
4.88	-0.10942
4.885	-0.11375
4.89	-0.1166
4.895	-0.11624
4.9	-0.11242
4.905	-0.10522
4.91	-0.095436
4.915	-0.085595
4.92	-0.076993
4.925	-0.069642
4.93	-0.063455
4.935	-0.057714
4.94	-0.051858
4.945	-0.046938
4.95	-0.044872
4.955	-0.044001
4.96	-0.041624
4.965	-0.038117
4.97	-0.033681
4.975	-0.029112
4.98	-0.024642
4.985	-0.020476
4.99	-0.015645
4.995	-0.0097701
5	-0.0035613
5.005	0.0017671
5.01	0.0054162
5.015	0.0087885
5.02	0.013332
5.025	0.018554
5.03	0.024314
5.035	0.030305
5.04	0.036168
5.045	0.041857
5.05	0.047578
5.055	0.053459
5.06	0.059351
5.065	0.064524
5.07	0.068869
5.075	0.073091
5.08	0.07749
5.085	0.082141
5.09	0.086832
5.095	0.092171
5.1	0.098146
5.105	0.10425
5.11	0.11017
5.115	0.11595
5.12	0.1217
5.125	0.12749
5.13	0.13323
5.135	0.13772
5.14	0.14091
5.145	0.14315
5.15	0.14396
5.155	0.14389
5.16	0.14413
5.165	0.1464
5.17	0.14959
5.175	0.15084
5.18	0.14893
5.185	0.14372
5.19	0.13498
5.195	0.12339
5.2	0.10993
5.205	0.09471
5.21	0.078869
5.215	0.063688
5.22	0.048496
5.225	0.033521
5.23	0.018436
5.235	0.0028094
5.24	-0.012425
5.245	-0.025915
5.25	-0.036624
5.255	-0.04481
5.26	-0.0499
5.265	-0.053024
5.27	-0.055403
5.275	-0.056325
5.28	-0.054496
5.285	-0.050799
5.29	-0.045198
5.295	-0.037739
5.3	-0.027157
5.305	-0.014433
5.31	-0.0021804
5.315	0.0078576
5.32	0.015891
5.325	0.022494
5.33	0.027955
5.335	0.030982
5.34	0.031439
5.345	0.030964
5.35	0.030438
5.355	0.028418
5.36	0.026115
5.365	0.025377
5.37	0.025877
5.375	0.026381
5.38	0.025864
5.385	0.022948
5.39	0.019373
5.395	0.015914
5.4	0.013355
5.405	0.010262
5.41	0.0053412
5.415	3.1389e-05
5.42	-0.0052696
5.425	-0.011858
5.43	-0.019078
5.435	-0.025805
5.44	-0.032978
5.445	-0.041172
5.45	-0.049061
5.455	-0.056995
5.46	-0.066873
5.465	-0.079052
5.47	-0.093051
5.475	-0.10769
5.48	-0.12101
5.485	-0.13276
5.49	-0.14429
5.495	-0.1546
5.5	-0.16218
5.505	-0.1678
5.51	-0.17249
5.515	-0.17581
5.52	-0.17885
5.525	-0.18093
5.53	-0.18147
5.535	-0.18112
5.54	-0.18007
5.545	-0.17744
5.55	-0.17441
5.555	-0.17125
5.56	-0.16859
5.565	-0.16537
5.57	-0.16163
5.575	-0.1578
5.58	-0.1538
5.585	-0.15065
5.59	-0.14735
5.595	-0.14378
5.6	-0.14089
5.605	-0.13975
5.61	-0.13998
5.615	-0.14038
5.62	-0.14032
5.625	-0.13989
5.63	-0.13875
5.635	-0.13599
5.64	-0.13357
5.645	-0.13231
5.65	-0.13025
5.655	-0.12741
5.66	-0.12351
5.665	-0.11948
5.67	-0.11583
5.675	-0.11134
5.68	-0.10518
5.685	-0.09733
5.69	-0.08936
5.695	-0.08265
5.7	-0.075977
5.705	-0.067549
5.71	-0.057595
5.715	-0.045426
5.72	-0.032376
5.725	-0.018984
5.73	-0.0048182
5.735	0.0078343
5.74	0.017316
5.745	0.023378
5.75	0.026589
5.755	0.030568
5.76	0.037364
5.765	0.045475
5.77	0.051672
5.775	0.056321
5.78	0.061133
5.785	0.066259
5.79	0.070504
5.795	0.074222
5.8	0.078916
5.805	0.083769
5.81	0.087215
5.815	0.091036
5.82	0.095944
5.825	0.10032
5.83	0.10343
5.835	0.10589
5.84	0.10797
5.845	0.11004
5.85	0.11293
5.855	0.11497
5.86	0.11649
5.865	0.11951
5.87	0.12342
5.875	0.12744
5.88	0.13111
5.885	0.13331
5.89	0.13518
5.895	0.13837
5.9	0.14311
5.905	0.14742
5.91	0.14981
5.915	0.15057
5.92	0.15078
5.925	0.14999
5.93	0.14775
5.935	0.14286
5.94	0.13647
5.945	0.13026
5.95	0.12468
5.955	0.11928
5.96	0.1136
5.965	0.10764
5.97	0.10235
5.975	0.09885
5.98	0.097276
5.985	0.09728
5.99	0.09906
5.995	0.10193
6	0.10343
6.005	0.10463
6.01	0.10701
6.015	0.1102
6.02	0.11364
6.025	0.11684
6.03	0.12138
6.035	0.12722
6.04	0.13272
6.045	0.1371
6.05	0.14092
6.055	0.1442
6.06	0.14727
6.065	0.15104
6.07	0.15492
6.075	0.15725
6.08	0.15746
6.085	0.15508
6.09	0.15057
6.095	0.14323
6.1	0.13259
6.105	0.12038
6.11	0.10845
6.115	0.097123
6.12	0.085039
6.125	0.070945
6.13	0.054811
6.135	0.037263
6.14	0.01997
6.145	0.002964
6.15	-0.014924
6.155	-0.032465
6.16	-0.048851
6.165	-0.064633
6.17	-0.079748
6.175	-0.093652
6.18	-0.10589
6.185	-0.11667
6.19	-0.12686
6.195	-0.13781
6.2	-0.14827
6.205	-0.15666
6.21	-0.16357
6.215	-0.16948
6.22	-0.17436
6.225	-0.17787
6.23	-0.17987
6.235	-0.18038
6.24	-0.18014
6.245	-0.17919
6.25	-0.17683
6.255	-0.17213
6.26	-0.1652
6.265	-0.15824
6.27	-0.15235
6.275	-0.1469
6.28	-0.13983
6.285	-0.13071
6.29	-0.12108
6.295	-0.11212
6.3	-0.10534
6.305	-0.10006
6.31	-0.094714
6.315	-0.088447
6.32	-0.080323
6.325	-0.070789
6.33	-0.061147
6.335	-0.049859
6.34	-0.036618
6.345	-0.02204
6.35	-0.006327
6.355	0.0089769
6.36	0.022758
6.365	0.035339
6.37	0.047045
6.375	0.056241
6.38	0.06258
6.385	0.067079
6.39	0.070604
6.395	0.074497
6.4	0.078516
6.405	0.081222
6.41	0.082177
6.415	0.08116
6.42	0.079537
6.425	0.078984
6.43	0.07945
6.435	0.079802
6.44	0.078662
6.445	0.075747
6.45	0.072036
6.455	0.067795
6.46	0.063511
6.465	0.059419
6.47	0.056239
6.475	0.053321
6.48	0.04963
6.485	0.045754
6.49	0.041599
6.495	0.037202
6.5	0.03247
6.505	0.026976
6.51	0.02098
6.515	0.015155
6.52	0.010373
6.525	0.0063313
6.53	0.0031915
6.535	0.00029079
6.54	-0.0024833
6.545	-0.0047814
6.55	-0.0070936
6.555	-0.0091038
6.56	-0.011624
6.565	-0.014276
6.57	-0.015743
6.575	-0.017826
6.58	-0.020773
6.585	-0.024828
6.59	-0.030357
6.595	-0.036489
6.6	-0.042266
6.605	-0.046509
6.61	-0.049467
6.615	-0.052834
6.62	-0.056014
6.625	-0.059354
6.63	-0.061848
6.635	-0.062911
6.64	-0.064943
6.645	-0.06741
6.65	-0.068692
6.655	-0.069619
6.66	-0.070645
6.665	-0.072015
6.67	-0.072399
6.675	-0.072681
6.68	-0.073877
6.685	-0.077169
6.69	-0.081734
6.695	-0.086585
6.7	-0.090828
6.705	-0.094688
6.71	-0.09748
6.715	-0.1002
6.72	-0.1024
6.725	-0.10312
6.73	-0.10285
6.735	-0.10215
6.74	-0.10023
6.745	-0.099741
6.75	-0.099001
6.755	-0.095077
6.76	-0.087266
6.765	-0.077112
6.77	-0.066786
6.775	-0.058196
6.78	-0.050163
6.785	-0.042035
6.79	-0.03303
6.795	-0.024735
6.8	-0.018287
6.805	-0.012935
6.81	-0.0074523
6.815	-0.0013865
6.82	0.0049047
6.825	0.010597
6.83	0.014659
6.835	0.017324
6.84	0.019359
6.845	0.0205
6.85	0.020721
6.855	0.020571
6.86	0.020544
6.865	0.02112
6.87	0.023475
6.875	0.02789
6.88	0.031924
6.885	0.033285
6.89	0.032961
6.895	0.033809
6.9	0.036304
6.905	0.038309
6.91	0.03867
6.915	0.038005
6.92	0.036782
6.925	0.034673
6.93	0.032388
6.935	0.030871
6.94	0.029707
6.945	0.028567
6.95	0.026452
6.955	0.023789
6.96	0.021222
6.965	0.017764
6.97	0.014043
6.975	0.010897
6.98	0.0087654
6.985	0.0076317
6.99	0.0070932
6.995	0.0083078
7	0.010615
7.005	0.012407
7.01	0.013592
7.015	0.013957
7.02	0.013849
7.025	0.014434
7.03	0.016773
7.035	0.020277
7.04	0.02433
7.045	0.028663
7.05	0.031695
7.055	0.032919
7.06	0.033683
7.065	0.033753
7.07	0.032802
7.075	0.032635
7.08	0.034722
7.085	0.037675
7.09	0.039091
7.095	0.039334
7.1	0.040589
7.105	0.042916
7.11	0.044545
7.115	0.045509
7.12	0.04747
7.125	0.050617
7.13	0.054181
7.135	0.05803
7.14	0.061419
7.145	0.063495
7.15	0.065405
7.155	0.067075
7.16	0.066309
7.165	0.063173
7.17	0.060179
7.175	0.057004
7.18	0.052349
7.185	0.046451
7.19	0.040303
7.195	0.034565
7.2	0.029758
7.205	0.025728
7.21	0.022313
7.215	0.019307
7.22	0.015448
7.225	0.010724
7.23	0.0051269
7.235	-0.00082995
7.24	-0.0059902
7.245	-0.010153
7.25	-0.014068
7.255	-0.017362
7.26	-0.0188
7.265	-0.018651
7.27	-0.019021
7.275	-0.019846
7.28	-0.02042
7.285	-0.020528
7.29	-0.020486
7.295	-0.02129
7.3	-0.023619
7.305	-0.025953
7.31	-0.025847
7.315	-0.022905
7.32	-0.019737
7.325	-0.017777
7.33	-0.016004
7.335	-0.01355
7.34	-0.010306
7.345	-0.0061365
7.35	-0.0024545
7.355	0.00052246
7.36	0.002979
7.365	0.0049511
7.37	0.0071928
7.375	0.0088735
7.38	0.0082415
7.385	0.0051495
7.39	0.00051645
7.395	-0.0040016
7.4	-0.0073003
7.405	-0.010363
7.41	-0.013053
7.415	-0.015113
7.42	-0.017337
7.425	-0.019028
7.43	-0.018788
7.435	-0.018158
7.44	-0.018817
7.445	-0.020873
7.45	-0.024033
7.455	-0.028182
7.46	-0.032448
7.465	-0.035679
7.47	-0.038104
7.475	-0.04039
7.48	-0.041686
7.485	-0.039682
7.49	-0.03397
7.495	-0.026298
7.5	-0.019702
7.505	-0.015145
7.51	-0.010928
7.515	-0.0064499
7.52	-0.0014566
7.525	0.0042095
7.53	0.0094452
7.535	0.014143
7.54	0.019005
7.545	0.022816
7.55	0.025628
7.555	0.026989
7.56	0.026666
7.565	0.027029
7.57	0.028757
7.575	0.03123
7.58	0.034105
7.585	0.036984
7.59	0.03965
7.595	0.041307
7.6	0.041609
7.605	0.04134
7.61	0.041248
7.615	0.041466
7.62	0.041566
7.625	0.040451
7.63	0.037542
7.635	0.03288
7.64	0.027013
7.645	0.020799
7.65	0.014261
7.655	0.0084159
7.66	0.0039333
7.665	0.0011273
7.67	-0.00057407
7.675	-0.0027002
7.68	-0.0049212
7.685	-0.0069528
7.69	-0.0092792
7.695	-0.011102
7.7	-0.0119
7.705	-0.013631
7.71	-0.016472
7.715	-0.019339
7.72	-0.02192
7.725	-0.023224
7.73	-0.023098
7.735	-0.022585
7.74	-0.02255
7.745	-0.022688
7.75	-0.021284
7.755	-0.017181
7.76	-0.012296
7.765	-0.0087124
7.77	-0.00659
7.775	-0.0058105
7.78	-0.0054381
7.785	-0.0032712
7.79	-0.0012924
7.795	-0.00046401
7.8	-0.0014334
7.805	-0.0038214
7.81	-0.0047623
7.815	-0.0047456
7.82	-0.0049207
7.825	-0.005474
7.83	-0.0074679
7.835	-0.012229
7.84	-0.019742
7.845	-0.027711
7.85	-0.035099
7.855	-0.041313
7.86	-0.045723
7.865	-0.049926
7.87	-0.055425
7.875	-0.061707
7.88	-0.066687
7.885	-0.069497
7.89	-0.070253
7.895	-0.069933
7.9	-0.069212
7.905	-0.066906
7.91	-0.064665
7.915	-0.064229
7.92	-0.065746
7.925	-0.069089
7.93	-0.072362
7.935	-0.075678
7.94	-0.078924
7.945	-0.081366
7.95	-0.082268
7.955	-0.082015
7.96	-0.080887
7.965	-0.078299
7.97	-0.076201
7.975	-0.075859
7.98	-0.075717
7.985	-0.073378
7.99	-0.069822
7.995	-0.065215
8	-0.059567
8.005	-0.053544
8.01	-0.047682
8.015	-0.041866
8.02	-0.036192
8.025	-0.031325
8.03	-0.026322
8.035	-0.020578
8.04	-0.01443
8.045	-0.0082723
8.05	-0.0018015
8.055	0.0047958
8.06	0.0095941
8.065	0.012984
8.07	0.016192
8.075	0.018088
8.08	0.018912
8.085	0.019507
8.09	0.019723
8.095	0.021109
8.1	0.023468
8.105	0.024843
8.11	0.024714
8.115	0.0241
8.12	0.025095
8.125	0.029034
8.13	0.033937
8.135	0.038388
8.14	0.041439
8.145	0.042281
8.15	0.043265
8.155	0.046054
8.16	0.049745
8.165	0.05336
8.17	0.056333
8.175	0.059723
8.18	0.063271
8.185	0.067298
8.19	0.072594
8.195	0.07877
8.2	0.084965
8.205	0.090714
8.21	0.095548
8.215	0.099698
8.22	0.10392
8.225	0.10834
8.23	0.11227
8.235	0.11545
8.24	0.11804
8.245	0.11922
8.25	0.12024
8.255	0.12244
8.26	0.12499
8.265	0.12777
8.27	0.13003
8.275	0.12963
8.28	0.12679
8.285	0.12426
8.29	0.12382
8.295	0.12471
8.3	0.12541
8.305	0.12502
8.31	0.12245
8.315	0.11891
8.32	0.11524
8.325	0.1105
8.33	0.10471
8.335	0.098613
8.34	0.0927
8.345	0.086949
8.35	0.080987
8.355	0.073857
8.36	0.065368
8.365	0.057264
8.37	0.050791
8.375	0.044964
8.38	0.038697
8.385	0.031215
8.39	0.023644
8.395	0.01741
8.4	0.01307
8.405	0.0089511
8.41	0.0037633
8.415	-0.0011676
8.42	-0.0044993
8.425	-0.0060856
8.43	-0.0082694
8.435	-0.010668
8.44	-0.011656
8.445	-0.011407
8.45	-0.010969
8.455	-0.01095
8.46	-0.011301
8.465	-0.01162
8.47	-0.011671
8.475	-0.011545
8.48	-0.011452
8.485	-0.011685
8.49	-0.013143
8.495	-0.01573
8.5	-0.017533
8.505	-0.017654
8.51	-0.016995
8.515	-0.016659
8.52	-0.017353
8.525	-0.02033
8.53	-0.023617
8.535	-0.026081
8.54	-0.028946
8.545	-0.033591
8.55	-0.038948
8.555	-0.042644
8.56	-0.046013
8.565	-0.050104
8.57	-0.053557
8.575	-0.056622
8.58	-0.058442
8.585	-0.058678
8.59	-0.058287
8.595	-0.058167
8.6	-0.058437
8.605	-0.058689
8.61	-0.057901
8.615	-0.054585
8.62	-0.049739
8.625	-0.044718
8.63	-0.040524
8.635	-0.037035
8.64	-0.035237
8.645	-0.0348
8.65	-0.034248
8.655	-0.033962
8.66	-0.033562
8.665	-0.033926
8.67	-0.034738
8.675	-0.035138
8.68	-0.035029
8.685	-0.034802
8.69	-0.034732
8.695	-0.03482
8.7	-0.034934
8.705	-0.034959
8.71	-0.034823
8.715	-0.033542
8.72	-0.030526
8.725	-0.027756
8.73	-0.025535
8.735	-0.023696
8.74	-0.021746
8.745	-0.018871
8.75	-0.016982
8.755	-0.016819
8.76	-0.017385
8.765	-0.017632
8.77	-0.017431
8.775	-0.018389
8.78	-0.022476
8.785	-0.027709
8.79	-0.031333
8.795	-0.034351
8.8	-0.03734
8.805	-0.039685
8.81	-0.04051
8.815	-0.040138
8.82	-0.038629
8.825	-0.035846
8.83	-0.033477
8.835	-0.031376
8.84	-0.028377
8.845	-0.024627
8.85	-0.022572
8.855	-0.022644
8.86	-0.023339
8.865	-0.02289
8.87	-0.020425
8.875	-0.017506
8.88	-0.016898
8.885	-0.019437
8.89	-0.022755
8.895	-0.024073
8.9	-0.023389
8.905	-0.022381
8.91	-0.022134
8.915	-0.022459
8.92	-0.021726
8.925	-0.018901
8.93	-0.015386
8.935	-0.011356
8.94	-0.0076864
8.945	-0.0041961
8.95	0.00042451
8.955	0.0063504
8.96	0.012656
8.965	0.018112
8.97	0.022313
8.975	0.026257
8.98	0.029871
8.985	0.033003
8.99	0.035355
8.995	0.036267
9	0.036068
9.005	0.035648
9.01	0.034491
9.015	0.03186
9.02	0.029972
9.025	0.029842
9.03	0.030521
9.035	0.030894
9.04	0.030688
9.045	0.030281
9.05	0.02988
9.055	0.028292
9.06	0.025431
9.065	0.023818
9.07	0.023875
9.075	0.023057
9.08	0.020327
9.085	0.018175
9.09	0.017011
9.095	0.015346
9.1	0.013295
9.105	0.011454
9.11	0.0093025
9.115	0.0072059
9.12	0.0048976
9.125	0.0021465
9.13	0.00063975
9.135	4.2522e-05
9.14	-9.7618e-05
9.145	0.00065311
9.15	0.0012847
9.155	0.0012593
9.16	0.00091262
9.165	0.00070426
9.17	0.00075924
9.175	0.00091753
9.18	0.0010017
9.185	0.00088423
9.19	-3.315e-05
9.195	-0.0022831
9.2	-0.0045823
9.205	-0.0053692
9.21	-0.0051053
9.215	-0.0062071
9.22	-0.0092069
9.225	-0.011484
9.23	-0.013361
9.235	-0.016637
9.24	-0.02119
9.245	-0.026035
9.25	-0.030355
9.255	-0.033567
9.26	-0.034499
9.265	-0.034005
9.27	-0.033654
9.275	-0.033948
9.28	-0.034474
9.285	-0.034668
9.29	-0.033701
9.295	-0.031053
9.3	-0.026888
9.305	-0.022195
9.31	-0.018612
9.315	-0.015971
9.32	-0.012666
9.325	-0.0081372
9.33	-0.0032618
9.335	0.0013606
9.34	0.005595
9.345	0.0097523
9.35	0.013372
9.355	0.017104
9.36	0.021452
9.365	0.025971
9.37	0.029581
9.375	0.030668
9.38	0.030075
9.385	0.029498
9.39	0.02956
9.395	0.02916
9.4	0.026907
9.405	0.023292
9.41	0.019576
9.415	0.015778
9.42	0.012565
9.425	0.0095822
9.43	0.0060038
9.435	0.0025661
9.44	0.00067108
9.445	0.00058739
9.45	0.0011174
9.455	0.0012449
9.46	0.00089415
9.465	0.00091423
9.47	0.003026
9.475	0.0061489
9.48	0.0079209
9.485	0.009519
9.49	0.011508
9.495	0.012726
9.5	0.013732
9.505	0.014835
9.51	0.01526
9.515	0.014227
9.52	0.012429
9.525	0.010507
9.53	0.0079393
9.535	0.0035359
9.54	-0.0021751
9.545	-0.0061218
9.55	-0.008699
9.555	-0.010194
9.56	-0.010549
9.565	-0.010404
9.57	-0.010392
9.575	-0.010621
9.58	-0.010622
9.585	-0.0092103
9.59	-0.0064947
9.595	-0.0045585
9.6	-0.0043621
9.605	-0.00456
9.61	-0.0024351
9.615	0.00060248
9.62	0.0018988
9.625	0.0014713
9.63	0.00069702
9.635	0.00073846
9.64	0.0026242
9.645	0.005658
9.65	0.0075444
9.655	0.0075131
9.66	0.0067229
9.665	0.0057635
9.67	0.0033014
9.675	0.00096038
9.68	0.00041359
9.685	0.0010873
9.69	0.0017269
9.695	0.0017256
9.7	0.001299
9.705	0.00088553
9.71	0.00076556
9.715	0.00081391
9.72	8.1771e-05
9.725	-0.0026299
9.73	-0.0052091
9.735	-0.0066433
9.74	-0.0087127
9.745	-0.010998
9.75	-0.012965
9.755	-0.014247
9.76	-0.014706
9.765	-0.012926
9.77	-0.010716
9.775	-0.01006
9.78	-0.010623
9.785	-0.010433
9.79	-0.0076957
9.795	-0.0040101
9.8	-0.00034345
9.805	0.0026799
9.81	0.0055358
9.815	0.0081433
9.82	0.011109
9.825	0.013514
9.83	0.015748
9.835	0.017933
9.84	0.020144
9.845	0.02302
9.85	0.024822
9.855	0.024983
9.86	0.024585
9.865	0.025093
9.87	0.027395
9.875	0.030191
9.88	0.031427
9.885	0.030936
9.89	0.029525
9.895	0.027353
9.9	0.02524
9.905	0.024428
9.91	0.024159
9.915	0.022556
9.92	0.019971
9.925	0.017939
9.93	0.017022
9.935	0.016446
9.94	0.014647
9.945	0.01318
9.95	0.01289
9.955	0.013071
9.96	0.011702
9.965	0.0086299
9.97	0.0066799
9.975	0.0067249
9.98	0.0075713
9.985	0.0081653
9.99	0.0095731
9.995	0.012269
10	0.01474
10.005	0.017074
10.01	0.019697
10.015	0.022564
10.02	0.024905
10.025	0.027124
10.03	0.029764
10.035	0.031203
10.04	0.031183
10.045	0.030709
10.05	0.030584
10.055	0.030743
10.06	0.030116
10.065	0.027843
10.07	0.025432
10.075	0.024627
10.08	0.025496
10.085	0.028156
10.09	0.030696
10.095	0.029545
10.1	0.02543
10.105	0.019989
10.11	0.014877
10.115	0.012334
10.12	0.010833
10.125	0.0087124
10.13	0.0055946
10.135	0.0029666
10.14	9.7838e-05
10.145	-0.0035156
10.15	-0.007139
10.155	-0.0098001
10.16	-0.010622
10.165	-0.01115
10.17	-0.012219
10.175	-0.013066
10.18	-0.013137
10.185	-0.011981
10.19	-0.010411
10.195	-0.009775
10.2	-0.010075
10.205	-0.010518
10.21	-0.010589
10.215	-0.010313
10.22	-0.010089
10.225	-0.0101
10.23	-0.010213
10.235	-0.010282
10.24	-0.010292
10.245	-0.010482
10.25	-0.01144
10.255	-0.011292
10.26	-0.008573
10.265	-0.0036595
10.27	0.00090356
10.275	0.0028326
10.28	0.0030983
10.285	0.002251
10.29	0.0012689
10.295	0.00070542
10.3	-0.0013019
10.305	-0.004153
10.31	-0.0075267
10.315	-0.0098765
10.32	-0.01071
10.325	-0.012606
10.33	-0.014985
10.335	-0.016026
10.34	-0.015793
10.345	-0.015324
10.35	-0.015261
10.355	-0.015531
10.36	-0.015768
10.365	-0.015747
10.37	-0.01563
10.375	-0.015513
10.38	-0.015392
10.385	-0.015568
10.39	-0.017068
10.395	-0.019761
10.4	-0.021655
10.405	-0.022265
10.41	-0.02413
10.415	-0.027137
10.42	-0.031226
10.425	-0.035462
10.43	-0.039135
10.435	-0.042643
10.44	-0.045391
10.445	-0.048194
10.45	-0.050216
10.455	-0.051475
10.46	-0.053754
10.465	-0.055923
10.47	-0.056612
10.475	-0.056235
10.48	-0.055827
10.485	-0.055857
10.49	-0.056157
10.495	-0.056382
10.5	-0.056397
10.505	-0.056224
10.51	-0.055572
10.515	-0.053683
10.52	-0.051076
10.525	-0.049184
10.53	-0.047522
10.535	-0.045561
10.54	-0.044308
10.545	-0.04416
10.55	-0.044473
10.555	-0.044625
10.56	-0.044443
10.565	-0.04333
10.57	-0.04044
10.575	-0.037984
10.58	-0.037516
10.585	-0.037488
10.59	-0.035316
10.595	-0.032304
10.6	-0.029521
10.605	-0.026542
10.61	-0.022945
10.615	-0.019807
10.62	-0.016015
10.625	-0.011016
10.63	-0.0064399
10.635	-0.0027928
10.64	0.001473
10.645	0.0070355
10.65	0.012848
10.655	0.017154
10.66	0.020297
10.665	0.024398
10.67	0.029437
10.675	0.033256
10.68	0.036138
10.685	0.038054
10.69	0.039918
10.695	0.042163
10.7	0.043517
10.705	0.042815
10.71	0.039225
10.715	0.034694
10.72	0.030867
10.725	0.026737
10.73	0.021371
10.735	0.015549
10.74	0.010333
10.745	0.00521
10.75	0.0017992
10.755	0.0005868
10.76	0.0014829
10.765	0.0026806
10.77	0.0027839
10.775	0.0020684
10.78	0.0015352
10.785	0.0015682
10.79	0.0018791
10.795	0.0020494
10.8	0.0015666
10.805	-0.00034512
10.81	-0.0030232
10.815	-0.0049056
10.82	-0.0065342
10.825	-0.0084125
10.83	-0.0095957
10.835	-0.0097075
10.84	-0.0093382
10.845	-0.0091715
10.85	-0.0093404
10.855	-0.0095476
10.86	-0.0091562
10.865	-0.0072858
10.87	-0.0053847
10.875	-0.0065781
10.88	-0.0091776
10.885	-0.010364
10.89	-0.0098096
10.895	-0.0088262
10.9	-0.0080133
10.905	-0.0064222
10.91	-0.0041427
10.915	-0.0027839
10.92	-0.0028076
10.925	-0.0032807
10.93	-0.0033221
10.935	-0.0029079
10.94	-0.002479
10.945	-0.0022945
10.95	-0.0023576
10.955	-0.0025292
10.96	-0.0032339
10.965	-0.0052737
10.97	-0.0077121
10.975	-0.0087609
10.98	-0.0084415
10.985	-0.007915
10.99	-0.0090264
10.995	-0.012326
11	-0.01474
11.005	-0.014906
11.01	-0.013981
11.015	-0.01342
11.02	-0.013614
11.025	-0.014185
11.03	-0.015119
11.035	-0.016006
11.04	-0.01543
11.045	-0.014322
11.05	-0.013849
11.055	-0.013975
11.06	-0.013112
11.065	-0.010174
11.07	-0.0066454
11.075	-0.0027267
11.08	0.00084255
11.085	0.0043179
11.09	0.0089744
11.095	0.014878
11.1	0.020611
11.105	0.02513
11.11	0.029124
11.115	0.033181
11.12	0.037148
11.125	0.04041
11.13	0.043175
11.135	0.044347
11.14	0.044197
11.145	0.043839
11.15	0.043876
11.155	0.044017
11.16	0.042647
11.165	0.039676
11.17	0.037833
11.175	0.0379
11.18	0.038679
11.185	0.038844
11.19	0.037011
11.195	0.033703
11.2	0.031849
11.205	0.032092
11.21	0.033077
11.215	0.033558
11.22	0.033318
11.225	0.032839
11.23	0.032421
11.235	0.030848
11.24	0.027823
11.245	0.024596
11.25	0.021856
11.255	0.021139
11.26	0.023238
11.265	0.0268
11.27	0.028555
11.275	0.028014
11.28	0.026928
11.285	0.026659
11.29	0.027158
11.295	0.027895
11.3	0.029713
11.305	0.032821
11.31	0.036124
11.315	0.039014
11.32	0.040411
11.325	0.042151
11.33	0.044586
11.335	0.046131
11.34	0.047235
11.345	0.048266
11.35	0.048564
11.355	0.047548
11.36	0.046015
11.365	0.045386
11.37	0.045566
11.375	0.044832
11.38	0.042076
11.385	0.037311
11.39	0.031468
11.395	0.026563
11.4	0.023447
11.405	0.020534
11.41	0.017798
11.415	0.016256
11.42	0.014206
11.425	0.011552
11.43	0.0098842
11.435	0.0079541
11.44	0.0055747
11.445	0.0042126
11.45	0.0031345
11.455	0.0010911
11.46	-0.0012745
11.465	-0.0042574
11.47	-0.008089
11.475	-0.011854
11.48	-0.015932
11.485	-0.021124
11.49	-0.026999
11.495	-0.031962
11.5	-0.035362
11.505	-0.038903
11.51	-0.044105
11.515	-0.050376
11.52	-0.055632
11.525	-0.058735
11.53	-0.060113
11.535	-0.06203
11.54	-0.064686
11.545	-0.066159
11.55	-0.066141
11.555	-0.065313
11.56	-0.063032
11.565	-0.059927
11.57	-0.056685
11.575	-0.053845
11.58	-0.050705
11.585	-0.045423
11.59	-0.03906
11.595	-0.03491
11.6	-0.031846
11.605	-0.027721
11.61	-0.024064
11.615	-0.020819
11.62	-0.01858
11.625	-0.017526
11.63	-0.015301
11.635	-0.012689
11.64	-0.011599
11.645	-0.011905
11.65	-0.012421
11.655	-0.012243
11.66	-0.010665
11.665	-0.0087588
11.67	-0.0072515
11.675	-0.0075345
11.68	-0.0089279
11.685	-0.0094987
11.69	-0.0084048
11.695	-0.0083784
11.7	-0.0079313
11.705	-0.0064815
11.71	-0.0055662
11.715	-0.0056238
11.72	-0.0060589
11.725	-0.0064735
11.73	-0.0073717
11.735	-0.0075711
11.74	-0.0080216
11.745	-0.0099519
11.75	-0.011791
11.755	-0.011806
11.76	-0.0088855
11.765	-0.0052662
11.77	-0.001926
11.775	-3.9017e-07
11.78	0.00048035
11.785	0.0023093
11.79	0.0049078
11.795	0.0062321
11.8	0.0060633
11.805	0.0054184
11.81	0.0047465
11.815	0.0025437
11.82	-0.00032599
11.825	-0.0036042
11.83	-0.0060019
11.835	-0.0069165
11.84	-0.0087498
11.845	-0.010889
11.85	-0.010484
11.855	-0.0076713
11.86	-0.0053832
11.865	-0.0047101
11.87	-0.0031258
11.875	-0.00098445
11.88	-0.00046267
11.885	-0.0031894
11.89	-0.0069104
11.895	-0.010371
11.9	-0.012274
11.905	-0.012205
11.91	-0.011473
11.915	-0.011241
11.92	-0.011372
11.925	-0.010349
11.93	-0.0078731
11.935	-0.0059279
11.94	-0.0056382
11.945	-0.0062133
11.95	-0.0061649
11.955	-0.0039801
11.96	-0.0028452
11.965	-0.0020284
11.97	-0.00079376
11.975	-0.00035037
11.98	-0.0016722
11.985	-0.0035727
11.99	-0.0053369
11.995	-0.0062734
12	-0.0062005
12.005	-0.0058166
12.01	-0.0057133
12.015	-0.005962
12.02	-0.0067159
12.025	-0.0093363
12.03	-0.012079
12.035	-0.012882
12.04	-0.012213
12.045	-0.011525
12.05	-0.011523
12.055	-0.011947
12.06	-0.012249
12.065	-0.011787
12.07	-0.0091326
12.075	-0.0062192
12.08	-0.0053256
12.085	-0.0060237
12.09	-0.0067906
12.095	-0.0068434
12.1	-0.0064234
12.105	-0.0060681
12.11	-0.0060215
12.115	-0.0061677
12.12	-0.0063025
12.125	-0.0063222
12.13	-0.0062705
12.135	-0.0061867
12.14	-0.0056892
12.145	-0.0032044
12.15	-0.00042118
12.155	0.00071131
12.16	0.0015449
12.165	0.0033793
12.17	0.0055522
12.175	0.0083189
12.18	0.011316
12.185	0.014398
12.19	0.017305
12.195	0.020188
12.2	0.022631
12.205	0.023487
12.21	0.023193
12.215	0.022842
12.22	0.022935
12.225	0.023256
12.23	0.023144
12.235	0.021044
12.24	0.017682
12.245	0.01421
12.25	0.011711
12.255	0.011204
12.26	0.011815
12.265	0.012224
12.27	0.012006
12.275	0.011535
12.28	0.01127
12.285	0.011331
12.29	0.011838
12.295	0.014008
12.3	0.016892
12.305	0.018141
12.31	0.017703
12.315	0.016948
12.32	0.016801
12.325	0.017168
12.33	0.017366
12.335	0.01625
12.34	0.013638
12.345	0.011391
12.35	0.010894
12.355	0.011524
12.36	0.012054
12.365	0.011986
12.37	0.011602
12.375	0.011334
12.38	0.011302
12.385	0.011083
12.39	0.0091027
12.395	0.0062085
12.4	0.0048538
12.405	0.0052211
12.41	0.0059595
12.415	0.0059253
12.42	0.0041426
12.425	0.001072
12.43	-0.0009822
12.435	-0.001513
12.44	-0.0031903
12.445	-0.0055492
12.45	-0.0066293
12.455	-0.0059393
12.46	-0.0029336
12.465	-3.4881e-05
12.47	0.00060606
12.475	-0.00029654
12.48	-0.001091
12.485	-0.0010615
12.49	-0.00055595
12.495	-0.00017959
12.5	-0.00015898
12.505	-0.0003338
12.51	-0.0004709
12.515	-0.00048001
12.52	-0.0004184
12.525	-0.00036882
12.53	-0.00036638
12.535	-0.00038908
12.54	-0.00040693
12.545	-0.00040938
12.55	-0.00040133
12.555	-0.00039545
12.56	-0.00039514
12.565	-0.00039853
12.57	-0.00040093
12.575	-0.00040111
12.58	-0.00040208
12.585	-0.00040075
12.59	-0.00039851
12.595	-0.00035788
12.6	0.0001394
12.605	0.0026511
12.61	0.0054429
12.615	0.0063255
12.62	0.0056884
12.625	0.0049975
12.63	0.0052112
12.635	0.00688
12.64	0.0086001
12.645	0.0088396
12.65	0.0071201
12.655	0.0052424
12.66	0.0047257
12.665	0.0048001
12.67	0.002819
12.675	-0.0004246
12.68	-0.0041158
12.685	-0.006526
12.69	-0.0068087
12.695	-0.0068996
12.7	-0.0092439
12.705	-0.011993
12.71	-0.013002
12.715	-0.01252
12.72	-0.01186
12.725	-0.011732
12.73	-0.011631
12.735	-0.010542
12.74	-0.0089416
12.745	-0.0072005
12.75	-0.0061369
12.755	-0.005267
12.76	-0.0028878
12.765	-0.00048913
12.77	0.0010539
12.775	0.0032884
12.78	0.0052473
12.785	0.0057899
12.79	0.0054219
12.795	0.0050946
12.8	0.0051835
12.805	0.0054907
12.81	0.0056942
12.815	0.0057957
12.82	0.006658
12.825	0.0093758
12.83	0.011756
12.835	0.012261
12.84	0.012388
12.845	0.014545
12.85	0.01709
12.855	0.018023
12.86	0.017658
12.865	0.017931
12.87	0.020592
12.875	0.023365
12.88	0.024125
12.885	0.023019
12.89	0.020918
12.895	0.019151
12.9	0.017847
12.905	0.017388
12.91	0.017573
12.915	0.017783
12.92	0.017654
12.925	0.016747
12.93	0.014492
12.935	0.011955
12.94	0.010946
12.945	0.011441
12.95	0.012149
12.955	0.012259
12.96	0.011887
12.965	0.011432
12.97	0.010123
12.975	0.0073023
12.98	0.0053152
12.985	0.0052076
12.99	0.0059611
12.995	0.0063732
13	0.0061685
13.005	0.0057525
13.01	0.0055428
13.015	0.0055945
13.02	0.0056889
13.025	0.0052048
13.03	0.0043323
13.035	0.0046972
13.04	0.0056593
13.045	0.0061345
13.05	0.0059952
13.055	0.0058394
13.06	0.0073093
13.065	0.010444
13.07	0.012391
13.075	0.012503
13.08	0.013287
13.085	0.015897
13.09	0.017892
13.095	0.01816
13.1	0.017539
13.105	0.017089
13.11	0.017175
13.115	0.017565
13.12	0.017833
13.125	0.017831
13.13	0.017694
13.135	0.017597
13.14	0.017554
13.145	0.017553
13.15	0.01757
13.155	0.017525
13.16	0.017467
13.165	0.017431
13.17	0.017241
13.175	0.015616
13.18	0.012611
13.185	0.010768
13.19	0.010016
13.195	0.0085582
13.2	0.0065166
13.205	0.0045934
13.21	0.0023407
13.215	0.00031755
13.22	-0.00071797
13.225	-0.0024988
13.23	-0.0050431
13.235	-0.0064228
13.24	-0.0066564
13.245	-0.0081862
13.25	-0.010919
13.255	-0.012476
13.26	-0.012376
13.265	-0.011713
13.27	-0.011452
13.275	-0.011694
13.28	-0.012034
13.285	-0.012167
13.29	-0.012091
13.295	-0.011965
13.3	-0.011914
13.305	-0.011937
13.31	-0.011963
13.315	-0.011778
13.32	-0.01048
13.325	-0.0078791
13.33	-0.0057829
13.335	-0.005253
13.34	-0.004637
13.345	-0.002568
13.35	-0.00020582
13.355	0.0017897
13.36	0.0039333
13.365	0.0057549
13.37	0.0073926
13.375	0.0095775
13.38	0.011423
13.385	0.011651
13.39	0.0092645
13.395	0.0060582
13.4	0.0048217
13.405	0.0055007
13.41	0.0064505
13.415	0.0066307
13.42	0.0061888
13.425	0.0057022
13.43	0.0050968
13.435	0.0027312
13.44	0.00010145
13.445	-0.00076136
13.45	-0.00058061
13.455	-0.0023427
13.46	-0.0051015
13.465	-0.0066696
13.47	-0.0078816
13.475	-0.0098616
13.48	-0.011509
13.485	-0.011893
13.49	-0.011299
13.495	-0.0097473
13.5	-0.0082129
13.505	-0.0070207
13.51	-0.0073786
13.515	-0.008922
13.52	-0.010869
13.525	-0.012037
13.53	-0.011969
13.535	-0.011432
13.54	-0.011203
13.545	-0.011415
13.55	-0.011983
13.555	-0.013622
13.56	-0.016221
13.565	-0.017953
13.57	-0.018022
13.575	-0.017365
13.58	-0.017029
13.585	-0.017235
13.59	-0.017606
13.595	-0.017788
13.6	-0.017732
13.605	-0.0176
13.61	-0.017533
13.615	-0.017547
13.62	-0.017572
13.625	-0.017326
13.63	-0.015812
13.635	-0.013141
13.64	-0.011291
13.645	-0.011131
13.65	-0.011311
13.655	-0.0091551
13.66	-0.0060976
13.665	-0.0048042
13.67	-0.0052055
13.675	-0.0056678
13.68	-0.0045844
13.685	-0.0032407
13.69	-0.0033878
13.695	-0.0038442
13.7	-0.0047119
13.705	-0.0055392
13.71	-0.0057743
13.715	-0.0062999
13.72	-0.0087295
13.725	-0.011187
13.73	-0.011944
13.735	-0.012218
13.74	-0.014367
13.745	-0.016833
13.75	-0.01771
13.755	-0.017201
13.76	-0.015772
13.765	-0.012995
13.77	-0.01086
13.775	-0.010628
13.78	-0.011385
13.785	-0.011819
13.79	-0.011166
13.795	-0.0089292
13.8	-0.0060905
13.805	-0.0046453
13.81	-0.0048994
13.815	-0.0056083
13.82	-0.0057482
13.825	-0.0053529
13.83	-0.0049483
13.835	-0.0048376
13.84	-0.0049819
13.845	-0.0051849
13.85	-0.0052349
13.855	-0.005145
13.86	-0.0042732
13.865	-0.0015531
13.87	0.00088534
13.875	0.0013825
13.88	0.00060738
13.885	-0.00058837
13.89	-0.0019319
13.895	-0.0020429
13.9	-0.0010203
13.905	-0.00049813
13.91	6.3831e-05
13.915	0.00048078
13.92	0.00052098
13.925	0.00037613
13.93	0.00026819
13.935	0.00023216
13.94	0.00030086
13.945	0.00043973
13.95	0.00042526
13.955	-0.00036502
13.96	-0.0025834
13.965	-0.005149
13.97	-0.006297
13.975	-0.0066448
13.98	-0.00821
13.985	-0.010711
13.99	-0.012281
13.995	-0.01349
14	-0.015883
14.005	-0.017883
14.01	-0.019504
14.015	-0.022021
14.02	-0.023829
14.025	-0.024184
14.03	-0.02442
14.035	-0.024965
14.04	-0.025227
14.045	-0.025247
14.05	-0.024482
14.055	-0.023771
14.06	-0.023456
14.065	-0.021996
14.07	-0.019053
14.075	-0.017039
14.08	-0.015497
14.085	-0.013293
14.09	-0.011746
14.095	-0.010679
14.1	-0.008799
14.105	-0.0066293
14.11	-0.0054109
14.115	-0.0039236
14.12	-0.0013473
14.125	0.00035507
14.13	0.00053793
14.135	0.0001346
14.14	0.00066117
14.145	0.0017629
14.15	0.0026057
14.155	0.0043552
14.16	0.0062523
14.165	0.0069854
14.17	0.0066978
14.175	0.0063437
14.18	0.0064144
14.185	0.0067367
14.19	0.0070672
14.195	0.0074953
14.2	0.0085469
14.205	0.0093026
14.21	0.010376
14.215	0.011585
14.22	0.012245
14.225	0.011813
14.23	0.0097743
14.235	0.0078051
14.24	0.0070687
14.245	0.0056921
14.25	0.0034202
14.255	0.0020055
14.26	0.0009486
14.265	-0.00094652
14.27	-0.0029839
14.275	-0.0048525
14.28	-0.0071974
14.285	-0.010202
14.29	-0.013213
14.295	-0.014942
14.3	-0.016251
14.305	-0.018231
14.31	-0.019851
14.315	-0.020188
14.32	-0.019708
14.325	-0.019326
14.33	-0.019381
14.335	-0.019576
14.34	-0.019649
14.345	-0.019554
14.35	-0.018969
14.355	-0.016393
14.36	-0.013479
14.365	-0.012024
14.37	-0.010115
14.375	-0.0079808
14.38	-0.0073019
14.385	-0.0087488
14.39	-0.010499
14.395	-0.010697
14.4	-0.0088495
14.405	-0.0068689
14.41	-0.0063559
14.415	-0.0068827
14.42	-0.0073966
14.425	-0.0074433
14.43	-0.0074274
14.435	-0.0086935
14.44	-0.011294
14.445	-0.013134
14.45	-0.013238
14.455	-0.012526
14.46	-0.011893
14.465	-0.010786
14.47	-0.0093341
14.475	-0.0077229
14.48	-0.0067676
14.485	-0.0067366
14.49	-0.0070416
14.495	-0.0071102
14.5	-0.0068068
14.505	-0.0057757
14.51	-0.0034053
14.515	-0.0019085
14.52	-0.0013338
14.525	-0.0010884
14.53	-0.00053682
14.535	0.0012925
14.54	0.0039665
14.545	0.0059912
14.55	0.007741
14.555	0.0096918
14.56	0.0109
14.565	0.011027
14.57	0.010754
14.575	0.010747
14.58	0.011018
14.585	0.011268
14.59	0.011328
14.595	0.011256
14.6	0.011177
14.605	0.011161
14.61	0.011218
14.615	0.011342
14.62	0.011437
14.625	0.011443
14.63	0.011406
14.635	0.011381
14.64	0.011381
14.645	0.011324
14.65	0.010467
14.655	0.0077355
14.66	0.0052754
14.665	0.0047605
14.67	0.0054742
14.675	0.0060025
14.68	0.0053051
14.685	0.0034197
14.69	0.0021725
14.695	0.0028273
14.7	0.0049154
14.705	0.0062686
14.71	0.0061486
14.715	0.0054968
14.72	0.0051935
14.725	0.0053653
14.73	0.0056684
14.735	0.005811
14.74	0.0057602
14.745	0.0055969
14.75	0.0048855
14.755	0.003385
14.76	0.0029523
14.765	0.0044881
14.77	0.0065987
14.775	0.0084052
14.78	0.0090072
14.785	0.0091934
14.79	0.010269
14.795	0.011364
14.8	0.011701
14.805	0.011618
14.81	0.012142
14.815	0.014262
14.82	0.016916
14.825	0.018129
14.83	0.017802
14.835	0.017135
14.84	0.016976
14.845	0.017293
14.85	0.017695
14.855	0.018467
14.86	0.020459
14.865	0.022865
14.87	0.023954
14.875	0.023649
14.88	0.022959
14.885	0.021606
14.89	0.018962
14.895	0.017153
14.9	0.016995
14.905	0.01651
14.91	0.01447
14.915	0.012925
14.92	0.011303
14.925	0.0088346
14.93	0.0063511
14.935	0.0052796
14.94	0.0049026
14.945	0.0033075
14.95	0.00080831
14.955	-0.00064159
14.96	-0.00060045
14.965	-2.7541e-05
14.97	0.00020921
14.975	-4.4243e-07
14.98	-0.00031281
14.985	-0.0004938
14.99	-0.001051
14.995	-0.0024629
15	-0.0040312
15.005	-0.0049204
15.01	-0.003528
15.015	-0.00085483
15.02	0.00058026
15.025	0.00027858
15.03	-0.00055325
15.035	-0.00087615
15.04	-0.00060548
15.045	-0.00021059
15.05	-5.3647e-05
15.055	-0.0001373
15.06	-0.00029191
15.065	-0.00053275
15.07	-0.0019402
15.075	-0.0032505
15.08	-0.0019602
15.085	-7.1596e-05
15.09	0.00055538
15.095	7.7798e-05
15.1	-0.00032566
15.105	0.0011913
15.11	0.0044448
15.115	0.0064474
15.12	0.0065408
15.125	0.0072837
15.13	0.0098716
15.135	0.011877
15.14	0.01225
15.145	0.01237
15.15	0.012759
15.155	0.013166
15.16	0.014779
15.165	0.0162
15.17	0.015688
15.175	0.014419
15.18	0.01311
15.185	0.011885
15.19	0.011449
15.195	0.011677
15.2	0.011956
15.205	0.011948
15.21	0.011747
15.215	0.011585
15.22	0.011563
15.225	0.011629
15.23	0.011673
15.235	0.011482
15.24	0.0098215
15.245	0.0068036
15.25	0.0050859
15.255	0.0054646
15.26	0.0079235
15.265	0.011249
15.27	0.012691
15.275	0.012093
15.28	0.010912
15.285	0.0090419
15.29	0.006478
15.295	0.0052269
15.3	0.0055334
15.305	0.0062052
15.31	0.0063592
15.315	0.006024
15.32	0.0056601
15.325	0.0055539
15.33	0.0056626
15.335	0.005795
15.34	0.0058434
15.345	0.0059036
15.35	0.0065858
15.355	0.0073636
15.36	0.0076718
15.365	0.0091551
15.37	0.011925
15.375	0.013629
15.38	0.012799
15.385	0.011255
15.39	0.010067
15.395	0.0097431
15.4	0.010038
15.405	0.0098092
15.41	0.010202
15.415	0.011322
15.42	0.011853
15.425	0.010908
15.43	0.0099756
15.435	0.0094434
15.44	0.0081612
15.445	0.0073784
15.45	0.0071798
15.455	0.0068315
15.46	0.0073695
15.465	0.0084856
15.47	0.0081632
15.475	0.0065834
15.48	0.0055372
15.485	0.0055924
15.49	0.0061099
15.495	0.006394
15.5	0.0062961
15.505	0.0060644
15.51	0.0059347
15.515	0.0058924
15.52	0.005875
15.525	0.0058757
15.53	0.0058821
15.535	0.0058837
15.54	0.0058761
15.545	0.0058713
15.55	0.0058706
15.555	0.0058775
15.56	0.0059015
15.565	0.0059955
15.57	0.0060975
15.575	0.0061309
15.58	0.0061094
15.585	0.0060704
15.59	0.005982
15.595	0.0059005
15.6	0.0058851
15.605	0.005913
15.61	0.0059355
15.615	0.0059367
15.62	0.0059235
15.625	0.0059168
15.63	0.0059167
15.635	0.0058857
15.64	0.0053944
15.645	0.0028845
15.65	9.4296e-05
15.655	-0.00078624
15.66	-0.00014333
15.665	0.00056718
15.67	0.00057006
15.675	-0.00023844
15.68	-0.0015517
15.685	-0.0019252
15.69	-0.0025791
15.695	-0.0043745
15.7	-0.0063166
15.705	-0.0084686
15.71	-0.010735
15.715	-0.011944
15.72	-0.011971
15.725	-0.012382
15.73	-0.014913
15.735	-0.017527
15.74	-0.018291
15.745	-0.017683
15.75	-0.017044
15.755	-0.017016
15.76	-0.017318
15.765	-0.016813
15.77	-0.014581
15.775	-0.012984
15.78	-0.01265
15.785	-0.013391
15.79	-0.013683
15.795	-0.013668
15.8	-0.01287
15.805	-0.012397
15.81	-0.012938
15.815	-0.013285
15.82	-0.013391
15.825	-0.012587
15.83	-0.011695
15.835	-0.01145
15.84	-0.011691
15.845	-0.01194
15.85	-0.011955
15.855	-0.011819
15.86	-0.011695
15.865	-0.011569
15.87	-0.010386
15.875	-0.0075893
15.88	-0.0067131
15.885	-0.0095028
15.89	-0.012397
15.895	-0.012987
15.9	-0.011996
15.905	-0.011118
15.91	-0.01115
15.915	-0.012336
15.92	-0.014244
15.925	-0.015356
15.93	-0.015982
15.935	-0.016918
15.94	-0.017513
15.945	-0.017509
15.95	-0.017305
15.955	-0.017252
15.96	-0.017364
15.965	-0.017487
15.97	-0.017521
15.975	-0.017479
15.98	-0.017432
15.985	-0.017415
15.99	-0.017426
15.995	-0.017443
16	-0.017455
16.005	-0.017558
16.01	-0.018472
16.015	-0.020791
16.02	-0.023159
16.025	-0.023945
16.03	-0.023458
16.035	-0.022893
16.04	-0.022872
16.045	-0.023207
16.05	-0.023321
16.055	-0.022332
16.06	-0.020921
16.065	-0.021008
16.07	-0.021439
16.075	-0.020184
16.08	-0.01887
16.085	-0.018277
16.09	-0.017782
16.095	-0.017677
16.1	-0.018682
16.105	-0.020008
16.11	-0.019612
16.115	-0.017894
16.12	-0.016805
16.125	-0.016911
16.13	-0.017494
16.135	-0.017802
16.14	-0.017694
16.145	-0.017443
16.15	-0.017138
16.155	-0.015784
16.16	-0.013474
16.165	-0.012658
16.17	-0.012627
16.175	-0.0123
16.18	-0.0119
16.185	-0.011689
16.19	-0.011663
16.195	-0.011695
16.2	-0.011685
16.205	-0.011395
16.21	-0.0098647
16.215	-0.0072007
16.22	-0.0053329
16.225	-0.0047259
16.23	-0.0028926
16.235	-0.00047218
16.24	0.0005976
16.245	0.00033499
16.25	-0.00015114
16.255	0.00025445
16.26	0.0031099
16.265	0.0070383
16.27	0.010718
16.275	0.012469
16.28	0.012252
16.285	0.011996
16.29	0.013707
16.295	0.016791
16.3	0.018761
16.305	0.01879
16.31	0.017991
16.315	0.017562
16.32	0.017749
16.325	0.018097
16.33	0.017808
16.335	0.015933
16.34	0.01318
16.345	0.011549
16.35	0.010817
16.355	0.0088014
16.36	0.006625
16.365	0.0058345
16.37	0.0061334
16.375	0.0064427
16.38	0.0055396
16.385	0.0025218
16.39	-0.00016336
16.395	-0.0011214
16.4	-0.0020642
16.405	-0.0039773
16.41	-0.0055459
16.415	-0.0059215
16.42	-0.0055807
16.425	-0.0052896
16.43	-0.0053299
16.435	-0.0055392
16.44	-0.0056964
16.445	-0.0057221
16.45	-0.0056728
16.455	-0.0056142
16.46	-0.0055671
16.465	-0.005534
16.47	-0.0055048
16.475	-0.005532
16.48	-0.006146
16.485	-0.0076004
16.49	-0.0080938
16.495	-0.0067208
16.5	-0.0052642
16.505	-0.0049583
16.51	-0.0054706
16.515	-0.0059222
16.52	-0.0053631
16.525	-0.0031227
16.53	-0.0004451
16.535	0.00071017
16.54	0.00032652
16.545	-0.00036967
16.55	-0.00056443
16.555	-0.00029826
16.56	3.7929e-05
16.565	0.00021754
16.57	0.00025257
16.575	0.00015689
16.58	-0.0010612
16.585	-0.0040295
16.59	-0.0062353
16.595	-0.0065087
16.6	-0.0058278
16.605	-0.0054148
16.61	-0.005578
16.615	-0.0059399
16.62	-0.006071
16.625	-0.0053709
16.63	-0.0032072
16.635	-0.00069965
16.64	0.00030114
16.645	-0.00018086
16.65	-0.00091956
16.655	-0.0010553
16.66	-0.00011523
16.665	0.0022542
16.67	0.0048201
16.675	0.0058017
16.68	0.0053404
16.685	0.0047892
16.69	0.005873
16.695	0.0084527
16.7	0.009393
16.705	0.0091471
16.71	0.0090813
16.715	0.0092514
16.72	0.010235
16.725	0.011136
16.73	0.011409
16.735	0.011321
16.74	0.011253
16.745	0.010832
16.75	0.010597
16.755	0.01168
16.76	0.012985
16.765	0.013593
16.77	0.013635
16.775	0.013629
16.78	0.013866
16.785	0.014262
16.79	0.014513
16.795	0.013957
16.8	0.013264
16.805	0.013752
16.81	0.014488
16.815	0.014646
16.82	0.014331
16.825	0.013962
16.83	0.013772
16.835	0.01367
16.84	0.013439
16.845	0.013009
16.85	0.012384
16.855	0.011678
16.86	0.011167
16.865	0.012199
16.87	0.014763
16.875	0.016148
16.88	0.014985
16.885	0.011965
16.89	0.01012
16.895	0.011115
16.9	0.01292
16.905	0.014412
16.91	0.015466
16.915	0.015785
16.92	0.015811
16.925	0.016176
16.93	0.01704
16.935	0.018197
16.94	0.019295
16.945	0.019899
16.95	0.019242
16.955	0.017753
16.96	0.016062
16.965	0.01441
16.97	0.011861
16.975	0.0087321
16.98	0.0059846
16.985	0.0033487
16.99	0.001379
16.995	0.00036369
17	-0.0016639
17.005	-0.0046258
17.01	-0.0063746
17.015	-0.0065526
17.02	-0.0061161
17.025	-0.0056332
17.03	-0.0043082
17.035	-0.0016181
17.04	0.00095282
17.045	0.0020784
17.05	0.0021637
17.055	0.0024657
17.06	0.004843
17.065	0.0082324
17.07	0.0099304
17.075	0.0098828
17.08	0.010271
17.085	0.01128
17.09	0.012037
17.095	0.013036
17.1	0.013857
17.105	0.013857
17.11	0.013298
17.115	0.012742
17.12	0.01222
17.125	0.011028
17.13	0.010242
17.135	0.0086463
17.14	0.0073238
17.145	0.0063523
17.15	0.00552
17.155	0.0051609
17.16	0.0051674
17.165	0.005205
17.17	0.0050971
17.175	0.0048676
17.18	0.0044136
17.185	0.0028189
17.19	0.00017815
17.195	-0.0015907
17.2	-0.0016631
17.205	-0.0012081
17.21	-0.0023076
17.215	-0.0051272
17.22	-0.0073283
17.225	-0.0076295
17.23	-0.0068769
17.235	-0.006359
17.24	-0.0071737
17.245	-0.009991
17.25	-0.011853
17.255	-0.010088
17.26	-0.0061322
17.265	-0.0034847
17.27	-0.0032233
17.275	-0.0039213
17.28	-0.0040895
17.285	-0.0034641
17.29	-0.0026665
17.295	-0.0023061
17.3	-0.0028258
17.305	-0.0044989
17.31	-0.0060136
17.315	-0.0065028
17.32	-0.0067605
17.325	-0.0081122
17.33	-0.0098089
17.335	-0.010839
17.34	-0.01126
17.345	-0.011619
17.35	-0.012187
17.355	-0.013143
17.36	-0.014416
17.365	-0.013776
17.37	-0.01045
17.375	-0.0080994
17.38	-0.0095727
17.385	-0.013201
17.39	-0.015313
17.395	-0.014887
17.4	-0.013491
17.405	-0.012664
17.41	-0.012126
17.415	-0.01046
17.42	-0.0080807
17.425	-0.0067409
17.43	-0.0067149
17.435	-0.0070124
17.44	-0.0062894
17.445	-0.0037039
17.45	-0.00071064
17.455	0.0005796
17.46	0.00025334
17.465	-0.00034782
17.47	0.00025089
17.475	0.0023634
17.48	0.0047325
17.485	0.0067037
17.49	0.0070438
17.495	0.0057639
17.5	0.0053612
17.505	0.0065279
17.51	0.0065115
17.515	0.0047622
17.52	0.0033634
17.525	0.0032797
17.53	0.0038242
17.535	0.004067
17.54	0.0037137
17.545	0.0030102
17.55	0.0022367
17.555	0.0013283
17.56	-0.0009428
17.565	-0.0045233
17.57	-0.0067138
17.575	-0.0068423
17.58	-0.0062232
17.585	-0.0062101
17.59	-0.0081882
17.595	-0.011601
17.6	-0.013478
17.605	-0.013241
17.61	-0.012368
17.615	-0.012129
17.62	-0.012627
17.625	-0.013439
17.63	-0.015266
17.635	-0.0173
17.64	-0.016496
17.645	-0.013693
17.65	-0.01173
17.655	-0.01136
17.66	-0.01156
17.665	-0.011337
17.67	-0.010443
17.675	-0.0080843
17.68	-0.0046728
17.685	-0.002821
17.69	-0.0029409
17.695	-0.0036328
17.7	-0.0037152
17.705	-0.0025605
17.71	-0.00064578
17.715	0.0010571
17.72	0.0020598
17.725	0.0017952
17.73	0.00010242
17.735	-0.0019516
17.74	-0.0036713
17.745	-0.0050859
17.75	-0.0072239
17.755	-0.0090921
17.76	-0.0098596
17.765	-0.0095883
17.77	-0.0088783
17.775	-0.0096554
17.78	-0.011647
17.785	-0.013023
17.79	-0.013158
17.795	-0.012611
17.8	-0.012034
17.805	-0.011629
17.81	-0.011277
17.815	-0.01088
17.82	-0.010464
17.825	-0.010091
17.83	-0.0097891
17.835	-0.0095453
17.84	-0.009362
17.845	-0.0092408
17.85	-0.0090665
17.855	-0.0082637
17.86	-0.0076737
17.865	-0.0066426
17.87	-0.00492
17.875	-0.0041322
17.88	-0.004734
17.885	-0.0064615
17.89	-0.0075352
17.895	-0.0079148
17.9	-0.0091878
17.905	-0.0099015
17.91	-0.0083756
17.915	-0.0062311
17.92	-0.0054894
17.925	-0.0060244
17.93	-0.0066485
17.935	-0.0066781
17.94	-0.0062238
17.945	-0.0057831
17.95	-0.0056932
17.955	-0.0058844
17.96	-0.0060795
17.965	-0.0058338
17.97	-0.0038098
17.975	-0.00094058
17.98	0.00041944
17.985	0.00016578
17.99	-0.00036821
17.995	-0.00012064
18	0.001688
18.005	0.0048016
18.01	0.0072693
18.015	0.0078832
18.02	0.0074434
18.025	0.007198
18.03	0.0075355
18.035	0.0080642
18.04	0.0083329
18.045	0.0082461
18.05	0.0081322
18.055	0.0087527
18.06	0.0090304
18.065	0.0081564
18.07	0.007214
18.075	0.0069213
18.08	0.0070921
18.085	0.0072478
18.09	0.0071718
18.095	0.006959
18.1	0.0067847
18.105	0.0067324
18.11	0.0067597
18.115	0.00678
18.12	0.0067372
18.125	0.006441
18.13	0.0051223
18.135	0.0034325
18.14	0.0017789
18.145	0.00077686
18.15	0.00075391
18.155	0.0011951
18.16	0.0013794
18.165	0.0011714
18.17	0.00087129
18.175	0.00050089
18.18	-0.00092506
18.185	-0.0032628
18.19	-0.0040721
18.195	-0.004081
18.2	-0.0043771
18.205	-0.0047538
18.21	-0.0049605
18.215	-0.0049939
18.22	-0.0049686
18.225	-0.0049751
18.23	-0.0050235
18.235	-0.0051161
18.24	-0.005646
18.245	-0.0081352
18.25	-0.010422
18.255	-0.0087626
18.26	-0.0052643
18.265	-0.0031556
18.27	-0.0012544
18.275	0.00036614
18.28	0.00078817
18.285	0.00041895
18.29	8.775e-05
18.295	0.00013772
18.3	0.00039385
18.305	0.00058077
18.31	0.00059772
18.315	0.00052682
18.32	0.00048936
18.325	0.00052779
18.33	0.00060178
18.335	0.00066716
18.34	0.00071152
18.345	0.00074475
18.35	0.00077973
18.355	0.00084202
18.36	0.0011564
18.365	0.0027051
18.37	0.0054018
18.375	0.0072921
18.38	0.007469
18.385	0.0068053
18.39	0.006465
18.395	0.0069666
18.4	0.0086638
18.405	0.01008
18.41	0.0094754
18.415	0.0088737
18.42	0.0094127
18.425	0.010401
18.43	0.011882
18.435	0.012805
18.44	0.011472
18.445	0.0084005
18.45	0.0062655
18.455	0.006226
18.46	0.007179
18.465	0.0077704
18.47	0.0076436
18.475	0.0072298
18.48	0.0069973
18.485	0.0070335
18.49	0.0071497
18.495	0.007166
18.5	0.0070474
18.505	0.0068581
18.51	0.0066603
18.515	0.0064898
18.52	0.006344
18.525	0.0062105
18.53	0.0060779
18.535	0.0059471
18.54	0.0058397
18.545	0.0057701
18.55	0.005729
18.555	0.0057211
18.56	0.0057456
18.565	0.0057764
18.57	0.0054316
18.575	0.0041525
18.58	0.0029745
18.585	0.0023772
18.59	0.0014634
18.595	0.00062489
18.6	0.00044098
18.605	0.00070939
18.61	0.00093538
18.615	0.00053902
18.62	-0.0012812
18.625	-0.0038437
18.63	-0.0052073
18.635	-0.0049579
18.64	-0.0041886
18.645	-0.0038697
18.65	-0.0040953
18.655	-0.0044558
18.66	-0.0046018
18.665	-0.004138
18.67	-0.002335
18.675	0.00016379
18.68	0.0014782
18.685	0.001236
18.69	0.00057023
18.695	0.0003544
18.7	0.00057787
18.705	0.00080708
18.71	0.00078668
18.715	-0.00012461
18.72	-0.002849
18.725	-0.0053026
18.73	-0.0058685
18.735	-0.0056176
18.74	-0.0068081
18.745	-0.0094622
18.75	-0.011369
18.755	-0.011565
18.76	-0.010917
18.765	-0.010521
18.77	-0.010681
18.775	-0.01105
18.78	-0.011263
18.785	-0.01125
18.79	-0.011115
18.795	-0.010528
18.8	-0.0097111
18.805	-0.010159
18.81	-0.011103
18.815	-0.011426
18.82	-0.011124
18.825	-0.010728
18.83	-0.010533
18.835	-0.0099334
18.84	-0.0079327
18.845	-0.0054026
18.85	-0.0042453
18.855	-0.0045777
18.86	-0.0050488
18.865	-0.0037938
18.87	-0.00045024
18.875	0.001921
18.88	0.0020314
18.885	0.0010389
18.89	0.00057126
18.895	0.0019974
18.9	0.0053992
18.905	0.0077382
18.91	0.007786
18.915	0.0068053
18.92	0.0062643
18.925	0.0065456
18.93	0.0076229
18.935	0.0087684
18.94	0.0083848
18.945	0.0078817
18.95	0.008831
18.955	0.010108
18.96	0.010572
18.965	0.010354
18.97	0.010617
18.975	0.012026
18.98	0.013255
18.985	0.013504
18.99	0.013159
18.995	0.01288
19	0.012904
19.005	0.013056
19.01	0.013103
19.015	0.012496
19.02	0.011401
19.025	0.011089
19.03	0.011167
19.035	0.011969
19.04	0.012622
19.045	0.012105
19.05	0.011005
19.055	0.011259
19.06	0.012245
19.065	0.0129
19.07	0.012996
19.075	0.012842
19.08	0.012786
19.085	0.013035
19.09	0.014729
19.095	0.017764
19.1	0.01951
19.105	0.01935
19.11	0.018568
19.115	0.018302
19.12	0.018655
19.125	0.019131
19.13	0.019363
19.135	0.019341
19.14	0.01925
19.145	0.019234
19.15	0.019289
19.155	0.019182
19.16	0.017601
19.165	0.014613
19.17	0.012883
19.175	0.013054
19.18	0.013856
19.185	0.014098
19.19	0.013545
19.195	0.011514
19.2	0.0083876
19.205	0.0067315
19.21	0.0069021
19.215	0.0069049
19.22	0.0055856
19.225	0.0035667
19.23	0.0017066
19.235	0.0010717
19.24	0.0013112
19.245	0.00082225
19.25	-0.001374
19.255	-0.0030838
19.26	-0.0017753
19.265	0.0011174
19.27	0.003423
19.275	0.0053021
19.28	0.0067204
19.285	0.0071206
19.29	0.0068706
19.295	0.0066773
19.3	0.0068131
19.305	0.0070941
19.31	0.0072734
19.315	0.0072799
19.32	0.0072143
19.325	0.0071807
19.33	0.0072194
19.335	0.0072831
19.34	0.0072456
19.345	0.0064723
19.35	0.0049997
19.355	0.0040561
19.36	0.0033382
19.365	0.002351
19.37	0.0025533
19.375	0.0046179
19.38	0.0055379
19.385	0.0033701
19.39	0.00089965
19.395	-0.00046032
19.4	-0.00034939
19.405	0.0011085
19.41	0.0021586
19.415	0.0019778
19.42	0.00032735
19.425	-0.0024566
19.43	-0.0046222
19.435	-0.0050132
19.44	-0.0043695
19.445	-0.0038736
19.45	-0.0040768
19.455	-0.0053304
19.46	-0.0071984
19.465	-0.0088135
19.47	-0.0093686
19.475	-0.0089549
19.48	-0.0092413
19.485	-0.009955
19.49	-0.010395
19.495	-0.010477
19.5	-0.010396
19.505	-0.010341
19.51	-0.010362
19.515	-0.010412
19.52	-0.010445
19.525	-0.010455
19.53	-0.010463
19.535	-0.010475
19.54	-0.010498
19.545	-0.010518
19.55	-0.010448
19.555	-0.0097668
19.56	-0.009196
19.565	-0.0097367
19.57	-0.0098521
19.575	-0.0093933
19.58	-0.0096674
19.585	-0.009599
19.59	-0.0091719
19.595	-0.0096673
19.6	-0.010422
19.605	-0.010699
19.61	-0.010527
19.615	-0.010211
19.62	-0.0094436
19.625	-0.0087671
19.63	-0.0086056
19.635	-0.0072935
19.64	-0.005251
19.645	-0.0042156
19.65	-0.0044052
19.655	-0.0049216
19.66	-0.0050719
19.665	-0.0048471
19.67	-0.0045792
19.675	-0.0044935
19.68	-0.0045778
19.685	-0.0046967
19.69	-0.0047513
19.695	-0.0047238
19.7	-0.0045764
19.705	-0.0037086
19.71	-0.00209
19.715	-0.00048263
19.72	0.00024286
19.725	7.1549e-05
19.73	0.00050685
19.735	0.0010542
19.74	-0.00015572
19.745	-0.0030969
19.75	-0.0047074
19.755	-0.0029036
19.76	0.00099842
19.765	0.0030235
19.77	0.0017828
19.775	-0.00019509
19.78	-0.00085985
19.785	-0.00089277
19.79	-7.9174e-05
19.795	0.00072983
19.8	0.00089161
19.805	0.00066454
19.81	0.00049212
19.815	0.0012317
19.82	0.0020401
19.825	0.0022943
19.83	0.0021328
19.835	0.001956
19.84	0.00197
19.845	0.0021013
19.85	0.0022246
19.855	0.0024463
19.86	0.0036577
19.865	0.0061576
19.87	0.0082994
19.875	0.0086477
19.88	0.0069365
19.885	0.0040351
19.89	0.0020495
19.895	0.0019766
19.9	0.0028188
19.905	0.0032896
19.91	0.0030709
19.915	0.0026059
19.92	0.0023453
19.925	0.002368
19.93	0.0024892
19.935	0.0025407
19.94	0.0024955
19.945	0.0024069
19.95	0.0023259
19.955	0.0021069
19.96	0.00089329
19.965	-0.0014528
19.97	-0.0027361
19.975	-0.0028435
19.98	-0.0031283
19.985	-0.003569
19.99	-0.0038648
19.995	-0.0039711
20	-0.0041739
20.005	-0.0053669
20.01	-0.006825
20.015	-0.0073556
20.02	-0.0070851
20.025	-0.0068137
20.03	-0.0070912
20.035	-0.0083253
20.04	-0.0086206
20.045	-0.0076703
20.05	-0.0068381
20.055	-0.0067446
20.06	-0.0070412
20.065	-0.0069628
20.07	-0.0056577
20.075	-0.0041544
20.08	-0.0036328
20.085	-0.0038959
20.09	-0.0039693
20.095	-0.0024682
20.1	0.00041031
20.105	0.0024365
20.11	0.002592
20.115	0.0018696
20.12	0.0014589
20.125	0.0016595
20.13	0.002085
20.135	0.0023329
20.14	0.0023157
20.145	0.0021981
20.15	0.0021355
20.155	0.0021561
20.16	0.0022072
20.165	0.0022385
20.17	0.0022408
20.175	0.0022396
20.18	0.0022526
20.185	0.0022707
20.19	0.0022988
20.195	0.0023934
20.2	0.0025111
20.205	0.0025533
20.21	0.0025221
20.215	0.0024826
20.22	0.0024641
20.225	0.0024131
20.23	0.0018882
20.235	-3.6717e-05
20.24	-0.0027235
20.245	-0.0045954
20.25	-0.0054296
20.255	-0.0046923
20.26	-0.0035397
20.265	-0.0032675
20.27	-0.0038186
20.275	-0.004351
20.28	-0.0044435
20.285	-0.0042712
20.29	-0.0041334
20.295	-0.0041596
20.3	-0.004278
20.305	-0.0043688
20.31	-0.0043857
20.315	-0.0043591
20.32	-0.0043374
20.325	-0.0043519
20.33	-0.0043835
20.335	-0.004412
20.34	-0.0044205
20.345	-0.0044038
20.35	-0.0043652
20.355	-0.0043216
20.36	-0.004256
20.365	-0.0037631
20.37	-0.0019356
20.375	0.00062271
20.38	0.0012764
20.385	-0.0015235
20.39	-0.004591
20.395	-0.0052653
20.4	-0.0038003
20.405	-0.001436
20.41	-5.0207e-05
20.415	0.00027238
20.42	0.00099545
20.425	0.0018393
20.43	0.0022372
20.435	0.0022495
20.44	0.0022321
20.445	0.0023859
20.45	0.0025933
20.455	0.0027055
20.46	0.0027024
20.465	0.0026554
20.47	0.0026243
20.475	0.0025774
20.48	0.0024825
20.485	0.0024183
20.49	0.0024135
20.495	0.0024184
20.5	0.0024004
20.505	0.002352
20.51	0.0022841
20.515	0.0022263
20.52	0.0021866
20.525	0.0021495
20.53	0.0021646
20.535	0.0027065
20.54	0.0036059
20.545	0.0038486
20.55	0.0049131
20.555	0.0069298
20.56	0.0082362
20.565	0.0082625
20.57	0.0077923
20.575	0.0075406
20.58	0.0076781
20.585	0.0079637
20.59	0.0081714
20.595	0.0082239
20.6	0.0080418
20.605	0.0072647
20.61	0.0063625
20.615	0.0063275
20.62	0.0066465
20.625	0.0069311
20.63	0.006827
20.635	0.0066203
20.64	0.0056147
20.645	0.0040787
20.65	0.003156
20.655	0.0032434
20.66	0.0029248
20.665	0.0023897
20.67	0.0021222
20.675	0.0021509
20.68	0.0022572
20.685	0.0022928
20.69	0.0022941
20.695	0.0022754
20.7	0.0022033
20.705	0.0021531
20.71	0.0022556
20.715	0.0031198
20.72	0.0046693
20.725	0.0054825
20.73	0.0046928
20.735	0.0035205
20.74	0.003199
20.745	0.0027456
20.75	0.0017348
20.755	0.00093141
20.76	0.00094911
20.765	0.0012911
20.77	0.0022502
20.775	0.0029384
20.78	0.0028774
20.785	0.0017957
20.79	6.5568e-05
20.795	-0.0014882
20.8	-0.0019083
20.805	-0.0015367
20.81	-0.0019634
20.815	-0.0027378
20.82	-0.003135
20.825	-0.0030406
20.83	-0.0028053
20.835	-0.0027536
20.84	-0.0028908
20.845	-0.0030531
20.85	-0.0031346
20.855	-0.0031378
20.86	-0.0031271
20.865	-0.0031341
20.87	-0.0030126
20.875	-0.0021743
20.88	-0.0017855
20.885	-0.0027779
20.89	-0.0048598
20.895	-0.0075495
20.9	-0.0094009
20.905	-0.0096905
20.91	-0.0092211
20.915	-0.0089636
20.92	-0.0091809
20.925	-0.0095669
20.93	-0.0097882
20.935	-0.0097784
20.94	-0.0096934
20.945	-0.0098156
20.95	-0.010733
20.955	-0.011293
20.96	-0.010662
20.965	-0.0098872
20.97	-0.009726
20.975	-0.01009
20.98	-0.010501
20.985	-0.010691
20.99	-0.01069
20.995	-0.010629
21	-0.010626
21.005	-0.010742
21.01	-0.010769
21.015	-0.010062
21.02	-0.0095803
21.025	-0.0092163
21.03	-0.0076679
21.035	-0.0058845
21.04	-0.0053107
21.045	-0.0057716
21.05	-0.0063021
21.055	-0.0064375
21.06	-0.0062911
21.065	-0.0061258
21.07	-0.0060946
21.075	-0.0061527
21.08	-0.0060759
21.085	-0.0052938
21.09	-0.0047919
21.095	-0.0044249
21.1	-0.0028488
21.105	-0.0009912
21.11	-0.000259
21.115	-0.00052561
21.12	-0.00095488
21.125	-0.0010086
21.13	-0.0007018
21.135	-0.00036595
21.14	-0.00025193
21.145	-0.00013759
21.15	0.0010397
21.155	0.0036158
21.16	0.0058785
21.165	0.0064749
21.17	0.0059841
21.175	0.005566
21.18	0.0056933
21.185	0.0060955
21.19	0.0063841
21.195	0.0065673
21.2	0.0073292
21.205	0.0078128
21.21	0.0080313
21.215	0.0086335
21.22	0.0090803
21.225	0.0089394
21.23	0.0078481
21.235	0.0070996
21.24	0.0068321
21.245	0.006275
21.25	0.0058085
21.255	0.0056931
21.26	0.0059395
21.265	0.0070509
21.27	0.008646
21.275	0.010276
21.28	0.011504
21.285	0.011805
21.29	0.011547
21.295	0.011355
21.3	0.011454
21.305	0.011682
21.31	0.011835
21.315	0.011836
21.32	0.011615
21.325	0.010551
21.33	0.0091319
21.335	0.0085435
21.34	0.0088027
21.345	0.0092344
21.35	0.009525
21.355	0.010276
21.36	0.010742
21.365	0.011075
21.37	0.011738
21.375	0.012161
21.38	0.011922
21.385	0.010324
21.39	0.0077013
21.395	0.0060303
21.4	0.0060963
21.405	0.0068912
21.41	0.0073227
21.415	0.0071803
21.42	0.0068263
21.425	0.0063696
21.43	0.0051821
21.435	0.0037606
21.44	0.0021397
21.445	0.0010606
21.45	0.00098762
21.455	0.0013473
21.46	0.0015274
21.465	0.0016042
21.47	0.0023898
21.475	0.0026795
21.48	0.0032532
21.485	0.0052123
21.49	0.0070356
21.495	0.0074592
21.5	0.0069603
21.505	0.0065181
21.51	0.0065467
21.515	0.006826
21.52	0.0070152
21.525	0.0070054
21.53	0.0069015
21.535	0.0068354
21.54	0.0068734
21.545	0.0072888
21.55	0.0086016
21.555	0.0095966
21.56	0.0086195
21.565	0.0073395
21.57	0.0080051
21.575	0.0092224
21.58	0.0086651
21.585	0.0072047
21.59	0.0063781
21.595	0.0064564
21.6	0.0068409
21.605	0.0069524
21.61	0.0063248
21.615	0.0042901
21.62	0.0015744
21.625	8.6534e-05
21.63	0.00020297
21.635	0.0007909
21.64	0.00085536
21.645	0.00040962
21.65	-5.8839e-05
21.655	-0.00026164
21.66	-0.00023707
21.665	-0.00017035
21.67	-0.00019967
21.675	-0.00035059
21.68	-0.00050604
21.685	-0.00057931
21.69	-0.00059266
21.695	-0.00062152
21.7	-0.00074178
21.705	-0.00087735
21.71	-0.00094088
21.715	-0.00094238
21.72	-0.00096217
21.725	-0.001053
21.73	-0.0010933
21.735	-0.0011456
21.74	-0.0018452
21.745	-0.0034232
21.75	-0.0044779
21.755	-0.0039276
21.76	-0.0020466
21.765	-0.00076627
21.77	-0.00081934
21.775	-0.0015017
21.78	-0.0019589
21.785	-0.0019087
21.79	-0.0015914
21.795	-0.0013265
21.8	-0.0013322
21.805	-0.0015173
21.81	-0.0015978
21.815	-0.0015427
21.82	-0.0014397
21.825	-0.0013741
21.83	-0.0013988
21.835	-0.0013993
21.84	-0.0013672
21.845	-0.0013893
21.85	-0.0019438
21.855	-0.0032401
21.86	-0.003563
21.865	-0.0020589
21.87	-0.00047789
21.875	-7.6731e-05
21.88	-0.00051747
21.885	-0.00088687
21.89	-0.00076217
21.895	-0.0004005
21.9	-0.00016468
21.905	-0.00011198
21.91	-0.00010423
21.915	-0.0001014
21.92	-0.00010086
21.925	-5.0579e-05
21.93	6.0552e-05
21.935	0.00013247
21.94	0.00016696
21.945	0.00022845
21.95	0.0003149
21.955	0.00040527
21.96	0.00043325
21.965	0.00039887
21.97	0.0003567
21.975	0.00037418
21.98	0.00047457
21.985	0.00054874
21.99	0.00053845
21.995	0.00048504
22	0.0004541
22.005	0.0004645
22.01	0.00050363
22.015	0.00054966
22.02	0.0006011
22.025	0.00063387
22.03	0.00066357
22.035	0.00077792
22.04	0.00087421
22.045	0.00087954
22.05	0.00089772
22.055	0.00099144
22.06	0.0011381
22.065	0.0012743
22.07	0.001325
22.075	0.00090671
22.08	-0.00043301
22.085	-0.0015691
22.09	-0.0017423
22.095	-0.0014197
22.1	-0.001143
22.105	-0.001159
22.11	-0.001324
22.115	-0.0013988
22.12	-0.0013419
22.125	-0.0012591
22.13	-0.00084494
22.135	0.00014676
22.14	0.00045394
22.145	0.00079162
22.15	0.0013462
22.155	0.0016972
22.16	0.0020951
22.165	0.0029313
22.17	0.0027985
22.175	0.0022634
22.18	0.0026218
22.185	0.0028638
22.19	0.003443
22.195	0.0041525
22.2	0.0043914
22.205	0.0041729
22.21	0.0038324
22.215	0.0036985
22.22	0.0038284
22.225	0.0039951
22.23	0.0039874
22.235	0.0037511
22.24	0.0027872
22.245	6.357e-05
22.25	-0.0023772
22.255	-0.0029178
22.26	-0.0022171
22.265	-0.0011755
22.27	0.00049052
22.275	0.00212
22.28	0.0017329
22.285	-0.00012432
22.29	-0.0022574
22.295	-0.0032894
22.3	-0.0030509
22.305	-0.0024887
22.31	-0.0023435
22.315	-0.0026169
22.32	-0.0029415
22.325	-0.0030352
22.33	-0.0028683
22.335	-0.0026455
22.34	-0.0025071
22.345	-0.0025229
22.35	-0.002543
22.355	-0.0024671
22.36	-0.001946
22.365	-0.00011157
22.37	0.0025003
22.375	0.0039951
22.38	0.003846
22.385	0.0023661
22.39	-0.00057721
22.395	-0.0027516
22.4	-0.0028833
22.405	-0.0019978
22.41	-0.0014956
22.415	-0.0021043
22.42	-0.0039449
22.425	-0.0058278
22.43	-0.0073583
22.435	-0.008017
22.44	-0.0078411
22.445	-0.0075022
22.45	-0.0074486
22.455	-0.0076406
22.46	-0.0078205
22.465	-0.0078466
22.47	-0.0077613
22.475	-0.0076699
22.48	-0.0076301
22.485	-0.0075929
22.49	-0.0071532
22.495	-0.0054167
22.5	-0.0028166
22.505	-0.0013019
22.51	-0.0013477
22.515	-0.0019913
22.52	-0.0022669
22.525	-0.0020119
22.53	-0.001658
22.535	-0.0019424
22.54	-0.0037795
22.545	-0.0064731
22.55	-0.0079576
22.555	-0.0077129
22.56	-0.0069201
22.565	-0.0066535
22.57	-0.0074163
22.575	-0.0096623
22.58	-0.012411
22.585	-0.013817
22.59	-0.013602
22.595	-0.012913
22.6	-0.012683
22.605	-0.012935
22.61	-0.013213
22.615	-0.013323
22.62	-0.013268
22.625	-0.013147
22.63	-0.013031
22.635	-0.012918
22.64	-0.012843
22.645	-0.012829
22.65	-0.012846
22.655	-0.012852
22.66	-0.012843
22.665	-0.012838
22.67	-0.01283
22.675	-0.012834
22.68	-0.012863
22.685	-0.012917
22.69	-0.01298
22.695	-0.013044
22.7	-0.013096
22.705	-0.013147
22.71	-0.013198
22.715	-0.013252
22.72	-0.013272
22.725	-0.013207
22.73	-0.012824
22.735	-0.011929
22.74	-0.012155
22.745	-0.013196
22.75	-0.013723
22.755	-0.012804
22.76	-0.0098073
22.765	-0.0072326
22.77	-0.0067692
22.775	-0.0075182
22.78	-0.008099
22.785	-0.0080428
22.79	-0.0075908
22.795	-0.007213
22.8	-0.006806
22.805	-0.0060405
22.81	-0.0059324
22.815	-0.0051713
22.82	-0.0031264
22.825	-0.0019254
22.83	-0.0026829
22.835	-0.0030903
22.84	-0.002456
22.845	-0.0017121
22.85	-0.001459
22.855	-0.0015952
22.86	-0.0016874
22.865	-0.00065853
22.87	0.0021684
22.875	0.0038739
22.88	0.002173
22.885	-0.0011032
22.89	-0.0027521
22.895	-0.0022712
22.9	-0.0011906
22.905	-0.00077421
22.91	-0.0010968
22.915	-0.001569
22.92	-0.0017623
22.925	-0.0016685
22.93	-0.0015074
22.935	-0.0014474
22.94	-0.0015281
22.945	-0.0017013
22.95	-0.0023163
22.955	-0.0037227
22.96	-0.0048045
22.965	-0.0055618
22.97	-0.0067956
22.975	-0.0077276
22.98	-0.0078426
22.985	-0.0069965
22.99	-0.0059907
22.995	-0.0056716
23	-0.0052471
23.005	-0.0055285
23.01	-0.0060184
23.015	-0.0047357
23.02	-0.0030508
23.025	-0.0025068
23.03	-0.0021397
23.035	-0.001871
23.04	-0.0017869
23.045	-0.0018005
23.05	-0.0018012
23.055	-0.0017703
23.06	-0.001747
23.065	-0.0017538
23.07	-0.0017768
23.075	-0.0018025
23.08	-0.0018157
23.085	-0.001802
23.09	-0.0017709
23.095	-0.0017467
23.1	-0.0017237
23.105	-0.0016903
23.11	-0.001633
23.115	-0.0014142
23.12	-0.00033373
23.125	0.0011491
23.13	0.0018314
23.135	0.0016553
23.14	0.0013117
23.145	0.0014136
23.15	0.0025006
23.155	0.0033165
23.16	0.0036563
23.165	0.0042299
23.17	0.0046669
23.175	0.004765
23.18	0.004694
23.185	0.0046573
23.19	0.0047174
23.195	0.0049718
23.2	0.0060685
23.205	0.0077032
23.21	0.0093029
23.215	0.0095192
23.22	0.0095201
23.225	0.010118
23.23	0.010684
23.235	0.0106
23.24	0.0089914
23.245	0.0062214
23.25	0.0044142
23.255	0.0048445
23.26	0.0080657
23.265	0.011195
23.27	0.011591
23.275	0.0092758
23.28	0.0069554
23.285	0.0065021
23.29	0.0071159
23.295	0.0066186
23.3	0.0052592
23.305	0.0044298
23.31	0.0044519
23.315	0.0048075
23.32	0.004997
23.325	0.0049306
23.33	0.0047952
23.335	0.0047441
23.34	0.0047888
23.345	0.0048617
23.35	0.004868
23.355	0.0044634
23.36	0.0035104
23.365	0.0036464
23.37	0.0046339
23.375	0.005205
23.38	0.0043068
23.385	0.0012764
23.39	-0.0013253
23.395	-0.0017498
23.4	-0.00086919
23.405	-0.00020463
23.41	-0.00035605
23.415	-0.0013026
23.42	-0.003067
23.425	-0.0047579
23.43	-0.0062389
23.435	-0.0070181
23.44	-0.0070097
23.445	-0.0067814
23.45	-0.0067758
23.455	-0.0069907
23.46	-0.0072078
23.465	-0.0072923
23.47	-0.0072619
23.475	-0.0072115
23.48	-0.0071956
23.485	-0.0072026
23.49	-0.0071715
23.495	-0.0065652
23.5	-0.0050496
23.505	-0.0034337
23.51	-0.0024691
23.515	-0.0026821
23.52	-0.0024368
23.525	-0.0017476
23.53	-0.0012884
23.535	-0.0012413
23.54	-0.0013801
23.545	-0.0015065
23.55	-0.0020146
23.555	-0.0026816
23.56	-0.0021409
23.565	-0.0012057
23.57	-0.00081226
23.575	-0.00096841
23.58	-0.0012187
23.585	-0.0012642
23.59	-0.0011365
23.595	-0.00099895
23.6	-0.00094686
23.605	-0.00096513
23.61	-0.00099396
23.615	-0.00098823
23.62	-0.00095953
23.625	-0.00093619
23.63	-0.00090848
23.635	-0.00083228
23.64	-0.00070811
23.645	-0.00061991
23.65	-0.00051243
23.655	0.00028183
23.66	0.0017804
23.665	0.002776
23.67	0.003634
23.675	0.004729
23.68	0.0053114
23.685	0.0052722
23.69	0.0050547
23.695	0.0050009
23.7	0.0051193
23.705	0.0052502
23.71	0.0052763
23.715	0.0052293
23.72	0.0051818
23.725	0.0051773
23.73	0.00521
23.735	0.0052331
23.74	0.0052117
23.745	0.0048652
23.75	0.0028178
23.755	0.00028636
23.76	0.0010936
23.765	0.0044499
23.77	0.0065609
23.775	0.0063143
23.78	0.0051438
23.785	0.0045691
23.79	0.0048578
23.795	0.0054213
23.8	0.0057159
23.805	0.0056652
23.81	0.005496
23.815	0.00541
23.82	0.0054412
23.825	0.0055063
23.83	0.0055272
23.835	0.0055055
23.84	0.0054829
23.845	0.0055059
23.85	0.005647
23.855	0.0060502
23.86	0.0076184
23.865	0.010291
23.87	0.012346
23.875	0.013482
23.88	0.012964
23.885	0.011645
23.89	0.011061
23.895	0.01139
23.9	0.011921
23.905	0.012099
23.91	0.011921
23.915	0.011681
23.92	0.011576
23.925	0.011595
23.93	0.011618
23.935	0.011521
23.94	0.011366
23.945	0.011273
23.95	0.011256
23.955	0.011255
23.96	0.011192
23.965	0.010645
23.97	0.0080785
23.975	0.0052415
23.98	0.0043235
23.985	0.0049408
23.99	0.0056335
23.995	0.00565
24	0.0052253
24.005	0.0048793
24.01	0.0048335
24.015	0.0049778
24.02	0.0050959
24.025	0.0051014
24.03	0.0050462
24.035	0.0050074
24.04	0.005009
24.045	0.0050235
24.05	0.0050151
24.055	0.0049888
24.06	0.0049571
24.065	0.0049547
24.07	0.0050426
24.075	0.0051418
24.08	0.00516
24.085	0.0051163
24.09	0.0050704
24.095	0.0050537
24.1	0.0050663
24.105	0.0052711
24.11	0.0061675
24.115	0.0061702
24.12	0.005141
24.125	0.0043652
24.13	0.0043245
24.135	0.0046555
24.14	0.0050712
24.145	0.0060068
24.15	0.0059698
24.155	0.0049037
24.16	0.0041397
24.165	0.0041453
24.17	0.0045122
24.175	0.0047295
24.18	0.0046652
24.185	0.0044902
24.19	0.0043845
24.195	0.0043881
24.2	0.004455
24.205	0.0045132
24.21	0.0045285
24.215	0.0045138
24.22	0.0044999
24.225	0.0045012
24.23	0.004516
24.235	0.0045434
24.24	0.0045712
24.245	0.0045976
24.25	0.0046329
24.255	0.0046788
24.26	0.0047451
24.265	0.00504
24.27	0.0063575
24.275	0.0080272
24.28	0.0095263
24.285	0.0093886
24.29	0.0078899
24.295	0.0059184
24.3	0.0048091
24.305	0.0049351
24.31	0.0054884
24.315	0.0057397
24.32	0.0055884
24.325	0.0053357
24.33	0.0052438
24.335	0.0053341
24.34	0.0054656
24.345	0.0054948
24.35	0.0049969
24.355	0.0025082
24.36	0.00021688
24.365	0.0018438
24.37	0.0050212
24.375	0.0051117
24.38	0.0018352
24.385	-0.001389
24.39	-0.0033733
24.395	-0.0047482
24.4	-0.0046962
24.405	-0.0044633
24.41	-0.0042328
24.415	-0.0048373
24.42	-0.0060099
24.425	-0.0066205
24.43	-0.0064884
24.435	-0.0061323
24.44	-0.0059849
24.445	-0.0060808
24.45	-0.0062148
24.455	-0.006253
24.46	-0.0061991
24.465	-0.0061179
24.47	-0.0060578
24.475	-0.0060287
24.48	-0.0060217
24.485	-0.0060035
24.49	-0.005967
24.495	-0.0059315
24.5	-0.0058857
24.505	-0.0057838
24.51	-0.0057022
24.515	-0.0057654
24.52	-0.0058806
24.525	-0.0059255
24.53	-0.0058958
24.535	-0.0058592
24.54	-0.005867
24.545	-0.0059102
24.55	-0.0059568
24.555	-0.0059851
24.56	-0.0060002
24.565	-0.006001
24.57	-0.0060008
24.575	-0.0060394
24.58	-0.0064732
24.585	-0.0078401
24.59	-0.0090969
24.595	-0.0097716
24.6	-0.010737
24.605	-0.011273
24.61	-0.010635
24.615	-0.010619
24.62	-0.011136
24.625	-0.010906
24.63	-0.010731
24.635	-0.010465
24.64	-0.010597
24.645	-0.010178
24.65	-0.009374
24.655	-0.0089748
24.66	-0.0090735
24.665	-0.0093037
24.67	-0.0093891
24.675	-0.0093087
24.68	-0.0091608
24.685	-0.0086842
24.69	-0.007343
24.695	-0.006154
24.7	-0.0059016
24.705	-0.0062179
24.71	-0.006457
24.715	-0.0063825
24.72	-0.0061212
24.725	-0.0058628
24.73	-0.0057617
24.735	-0.0058454
24.74	-0.0063507
24.745	-0.0076983
24.75	-0.0083948
24.755	-0.0071779
24.76	-0.0056753
24.765	-0.0052697
24.77	-0.0057371
24.775	-0.0062217
24.78	-0.0062799
24.785	-0.0060497
24.79	-0.0058486
24.795	-0.0058292
24.8	-0.0059231
24.805	-0.0059959
24.81	-0.0059872
24.815	-0.005934
24.82	-0.0058982
24.825	-0.005896
24.83	-0.0059101
24.835	-0.0059184
24.84	-0.0059146
24.845	-0.0059141
24.85	-0.005928
24.855	-0.0059491
24.86	-0.0059754
24.865	-0.0059981
24.87	-0.0060194
24.875	-0.006053
24.88	-0.0061453
24.885	-0.0068116
24.89	-0.008408
24.895	-0.010107
24.9	-0.010564
24.905	-0.0088803
24.91	-0.0080005
24.915	-0.008551
24.92	-0.0088042
24.925	-0.0076776
24.93	-0.0064465
24.935	-0.0060893
24.94	-0.0068098
24.945	-0.0077886
24.95	-0.0073277
24.955	-0.0062846
24.96	-0.0057878
24.965	-0.0059507
24.97	-0.0062852
24.975	-0.0064113
24.98	-0.0063099
24.985	-0.0062337
24.99	-0.0068351
24.995	-0.0074992
25	-0.0069529
25.005	-0.0060696
25.01	-0.005743
25.015	-0.0059434
25.02	-0.0062048
25.025	-0.0062538
25.03	-0.0061313
25.035	-0.0059987
25.04	-0.0059534
25.045	-0.0059734
25.05	-0.0059951
25.055	-0.0059942
25.06	-0.005967
25.065	-0.005841
25.07	-0.0049211
25.075	-0.002608
25.08	-0.00024551
25.085	0.0005394
25.09	5.549e-05
25.095	-0.00050798
25.1	-0.00052477
25.105	-0.00017272
25.11	0.00012079
25.115	0.00016955
25.12	7.1422e-05
25.125	-2.8263e-06
25.13	0.00016218
25.135	0.0012401
25.14	0.0027243
25.145	0.0032592
25.15	0.0023695
25.155	0.0026042
25.16	0.0046051
25.165	0.0052868
25.17	0.004032
25.175	0.0026325
25.18	0.0015803
25.185	0.0016457
25.19	0.0028209
25.195	0.0035237
25.2	0.0026317
25.205	0.0017739
25.21	0.0022956
25.215	0.003192
25.22	0.0033867
25.225	0.002307
25.23	0.0014243
25.235	0.0012363
25.24	0.0015851
25.245	0.0016152
25.25	0.00073779
25.255	-6.5771e-05
25.26	-0.0002408
25.265	-2.5664e-05
25.27	0.00018123
25.275	0.0006038
25.28	0.0024741
25.285	0.0026377
25.29	0.00069759
25.295	-0.00080253
25.3	-0.00084521
25.305	-0.00016376
25.31	0.00027488
25.315	0.00019525
25.32	-9.9675e-05
25.325	-0.00026319
25.33	-0.0002163
25.335	-8.3245e-05
25.34	9.4438e-06
25.345	2.5672e-05
25.35	8.4092e-06
25.355	1.0597e-05
25.36	3.901e-05
25.365	8.7518e-05
25.37	0.00036172
25.375	0.0016853
25.38	0.0029277
25.385	0.0021442
25.39	0.00040739
25.395	-0.00042577
25.4	-0.00014373
25.405	0.00042233
25.41	0.0006151
25.415	0.00042024
25.42	0.00016581
25.425	6.977e-05
25.43	0.00010676
25.435	0.00010475
25.44	4.8614e-05
25.445	2.7384e-05
25.45	0.0001219
25.455	0.00025439
25.46	0.00032632
25.465	0.0003408
25.47	0.00033422
25.475	0.00034618
25.48	0.0003725
25.485	0.00039064
25.49	0.00039406
25.495	0.00038966
25.5	0.00038605
25.505	0.00036791
25.51	0.00027125
25.515	0.0001554
25.52	0.00011327
25.525	0.00013656
25.53	0.00016371
25.535	0.00015075
25.54	0.00011605
25.545	9.7679e-05
25.55	0.00010157
25.555	0.00011285
25.56	0.00011751
25.565	0.00010553
25.57	8.4197e-05
25.575	7.1933e-05
25.58	7.5435e-05
25.585	0.00010107
25.59	0.00019881
25.595	0.00031715
25.6	0.00036504
25.605	0.00034595
25.61	0.00031653
25.615	0.00031375
25.62	0.00034855
25.625	0.00059594
25.63	0.0016296
25.635	0.0020155
25.64	0.0023305
25.645	0.0031839
25.65	0.0044092
25.655	0.0038069
25.66	0.0035999
25.665	0.0038971
25.67	0.0037395
25.675	0.0034256
25.68	0.0030879
25.685	0.0021254
25.69	0.0018077
25.695	0.0015226
25.7	0.0010908
25.705	0.0019075
25.71	0.0032585
25.715	0.0035783
25.72	0.0020616
25.725	0.00046148
25.73	0.00090716
25.735	0.0015004
25.74	0.00098254
25.745	0.00017413
25.75	-0.00017154
25.755	-6.4863e-05
25.76	0.00013301
25.765	0.00023132
25.77	0.00068632
25.775	0.0028789
25.78	0.0045505
25.785	0.0050209
25.79	0.0041077
25.795	0.0027823
25.8	0.0023505
25.805	0.0029726
25.81	0.0045369
25.815	0.004883
25.82	0.0038006
25.825	0.0030645
25.83	0.0039897
25.835	0.0047818
25.84	0.005406
25.845	0.0060568
25.85	0.0063057
25.855	0.006206
25.86	0.0060775
25.865	0.0061009
25.87	0.0062132
25.875	0.0062948
25.88	0.0062818
25.885	0.0059907
25.89	0.0044789
25.895	0.0018376
25.9	3.0538e-05
25.905	0.00014316
25.91	0.0018237
25.915	0.002322
25.92	0.001156
25.925	7.2705e-07
25.93	-0.00024332
25.935	0.00012591
25.94	0.00046459
25.945	0.00048512
25.95	0.00028749
25.955	3.9983e-05
25.96	-8.4924e-05
25.965	-5.5273e-05
25.97	2.3299e-05
25.975	5.6776e-05
25.98	3.6423e-05
25.985	9.2437e-06
25.99	1.1639e-05
25.995	3.4437e-05
26	5.1697e-05
26.005	5.1593e-05
26.01	3.1485e-05
26.015	1.3953e-05
26.02	5.4244e-05
26.025	0.00018213
26.03	0.0003099
26.035	0.00036292
26.04	0.00035461
26.045	0.0003428
26.05	0.00036119
26.055	0.00039852
26.06	0.00042763
26.065	0.00044788
26.07	0.00046757
26.075	0.0004895
26.08	0.00050728
26.085	0.0005144
26.09	0.00052021
26.095	0.00053134
26.1	0.00057178
26.105	0.00096766
26.11	0.0018916
26.115	0.0017477
26.12	0.0010745
26.125	0.0013452
26.13	0.0016933
26.135	0.0024446
26.14	0.0032442
26.145	0.0034577
26.15	0.0028399
26.155	0.0012731
26.16	4.1836e-05
26.165	-8.859e-05
26.17	0.00037327
26.175	0.00068588
26.18	0.00060283
26.185	0.00033614
26.19	0.00015427
26.195	0.00013732
26.2	0.00017795
26.205	-0.00016709
26.21	-0.0011375
26.215	-0.0014936
26.22	-0.0023346
26.225	-0.0042955
26.23	-0.0058159
26.235	-0.0060481
26.24	-0.0059551
26.245	-0.0068986
26.25	-0.0080861
26.255	-0.0080573
26.26	-0.0064829
26.265	-0.0050471
26.27	-0.0047729
26.275	-0.0048117
26.28	-0.0043249
26.285	-0.0040493
26.29	-0.003744
26.295	-0.0032055
26.3	-0.0011089
26.305	0.00075279
26.31	0.0011158
26.315	0.00056818
26.32	0.00014928
26.325	0.00023378
26.33	0.00059799
26.335	0.0008856
26.34	0.00087484
26.345	0.00076585
26.35	0.00078896
26.355	0.0009073
26.36	0.0010574
26.365	0.0017475
26.37	0.0037339
26.375	0.0055249
26.38	0.0046001
26.385	0.001838
26.39	0.0001411
26.395	0.00033196
26.4	0.0012417
26.405	0.0016876
26.41	0.0014753
26.415	0.0011104
26.42	0.0014735
26.425	0.0023974
26.43	0.0021797
26.435	0.0018282
26.44	0.002244
26.445	0.0026366
26.45	0.0034561
26.455	0.0039899
26.46	0.0034147
26.465	0.0032326
26.47	0.0045139
26.475	0.0056962
26.48	0.0066009
26.485	0.0062342
26.49	0.0052372
26.495	0.0047739
26.5	0.004247
26.505	0.0038274
26.51	0.0030888
26.515	0.0023952
26.52	0.0022151
26.525	0.00157
26.53	0.00086861
26.535	0.00054837
26.54	0.00058569
26.545	0.00068975
26.55	0.00067504
26.555	0.0005691
26.56	0.00046407
26.565	0.00035881
26.57	0.00023746
26.575	0.00016316
26.58	0.00014761
26.585	0.0001479
26.59	0.00012176
26.595	7.4752e-05
26.6	3.811e-05
26.605	1.6706e-05
26.61	8.2822e-06
26.615	-5.4291e-08
26.62	-1.4087e-05
26.625	-2.4427e-05
26.63	-2.0353e-05
26.635	5.4743e-06
26.64	3.6821e-05
26.645	6.1814e-05
26.65	9.0226e-05
26.655	0.00012628
26.66	0.00016399
26.665	0.00018549
26.67	5.8011e-05
26.675	-0.00079703
26.68	-0.0013632
26.685	-0.0014664
26.69	-0.0013666
26.695	-0.002309
26.7	-0.0037727
26.705	-0.0047509
26.71	-0.0054357
26.715	-0.0054863
26.72	-0.0043541
26.725	-0.0028146
26.73	-0.0022027
26.735	-0.0025213
26.74	-0.0031395
26.745	-0.0042539
26.75	-0.0054748
26.755	-0.0058882
26.76	-0.0054425
26.765	-0.0038882
26.77	-0.0012333
26.775	0.00066204
26.78	0.00080422
26.785	9.9554e-05
26.79	-0.00031044
26.795	-0.00012902
26.8	0.00028203
26.805	0.00051145
26.81	0.00047133
26.815	0.00032706
26.82	0.00024407
26.825	0.00027389
26.83	0.00056037
26.835	0.001827
26.84	0.0031882
26.845	0.0033625
26.85	0.0017791
26.855	3.2834e-05
26.86	-0.00038286
26.865	0.0006397
26.87	0.0036561
26.875	0.0062176
26.88	0.0053171
26.885	0.0018119
26.89	-0.00066098
26.895	-0.00060651
26.9	0.00060307
26.905	0.0013053
26.91	0.0010981
26.915	0.00055411
26.92	0.00026707
26.925	0.00033574
26.93	0.0005299
26.935	0.00063427
26.94	0.0006118
26.945	0.00054304
26.95	0.0005051
26.955	0.00051733
26.96	0.00054581
26.965	0.00053744
26.97	0.00043641
26.975	0.00032417
26.98	0.00028742
26.985	0.00068729
26.99	0.00069735
26.995	0.0006791
27	0.00063973
27.005	0.00060483
27.01	0.00058191
27.015	0.00055741
27.02	0.00052389
27.025	0.00048873
27.03	0.0004593
27.035	0.00043372
27.04	0.00040812
27.045	0.00038455
27.05	0.00036607
27.055	0.00034987
27.06	0.00034453
27.065	0.00034883
27.07	0.00035263
27.075	0.00035492
27.08	0.00035567
27.085	0.00036806
27.09	0.00039079
27.095	0.00040423
27.1	0.00040632
27.105	0.00041981
27.11	0.00051066
27.115	0.0006252
27.12	0.00068041
27.125	0.00067124
27.13	0.00064446
27.135	0.00063764
27.14	0.0006509
27.145	0.00066643
27.15	0.00067305
27.155	0.0006717
27.16	0.00067973
27.165	0.00070123
27.17	0.00072572
27.175	0.00074585
27.18	0.00075136
27.185	0.00073724
27.19	0.00073309
27.195	0.00096872
27.2	0.0022144
27.205	0.0035954
27.21	0.0040279
27.215	0.0037218
27.22	0.0035893
27.225	0.0046985
27.23	0.0059881
27.235	0.0053708
27.24	0.003492
27.245	0.0014212
27.25	0.00065065
27.255	0.0030898
27.26	0.006298
27.265	0.0073594
27.27	0.0065255
27.275	0.0055235
27.28	0.0053483
27.285	0.0057947
27.29	0.0062189
27.295	0.0062932
27.3	0.0061279
27.305	0.0059722
27.31	0.0059515
27.315	0.0060255
27.32	0.0060939
27.325	0.0061057
27.33	0.0060844
27.335	0.0060608
27.34	0.0060444
27.345	0.0060426
27.35	0.0060451
27.355	0.0060372
27.36	0.0060566
27.365	0.0063359
27.37	0.007308
27.375	0.0074236
27.38	0.0064524
27.385	0.005647
27.39	0.0055782
27.395	0.0059115
27.4	0.0061413
27.405	0.0061118
27.41	0.0059655
27.415	0.0058759
27.42	0.0058824
27.425	0.0059265
27.43	0.0059531
27.435	0.0059543
27.44	0.0059435
27.445	0.0059308
27.45	0.0059165
27.455	0.0058973
27.46	0.0058802
27.465	0.0058626
27.47	0.0058337
27.475	0.0057954
27.48	0.005754
27.485	0.0057018
27.49	0.0056289
27.495	0.005358
27.5	0.0043524
27.505	0.0039412
27.51	0.0036003
27.515	0.0029758
27.52	0.0029152
27.525	0.0037096
27.53	0.0036439
27.535	0.0027448
27.54	0.0020489
27.545	0.0016048
27.55	0.00060572
27.555	-0.00037242
27.56	-0.00066948
27.565	-0.00048163
27.57	-0.00029884
27.575	-0.00033624
27.58	-0.00049938
27.585	-0.00062629
27.59	-0.00065302
27.595	-0.00062359
27.6	-0.00059702
27.605	-0.00059864
27.61	-0.00062665
27.615	-0.00065986
27.62	-0.00067285
27.625	-0.00068158
27.63	-0.0006983
27.635	-0.00071543
27.64	-0.00072931
27.645	-0.00074094
27.65	-0.00075308
27.655	-0.00078926
27.66	-0.0011495
27.665	-0.002001
27.67	-0.0022192
27.675	-0.0021768
27.68	-0.0015275
27.685	-0.00076879
27.69	-0.00055809
27.695	-0.0007957
27.7	-0.001046
27.705	-0.001081
27.71	-0.00098254
27.715	-0.00090293
27.72	-0.0009039
27.725	-0.00095692
27.73	-0.0010357
27.735	-0.0014488
27.74	-0.0029523
27.745	-0.0051044
27.75	-0.0062366
27.755	-0.0052226
27.76	-0.0023122
27.765	-0.000182
27.77	-0.00010395
27.775	-0.0010787
27.78	-0.0021699
27.785	-0.0032384
27.79	-0.0036637
27.795	-0.0035089
27.8	-0.0037322
27.805	-0.0049026
27.81	-0.0059066
27.815	-0.0060773
27.82	-0.0057417
27.825	-0.0054654
27.83	-0.005464
27.835	-0.0056021
27.84	-0.0056861
27.845	-0.0056561
27.85	-0.0055769
27.855	-0.0055214
27.86	-0.0055016
27.865	-0.0054921
27.87	-0.0054727
27.875	-0.0054458
27.88	-0.0054606
27.885	-0.005885
27.89	-0.0069689
27.895	-0.0081472
27.9	-0.0088535
27.905	-0.0086092
27.91	-0.0082702
27.915	-0.0076263
27.92	-0.0075262
27.925	-0.0081475
27.93	-0.0084452
27.935	-0.008864
27.94	-0.0091082
27.945	-0.0081245
27.95	-0.0061982
27.955	-0.0051173
27.96	-0.0046986
27.965	-0.0046869
27.97	-0.0047571
27.975	-0.0046962
27.98	-0.0045262
27.985	-0.0043717
27.99	-0.0043057
27.995	-0.0043125
28	-0.0043189
28.005	-0.004219
28.01	-0.0035581
28.015	-0.002338
28.02	-0.001084
28.025	-5.1073e-05
28.03	0.00027682
28.035	9.6509e-05
28.04	-9.0447e-05
28.045	-5.3179e-05
28.05	0.00011126
28.055	0.00023235
28.06	0.00030897
28.065	0.00083605
28.07	0.0019029
28.075	0.0030515
28.08	0.0040266
28.085	0.0043168
28.09	0.0040936
28.095	0.0038523
28.1	0.0038247
28.105	0.0039251
28.11	0.0039827
28.115	0.0039335
28.12	0.0038253
28.125	0.0037295
28.13	0.0036787
28.135	0.0036545
28.14	0.0036263
28.145	0.0035827
28.15	0.0035303
28.155	0.0034813
28.16	0.0034462
28.165	0.003419
28.17	0.0033911
28.175	0.0033564
28.18	0.0033116
28.185	0.0032626
28.19	0.0032232
28.195	0.0032258
28.2	0.0032398
28.205	0.0031762
28.21	0.0030542
28.215	0.0029666
28.22	0.002962
28.225	0.002985
28.23	0.0029271
28.235	0.0027857
28.24	0.0024692
28.245	0.0011424
28.25	-0.00064333
28.255	-0.0014333
28.26	-0.0011704
28.265	-0.00058004
28.27	0.00023704
28.275	0.00072766
28.28	2.8174e-05
28.285	-0.0010604
28.29	-0.0014754
28.295	-0.0012228
28.3	-0.00086873
28.305	-0.00077769
28.31	-0.00091048
28.315	-0.0010516
28.32	-0.0010824
28.325	-0.0010331
28.33	-0.00098236
28.335	-0.00097055
28.34	-0.00099621
28.345	-0.0011382
28.35	-0.0017099
28.355	-0.0019144
28.36	-0.0021782
28.365	-0.002928
28.37	-0.0024989
28.375	-0.00119
28.38	-0.00047099
28.385	-0.00076049
28.39	-0.0019849
28.395	-0.0034323
28.4	-0.0034557
28.405	-0.0018682
28.41	-0.00039008
28.415	-0.00011851
28.42	-0.00063207
28.425	-0.0010686
28.43	-0.0010682
28.435	-0.00082851
28.44	-0.00068681
28.445	-0.00072465
28.45	-0.00082445
28.455	-0.00087776
28.46	-0.00086826
28.465	-0.00083587
28.47	-0.00081812
28.475	-0.00082035
28.48	-0.00082966
28.485	-0.00083363
28.49	-0.00082983
28.495	-0.00082353
28.5	-0.00081908
28.505	-0.0008172
28.51	-0.00081592
28.515	-0.00081402
28.52	-0.00081106
28.525	-0.00080895
28.53	-0.000814
28.535	-0.00081945
28.54	-0.00081798
28.545	-0.00081142
28.55	-0.00080532
28.555	-0.00080183
28.56	-0.00080284
28.565	-0.00080346
28.57	-0.00079893
28.575	-0.00078837
28.58	-0.0007778
28.585	-0.00077148
28.59	-0.00076681
28.595	-0.00075514
28.6	-0.00074018
28.605	-0.00072428
28.61	-0.00071261
28.615	-0.0007072
28.62	-0.0007011
28.625	-0.00068148
28.63	-0.00063243
28.635	-0.00059225
28.64	-0.0006139
28.645	-0.00066053
28.65	-0.00067799
28.655	-0.00066391
28.66	-0.00064616
28.665	-0.00064775
28.67	-0.00075418
28.675	-0.0013214
28.68	-0.0022149
28.685	-0.002398
28.69	-0.0018818
28.695	-0.0014369
28.7	-0.0013985
28.705	-0.0015839
28.71	-0.001781
28.715	-0.0020991
28.72	-0.0020323
28.725	-0.0016814
28.73	-0.0017373
28.735	-0.0018489
28.74	-0.0020447
28.745	-0.0022899
28.75	-0.0023568
28.755	-0.0022485
28.76	-0.0020335
28.765	-0.0014873
28.77	-0.00064522
28.775	-8.7506e-05
28.78	-5.4857e-05
28.785	-0.00024811
28.79	-0.00034242
28.795	-0.00027589
28.8	-0.00016028
28.805	-9.9504e-05
28.81	-0.00010615
28.815	-0.00013314
28.82	-0.00014191
28.825	-0.00012652
28.83	-0.00010519
28.835	-9.1592e-05
28.84	-8.2696e-05
28.845	-6.0996e-05
28.85	-5.2287e-05
28.855	-5.4578e-05
28.86	-3.7076e-05
28.865	-2.6679e-05
28.87	-3.357e-05
28.875	-3.924e-05
28.88	-3.4749e-05
28.885	-2.4196e-05
28.89	-1.4862e-05
28.895	-6.5769e-06
28.9	3.2055e-06
28.905	1.138e-05
28.91	1.6867e-05
28.915	2.1411e-05
28.92	2.6787e-05
28.925	3.6336e-05
28.93	5.7704e-05
28.935	6.479e-05
28.94	5.4621e-05
28.945	4.7924e-05
28.95	5.3559e-05
28.955	6.5202e-05
28.96	7.2487e-05
28.965	7.4955e-05
28.97	7.6657e-05
28.975	8.0253e-05
28.98	8.5294e-05
28.985	8.7936e-05
28.99	8.7601e-05
28.995	8.9071e-05
29	9.3461e-05
29.005	9.6341e-05
29.01	9.6544e-05
29.015	9.8007e-05
29.02	0.0001023
29.025	0.00010777
29.03	0.00011252
29.035	0.00011556
29.04	0.00010886
29.045	3.6806e-05
29.05	-0.00011618
29.055	-0.00015009
29.06	-0.00018363
29.065	-0.00023293
29.07	-0.00018808
29.075	1.7866e-05
29.08	0.00019747
29.085	0.0002325
29.09	0.00017392
29.095	0.00012628
29.1	0.00013503
29.105	0.00017431
29.11	0.00020212
29.115	0.00020612
29.12	0.00019977
29.125	0.00019704
29.13	0.00020155
29.135	0.0002074
29.14	0.00020739
29.145	0.00020877
29.15	0.00020909
29.155	0.00020905
29.16	0.00021046
29.165	0.00021353
29.17	0.00021865
29.175	0.0002239
29.18	0.00022654
29.185	0.0002272
29.19	0.00022776
29.195	0.00022911
29.2	0.00023085
29.205	0.00023238
29.21	0.00023344
29.215	0.0002342
29.22	0.00023483
29.225	0.00023544
29.23	0.00023611
29.235	0.00023639
29.24	0.00023417
29.245	0.00020649
29.25	0.00014803
29.255	0.00016498
29.26	0.00022633
29.265	0.00025875
29.27	0.00024959
29.275	0.00022998
29.28	0.00022606
29.285	0.00023352
29.29	0.00023994
29.295	0.00023958
29.3	0.00023438
29.305	0.00022971
29.31	0.00022853
29.315	0.00023078
29.32	0.00023511
29.325	0.00023948
29.33	0.00024014
29.335	0.00023736
29.34	0.00023389
29.345	0.00023161
29.35	0.00023025
29.355	0.00022918
29.36	0.00022883
29.365	0.00022803
29.37	0.0002257
29.375	0.00022282
29.38	0.00022141
29.385	0.00022044
29.39	0.00021803
29.395	0.0001988
29.4	0.00015322
29.405	0.00012334
29.41	0.00013901
29.415	0.00017533
29.42	0.00016879
29.425	0.00012518
29.43	8.6505e-05
29.435	8.9024e-05
29.44	0.00010775
29.445	0.00015037
29.45	0.00018364
29.455	0.00017227
29.46	0.00015896
29.465	0.00016098
29.47	0.00015788
29.475	0.00017661
29.48	0.00021046
29.485	0.00021169
29.49	0.00018999
29.495	0.00017278
29.5	0.00016935
29.505	0.0001725
29.51	0.00017315
29.515	0.00016885
29.52	0.00016234
29.525	0.00015618
29.53	0.00015123
29.535	0.00014771
29.54	0.00014472
29.545	0.00014129
29.55	0.00013683
29.555	0.00013142
29.56	0.00012643
29.565	0.00012266
29.57	0.00011967
29.575	0.00011611
29.58	0.00011127
29.585	0.00010663
29.59	0.00010291
29.595	9.9628e-05
29.6	9.6568e-05
29.605	9.3353e-05
29.61	9.0174e-05
29.615	8.7046e-05
29.62	8.376e-05
29.625	8.0911e-05
29.63	7.9072e-05
29.635	8.0087e-05
29.64	7.9331e-05
29.645	7.6502e-05
29.65	7.1662e-05
29.655	6.4824e-05
29.66	5.9842e-05
29.665	5.7816e-05
29.67	5.6584e-05
29.675	5.4341e-05
29.68	5.1112e-05
29.685	4.7647e-05
29.69	4.4365e-05
29.695	4.1572e-05
29.7	3.9168e-05
29.705	3.6826e-05
29.71	3.4353e-05
29.715	3.1837e-05
29.72	2.9236e-05
29.725	2.6585e-05
29.73	2.4162e-05
29.735	2.1886e-05
29.74	1.9342e-05
29.745	1.5239e-05
29.75	1.0812e-05
29.755	8.3192e-06
29.76	7.6916e-06
29.765	8.3793e-06
29.77	8.6795e-06
29.775	7.1475e-06
29.78	4.5318e-06
29.785	2.0124e-06
29.79	-2.9929e-08
29.795	-1.7126e-06
29.8	-3.3136e-06
29.805	-4.9995e-06
29.81	-6.7105e-06
29.815	-8.3549e-06
29.82	-9.9811e-06
29.825	-1.1586e-05
29.83	-1.3105e-05
29.835	-1.4581e-05
29.84	-1.5992e-05
29.845	-1.7336e-05
29.85	-1.8632e-05
29.855	-1.9884e-05
29.86	-2.1086e-05
29.865	-2.2238e-05
29.87	-2.3337e-05
29.875	-2.4382e-05
29.88	-2.5368e-05
29.885	-2.6295e-05
29.89	-2.7208e-05
29.895	-2.8103e-05
29.9	-2.8921e-05
29.905	-2.9645e-05
29.91	-3.0322e-05
29.915	-3.0985e-05
29.92	-3.162e-05
29.925	-3.221e-05
29.93	-3.2762e-05
29.935	-3.3274e-05
29.94	-3.3743e-05
29.945	-3.4174e-05
29.95	-3.4562e-05
29.955	-3.4904e-05
29.96	-3.52e-05
29.965	-3.545e-05
29.97	-3.5657e-05
29.975	-3.582e-05
