0	-0.00054036
0.01	-0.00029815
0.02	0.00077705
0.03	0.0015474
0.04	0.0012686
0.05	0.0012483
0.06	0.0012202
0.07	0.0011994
0.08	0.001179
0.09	0.0011453
0.1	0.0010818
0.11	0.00098613
0.12	0.00085754
0.13	0.00070789
0.14	0.00055993
0.15	0.00043793
0.16	0.0003519
0.17	0.00030972
0.18	0.0003189
0.19	0.00037598
0.2	0.00045819
0.21	0.00054566
0.22	0.00062556
0.23	0.0006973
0.24	0.00078133
0.25	0.00090702
0.26	0.0010775
0.27	0.0012508
0.28	0.0013613
0.29	0.0013726
0.3	0.0012885
0.31	0.0011754
0.32	0.0011456
0.33	0.0012532
0.34	0.0014424
0.35	0.0015857
0.36	0.0015524
0.37	0.0013166
0.38	0.00098856
0.39	0.00072761
0.4	0.00059426
0.41	0.00049485
0.42	0.00030826
0.43	2.153e-05
0.44	-0.00028897
0.45	-0.00053781
0.46	-0.00066212
0.47	-0.00067207
0.48	-0.00069397
0.49	-0.00085041
0.5	-0.0011225
0.51	-0.0013677
0.52	-0.0014626
0.53	-0.0014451
0.54	-0.0015051
0.55	-0.0017609
0.56	-0.0020601
0.57	-0.0021415
0.58	-0.0019705
0.59	-0.001726
0.6	-0.0015757
0.61	-0.0015882
0.62	-0.0016924
0.63	-0.0017257
0.64	-0.0016322
0.65	-0.001445
0.66	-0.0011855
0.67	-0.0010173
0.68	-0.0011606
0.69	-0.0014898
0.7	-0.0015653
0.71	-0.0011929
0.72	-0.00069804
0.73	-0.00048802
0.74	-0.00065712
0.75	-0.00095238
0.76	-0.00098969
0.77	-0.00074697
0.78	-0.00062581
0.79	-0.0009542
0.8	-0.001657
0.81	-0.0023931
0.82	-0.0028735
0.83	-0.0030099
0.84	-0.0029011
0.85	-0.0027783
0.86	-0.0028724
0.87	-0.0032176
0.88	-0.0036987
0.89	-0.0040978
0.9	-0.0040415
0.91	-0.0032124
0.92	-0.0017425
0.93	-0.00035884
0.94	0.00021493
0.95	-0.0001224
0.96	-0.00095171
0.97	-0.0015249
0.98	-0.0012659
0.99	-0.00024145
1	0.0011605
1.01	0.0023984
1.02	0.0029629
1.03	0.0027822
1.04	0.002173
1.05	0.0016414
1.06	0.0017436
1.07	0.0026367
1.08	0.0037904
1.09	0.0046297
1.1	0.0050175
1.11	0.0050389
1.12	0.0047263
1.13	0.0041925
1.14	0.0037773
1.15	0.0035091
1.16	0.0030807
1.17	0.0024301
1.18	0.0016713
1.19	0.00097444
1.2	0.00062893
1.21	0.00084445
1.22	0.0014108
1.23	0.00178
1.24	0.0016789
1.25	0.0014535
1.26	0.0018646
1.27	0.0032318
1.28	0.0047255
1.29	0.0050891
1.3	0.0037884
1.31	0.0012893
1.32	-0.0012766
1.33	-0.0027504
1.34	-0.0029264
1.35	-0.0028128
1.36	-0.0034406
1.37	-0.0049095
1.38	-0.0067066
1.39	-0.0084356
1.4	-0.0097626
1.41	-0.01005
1.42	-0.00891
1.43	-0.0066245
1.44	-0.0037317
1.45	-0.00093376
1.46	0.00058682
1.47	-0.00033094
1.48	-0.0034143
1.49	-0.0066722
1.5	-0.0079718
1.51	-0.0065315
1.52	-0.0033077
1.53	-0.00040659
1.54	7.4726e-05
1.55	-0.0025892
1.56	-0.0067815
1.57	-0.0093546
1.58	-0.0078645
1.59	-0.0024216
1.6	0.0041347
1.61	0.0088755
1.62	0.011092
1.63	0.010961
1.64	0.0087064
1.65	0.0054424
1.66	0.0027927
1.67	0.0017959
1.68	0.0021438
1.69	0.0026001
1.7	0.0021206
1.71	0.00075516
1.72	-0.00039629
1.73	-3.6973e-05
1.74	0.0026355
1.75	0.0072995
1.76	0.012543
1.77	0.016502
1.78	0.017578
1.79	0.01534
1.8	0.010706
1.81	0.0051904
1.82	0.00049049
1.83	-0.0018186
1.84	-0.0011522
1.85	0.0016516
1.86	0.004885
1.87	0.0070412
1.88	0.0074541
1.89	0.0068256
1.9	0.0063638
1.91	0.0058136
1.92	0.0043518
1.93	0.0019907
1.94	-0.0010692
1.95	-0.0050063
1.96	-0.010042
1.97	-0.015602
1.98	-0.020494
1.99	-0.023563
2	-0.024126
2.01	-0.022529
2.02	-0.019376
2.03	-0.014899
2.04	-0.010294
2.05	-0.0074857
2.06	-0.0069075
2.07	-0.0078013
2.08	-0.01029
2.09	-0.014614
2.1	-0.018782
2.11	-0.019762
2.12	-0.017375
2.13	-0.014801
2.14	-0.015241
2.15	-0.019039
2.16	-0.022612
2.17	-0.020925
2.18	-0.012855
2.19	-0.0026334
2.2	0.0045054
2.21	0.0063388
2.22	0.0034196
2.23	-0.0024603
2.24	-0.0084224
2.25	-0.011049
2.26	-0.008191
2.27	-0.00074958
2.28	0.0078996
2.29	0.014886
2.3	0.019404
2.31	0.02223
2.32	0.025143
2.33	0.029039
2.34	0.032114
2.35	0.031733
2.36	0.027069
2.37	0.019295
2.38	0.010772
2.39	0.0039197
2.4	0.00046997
2.41	0.0010478
2.42	0.0046971
2.43	0.009505
2.44	0.013712
2.45	0.016064
2.46	0.016244
2.47	0.015564
2.48	0.016227
2.49	0.019785
2.5	0.025867
2.51	0.031598
2.52	0.03361
2.53	0.030885
2.54	0.024622
2.55	0.016989
2.56	0.01059
2.57	0.0068779
2.58	0.0049779
2.59	0.003097
2.6	0.00077123
2.61	-0.00061707
2.62	0.0001604
2.63	0.002108
2.64	0.0032284
2.65	0.002973
2.66	0.0021664
2.67	0.0014432
2.68	0.00034179
2.69	-0.002042
2.7	-0.0055435
2.71	-0.0090078
2.72	-0.011921
2.73	-0.01472
2.74	-0.017943
2.75	-0.021272
2.76	-0.022899
2.77	-0.021158
2.78	-0.016542
2.79	-0.011201
2.8	-0.0071519
2.81	-0.0051868
2.82	-0.0053852
2.83	-0.0076478
2.84	-0.010813
2.85	-0.012847
2.86	-0.012393
2.87	-0.0093704
2.88	-0.0049472
2.89	-0.00099543
2.9	0.00114
2.91	0.0011376
2.92	-0.00074612
2.93	-0.0040373
2.94	-0.0081456
2.95	-0.012876
2.96	-0.018713
2.97	-0.025654
2.98	-0.031932
2.99	-0.034621
3	-0.031302
3.01	-0.02128
3.02	-0.0067756
3.03	0.0073085
3.04	0.015661
3.05	0.015139
3.06	0.0060246
3.07	-0.0078044
3.08	-0.019757
3.09	-0.023907
3.1	-0.0185
3.11	-0.0066226
3.12	0.0058579
3.13	0.013811
3.14	0.016607
3.15	0.017767
3.16	0.020471
3.17	0.025657
3.18	0.031698
3.19	0.034183
3.2	0.029724
3.21	0.019751
3.22	0.0094535
3.23	0.0042573
3.24	0.0056363
3.25	0.0097892
3.26	0.011482
3.27	0.0087187
3.28	0.0042826
3.29	0.0033588
3.3	0.008676
3.31	0.017654
3.32	0.024503
3.33	0.024535
3.34	0.016419
3.35	0.0023101
3.36	-0.013051
3.37	-0.023797
3.38	-0.025222
3.39	-0.016956
3.4	-0.0036774
3.41	0.0080504
3.42	0.01439
3.43	0.016356
3.44	0.017121
3.45	0.018059
3.46	0.018066
3.47	0.014793
3.48	0.0060284
3.49	-0.0078245
3.5	-0.022669
3.51	-0.033502
3.52	-0.037812
3.53	-0.036356
3.54	-0.032015
3.55	-0.02742
3.56	-0.023117
3.57	-0.018077
3.58	-0.011235
3.59	-0.0028384
3.6	0.005786
3.61	0.013273
3.62	0.01791
3.63	0.017586
3.64	0.01132
3.65	0.00029599
3.66	-0.012214
3.67	-0.021199
3.68	-0.022599
3.69	-0.01691
3.7	-0.008604
3.71	-0.0023991
3.72	-0.00052725
3.73	-0.0018113
3.74	-0.002695
3.75	-8.808e-05
3.76	0.0059751
3.77	0.01206
3.78	0.014746
3.79	0.014865
3.8	0.016805
3.81	0.023367
3.82	0.033021
3.83	0.041395
3.84	0.044713
3.85	0.042199
3.86	0.035504
3.87	0.027215
3.88	0.019416
3.89	0.01294
3.9	0.0068297
3.91	-0.001326
3.92	-0.012663
3.93	-0.025826
3.94	-0.038001
3.95	-0.046486
3.96	-0.050257
3.97	-0.049459
3.98	-0.044261
3.99	-0.035497
4	-0.025304
4.01	-0.015926
4.02	-0.0087684
4.03	-0.0043704
4.04	-0.00298
4.05	-0.0046826
4.06	-0.008381
4.07	-0.012491
4.08	-0.016394
4.09	-0.019526
4.1	-0.020644
4.11	-0.019141
4.12	-0.01546
4.13	-0.010764
4.14	-0.0069318
4.15	-0.0063041
4.16	-0.01017
4.17	-0.016497
4.18	-0.020568
4.19	-0.018658
4.2	-0.011209
4.21	-0.0023571
4.22	0.0040265
4.23	0.007169
4.24	0.0082221
4.25	0.0082958
4.26	0.0080942
4.27	0.0079549
4.28	0.0074299
4.29	0.0059855
4.3	0.0040169
4.31	0.0020242
4.32	0.00037706
4.33	-0.00048904
4.34	-0.00052648
4.35	0.00072228
4.36	0.0046802
4.37	0.011917
4.38	0.020403
4.39	0.026352
4.4	0.02664
4.41	0.020853
4.42	0.011736
4.43	0.0035918
4.44	-0.00086365
4.45	-0.0023674
4.46	-0.0036934
4.47	-0.0063855
4.48	-0.0091855
4.49	-0.009906
4.5	-0.0068606
4.51	0.00063754
4.52	0.010945
4.53	0.019955
4.54	0.023732
4.55	0.022073
4.56	0.0186
4.57	0.016579
4.58	0.016558
4.59	0.018039
4.6	0.020305
4.61	0.021983
4.62	0.021727
4.63	0.019154
4.64	0.014648
4.65	0.0091278
4.66	0.0042928
4.67	0.0019653
4.68	0.0021739
4.69	0.002634
4.7	0.000967
4.71	-0.0032175
4.72	-0.0082189
4.73	-0.011723
4.74	-0.012652
4.75	-0.010747
4.76	-0.0055599
4.77	0.0023376
4.78	0.011685
4.79	0.021271
4.8	0.028992
4.81	0.032138
4.82	0.029134
4.83	0.021325
4.84	0.012326
4.85	0.0054228
4.86	0.0020634
4.87	0.0020593
4.88	0.0043529
4.89	0.0073094
4.9	0.0087202
4.91	0.0070464
4.92	0.0030088
4.93	-0.0013293
4.94	-0.0046506
4.95	-0.0067355
4.96	-0.0078668
4.97	-0.0091946
4.98	-0.012249
4.99	-0.017269
5	-0.02242
5.01	-0.025667
5.02	-0.026999
5.03	-0.027084
5.04	-0.0263
5.05	-0.025195
5.06	-0.024167
5.07	-0.023943
5.08	-0.025484
5.09	-0.028411
5.1	-0.030924
5.11	-0.032039
5.12	-0.032197
5.13	-0.031722
5.14	-0.030553
5.15	-0.029129
5.16	-0.028526
5.17	-0.028882
5.18	-0.029227
5.19	-0.029114
5.2	-0.027763
5.21	-0.023634
5.22	-0.016289
5.23	-0.0064778
5.24	0.0045028
5.25	0.013995
5.26	0.018643
5.27	0.017033
5.28	0.011466
5.29	0.0065371
5.3	0.0047525
5.31	0.0044667
5.32	0.0035434
5.33	0.0023373
5.34	0.0021755
5.35	0.003792
5.36	0.0067458
5.37	0.0096295
5.38	0.010933
5.39	0.0097695
5.4	0.006316
5.41	0.0019997
5.42	-0.00085589
5.43	-0.0012612
5.44	-0.00044765
5.45	0.00051268
5.46	0.001317
5.47	0.0014646
5.48	0.0006017
5.49	-0.0010428
5.5	-0.0021123
5.51	-0.0011782
5.52	0.0015476
5.53	0.0045182
5.54	0.0052926
5.55	0.002342
5.56	-0.0032108
5.57	-0.0091395
5.58	-0.013818
5.59	-0.017012
5.6	-0.019204
5.61	-0.02016
5.62	-0.019797
5.63	-0.018511
5.64	-0.015966
5.65	-0.011967
5.66	-0.0074957
5.67	-0.0033001
5.68	0.00066605
5.69	0.0044259
5.7	0.0083727
5.71	0.013249
5.72	0.019057
5.73	0.024833
5.74	0.029695
5.75	0.033726
5.76	0.037643
5.77	0.042498
5.78	0.048936
5.79	0.056544
5.8	0.063631
5.81	0.067806
5.82	0.067795
5.83	0.06415
5.84	0.058637
5.85	0.053448
5.86	0.049626
5.87	0.046585
5.88	0.043765
5.89	0.041164
5.9	0.038839
5.91	0.037558
5.92	0.039099
5.93	0.044264
5.94	0.05131
5.95	0.05781
5.96	0.062936
5.97	0.067276
5.98	0.071491
5.99	0.0758
6	0.080211
6.01	0.08458
6.02	0.088806
6.03	0.092615
6.04	0.095256
6.05	0.096251
6.06	0.095661
6.07	0.093331
6.08	0.088628
6.09	0.082016
6.1	0.075463
6.11	0.069478
6.12	0.062541
6.13	0.053791
6.14	0.043894
6.15	0.03364
6.16	0.023357
6.17	0.013343
6.18	0.0035295
6.19	-0.0062729
6.2	-0.015574
6.21	-0.02314
6.22	-0.028467
6.23	-0.032365
6.24	-0.035916
6.25	-0.040136
6.26	-0.045462
6.27	-0.0513
6.28	-0.056659
6.29	-0.06067
6.3	-0.062885
6.31	-0.064287
6.32	-0.066266
6.33	-0.069171
6.34	-0.073651
6.35	-0.080086
6.36	-0.087248
6.37	-0.094334
6.38	-0.10129
6.39	-0.10747
6.4	-0.11309
6.41	-0.1197
6.42	-0.12777
6.43	-0.13646
6.44	-0.14503
6.45	-0.15333
6.46	-0.16061
6.47	-0.16524
6.48	-0.16673
6.49	-0.16614
6.5	-0.16483
6.51	-0.16346
6.52	-0.16076
6.53	-0.15459
6.54	-0.14492
6.55	-0.13342
6.56	-0.12111
6.57	-0.1084
6.58	-0.095284
6.59	-0.081009
6.6	-0.064567
6.61	-0.045979
6.62	-0.026773
6.63	-0.0089932
6.64	0.0056343
6.65	0.016367
6.66	0.024882
6.67	0.034514
6.68	0.046354
6.69	0.05782
6.7	0.065678
6.71	0.0687
6.72	0.067518
6.73	0.063748
6.74	0.059285
6.75	0.055699
6.76	0.053695
6.77	0.053193
6.78	0.053759
6.79	0.054638
6.8	0.05528
6.81	0.056052
6.82	0.057671
6.83	0.060206
6.84	0.063222
6.85	0.066357
6.86	0.069284
6.87	0.071646
6.88	0.072925
6.89	0.072149
6.9	0.06872
6.91	0.062938
6.92	0.055711
6.93	0.048769
6.94	0.043268
6.95	0.038295
6.96	0.032255
6.97	0.0246
6.98	0.015879
6.99	0.0069512
7	-0.0013429
7.01	-0.0096039
7.02	-0.019546
7.03	-0.031516
7.04	-0.045347
7.05	-0.060551
7.06	-0.0748
7.07	-0.085416
7.08	-0.091689
7.09	-0.094441
7.1	-0.093959
7.11	-0.090159
7.12	-0.084571
7.13	-0.080138
7.14	-0.078579
7.15	-0.078965
7.16	-0.079409
7.17	-0.078347
7.18	-0.074416
7.19	-0.067417
7.2	-0.057787
7.21	-0.045827
7.22	-0.032639
7.23	-0.019518
7.24	-0.0070035
7.25	0.0048276
7.26	0.016236
7.27	0.027778
7.28	0.039235
7.29	0.049396
7.3	0.057658
7.31	0.063783
7.32	0.066731
7.33	0.066006
7.34	0.063291
7.35	0.061101
7.36	0.060498
7.37	0.06167
7.38	0.064325
7.39	0.067013
7.4	0.068231
7.41	0.066883
7.42	0.062406
7.43	0.055577
7.44	0.047383
7.45	0.038072
7.46	0.028148
7.47	0.018608
7.48	0.01053
7.49	0.0050758
7.5	0.0029173
7.51	0.0036257
7.52	0.0064016
7.53	0.010253
7.54	0.013772
7.55	0.016327
7.56	0.018274
7.57	0.019579
7.58	0.019632
7.59	0.017259
7.6	0.011152
7.61	0.0016814
7.62	-0.0085062
7.63	-0.015868
7.64	-0.018105
7.65	-0.015847
7.66	-0.011204
7.67	-0.0048971
7.68	0.0031327
7.69	0.012646
7.7	0.023561
7.71	0.036168
7.72	0.051126
7.73	0.068385
7.74	0.085977
7.75	0.10143
7.76	0.1135
7.77	0.12155
7.78	0.12588
7.79	0.1284
7.8	0.13037
7.81	0.13156
7.82	0.13056
7.83	0.12454
7.84	0.11201
7.85	0.09516
7.86	0.077609
7.87	0.061276
7.88	0.045979
7.89	0.031517
7.9	0.018721
7.91	0.0086471
7.92	0.0016138
7.93	-0.0029771
7.94	-0.0061713
7.95	-0.0085841
7.96	-0.010055
7.97	-0.011691
7.98	-0.014835
7.99	-0.018143
8	-0.020934
8.01	-0.024587
8.02	-0.029394
8.03	-0.03476
8.04	-0.040932
8.05	-0.047429
8.06	-0.051353
8.07	-0.050103
8.08	-0.043515
8.09	-0.032548
8.1	-0.019208
8.11	-0.0067623
8.12	0.0021664
8.13	0.0067118
8.14	0.0070739
8.15	0.0031514
8.16	-0.005654
8.17	-0.018858
8.18	-0.03524
8.19	-0.054419
8.2	-0.076649
8.21	-0.10233
8.22	-0.13106
8.23	-0.16051
8.24	-0.18693
8.25	-0.20756
8.26	-0.22187
8.27	-0.23063
8.28	-0.23501
8.29	-0.23571
8.3	-0.23281
8.31	-0.22615
8.32	-0.21507
8.33	-0.19924
8.34	-0.18009
8.35	-0.16016
8.36	-0.14032
8.37	-0.11879
8.38	-0.093075
8.39	-0.060895
8.4	-0.019649
8.41	0.03191
8.42	0.089978
8.43	0.14407
8.44	0.18314
8.45	0.20434
8.46	0.21401
8.47	0.22115
8.48	0.23032
8.49	0.24028
8.5	0.24733
8.51	0.24755
8.52	0.23816
8.53	0.21919
8.54	0.19349
8.55	0.16575
8.56	0.14113
8.57	0.12278
8.58	0.10951
8.59	0.096879
8.6	0.08173
8.61	0.06465
8.62	0.048616
8.63	0.03597
8.64	0.026778
8.65	0.019711
8.66	0.013932
8.67	0.009318
8.68	0.0058731
8.69	0.0043665
8.7	0.0051961
8.71	0.0071998
8.72	0.0090796
8.73	0.0099788
8.74	0.0094611
8.75	0.0081999
8.76	0.0074318
8.77	0.007163
8.78	0.0057163
8.79	0.0020615
8.8	-0.0038219
8.81	-0.012346
8.82	-0.022556
8.83	-0.032058
8.84	-0.039903
8.85	-0.046733
8.86	-0.053042
8.87	-0.058661
8.88	-0.063213
8.89	-0.066715
8.9	-0.069058
8.91	-0.069263
8.92	-0.06661
8.93	-0.062303
8.94	-0.058199
8.95	-0.054218
8.96	-0.04933
8.97	-0.044146
8.98	-0.040491
8.99	-0.038832
9	-0.038361
9.01	-0.039285
9.02	-0.042261
9.03	-0.047243
9.04	-0.054887
9.05	-0.066016
9.06	-0.079719
9.07	-0.094468
9.08	-0.10925
9.09	-0.12277
9.1	-0.13305
9.11	-0.13904
9.12	-0.14144
9.13	-0.14086
9.14	-0.13714
9.15	-0.1308
9.16	-0.12257
9.17	-0.11209
9.18	-0.098971
9.19	-0.083731
9.2	-0.067424
9.21	-0.051036
9.22	-0.03472
9.23	-0.018026
9.24	-0.00072523
9.25	0.016934
9.26	0.034391
9.27	0.050779
9.28	0.065186
9.29	0.076895
9.3	0.085339
9.31	0.090884
9.32	0.094606
9.33	0.097136
9.34	0.098478
9.35	0.098643
9.36	0.098258
9.37	0.097785
9.38	0.096441
9.39	0.092976
9.4	0.088377
9.41	0.085411
9.42	0.083883
9.43	0.081097
9.44	0.076658
9.45	0.071817
9.46	0.067007
9.47	0.06248
9.48	0.057981
9.49	0.052068
9.5	0.043481
9.51	0.032904
9.52	0.022295
9.53	0.012545
9.54	0.0031535
9.55	-0.0057878
9.56	-0.012881
9.57	-0.0166
9.58	-0.016381
9.59	-0.013731
9.6	-0.011482
9.61	-0.011402
9.62	-0.013314
9.63	-0.01602
9.64	-0.01848
9.65	-0.020051
9.66	-0.019243
9.67	-0.013561
9.68	-0.0026767
9.69	0.010821
9.7	0.02442
9.71	0.036818
9.72	0.047194
9.73	0.054694
9.74	0.058718
9.75	0.05953
9.76	0.057704
9.77	0.053962
9.78	0.049824
9.79	0.046087
9.8	0.041251
9.81	0.033465
9.82	0.022659
9.83	0.010478
9.84	-0.00055523
9.85	-0.0088685
9.86	-0.014477
9.87	-0.017971
9.88	-0.019703
9.89	-0.019373
9.9	-0.017145
9.91	-0.014136
9.92	-0.011389
9.93	-0.0092083
9.94	-0.0074969
9.95	-0.0065083
9.96	-0.0060496
9.97	-0.00492
9.98	-0.0025119
9.99	-3.1357e-05
10	0.00063096
10.01	-0.0011828
10.02	-0.0044409
10.03	-0.0081287
10.04	-0.012471
10.05	-0.01699
10.06	-0.020256
10.07	-0.022025
10.08	-0.022896
10.09	-0.02227
10.1	-0.018441
10.11	-0.011171
10.12	-0.0024505
10.13	0.0058229
10.14	0.013483
10.15	0.020218
10.16	0.024739
10.17	0.026526
10.18	0.025521
10.19	0.021865
10.2	0.016347
10.21	0.0097051
10.22	0.0024737
10.23	-0.0049377
10.24	-0.012353
10.25	-0.019505
10.26	-0.025738
10.27	-0.03019
10.28	-0.03228
10.29	-0.032246
10.3	-0.030738
10.31	-0.027682
10.32	-0.022766
10.33	-0.016369
10.34	-0.0091056
10.35	-0.0016077
10.36	0.0052473
10.37	0.010817
10.38	0.015159
10.39	0.018899
10.4	0.02248
10.41	0.025749
10.42	0.028559
10.43	0.030663
10.44	0.030912
10.45	0.028142
10.46	0.022595
10.47	0.015244
10.48	0.0065622
10.49	-0.0036719
10.5	-0.015898
10.51	-0.029941
10.52	-0.044736
10.53	-0.058855
10.54	-0.071286
10.55	-0.081301
10.56	-0.087569
10.57	-0.088722
10.58	-0.084894
10.59	-0.077495
10.6	-0.068413
10.61	-0.059853
10.62	-0.052912
10.63	-0.047071
10.64	-0.041638
10.65	-0.036072
10.66	-0.029911
10.67	-0.023127
10.68	-0.015653
10.69	-0.0073835
10.7	0.001254
10.71	0.0096761
10.72	0.017339
10.73	0.023683
10.74	0.028961
10.75	0.033603
10.76	0.03729
10.77	0.040033
10.78	0.04234
10.79	0.04447
10.8	0.046053
10.81	0.046343
10.82	0.04488
10.83	0.041712
10.84	0.037982
10.85	0.03531
10.86	0.033776
10.87	0.03184
10.88	0.028364
10.89	0.023567
10.9	0.017943
10.91	0.01196
10.92	0.0063769
10.93	0.0013831
10.94	-0.0031442
10.95	-0.0070436
10.96	-0.010316
10.97	-0.013492
10.98	-0.017553
10.99	-0.02268
11	-0.027789
11.01	-0.031817
11.02	-0.034229
11.03	-0.034927
11.04	-0.034843
11.05	-0.034836
11.06	-0.034652
11.07	-0.034922
11.08	-0.037142
11.09	-0.041111
11.1	-0.045229
11.11	-0.048616
11.12	-0.051543
11.13	-0.054457
11.14	-0.057221
11.15	-0.059099
11.16	-0.059076
11.17	-0.056873
11.18	-0.053695
11.19	-0.051316
11.2	-0.050202
11.21	-0.048993
11.22	-0.046181
11.23	-0.041949
11.24	-0.037735
11.25	-0.034046
11.26	-0.030642
11.27	-0.027791
11.28	-0.025657
11.29	-0.023995
11.3	-0.022401
11.31	-0.020404
11.32	-0.01724
11.33	-0.011746
11.34	-0.0036477
11.35	0.0058472
11.36	0.015926
11.37	0.026216
11.38	0.034932
11.39	0.040248
11.4	0.04267
11.41	0.043919
11.42	0.044525
11.43	0.044215
11.44	0.043232
11.45	0.042267
11.46	0.04213
11.47	0.0429
11.48	0.043491
11.49	0.043713
11.5	0.045108
11.51	0.048334
11.52	0.052313
11.53	0.055906
11.54	0.058313
11.55	0.059575
11.56	0.060839
11.57	0.061936
11.58	0.06128
11.59	0.058887
11.6	0.056488
11.61	0.054925
11.62	0.053859
11.63	0.053229
11.64	0.05252
11.65	0.05081
11.66	0.048555
11.67	0.04736
11.68	0.047936
11.69	0.049851
11.7	0.052609
11.71	0.05575
11.72	0.058636
11.73	0.060707
11.74	0.062012
11.75	0.062475
11.76	0.06147
11.77	0.058931
11.78	0.055144
11.79	0.049943
11.8	0.043099
11.81	0.034297
11.82	0.022916
11.83	0.0093551
11.84	-0.0043527
11.85	-0.016604
11.86	-0.026624
11.87	-0.033313
11.88	-0.036752
11.89	-0.038634
11.9	-0.039971
11.91	-0.04007
11.92	-0.038094
11.93	-0.034978
11.94	-0.032251
11.95	-0.030636
11.96	-0.030733
11.97	-0.032417
11.98	-0.034527
11.99	-0.036202
12	-0.037398
12.01	-0.038505
12.02	-0.039549
12.03	-0.040205
12.04	-0.040688
12.05	-0.040515
12.06	-0.037786
12.07	-0.031614
12.08	-0.02328
12.09	-0.014549
12.1	-0.0063728
12.11	0.00077418
12.12	0.0066064
12.13	0.011222
12.14	0.014708
12.15	0.016533
12.16	0.016639
12.17	0.016756
12.18	0.018537
12.19	0.0217
12.2	0.025434
12.21	0.02948
12.22	0.03356
12.23	0.037245
12.24	0.040054
12.25	0.041488
12.26	0.041825
12.27	0.042223
12.28	0.043242
12.29	0.044234
12.3	0.04411
12.31	0.042444
12.32	0.039706
12.33	0.036212
12.34	0.031861
12.35	0.026706
12.36	0.021063
12.37	0.015218
12.38	0.0090461
12.39	0.0022952
12.4	-0.0050387
12.41	-0.012939
12.42	-0.021196
12.43	-0.029751
12.44	-0.038869
12.45	-0.048392
12.46	-0.057754
12.47	-0.066314
12.48	-0.073464
12.49	-0.07887
12.5	-0.082887
12.51	-0.08621
12.52	-0.089155
12.53	-0.091855
12.54	-0.094286
12.55	-0.095887
12.56	-0.095831
12.57	-0.094002
12.58	-0.091534
12.59	-0.089466
12.6	-0.088087
12.61	-0.087856
12.62	-0.088848
12.63	-0.090306
12.64	-0.091174
12.65	-0.090841
12.66	-0.089229
12.67	-0.08578
12.68	-0.080127
12.69	-0.07264
12.7	-0.063525
12.71	-0.05286
12.72	-0.040761
12.73	-0.027274
12.74	-0.012573
12.75	0.0025178
12.76	0.016727
12.77	0.029468
12.78	0.040852
12.79	0.051269
12.8	0.060299
12.81	0.066153
12.82	0.069923
12.83	0.075258
12.84	0.081986
12.85	0.087341
12.86	0.090133
12.87	0.090864
12.88	0.090884
12.89	0.091201
12.9	0.090885
12.91	0.088188
12.92	0.08323
12.93	0.077055
12.94	0.069746
12.95	0.061272
12.96	0.052371
12.97	0.043817
12.98	0.035724
12.99	0.028223
13	0.021815
13.01	0.016445
13.02	0.01159
13.03	0.0069524
13.04	0.0021754
13.05	-0.0030008
13.06	-0.0079787
13.07	-0.011615
13.08	-0.013608
13.09	-0.014196
13.1	-0.01337
13.11	-0.012439
13.12	-0.01321
13.13	-0.015618
13.14	-0.018589
13.15	-0.021566
13.16	-0.024481
13.17	-0.027386
13.18	-0.030799
13.19	-0.035169
13.2	-0.039815
13.21	-0.043344
13.22	-0.045069
13.23	-0.045397
13.24	-0.044817
13.25	-0.043387
13.26	-0.041284
13.27	-0.039232
13.28	-0.038047
13.29	-0.037763
13.3	-0.036919
13.31	-0.034177
13.32	-0.030163
13.33	-0.02578
13.34	-0.020835
13.35	-0.015293
13.36	-0.010274
13.37	-0.0069395
13.38	-0.005146
13.39	-0.0037607
13.4	-0.0019351
13.41	-7.4374e-05
13.42	0.0013819
13.43	0.0030795
13.44	0.005567
13.45	0.008401
13.46	0.010441
13.47	0.011083
13.48	0.011488
13.49	0.013318
13.5	0.016507
13.51	0.020203
13.52	0.024485
13.53	0.029488
13.54	0.034181
13.55	0.037358
13.56	0.039282
13.57	0.041037
13.58	0.043004
13.59	0.045031
13.6	0.046846
13.61	0.04795
13.62	0.048146
13.63	0.047759
13.64	0.047031
13.65	0.045946
13.66	0.044465
13.67	0.043231
13.68	0.043041
13.69	0.042978
13.7	0.041355
13.71	0.037921
13.72	0.033712
13.73	0.029571
13.74	0.025406
13.75	0.020965
13.76	0.01649
13.77	0.012244
13.78	0.0080678
13.79	0.0038412
13.8	-7.5692e-05
13.81	-0.0032605
13.82	-0.0057145
13.83	-0.0074943
13.84	-0.0083161
13.85	-0.0087013
13.86	-0.009779
13.87	-0.011266
13.88	-0.011619
13.89	-0.01005
13.9	-0.0074796
13.91	-0.0050394
13.92	-0.0026747
13.93	0.00015389
13.94	0.003364
13.95	0.0061703
13.96	0.0076306
13.97	0.008064
13.98	0.0087308
13.99	0.0095201
14	0.009545
14.01	0.0088057
14.02	0.0079121
14.03	0.0072498
14.04	0.0067283
14.05	0.0062234
14.06	0.0062329
14.07	0.0071811
14.08	0.0085199
14.09	0.010048
14.1	0.012006
14.11	0.013648
14.12	0.013953
14.13	0.013133
14.14	0.011862
14.15	0.0097391
14.16	0.006303
14.17	0.0023276
14.18	-0.0010472
14.19	-0.0034795
14.2	-0.0050849
14.21	-0.005421
14.22	-0.0039485
14.23	-0.0008265
14.24	0.0031195
14.25	0.007211
14.26	0.011321
14.27	0.015154
14.28	0.018374
14.29	0.021172
14.3	0.023529
14.31	0.024379
14.32	0.022787
14.33	0.019019
14.34	0.013751
14.35	0.0072529
14.36	-0.00032448
14.37	-0.008437
14.38	-0.01664
14.39	-0.024579
14.4	-0.031533
14.41	-0.037108
14.42	-0.041684
14.43	-0.045717
14.44	-0.049247
14.45	-0.052426
14.46	-0.055575
14.47	-0.058761
14.48	-0.06179
14.49	-0.064323
14.5	-0.066014
14.51	-0.066364
14.52	-0.064615
14.53	-0.060766
14.54	-0.056511
14.55	-0.053104
14.56	-0.049838
14.57	-0.046034
14.58	-0.041458
14.59	-0.035964
14.6	-0.030632
14.61	-0.026626
14.62	-0.023422
14.63	-0.020013
14.64	-0.016293
14.65	-0.013055
14.66	-0.010801
14.67	-0.0087459
14.68	-0.0061318
14.69	-0.0032882
14.7	-0.00075519
14.71	0.0017893
14.72	0.0051223
14.73	0.009389
14.74	0.013978
14.75	0.018469
14.76	0.022937
14.77	0.027196
14.78	0.030844
14.79	0.033835
14.8	0.036233
14.81	0.037916
14.82	0.038972
14.83	0.039741
14.84	0.040397
14.85	0.040867
14.86	0.040832
14.87	0.039935
14.88	0.038556
14.89	0.03775
14.9	0.037652
14.91	0.037444
14.92	0.036951
14.93	0.03611
14.94	0.034358
14.95	0.031794
14.96	0.029048
14.97	0.026008
14.98	0.022195
14.99	0.01757
15	0.012176
15.01	0.0060834
15.02	-8.743e-05
15.03	-0.0054865
15.04	-0.010256
15.05	-0.015303
15.06	-0.02088
15.07	-0.026547
15.08	-0.032078
15.09	-0.037299
15.1	-0.041525
15.11	-0.044438
15.12	-0.046635
15.13	-0.048542
15.14	-0.049995
15.15	-0.050693
15.16	-0.049919
15.17	-0.047011
15.18	-0.04255
15.19	-0.037952
15.2	-0.033945
15.21	-0.029971
15.22	-0.025441
15.23	-0.020856
15.24	-0.016955
15.25	-0.014059
15.26	-0.012374
15.27	-0.011642
15.28	-0.011054
15.29	-0.010095
15.3	-0.0091548
15.31	-0.0086107
15.32	-0.0076887
15.33	-0.0055313
15.34	-0.0025019
15.35	0.00049683
15.36	0.0031226
15.37	0.0057041
15.38	0.0081334
15.39	0.0097614
15.4	0.010959
15.41	0.012367
15.42	0.013424
15.43	0.013476
15.44	0.012614
15.45	0.011212
15.46	0.0094899
15.47	0.0075322
15.48	0.0055958
15.49	0.0037955
15.5	0.0017356
15.51	-0.00068002
15.52	-0.0025804
15.53	-0.0032328
15.54	-0.0030705
15.55	-0.00249
15.56	-0.00099968
15.57	0.0016497
15.58	0.0047689
15.59	0.0075179
15.6	0.0096482
15.61	0.011317
15.62	0.012698
15.63	0.013362
15.64	0.01257
15.65	0.010807
15.66	0.0094867
15.67	0.0091494
15.68	0.0092129
15.69	0.0090884
15.7	0.008736
15.71	0.0082585
15.72	0.0076145
15.73	0.0065779
15.74	0.005114
15.75	0.0039007
15.76	0.0035093
15.77	0.003663
15.78	0.0038276
15.79	0.0038465
15.8	0.0037797
15.81	0.0035734
15.82	0.0031819
15.83	0.0025029
15.84	0.0015339
15.85	0.00080014
15.86	0.00065218
15.87	0.000668
15.88	0.00062569
15.89	0.00082425
15.9	0.0014509
15.91	0.0027604
15.92	0.0050053
15.93	0.0077263
15.94	0.010068
15.95	0.011758
15.96	0.012786
15.97	0.013026
15.98	0.012718
15.99	0.01232
16	0.011845
16.01	0.011109
16.02	0.010534
16.03	0.010554
16.04	0.010784
16.05	0.010681
16.06	0.010226
16.07	0.0097072
16.08	0.0093223
16.09	0.0090143
16.1	0.0090123
16.11	0.0097824
16.12	0.010991
16.13	0.011823
16.14	0.011934
16.15	0.011607
16.16	0.011278
16.17	0.011084
16.18	0.01096
16.19	0.010835
16.2	0.0107
16.21	0.01042
16.22	0.0098618
16.23	0.0091679
16.24	0.0087074
16.25	0.0088043
16.26	0.0092377
16.27	0.0098043
16.28	0.010751
16.29	0.011677
16.3	0.011237
16.31	0.0090896
16.32	0.0068224
16.33	0.0057559
16.34	0.0055758
16.35	0.0053943
16.36	0.0049773
16.37	0.0045494
16.38	0.0038983
16.39	0.0032166
16.4	0.0034399
16.41	0.004522
16.42	0.0057899
16.43	0.0070423
16.44	0.0078198
16.45	0.0075986
16.46	0.00634
16.47	0.0042472
16.48	0.0016437
16.49	-0.0011675
16.5	-0.0041692
16.51	-0.0073647
16.52	-0.010328
16.53	-0.012776
16.54	-0.014948
16.55	-0.017124
16.56	-0.019085
16.57	-0.020562
16.58	-0.021634
16.59	-0.022492
16.6	-0.023514
16.61	-0.02448
16.62	-0.025054
16.63	-0.025359
16.64	-0.024741
16.65	-0.02279
16.66	-0.020116
16.67	-0.016813
16.68	-0.01312
16.69	-0.010087
16.7	-0.0078792
16.71	-0.006118
16.72	-0.0050144
16.73	-0.0045965
16.74	-0.0044497
16.75	-0.0042808
16.76	-0.0040554
16.77	-0.0038144
16.78	-0.0035395
16.79	-0.0032621
16.8	-0.002876
16.81	-0.0018776
16.82	-0.00021623
16.83	0.0012635
16.84	0.0018921
16.85	0.0018703
16.86	0.0017516
16.87	0.0017798
16.88	0.0018538
16.89	0.001814
16.9	0.0021508
16.91	0.0034796
16.92	0.0051996
16.93	0.0067243
16.94	0.0081752
16.95	0.0095831
16.96	0.011044
16.97	0.012917
16.98	0.015465
16.99	0.018263
17	0.020552
17.01	0.021912
17.02	0.022535
17.03	0.02276
17.04	0.022101
17.05	0.020137
17.06	0.017881
17.07	0.016454
17.08	0.015166
17.09	0.013108
17.1	0.011551
17.11	0.01134
17.12	0.010723
17.13	0.0084792
17.14	0.0053314
17.15	0.002187
17.16	-0.00034959
17.17	-0.0021463
17.18	-0.0036599
17.19	-0.0049211
17.2	-0.0059147
17.21	-0.0072332
17.22	-0.0092696
17.23	-0.011951
17.24	-0.014993
17.25	-0.018139
17.26	-0.02134
17.27	-0.024492
17.28	-0.027238
17.29	-0.029009
17.3	-0.029814
17.31	-0.030284
17.32	-0.030413
17.33	-0.030004
17.34	-0.029129
17.35	-0.027779
17.36	-0.026198
17.37	-0.024819
17.38	-0.023746
17.39	-0.022382
17.4	-0.020601
17.41	-0.01948
17.42	-0.019273
17.43	-0.018993
17.44	-0.018138
17.45	-0.017014
17.46	-0.015988
17.47	-0.015132
17.48	-0.014467
17.49	-0.013855
17.5	-0.01293
17.51	-0.011831
17.52	-0.010787
17.53	-0.0092001
17.54	-0.0066119
17.55	-0.0034369
17.56	-1.1527e-05
17.57	0.0038001
17.58	0.007906
17.59	0.011715
17.6	0.014891
17.61	0.017858
17.62	0.020833
17.63	0.023508
17.64	0.025812
17.65	0.027625
17.66	0.028808
17.67	0.029777
17.68	0.030973
17.69	0.032015
17.7	0.031979
17.71	0.031274
17.72	0.031273
17.73	0.031739
17.74	0.031426
17.75	0.030165
17.76	0.028733
17.77	0.027535
17.78	0.025915
17.79	0.023415
17.8	0.020563
17.81	0.017751
17.82	0.014797
17.83	0.01131
17.84	0.0076727
17.85	0.0047601
17.86	0.0023683
17.87	-0.00019521
17.88	-0.002928
17.89	-0.0052894
17.9	-0.0070366
17.91	-0.0086091
17.92	-0.010065
17.93	-0.010751
17.94	-0.010543
17.95	-0.01003
17.96	-0.0096292
17.97	-0.0094263
17.98	-0.009836
17.99	-0.011169
18	-0.012984
18.01	-0.014586
18.02	-0.015484
18.03	-0.015749
18.04	-0.01602
18.05	-0.016626
18.06	-0.016954
18.07	-0.016494
18.08	-0.015665
18.09	-0.014931
18.1	-0.013857
18.11	-0.011782
18.12	-0.0089098
18.13	-0.0057482
18.14	-0.0028588
18.15	-0.00085173
18.16	0.00066456
18.17	0.0022944
18.18	0.0035016
18.19	0.003783
18.2	0.0035447
18.21	0.0033582
18.22	0.0033716
18.23	0.0034367
18.24	0.0034257
18.25	0.0033366
18.26	0.00325
18.27	0.0031823
18.28	0.0031079
18.29	0.0030322
18.3	0.002905
18.31	0.0024281
18.32	0.0014897
18.33	0.00083728
18.34	0.0010421
18.35	0.0016902
18.36	0.0021792
18.37	0.0024469
18.38	0.0032695
18.39	0.0048898
18.4	0.0061112
18.41	0.0061867
18.42	0.0056187
18.43	0.0046046
18.44	0.0026808
18.45	0.00011446
18.46	-0.0024489
18.47	-0.0050778
18.48	-0.007735
18.49	-0.010074
18.5	-0.011798
18.51	-0.012592
18.52	-0.012528
18.53	-0.011952
18.54	-0.011012
18.55	-0.0095181
18.56	-0.0076001
18.57	-0.0058051
18.58	-0.0041218
18.59	-0.002412
18.6	-0.0011665
18.61	-0.00051414
18.62	0.00038435
18.63	0.001894
18.64	0.0031679
18.65	0.003358
18.66	0.0027756
18.67	0.002541
18.68	0.0033407
18.69	0.0048697
18.7	0.0059407
18.71	0.0056503
18.72	0.0048169
18.73	0.0048386
18.74	0.0055635
18.75	0.0059658
18.76	0.0057608
18.77	0.0053602
18.78	0.0051209
18.79	0.0050365
18.8	0.0049589
18.81	0.0048214
18.82	0.004673
18.83	0.0044717
18.84	0.0040393
18.85	0.0034925
18.86	0.0027805
18.87	0.0015899
18.88	0.00041246
18.89	-3.4696e-05
18.9	0.00012007
18.91	0.00036518
18.92	0.00046151
18.93	0.00024415
18.94	-0.00069827
18.95	-0.0022427
18.96	-0.0033847
18.97	-0.0035152
18.98	-0.0030702
18.99	-0.0027418
19	-0.0026421
19.01	-0.002031
19.02	-0.00011491
19.03	0.0026978
19.04	0.005376
19.05	0.0075716
19.06	0.0095016
19.07	0.011282
19.08	0.012744
19.09	0.014072
19.1	0.015752
19.11	0.017745
19.12	0.019554
19.13	0.020576
19.14	0.020783
19.15	0.020926
19.16	0.021408
19.17	0.022212
19.18	0.023357
19.19	0.024607
19.2	0.025771
19.21	0.026746
19.22	0.027181
19.23	0.027314
19.24	0.027518
19.25	0.027542
19.26	0.027597
19.27	0.027615
19.28	0.026823
19.29	0.025311
19.3	0.023217
19.31	0.019758
19.32	0.014762
19.33	0.0094634
19.34	0.0050284
19.35	0.0012753
19.36	-0.0023073
19.37	-0.0058617
19.38	-0.0096864
19.39	-0.01374
19.4	-0.017336
19.41	-0.020281
19.42	-0.023051
19.43	-0.025754
19.44	-0.027815
19.45	-0.028843
19.46	-0.029487
19.47	-0.030424
19.48	-0.03155
19.49	-0.032508
19.5	-0.033164
19.51	-0.03377
19.52	-0.033962
19.53	-0.032898
19.54	-0.031285
19.55	-0.030396
19.56	-0.02956
19.57	-0.027686
19.58	-0.025402
19.59	-0.023857
19.6	-0.023138
19.61	-0.022605
19.62	-0.021869
19.63	-0.020745
19.64	-0.019269
19.65	-0.018248
19.66	-0.018181
19.67	-0.018292
19.68	-0.017808
19.69	-0.01699
19.7	-0.016885
19.71	-0.017895
19.72	-0.018812
19.73	-0.018688
19.74	-0.017981
19.75	-0.017211
19.76	-0.016346
19.77	-0.01538
19.78	-0.014164
19.79	-0.012223
19.8	-0.0098204
19.81	-0.0075068
19.82	-0.0053161
19.83	-0.0036848
19.84	-0.0025803
19.85	-0.00068379
19.86	0.0022714
19.87	0.0046678
19.88	0.0055071
19.89	0.0054483
19.9	0.0053482
19.91	0.0054003
19.92	0.0054354
19.93	0.00534
19.94	0.0054958
19.95	0.0065933
19.96	0.0082105
19.97	0.0095368
19.98	0.010805
19.99	0.011974
20	0.012854
20.01	0.013748
20.02	0.014427
20.03	0.014539
20.04	0.014269
20.05	0.013828
20.06	0.013229
20.07	0.012289
20.08	0.010634
20.09	0.0084644
20.1	0.0066884
20.11	0.0055526
20.12	0.0041939
20.13	0.0019428
20.14	-0.00080134
20.15	-0.0032632
20.16	-0.0049788
20.17	-0.0060753
20.18	-0.0070684
20.19	-0.0082382
20.2	-0.0095721
20.21	-0.010568
20.22	-0.010632
20.23	-0.010107
20.24	-0.0097178
20.25	-0.0093756
20.26	-0.00874
20.27	-0.0079902
20.28	-0.007431
20.29	-0.0070799
20.3	-0.0067783
20.31	-0.0062722
20.32	-0.0052683
20.33	-0.0038834
20.34	-0.0025595
20.35	-0.0014978
20.36	-0.00067458
20.37	-1.5361e-05
20.38	0.00089568
20.39	0.0024495
20.4	0.0040348
20.41	0.0048949
20.42	0.0057404
20.43	0.0077825
20.44	0.010889
20.45	0.013829
20.46	0.015735
20.47	0.016821
20.48	0.017679
20.49	0.01829
20.5	0.018057
20.51	0.016664
20.52	0.014668
20.53	0.012913
20.54	0.011309
20.55	0.0090411
20.56	0.0061739
20.57	0.0035237
20.58	0.0014018
20.59	2.9303e-05
20.6	-0.00047251
20.61	-0.00091392
20.62	-0.0020622
20.63	-0.0033404
20.64	-0.0038345
20.65	-0.0037703
20.66	-0.0037482
20.67	-0.0035791
20.68	-0.0031441
20.69	-0.0029505
20.7	-0.0034604
20.71	-0.0046189
20.72	-0.005666
20.73	-0.0063512
20.74	-0.0073004
20.75	-0.0084612
20.76	-0.0095192
20.77	-0.010515
20.78	-0.011102
20.79	-0.01103
20.8	-0.010747
20.81	-0.01072
20.82	-0.010675
20.83	-0.0099942
20.84	-0.0086996
20.85	-0.0073198
20.86	-0.0058834
20.87	-0.0041071
20.88	-0.0023652
20.89	-0.00080588
20.9	0.0010027
20.91	0.002769
20.92	0.0043642
20.93	0.0060992
20.94	0.0074509
20.95	0.0082617
20.96	0.0092674
20.97	0.010686
20.98	0.01223
20.99	0.013673
21	0.015006
21.01	0.016482
21.02	0.018336
21.03	0.020456
21.04	0.022076
21.05	0.022609
21.06	0.022402
21.07	0.021969
21.08	0.021254
21.09	0.02017
21.1	0.01963
21.11	0.020479
21.12	0.021741
21.13	0.021909
21.14	0.020947
21.15	0.019725
21.16	0.019058
21.17	0.019507
21.18	0.020526
21.19	0.021019
21.2	0.021142
21.21	0.021562
21.22	0.021904
21.23	0.021514
21.24	0.020497
21.25	0.01941
21.26	0.018593
21.27	0.017953
21.28	0.017277
21.29	0.016495
21.3	0.01568
21.31	0.014925
21.32	0.014211
21.33	0.013404
21.34	0.012224
21.35	0.010428
21.36	0.0083305
21.37	0.0062851
21.38	0.0039546
21.39	0.0010815
21.4	-0.0020048
21.41	-0.0049407
21.42	-0.0078791
21.43	-0.011075
21.44	-0.01415
21.45	-0.016722
21.46	-0.018928
21.47	-0.020949
21.48	-0.02264
21.49	-0.023633
21.5	-0.024097
21.51	-0.024752
21.52	-0.025506
21.53	-0.025661
21.54	-0.025189
21.55	-0.024511
21.56	-0.023927
21.57	-0.02329
21.58	-0.022201
21.59	-0.020567
21.6	-0.019052
21.61	-0.018622
21.62	-0.018845
21.63	-0.018116
21.64	-0.016372
21.65	-0.015439
21.66	-0.015814
21.67	-0.015773
21.68	-0.01462
21.69	-0.013609
21.7	-0.013184
21.71	-0.012483
21.72	-0.011076
21.73	-0.0094783
21.74	-0.008478
21.75	-0.0080147
21.76	-0.007276
21.77	-0.0060058
21.78	-0.0046824
21.79	-0.0037548
21.8	-0.003356
21.81	-0.0033264
21.82	-0.003726
21.83	-0.0047532
21.84	-0.0058373
21.85	-0.0065113
21.86	-0.0072497
21.87	-0.0081611
21.88	-0.0085785
21.89	-0.0082672
21.9	-0.0077178
21.91	-0.0069251
21.92	-0.0053601
21.93	-0.0033492
21.94	-0.0014512
21.95	0.0005365
21.96	0.0028344
21.97	0.0054079
21.98	0.0082192
21.99	0.011017
22	0.013473
22.01	0.01562
22.02	0.017741
22.03	0.019822
22.04	0.021291
22.05	0.021656
22.06	0.021129
22.07	0.020555
22.08	0.020162
22.09	0.019401
22.1	0.01872
22.11	0.018807
22.12	0.01893
22.13	0.018191
22.14	0.016764
22.15	0.014981
22.16	0.012733
22.17	0.010231
22.18	0.0082703
22.19	0.006943
22.2	0.0051666
22.21	0.0023898
22.22	-0.00087694
22.23	-0.0041138
22.24	-0.0069992
22.25	-0.009394
22.26	-0.011607
22.27	-0.013923
22.28	-0.016241
22.29	-0.018423
22.3	-0.02042
22.31	-0.022201
22.32	-0.023759
22.33	-0.024751
22.34	-0.024869
22.35	-0.024664
22.36	-0.024739
22.37	-0.024807
22.38	-0.024263
22.39	-0.022599
22.4	-0.019821
22.41	-0.01709
22.42	-0.015015
22.43	-0.012749
22.44	-0.010101
22.45	-0.0076456
22.46	-0.005291
22.47	-0.00264
22.48	0.00019209
22.49	0.0025475
22.5	0.0039717
22.51	0.0048968
22.52	0.0063441
22.53	0.0089353
22.54	0.011836
22.55	0.013732
22.56	0.0147
22.57	0.015536
22.58	0.016631
22.59	0.017845
22.6	0.01853
22.61	0.01859
22.62	0.018817
22.63	0.019606
22.64	0.020545
22.65	0.020811
22.66	0.019945
22.67	0.018547
22.68	0.017214
22.69	0.015572
22.7	0.013414
22.71	0.01102
22.72	0.0085661
22.73	0.0065851
22.74	0.0051975
22.75	0.0036507
22.76	0.001904
22.77	0.0007614
22.78	0.00033331
22.79	-6.5712e-05
22.8	-0.00087745
22.81	-0.0020855
22.82	-0.0032974
22.83	-0.0039527
22.84	-0.0039892
22.85	-0.0038403
22.86	-0.0037392
22.87	-0.0034209
22.88	-0.0025246
22.89	-0.0011637
22.9	3.2326e-06
22.91	0.0004445
22.92	0.00028907
22.93	1.6113e-05
22.94	-0.00010779
22.95	-0.00026841
22.96	-0.0005094
22.97	-0.00055894
22.98	-0.00061046
22.99	-0.0012972
23	-0.0027512
23.01	-0.0040618
23.02	-0.0044264
23.03	-0.0041423
23.04	-0.0038416
23.05	-0.0037628
23.06	-0.0039175
23.07	-0.0041647
23.08	-0.0044125
23.09	-0.0051184
23.1	-0.0063806
23.11	-0.0072862
23.12	-0.0072644
23.13	-0.0068144
23.14	-0.0069346
23.15	-0.0081209
23.16	-0.0096755
23.17	-0.010491
23.18	-0.010334
23.19	-0.010245
23.2	-0.011097
23.21	-0.01213
23.22	-0.012266
23.23	-0.011555
23.24	-0.010795
23.25	-0.010718
23.26	-0.011467
23.27	-0.012498
23.28	-0.012875
23.29	-0.011853
23.3	-0.010208
23.31	-0.0097088
23.32	-0.010314
23.33	-0.010605
23.34	-0.01013
23.35	-0.0093816
23.36	-0.0087922
23.37	-0.0083856
23.38	-0.0080402
23.39	-0.0075522
23.4	-0.0063184
23.41	-0.0042721
23.42	-0.0022353
23.43	-0.00015173
23.44	0.0025877
23.45	0.005624
23.46	0.0080614
23.47	0.0094777
23.48	0.010416
23.49	0.011599
23.5	0.012752
23.51	0.013143
23.52	0.012742
23.53	0.012173
23.54	0.011449
23.55	0.0099497
23.56	0.0076687
23.57	0.0051725
23.58	0.0032969
23.59	0.0026083
23.6	0.0025056
23.61	0.0019057
23.62	0.00058731
23.63	-0.00066695
23.64	-0.0011059
23.65	-0.00086247
23.66	-0.00053753
23.67	-0.00041902
23.68	-0.00042743
23.69	-0.00038098
23.7	-0.00018473
23.71	0.00016351
23.72	0.00058932
23.73	0.00086665
23.74	0.00078436
23.75	0.0005157
23.76	0.00037963
23.77	0.00029613
23.78	0.00030319
23.79	0.00043717
23.8	-0.00015737
23.81	-0.0016301
23.82	-0.002749
23.83	-0.0032794
23.84	-0.0040718
23.85	-0.005042
23.86	-0.0053967
23.87	-0.0050046
23.88	-0.0044108
23.89	-0.0039046
23.9	-0.0033727
23.91	-0.0027047
23.92	-0.0020419
23.93	-0.0018764
23.94	-0.0021535
23.95	-0.0022393
23.96	-0.001953
23.97	-0.001271
23.98	0.00011281
23.99	0.0019523
24	0.0032815
24.01	0.0035896
24.02	0.0036633
24.03	0.0045394
24.04	0.0053757
24.05	0.0048625
24.06	0.0037733
24.07	0.0033622
24.08	0.0033306
24.09	0.0030698
24.1	0.0030051
24.11	0.0039474
24.12	0.0059036
24.13	0.0075759
24.14	0.0084846
24.15	0.0095005
24.16	0.010476
24.17	0.010801
24.18	0.010575
24.19	0.010534
24.2	0.011533
24.21	0.013029
24.22	0.013637
24.23	0.013127
24.24	0.012583
24.25	0.012971
24.26	0.013941
24.27	0.014498
24.28	0.014511
24.29	0.015002
24.3	0.016124
24.31	0.01648
24.32	0.015437
24.33	0.013607
24.34	0.011748
24.35	0.010466
24.36	0.0098915
24.37	0.009628
24.38	0.0092934
24.39	0.0088545
24.4	0.0084267
24.41	0.0080606
24.42	0.0077219
24.43	0.0073653
24.44	0.0070075
24.45	0.006807
24.46	0.0072041
24.47	0.0083672
24.48	0.009454
24.49	0.0096007
24.5	0.0089845
24.51	0.008247
24.52	0.0082887
24.53	0.0094251
24.54	0.010177
24.55	0.0093267
24.56	0.007605
24.57	0.0061459
24.58	0.0052292
24.59	0.0046583
24.6	0.0042452
24.61	0.0038635
24.62	0.0034719
24.63	0.0030826
24.64	0.0026941
24.65	0.0022954
24.66	0.0019234
24.67	0.0015954
24.68	0.0013213
24.69	0.00084039
24.7	-0.00055507
24.71	-0.0025877
24.72	-0.0041731
24.73	-0.0055516
24.74	-0.0071698
24.75	-0.0082646
24.76	-0.0089247
24.77	-0.010138
24.78	-0.011634
24.79	-0.01297
24.8	-0.014303
24.81	-0.015425
24.82	-0.016457
24.83	-0.017578
24.84	-0.018193
24.85	-0.017927
24.86	-0.017239
24.87	-0.016671
24.88	-0.016237
24.89	-0.016132
24.9	-0.016942
24.91	-0.018174
24.92	-0.018615
24.93	-0.01824
24.94	-0.017807
24.95	-0.017312
24.96	-0.016568
24.97	-0.015916
24.98	-0.015354
24.99	-0.014668
25	-0.013976
25.01	-0.013417
25.02	-0.012954
25.03	-0.012484
25.04	-0.012012
25.05	-0.011713
25.06	-0.011479
25.07	-0.0109
25.08	-0.01046
25.09	-0.010646
25.1	-0.01047
25.11	-0.0094087
25.12	-0.0078922
25.13	-0.0060384
25.14	-0.0042708
25.15	-0.0034776
25.16	-0.003366
25.17	-0.0022781
25.18	-8.5892e-05
25.19	0.0015564
25.2	0.0023635
25.21	0.0032795
25.22	0.0042993
25.23	0.0049177
25.24	0.0050681
25.25	0.0048546
25.26	0.0041886
25.27	0.0028917
25.28	0.0014434
25.29	0.00033126
25.3	-0.00093391
25.31	-0.0023625
25.32	-0.0031077
25.33	-0.0029796
25.34	-0.0025517
25.35	-0.0022825
25.36	-0.0021895
25.37	-0.0021433
25.38	-0.0019551
25.39	-0.0010262
25.4	0.00075584
25.41	0.0023012
25.42	0.0030836
25.43	0.0039376
25.44	0.0052559
25.45	0.0062236
25.46	0.0062678
25.47	0.005821
25.48	0.0054893
25.49	0.0054485
25.5	0.0053667
25.51	0.0044484
25.52	0.0025896
25.53	0.0010796
25.54	0.00039432
25.55	-0.00053473
25.56	-0.002037
25.57	-0.0037244
25.58	-0.0053349
25.59	-0.0062419
25.6	-0.0067046
25.61	-0.0077416
25.62	-0.008904
25.63	-0.0093701
25.64	-0.0097597
25.65	-0.010635
25.66	-0.011297
25.67	-0.011095
25.68	-0.010338
25.69	-0.0095768
25.7	-0.0091307
25.71	-0.0089615
25.72	-0.0085879
25.73	-0.0078652
25.74	-0.007054
25.75	-0.005763
25.76	-0.0037795
25.77	-0.0017027
25.78	0.00025064
25.79	0.0020238
25.8	0.0036619
25.81	0.0053948
25.82	0.0071518
25.83	0.0091515
25.84	0.011505
25.85	0.013802
25.86	0.01571
25.87	0.017265
25.88	0.018672
25.89	0.019865
25.9	0.020929
25.91	0.021911
25.92	0.022688
25.93	0.023579
25.94	0.024301
25.95	0.024102
25.96	0.023112
25.97	0.021998
25.98	0.021107
25.99	0.020352
26	0.019564
26.01	0.018725
26.02	0.017898
26.03	0.017131
26.04	0.016292
26.05	0.01527
26.06	0.014266
26.07	0.013332
26.08	0.012007
26.09	0.010093
26.1	0.008337
26.11	0.0074745
26.12	0.0069317
26.13	0.0055179
26.14	0.0033482
26.15	0.0012214
26.16	-0.00066356
26.17	-0.0023004
26.18	-0.0039039
26.19	-0.0055927
26.2	-0.0073922
26.21	-0.009103
26.22	-0.010318
26.23	-0.011436
26.24	-0.012619
26.25	-0.013225
26.26	-0.013511
26.27	-0.014322
26.28	-0.015221
26.29	-0.014732
26.3	-0.013147
26.31	-0.012622
26.32	-0.013438
26.33	-0.013962
26.34	-0.013544
26.35	-0.012752
26.36	-0.012186
26.37	-0.012383
26.38	-0.013518
26.39	-0.014617
26.4	-0.014685
26.41	-0.01392
26.42	-0.013067
26.43	-0.012439
26.44	-0.011647
26.45	-0.010198
26.46	-0.0083038
26.47	-0.0067952
26.48	-0.0061826
26.49	-0.0060768
26.5	-0.0055058
26.51	-0.0039036
26.52	-0.0018921
26.53	-0.0005475
26.54	-0.0002596
26.55	-0.00027612
26.56	0.00059489
26.57	0.0022319
26.58	0.003312
26.59	0.0033962
26.6	0.0037465
26.61	0.0052592
26.62	0.0067732
26.63	0.0070354
26.64	0.006583
26.65	0.0066812
26.66	0.0076913
26.67	0.0093634
26.68	0.011254
26.69	0.012532
26.7	0.013156
26.71	0.013827
26.72	0.014328
26.73	0.014044
26.74	0.013261
26.75	0.012262
26.76	0.010728
26.77	0.0089807
26.78	0.0078694
26.79	0.0075021
26.8	0.0073451
26.81	0.0070377
26.82	0.0066077
26.83	0.0062044
26.84	0.0058786
26.85	0.0055778
26.86	0.005255
26.87	0.0049231
26.88	0.0046293
26.89	0.0043953
26.9	0.0041408
26.91	0.003497
26.92	0.0020468
26.93	0.00030211
26.94	-0.00091233
26.95	-0.0020168
26.96	-0.0035158
26.97	-0.0046483
26.98	-0.0048908
26.99	-0.0050774
27	-0.0063164
27.01	-0.0077734
27.02	-0.0083964
27.03	-0.008182
27.04	-0.0083883
27.05	-0.0095897
27.06	-0.010802
27.07	-0.010937
27.08	-0.010571
27.09	-0.011162
27.1	-0.012074
27.11	-0.011495
27.12	-0.01025
27.13	-0.010246
27.14	-0.011011
27.15	-0.01148
27.16	-0.012115
27.17	-0.013049
27.18	-0.013409
27.19	-0.012898
27.2	-0.012165
27.21	-0.011745
27.22	-0.011529
27.23	-0.011213
27.24	-0.010521
27.25	-0.0095015
27.26	-0.0086089
27.27	-0.0080573
27.28	-0.0076625
27.29	-0.0072069
27.3	-0.0066636
27.31	-0.0061381
27.32	-0.0056884
27.33	-0.0052718
27.34	-0.004842
27.35	-0.0043952
27.36	-0.003955
27.37	-0.0035391
27.38	-0.0031432
27.39	-0.0027512
27.4	-0.0023615
27.41	-0.0019509
27.42	-0.0017409
27.43	-0.0021989
27.44	-0.0028556
27.45	-0.0025005
27.46	-0.001139
27.47	7.7607e-05
27.48	0.0006513
27.49	0.0014955
27.5	0.003141
27.51	0.0047236
27.52	0.0059376
27.53	0.0071904
27.54	0.0081886
27.55	0.0084758
27.56	0.0082394
27.57	0.0079171
27.58	0.0077757
27.59	0.0081618
27.6	0.009269
27.61	0.010453
27.62	0.010834
27.63	0.010862
27.64	0.011653
27.65	0.012803
27.66	0.013104
27.67	0.01279
27.68	0.013119
27.69	0.01413
27.7	0.014641
27.71	0.014198
27.72	0.013356
27.73	0.012619
27.74	0.012313
27.75	0.012696
27.76	0.013389
27.77	0.013679
27.78	0.013302
27.79	0.012546
27.8	0.011804
27.81	0.011198
27.82	0.01066
27.83	0.0097938
27.84	0.0081181
27.85	0.0061664
27.86	0.0049659
27.87	0.0046268
27.88	0.0044488
27.89	0.0036919
27.9	0.0023119
27.91	0.00096707
27.92	0.00012342
27.93	-0.00023555
27.94	-0.00035301
27.95	-0.00042781
27.96	-0.00062464
27.97	-0.001403
27.98	-0.0028263
27.99	-0.0039596
28	-0.004263
28.01	-0.0045046
28.02	-0.005384
28.03	-0.0063016
28.04	-0.0065197
28.05	-0.0063112
28.06	-0.006143
28.07	-0.0060576
28.08	-0.0059414
28.09	-0.0057417
28.1	-0.0055277
28.11	-0.0053631
28.12	-0.0052126
28.13	-0.0050085
28.14	-0.0047694
28.15	-0.0049077
28.16	-0.0055641
28.17	-0.0057206
28.18	-0.0048369
28.19	-0.0038358
28.2	-0.003527
28.21	-0.0035023
28.22	-0.002821
28.23	-0.0015715
28.24	-0.00075336
28.25	-0.00072275
28.26	-0.00098639
28.27	-0.0011176
28.28	-0.0010894
28.29	-0.00086953
28.3	-0.00058457
28.31	-0.00069562
28.32	-0.0013324
28.33	-0.0021758
28.34	-0.0028962
28.35	-0.0032843
28.36	-0.0033067
28.37	-0.0031154
28.38	-0.0029805
28.39	-0.0030707
28.4	-0.0031598
28.41	-0.0029389
28.42	-0.0025418
28.43	-0.0022806
28.44	-0.0022153
28.45	-0.0019734
28.46	-0.001188
28.47	-0.00025477
28.48	0.00017384
28.49	0.00010547
28.5	-6.3218e-05
28.51	-0.00012583
28.52	-0.00011822
28.53	-0.00011068
28.54	-0.00012053
28.55	-0.00018335
28.56	-0.00039668
28.57	-0.00087564
28.58	-0.001509
28.59	-0.0018896
28.6	-0.0018476
28.61	-0.0016179
28.62	-0.0014962
28.63	-0.0015778
28.64	-0.0018269
28.65	-0.0022229
28.66	-0.0025273
28.67	-0.0022527
28.68	-0.0013709
28.69	-0.00056589
28.7	-0.00031973
28.71	-0.00041232
28.72	-0.00028058
28.73	0.00035076
28.74	0.0010194
28.75	0.0012362
28.76	0.0013218
28.77	0.0017192
28.78	0.00212
28.79	0.0022239
28.8	0.0023139
28.81	0.0025575
28.82	0.002728
28.83	0.0026349
28.84	0.0023301
28.85	0.0019439
28.86	0.0016212
28.87	0.0014207
28.88	0.0011018
28.89	0.00055351
28.9	8.8984e-05
28.91	-6.697e-05
28.92	-5.0505e-05
28.93	-6.4149e-05
28.94	-0.00014724
28.95	-0.00022192
28.96	-0.00027171
28.97	-0.00036124
28.98	-0.0005795
28.99	-0.0009385
29	-0.0012443
29.01	-0.001319
29.02	-0.0012249
29.03	-0.0011011
29.04	-0.0011089
29.05	-0.0013609
29.06	-0.0016558
29.07	-0.0017162
29.08	-0.0016724
29.09	-0.001779
29.1	-0.0019199
29.11	-0.0018723
29.12	-0.0017645
29.13	-0.0018074
29.14	-0.0018894
29.15	-0.0018937
29.16	-0.0019014
29.17	-0.0018758
29.18	-0.0017106
29.19	-0.0014361
29.2	-0.0011551
29.21	-0.00093642
29.22	-0.00079671
29.23	-0.00067942
29.24	-0.00049335
29.25	-0.00022564
29.26	3.221e-05
29.27	0.00024587
29.28	0.00050624
29.29	0.00087428
29.3	0.001268
29.31	0.0015215
29.32	0.0015669
29.33	0.0015541
29.34	0.001661
29.35	0.0018698
29.36	0.0020502
29.37	0.0021524
29.38	0.0021925
29.39	0.0021695
29.4	0.0021276
29.41	0.0021016
29.42	0.0020193
29.43	0.0018644
29.44	0.0017345
29.45	0.0016488
29.46	0.0015408
29.47	0.0014003
29.48	0.0012457
29.49	0.001086
29.5	0.00093142
29.51	0.00078778
29.52	0.0006556
29.53	0.00053671
29.54	0.00041218
29.55	0.00025325
29.56	8.9072e-05
29.57	-1.851e-05
29.58	-8.0406e-05
29.59	-0.00015701
29.6	-0.00024613
29.61	-0.00031427
29.62	-0.00036657
29.63	-0.00040031
29.64	-0.00041512
29.65	-0.00043493
29.66	-0.00046168
29.67	-0.00046232
29.68	-0.00041934
29.69	-0.00036492
29.7	-0.00033205
29.71	-0.00031022
29.72	-0.00027815
29.73	-0.000225
29.74	-0.00015878
29.75	-0.00010341
29.76	-6.3726e-05
29.77	-2.0332e-05
29.78	3.2627e-05
29.79	8.0027e-05
29.8	0.00011164
29.81	0.00013597
29.82	0.00016354
29.83	0.00019175
29.84	0.0002118
29.85	0.00022222
29.86	0.00022617
29.87	0.00022496
29.88	0.00021775
29.89	0.00020339
29.9	0.00018192
29.91	0.00015496
29.92	0.00012364
29.93	8.8581e-05
29.94	4.9812e-05
29.95	7.0212e-06
29.96	-3.9341e-05
29.97	-8.7814e-05
29.98	-0.00013736
29.99	-0.00018762
