0	-2.5792e-06
0.01	-9.1374e-06
0.02	-1.4129e-05
0.03	-1.1201e-05
0.04	-8.4916e-07
0.05	4.1317e-06
0.06	1.9342e-05
0.07	3.6115e-05
0.08	6.6334e-05
0.09	8.6384e-05
0.1	6.3174e-05
0.11	2.566e-05
0.12	1.3079e-05
0.13	-8.2225e-06
0.14	-2.14e-05
0.15	1.8612e-05
0.16	2.9908e-05
0.17	2.1794e-05
0.18	3.9927e-05
0.19	5.1089e-05
0.2	0.00022685
0.21	0.00033422
0.22	5.0527e-05
0.23	-0.00053351
0.24	-0.001145
0.25	-0.00089107
0.26	-0.0001665
0.27	0.00077194
0.28	0.0012189
0.29	0.00051682
0.3	-0.0018915
0.31	-0.0034218
0.32	-0.0017472
0.33	0.0017872
0.34	0.0027885
0.35	0.0005503
0.36	-0.0011196
0.37	0.00010171
0.38	0.0028528
0.39	0.0043337
0.4	0.0060961
0.41	0.0063796
0.42	0.0046081
0.43	0.0017241
0.44	-0.00089564
0.45	-0.0018071
0.46	-0.0001812
0.47	0.00067881
0.48	-0.000303
0.49	-0.0026403
0.5	-0.0025432
0.51	-0.00064168
0.52	-0.00053421
0.53	-0.0023698
0.54	-0.0042315
0.55	-0.0036272
0.56	-0.0039326
0.57	-0.0060871
0.58	-0.0074016
0.59	-0.0068113
0.6	-0.0047054
0.61	5.8723e-05
0.62	0.011547
0.63	0.019559
0.64	0.018342
0.65	0.0090229
0.66	-0.010536
0.67	-0.018515
0.68	-0.0024918
0.69	0.013705
0.7	0.014527
0.71	0.0046259
0.72	-0.0059151
0.73	-0.0053267
0.74	-0.0011342
0.75	-0.0032416
0.76	-0.0071822
0.77	-0.0053873
0.78	-0.00095157
0.79	0.00020823
0.8	0.0021831
0.81	0.011622
0.82	0.018791
0.83	0.011654
0.84	-0.0023078
0.85	-0.008262
0.86	-0.0057837
0.87	-0.0058125
0.88	-0.014055
0.89	-0.019437
0.9	-0.01406
0.91	-0.0029554
0.92	0.0013757
0.93	0.0013233
0.94	0.0022684
0.95	0.0070865
0.96	0.01279
0.97	0.013321
0.98	0.0047261
0.99	-0.0083952
1	-0.015927
1.01	-0.016242
1.02	-0.0025186
1.03	0.017293
1.04	0.026418
1.05	0.024141
1.06	0.0076279
1.07	-0.014546
1.08	-0.019264
1.09	-0.0096332
1.1	-0.0083018
1.11	-0.016783
1.12	-0.025962
1.13	-0.02827
1.14	-0.018751
1.15	-0.0040352
1.16	0.011327
1.17	0.028773
1.18	0.03729
1.19	0.034875
1.2	0.021263
1.21	0.0057113
1.22	0.0042775
1.23	0.011175
1.24	0.012135
1.25	0.0033017
1.26	-0.0005171
1.27	-0.00016973
1.28	0.0047917
1.29	0.0153
1.3	0.014588
1.31	-0.013369
1.32	-0.050531
1.33	-0.076087
1.34	-0.052453
1.35	0.0011738
1.36	0.036396
1.37	0.042091
1.38	0.029345
1.39	0.0069592
1.4	-0.017062
1.41	-0.034328
1.42	-0.042015
1.43	-0.040317
1.44	-0.035946
1.45	-0.017193
1.46	0.011658
1.47	0.033229
1.48	0.028891
1.49	0.0010759
1.5	-0.045023
1.51	-0.062653
1.52	-0.02924
1.53	0.0089083
1.54	0.016591
1.55	0.015892
1.56	0.017086
1.57	0.021158
1.58	0.028136
1.59	0.031751
1.6	0.031174
1.61	0.025061
1.62	0.0038464
1.63	-0.032487
1.64	-0.044949
1.65	-0.008876
1.66	0.027771
1.67	0.03522
1.68	0.027502
1.69	0.0073289
1.7	-0.023126
1.71	-0.041995
1.72	-0.037288
1.73	-0.022281
1.74	-0.0039406
1.75	0.0064806
1.76	0.0093259
1.77	0.013371
1.78	0.015497
1.79	0.017103
1.8	0.024502
1.81	0.02863
1.82	0.025544
1.83	0.01651
1.84	0.008895
1.85	0.0037411
1.86	0.0030955
1.87	0.0080239
1.88	0.010758
1.89	0.0069381
1.9	-0.0019
1.91	-0.015785
1.92	-0.012956
1.93	0.0062392
1.94	0.016361
1.95	0.010673
1.96	-0.0039711
1.97	-0.0081846
1.98	6.9514e-06
1.99	0.0074287
2	0.011849
2.01	0.011865
2.02	0.016447
2.03	0.01341
2.04	-0.00081819
2.05	-0.027964
2.06	-0.041667
2.07	-0.03921
2.08	-0.027499
2.09	-0.016287
2.1	-0.014719
2.11	-0.015553
2.12	-0.00054131
2.13	0.028193
2.14	0.032947
2.15	0.012383
2.16	-0.012092
2.17	-0.027241
2.18	-0.036107
2.19	-0.030606
2.2	0.010211
2.21	0.043314
2.22	0.052134
2.23	0.046904
2.24	0.024396
2.25	0.014843
2.26	0.013089
2.27	-0.0050038
2.28	-0.057468
2.29	-0.081988
2.3	-0.074874
2.31	-0.043317
2.32	0.020459
2.33	0.068232
2.34	0.082998
2.35	0.056044
2.36	-0.0052869
2.37	-0.057263
2.38	-0.073918
2.39	-0.065215
2.4	-0.049326
2.41	-0.008999
2.42	0.0412
2.43	0.073759
2.44	0.077185
2.45	0.061027
2.46	0.043352
2.47	0.0065167
2.48	-0.053018
2.49	-0.087944
2.5	-0.07852
2.51	-0.021524
2.52	0.027951
2.53	0.037815
2.54	0.0098949
2.55	-0.019306
2.56	-0.0059473
2.57	0.024393
2.58	0.035556
2.59	0.023247
2.6	0.0074467
2.61	-0.008237
2.62	-0.017063
2.63	0.0033381
2.64	0.035083
2.65	0.046446
2.66	0.038632
2.67	0.025027
2.68	0.0084264
2.69	0.00075641
2.7	0.0064074
2.71	0.013956
2.72	0.017524
2.73	0.0063981
2.74	-0.025026
2.75	-0.046888
2.76	-0.048629
2.77	-0.030063
2.78	-0.0017099
2.79	0.023314
2.8	0.023481
2.81	0.0082055
2.82	-0.0040984
2.83	0.0031029
2.84	0.021235
2.85	0.025836
2.86	0.015266
2.87	-0.0008864
2.88	-0.005914
2.89	0.00012114
2.9	0.010422
2.91	0.012941
2.92	0.011592
2.93	0.010505
2.94	-0.00087839
2.95	-0.034886
2.96	-0.059763
2.97	-0.054376
2.98	-0.024172
2.99	0.014195
3	0.025123
3.01	0.023315
3.02	0.0042911
3.03	-0.023415
3.04	-0.025801
3.05	-0.0067734
3.06	0.0033423
3.07	-0.0057812
3.08	-0.018575
3.09	-0.018148
3.1	-0.0071676
3.11	0.0058037
3.12	0.019167
3.13	0.028325
3.14	0.026465
3.15	0.016149
3.16	-0.018369
3.17	-0.038886
3.18	-0.025386
3.19	-0.0068138
3.2	-0.0075401
3.21	-0.024784
3.22	-0.030929
3.23	-0.023551
3.24	-0.017274
3.25	-0.017188
3.26	-0.017313
3.27	-0.019588
3.28	-0.014961
3.29	-0.0029053
3.3	0.023459
3.31	0.058574
3.32	0.07379
3.33	0.075533
3.34	0.060243
3.35	0.027993
3.36	-0.027149
3.37	-0.057242
3.38	-0.045509
3.39	-0.019128
3.4	-0.013831
3.41	-0.021829
3.42	-0.020453
3.43	0.017163
3.44	0.058111
3.45	0.073971
3.46	0.075594
3.47	0.047253
3.48	0.0031323
3.49	-0.041681
3.5	-0.044031
3.51	-0.016106
3.52	0.018335
3.53	0.035221
3.54	0.021882
3.55	-0.010804
3.56	-0.034734
3.57	-0.024102
3.58	0.0031993
3.59	0.008239
3.6	-0.0068478
3.61	-0.054407
3.62	-0.094215
3.63	-0.10584
3.64	-0.046856
3.65	0.045895
3.66	0.10481
3.67	0.072851
3.68	-0.0022365
3.69	-0.048245
3.7	-0.046014
3.71	-0.019462
3.72	0.0065828
3.73	0.013781
3.74	0.00061484
3.75	-0.012805
3.76	-0.011711
3.77	-0.0045079
3.78	0.011646
3.79	0.023801
3.8	0.01427
3.81	-0.026551
3.82	-0.054468
3.83	-0.044291
3.84	-0.0072449
3.85	0.011581
3.86	0.011403
3.87	0.0035338
3.88	-0.0016498
3.89	0.009321
3.9	0.032281
3.91	0.037772
3.92	0.02506
3.93	-0.0061649
3.94	-0.026456
3.95	-0.020493
3.96	0.01078
3.97	0.037625
3.98	0.046508
3.99	0.040825
4	0.028754
4.01	-0.010344
4.02	-0.055571
4.03	-0.074985
4.04	-0.066927
4.05	-0.037974
4.06	-0.0021927
4.07	0.018787
4.08	0.031471
4.09	0.043901
4.1	0.048321
4.11	0.043791
4.12	0.02869
4.13	-0.010572
4.14	-0.051951
4.15	-0.062997
4.16	-0.036763
4.17	0.0061566
4.18	0.024486
4.19	0.024674
4.2	0.029946
4.21	0.036008
4.22	0.033866
4.23	0.010648
4.24	-0.027922
4.25	-0.069401
4.26	-0.086014
4.27	-0.077613
4.28	0.00094756
4.29	0.073823
4.3	0.07852
4.31	0.058691
4.32	0.025892
4.33	0.015536
4.34	0.03314
4.35	0.053908
4.36	0.050118
4.37	0.024778
4.38	0.016136
4.39	0.039797
4.4	0.083053
4.41	0.12702
4.42	0.14061
4.43	0.1325
4.44	0.12491
4.45	0.14366
4.46	0.16592
4.47	0.15521
4.48	0.11378
4.49	0.042758
4.5	-0.042293
4.51	-0.12317
4.52	-0.20228
4.53	-0.27075
4.54	-0.31365
4.55	-0.33991
4.56	-0.35383
4.57	-0.34983
4.58	-0.32479
4.59	-0.28382
4.6	-0.22425
4.61	-0.14445
4.62	-0.061112
4.63	0.018864
4.64	0.085596
4.65	0.14896
4.66	0.17696
4.67	0.17186
4.68	0.16508
4.69	0.15366
4.7	0.12401
4.71	0.092915
4.72	0.06617
4.73	0.042662
4.74	0.04707
4.75	0.078559
4.76	0.11367
4.77	0.094511
4.78	0.01333
4.79	-0.068452
4.8	-0.11222
4.81	-0.12788
4.82	-0.13542
4.83	-0.12384
4.84	-0.035601
4.85	0.072411
4.86	0.11678
4.87	0.094831
4.88	0.049175
4.89	0.017665
4.9	0.021988
4.91	0.044011
4.92	0.04653
4.93	0.022018
4.94	-0.022709
4.95	-0.053969
4.96	-0.080717
4.97	-0.11549
4.98	-0.16435
4.99	-0.17376
5	-0.12612
5.01	0.012706
5.02	0.16307
5.03	0.2811
5.04	0.29698
5.05	0.23569
5.06	0.14403
5.07	0.086206
5.08	0.063781
5.09	0.043391
5.1	0.024368
5.11	-0.016242
5.12	-0.026752
5.13	-0.010281
5.14	0.0037957
5.15	0.0088515
5.16	-0.016132
5.17	-0.055694
5.18	-0.095027
5.19	-0.12852
5.2	-0.14294
5.21	-0.13243
5.22	-0.10018
5.23	-0.055607
5.24	0.00061289
5.25	0.053266
5.26	0.10407
5.27	0.15086
5.28	0.18441
5.29	0.21488
5.3	0.23669
5.31	0.24407
5.32	0.22807
5.33	0.19734
5.34	0.17642
5.35	0.15784
5.36	0.090934
5.37	-0.035268
5.38	-0.15463
5.39	-0.27299
5.4	-0.34593
5.41	-0.3535
5.42	-0.34953
5.43	-0.3444
5.44	-0.34625
5.45	-0.34821
5.46	-0.3315
5.47	-0.23718
5.48	-0.10207
5.49	0.025595
5.5	0.14612
5.51	0.23901
5.52	0.28123
5.53	0.2682
5.54	0.20226
5.55	0.10882
5.56	0.061122
5.57	0.044116
5.58	0.046858
5.59	0.069587
5.6	0.096962
5.61	0.088621
5.62	0.055204
5.63	0.034371
5.64	0.025625
5.65	0.031671
5.66	0.021755
5.67	-0.020839
5.68	-0.067667
5.69	-0.089931
5.7	-0.08457
5.71	-0.057873
5.72	-0.016726
5.73	-0.0045904
5.74	-0.031188
5.75	-0.092071
5.76	-0.14319
5.77	-0.19388
5.78	-0.22293
5.79	-0.23921
5.8	-0.25677
5.81	-0.25872
5.82	-0.21725
5.83	-0.116
5.84	0.025543
5.85	0.13607
5.86	0.23954
5.87	0.28195
5.88	0.24975
5.89	0.20473
5.9	0.16397
5.91	0.12059
5.92	0.096139
5.93	0.082449
5.94	0.062905
5.95	0.015028
5.96	-0.033412
5.97	-0.037666
5.98	0.0062154
5.99	0.033342
6	0.038364
6.01	0.025717
6.02	-0.0052695
6.03	-0.056567
6.04	-0.090063
6.05	-0.090121
6.06	-0.062784
6.07	-0.030116
6.08	-0.015746
6.09	-0.0075954
6.1	-0.0012286
6.11	0.011783
6.12	0.032134
6.13	0.066311
6.14	0.12085
6.15	0.1777
6.16	0.24008
6.17	0.30208
6.18	0.30654
6.19	0.2755
6.2	0.19802
6.21	0.11325
6.22	0.060037
6.23	0.023309
6.24	-0.0013499
6.25	-0.029962
6.26	-0.09244
6.27	-0.19805
6.28	-0.24493
6.29	-0.22611
6.3	-0.16847
6.31	-0.10478
6.32	-0.084609
6.33	-0.082033
6.34	-0.07421
6.35	-0.056459
6.36	-0.031447
6.37	0.0028111
6.38	0.048937
6.39	0.080111
6.4	0.084217
6.41	0.04309
6.42	0.01114
6.43	0.018437
6.44	0.047726
6.45	0.078842
6.46	0.11299
6.47	0.12618
6.48	0.12042
6.49	0.10244
6.5	0.060153
6.51	-0.020559
6.52	-0.10786
6.53	-0.19992
6.54	-0.2628
6.55	-0.2804
6.56	-0.27567
6.57	-0.25185
6.58	-0.19071
6.59	-0.12418
6.6	-0.085308
6.61	-0.057318
6.62	-0.041258
6.63	-0.028854
6.64	-0.0034123
6.65	0.030407
6.66	0.066705
6.67	0.091687
6.68	0.11523
6.69	0.11256
6.7	0.050065
6.71	-0.019527
6.72	-0.08892
6.73	-0.15902
6.74	-0.1862
6.75	-0.17003
6.76	-0.11301
6.77	0.0018395
6.78	0.084017
6.79	0.11415
6.8	0.11689
6.81	0.10733
6.82	0.093763
6.83	0.11446
6.84	0.10091
6.85	0.018166
6.86	-0.088677
6.87	-0.15385
6.88	-0.17081
6.89	-0.16394
6.9	-0.11982
6.91	-0.037155
6.92	0.024126
6.93	0.051212
6.94	0.065412
6.95	0.074123
6.96	0.081982
6.97	0.091512
6.98	0.12119
6.99	0.1745
7	0.18974
7.01	0.14953
7.02	0.091248
7.03	0.019311
7.04	-0.032064
7.05	-0.040744
7.06	-0.0096307
7.07	0.026634
7.08	0.057115
7.09	0.0702
7.1	0.074976
7.11	0.077714
7.12	0.079412
7.13	0.078018
7.14	0.067798
7.15	0.05305
7.16	0.0495
7.17	0.050775
7.18	0.046554
7.19	-0.0048959
7.2	-0.077383
7.21	-0.15007
7.22	-0.18553
7.23	-0.18404
7.24	-0.15233
7.25	-0.060073
7.26	0.030098
7.27	0.072087
7.28	0.043366
7.29	-0.029952
7.3	-0.07117
7.31	-0.060404
7.32	-0.01562
7.33	0.032362
7.34	0.052902
7.35	0.058019
7.36	0.040618
7.37	0.011307
7.38	-0.0099525
7.39	-0.027699
7.4	-0.040944
7.41	-0.040729
7.42	-0.023287
7.43	0.0096221
7.44	0.026109
7.45	0.024108
7.46	0.0068578
7.47	-0.02992
7.48	-0.068005
7.49	-0.058805
7.5	0.0011947
7.51	0.064646
7.52	0.11897
7.53	0.14413
7.54	0.12923
7.55	0.1078
7.56	0.079214
7.57	0.044777
7.58	-0.0032887
7.59	-0.059302
7.6	-0.088256
7.61	-0.090428
7.62	-0.088381
7.63	-0.087659
7.64	-0.086335
7.65	-0.07413
7.66	-0.037506
7.67	0.019458
7.68	0.060442
7.69	0.072273
7.7	0.051861
7.71	0.003966
7.72	-0.034076
7.73	-0.035261
7.74	-0.019352
7.75	-0.0178
7.76	-0.042128
7.77	-0.076975
7.78	-0.1034
7.79	-0.1044
7.8	-0.088889
7.81	-0.054015
7.82	-0.020301
7.83	0.0036442
7.84	0.015798
7.85	0.030154
7.86	0.048408
7.87	0.071524
7.88	0.11507
7.89	0.15549
7.9	0.1525
7.91	0.12961
7.92	0.098674
7.93	0.087651
7.94	0.094607
7.95	0.10736
7.96	0.096733
7.97	0.043596
7.98	-0.021923
7.99	-0.081906
8	-0.13614
8.01	-0.15346
8.02	-0.12614
8.03	-0.041713
8.04	0.063991
8.05	0.1434
8.06	0.1638
8.07	0.14536
8.08	0.11445
8.09	0.059297
8.1	-0.014888
8.11	-0.08464
8.12	-0.13773
8.13	-0.15834
8.14	-0.15376
8.15	-0.13714
8.16	-0.11663
8.17	-0.08755
8.18	-0.049643
8.19	-0.024523
8.2	-0.030161
8.21	-0.063004
8.22	-0.086787
8.23	-0.086475
8.24	-0.070839
8.25	-0.036965
8.26	-0.0066608
8.27	0.0071753
8.28	0.016708
8.29	0.026072
8.3	0.030065
8.31	0.029653
8.32	0.0045202
8.33	-0.058939
8.34	-0.10887
8.35	-0.12969
8.36	-0.11946
8.37	-0.071274
8.38	-0.01382
8.39	0.0089418
8.4	-0.0037608
8.41	-0.027966
8.42	-0.038267
8.43	-0.034456
8.44	-0.030907
8.45	-0.021713
8.46	-0.010485
8.47	0.0010737
8.48	0.0041495
8.49	-0.0073646
8.5	-0.023039
8.51	-0.023296
8.52	-0.0073097
8.53	0.028087
8.54	0.085445
8.55	0.1271
8.56	0.15741
8.57	0.19915
8.58	0.21293
8.59	0.16188
8.6	0.076578
8.61	0.014588
8.62	-0.031773
8.63	-0.035229
8.64	0.0013742
8.65	0.037447
8.66	0.073394
8.67	0.11022
8.68	0.1416
8.69	0.14335
8.7	0.12515
8.71	0.093578
8.72	0.05483
8.73	0.018933
8.74	-0.020785
8.75	-0.036037
8.76	-0.0046908
8.77	0.0412
8.78	0.066483
8.79	0.066467
8.8	0.038692
8.81	0.0092439
8.82	-0.014368
8.83	-0.037181
8.84	-0.063091
8.85	-0.085018
8.86	-0.12122
8.87	-0.16201
8.88	-0.16825
8.89	-0.14354
8.9	-0.074496
8.91	0.0061837
8.92	0.052518
8.93	0.048325
8.94	0.044709
8.95	0.062363
8.96	0.070834
8.97	0.066054
8.98	0.05031
8.99	0.025547
9	0.0096984
9.01	0.037324
9.02	0.065119
9.03	0.056613
9.04	0.029897
9.05	-0.034658
9.06	-0.13225
9.07	-0.19037
9.08	-0.17971
9.09	-0.14908
9.1	-0.13021
9.11	-0.13599
9.12	-0.15841
9.13	-0.17852
9.14	-0.18122
9.15	-0.15631
9.16	-0.073651
9.17	0.026869
9.18	0.071176
9.19	0.079415
9.2	0.072585
9.21	0.054794
9.22	0.027366
9.23	-0.022782
9.24	-0.079633
9.25	-0.096507
9.26	-0.077653
9.27	-0.016066
9.28	0.073728
9.29	0.15616
9.3	0.21808
9.31	0.23702
9.32	0.24312
9.33	0.24198
9.34	0.21511
9.35	0.1407
9.36	0.039635
9.37	-0.056377
9.38	-0.1484
9.39	-0.20173
9.4	-0.18966
9.41	-0.1161
9.42	-0.0042421
9.43	0.060733
9.44	0.074239
9.45	0.06187
9.46	0.028797
9.47	0.0042057
9.48	-0.00011731
9.49	0.0095618
9.5	0.013374
9.51	0.0092348
9.52	-0.0050306
9.53	-0.0098449
9.54	0.0026431
9.55	0.010201
9.56	-0.0060873
9.57	-0.040516
9.58	-0.10087
9.59	-0.15381
9.6	-0.17288
9.61	-0.16728
9.62	-0.15461
9.63	-0.13082
9.64	-0.093046
9.65	-0.019061
9.66	0.072142
9.67	0.15468
9.68	0.22183
9.69	0.25718
9.7	0.25045
9.71	0.19877
9.72	0.10655
9.73	0.0060658
9.74	-0.087101
9.75	-0.15558
9.76	-0.17008
9.77	-0.15047
9.78	-0.069695
9.79	0.026744
9.8	0.10801
9.81	0.18154
9.82	0.1974
9.83	0.15523
9.84	0.084207
9.85	-0.014499
9.86	-0.06916
9.87	-0.050544
9.88	-0.0027623
9.89	0.041564
9.9	0.063118
9.91	0.070602
9.92	0.045114
9.93	-0.0084503
9.94	-0.069658
9.95	-0.12332
9.96	-0.17701
9.97	-0.21566
9.98	-0.23015
9.99	-0.22829
10	-0.21872
10.01	-0.18828
10.02	-0.068978
10.03	0.12112
10.04	0.19645
10.05	0.21891
10.06	0.22718
10.07	0.20524
10.08	0.16028
10.09	0.093199
10.1	0.055363
10.11	0.039162
10.12	0.021165
10.13	-0.00040502
10.14	-0.033241
10.15	-0.070864
10.16	-0.10314
10.17	-0.12051
10.18	-0.10429
10.19	-0.031948
10.2	0.052498
10.21	0.096573
10.22	0.10283
10.23	0.070575
10.24	0.05817
10.25	0.07557
10.26	0.08796
10.27	0.084754
10.28	0.068399
10.29	0.047849
10.3	0.03323
10.31	0.043687
10.32	0.062705
10.33	0.031935
10.34	-0.033159
10.35	-0.088555
10.36	-0.14309
10.37	-0.18848
10.38	-0.21952
10.39	-0.21591
10.4	-0.16897
10.41	-0.034535
10.42	0.082873
10.43	0.15274
10.44	0.20346
10.45	0.20432
10.46	0.14833
10.47	0.072401
10.48	-0.0018337
10.49	-0.073951
10.5	-0.11861
10.51	-0.1133
10.52	-0.057879
10.53	0.00097743
10.54	0.046929
10.55	0.04886
10.56	0.012354
10.57	-0.041759
10.58	-0.094084
10.59	-0.13048
10.6	-0.15054
10.61	-0.1369
10.62	-0.097564
10.63	-0.056658
10.64	-0.022426
10.65	-0.0033059
10.66	0.015915
10.67	0.028101
10.68	0.035312
10.69	0.054964
10.7	0.093923
10.71	0.15237
10.72	0.25784
10.73	0.31328
10.74	0.30048
10.75	0.26986
10.76	0.19493
10.77	0.091529
10.78	-0.02563
10.79	-0.13875
10.8	-0.25177
10.81	-0.33431
10.82	-0.35752
10.83	-0.32674
10.84	-0.24202
10.85	-0.10945
10.86	-0.0055972
10.87	0.079393
10.88	0.1173
10.89	0.10478
10.9	0.064295
10.91	0.013686
10.92	-0.083255
10.93	-0.15241
10.94	-0.1521
10.95	-0.094954
10.96	-0.013866
10.97	0.041574
10.98	0.059699
10.99	0.024523
11	-0.029641
11.01	-0.082954
11.02	-0.10442
11.03	-0.096574
11.04	-0.042477
11.05	0.040095
11.06	0.096897
11.07	0.11455
11.08	0.096671
11.09	0.057994
11.1	0.015359
11.11	-0.0077377
11.12	0.0023916
11.13	0.019937
11.14	0.026085
11.15	0.025841
11.16	0.040208
11.17	0.06666
11.18	0.084722
11.19	0.083322
11.2	0.06625
11.21	0.046193
11.22	0.028481
11.23	-0.0012366
11.24	-0.060855
11.25	-0.13142
11.26	-0.16919
11.27	-0.17069
11.28	-0.15071
11.29	-0.10328
11.3	-0.035192
11.31	0.040273
11.32	0.11452
11.33	0.17395
11.34	0.19578
11.35	0.17864
11.36	0.11855
11.37	0.053609
11.38	0.004307
11.39	-0.028502
11.4	-0.054288
11.41	-0.069478
11.42	-0.087886
11.43	-0.10678
11.44	-0.12315
11.45	-0.12141
11.46	-0.1104
11.47	-0.10896
11.48	-0.12982
11.49	-0.15121
11.5	-0.18115
11.51	-0.17534
11.52	-0.12566
11.53	-0.015057
11.54	0.079579
11.55	0.13061
11.56	0.13576
11.57	0.097986
11.58	0.056658
11.59	0.034624
11.6	0.056864
11.61	0.083448
11.62	0.10467
11.63	0.11207
11.64	0.10457
11.65	0.075796
11.66	0.037359
11.67	0.0017068
11.68	-0.022541
11.69	-0.014049
11.7	0.030392
11.71	0.090984
11.72	0.1637
11.73	0.18928
11.74	0.17085
11.75	0.13934
11.76	0.10443
11.77	0.06017
11.78	0.01247
11.79	-0.030109
11.8	-0.071659
11.81	-0.10417
11.82	-0.11909
11.83	-0.12339
11.84	-0.12265
11.85	-0.10921
11.86	-0.081721
11.87	-0.03747
11.88	0.012536
11.89	0.041414
11.9	0.051105
11.91	0.045514
11.92	0.029471
11.93	0.0054919
11.94	-0.016565
11.95	-0.028043
11.96	-0.011559
11.97	0.0077806
11.98	0.012908
11.99	0.014379
12	0.025857
12.01	0.049586
12.02	0.076092
12.03	0.10207
12.04	0.11893
12.05	0.11442
12.06	0.066437
12.07	0.010969
12.08	-0.021568
12.09	-0.048614
12.1	-0.07777
12.11	-0.099007
12.12	-0.11577
12.13	-0.12742
12.14	-0.12665
12.15	-0.11706
12.16	-0.094713
12.17	-0.062049
12.18	-0.0077439
12.19	0.028052
12.2	0.045342
12.21	0.055429
12.22	0.069656
12.23	0.084068
12.24	0.083191
12.25	0.074323
12.26	0.062927
12.27	0.049154
12.28	0.032034
12.29	0.012129
12.3	-0.013474
12.31	-0.042836
12.32	-0.06649
12.33	-0.083277
12.34	-0.086844
12.35	-0.07109
12.36	-0.053692
12.37	-0.033723
12.38	-0.018441
12.39	-0.0087244
12.4	-0.0019954
12.41	0.0041038
12.42	0.015996
12.43	0.032638
12.44	0.049033
12.45	0.048863
12.46	0.03784
12.47	0.02825
12.48	0.030266
12.49	0.042437
12.5	0.063458
12.51	0.077857
12.52	0.070349
12.53	0.049678
12.54	0.018167
12.55	-0.011264
12.56	-0.026478
12.57	-0.033353
12.58	-0.039784
12.59	-0.048721
12.6	-0.062458
12.61	-0.063292
12.62	-0.047497
12.63	-0.022391
12.64	0.0048345
12.65	0.033288
12.66	0.050436
12.67	0.049426
12.68	0.037225
12.69	0.0091091
12.7	-0.014982
12.71	-0.029496
12.72	-0.022986
12.73	-0.0051991
12.74	0.0081973
12.75	0.018516
12.76	0.021912
12.77	0.016702
12.78	0.0072783
12.79	-0.0025847
12.8	-0.010776
12.81	-0.017147
12.82	-0.017499
12.83	-0.018371
12.84	-0.020817
12.85	-0.012888
12.86	0.0049072
12.87	0.024265
12.88	0.036713
12.89	0.032851
12.9	0.01722
12.91	0.0046271
12.92	-0.0013579
12.93	0.0052271
12.94	0.012215
12.95	0.0071351
12.96	-0.017854
12.97	-0.043092
12.98	-0.054251
12.99	-0.058651
13	-0.064036
13.01	-0.065231
13.02	-0.059769
13.03	-0.044416
13.04	-0.010205
13.05	0.024778
13.06	0.046117
13.07	0.060289
13.08	0.048385
13.09	0.014165
13.1	-0.033671
13.11	-0.077026
13.12	-0.095744
13.13	-0.1058
13.14	-0.11072
13.15	-0.10234
13.16	-0.078722
13.17	-0.043279
13.18	-0.011094
13.19	0.0078748
13.2	0.016131
13.21	0.017961
13.22	0.025876
13.23	0.043558
13.24	0.054032
13.25	0.048768
13.26	-0.011996
13.27	-0.062081
13.28	-0.06223
13.29	-0.042705
13.3	-0.012941
13.31	0.013523
13.32	0.032982
13.33	0.04129
13.34	0.03644
13.35	0.027538
13.36	0.014659
13.37	-0.0050249
13.38	-0.015247
13.39	-0.0028442
13.4	0.02762
13.41	0.065446
13.42	0.089479
13.43	0.070002
13.44	0.026936
13.45	-0.0047998
13.46	-0.017204
13.47	-0.0098048
13.48	0.0038396
13.49	0.015539
13.5	0.008234
13.51	-0.010922
13.52	-0.013504
13.53	0.0034307
13.54	0.019698
13.55	0.026351
13.56	0.032253
13.57	0.034497
13.58	0.030879
13.59	0.02752
13.6	0.024883
13.61	0.027761
13.62	0.038667
13.63	0.053231
13.64	0.068726
13.65	0.088014
13.66	0.096412
13.67	0.080759
13.68	0.036913
13.69	-0.022643
13.7	-0.052296
13.71	-0.041073
13.72	-0.012083
13.73	0.01478
13.74	0.028875
13.75	0.037716
13.76	0.049123
13.77	0.053553
13.78	0.042507
13.79	0.024314
13.8	0.0062172
13.81	-0.013101
13.82	-0.028593
13.83	-0.042196
13.84	-0.054745
13.85	-0.067054
13.86	-0.076406
13.87	-0.076046
13.88	-0.067446
13.89	-0.056526
13.9	-0.043515
13.91	-0.02955
13.92	-0.011748
13.93	0.0039324
13.94	0.016992
13.95	0.033069
13.96	0.048788
13.97	0.055315
13.98	0.050014
13.99	0.038161
14	0.020715
14.01	-0.0048924
14.02	-0.040397
14.03	-0.070288
14.04	-0.079067
14.05	-0.067571
14.06	-0.039259
14.07	0.0025003
14.08	0.038328
14.09	0.058177
14.1	0.070081
14.11	0.072185
14.12	0.067227
14.13	0.048859
14.14	0.022419
14.15	0.0080711
14.16	-0.0043671
14.17	-0.018299
14.18	-0.025473
14.19	-0.03029
14.2	-0.030569
14.21	-0.025244
14.22	-0.014513
14.23	-0.001235
14.24	0.0095774
14.25	0.011498
14.26	0.0073635
14.27	0.0020977
14.28	0.0026103
14.29	0.013198
14.3	0.025506
14.31	0.023589
14.32	0.0051647
14.33	-0.035289
14.34	-0.069589
14.35	-0.093233
14.36	-0.10242
14.37	-0.10363
14.38	-0.095282
14.39	-0.084765
14.4	-0.071817
14.41	-0.059473
14.42	-0.04501
14.43	-0.03368
14.44	-0.021397
14.45	-0.0075489
14.46	0.0063708
14.47	0.017505
14.48	0.01673
14.49	0.011874
14.5	0.021556
14.51	0.040532
14.52	0.051935
14.53	0.064098
14.54	0.066304
14.55	0.048381
14.56	0.0245
14.57	0.003134
14.58	-0.018976
14.59	-0.040222
14.6	-0.060807
14.61	-0.064996
14.62	-0.048274
14.63	-0.0047035
14.64	0.041379
14.65	0.066129
14.66	0.07246
14.67	0.067291
14.68	0.05027
14.69	0.026838
14.7	0.0078363
14.71	-0.0095823
14.72	-0.026681
14.73	-0.040093
14.74	-0.047482
14.75	-0.046931
14.76	-0.033765
14.77	-0.0066211
14.78	0.015363
14.79	0.030145
14.8	0.031394
14.81	0.021934
14.82	0.011019
14.83	0.0030424
14.84	0.0068243
14.85	0.0019775
14.86	-0.02081
14.87	-0.0392
14.88	-0.038643
14.89	-0.020361
14.9	0.0058769
14.91	0.030362
14.92	0.051328
14.93	0.057763
14.94	0.052338
14.95	0.040907
14.96	0.027719
14.97	0.0026152
14.98	-0.014104
14.99	-0.023199
15	-0.026456
15.01	-0.021245
15.02	-0.020628
15.03	-0.028481
15.04	-0.030889
15.05	-0.02018
15.06	-0.0077683
15.07	-0.00018133
15.08	0.0056596
15.09	0.0027506
15.1	-0.0018711
15.11	0.0027415
15.12	0.0065842
15.13	-0.0015787
15.14	-0.014651
15.15	-0.0405
15.16	-0.073875
15.17	-0.096437
15.18	-0.10036
15.19	-0.095749
15.2	-0.07613
15.21	-0.037355
15.22	0.0033051
15.23	0.021855
15.24	0.026146
15.25	0.018792
15.26	0.014364
15.27	0.0215
15.28	0.032217
15.29	0.040931
15.3	0.046163
15.31	0.047631
15.32	0.042795
15.33	0.036122
15.34	0.028808
15.35	0.025219
15.36	0.028174
15.37	0.035819
15.38	0.039458
15.39	0.036232
15.4	0.026315
15.41	0.011929
15.42	-0.0017039
15.43	-0.013522
15.44	-0.028482
15.45	-0.040713
15.46	-0.049958
15.47	-0.04861
15.48	-0.036264
15.49	-0.015902
15.5	-0.0021863
15.51	0.013169
15.52	0.028657
15.53	0.0398
15.54	0.048644
15.55	0.052592
15.56	0.051506
15.57	0.04206
15.58	0.027827
15.59	0.012649
15.6	-0.0030852
15.61	-0.018997
15.62	-0.029262
15.63	-0.047306
15.64	-0.052794
15.65	-0.035056
15.66	0.010002
15.67	0.046734
15.68	0.05149
15.69	0.048807
15.7	0.046472
15.71	0.048777
15.72	0.047638
15.73	0.034807
15.74	0.017301
15.75	0.0001521
15.76	-0.02537
15.77	-0.045093
15.78	-0.051177
15.79	-0.048243
15.8	-0.043845
15.81	-0.043527
15.82	-0.040447
15.83	-0.031804
15.84	0.0026633
15.85	0.046453
15.86	0.078479
15.87	0.097574
15.88	0.10838
15.89	0.085016
15.9	0.05017
15.91	0.023996
15.92	-0.00036107
15.93	-0.021218
15.94	-0.033169
15.95	-0.033558
15.96	-0.020491
15.97	0.0077192
15.98	0.037466
15.99	0.058577
16	0.068906
16.01	0.069456
16.02	0.063484
16.03	0.051893
16.04	0.032305
16.05	0.012544
16.06	-0.0034143
16.07	-0.018394
16.08	-0.020991
16.09	-0.013555
16.1	-0.010957
16.11	-0.014785
16.12	-0.026721
16.13	-0.040519
16.14	-0.040784
16.15	-0.04104
16.16	-0.045966
16.17	-0.050883
16.18	-0.057744
16.19	-0.055328
16.2	-0.044515
16.21	-0.020842
16.22	0.005535
16.23	0.021166
16.24	0.024328
16.25	0.020786
16.26	0.022695
16.27	0.028894
16.28	0.03463
16.29	0.039126
16.3	0.03606
16.31	0.027253
16.32	0.01491
16.33	0.0033563
16.34	-0.011085
16.35	-0.024937
16.36	-0.028982
16.37	-0.025132
16.38	-0.023575
16.39	-0.033574
16.4	-0.038278
16.41	-0.037164
16.42	-0.03961
16.43	-0.049035
16.44	-0.064687
16.45	-0.081352
16.46	-0.089159
16.47	-0.090132
16.48	-0.079413
16.49	-0.056365
16.5	-0.035907
16.51	-0.012936
16.52	0.0096214
16.53	0.026617
16.54	0.036771
16.55	0.044165
16.56	0.047627
16.57	0.050631
16.58	0.044979
16.59	0.029778
16.6	-0.0029509
16.61	-0.026649
16.62	-0.030575
16.63	-0.021676
16.64	-0.0075256
16.65	0.016267
16.66	0.025024
16.67	0.026645
16.68	0.032138
16.69	0.030021
16.7	0.025428
16.71	0.026867
16.72	0.030457
16.73	0.035127
16.74	0.034878
16.75	0.030137
16.76	0.021964
16.77	0.011827
16.78	0.0049972
16.79	-0.0030825
16.8	-0.010919
16.81	-0.015668
16.82	-0.014461
16.83	-0.0077273
16.84	-0.0015531
16.85	0.0081251
16.86	0.0095177
16.87	-0.0030304
16.88	-0.022265
16.89	-0.045072
16.9	-0.061983
16.91	-0.07082
16.92	-0.070304
16.93	-0.061378
16.94	-0.040322
16.95	-0.0055788
16.96	0.025013
16.97	0.038573
16.98	0.038648
16.99	0.033892
17	0.028104
17.01	0.024717
17.02	0.018968
17.03	0.0022251
17.04	-0.021189
17.05	-0.039183
17.06	-0.042715
17.07	-0.036168
17.08	-0.021646
17.09	-0.0036218
17.1	0.012855
17.11	0.028647
17.12	0.037581
17.13	0.038385
17.14	0.037213
17.15	0.029127
17.16	0.014642
17.17	-0.0032332
17.18	-0.018522
17.19	-0.027703
17.2	-0.026389
17.21	-0.017843
17.22	0.00075
17.23	0.021181
17.24	0.034017
17.25	0.042984
17.26	0.050889
17.27	0.052192
17.28	0.040676
17.29	0.020709
17.3	-0.0021355
17.31	-0.028333
17.32	-0.051191
17.33	-0.065548
17.34	-0.067574
17.35	-0.061658
17.36	-0.045459
17.37	-0.025686
17.38	-0.0041339
17.39	0.0089491
17.4	0.020563
17.41	0.019395
17.42	0.015762
17.43	0.0077645
17.44	0.0053265
17.45	0.013101
17.46	0.0213
17.47	0.025819
17.48	0.021531
17.49	0.0080211
17.5	-0.0071441
17.51	-0.017036
17.52	-0.02056
17.53	-0.019964
17.54	-0.013396
17.55	0.001848
17.56	0.017694
17.57	0.022694
17.58	0.019449
17.59	0.013673
17.6	0.001903
17.61	-0.00094573
17.62	-0.0029546
17.63	-0.0071502
17.64	-0.017341
17.65	-0.022438
17.66	-0.018634
17.67	-0.0098942
17.68	-0.00063352
17.69	0.0065194
17.7	0.0067494
17.71	0.0016514
17.72	-0.0038888
17.73	-0.00029122
17.74	0.0025216
17.75	-0.00044415
17.76	-0.010852
17.77	-0.028135
17.78	-0.038632
17.79	-0.035911
17.8	-0.011775
17.81	0.019948
17.82	0.042831
17.83	0.049269
17.84	0.045054
17.85	0.040265
17.86	0.040783
17.87	0.045418
17.88	0.050546
17.89	0.053096
17.9	0.050319
17.91	0.038812
17.92	0.019483
17.93	-0.0071193
17.94	-0.027595
17.95	-0.039401
17.96	-0.042004
17.97	-0.034577
17.98	-0.024183
17.99	-0.018553
18	-0.016175
18.01	-0.01918
18.02	-0.022897
18.03	-0.024704
18.04	-0.025205
18.05	-0.024861
18.06	-0.022776
18.07	-0.014275
18.08	0.0086457
18.09	0.028833
18.1	0.038979
18.11	0.042327
18.12	0.042439
18.13	0.03828
18.14	0.030195
18.15	0.026192
18.16	0.02527
18.17	0.02103
18.18	0.015722
18.19	0.0034702
18.2	-0.0082769
18.21	-0.016599
18.22	-0.024419
18.23	-0.023506
18.24	-0.018094
18.25	-0.0072031
18.26	0.005925
18.27	0.017221
18.28	0.021605
18.29	0.022639
18.3	0.021809
18.31	0.018504
18.32	0.014715
18.33	0.011851
18.34	0.010724
18.35	0.011007
18.36	0.015326
18.37	0.014832
18.38	0.010144
18.39	0.0034373
18.4	-0.0055169
18.41	-0.016769
18.42	-0.022883
18.43	-0.025885
18.44	-0.027469
18.45	-0.026271
18.46	-0.021021
18.47	-0.014607
18.48	-0.0095285
18.49	-0.0069783
18.5	-0.0060507
18.51	-0.0056119
18.52	-0.0091347
18.53	-0.011075
18.54	-0.0091854
18.55	-0.0025634
18.56	-0.0014616
18.57	-0.0050529
18.58	-0.020458
18.59	-0.034833
18.6	-0.036531
18.61	-0.031653
18.62	-0.022642
18.63	-0.015151
18.64	-0.0045024
18.65	0.0052203
18.66	0.0093169
18.67	0.0019594
18.68	-0.0074975
18.69	-0.024805
18.7	-0.037355
18.71	-0.040114
18.72	-0.034985
18.73	-0.0281
18.74	-0.018758
18.75	-0.0094393
18.76	0.0027124
18.77	0.0051762
18.78	0.0048293
18.79	0.0010398
18.8	-0.0015535
18.81	-0.0034843
18.82	-0.0035167
18.83	-0.0026267
18.84	-0.0032587
18.85	-0.0033162
18.86	-0.0017004
18.87	0.00053962
18.88	0.00066268
18.89	-0.0064169
18.9	-0.0148
18.91	-0.020518
18.92	-0.019903
18.93	-0.017806
18.94	-0.011089
18.95	-0.0011617
18.96	0.01131
18.97	0.01409
18.98	0.0084872
18.99	0.0019078
19	0.00056405
19.01	0.0029534
19.02	0.011107
19.03	0.016964
19.04	0.022706
19.05	0.021796
19.06	0.019107
19.07	0.0056105
19.08	-0.013998
19.09	-0.028948
19.1	-0.030138
19.11	-0.017974
19.12	0.013162
19.13	0.042656
19.14	0.053956
19.15	0.058745
19.16	0.057317
19.17	0.04586
19.18	0.020248
19.19	-0.011522
19.2	-0.033706
19.21	-0.046492
19.22	-0.054443
19.23	-0.048054
19.24	-0.033656
19.25	-0.0045448
19.26	0.021698
19.27	0.032744
19.28	0.033667
19.29	0.03324
19.3	0.033829
19.31	0.035261
19.32	0.030566
19.33	0.021826
19.34	0.017186
19.35	0.016931
19.36	0.023476
19.37	0.02931
19.38	0.035295
19.39	0.040792
19.4	0.041817
19.41	0.040748
19.42	0.042138
19.43	0.036011
19.44	0.020289
19.45	0.0035439
19.46	-0.011519
19.47	-0.015938
19.48	-0.011481
19.49	-0.012001
19.5	-0.021878
19.51	-0.030972
19.52	-0.027351
19.53	-0.012058
19.54	0.0084578
19.55	0.017082
19.56	0.015572
19.57	0.0076064
19.58	-0.0057119
19.59	-0.0082775
19.6	-0.010936
19.61	-0.010734
19.62	-0.0026047
19.63	0.00050965
19.64	0.0044013
19.65	0.0051813
19.66	0.0047186
19.67	-0.0052571
19.68	-0.020455
19.69	-0.029761
19.7	-0.035535
19.71	-0.037535
19.72	-0.02661
19.73	-0.015587
19.74	-0.011676
19.75	-0.011913
19.76	-0.0090986
19.77	-0.0061283
19.78	9.7666e-05
19.79	0.0013642
19.8	-0.0028116
19.81	-0.013098
19.82	-0.023985
19.83	-0.02965
19.84	-0.026258
19.85	-0.014493
19.86	-0.0036033
19.87	0.0016629
19.88	0.0060472
19.89	0.011889
19.9	0.020558
19.91	0.03196
19.92	0.037777
19.93	0.038169
19.94	0.032176
19.95	0.023922
19.96	0.012987
19.97	-0.0028902
19.98	-0.021757
19.99	-0.040025
20	-0.052357
20.01	-0.05679
20.02	-0.048484
20.03	-0.030386
20.04	-0.01509
20.05	-0.0074202
20.06	-0.0061784
20.07	-0.0035114
20.08	0.0026975
20.09	0.0033717
20.1	0.0023627
20.11	0.006212
20.12	0.011143
20.13	0.011202
20.14	0.014887
20.15	0.013483
20.16	0.0084862
20.17	0.0041045
20.18	0.0069849
20.19	0.015752
20.2	0.025501
20.21	0.028904
20.22	0.034706
20.23	0.032106
20.24	0.024541
20.25	0.016333
20.26	0.0048034
20.27	-0.0098993
20.28	-0.025669
20.29	-0.038911
20.3	-0.045446
20.31	-0.044491
20.32	-0.035378
20.33	-0.022779
20.34	-0.011328
20.35	-0.0020679
20.36	5.9307e-06
20.37	0.0023272
20.38	-0.00051281
20.39	-0.0056308
20.4	-0.015163
20.41	-0.01991
20.42	-0.024816
20.43	-0.026308
20.44	-0.025171
20.45	-0.020469
20.46	-0.014344
20.47	-0.0098917
20.48	-0.0052266
20.49	-0.0014535
20.5	0.0030045
20.51	0.010567
20.52	0.022564
20.53	0.029073
20.54	0.037673
20.55	0.038576
20.56	0.035626
20.57	0.033383
20.58	0.02735
20.59	0.017365
20.6	0.0024428
20.61	-0.0091023
20.62	-0.0081017
20.63	-0.0031698
20.64	0.0013598
20.65	0.0078633
20.66	0.014542
20.67	0.017761
20.68	0.018716
20.69	0.01973
20.7	0.016169
20.71	0.011754
20.72	0.0090922
20.73	0.0073203
20.74	0.0051463
20.75	0.006817
20.76	0.0038486
20.77	-0.0046619
20.78	-0.013032
20.79	-0.018859
20.8	-0.020626
20.81	-0.016199
20.82	-0.0073741
20.83	0.00052837
20.84	-2.8552e-05
20.85	-0.0045556
20.86	-0.0055815
20.87	0.0035415
20.88	0.014712
20.89	0.022016
20.9	0.024837
20.91	0.020597
20.92	0.013831
20.93	0.0092605
20.94	0.010029
20.95	0.01709
20.96	0.020339
20.97	0.015495
20.98	0.010442
20.99	0.015067
21	0.026462
21.01	0.037052
21.02	0.033533
21.03	0.021147
21.04	0.0077275
21.05	-0.0047853
21.06	-0.017966
21.07	-0.031606
21.08	-0.044529
21.09	-0.048274
21.1	-0.047305
21.11	-0.032665
21.12	-0.0069589
21.13	0.022446
21.14	0.046384
21.15	0.059016
21.16	0.060305
21.17	0.049857
21.18	0.032529
21.19	0.0079261
21.2	-0.014853
21.21	-0.024168
21.22	-0.018739
21.23	-0.013404
21.24	-0.010095
21.25	-0.010335
21.26	-0.0057834
21.27	-0.001058
21.28	0.0039823
21.29	0.0072187
21.3	0.0053851
21.31	-0.0028294
21.32	-0.015026
21.33	-0.026584
21.34	-0.033375
21.35	-0.03654
21.36	-0.034382
21.37	-0.027888
21.38	-0.017581
21.39	0.0044247
21.4	0.029403
21.41	0.042495
21.42	0.044577
21.43	0.039568
21.44	0.029231
21.45	0.014875
21.46	0.0012813
21.47	-0.0040386
21.48	-0.0088298
21.49	-0.016277
21.5	-0.023552
21.51	-0.031262
21.52	-0.033884
21.53	-0.030076
21.54	-0.026018
21.55	-0.025826
21.56	-0.027362
21.57	-0.026494
21.58	-0.024169
21.59	-0.016472
21.6	-0.012868
21.61	-0.010935
21.62	-0.011006
21.63	-0.014828
21.64	-0.014701
21.65	-0.01253
21.66	-0.015976
21.67	-0.019572
21.68	-0.018974
21.69	-0.018011
21.7	-0.013329
21.71	-0.0032776
21.72	0.0042837
21.73	0.0052288
21.74	-0.0034695
21.75	-0.011852
21.76	-0.015421
21.77	-0.017781
21.78	-0.018959
21.79	-0.01905
21.8	-0.02073
21.81	-0.019817
21.82	-0.019518
21.83	-0.018649
21.84	-0.013388
21.85	-0.0090344
21.86	-0.0085564
21.87	-0.0091335
21.88	-0.012306
21.89	-0.013959
21.9	-0.013776
21.91	-0.00603
21.92	0.0018465
21.93	0.011558
21.94	0.015789
21.95	0.015564
21.96	0.017061
21.97	0.016789
21.98	0.016675
21.99	0.019532
22	0.02283
22.01	0.022944
22.02	0.019201
22.03	0.014096
22.04	0.011571
22.05	0.011743
22.06	0.014514
22.07	0.017057
22.08	0.019657
22.09	0.021891
22.1	0.02333
22.11	0.021911
22.12	0.021009
22.13	0.014677
22.14	0.0096667
22.15	0.0089972
22.16	0.0056553
22.17	-0.003651
22.18	-0.0069009
22.19	-0.0015626
22.2	0.0076611
22.21	0.011586
22.22	0.008643
22.23	0.0017663
22.24	-0.0051179
22.25	-0.0023858
22.26	0.0092464
22.27	0.021103
22.28	0.022438
22.29	0.019555
22.3	0.015861
22.31	0.014009
22.32	0.013816
22.33	0.010535
22.34	0.0094388
22.35	0.0027375
22.36	-0.012537
22.37	-0.024311
22.38	-0.024968
22.39	-0.019138
22.4	-0.0095413
22.41	-0.00095132
22.42	0.0017483
22.43	-0.0029644
22.44	-0.00055649
22.45	0.002522
22.46	0.0098137
22.47	0.013754
22.48	0.012292
22.49	0.0095682
22.5	-0.0029267
22.51	-0.009452
22.52	-0.0098583
22.53	-0.012837
22.54	-0.018247
22.55	-0.018139
22.56	-0.01288
22.57	-0.00031628
22.58	0.011986
22.59	0.011924
22.6	0.0031328
22.61	-0.0055814
22.62	-0.013682
22.63	-0.016374
22.64	-0.014061
22.65	-0.0061266
22.66	0.0062499
22.67	0.015618
22.68	0.017205
22.69	0.015891
22.7	0.014878
22.71	0.0091221
22.72	0.0046749
22.73	-0.0036032
22.74	-0.010583
22.75	-0.016302
22.76	-0.018534
22.77	-0.01852
22.78	-0.011719
22.79	-0.0042953
22.8	-0.0011946
22.81	-0.001004
22.82	-0.0023155
22.83	-0.0022818
22.84	-0.0049287
22.85	-0.0062557
22.86	-0.003391
22.87	-0.00074356
22.88	0.002744
22.89	0.001759
22.9	0.0008928
22.91	0.0022898
22.92	0.005862
22.93	0.0089531
22.94	0.011785
22.95	0.019136
22.96	0.021414
22.97	0.01875
22.98	0.0111
22.99	-0.0019251
23	-0.0085287
23.01	-0.0092116
23.02	0.00025194
23.03	0.008543
23.04	0.018028
23.05	0.026797
23.06	0.030104
23.07	0.028051
23.08	0.027363
23.09	0.026735
23.1	0.025469
23.11	0.028068
23.12	0.023693
23.13	0.017296
23.14	0.0065303
23.15	-0.0061575
23.16	-0.012228
23.17	-0.013088
23.18	-0.010879
23.19	-0.0080788
23.2	-0.0090296
23.21	-0.011946
23.22	-0.015026
23.23	-0.017682
23.24	-0.017677
23.25	-0.0085597
23.26	0.00085761
23.27	0.0028565
23.28	-0.0010111
23.29	-0.0097559
23.3	-0.015652
23.31	-0.016298
23.32	-0.012692
23.33	-0.0047909
23.34	0.0042695
23.35	0.016268
23.36	0.026261
23.37	0.029066
23.38	0.02029
23.39	0.004447
23.4	-0.012532
23.41	-0.028985
23.42	-0.039178
23.43	-0.042551
23.44	-0.038004
23.45	-0.031182
23.46	-0.025367
23.47	-0.022898
23.48	-0.023286
23.49	-0.01887
23.5	-0.01283
23.51	-0.0055649
23.52	0.00038728
23.53	0.0050443
23.54	0.008762
23.55	0.013047
23.56	0.013028
23.57	0.0086213
23.58	0.0036996
23.59	-0.0060771
23.6	-0.014895
23.61	-0.019144
23.62	-0.021738
23.63	-0.021797
23.64	-0.018322
23.65	-0.014935
23.66	-0.010586
23.67	-0.006831
23.68	-0.0045179
23.69	-0.00095902
23.7	0.004284
23.71	0.0074692
23.72	0.0091425
23.73	0.0098406
23.74	0.0082591
23.75	0.0077255
23.76	0.0038975
23.77	-0.0079672
23.78	-0.018857
23.79	-0.025352
23.8	-0.024191
23.81	-0.018106
23.82	-0.013297
23.83	-0.0053359
23.84	0.00095206
23.85	0.0080214
23.86	0.017786
23.87	0.022047
23.88	0.020049
23.89	0.014716
23.9	0.0055125
23.91	-0.0011552
23.92	-0.0035345
23.93	-0.0042243
23.94	-0.0036932
23.95	0.002299
23.96	0.011121
23.97	0.017727
23.98	0.020479
23.99	0.019215
24	0.009166
24.01	-0.001722
24.02	-0.0086435
24.03	-0.0073546
24.04	-0.0062891
24.05	-0.008609
24.06	-0.0087068
24.07	-0.010309
24.08	-0.0094282
24.09	-0.0075942
24.1	-0.0080891
24.11	-0.002996
24.12	0.0019942
24.13	0.0027144
24.14	0.0074226
24.15	0.01118
24.16	0.011893
24.17	0.0072012
24.18	0.0062857
24.19	0.0044348
24.2	0.0036642
24.21	0.0050778
24.22	0.0062845
24.23	0.00099871
24.24	-0.004469
24.25	-0.0061253
24.26	-0.00026991
24.27	0.0046587
24.28	0.0076178
24.29	0.0090355
24.3	0.0053614
24.31	0.0012779
24.32	-0.0017761
24.33	-0.0072139
24.34	-0.011305
24.35	-0.015528
24.36	-0.01727
24.37	-0.015717
24.38	-0.0087654
24.39	0.0010664
24.4	0.014437
24.41	0.025039
24.42	0.026275
24.43	0.026329
24.44	0.021134
24.45	0.016928
24.46	0.015752
24.47	0.014757
24.48	0.0097919
24.49	0.0068609
24.5	-0.00032324
24.51	-0.0053151
24.52	-0.005156
24.53	-0.0049157
24.54	-0.0049269
24.55	-0.0071478
24.56	-0.013296
24.57	-0.013992
24.58	-0.013599
24.59	-0.013288
24.6	-0.0044203
24.61	0.0076666
24.62	0.014064
24.63	0.019787
24.64	0.019675
24.65	0.021006
24.66	0.025527
24.67	0.034249
24.68	0.029415
24.69	0.010815
24.7	-0.00079544
24.71	-0.01053
24.72	-0.020953
24.73	-0.024784
24.74	-0.026956
24.75	-0.022317
24.76	-0.011978
24.77	-0.0062293
24.78	-0.0056706
24.79	-0.010283
24.8	-0.013111
24.81	-0.012688
24.82	-0.0080847
24.83	-0.0042897
24.84	-0.00025938
24.85	0.0012612
24.86	0.00033695
24.87	-0.0023359
24.88	-0.0074896
24.89	-0.010657
24.9	-0.011445
24.91	-0.0041192
24.92	0.0062121
24.93	0.013323
24.94	0.01355
24.95	0.012042
24.96	0.0080983
24.97	0.0061992
24.98	0.0076163
24.99	0.0080057
25	0.010257
25.01	0.012548
25.02	0.012587
25.03	0.015817
25.04	0.017857
25.05	0.019518
25.06	0.019594
25.07	0.014341
25.08	0.0091156
25.09	0.0016352
25.1	-0.0088321
25.11	-0.0097676
25.12	-0.013677
25.13	-0.019189
25.14	-0.012278
25.15	-0.0025338
25.16	0.0080327
25.17	0.015186
25.18	0.016569
25.19	0.014122
25.2	0.0096283
25.21	0.0056502
25.22	0.0062622
25.23	-0.0011394
25.24	-0.012713
25.25	-0.019034
25.26	-0.019303
25.27	-0.014624
25.28	-0.0063541
25.29	0.0025083
25.3	0.011923
25.31	0.019163
25.32	0.024543
25.33	0.028844
25.34	0.031662
25.35	0.027922
25.36	0.019748
25.37	0.010512
25.38	0.0054207
25.39	0.0043736
25.4	0.0046014
25.41	-0.0034405
25.42	-0.011262
25.43	-0.022317
25.44	-0.0291
25.45	-0.035574
25.46	-0.034503
25.47	-0.021803
25.48	-0.0096975
25.49	0.0051116
25.5	0.013949
25.51	0.017941
25.52	0.016237
25.53	0.0095643
25.54	0.0034952
25.55	3.7538e-06
25.56	0.0032244
25.57	0.0096417
25.58	0.0083648
25.59	0.0019704
25.6	-0.0046732
25.61	-0.0063412
25.62	-0.0065823
25.63	-0.01032
25.64	-0.014202
25.65	-0.019013
25.66	-0.014062
25.67	-0.0091666
25.68	-0.0041355
25.69	0.0027555
25.7	0.0052405
25.71	0.0010887
25.72	-0.0035118
25.73	-0.0050291
25.74	-0.0058952
25.75	-0.0043544
25.76	-0.00016734
25.77	0.0019759
25.78	-0.00072319
25.79	-0.0049168
25.8	-0.011276
25.81	-0.013205
25.82	-0.01125
25.83	-0.0079437
25.84	-0.0023394
25.85	0.0014542
25.86	0.00097192
25.87	-7.6676e-05
25.88	0.00066182
25.89	0.00028261
25.9	0.0026441
25.91	0.0044659
25.92	0.0048746
25.93	0.0027562
25.94	-0.0023597
25.95	-0.0043044
25.96	-0.0034803
25.97	-0.0029815
25.98	-0.0028847
25.99	-0.0046655
26	-0.0022188
26.01	0.0042744
26.02	0.01329
26.03	0.014974
26.04	0.013408
26.05	0.011788
26.06	0.0019828
26.07	-0.0096228
26.08	-0.012573
26.09	-0.015505
26.1	-0.018213
26.11	-0.017474
26.12	-0.016336
26.13	-0.01558
26.14	-0.014432
26.15	-0.0094942
26.16	-0.0012826
26.17	0.0073068
26.18	0.012402
26.19	0.014434
26.2	0.013468
26.21	0.011671
26.22	0.0083508
26.23	0.0053239
26.24	0.0029629
26.25	0.0040677
26.26	0.0049062
26.27	0.0079366
26.28	0.0072136
26.29	0.0019618
26.3	-0.0016952
26.31	-0.0031296
26.32	0.0015619
26.33	0.0060432
26.34	0.0066649
26.35	0.0054502
26.36	0.0038419
26.37	0.0037336
26.38	0.0035755
26.39	0.0031416
26.4	0.0019419
26.41	0.0016742
26.42	-8.1806e-05
26.43	-0.00090764
26.44	-0.0013444
26.45	-0.0026302
26.46	-0.0053513
26.47	-0.0080987
26.48	-0.012187
26.49	-0.012436
26.5	-0.010426
26.51	-0.0085075
26.52	-0.0064951
26.53	-0.0083177
26.54	-0.012655
26.55	-0.017568
26.56	-0.019415
26.57	-0.018241
26.58	-0.018491
26.59	-0.016377
26.6	-0.014555
26.61	-0.0093745
26.62	-0.0027572
26.63	-0.00097971
26.64	-0.0043207
26.65	-0.0089072
26.66	-0.011721
26.67	-0.01123
26.68	-0.0044324
26.69	0.0047896
26.7	0.011395
26.71	0.014851
26.72	0.017226
26.73	0.019603
26.74	0.018475
26.75	0.017572
26.76	0.015169
26.77	0.010184
26.78	0.005335
26.79	0.0024415
26.8	-0.0023108
26.81	-0.0072148
26.82	-0.012138
26.83	-0.014545
26.84	-0.017169
26.85	-0.017677
26.86	-0.012754
26.87	-0.0034588
26.88	0.0061574
26.89	0.0086614
26.9	0.0078675
26.91	0.0024867
26.92	-0.0013461
26.93	-0.0011379
26.94	-0.0011397
26.95	-0.0012676
26.96	-0.0012284
26.97	-0.00027942
26.98	0.0021369
26.99	0.0045054
27	0.0012142
27.01	-0.0052516
27.02	-0.010272
27.03	-0.0125
27.04	-0.01137
27.05	-0.0099611
27.06	-0.009058
27.07	-0.0087379
27.08	-0.0076687
27.09	-0.0075294
27.1	-0.0070154
27.11	-0.0058047
27.12	-0.0011972
27.13	0.0018978
27.14	0.0049835
27.15	0.0071793
27.16	0.0090198
27.17	0.0082434
27.18	0.012403
27.19	0.019218
27.2	0.02134
27.21	0.023964
27.22	0.025833
27.23	0.018583
27.24	0.012177
27.25	0.0044763
27.26	0.0011688
27.27	-0.0041079
27.28	-0.014219
27.29	-0.018469
27.3	-0.017391
27.31	-0.015454
27.32	-0.0071478
27.33	0.0029339
27.34	0.0069145
27.35	0.012912
27.36	0.013073
27.37	0.010215
27.38	0.0081359
27.39	0.0074367
27.4	0.0062727
27.41	0.0085051
27.42	0.0116
27.43	0.011787
27.44	0.011182
27.45	0.01051
27.46	0.0091854
27.47	0.0060561
27.48	0.0013422
27.49	-0.0016002
27.5	-0.0010257
27.51	-0.0019187
27.52	0.0019788
27.53	0.0072719
27.54	0.010163
27.55	0.012065
27.56	0.011692
27.57	0.0090348
27.58	0.0090066
27.59	0.0064113
27.6	0.0025666
27.61	0.0011809
27.62	0.0026893
27.63	0.0015889
27.64	0.0005527
27.65	0.00060246
27.66	0.00097466
27.67	0.0018472
27.68	0.00073977
27.69	-0.00080994
27.7	-0.0020998
27.71	-0.0054442
27.72	-0.0055325
27.73	-0.0068737
27.74	-0.0088674
27.75	-0.0097853
27.76	-0.0021228
27.77	0.0093506
27.78	0.018583
27.79	0.024091
27.8	0.021499
27.81	0.014637
27.82	0.006261
27.83	-0.0011875
27.84	-0.010209
27.85	-0.014589
27.86	-0.013102
27.87	-0.011744
27.88	-0.01
27.89	-0.012821
27.9	-0.015352
27.91	-0.018094
27.92	-0.02044
27.93	-0.019505
27.94	-0.018428
27.95	-0.017078
27.96	-0.015424
27.97	-0.013882
27.98	-0.011074
27.99	-0.0073765
28	-0.0033302
28.01	0.00056222
28.02	0.0015025
28.03	-0.0011239
28.04	-0.0051014
28.05	-0.0064148
28.06	-0.0049336
28.07	-0.0011914
28.08	0.0017616
28.09	0.001063
28.1	-0.002586
28.11	-0.0044429
28.12	-0.0050026
28.13	-0.005436
28.14	-0.0042603
28.15	-0.0014036
28.16	0.001081
28.17	-0.00046277
28.18	-0.0032787
28.19	-0.0031865
28.2	-0.002674
28.21	-0.0023098
28.22	-0.0015586
28.23	0.0012911
28.24	0.0042783
28.25	0.0063441
28.26	0.0076349
28.27	0.0077611
28.28	0.0072523
28.29	0.0056794
28.3	0.004444
28.31	0.0053087
28.32	0.0031969
28.33	0.0010302
28.34	-0.00038329
28.35	-0.0023765
28.36	-0.0016128
28.37	-0.00086351
28.38	-0.0023558
28.39	-0.0057606
28.4	-0.0085535
28.41	-0.0097246
28.42	-0.0097018
28.43	-0.0071695
28.44	-0.0055702
28.45	-0.0043742
28.46	-0.0019365
28.47	0.0019558
28.48	0.005514
28.49	0.0067197
28.5	0.0063731
28.51	0.0054721
28.52	0.0038145
28.53	0.0027672
28.54	0.0027359
28.55	0.0038019
28.56	0.0042591
28.57	0.0048012
28.58	0.0052513
28.59	0.004813
28.6	0.0039207
28.61	0.0051452
28.62	0.0069899
28.63	0.0076276
28.64	0.0064496
28.65	0.0044918
28.66	0.0035649
28.67	0.0018605
28.68	0.00081191
28.69	-0.00093989
28.7	-0.0014263
28.71	-0.0020033
28.72	-0.00094889
28.73	0.0014992
28.74	0.0036599
28.75	0.0074714
28.76	0.010293
28.77	0.010009
28.78	0.0084525
28.79	0.0061895
28.8	0.0033126
28.81	0.0027806
28.82	0.0040758
28.83	0.0053187
28.84	0.004912
28.85	0.0041062
28.86	0.0039924
28.87	0.0035123
28.88	0.0038714
28.89	0.0036016
28.9	0.0031404
28.91	0.0020228
28.92	0.00012569
28.93	-0.001416
28.94	-0.0024529
28.95	-0.0029884
28.96	-0.0030769
28.97	-0.0029556
28.98	-0.0026971
28.99	-0.0018024
29	-0.00091627
29.01	-0.00067375
29.02	-0.00086733
29.03	-0.0011558
29.04	-0.0014016
29.05	-0.0010586
29.06	-0.00079651
29.07	-0.00024252
29.08	0.00035312
29.09	0.0007133
29.1	0.00071513
29.11	0.00046083
29.12	0.0002363
29.13	-0.00012276
29.14	-0.00026632
29.15	-0.00014592
29.16	-0.00013215
29.17	3.8986e-05
29.18	2.727e-05
29.19	1.4926e-06
29.2	-0.00010484
29.21	-0.00029463
29.22	-0.00032082
29.23	-0.00045541
29.24	-0.0009488
29.25	-0.0013236
29.26	-0.0016732
29.27	-0.0019636
29.28	-0.0025015
29.29	-0.0029149
29.3	-0.0029719
29.31	-0.0028432
29.32	-0.0023174
29.33	-0.0019391
29.34	-0.001621
29.35	-0.0012602
29.36	-0.0011528
29.37	-0.0010815
29.38	-0.0010079
29.39	-0.00095634
29.4	-0.00073861
29.41	-0.00061527
29.42	-0.00072889
29.43	-0.00083371
29.44	-0.00082021
29.45	-0.00075551
29.46	-0.00069136
29.47	-0.00061266
29.48	-0.00065495
29.49	-0.00070415
29.5	-0.00067641
29.51	-0.00063854
29.52	-0.0005354
29.53	-0.00049556
29.54	-0.00050625
29.55	-0.00049645
29.56	-0.00054952
29.57	-0.00056251
29.58	-0.00054573
29.59	-0.00053955
29.6	-0.00051786
29.61	-0.00044992
29.62	-0.00040345
29.63	-0.00036399
29.64	-0.00033472
29.65	-0.00032701
29.66	-0.00034265
29.67	-0.0003505
29.68	-0.0003459
29.69	-0.00033741
29.7	-0.00031706
29.71	-0.00028443
29.72	-0.00026152
29.73	-0.00024482
29.74	-0.00023348
29.75	-0.00021701
29.76	-0.00019997
29.77	-0.00017953
29.78	-0.00015477
29.79	-0.00013299
29.8	-0.00011395
29.81	-9.4689e-05
29.82	-7.5653e-05
29.83	-5.8317e-05
29.84	-4.1137e-05
29.85	-2.4137e-05
29.86	-7.2774e-06
29.87	9.5057e-06
29.88	2.5957e-05
29.89	4.2032e-05
29.9	5.7629e-05
29.91	7.2767e-05
29.92	8.74e-05
29.93	0.00010161
29.94	0.00011535
29.95	0.00012865
29.96	0.00014146
29.97	0.00015377
29.98	0.00016555
