0	1.3653e-05
0.01	0.00014694
0.02	0.0005011
0.03	0.00065351
0.04	0.00054514
0.05	0.00050848
0.06	0.00047323
0.07	0.00044158
0.08	0.00041322
0.09	0.00038711
0.1	0.00036215
0.11	0.00033991
0.12	0.00032199
0.13	0.00031088
0.14	0.00031097
0.15	0.00032472
0.16	0.00034771
0.17	0.00037121
0.18	0.00038787
0.19	0.00039032
0.2	0.00037497
0.21	0.00034967
0.22	0.000328
0.23	0.00031629
0.24	0.0003075
0.25	0.00029294
0.26	0.00027568
0.27	0.00026939
0.28	0.0002866
0.29	0.00032833
0.3	0.00037827
0.31	0.00040773
0.32	0.00039405
0.33	0.00034217
0.34	0.00028425
0.35	0.00024759
0.36	0.00022828
0.37	0.00020383
0.38	0.00016556
0.39	0.00012044
0.4	8.8784e-05
0.41	0.00010305
0.42	0.00016233
0.43	0.00023105
0.44	0.00027315
0.45	0.00025331
0.46	0.00017177
0.47	8.4172e-05
0.48	4.1359e-05
0.49	3.8341e-05
0.5	3.858e-05
0.51	2.7879e-05
0.52	3.2143e-05
0.53	5.8124e-05
0.54	1.0575e-05
0.55	-0.00019349
0.56	-0.00046388
0.57	-0.000629
0.58	-0.00060353
0.59	-0.00047076
0.6	-0.00041177
0.61	-0.0004853
0.62	-0.00054673
0.63	-0.0004463
0.64	-0.00022496
0.65	-6.563e-05
0.66	-0.00010071
0.67	-0.00030098
0.68	-0.00051571
0.69	-0.00058639
0.7	-0.00048517
0.71	-0.00034161
0.72	-0.0003084
0.73	-0.0004015
0.74	-0.00053708
0.75	-0.0006798
0.76	-0.00082103
0.77	-0.00095316
0.78	-0.0010918
0.79	-0.0012113
0.8	-0.0011854
0.81	-0.00093387
0.82	-0.00061201
0.83	-0.00045881
0.84	-0.0005102
0.85	-0.00057214
0.86	-0.00047278
0.87	-0.00034199
0.88	-0.0004566
0.89	-0.00077163
0.9	-0.00097823
0.91	-0.00096822
0.92	-0.00082883
0.93	-0.00063819
0.94	-0.00048567
0.95	-0.00040175
0.96	-0.00034871
0.97	-0.0003498
0.98	-0.00046073
0.99	-0.00063075
1	-0.00067655
1.01	-0.00047072
1.02	-8.3484e-05
1.03	0.0003157
1.04	0.00057757
1.05	0.00064875
1.06	0.00062906
1.07	0.00070624
1.08	0.00093759
1.09	0.0010827
1.1	0.00085836
1.11	0.00038067
1.12	0.00012025
1.13	0.00024931
1.14	0.00032761
1.15	-5.4713e-05
1.16	-0.00070446
1.17	-0.0011344
1.18	-0.0012289
1.19	-0.0012822
1.2	-0.0015389
1.21	-0.0018453
1.22	-0.0016459
1.23	-0.00072396
1.24	0.00036862
1.25	0.00090893
1.26	0.00068642
1.27	0.00012903
1.28	-0.00019551
1.29	-0.00010004
1.3	0.00015214
1.31	0.00019396
1.32	4.9485e-05
1.33	3.0009e-05
1.34	0.00023809
1.35	0.00053333
1.36	0.00060148
1.37	0.0003526
1.38	0.00029237
1.39	0.00084337
1.4	0.0017956
1.41	0.0025211
1.42	0.0024058
1.43	0.001396
1.44	1.7132e-05
1.45	-0.00118
1.46	-0.0019813
1.47	-0.0025493
1.48	-0.0030575
1.49	-0.0034602
1.5	-0.0036273
1.51	-0.0034299
1.52	-0.0027835
1.53	-0.0017107
1.54	-0.00045861
1.55	0.00053662
1.56	0.00066282
1.57	-0.00023672
1.58	-0.0012406
1.59	-0.0013091
1.6	-0.00024239
1.61	0.0013523
1.62	0.0023933
1.63	0.0022336
1.64	0.0013958
1.65	0.00086995
1.66	0.0010605
1.67	0.0014233
1.68	0.0011182
1.69	0.0003135
1.7	-1.2367e-05
1.71	0.00056838
1.72	0.0014274
1.73	0.001309
1.74	-0.00041541
1.75	-0.002806
1.76	-0.0041841
1.77	-0.0035158
1.78	-0.00095491
1.79	0.002208
1.8	0.0044265
1.81	0.0052031
1.82	0.0050006
1.83	0.0044185
1.84	0.003988
1.85	0.0037697
1.86	0.0033144
1.87	0.0022862
1.88	0.00049232
1.89	-0.0019062
1.9	-0.0042169
1.91	-0.0059494
1.92	-0.0069942
1.93	-0.0073943
1.94	-0.0071761
1.95	-0.0057076
1.96	-0.0022164
1.97	0.002506
1.98	0.0062967
1.99	0.0077011
2	0.0069596
2.01	0.0050962
2.02	0.003272
2.03	0.0025815
2.04	0.0028518
2.05	0.0026986
2.06	0.0015287
2.07	0.00028955
2.08	0.00019865
2.09	0.0012602
2.1	0.0022065
2.11	0.0020311
2.12	0.00091706
2.13	-0.00027668
2.14	-0.00083111
2.15	-0.00081519
2.16	-0.00089015
2.17	-0.0017304
2.18	-0.0036511
2.19	-0.0056896
2.2	-0.0058755
2.21	-0.0035774
2.22	-0.00023796
2.23	0.0022267
2.24	0.0029767
2.25	0.0024909
2.26	0.0014062
2.27	-5.9e-05
2.28	-0.0016815
2.29	-0.0028349
2.3	-0.0024563
2.31	-1.537e-05
2.32	0.003408
2.33	0.0062078
2.34	0.0077728
2.35	0.0080901
2.36	0.0074467
2.37	0.0063028
2.38	0.0046538
2.39	0.0018535
2.4	-0.0025635
2.41	-0.0073396
2.42	-0.010085
2.43	-0.0096385
2.44	-0.0068572
2.45	-0.0039734
2.46	-0.0029988
2.47	-0.0040338
2.48	-0.0050932
2.49	-0.0040851
2.5	-0.0013166
2.51	0.0011834
2.52	0.0021701
2.53	0.0015442
2.54	-0.00040154
2.55	-0.0030365
2.56	-0.0055815
2.57	-0.0077136
2.58	-0.0091649
2.59	-0.0092454
2.6	-0.0079217
2.61	-0.006093
2.62	-0.0044592
2.63	-0.0034605
2.64	-0.0034221
2.65	-0.004327
2.66	-0.0058982
2.67	-0.0073534
2.68	-0.0078935
2.69	-0.0073244
2.7	-0.0060338
2.71	-0.0049909
2.72	-0.0047237
2.73	-0.004404
2.74	-0.0029853
2.75	-0.00053941
2.76	0.0019188
2.77	0.0034662
2.78	0.0050701
2.79	0.0088787
2.8	0.014676
2.81	0.0194
2.82	0.020227
2.83	0.017563
2.84	0.014239
2.85	0.012286
2.86	0.012009
2.87	0.012544
2.88	0.012833
2.89	0.013226
2.9	0.014699
2.91	0.01626
2.92	0.014263
2.93	0.0056217
2.94	-0.0069798
2.95	-0.016473
2.96	-0.018802
2.97	-0.015974
2.98	-0.012538
2.99	-0.010887
3	-0.0098013
3.01	-0.0070125
3.02	-0.0023573
3.03	0.0020213
3.04	0.0041921
3.05	0.0046961
3.06	0.0053523
3.07	0.0068953
3.08	0.0087733
3.09	0.010102
3.1	0.010977
3.11	0.012302
3.12	0.014103
3.13	0.015683
3.14	0.016627
3.15	0.016443
3.16	0.014674
3.17	0.011312
3.18	0.0064043
3.19	0.0010009
3.2	-0.0029694
3.21	-0.0055293
3.22	-0.0083
3.23	-0.01175
3.24	-0.014762
3.25	-0.015797
3.26	-0.014389
3.27	-0.011639
3.28	-0.010092
3.29	-0.012452
3.3	-0.018239
3.31	-0.023229
3.32	-0.023712
3.33	-0.019855
3.34	-0.014629
3.35	-0.0099737
3.36	-0.0046831
3.37	0.0025614
3.38	0.0095986
3.39	0.012779
3.4	0.011751
3.41	0.0096084
3.42	0.0090962
3.43	0.010753
3.44	0.01278
3.45	0.012505
3.46	0.0092516
3.47	0.0048444
3.48	0.0016243
3.49	0.00034744
3.5	-0.00022959
3.51	-0.0020003
3.52	-0.0056298
3.53	-0.009565
3.54	-0.011578
3.55	-0.011367
3.56	-0.011201
3.57	-0.01412
3.58	-0.020937
3.59	-0.028574
3.6	-0.033001
3.61	-0.033569
3.62	-0.031699
3.63	-0.027001
3.64	-0.018423
3.65	-0.0086336
3.66	-0.0024645
3.67	-0.0010453
3.68	-0.00080452
3.69	0.003124
3.7	0.012332
3.71	0.023022
3.72	0.029652
3.73	0.030619
3.74	0.028251
3.75	0.024577
3.76	0.020329
3.77	0.016354
3.78	0.013788
3.79	0.01297
3.8	0.013343
3.81	0.01363
3.82	0.012007
3.83	0.0079353
3.84	0.002884
3.85	-0.0012757
3.86	-0.0036318
3.87	-0.0040335
3.88	-0.0025606
3.89	5.0319e-05
3.9	0.002134
3.91	0.0025018
3.92	0.0019409
3.93	0.0018317
3.94	0.0018638
3.95	0.0010049
3.96	-0.00049971
3.97	-0.001503
3.98	-0.0010033
3.99	0.0012151
4	0.003992
4.01	0.0059319
4.02	0.0069586
4.03	0.0077263
4.04	0.0086079
4.05	0.0097483
4.06	0.011559
4.07	0.014233
4.08	0.017182
4.09	0.019465
4.1	0.01994
4.11	0.017789
4.12	0.013869
4.13	0.010252
4.14	0.0075974
4.15	0.005198
4.16	0.0025642
4.17	-0.00042031
4.18	-0.0032662
4.19	-0.0051758
4.2	-0.0056651
4.21	-0.0052202
4.22	-0.0053462
4.23	-0.0069263
4.24	-0.0088633
4.25	-0.0096238
4.26	-0.0092905
4.27	-0.0088656
4.28	-0.0090292
4.29	-0.0097986
4.3	-0.010428
4.31	-0.010751
4.32	-0.011806
4.33	-0.013975
4.34	-0.016203
4.35	-0.017135
4.36	-0.01605
4.37	-0.013235
4.38	-0.009883
4.39	-0.0073467
4.4	-0.0061614
4.41	-0.005818
4.42	-0.0052636
4.43	-0.0039917
4.44	-0.0027478
4.45	-0.0029564
4.46	-0.0057042
4.47	-0.010449
4.48	-0.015073
4.49	-0.017592
4.5	-0.017657
4.51	-0.016056
4.52	-0.013449
4.53	-0.010361
4.54	-0.0073699
4.55	-0.0051817
4.56	-0.0041537
4.57	-0.0041668
4.58	-0.0051966
4.59	-0.0070953
4.6	-0.0090568
4.61	-0.0095139
4.62	-0.0070534
4.63	-0.0012948
4.64	0.0069449
4.65	0.015583
4.66	0.022615
4.67	0.027512
4.68	0.030664
4.69	0.032385
4.7	0.032726
4.71	0.031673
4.72	0.029419
4.73	0.026489
4.74	0.023028
4.75	0.018223
4.76	0.011866
4.77	0.0055857
4.78	0.0016459
4.79	0.00086707
4.8	0.0015837
4.81	0.0013866
4.82	-0.0020393
4.83	-0.0096398
4.84	-0.017961
4.85	-0.0225
4.86	-0.023126
4.87	-0.022739
4.88	-0.022731
4.89	-0.022043
4.9	-0.019519
4.91	-0.015148
4.92	-0.0094449
4.93	-0.0029652
4.94	0.0031962
4.95	0.0081963
4.96	0.012434
4.97	0.016551
4.98	0.020469
4.99	0.023461
5	0.024476
5.01	0.022968
5.02	0.019939
5.03	0.016955
5.04	0.014756
5.05	0.013488
5.06	0.01268
5.07	0.011506
5.08	0.0098474
5.09	0.0079959
5.1	0.0051128
5.11	4.8495e-06
5.12	-0.0066219
5.13	-0.012042
5.14	-0.014017
5.15	-0.012999
5.16	-0.010789
5.17	-0.0086332
5.18	-0.0069275
5.19	-0.0054758
5.2	-0.0040157
5.21	-0.0024865
5.22	-0.0010028
5.23	0.00019328
5.24	0.0010039
5.25	0.00093589
5.26	-0.0012006
5.27	-0.0059257
5.28	-0.012078
5.29	-0.016988
5.3	-0.018475
5.31	-0.016681
5.32	-0.013509
5.33	-0.011326
5.34	-0.011197
5.35	-0.01241
5.36	-0.014073
5.37	-0.015649
5.38	-0.016933
5.39	-0.018135
5.4	-0.019246
5.41	-0.019314
5.42	-0.016288
5.43	-0.0088246
5.44	0.0017514
5.45	0.01203
5.46	0.019042
5.47	0.022244
5.48	0.022527
5.49	0.020745
5.5	0.018102
5.51	0.016353
5.52	0.016356
5.53	0.017027
5.54	0.017024
5.55	0.016185
5.56	0.014806
5.57	0.01332
5.58	0.011849
5.59	0.0099238
5.6	0.007097
5.61	0.0029984
5.62	-0.0028842
5.63	-0.010448
5.64	-0.017848
5.65	-0.022702
5.66	-0.024539
5.67	-0.024767
5.68	-0.024348
5.69	-0.02314
5.7	-0.021237
5.71	-0.019539
5.72	-0.018375
5.73	-0.016377
5.74	-0.012847
5.75	-0.0088669
5.76	-0.0049143
5.77	-0.00061049
5.78	0.0037561
5.79	0.0074393
5.8	0.0098716
5.81	0.010362
5.82	0.0086386
5.83	0.0052956
5.84	0.00069564
5.85	-0.0047078
5.86	-0.0095163
5.87	-0.012333
5.88	-0.01297
5.89	-0.012759
5.9	-0.01326
5.91	-0.014728
5.92	-0.016377
5.93	-0.017348
5.94	-0.017481
5.95	-0.017289
5.96	-0.017186
5.97	-0.016803
5.98	-0.015554
5.99	-0.013412
6	-0.010634
6.01	-0.0080918
6.02	-0.0059649
6.03	-0.0023381
6.04	0.0048268
6.05	0.015131
6.06	0.026012
6.07	0.035018
6.08	0.04072
6.09	0.04299
6.1	0.043205
6.11	0.042799
6.12	0.041776
6.13	0.039629
6.14	0.03661
6.15	0.033462
6.16	0.030444
6.17	0.026947
6.18	0.021853
6.19	0.01516
6.2	0.0091766
6.21	0.0056257
6.22	0.0037003
6.23	0.0020047
6.24	-0.00022082
6.25	-0.0028686
6.26	-0.005415
6.27	-0.0078404
6.28	-0.010703
6.29	-0.014428
6.3	-0.018282
6.31	-0.021239
6.32	-0.023391
6.33	-0.025113
6.34	-0.026017
6.35	-0.025297
6.36	-0.022582
6.37	-0.018158
6.38	-0.01255
6.39	-0.0062936
6.4	-3.9707e-05
6.41	0.0053458
6.42	0.009134
6.43	0.011043
6.44	0.010927
6.45	0.0091213
6.46	0.0066334
6.47	0.0043441
6.48	0.0024663
6.49	0.00069197
6.5	-0.0011747
6.51	-0.0031198
6.52	-0.0052533
6.53	-0.007773
6.54	-0.010743
6.55	-0.013747
6.56	-0.016066
6.57	-0.017407
6.58	-0.017686
6.59	-0.016978
6.6	-0.015809
6.61	-0.014718
6.62	-0.013892
6.63	-0.013114
6.64	-0.011897
6.65	-0.009874
6.66	-0.0077124
6.67	-0.0063553
6.68	-0.0057148
6.69	-0.0054503
6.7	-0.0056856
6.71	-0.0065804
6.72	-0.0076879
6.73	-0.0083244
6.74	-0.0085102
6.75	-0.0088105
6.76	-0.0096065
6.77	-0.010813
6.78	-0.012117
6.79	-0.013079
6.8	-0.012965
6.81	-0.011468
6.82	-0.0093802
6.83	-0.0071706
6.84	-0.0038824
6.85	0.001085
6.86	0.0067211
6.87	0.011758
6.88	0.015675
6.89	0.018659
6.9	0.021733
6.91	0.025968
6.92	0.031541
6.93	0.037725
6.94	0.043657
6.95	0.049088
6.96	0.053444
6.97	0.056132
6.98	0.057814
6.99	0.059328
7	0.060802
7.01	0.062502
7.02	0.064995
7.03	0.068309
7.04	0.072497
7.05	0.077968
7.06	0.084012
7.07	0.08902
7.08	0.091741
7.09	0.092284
7.1	0.092435
7.11	0.093767
7.12	0.096133
7.13	0.098024
7.14	0.098114
7.15	0.096545
7.16	0.094409
7.17	0.092609
7.18	0.090808
7.19	0.088218
7.2	0.085001
7.21	0.081358
7.22	0.077086
7.23	0.071901
7.24	0.065279
7.25	0.057027
7.26	0.047611
7.27	0.038006
7.28	0.028932
7.29	0.019847
7.3	0.010046
7.31	-0.00029319
7.32	-0.01079
7.33	-0.02091
7.34	-0.030062
7.35	-0.038597
7.36	-0.048225
7.37	-0.05954
7.38	-0.070507
7.39	-0.07845
7.4	-0.082169
7.41	-0.083372
7.42	-0.085079
7.43	-0.088803
7.44	-0.094082
7.45	-0.099426
7.46	-0.10409
7.47	-0.10824
7.48	-0.11128
7.49	-0.11218
7.5	-0.11062
7.51	-0.10717
7.52	-0.10235
7.53	-0.096389
7.54	-0.09057
7.55	-0.086624
7.56	-0.084752
7.57	-0.084026
7.58	-0.084688
7.59	-0.088224
7.6	-0.095541
7.61	-0.10554
7.62	-0.11597
7.63	-0.12564
7.64	-0.13472
7.65	-0.14433
7.66	-0.15534
7.67	-0.16695
7.68	-0.17735
7.69	-0.1853
7.7	-0.19084
7.71	-0.19511
7.72	-0.19946
7.73	-0.2038
7.74	-0.20596
7.75	-0.20354
7.76	-0.19613
7.77	-0.18496
7.78	-0.1711
7.79	-0.15508
7.8	-0.13732
7.81	-0.11828
7.82	-0.098135
7.83	-0.076661
7.84	-0.053815
7.85	-0.030973
7.86	-0.010397
7.87	0.0070199
7.88	0.021627
7.89	0.033105
7.9	0.040611
7.91	0.044868
7.92	0.047693
7.93	0.049847
7.94	0.051501
7.95	0.053261
7.96	0.055606
7.97	0.058637
7.98	0.063151
7.99	0.070361
8	0.080021
8.01	0.090423
8.02	0.099782
8.03	0.10696
8.04	0.11206
8.05	0.11569
8.06	0.11778
8.07	0.1183
8.08	0.1176
8.09	0.11566
8.1	0.1124
8.11	0.10831
8.12	0.10434
8.13	0.10107
8.14	0.098317
8.15	0.09615
8.16	0.09507
8.17	0.095066
8.18	0.096094
8.19	0.098764
8.2	0.10391
8.21	0.11136
8.22	0.1199
8.23	0.12835
8.24	0.1359
8.25	0.14217
8.26	0.14682
8.27	0.14988
8.28	0.15204
8.29	0.15371
8.3	0.15439
8.31	0.15315
8.32	0.15022
8.33	0.14694
8.34	0.14469
8.35	0.14386
8.36	0.14304
8.37	0.14075
8.38	0.13704
8.39	0.13239
8.4	0.12685
8.41	0.12014
8.42	0.11195
8.43	0.10227
8.44	0.0918
8.45	0.081795
8.46	0.07332
8.47	0.066095
8.48	0.057968
8.49	0.04638
8.5	0.031532
8.51	0.01603
8.52	0.0015304
8.53	-0.011939
8.54	-0.025097
8.55	-0.039376
8.56	-0.056041
8.57	-0.074581
8.58	-0.093157
8.59	-0.11004
8.6	-0.12453
8.61	-0.13681
8.62	-0.14758
8.63	-0.15771
8.64	-0.16722
8.65	-0.17527
8.66	-0.18006
8.67	-0.17987
8.68	-0.17539
8.69	-0.16875
8.7	-0.16127
8.71	-0.15368
8.72	-0.1466
8.73	-0.14064
8.74	-0.1361
8.75	-0.13226
8.76	-0.12816
8.77	-0.1236
8.78	-0.1189
8.79	-0.11422
8.8	-0.10981
8.81	-0.10639
8.82	-0.10434
8.83	-0.10324
8.84	-0.1021
8.85	-0.10035
8.86	-0.098164
8.87	-0.095702
8.88	-0.092796
8.89	-0.089505
8.9	-0.085835
8.91	-0.081566
8.92	-0.076724
8.93	-0.071123
8.94	-0.064022
8.95	-0.054415
8.96	-0.042208
8.97	-0.028812
8.98	-0.015626
8.99	-0.0029397
9	0.0093069
9.01	0.021001
9.02	0.031925
9.03	0.041771
9.04	0.050595
9.05	0.05849
9.06	0.065414
9.07	0.071648
9.08	0.077281
9.09	0.081953
9.1	0.085051
9.11	0.086031
9.12	0.085044
9.13	0.082686
9.14	0.079352
9.15	0.075365
9.16	0.071231
9.17	0.067326
9.18	0.063695
9.19	0.060558
9.2	0.057894
9.21	0.054998
9.22	0.051661
9.23	0.048499
9.24	0.046405
9.25	0.046379
9.26	0.049893
9.27	0.059093
9.28	0.07386
9.29	0.091014
9.3	0.10866
9.31	0.12703
9.32	0.14591
9.33	0.16442
9.34	0.18212
9.35	0.19832
9.36	0.21185
9.37	0.22257
9.38	0.23009
9.39	0.23241
9.4	0.22874
9.41	0.22049
9.42	0.20941
9.43	0.19698
9.44	0.1843
9.45	0.17209
9.46	0.16027
9.47	0.14822
9.48	0.1352
9.49	0.12068
9.5	0.10521
9.51	0.090153
9.52	0.075978
9.53	0.06209
9.54	0.048179
9.55	0.034829
9.56	0.022031
9.57	0.0092302
9.58	-0.0030446
9.59	-0.014439
9.6	-0.025775
9.61	-0.037221
9.62	-0.047998
9.63	-0.057844
9.64	-0.066852
9.65	-0.074965
9.66	-0.081853
9.67	-0.087672
9.68	-0.093208
9.69	-0.09858
9.7	-0.10317
9.71	-0.10708
9.72	-0.11131
9.73	-0.11632
9.74	-0.12191
9.75	-0.12767
9.76	-0.13362
9.77	-0.1405
9.78	-0.14863
9.79	-0.15727
9.8	-0.16532
9.81	-0.17267
9.82	-0.18028
9.83	-0.18835
9.84	-0.19574
9.85	-0.2013
9.86	-0.20388
9.87	-0.20282
9.88	-0.19879
9.89	-0.19351
9.9	-0.18835
9.91	-0.1836
9.92	-0.17884
9.93	-0.17384
9.94	-0.1687
9.95	-0.16336
9.96	-0.15781
9.97	-0.15219
9.98	-0.14606
9.99	-0.13865
10	-0.12942
10.01	-0.11837
10.02	-0.10635
10.03	-0.09442
10.04	-0.083053
10.05	-0.071985
10.06	-0.061071
10.07	-0.050121
10.08	-0.03821
10.09	-0.024988
10.1	-0.010704
10.11	0.0043588
10.12	0.01916
10.13	0.032648
10.14	0.04421
10.15	0.053261
10.16	0.06017
10.17	0.065709
10.18	0.069713
10.19	0.072765
10.2	0.076407
10.21	0.080581
10.22	0.084202
10.23	0.087147
10.24	0.089654
10.25	0.091504
10.26	0.092429
10.27	0.092725
10.28	0.09264
10.29	0.092126
10.3	0.091163
10.31	0.089439
10.32	0.086852
10.33	0.084048
10.34	0.08202
10.35	0.081506
10.36	0.083231
10.37	0.087383
10.38	0.092668
10.39	0.097097
10.4	0.099602
10.41	0.10135
10.42	0.10454
10.43	0.11009
10.44	0.11698
10.45	0.12334
10.46	0.12792
10.47	0.13103
10.48	0.13357
10.49	0.13571
10.5	0.13708
10.51	0.13728
10.52	0.13571
10.53	0.13238
10.54	0.12826
10.55	0.12401
10.56	0.11929
10.57	0.11387
10.58	0.10811
10.59	0.10244
10.6	0.096684
10.61	0.090494
10.62	0.084219
10.63	0.0775
10.64	0.067969
10.65	0.052993
10.66	0.032011
10.67	0.0060015
10.68	-0.024659
10.69	-0.059929
10.7	-0.098746
10.71	-0.13872
10.72	-0.17626
10.73	-0.20759
10.74	-0.23056
10.75	-0.24508
10.76	-0.25138
10.77	-0.25007
10.78	-0.24327
10.79	-0.23334
10.8	-0.2206
10.81	-0.20407
10.82	-0.18366
10.83	-0.16006
10.84	-0.13354
10.85	-0.10449
10.86	-0.074249
10.87	-0.044875
10.88	-0.018568
10.89	0.0029569
10.9	0.017972
10.91	0.025554
10.92	0.026799
10.93	0.023571
10.94	0.017027
10.95	0.0080602
10.96	-0.0018387
10.97	-0.011466
10.98	-0.020637
10.99	-0.029307
11	-0.037
11.01	-0.043213
11.02	-0.048359
11.03	-0.053431
11.04	-0.058219
11.05	-0.06194
11.06	-0.06455
11.07	-0.066055
11.08	-0.066548
11.09	-0.066289
11.1	-0.065015
11.11	-0.061978
11.12	-0.055724
11.13	-0.04385
11.14	-0.025225
11.15	-0.0028978
11.16	0.016622
11.17	0.027919
11.18	0.03058
11.19	0.028344
11.2	0.024147
11.21	0.018909
11.22	0.014405
11.23	0.012327
11.24	0.012829
11.25	0.015427
11.26	0.02065
11.27	0.030046
11.28	0.043522
11.29	0.059008
11.3	0.074743
11.31	0.090441
11.32	0.10618
11.33	0.12185
11.34	0.13749
11.35	0.15319
11.36	0.16886
11.37	0.18298
11.38	0.19267
11.39	0.19579
11.4	0.19225
11.41	0.18416
11.42	0.17313
11.43	0.15878
11.44	0.14139
11.45	0.12216
11.46	0.10107
11.47	0.077371
11.48	0.051513
11.49	0.025516
11.5	0.001168
11.51	-0.020942
11.52	-0.040402
11.53	-0.056407
11.54	-0.068547
11.55	-0.077217
11.56	-0.083204
11.57	-0.087026
11.58	-0.089055
11.59	-0.090086
11.6	-0.090905
11.61	-0.091757
11.62	-0.092257
11.63	-0.091997
11.64	-0.091157
11.65	-0.090064
11.66	-0.088793
11.67	-0.087417
11.68	-0.085968
11.69	-0.084061
11.7	-0.081176
11.71	-0.077439
11.72	-0.07384
11.73	-0.071076
11.74	-0.068742
11.75	-0.066259
11.76	-0.063537
11.77	-0.060637
11.78	-0.0577
11.79	-0.05529
11.8	-0.054296
11.81	-0.055781
11.82	-0.059902
11.83	-0.064257
11.84	-0.065642
11.85	-0.063916
11.86	-0.061321
11.87	-0.059198
11.88	-0.057559
11.89	-0.055684
11.9	-0.053018
11.91	-0.04972
11.92	-0.046018
11.93	-0.041968
11.94	-0.037204
11.95	-0.030033
11.96	-0.018187
11.97	-0.001567
11.98	0.017606
11.99	0.036263
12	0.05138
12.01	0.06165
12.02	0.067823
12.03	0.071396
12.04	0.074095
12.05	0.077538
12.06	0.082168
12.07	0.087331
12.08	0.092835
12.09	0.098756
12.1	0.10485
12.11	0.11125
12.12	0.11782
12.13	0.1238
12.14	0.12789
12.15	0.12858
12.16	0.12595
12.17	0.1215
12.18	0.11633
12.19	0.11099
12.2	0.10577
12.21	0.10078
12.22	0.095979
12.23	0.091241
12.24	0.085979
12.25	0.079185
12.26	0.069617
12.27	0.056679
12.28	0.041133
12.29	0.024016
12.3	0.0063761
12.31	-0.010906
12.32	-0.02771
12.33	-0.04357
12.34	-0.05712
12.35	-0.067679
12.36	-0.075797
12.37	-0.08274
12.38	-0.089888
12.39	-0.097459
12.4	-0.10494
12.41	-0.11135
12.42	-0.11464
12.43	-0.11391
12.44	-0.11055
12.45	-0.1063
12.46	-0.10187
12.47	-0.096525
12.48	-0.089013
12.49	-0.078675
12.5	-0.065439
12.51	-0.049907
12.52	-0.03334
12.53	-0.016461
12.54	0.00067656
12.55	0.017691
12.56	0.033734
12.57	0.048129
12.58	0.060611
12.59	0.071288
12.6	0.080406
12.61	0.087887
12.62	0.093712
12.63	0.098078
12.64	0.10081
12.65	0.10163
12.66	0.10095
12.67	0.099339
12.68	0.09666
12.69	0.092726
12.7	0.087988
12.71	0.082809
12.72	0.076992
12.73	0.070136
12.74	0.061557
12.75	0.050662
12.76	0.037556
12.77	0.02316
12.78	0.0085147
12.79	-0.005934
12.8	-0.019661
12.81	-0.032327
12.82	-0.044349
12.83	-0.055822
12.84	-0.066153
12.85	-0.075351
12.86	-0.0838
12.87	-0.090938
12.88	-0.096011
12.89	-0.099243
12.9	-0.10146
12.91	-0.10344
12.92	-0.10556
12.93	-0.10776
12.94	-0.10933
12.95	-0.10903
12.96	-0.10642
12.97	-0.10189
12.98	-0.095528
12.99	-0.087421
13	-0.078053
13.01	-0.067835
13.02	-0.056518
13.03	-0.043684
13.04	-0.029205
13.05	-0.013085
13.06	0.0045427
13.07	0.023327
13.08	0.042699
13.09	0.061981
13.1	0.080427
13.11	0.097152
13.12	0.11091
13.13	0.12042
13.14	0.12534
13.15	0.12654
13.16	0.12547
13.17	0.12333
13.18	0.12039
13.19	0.1165
13.2	0.11163
13.21	0.10579
13.22	0.098307
13.23	0.087843
13.24	0.073969
13.25	0.057701
13.26	0.041069
13.27	0.02639
13.28	0.014519
13.29	0.0046582
13.3	-0.0037631
13.31	-0.011102
13.32	-0.018329
13.33	-0.025533
13.34	-0.031544
13.35	-0.035488
13.36	-0.037691
13.37	-0.039065
13.38	-0.040017
13.39	-0.04062
13.4	-0.040956
13.41	-0.040807
13.42	-0.040075
13.43	-0.039227
13.44	-0.038441
13.45	-0.037337
13.46	-0.035553
13.47	-0.032727
13.48	-0.028177
13.49	-0.021326
13.5	-0.013183
13.51	-0.0055857
13.52	0.0012104
13.53	0.0079596
13.54	0.014481
13.55	0.019751
13.56	0.023102
13.57	0.024534
13.58	0.024365
13.59	0.022807
13.6	0.019637
13.61	0.014256
13.62	0.0063986
13.63	-0.0027876
13.64	-0.011461
13.65	-0.019263
13.66	-0.026855
13.67	-0.033503
13.68	-0.037892
13.69	-0.040191
13.7	-0.041191
13.71	-0.041219
13.72	-0.0402
13.73	-0.037938
13.74	-0.034592
13.75	-0.030727
13.76	-0.026947
13.77	-0.023654
13.78	-0.021029
13.79	-0.018997
13.8	-0.017243
13.81	-0.015668
13.82	-0.014536
13.83	-0.014136
13.84	-0.014326
13.85	-0.014523
13.86	-0.014126
13.87	-0.012817
13.88	-0.010826
13.89	-0.0085268
13.9	-0.0063308
13.91	-0.0046454
13.92	-0.0030912
13.93	-0.0010214
13.94	0.0014553
13.95	0.0036693
13.96	0.0047943
13.97	0.0045108
13.98	0.0035002
13.99	0.0024905
14	0.0014147
14.01	0.00015737
14.02	-0.0011732
14.03	-0.0028506
14.04	-0.004791
14.05	-0.0064648
14.06	-0.0080564
14.07	-0.0099951
14.08	-0.012302
14.09	-0.015375
14.1	-0.019973
14.11	-0.026066
14.12	-0.032747
14.13	-0.039365
14.14	-0.04562
14.15	-0.050824
14.16	-0.054355
14.17	-0.056178
14.18	-0.05692
14.19	-0.057283
14.2	-0.057241
14.21	-0.056512
14.22	-0.055296
14.23	-0.05383
14.24	-0.051804
14.25	-0.048816
14.26	-0.04472
14.27	-0.039374
14.28	-0.032339
14.29	-0.023614
14.3	-0.013683
14.31	-0.00305
14.32	0.0070156
14.33	0.015628
14.34	0.023928
14.35	0.033517
14.36	0.043854
14.37	0.052717
14.38	0.058496
14.39	0.06101
14.4	0.061373
14.41	0.060893
14.42	0.059768
14.43	0.057685
14.44	0.054761
14.45	0.051467
14.46	0.048296
14.47	0.045043
14.48	0.041246
14.49	0.037155
14.5	0.032925
14.51	0.028417
14.52	0.023778
14.53	0.019085
14.54	0.014261
14.55	0.0092423
14.56	0.0036918
14.57	-0.0025948
14.58	-0.0091661
14.59	-0.014988
14.6	-0.018911
14.61	-0.020499
14.62	-0.020249
14.63	-0.019019
14.64	-0.017314
14.65	-0.015367
14.66	-0.013465
14.67	-0.011545
14.68	-0.0093112
14.69	-0.0066005
14.7	-0.0031018
14.71	0.00081744
14.72	0.0040609
14.73	0.0065088
14.74	0.0083798
14.75	0.0092681
14.76	0.0092018
14.77	0.0088491
14.78	0.0085492
14.79	0.0080209
14.8	0.0070704
14.81	0.0062828
14.82	0.0062858
14.83	0.007195
14.84	0.0092105
14.85	0.011941
14.86	0.014736
14.87	0.017965
14.88	0.021982
14.89	0.026538
14.9	0.031057
14.91	0.034771
14.92	0.037517
14.93	0.039587
14.94	0.041084
14.95	0.042118
14.96	0.042722
14.97	0.042122
14.98	0.039711
14.99	0.036387
15	0.03284
15.01	0.028737
15.02	0.023986
15.03	0.018872
15.04	0.013887
15.05	0.0096289
15.06	0.0062013
15.07	0.0029571
15.08	-0.00027257
15.09	-0.0025463
15.1	-0.0033231
15.11	-0.0031805
15.12	-0.0029581
15.13	-0.0028761
15.14	-0.0026321
15.15	-0.0018714
15.16	-0.00023309
15.17	0.0018298
15.18	0.0035684
15.19	0.0052165
15.2	0.00688
15.21	0.0081212
15.22	0.0088786
15.23	0.0092224
15.24	0.00894
15.25	0.007899
15.26	0.0061952
15.27	0.004087
15.28	0.001884
15.29	-0.0001748
15.3	-0.002079
15.31	-0.0042356
15.32	-0.0070402
15.33	-0.010135
15.34	-0.01336
15.35	-0.017854
15.36	-0.023912
15.37	-0.030233
15.38	-0.035992
15.39	-0.04078
15.4	-0.044175
15.41	-0.046491
15.42	-0.048324
15.43	-0.049867
15.44	-0.051166
15.45	-0.052714
15.46	-0.054662
15.47	-0.056042
15.48	-0.056521
15.49	-0.056597
15.5	-0.056271
15.51	-0.055614
15.52	-0.054943
15.53	-0.054144
15.54	-0.052522
15.55	-0.049217
15.56	-0.044344
15.57	-0.038579
15.58	-0.031638
15.59	-0.023285
15.6	-0.014367
15.61	-0.0053624
15.62	0.0038438
15.63	0.012925
15.64	0.021294
15.65	0.028381
15.66	0.034066
15.67	0.03856
15.68	0.042149
15.69	0.045678
15.7	0.049664
15.71	0.053659
15.72	0.056918
15.73	0.058904
15.74	0.059501
15.75	0.058801
15.76	0.056741
15.77	0.053097
15.78	0.048215
15.79	0.042693
15.8	0.036647
15.81	0.03029
15.82	0.024193
15.83	0.019174
15.84	0.015852
15.85	0.014131
15.86	0.013679
15.87	0.014461
15.88	0.016454
15.89	0.019185
15.9	0.022293
15.91	0.026177
15.92	0.030694
15.93	0.034285
15.94	0.036194
15.95	0.037375
15.96	0.038399
15.97	0.038956
15.98	0.038807
15.99	0.038177
16	0.037313
16.01	0.036092
16.02	0.034603
16.03	0.033026
16.04	0.031169
16.05	0.028778
16.06	0.025552
16.07	0.021106
16.08	0.015248
16.09	0.0082966
16.1	0.00099877
16.11	-0.0059808
16.12	-0.011798
16.13	-0.015662
16.14	-0.018
16.15	-0.019838
16.16	-0.021425
16.17	-0.022581
16.18	-0.023488
16.19	-0.02459
16.2	-0.026277
16.21	-0.028913
16.22	-0.0326
16.23	-0.036723
16.24	-0.040192
16.25	-0.042168
16.26	-0.042793
16.27	-0.042709
16.28	-0.042131
16.29	-0.040906
16.3	-0.039012
16.31	-0.036971
16.32	-0.035649
16.33	-0.035584
16.34	-0.036702
16.35	-0.038884
16.36	-0.042
16.37	-0.044929
16.38	-0.046322
16.39	-0.046334
16.4	-0.04567
16.41	-0.044518
16.42	-0.042999
16.43	-0.041635
16.44	-0.040994
16.45	-0.040977
16.46	-0.041247
16.47	-0.04155
16.48	-0.041449
16.49	-0.040447
16.5	-0.038448
16.51	-0.036059
16.52	-0.033981
16.53	-0.032079
16.54	-0.029554
16.55	-0.026391
16.56	-0.023384
16.57	-0.020694
16.58	-0.018161
16.59	-0.015822
16.6	-0.013578
16.61	-0.011146
16.62	-0.0082237
16.63	-0.0048099
16.64	-0.0012957
16.65	0.0016941
16.66	0.0040875
16.67	0.006356
16.68	0.0086213
16.69	0.011247
16.7	0.014723
16.71	0.01842
16.72	0.021591
16.73	0.024384
16.74	0.027104
16.75	0.029952
16.76	0.033296
16.77	0.037226
16.78	0.040967
16.79	0.044194
16.8	0.047468
16.81	0.050527
16.82	0.052625
16.83	0.053813
16.84	0.054714
16.85	0.055724
16.86	0.056714
16.87	0.05743
16.88	0.057956
16.89	0.058337
16.9	0.057931
16.91	0.056408
16.92	0.05423
16.93	0.051694
16.94	0.048953
16.95	0.046328
16.96	0.043792
16.97	0.040952
16.98	0.037692
16.99	0.034067
17	0.030221
17.01	0.026023
17.02	0.020491
17.03	0.013173
17.04	0.005004
17.05	-0.0026719
17.06	-0.0084974
17.07	-0.011981
17.08	-0.014247
17.09	-0.016428
17.1	-0.018387
17.11	-0.019698
17.12	-0.020532
17.13	-0.021148
17.14	-0.021565
17.15	-0.021647
17.16	-0.021234
17.17	-0.020705
17.18	-0.020444
17.19	-0.020227
17.2	-0.019973
17.21	-0.019817
17.22	-0.019905
17.23	-0.020309
17.24	-0.020881
17.25	-0.021576
17.26	-0.02231
17.27	-0.023011
17.28	-0.023808
17.29	-0.024724
17.3	-0.025767
17.31	-0.026943
17.32	-0.027911
17.33	-0.028277
17.34	-0.028066
17.35	-0.027433
17.36	-0.026426
17.37	-0.025188
17.38	-0.023959
17.39	-0.022746
17.4	-0.021425
17.41	-0.019964
17.42	-0.018315
17.43	-0.016403
17.44	-0.014305
17.45	-0.012164
17.46	-0.0099394
17.47	-0.0077439
17.48	-0.0059204
17.49	-0.0048659
17.5	-0.0046219
17.51	-0.0046133
17.52	-0.0044083
17.53	-0.0039823
17.54	-0.0034917
17.55	-0.0032686
17.56	-0.0033548
17.57	-0.0035341
17.58	-0.0036632
17.59	-0.0035534
17.6	-0.0031369
17.61	-0.0023892
17.62	-0.0011372
17.63	0.00063936
17.64	0.0029703
17.65	0.0059584
17.66	0.0091059
17.67	0.011494
17.68	0.01294
17.69	0.014305
17.7	0.016359
17.71	0.018778
17.72	0.020789
17.73	0.022278
17.74	0.023712
17.75	0.025162
17.76	0.026272
17.77	0.027164
17.78	0.028065
17.79	0.028751
17.8	0.02883
17.81	0.028072
17.82	0.026564
17.83	0.024794
17.84	0.023252
17.85	0.021591
17.86	0.01939
17.87	0.017133
17.88	0.015142
17.89	0.013197
17.9	0.011174
17.91	0.0092526
17.92	0.0075562
17.93	0.0058185
17.94	0.0042002
17.95	0.0030803
17.96	0.0024374
17.97	0.0020209
17.98	0.001398
17.99	0.00049137
18	-0.00062271
18.01	-0.0019838
18.02	-0.0034325
18.03	-0.0049205
18.04	-0.0065286
18.05	-0.008289
18.06	-0.0099951
18.07	-0.011491
18.08	-0.013065
18.09	-0.014855
18.1	-0.01648
18.11	-0.017473
18.12	-0.017882
18.13	-0.017968
18.14	-0.018031
18.15	-0.018685
18.16	-0.020063
18.17	-0.021816
18.18	-0.023758
18.19	-0.025771
18.2	-0.02749
18.21	-0.028816
18.22	-0.030449
18.23	-0.032771
18.24	-0.035292
18.25	-0.037338
18.26	-0.038814
18.27	-0.040347
18.28	-0.042138
18.29	-0.043469
18.3	-0.043509
18.31	-0.042196
18.32	-0.040653
18.33	-0.03954
18.34	-0.037957
18.35	-0.035303
18.36	-0.03206
18.37	-0.028839
18.38	-0.025764
18.39	-0.022646
18.4	-0.019642
18.41	-0.017144
18.42	-0.015027
18.43	-0.012962
18.44	-0.010922
18.45	-0.0090761
18.46	-0.0075047
18.47	-0.0060313
18.48	-0.004737
18.49	-0.0039554
18.5	-0.0036962
18.51	-0.0034122
18.52	-0.002702
18.53	-0.0018301
18.54	-0.0010626
18.55	-0.00039579
18.56	0.00057995
18.57	0.0023834
18.58	0.0046802
18.59	0.006813
18.6	0.0088213
18.61	0.011062
18.62	0.013535
18.63	0.015942
18.64	0.018258
18.65	0.020661
18.66	0.022966
18.67	0.024784
18.68	0.025838
18.69	0.026266
18.7	0.026646
18.71	0.027216
18.72	0.027823
18.73	0.028342
18.74	0.028674
18.75	0.028688
18.76	0.028305
18.77	0.027726
18.78	0.02738
18.79	0.027447
18.8	0.027791
18.81	0.028202
18.82	0.028229
18.83	0.027816
18.84	0.02761
18.85	0.027645
18.86	0.027254
18.87	0.026264
18.88	0.024911
18.89	0.023243
18.9	0.021322
18.91	0.019591
18.92	0.018594
18.93	0.018406
18.94	0.01866
18.95	0.019149
18.96	0.020051
18.97	0.021244
18.98	0.022156
18.99	0.022714
19	0.02352
19.01	0.024943
19.02	0.026805
19.03	0.028732
19.04	0.030791
19.05	0.033177
19.06	0.035636
19.07	0.037902
19.08	0.03961
19.09	0.040582
19.1	0.041239
19.11	0.042166
19.12	0.043382
19.13	0.044399
19.14	0.044964
19.15	0.045019
19.16	0.044643
19.17	0.043978
19.18	0.042963
19.19	0.041617
19.2	0.040078
19.21	0.038067
19.22	0.035089
19.23	0.031088
19.24	0.026104
19.25	0.020375
19.26	0.014701
19.27	0.0094878
19.28	0.0044327
19.29	-0.00049887
19.3	-0.0050342
19.31	-0.0092299
19.32	-0.013554
19.33	-0.018089
19.34	-0.022087
19.35	-0.025112
19.36	-0.027516
19.37	-0.029683
19.38	-0.031635
19.39	-0.033117
19.4	-0.034141
19.41	-0.035199
19.42	-0.036605
19.43	-0.038285
19.44	-0.040243
19.45	-0.042516
19.46	-0.044575
19.47	-0.045729
19.48	-0.045971
19.49	-0.045605
19.5	-0.044737
19.51	-0.04358
19.52	-0.042516
19.53	-0.041428
19.54	-0.040008
19.55	-0.038492
19.56	-0.037356
19.57	-0.03682
19.58	-0.036545
19.59	-0.036145
19.6	-0.035657
19.61	-0.034961
19.62	-0.033683
19.63	-0.031715
19.64	-0.029248
19.65	-0.026337
19.66	-0.02278
19.67	-0.018785
19.68	-0.014999
19.69	-0.011327
19.7	-0.0072379
19.71	-0.0031494
19.72	0.00013024
19.73	0.0024371
19.74	0.0040222
19.75	0.0052681
19.76	0.0063473
19.77	0.0069326
19.78	0.0068928
19.79	0.0066042
19.8	0.0063968
19.81	0.0062801
19.82	0.0059129
19.83	0.0051671
19.84	0.0046736
19.85	0.0050028
19.86	0.0057899
19.87	0.006411
19.88	0.0066391
19.89	0.0065643
19.9	0.006401
19.91	0.0062059
19.92	0.006119
19.93	0.0062336
19.94	0.0060865
19.95	0.005484
19.96	0.0050337
19.97	0.0051674
19.98	0.0058934
19.99	0.0068321
20	0.0072265
20.01	0.0069619
20.02	0.0066337
20.03	0.0066521
20.04	0.0068772
20.05	0.0069061
20.06	0.0066387
20.07	0.0064563
20.08	0.006621
20.09	0.0069551
20.1	0.0074651
20.11	0.0080198
20.12	0.0084238
20.13	0.0089233
20.14	0.0096444
20.15	0.010472
20.16	0.011167
20.17	0.011651
20.18	0.012022
20.19	0.012429
20.2	0.013153
20.21	0.014093
20.22	0.014517
20.23	0.014072
20.24	0.013251
20.25	0.012256
20.26	0.010677
20.27	0.0083982
20.28	0.0059781
20.29	0.0039543
20.3	0.0021547
20.31	0.00029584
20.32	-0.0016413
20.33	-0.0036527
20.34	-0.0053198
20.35	-0.006359
20.36	-0.0072056
20.37	-0.0078876
20.38	-0.0082175
20.39	-0.0086297
20.4	-0.0091857
20.41	-0.0096214
20.42	-0.010195
20.43	-0.011117
20.44	-0.012275
20.45	-0.013546
20.46	-0.014837
20.47	-0.016221
20.48	-0.017864
20.49	-0.019505
20.5	-0.020634
20.51	-0.021304
20.52	-0.021756
20.53	-0.021752
20.54	-0.020999
20.55	-0.019537
20.56	-0.01758
20.57	-0.01541
20.58	-0.013345
20.59	-0.011474
20.6	-0.0097364
20.61	-0.0081462
20.62	-0.0065966
20.63	-0.0050604
20.64	-0.0035928
20.65	-0.0021314
20.66	-0.00091318
20.67	-0.00035437
20.68	-0.00072076
20.69	-0.0017865
20.7	-0.0029834
20.71	-0.0043124
20.72	-0.0059547
20.73	-0.0076985
20.74	-0.0091998
20.75	-0.010334
20.76	-0.011387
20.77	-0.012425
20.78	-0.013124
20.79	-0.013346
20.8	-0.013086
20.81	-0.012533
20.82	-0.011866
20.83	-0.010814
20.84	-0.009347
20.85	-0.0078839
20.86	-0.0064192
20.87	-0.0044574
20.88	-0.0019865
20.89	0.00033248
20.9	0.0021558
20.91	0.0036847
20.92	0.0050491
20.93	0.0062732
20.94	0.0075667
20.95	0.0089324
20.96	0.010035
20.97	0.010683
20.98	0.011004
20.99	0.011461
21	0.012044
21.01	0.011837
21.02	0.010424
21.03	0.008545
21.04	0.0066977
21.05	0.0045953
21.06	0.0022156
21.07	-2.8312e-05
21.08	-0.0018719
21.09	-0.0033651
21.1	-0.0045897
21.11	-0.005241
21.12	-0.0051646
21.13	-0.0047356
21.14	-0.0045098
21.15	-0.004604
21.16	-0.004429
21.17	-0.0037977
21.18	-0.0032399
21.19	-0.0029411
21.2	-0.0023638
21.21	-0.0013806
21.22	-0.00060116
21.23	-0.00028617
21.24	-0.00039792
21.25	-0.00094304
21.26	-0.00187
21.27	-0.0030431
21.28	-0.0043463
21.29	-0.0055114
21.3	-0.0057657
21.31	-0.0049864
21.32	-0.0042175
21.33	-0.0040839
21.34	-0.0042968
21.35	-0.0044068
21.36	-0.0040745
21.37	-0.0032639
21.38	-0.0024146
21.39	-0.0018575
21.4	-0.0014145
21.41	-0.00074267
21.42	0.00038905
21.43	0.0019503
21.44	0.003708
21.45	0.0054727
21.46	0.0072857
21.47	0.0092269
21.48	0.011276
21.49	0.013448
21.5	0.01547
21.51	0.017064
21.52	0.018447
21.53	0.019647
21.54	0.020302
21.55	0.020193
21.56	0.01945
21.57	0.018378
21.58	0.01721
21.59	0.016061
21.6	0.014853
21.61	0.013452
21.62	0.011975
21.63	0.010488
21.64	0.008966
21.65	0.0075207
21.66	0.0063688
21.67	0.0058548
21.68	0.0058459
21.69	0.0058248
21.7	0.0055871
21.71	0.0053378
21.72	0.0055155
21.73	0.0062815
21.74	0.0073068
21.75	0.0079745
21.76	0.0079467
21.77	0.0076422
21.78	0.0076688
21.79	0.0080149
21.8	0.0085634
21.81	0.0092702
21.82	0.0095125
21.83	0.0092575
21.84	0.0093402
21.85	0.0098687
21.86	0.010464
21.87	0.010865
21.88	0.010773
21.89	0.010069
21.9	0.0089842
21.91	0.0080437
21.92	0.0075182
21.93	0.0071765
21.94	0.0066393
21.95	0.00571
21.96	0.0046138
21.97	0.0036952
21.98	0.0029634
21.99	0.002166
22	0.0011365
22.01	-0.00010303
22.02	-0.0014572
22.03	-0.0026491
22.04	-0.0033627
22.05	-0.0038128
22.06	-0.004515
22.07	-0.0053412
22.08	-0.0058742
22.09	-0.0062877
22.1	-0.0069305
22.11	-0.0078818
22.12	-0.0088768
22.13	-0.0095103
22.14	-0.010015
22.15	-0.010748
22.16	-0.011214
22.17	-0.01102
22.18	-0.010721
22.19	-0.01068
22.2	-0.010397
22.21	-0.009566
22.22	-0.0085118
22.23	-0.0077266
22.24	-0.0072109
22.25	-0.0065468
22.26	-0.0057616
22.27	-0.0050231
22.28	-0.0041682
22.29	-0.0032516
22.3	-0.002224
22.31	-0.00080852
22.32	0.00050511
22.33	0.0011028
22.34	0.0012932
22.35	0.0018288
22.36	0.0027692
22.37	0.0036042
22.38	0.0043938
22.39	0.0052424
22.4	0.0056552
22.41	0.0054599
22.42	0.0050455
22.43	0.004893
22.44	0.0051572
22.45	0.005385
22.46	0.0052404
22.47	0.0048893
22.48	0.0046143
22.49	0.0047199
22.5	0.0051709
22.51	0.0057016
22.52	0.0063862
22.53	0.0071561
22.54	0.0076708
22.55	0.0079645
22.56	0.0079086
22.57	0.0070084
22.58	0.0054179
22.59	0.0033726
22.6	0.00055631
22.61	-0.0027182
22.62	-0.0056429
22.63	-0.0080918
22.64	-0.01031
22.65	-0.012432
22.66	-0.01444
22.67	-0.016229
22.68	-0.017506
22.69	-0.017877
22.7	-0.01748
22.71	-0.016522
22.72	-0.01503
22.73	-0.013473
22.74	-0.01216
22.75	-0.010911
22.76	-0.0095711
22.77	-0.0080749
22.78	-0.0064616
22.79	-0.0047926
22.8	-0.003091
22.81	-0.0014008
22.82	1.152e-05
22.83	0.00068057
22.84	0.00085073
22.85	0.0012864
22.86	0.0021685
22.87	0.0032471
22.88	0.0040629
22.89	0.0041861
22.9	0.0040276
22.91	0.0042484
22.92	0.0044779
22.93	0.004139
22.94	0.0035249
22.95	0.0028799
22.96	0.0017814
22.97	5.5136e-05
22.98	-0.002145
22.99	-0.0047401
23	-0.0072677
23.01	-0.0094378
23.02	-0.01135
23.03	-0.012838
23.04	-0.013961
23.05	-0.014941
23.06	-0.015566
23.07	-0.015863
23.08	-0.016291
23.09	-0.016984
23.1	-0.017763
23.11	-0.018552
23.12	-0.019477
23.13	-0.020603
23.14	-0.021504
23.15	-0.021767
23.16	-0.021782
23.17	-0.021748
23.18	-0.021238
23.19	-0.020092
23.2	-0.018238
23.21	-0.015803
23.22	-0.013293
23.23	-0.010828
23.24	-0.008222
23.25	-0.0055371
23.26	-0.0029365
23.27	-0.00056853
23.28	0.0011389
23.29	0.0019248
23.3	0.0022268
23.31	0.002422
23.32	0.0022014
23.33	0.0013047
23.34	0.0001886
23.35	-0.00051563
23.36	-0.00059362
23.37	-0.000264
23.38	0.00016646
23.39	0.00060764
23.4	0.00090384
23.41	0.00082039
23.42	0.00040337
23.43	1.7406e-05
23.44	2.0629e-05
23.45	-1.275e-05
23.46	-0.00059518
23.47	-0.0011084
23.48	-0.00092789
23.49	-0.00038184
23.5	0.00026329
23.51	0.001351
23.52	0.0030607
23.53	0.0049474
23.54	0.0064203
23.55	0.0075158
23.56	0.008554
23.57	0.0096759
23.58	0.011
23.59	0.012442
23.6	0.013927
23.61	0.015606
23.62	0.017606
23.63	0.019813
23.64	0.022138
23.65	0.024588
23.66	0.026958
23.67	0.029067
23.68	0.030908
23.69	0.03243
23.7	0.033616
23.71	0.034609
23.72	0.035328
23.73	0.035604
23.74	0.035626
23.75	0.035617
23.76	0.035342
23.77	0.034428
23.78	0.033063
23.79	0.031773
23.8	0.030849
23.81	0.030112
23.82	0.028808
23.83	0.026701
23.84	0.024728
23.85	0.023502
23.86	0.022426
23.87	0.020733
23.88	0.018625
23.89	0.016624
23.9	0.014621
23.91	0.012481
23.92	0.010581
23.93	0.0091479
23.94	0.0077267
23.95	0.0060616
23.96	0.0044027
23.97	0.0026489
23.98	0.00059827
23.99	-0.0015966
24	-0.0038298
24.01	-0.0058764
24.02	-0.0073058
24.03	-0.0082474
24.04	-0.0091164
24.05	-0.010057
24.06	-0.010907
24.07	-0.011553
24.08	-0.012341
24.09	-0.013135
24.1	-0.01335
24.11	-0.013078
24.12	-0.012768
24.13	-0.012561
24.14	-0.012495
24.15	-0.012584
24.16	-0.012657
24.17	-0.012778
24.18	-0.013129
24.19	-0.013511
24.2	-0.013639
24.21	-0.013486
24.22	-0.013321
24.23	-0.013373
24.24	-0.013558
24.25	-0.013458
24.26	-0.012743
24.27	-0.01181
24.28	-0.01126
24.29	-0.011053
24.3	-0.010622
24.31	-0.0095817
24.32	-0.0083353
24.33	-0.0075871
24.34	-0.0071098
24.35	-0.0060188
24.36	-0.004253
24.37	-0.0024079
24.38	-0.00077749
24.39	0.00081782
24.4	0.0026417
24.41	0.0044737
24.42	0.0059189
24.43	0.0070421
24.44	0.0079798
24.45	0.0087339
24.46	0.0093948
24.47	0.0098595
24.48	0.01022
24.49	0.010596
24.5	0.01063
24.51	0.010211
24.52	0.0096076
24.53	0.0090842
24.54	0.008758
24.55	0.0084729
24.56	0.0080128
24.57	0.0071487
24.58	0.0058227
24.59	0.0044586
24.6	0.0033392
24.61	0.0021819
24.62	0.0006734
24.63	-0.0010197
24.64	-0.002679
24.65	-0.0042544
24.66	-0.0056396
24.67	-0.0071408
24.68	-0.0088748
24.69	-0.010244
24.7	-0.011224
24.71	-0.012276
24.72	-0.013202
24.73	-0.013687
24.74	-0.013902
24.75	-0.01427
24.76	-0.014968
24.77	-0.015619
24.78	-0.016179
24.79	-0.016675
24.8	-0.016577
24.81	-0.015781
24.82	-0.014805
24.83	-0.014115
24.84	-0.013734
24.85	-0.013422
24.86	-0.012903
24.87	-0.012029
24.88	-0.011156
24.89	-0.010674
24.9	-0.010497
24.91	-0.010317
24.92	-0.0097477
24.93	-0.0087526
24.94	-0.0077963
24.95	-0.0073673
24.96	-0.0075705
24.97	-0.008063
24.98	-0.0084846
24.99	-0.0088827
25	-0.0095713
25.01	-0.010282
25.02	-0.010778
25.03	-0.011421
25.04	-0.011909
25.05	-0.011818
25.06	-0.011613
25.07	-0.011639
25.08	-0.011646
25.09	-0.011569
25.1	-0.011324
25.11	-0.010361
25.12	-0.0088945
25.13	-0.0076891
25.14	-0.006528
25.15	-0.0051957
25.16	-0.0039703
25.17	-0.0028426
25.18	-0.001822
25.19	-0.00084795
25.2	0.0002228
25.21	0.0011608
25.22	0.0017447
25.23	0.0021871
25.24	0.0026287
25.25	0.0027986
25.26	0.0023457
25.27	0.0014688
25.28	0.000705
25.29	0.00024557
25.3	0.00017804
25.31	0.00031003
25.32	0.00025625
25.33	0.00015331
25.34	0.0003093
25.35	0.00059268
25.36	0.00075404
25.37	0.00077316
25.38	0.00081578
25.39	0.0013352
25.4	0.0022743
25.41	0.0028888
25.42	0.0030629
25.43	0.0031026
25.44	0.0030769
25.45	0.0031142
25.46	0.003066
25.47	0.0026909
25.48	0.0022891
25.49	0.0019964
25.5	0.0017032
25.51	0.0014532
25.52	0.001268
25.53	0.0011859
25.54	0.0012578
25.55	0.0016471
25.56	0.0022768
25.57	0.0026282
25.58	0.0028199
25.59	0.003488
25.6	0.0044373
25.61	0.0053099
25.62	0.0062284
25.63	0.0069568
25.64	0.007272
25.65	0.0073863
25.66	0.0073182
25.67	0.0068183
25.68	0.0057771
25.69	0.004565
25.7	0.0038391
25.71	0.0037822
25.72	0.0039144
25.73	0.0035653
25.74	0.0027141
25.75	0.0021108
25.76	0.0017638
25.77	0.00097653
25.78	-0.0002937
25.79	-0.0017879
25.8	-0.0033657
25.81	-0.0050566
25.82	-0.0068679
25.83	-0.0084266
25.84	-0.0094846
25.85	-0.0099406
25.86	-0.0099534
25.87	-0.010158
25.88	-0.010566
25.89	-0.010573
25.9	-0.010154
25.91	-0.0099474
25.92	-0.010282
25.93	-0.01032
25.94	-0.0091593
25.95	-0.0074644
25.96	-0.0061274
25.97	-0.0047598
25.98	-0.0029406
25.99	-0.0010087
26	0.00081415
26.01	0.0025814
26.02	0.00419
26.03	0.0056421
26.04	0.0071035
26.05	0.0087188
26.06	0.010339
26.07	0.011663
26.08	0.012592
26.09	0.013231
26.1	0.014117
26.11	0.015453
26.12	0.016472
26.13	0.016701
26.14	0.016769
26.15	0.01707
26.16	0.01738
26.17	0.017633
26.18	0.017474
26.19	0.016899
26.2	0.016619
26.21	0.0165
26.22	0.015919
26.23	0.014936
26.24	0.013923
26.25	0.01295
26.26	0.011955
26.27	0.010734
26.28	0.0088469
26.29	0.0066421
26.3	0.0048013
26.31	0.0031326
26.32	0.0013475
26.33	-0.00046768
26.34	-0.0020819
26.35	-0.0032351
26.36	-0.0038492
26.37	-0.0040442
26.38	-0.0040553
26.39	-0.0039321
26.4	-0.003461
26.41	-0.0026765
26.42	-0.0020001
26.43	-0.0016025
26.44	-0.0012453
26.45	-0.00082869
26.46	-0.00054745
26.47	-0.0005097
26.48	-0.0004074
26.49	7.9509e-05
26.5	0.00063536
26.51	0.00078575
26.52	0.00095064
26.53	0.0018408
26.54	0.0028442
26.55	0.0030236
26.56	0.0026001
26.57	0.0020883
26.58	0.0017155
26.59	0.0017596
26.6	0.00227
26.61	0.0027458
26.62	0.0029538
26.63	0.0031257
26.64	0.0033967
26.65	0.0037334
26.66	0.0039902
26.67	0.0041262
26.68	0.0040442
26.69	0.0037168
26.7	0.0035116
26.71	0.0036382
26.72	0.0039792
26.73	0.0046038
26.74	0.0055655
26.75	0.00641
26.76	0.0068961
26.77	0.0074304
26.78	0.0083572
26.79	0.0093639
26.8	0.010072
26.81	0.010787
26.82	0.01146
26.83	0.011573
26.84	0.011198
26.85	0.010923
26.86	0.010989
26.87	0.010731
26.88	0.0096512
26.89	0.008064
26.9	0.0064713
26.91	0.0051814
26.92	0.0038672
26.93	0.0023738
26.94	0.0011598
26.95	0.00023832
26.96	-0.00060929
26.97	-0.0014516
26.98	-0.0020774
26.99	-0.0020805
27	-0.0017123
27.01	-0.0016387
27.02	-0.002013
27.03	-0.0023573
27.04	-0.0023761
27.05	-0.0024632
27.06	-0.0029126
27.07	-0.0033374
27.08	-0.0033813
27.09	-0.0033464
27.1	-0.0038868
27.11	-0.0050475
27.12	-0.0060294
27.13	-0.0064103
27.14	-0.0067405
27.15	-0.0074909
27.16	-0.0083265
27.17	-0.0089497
27.18	-0.0095854
27.19	-0.010369
27.2	-0.010839
27.21	-0.010862
27.22	-0.011161
27.23	-0.011866
27.24	-0.012353
27.25	-0.01264
27.26	-0.013164
27.27	-0.013616
27.28	-0.013632
27.29	-0.013445
27.3	-0.013182
27.31	-0.012992
27.32	-0.013193
27.33	-0.013642
27.34	-0.013776
27.35	-0.013433
27.36	-0.012971
27.37	-0.012835
27.38	-0.013143
27.39	-0.013599
27.4	-0.014119
27.41	-0.014873
27.42	-0.015815
27.43	-0.016576
27.44	-0.016923
27.45	-0.017126
27.46	-0.017279
27.47	-0.017358
27.48	-0.017679
27.49	-0.018155
27.5	-0.018237
27.51	-0.017837
27.52	-0.017258
27.53	-0.016585
27.54	-0.01579
27.55	-0.01498
27.56	-0.013893
27.57	-0.012194
27.58	-0.010372
27.59	-0.0087629
27.6	-0.0069349
27.61	-0.0046754
27.62	-0.0022917
27.63	-0.00027576
27.64	0.001127
27.65	0.0021548
27.66	0.0031654
27.67	0.0039071
27.68	0.0039202
27.69	0.0037361
27.7	0.0042774
27.71	0.0053859
27.72	0.0061648
27.73	0.0064129
27.74	0.0066938
27.75	0.0075054
27.76	0.0087076
27.77	0.0096941
27.78	0.010299
27.79	0.011028
27.8	0.012134
27.81	0.013296
27.82	0.014225
27.83	0.014605
27.84	0.014417
27.85	0.014351
27.86	0.014748
27.87	0.015286
27.88	0.015797
27.89	0.016284
27.9	0.016815
27.91	0.017386
27.92	0.017637
27.93	0.017306
27.94	0.016637
27.95	0.01599
27.96	0.015497
27.97	0.014818
27.98	0.013553
27.99	0.012134
28	0.011168
28.01	0.010588
28.02	0.010034
28.03	0.0092815
28.04	0.008222
28.05	0.0070325
28.06	0.0061699
28.07	0.0057533
28.08	0.0053812
28.09	0.0046321
28.1	0.0035893
28.11	0.0026351
28.12	0.00188
28.13	0.0011989
28.14	0.0005795
28.15	5.9045e-05
28.16	-0.00034325
28.17	-0.00054017
28.18	-0.00057647
28.19	-0.00037615
28.2	0.00029824
28.21	0.0011147
28.22	0.0015456
28.23	0.0017884
28.24	0.0022779
28.25	0.0029487
28.26	0.0035823
28.27	0.00407
28.28	0.0042488
28.29	0.0041347
28.3	0.003962
28.31	0.0037938
28.32	0.0034903
28.33	0.0029889
28.34	0.0024634
28.35	0.0021673
28.36	0.0022707
28.37	0.0026837
28.38	0.0029529
28.39	0.00312
28.4	0.0037522
28.41	0.0046315
28.42	0.0050828
28.43	0.0050513
28.44	0.0048022
28.45	0.0046686
28.46	0.0049234
28.47	0.0051091
28.48	0.0046951
28.49	0.0039921
28.5	0.0034822
28.51	0.0030881
28.52	0.0022203
28.53	0.00071345
28.54	-0.00088716
28.55	-0.0021671
28.56	-0.0030976
28.57	-0.0038327
28.58	-0.0045237
28.59	-0.0051899
28.6	-0.0057639
28.61	-0.0064027
28.62	-0.0072406
28.63	-0.0078845
28.64	-0.0080839
28.65	-0.0082517
28.66	-0.0086994
28.67	-0.0091474
28.68	-0.0093657
28.69	-0.0092439
28.7	-0.0085448
28.71	-0.0074656
28.72	-0.0064469
28.73	-0.0056836
28.74	-0.0050205
28.75	-0.0042776
28.76	-0.0037095
28.77	-0.0034885
28.78	-0.0034082
28.79	-0.003282
28.8	-0.0031117
28.81	-0.0029636
28.82	-0.0028904
28.83	-0.0030754
28.84	-0.0035086
28.85	-0.0037784
28.86	-0.0036801
28.87	-0.0035957
28.88	-0.0039361
28.89	-0.0043933
28.9	-0.0045079
28.91	-0.00434
28.92	-0.0041297
28.93	-0.0040885
28.94	-0.0043687
28.95	-0.0048505
28.96	-0.0051354
28.97	-0.0051804
28.98	-0.0052853
28.99	-0.0053873
29	-0.0053044
29.01	-0.0050778
29.02	-0.0047642
29.03	-0.0042473
29.04	-0.0037689
29.05	-0.0038581
29.06	-0.0042574
29.07	-0.0044918
29.08	-0.0045658
29.09	-0.0044067
29.1	-0.003966
29.11	-0.0035583
29.12	-0.0031935
29.13	-0.0025694
29.14	-0.0019279
29.15	-0.001571
29.16	-0.0011601
29.17	-0.00068342
29.18	-0.00067137
29.19	-0.00078064
29.2	-0.0003321
29.21	0.00044969
29.22	0.0012397
29.23	0.0019578
29.24	0.0022694
29.25	0.0020957
29.26	0.0018519
29.27	0.0018113
29.28	0.0018822
29.29	0.0017147
29.3	0.0011558
29.31	0.00066996
29.32	0.00040664
29.33	-0.00022157
29.34	-0.0010983
29.35	-0.0012937
29.36	-0.00073317
29.37	-0.00023292
29.38	-0.0001729
29.39	-0.00039834
29.4	-0.00066939
29.41	-0.00084731
29.42	-0.0010384
29.43	-0.001233
29.44	-0.0014581
29.45	-0.0018852
29.46	-0.0024848
29.47	-0.0030063
29.48	-0.0028942
29.49	-0.0024064
29.5	-0.0025015
29.51	-0.002931
29.52	-0.0029565
29.53	-0.0027509
29.54	-0.0027562
29.55	-0.0029608
29.56	-0.0032371
29.57	-0.0035586
29.58	-0.0036921
29.59	-0.0036868
29.6	-0.0039852
29.61	-0.0043998
29.62	-0.0046902
29.63	-0.0050894
29.64	-0.005477
29.65	-0.0057185
29.66	-0.0060281
29.67	-0.006631
29.68	-0.0072881
29.69	-0.0072397
29.7	-0.0063802
29.71	-0.0054368
29.72	-0.0048338
29.73	-0.004316
29.74	-0.0034369
29.75	-0.0023321
29.76	-0.001471
29.77	-0.00079719
29.78	-5.2612e-05
29.79	0.00083632
29.8	0.001986
29.81	0.0032383
29.82	0.0043982
29.83	0.0055616
29.84	0.0065438
29.85	0.0070531
29.86	0.0074437
29.87	0.0081737
29.88	0.0090609
29.89	0.0097114
29.9	0.0098918
29.91	0.0097087
29.92	0.0094596
29.93	0.009234
29.94	0.0090727
29.95	0.0091708
29.96	0.0095485
29.97	0.010025
29.98	0.010421
29.99	0.010549
30	0.010508
30.01	0.010523
30.02	0.010466
30.03	0.010004
30.04	0.0093281
30.05	0.0090513
30.06	0.0092321
30.07	0.0093794
30.08	0.0091125
30.09	0.0087017
30.1	0.0086179
30.11	0.008589
30.12	0.0081489
30.13	0.0074239
30.14	0.006566
30.15	0.0055868
30.16	0.0045788
30.17	0.0034679
30.18	0.0023384
30.19	0.0015572
30.2	0.0013064
30.21	0.0012412
30.22	0.00081739
30.23	0.00015147
30.24	-0.00045422
30.25	-0.0011482
30.26	-0.0017272
30.27	-0.0016921
30.28	-0.001104
30.29	-0.00041688
30.3	0.00016534
30.31	0.00056789
30.32	0.00070525
30.33	0.00082538
30.34	0.0010944
30.35	0.0013179
30.36	0.0014834
30.37	0.0017244
30.38	0.002104
30.39	0.0025936
30.4	0.0030023
30.41	0.0032611
30.42	0.0034482
30.43	0.0034626
30.44	0.003281
30.45	0.0030852
30.46	0.0028193
30.47	0.0024198
30.48	0.0020935
30.49	0.0019311
30.5	0.0017961
30.51	0.0017956
30.52	0.0022498
30.53	0.0029593
30.54	0.0034265
30.55	0.0035808
30.56	0.0036604
30.57	0.0037954
30.58	0.0040611
30.59	0.0044813
30.6	0.0049955
30.61	0.0056505
30.62	0.0061643
30.63	0.0061281
30.64	0.0057862
30.65	0.0056194
30.66	0.0055998
30.67	0.0054146
30.68	0.0050302
30.69	0.0044719
30.7	0.0036797
30.71	0.0027562
30.72	0.0017777
30.73	0.00073998
30.74	-0.00021327
30.75	-0.0010852
30.76	-0.002087
30.77	-0.0031017
30.78	-0.0039509
30.79	-0.0046066
30.8	-0.0050028
30.81	-0.0052412
30.82	-0.0056558
30.83	-0.0066809
30.84	-0.0080295
30.85	-0.0087358
30.86	-0.0086468
30.87	-0.0085433
30.88	-0.0087958
30.89	-0.009054
30.9	-0.0091177
30.91	-0.0090197
30.92	-0.0087302
30.93	-0.0082907
30.94	-0.0080264
30.95	-0.0081741
30.96	-0.0082923
30.97	-0.0081053
30.98	-0.007919
30.99	-0.0077112
31	-0.0073648
31.01	-0.0069898
31.02	-0.00656
31.03	-0.0061498
31.04	-0.0058011
31.05	-0.0054027
31.06	-0.0049691
31.07	-0.0046935
31.08	-0.004729
31.09	-0.0048215
31.1	-0.0047154
31.11	-0.0046185
31.12	-0.0048622
31.13	-0.0052808
31.14	-0.0055155
31.15	-0.0057126
31.16	-0.0060867
31.17	-0.0067699
31.18	-0.0078952
31.19	-0.0090981
31.2	-0.0097957
31.21	-0.010025
31.22	-0.010241
31.23	-0.010431
31.24	-0.010309
31.25	-0.0098286
31.26	-0.0091083
31.27	-0.0082053
31.28	-0.0070899
31.29	-0.0059781
31.3	-0.004995
31.31	-0.004032
31.32	-0.0032515
31.33	-0.0026903
31.34	-0.0019607
31.35	-0.00082778
31.36	0.00030619
31.37	0.001004
31.38	0.0014846
31.39	0.0020152
31.4	0.002474
31.41	0.0026954
31.42	0.0028737
31.43	0.0032608
31.44	0.0037046
31.45	0.0041432
31.46	0.0046926
31.47	0.0051148
31.48	0.0051448
31.49	0.004895
31.5	0.004663
31.51	0.0047591
31.52	0.0051707
31.53	0.0053745
31.54	0.0048863
31.55	0.0037708
31.56	0.0025514
31.57	0.0015586
31.58	0.00068421
31.59	-0.00019037
31.6	-0.0010676
31.61	-0.0020428
31.62	-0.0032747
31.63	-0.0044971
31.64	-0.0053966
31.65	-0.0061125
31.66	-0.006751
31.67	-0.0074512
31.68	-0.0082045
31.69	-0.0084735
31.7	-0.0082627
31.71	-0.0081891
31.72	-0.0083155
31.73	-0.0082834
31.74	-0.0079817
31.75	-0.0075895
31.76	-0.0072773
31.77	-0.0070425
31.78	-0.0066334
31.79	-0.0057593
31.8	-0.0045669
31.81	-0.0036376
31.82	-0.0031359
31.83	-0.0030048
31.84	-0.0030989
31.85	-0.0028756
31.86	-0.0023562
31.87	-0.0018702
31.88	-0.0012915
31.89	-0.00038695
31.9	0.00054002
31.91	0.0011024
31.92	0.0015795
31.93	0.0022236
31.94	0.002859
31.95	0.0034601
31.96	0.0041331
31.97	0.0046719
31.98	0.0051321
31.99	0.0057657
32	0.0062506
32.01	0.0063806
32.02	0.0064683
32.03	0.0068287
32.04	0.0074093
32.05	0.0077811
32.06	0.0078836
32.07	0.008159
32.08	0.0085826
32.09	0.0085535
32.1	0.008068
32.11	0.0077614
32.12	0.0077249
32.13	0.0077234
32.14	0.0076206
32.15	0.0072519
32.16	0.00673
32.17	0.0062623
32.18	0.005893
32.19	0.0055999
32.2	0.0054639
32.21	0.0055714
32.22	0.0059177
32.23	0.0063796
32.24	0.0065827
32.25	0.0064697
32.26	0.006352
32.27	0.0062868
32.28	0.0064736
32.29	0.0071142
32.3	0.0077296
32.31	0.0079759
32.32	0.0079927
32.33	0.0079148
32.34	0.0078081
32.35	0.0075167
32.36	0.0069352
32.37	0.0063011
32.38	0.0058624
32.39	0.0054358
32.4	0.004627
32.41	0.0035544
32.42	0.0027889
32.43	0.0024397
32.44	0.0017915
32.45	0.00063088
32.46	-0.00035564
32.47	-0.0010332
32.48	-0.0015989
32.49	-0.0018495
32.5	-0.0017438
32.51	-0.0017307
32.52	-0.0020885
32.53	-0.0024206
32.54	-0.0024246
32.55	-0.0022954
32.56	-0.002215
32.57	-0.0021564
32.58	-0.0021541
32.59	-0.0022764
32.6	-0.0023108
32.61	-0.0020953
32.62	-0.001881
32.63	-0.0019477
32.64	-0.0021077
32.65	-0.0020117
32.66	-0.0017573
32.67	-0.0015488
32.68	-0.0013843
32.69	-0.0011713
32.7	-0.00078062
32.71	-0.00019745
32.72	0.00037496
32.73	0.00060538
32.74	0.00049984
32.75	0.00035556
32.76	0.0003075
32.77	0.00030875
32.78	0.0002512
32.79	0.00018477
32.8	0.00048031
32.81	0.0013029
32.82	0.0019806
32.83	0.001915
32.84	0.0016765
32.85	0.0019576
32.86	0.0026888
32.87	0.0035026
32.88	0.0039514
32.89	0.0040669
32.9	0.0042981
32.91	0.00458
32.92	0.00457
32.93	0.0043166
32.94	0.0040906
32.95	0.0037567
32.96	0.0031323
32.97	0.0024736
32.98	0.0018841
32.99	0.0012615
33	0.00055025
33.01	-9.8623e-05
33.02	-0.00057866
33.03	-0.0010665
33.04	-0.0015628
33.05	-0.0020402
33.06	-0.002657
33.07	-0.0034567
33.08	-0.0042361
33.09	-0.0047624
33.1	-0.0050724
33.11	-0.0053821
33.12	-0.005818
33.13	-0.0062867
33.14	-0.0065714
33.15	-0.0069674
33.16	-0.0076322
33.17	-0.0080547
33.18	-0.0082962
33.19	-0.0085807
33.2	-0.0086243
33.21	-0.00827
33.22	-0.0076827
33.23	-0.0073295
33.24	-0.0075194
33.25	-0.0078979
33.26	-0.0077562
33.27	-0.0069277
33.28	-0.0058922
33.29	-0.0049369
33.3	-0.0039378
33.31	-0.0027493
33.32	-0.0017132
33.33	-0.0012851
33.34	-0.0009109
33.35	9.478e-05
33.36	0.0011814
33.37	0.0019201
33.38	0.0026902
33.39	0.0034329
33.4	0.0037848
33.41	0.0039874
33.42	0.004348
33.43	0.0045791
33.44	0.0043842
33.45	0.0040299
33.46	0.0041019
33.47	0.0046678
33.48	0.0050926
33.49	0.005238
33.5	0.0057795
33.51	0.006773
33.52	0.007616
33.53	0.0080388
33.54	0.0081348
33.55	0.0082821
33.56	0.0086481
33.57	0.0088216
33.58	0.008561
33.59	0.0081138
33.6	0.0077106
33.61	0.0072684
33.62	0.0067669
33.63	0.0064619
33.64	0.0063452
33.65	0.0061517
33.66	0.0056251
33.67	0.0047241
33.68	0.0039189
33.69	0.0035362
33.7	0.0033609
33.71	0.003195
33.72	0.0029243
33.73	0.0022793
33.74	0.0011979
33.75	2.1499e-05
33.76	-0.00089103
33.77	-0.0015403
33.78	-0.0021566
33.79	-0.0027919
33.8	-0.0033898
33.81	-0.0039774
33.82	-0.0045181
33.83	-0.0049073
33.84	-0.0052132
33.85	-0.0054129
33.86	-0.0055474
33.87	-0.0058407
33.88	-0.0061823
33.89	-0.0062654
33.9	-0.0060998
33.91	-0.0059895
33.92	-0.0059764
33.93	-0.0058911
33.94	-0.0056248
33.95	-0.0051558
33.96	-0.0045756
33.97	-0.0040579
33.98	-0.0037878
33.99	-0.0036879
34	-0.0033959
34.01	-0.0026551
34.02	-0.001657
34.03	-0.00094608
34.04	-0.00076194
34.05	-0.00060984
34.06	-0.00014435
34.07	6.8609e-05
34.08	-0.00036085
34.09	-0.00094717
34.1	-0.0013273
34.11	-0.0016413
34.12	-0.0018953
34.13	-0.0020943
34.14	-0.0024347
34.15	-0.0029526
34.16	-0.0034899
34.17	-0.0038814
34.18	-0.0044272
34.19	-0.0053435
34.2	-0.0059678
34.21	-0.0058492
34.22	-0.0054577
34.23	-0.0054292
34.24	-0.0057561
34.25	-0.0059419
34.26	-0.0059912
34.27	-0.0061891
34.28	-0.0063253
34.29	-0.0061572
34.3	-0.0058296
34.31	-0.0054975
34.32	-0.0053272
34.33	-0.0055559
34.34	-0.006092
34.35	-0.0065713
34.36	-0.0066322
34.37	-0.006299
34.38	-0.0058998
34.39	-0.0056101
34.4	-0.0055046
34.41	-0.0054127
34.42	-0.0050782
34.43	-0.0047345
34.44	-0.0046906
34.45	-0.0047387
34.46	-0.0046402
34.47	-0.0044435
34.48	-0.0042921
34.49	-0.0043275
34.5	-0.0044016
34.51	-0.0042739
34.52	-0.0039486
34.53	-0.0034995
34.54	-0.0029337
34.55	-0.0022295
34.56	-0.00138
34.57	-0.00041032
34.58	0.00054414
34.59	0.0013447
34.6	0.0020803
34.61	0.0030136
34.62	0.0040497
34.63	0.0049642
34.64	0.0060048
34.65	0.0070858
34.66	0.0078017
34.67	0.0083283
34.68	0.0088572
34.69	0.009346
34.7	0.010069
34.71	0.011266
34.72	0.012525
34.73	0.013055
34.74	0.01289
34.75	0.012791
34.76	0.012831
34.77	0.012774
34.78	0.012765
34.79	0.012815
34.8	0.012873
34.81	0.012956
34.82	0.012933
34.83	0.012678
34.84	0.012133
34.85	0.01147
34.86	0.010862
34.87	0.010158
34.88	0.0093152
34.89	0.0085597
34.9	0.0080813
34.91	0.007816
34.92	0.0074834
34.93	0.0069029
34.94	0.0062758
34.95	0.0059034
34.96	0.0057406
34.97	0.0055273
34.98	0.0051907
34.99	0.0049483
35	0.0048075
35.01	0.0046047
35.02	0.0041718
35.03	0.0033852
35.04	0.0025977
35.05	0.0021695
35.06	0.0020111
35.07	0.0018886
35.08	0.0015384
35.09	0.00083082
35.1	0.00011794
35.11	-0.00029005
35.12	-0.00063624
35.13	-0.0011235
35.14	-0.0017052
35.15	-0.0023665
35.16	-0.0028946
35.17	-0.0030561
35.18	-0.0030124
35.19	-0.0029434
35.2	-0.0026622
35.21	-0.0019907
35.22	-0.0013016
35.23	-0.00098847
35.24	-0.00087863
35.25	-0.00078887
35.26	-0.00079598
35.27	-0.00088713
35.28	-0.0010493
35.29	-0.0013572
35.3	-0.0017603
35.31	-0.0022445
35.32	-0.002844
35.33	-0.0033915
35.34	-0.0038776
35.35	-0.0046706
35.36	-0.0056018
35.37	-0.0060722
35.38	-0.0062302
35.39	-0.006478
35.4	-0.0066394
35.41	-0.0065678
35.42	-0.0065578
35.43	-0.0067805
35.44	-0.0070338
35.45	-0.007068
35.46	-0.0068532
35.47	-0.0066536
35.48	-0.0066568
35.49	-0.0066373
35.5	-0.0064786
35.51	-0.0063662
35.52	-0.0061953
35.53	-0.0057639
35.54	-0.0052923
35.55	-0.0050522
35.56	-0.0049595
35.57	-0.0048286
35.58	-0.004715
35.59	-0.0047799
35.6	-0.0050414
35.61	-0.0053333
35.62	-0.0055063
35.63	-0.0055715
35.64	-0.005647
35.65	-0.0058075
35.66	-0.0058544
35.67	-0.0056559
35.68	-0.0054323
35.69	-0.0051768
35.7	-0.0043728
35.71	-0.0030958
35.72	-0.0020826
35.73	-0.0014752
35.74	-0.00089939
35.75	-0.0002041
35.76	0.00032691
35.77	0.00042824
35.78	0.00054367
35.79	0.0013328
35.8	0.0023823
35.81	0.0028142
35.82	0.0026394
35.83	0.0025671
35.84	0.0029912
35.85	0.0035479
35.86	0.0038873
35.87	0.0039735
35.88	0.0039373
35.89	0.0039516
35.9	0.0039471
35.91	0.0038218
35.92	0.0036173
35.93	0.0034409
35.94	0.003304
35.95	0.002972
35.96	0.0023305
35.97	0.0016641
35.98	0.0010601
35.99	0.00046073
36	1.3484e-05
36.01	-9.0139e-05
36.02	-0.00031183
36.03	-0.00079685
36.04	-0.0015958
36.05	-0.0023418
36.06	-0.0026584
36.07	-0.0029115
36.08	-0.003499
36.09	-0.0042305
36.1	-0.0047676
36.11	-0.0052463
36.12	-0.0058419
36.13	-0.0062977
36.14	-0.0065178
36.15	-0.0068224
36.16	-0.0073441
36.17	-0.0077127
36.18	-0.0076028
36.19	-0.0072206
36.2	-0.0067329
36.21	-0.006022
36.22	-0.0053268
36.23	-0.0048837
36.24	-0.0044994
36.25	-0.0040093
36.26	-0.0034878
36.27	-0.0029999
36.28	-0.0024398
36.29	-0.0019145
36.3	-0.0016164
36.31	-0.001445
36.32	-0.0013519
36.33	-0.0013227
36.34	-0.001142
36.35	-0.00080728
36.36	-0.00052783
36.37	-0.00035674
36.38	-0.00021263
36.39	-4.4979e-05
36.4	0.00010363
36.41	0.00023967
36.42	0.00038019
36.43	0.00050295
36.44	0.00062339
36.45	0.00076416
36.46	0.00090917
36.47	0.0010335
36.48	0.0011327
36.49	0.0012067
36.5	0.0012824
36.51	0.0013918
36.52	0.0015155
36.53	0.0015967
36.54	0.0016481
36.55	0.0017135
36.56	0.0017832
36.57	0.0018429
36.58	0.0018974
36.59	0.0019555
36.6	0.0020229
36.61	0.0020922
36.62	0.0021444
36.63	0.0021883
36.64	0.0022296
36.65	0.0022989
36.66	0.0026018
36.67	0.0031386
36.68	0.0035568
36.69	0.0038664
36.7	0.0042782
36.71	0.0048294
36.72	0.0055638
36.73	0.0062322
36.74	0.0064466
36.75	0.0062391
36.76	0.0059524
36.77	0.00586
36.78	0.0059845
36.79	0.0061513
36.8	0.0063386
36.81	0.0066281
36.82	0.0068245
36.83	0.0067317
36.84	0.0064169
36.85	0.006108
36.86	0.0062439
36.87	0.0069168
36.88	0.0074049
36.89	0.0073809
36.9	0.0073379
36.91	0.0073746
36.92	0.0073422
36.93	0.0073741
36.94	0.0073985
36.95	0.0071903
36.96	0.0067892
36.97	0.0063898
36.98	0.0060459
36.99	0.0057085
37	0.0053514
37.01	0.0051266
37.02	0.0052017
37.03	0.0053022
37.04	0.0051054
37.05	0.0047148
37.06	0.0043005
37.07	0.0039658
37.08	0.0038975
37.09	0.0040189
37.1	0.0039684
37.11	0.0036399
37.12	0.0032119
37.13	0.002881
37.14	0.0028112
37.15	0.0029617
37.16	0.003069
37.17	0.0030329
37.18	0.0029351
37.19	0.002732
37.2	0.0025045
37.21	0.0025464
37.22	0.0027334
37.23	0.0025923
37.24	0.0020852
37.25	0.0015426
37.26	0.0010635
37.27	0.00053034
37.28	-0.00016847
37.29	-0.00096189
37.3	-0.0016145
37.31	-0.002113
37.32	-0.0026079
37.33	-0.0033039
37.34	-0.0042038
37.35	-0.0048868
37.36	-0.0053729
37.37	-0.0060168
37.38	-0.0066378
37.39	-0.0071667
37.4	-0.0078791
37.41	-0.0085842
37.42	-0.00897
37.43	-0.0090997
37.44	-0.0090048
37.45	-0.0088997
37.46	-0.0091299
37.47	-0.0094574
37.48	-0.0095641
37.49	-0.0095522
37.5	-0.0095483
37.51	-0.0096987
37.52	-0.0099492
37.53	-0.010054
37.54	-0.010016
37.55	-0.0098385
37.56	-0.0094685
37.57	-0.0089848
37.58	-0.0085034
37.59	-0.0081366
37.6	-0.0078834
37.61	-0.0075729
37.62	-0.0071223
37.63	-0.0065886
37.64	-0.0060625
37.65	-0.0056233
37.66	-0.005227
37.67	-0.0049667
37.68	-0.0050928
37.69	-0.0053963
37.7	-0.0053723
37.71	-0.0049613
37.72	-0.0045104
37.73	-0.0043098
37.74	-0.0042886
37.75	-0.0041268
37.76	-0.0038335
37.77	-0.0036369
37.78	-0.0034848
37.79	-0.0032934
37.8	-0.0029378
37.81	-0.0023169
37.82	-0.0017567
37.83	-0.0014624
37.84	-0.0011892
37.85	-0.00082893
37.86	-0.00051541
37.87	-0.00025263
37.88	0.00015518
37.89	0.00065266
37.9	0.00085873
37.91	0.00075436
37.92	0.00071658
37.93	0.0008956
37.94	0.0011377
37.95	0.0013263
37.96	0.0014751
37.97	0.0015716
37.98	0.0015635
37.99	0.0014967
38	0.0015735
38.01	0.0018599
38.02	0.0022048
38.03	0.0025915
38.04	0.003019
38.05	0.0034302
38.06	0.003824
38.07	0.00417
38.08	0.0044982
38.09	0.0047618
38.1	0.0048548
38.11	0.0049134
38.12	0.0050429
38.13	0.0050846
38.14	0.0050043
38.15	0.0050583
38.16	0.0052745
38.17	0.0053823
38.18	0.005326
38.19	0.0052712
38.2	0.0054167
38.21	0.0057653
38.22	0.0060306
38.23	0.0060763
38.24	0.005979
38.25	0.0058139
38.26	0.0057314
38.27	0.0057769
38.28	0.0057614
38.29	0.005654
38.3	0.0056562
38.31	0.0057103
38.32	0.0055992
38.33	0.0053368
38.34	0.005046
38.35	0.0048654
38.36	0.0048043
38.37	0.0046698
38.38	0.0043694
38.39	0.0040003
38.4	0.0036639
38.41	0.0033585
38.42	0.0030816
38.43	0.0029109
38.44	0.0028093
38.45	0.0026232
38.46	0.0022731
38.47	0.0018182
38.48	0.0014248
38.49	0.0011719
38.5	0.00099098
38.51	0.00080753
38.52	0.00055522
38.53	0.00022133
38.54	-7.6521e-05
38.55	-0.00023416
38.56	-0.00027591
38.57	-0.00027916
38.58	-0.00030773
38.59	-0.00039876
38.6	-0.00052765
38.61	-0.00065665
38.62	-0.00077471
38.63	-0.00088257
38.64	-0.00098889
38.65	-0.0010887
38.66	-0.0011881
38.67	-0.001306
38.68	-0.0014296
38.69	-0.0015298
38.7	-0.0016105
38.71	-0.001722
38.72	-0.00189
38.73	-0.0020543
38.74	-0.0021518
38.75	-0.002218
38.76	-0.0023299
38.77	-0.0024783
38.78	-0.0025837
38.79	-0.0026095
38.8	-0.0025683
38.81	-0.0025282
38.82	-0.0025884
38.83	-0.0027045
38.84	-0.0027931
38.85	-0.0028734
38.86	-0.0029097
38.87	-0.0028733
38.88	-0.0028391
38.89	-0.0028588
38.9	-0.0028914
38.91	-0.0028562
38.92	-0.002759
38.93	-0.0026716
38.94	-0.0025827
38.95	-0.002477
38.96	-0.002416
38.97	-0.0023749
38.98	-0.002257
38.99	-0.0020792
39	-0.0019412
39.01	-0.0018586
39.02	-0.0017549
39.03	-0.0016
39.04	-0.001433
39.05	-0.0012851
39.06	-0.0011503
39.07	-0.0010171
39.08	-0.00089621
39.09	-0.00079796
39.1	-0.00069621
39.11	-0.00057252
39.12	-0.00045587
39.13	-0.00035791
39.14	-0.00024376
39.15	-0.00010948
39.16	-2.008e-06
39.17	6.3368e-05
39.18	0.00011007
39.19	0.00017894
39.2	0.00030414
39.21	0.0004338
39.22	0.00050134
39.23	0.00053627
39.24	0.00058015
39.25	0.00061895
39.26	0.00065131
39.27	0.00068842
39.28	0.0007106
39.29	0.00071795
39.3	0.00073679
39.31	0.00074611
39.32	0.00070608
39.33	0.00064089
39.34	0.00060678
39.35	0.00060738
39.36	0.00060463
39.37	0.00058434
39.38	0.00055729
39.39	0.00052698
39.4	0.00050627
39.41	0.00049782
39.42	0.00048188
39.43	0.00046196
39.44	0.00044366
39.45	0.00042211
39.46	0.00040056
39.47	0.00038122
39.48	0.00036484
39.49	0.00035427
39.5	0.00034926
39.51	0.00033811
39.52	0.0003079
39.53	0.00026564
39.54	0.00023278
39.55	0.00021846
39.56	0.00021303
39.57	0.00020657
39.58	0.00019838
39.59	0.00018655
39.6	0.00016933
39.61	0.00015797
39.62	0.00015768
39.63	0.00015697
39.64	0.00015248
39.65	0.00014631
39.66	0.00013566
39.67	0.00012266
39.68	0.00011182
39.69	0.00010563
39.7	0.000105
39.71	0.00010626
39.72	0.00010418
39.73	9.7127e-05
39.74	8.954e-05
39.75	8.4086e-05
39.76	7.6999e-05
39.77	6.6049e-05
39.78	5.413e-05
39.79	4.4677e-05
39.8	3.7008e-05
39.81	2.8343e-05
39.82	1.8096e-05
39.83	7.2636e-06
39.84	-2.3506e-06
39.85	-9.5663e-06
39.86	-1.5449e-05
39.87	-2.0556e-05
39.88	-2.4246e-05
39.89	-2.7035e-05
39.9	-2.9573e-05
39.91	-3.1763e-05
39.92	-3.3555e-05
39.93	-3.4981e-05
39.94	-3.6183e-05
39.95	-3.7348e-05
39.96	-3.8324e-05
39.97	-3.8881e-05
39.98	-3.8973e-05
39.99	-3.8631e-05
