0	-0.00081236
0.01	-0.00044823
0.02	0.0011682
0.03	0.0023263
0.04	0.0019071
0.05	0.0018766
0.06	0.0018343
0.07	0.0018032
0.08	0.0017725
0.09	0.0017218
0.1	0.0016263
0.11	0.0014825
0.12	0.0012892
0.13	0.0010642
0.14	0.00084178
0.15	0.00065836
0.16	0.00052903
0.17	0.00046562
0.18	0.00047943
0.19	0.00056523
0.2	0.00068882
0.21	0.00082032
0.22	0.00094043
0.23	0.0010483
0.24	0.0011746
0.25	0.0013636
0.26	0.0016198
0.27	0.0018804
0.28	0.0020465
0.29	0.0020635
0.3	0.0019371
0.31	0.0017671
0.32	0.0017222
0.33	0.0018841
0.34	0.0021685
0.35	0.0023839
0.36	0.0023339
0.37	0.0019794
0.38	0.0014862
0.39	0.0010939
0.4	0.00089339
0.41	0.00074394
0.42	0.00046342
0.43	3.2367e-05
0.44	-0.00043442
0.45	-0.00080852
0.46	-0.0009954
0.47	-0.0010104
0.48	-0.0010433
0.49	-0.0012785
0.5	-0.0016874
0.51	-0.0020561
0.52	-0.0021989
0.53	-0.0021724
0.54	-0.0022627
0.55	-0.0026472
0.56	-0.0030971
0.57	-0.0032194
0.58	-0.0029623
0.59	-0.0025947
0.6	-0.0023688
0.61	-0.0023876
0.62	-0.0025443
0.63	-0.0025943
0.64	-0.0024538
0.65	-0.0021724
0.66	-0.0017822
0.67	-0.0015294
0.68	-0.0017448
0.69	-0.0022397
0.7	-0.0023533
0.71	-0.0017934
0.72	-0.0010494
0.73	-0.00073367
0.74	-0.00098788
0.75	-0.0014318
0.76	-0.0014879
0.77	-0.001123
0.78	-0.00094081
0.79	-0.0014345
0.8	-0.002491
0.81	-0.0035978
0.82	-0.0043199
0.83	-0.0045249
0.84	-0.0043615
0.85	-0.0041767
0.86	-0.0043182
0.87	-0.0048372
0.88	-0.0055605
0.89	-0.0061605
0.9	-0.0060758
0.91	-0.0048294
0.92	-0.0026196
0.93	-0.00053947
0.94	0.00032312
0.95	-0.00018402
0.96	-0.0014308
0.97	-0.0022925
0.98	-0.0019031
0.99	-0.00036299
1	0.0017446
1.01	0.0036056
1.02	0.0044542
1.03	0.0041827
1.04	0.0032668
1.05	0.0024676
1.06	0.0026212
1.07	0.0039639
1.08	0.0056982
1.09	0.0069601
1.1	0.0075431
1.11	0.0075753
1.12	0.0071053
1.13	0.0063028
1.14	0.0056786
1.15	0.0052755
1.16	0.0046314
1.17	0.0036532
1.18	0.0025126
1.19	0.0014649
1.2	0.0009455
1.21	0.0012695
1.22	0.0021209
1.23	0.0026759
1.24	0.002524
1.25	0.0021852
1.26	0.0028032
1.27	0.0048585
1.28	0.0071041
1.29	0.0076507
1.3	0.0056954
1.31	0.0019383
1.32	-0.0019192
1.33	-0.0041348
1.34	-0.0043994
1.35	-0.0042286
1.36	-0.0051725
1.37	-0.0073808
1.38	-0.010082
1.39	-0.012682
1.4	-0.014677
1.41	-0.015108
1.42	-0.013395
1.43	-0.0099589
1.44	-0.0056101
1.45	-0.0014038
1.46	0.00088221
1.47	-0.00049752
1.48	-0.005133
1.49	-0.010031
1.5	-0.011984
1.51	-0.0098192
1.52	-0.0049726
1.53	-0.00061126
1.54	0.00011234
1.55	-0.0038925
1.56	-0.010195
1.57	-0.014063
1.58	-0.011823
1.59	-0.0036406
1.6	0.0062159
1.61	0.013343
1.62	0.016676
1.63	0.016478
1.64	0.013089
1.65	0.0081819
1.66	0.0041985
1.67	0.0026999
1.68	0.0032228
1.69	0.0039089
1.7	0.003188
1.71	0.0011353
1.72	-0.00059577
1.73	-5.5583e-05
1.74	0.0039621
1.75	0.010974
1.76	0.018857
1.77	0.024808
1.78	0.026426
1.79	0.023061
1.8	0.016095
1.81	0.007803
1.82	0.00073737
1.83	-0.002734
1.84	-0.0017321
1.85	0.002483
1.86	0.0073439
1.87	0.010585
1.88	0.011206
1.89	0.010261
1.9	0.009567
1.91	0.0087399
1.92	0.0065424
1.93	0.0029927
1.94	-0.0016074
1.95	-0.0075263
1.96	-0.015096
1.97	-0.023455
1.98	-0.030809
1.99	-0.035424
2	-0.03627
2.01	-0.033869
2.02	-0.029129
2.03	-0.022398
2.04	-0.015475
2.05	-0.011254
2.06	-0.010384
2.07	-0.011728
2.08	-0.01547
2.09	-0.021971
2.1	-0.028237
2.11	-0.02971
2.12	-0.026121
2.13	-0.022251
2.14	-0.022912
2.15	-0.028623
2.16	-0.033994
2.17	-0.031457
2.18	-0.019326
2.19	-0.003959
2.2	0.0067732
2.21	0.0095295
2.22	0.0051409
2.23	-0.0036987
2.24	-0.012662
2.25	-0.01661
2.26	-0.012314
2.27	-0.0011269
2.28	0.011876
2.29	0.022379
2.3	0.029172
2.31	0.03342
2.32	0.037798
2.33	0.043656
2.34	0.048278
2.35	0.047706
2.36	0.040694
2.37	0.029007
2.38	0.016194
2.39	0.0058927
2.4	0.00070653
2.41	0.0015751
2.42	0.0070614
2.43	0.014289
2.44	0.020614
2.45	0.02415
2.46	0.024421
2.47	0.023398
2.48	0.024395
2.49	0.029744
2.5	0.038887
2.51	0.047503
2.52	0.050527
2.53	0.04643
2.54	0.037016
2.55	0.02554
2.56	0.015921
2.57	0.01034
2.58	0.0074835
2.59	0.0046558
2.6	0.0011594
2.61	-0.00092768
2.62	0.00024114
2.63	0.003169
2.64	0.0048534
2.65	0.0044694
2.66	0.0032569
2.67	0.0021696
2.68	0.00051382
2.69	-0.0030699
2.7	-0.0083339
2.71	-0.013542
2.72	-0.017922
2.73	-0.02213
2.74	-0.026975
2.75	-0.03198
2.76	-0.034425
2.77	-0.031808
2.78	-0.024869
2.79	-0.016839
2.8	-0.010752
2.81	-0.0077976
2.82	-0.0080959
2.83	-0.011497
2.84	-0.016256
2.85	-0.019314
2.86	-0.018631
2.87	-0.014087
2.88	-0.0074375
2.89	-0.0014965
2.9	0.0017139
2.91	0.0017102
2.92	-0.0011217
2.93	-0.0060695
2.94	-0.012246
2.95	-0.019358
2.96	-0.028133
2.97	-0.038567
2.98	-0.048005
2.99	-0.052048
3	-0.047058
3.01	-0.031991
3.02	-0.010186
3.03	0.010987
3.04	0.023544
3.05	0.02276
3.06	0.0090572
3.07	-0.011733
3.08	-0.029702
3.09	-0.03594
3.1	-0.027811
3.11	-0.0099562
3.12	0.0088065
3.13	0.020763
3.14	0.024967
3.15	0.02671
3.16	0.030776
3.17	0.038571
3.18	0.047654
3.19	0.051389
3.2	0.044686
3.21	0.029693
3.22	0.014212
3.23	0.0064003
3.24	0.0084734
3.25	0.014717
3.26	0.017262
3.27	0.013107
3.28	0.0064382
3.29	0.0050494
3.3	0.013043
3.31	0.02654
3.32	0.036836
3.33	0.036885
3.34	0.024683
3.35	0.0034729
3.36	-0.019621
3.37	-0.035776
3.38	-0.037918
3.39	-0.025491
3.4	-0.0055284
3.41	0.012103
3.42	0.021633
3.43	0.024589
3.44	0.025739
3.45	0.027149
3.46	0.027159
3.47	0.02224
3.48	0.0090629
3.49	-0.011763
3.5	-0.034079
3.51	-0.050366
3.52	-0.056844
3.53	-0.054656
3.54	-0.048131
3.55	-0.041223
3.56	-0.034753
3.57	-0.027176
3.58	-0.016891
3.59	-0.0042671
3.6	0.0086984
3.61	0.019955
3.62	0.026925
3.63	0.026438
3.64	0.017018
3.65	0.00044498
3.66	-0.018362
3.67	-0.031869
3.68	-0.033974
3.69	-0.025422
3.7	-0.012935
3.71	-0.0036067
3.72	-0.00079264
3.73	-0.0027231
3.74	-0.0040516
3.75	-0.00013242
3.76	0.0089827
3.77	0.01813
3.78	0.022169
3.79	0.022347
3.8	0.025264
3.81	0.035129
3.82	0.049643
3.83	0.062231
3.84	0.06722
3.85	0.063441
3.86	0.053374
3.87	0.040913
3.88	0.02919
3.89	0.019454
3.9	0.010267
3.91	-0.0019934
3.92	-0.019037
3.93	-0.038826
3.94	-0.05713
3.95	-0.069884
3.96	-0.075554
3.97	-0.074355
3.98	-0.066539
3.99	-0.053365
4	-0.038041
4.01	-0.023942
4.02	-0.013182
4.03	-0.0065702
4.04	-0.00448
4.05	-0.0070396
4.06	-0.0126
4.07	-0.018779
4.08	-0.024645
4.09	-0.029355
4.1	-0.031036
4.11	-0.028775
4.12	-0.023241
4.13	-0.016182
4.14	-0.010421
4.15	-0.0094772
4.16	-0.015289
4.17	-0.024801
4.18	-0.030921
4.19	-0.02805
4.2	-0.016851
4.21	-0.0035435
4.22	0.0060532
4.23	0.010777
4.24	0.012361
4.25	0.012472
4.26	0.012168
4.27	0.011959
4.28	0.01117
4.29	0.0089984
4.3	0.0060388
4.31	0.0030431
4.32	0.00056686
4.33	-0.0007352
4.34	-0.00079149
4.35	0.0010858
4.36	0.0070361
4.37	0.017915
4.38	0.030672
4.39	0.039617
4.4	0.040049
4.41	0.03135
4.42	0.017643
4.43	0.0053997
4.44	-0.0012984
4.45	-0.003559
4.46	-0.0055525
4.47	-0.0095996
4.48	-0.013809
4.49	-0.014892
4.5	-0.010314
4.51	0.00095845
4.52	0.016454
4.53	0.03
4.54	0.035678
4.55	0.033184
4.56	0.027962
4.57	0.024924
4.58	0.024892
4.59	0.027119
4.6	0.030526
4.61	0.033048
4.62	0.032663
4.63	0.028796
4.64	0.022022
4.65	0.013722
4.66	0.0064536
4.67	0.0029545
4.68	0.0032682
4.69	0.0039598
4.7	0.0014537
4.71	-0.0048371
4.72	-0.012356
4.73	-0.017624
4.74	-0.01902
4.75	-0.016156
4.76	-0.0083585
4.77	0.0035143
4.78	0.017566
4.79	0.031978
4.8	0.043585
4.81	0.048315
4.82	0.043798
4.83	0.03206
4.84	0.01853
4.85	0.0081523
4.86	0.003102
4.87	0.0030958
4.88	0.006544
4.89	0.010989
4.9	0.01311
4.91	0.010593
4.92	0.0045234
4.93	-0.0019984
4.94	-0.0069915
4.95	-0.010126
4.96	-0.011827
4.97	-0.013823
4.98	-0.018414
4.99	-0.025962
5	-0.033706
5.01	-0.038586
5.02	-0.040589
5.03	-0.040717
5.04	-0.039538
5.05	-0.037877
5.06	-0.036332
5.07	-0.035995
5.08	-0.038312
5.09	-0.042711
5.1	-0.04649
5.11	-0.048166
5.12	-0.048403
5.13	-0.047689
5.14	-0.045932
5.15	-0.043792
5.16	-0.042884
5.17	-0.043419
5.18	-0.043939
5.19	-0.043769
5.2	-0.041738
5.21	-0.03553
5.22	-0.024489
5.23	-0.0097384
5.24	0.0067693
5.25	0.02104
5.26	0.028028
5.27	0.025606
5.28	0.017237
5.29	0.0098276
5.3	0.0071448
5.31	0.006715
5.32	0.0053269
5.33	0.0035138
5.34	0.0032706
5.35	0.0057007
5.36	0.010141
5.37	0.014477
5.38	0.016436
5.39	0.014687
5.4	0.0094952
5.41	0.0030063
5.42	-0.0012867
5.43	-0.0018961
5.44	-0.00067297
5.45	0.00077073
5.46	0.00198
5.47	0.0022018
5.48	0.00090457
5.49	-0.0015676
5.5	-0.0031756
5.51	-0.0017712
5.52	0.0023266
5.53	0.0067925
5.54	0.0079566
5.55	0.0035208
5.56	-0.004827
5.57	-0.01374
5.58	-0.020774
5.59	-0.025576
5.6	-0.028871
5.61	-0.030308
5.62	-0.029762
5.63	-0.027829
5.64	-0.024002
5.65	-0.01799
5.66	-0.011269
5.67	-0.0049612
5.68	0.0010013
5.69	0.0066537
5.7	0.012587
5.71	0.019918
5.72	0.028649
5.73	0.037333
5.74	0.044643
5.75	0.050702
5.76	0.056591
5.77	0.06389
5.78	0.073569
5.79	0.085005
5.8	0.09566
5.81	0.10194
5.82	0.10192
5.83	0.096441
5.84	0.088153
5.85	0.080351
5.86	0.074606
5.87	0.070034
5.88	0.065795
5.89	0.061884
5.9	0.058389
5.91	0.056463
5.92	0.058779
5.93	0.066545
5.94	0.077137
5.95	0.086909
5.96	0.094615
5.97	0.10114
5.98	0.10748
5.99	0.11396
6	0.12059
6.01	0.12715
6.02	0.13351
6.03	0.13923
6.04	0.1432
6.05	0.1447
6.06	0.14381
6.07	0.14031
6.08	0.13324
6.09	0.1233
6.1	0.11345
6.11	0.10445
6.12	0.094021
6.13	0.080868
6.14	0.065989
6.15	0.050573
6.16	0.035114
6.17	0.020059
6.18	0.005306
6.19	-0.0094305
6.2	-0.023414
6.21	-0.034788
6.22	-0.042795
6.23	-0.048656
6.24	-0.053995
6.25	-0.060339
6.26	-0.068345
6.27	-0.077122
6.28	-0.085179
6.29	-0.091209
6.3	-0.094539
6.31	-0.096646
6.32	-0.099621
6.33	-0.10399
6.34	-0.11072
6.35	-0.1204
6.36	-0.13117
6.37	-0.14182
6.38	-0.15227
6.39	-0.16156
6.4	-0.17002
6.41	-0.17994
6.42	-0.19209
6.43	-0.20514
6.44	-0.21803
6.45	-0.2305
6.46	-0.24145
6.47	-0.24842
6.48	-0.25065
6.49	-0.24977
6.5	-0.24779
6.51	-0.24573
6.52	-0.24168
6.53	-0.2324
6.54	-0.21787
6.55	-0.20057
6.56	-0.18207
6.57	-0.16296
6.58	-0.14325
6.59	-0.12179
6.6	-0.097068
6.61	-0.069123
6.62	-0.040249
6.63	-0.01352
6.64	0.0084704
6.65	0.024606
6.66	0.037407
6.67	0.051886
6.68	0.069686
6.69	0.086925
6.7	0.098737
6.71	0.10328
6.72	0.1015
6.73	0.095836
6.74	0.089127
6.75	0.083735
6.76	0.080722
6.77	0.079968
6.78	0.080819
6.79	0.082141
6.8	0.083106
6.81	0.084266
6.82	0.086701
6.83	0.090511
6.84	0.095045
6.85	0.099759
6.86	0.10416
6.87	0.10771
6.88	0.10963
6.89	0.10847
6.9	0.10331
6.91	0.094619
6.92	0.083753
6.93	0.073317
6.94	0.065046
6.95	0.057571
6.96	0.048491
6.97	0.036983
6.98	0.023871
6.99	0.01045
7	-0.0020188
7.01	-0.014438
7.02	-0.029384
7.03	-0.047379
7.04	-0.068173
7.05	-0.09103
7.06	-0.11245
7.07	-0.12841
7.08	-0.13784
7.09	-0.14198
7.1	-0.14125
7.11	-0.13554
7.12	-0.12714
7.13	-0.12048
7.14	-0.11813
7.15	-0.11871
7.16	-0.11938
7.17	-0.11778
7.18	-0.11187
7.19	-0.10135
7.2	-0.086874
7.21	-0.068894
7.22	-0.049069
7.23	-0.029343
7.24	-0.010529
7.25	0.0072576
7.26	0.024408
7.27	0.041761
7.28	0.058985
7.29	0.074259
7.3	0.08668
7.31	0.095888
7.32	0.10032
7.33	0.09923
7.34	0.095149
7.35	0.091857
7.36	0.09095
7.37	0.092712
7.38	0.096703
7.39	0.10074
7.4	0.10257
7.41	0.10055
7.42	0.093818
7.43	0.083552
7.44	0.071233
7.45	0.057236
7.46	0.042316
7.47	0.027974
7.48	0.015831
7.49	0.0076308
7.5	0.0043857
7.51	0.0054507
7.52	0.0096238
7.53	0.015414
7.54	0.020704
7.55	0.024546
7.56	0.027472
7.57	0.029434
7.58	0.029513
7.59	0.025946
7.6	0.016765
7.61	0.0025278
7.62	-0.012788
7.63	-0.023855
7.64	-0.027218
7.65	-0.023823
7.66	-0.016843
7.67	-0.007362
7.68	0.0047096
7.69	0.019012
7.7	0.03542
7.71	0.054374
7.72	0.07686
7.73	0.10281
7.74	0.12925
7.75	0.15248
7.76	0.17063
7.77	0.18273
7.78	0.18925
7.79	0.19303
7.8	0.19599
7.81	0.19778
7.82	0.19628
7.83	0.18722
7.84	0.1684
7.85	0.14306
7.86	0.11667
7.87	0.09212
7.88	0.069123
7.89	0.047381
7.9	0.028144
7.91	0.013
7.92	0.0024262
7.93	-0.0044757
7.94	-0.0092776
7.95	-0.012905
7.96	-0.015116
7.97	-0.017576
7.98	-0.022303
7.99	-0.027276
8	-0.031472
8.01	-0.036963
8.02	-0.04419
8.03	-0.052257
8.04	-0.061535
8.05	-0.071303
8.06	-0.077202
8.07	-0.075322
8.08	-0.065419
8.09	-0.048931
8.1	-0.028877
8.11	-0.010166
8.12	0.0032569
8.13	0.01009
8.14	0.010635
8.15	0.0047376
8.16	-0.0085
8.17	-0.02835
8.18	-0.052979
8.19	-0.081811
8.2	-0.11523
8.21	-0.15384
8.22	-0.19703
8.23	-0.24131
8.24	-0.28102
8.25	-0.31204
8.26	-0.33356
8.27	-0.34672
8.28	-0.3533
8.29	-0.35436
8.3	-0.35
8.31	-0.33998
8.32	-0.32333
8.33	-0.29952
8.34	-0.27074
8.35	-0.24078
8.36	-0.21096
8.37	-0.17859
8.38	-0.13992
8.39	-0.091547
8.4	-0.029539
8.41	0.047973
8.42	0.13527
8.43	0.21659
8.44	0.27532
8.45	0.3072
8.46	0.32174
8.47	0.33247
8.48	0.34626
8.49	0.36123
8.5	0.37182
8.51	0.37215
8.52	0.35804
8.53	0.32952
8.54	0.29088
8.55	0.24919
8.56	0.21217
8.57	0.18459
8.58	0.16463
8.59	0.14564
8.6	0.12287
8.61	0.097192
8.62	0.073087
8.63	0.054075
8.64	0.040257
8.65	0.029632
8.66	0.020945
8.67	0.014008
8.68	0.0088294
8.69	0.0065643
8.7	0.0078115
8.71	0.010824
8.72	0.01365
8.73	0.015002
8.74	0.014223
8.75	0.012327
8.76	0.011173
8.77	0.010768
8.78	0.0085936
8.79	0.0030992
8.8	-0.0057456
8.81	-0.01856
8.82	-0.03391
8.83	-0.048195
8.84	-0.059988
8.85	-0.070256
8.86	-0.079742
8.87	-0.088189
8.88	-0.095032
8.89	-0.1003
8.9	-0.10382
8.91	-0.10413
8.92	-0.10014
8.93	-0.093663
8.94	-0.087494
8.95	-0.081508
8.96	-0.074161
8.97	-0.066367
8.98	-0.060873
8.99	-0.058378
9	-0.05767
9.01	-0.059059
9.02	-0.063534
9.03	-0.071024
9.04	-0.082515
9.05	-0.099245
9.06	-0.11985
9.07	-0.14202
9.08	-0.16424
9.09	-0.18457
9.1	-0.20003
9.11	-0.20903
9.12	-0.21263
9.13	-0.21177
9.14	-0.20617
9.15	-0.19664
9.16	-0.18427
9.17	-0.16851
9.18	-0.14879
9.19	-0.12588
9.2	-0.10136
9.21	-0.076725
9.22	-0.052196
9.23	-0.0271
9.24	-0.0010903
9.25	0.025457
9.26	0.051701
9.27	0.076338
9.28	0.097998
9.29	0.1156
9.3	0.1283
9.31	0.13663
9.32	0.14223
9.33	0.14603
9.34	0.14805
9.35	0.1483
9.36	0.14772
9.37	0.14701
9.38	0.14498
9.39	0.13978
9.4	0.13286
9.41	0.1284
9.42	0.12611
9.43	0.12192
9.44	0.11524
9.45	0.10797
9.46	0.10074
9.47	0.09393
9.48	0.087166
9.49	0.078277
9.5	0.065368
9.51	0.049466
9.52	0.033518
9.53	0.01886
9.54	0.0047409
9.55	-0.0087012
9.56	-0.019365
9.57	-0.024956
9.58	-0.024627
9.59	-0.020642
9.6	-0.017262
9.61	-0.017142
9.62	-0.020016
9.63	-0.024083
9.64	-0.027782
9.65	-0.030143
9.66	-0.028929
9.67	-0.020387
9.68	-0.004024
9.69	0.016269
9.7	0.036712
9.71	0.055351
9.72	0.070949
9.73	0.082225
9.74	0.088274
9.75	0.089495
9.76	0.08675
9.77	0.081124
9.78	0.074903
9.79	0.069285
9.8	0.062015
9.81	0.05031
9.82	0.034064
9.83	0.015753
9.84	-0.00083471
9.85	-0.013333
9.86	-0.021764
9.87	-0.027018
9.88	-0.029621
9.89	-0.029125
9.9	-0.025774
9.91	-0.021252
9.92	-0.017121
9.93	-0.013843
9.94	-0.01127
9.95	-0.0097843
9.96	-0.0090947
9.97	-0.0073965
9.98	-0.0037763
9.99	-4.714e-05
10	0.00094856
10.01	-0.0017782
10.02	-0.0066763
10.03	-0.01222
10.04	-0.018749
10.05	-0.025542
10.06	-0.030452
10.07	-0.033112
10.08	-0.034421
10.09	-0.03348
10.1	-0.027724
10.11	-0.016793
10.12	-0.0036839
10.13	0.0087539
10.14	0.020269
10.15	0.030395
10.16	0.037191
10.17	0.039878
10.18	0.038366
10.19	0.03287
10.2	0.024576
10.21	0.01459
10.22	0.0037189
10.23	-0.0074232
10.24	-0.01857
10.25	-0.029323
10.26	-0.038693
10.27	-0.045386
10.28	-0.048528
10.29	-0.048478
10.3	-0.046209
10.31	-0.041616
10.32	-0.034225
10.33	-0.024609
10.34	-0.013689
10.35	-0.0024169
10.36	0.0078886
10.37	0.016262
10.38	0.02279
10.39	0.028413
10.4	0.033796
10.41	0.03871
10.42	0.042934
10.43	0.046098
10.44	0.046472
10.45	0.042307
10.46	0.033968
10.47	0.022918
10.48	0.0098654
10.49	-0.0055202
10.5	-0.0239
10.51	-0.045012
10.52	-0.067254
10.53	-0.08848
10.54	-0.10717
10.55	-0.12222
10.56	-0.13165
10.57	-0.13338
10.58	-0.12763
10.59	-0.1165
10.6	-0.10285
10.61	-0.08998
10.62	-0.079546
10.63	-0.070764
10.64	-0.062597
10.65	-0.054229
10.66	-0.044967
10.67	-0.034768
10.68	-0.023532
10.69	-0.0111
10.7	0.0018851
10.71	0.014547
10.72	0.026067
10.73	0.035604
10.74	0.043539
10.75	0.050517
10.76	0.05606
10.77	0.060185
10.78	0.063653
10.79	0.066854
10.8	0.069233
10.81	0.069669
10.82	0.06747
10.83	0.062708
10.84	0.057101
10.85	0.053084
10.86	0.050777
10.87	0.047867
10.88	0.042642
10.89	0.03543
10.9	0.026975
10.91	0.01798
10.92	0.0095867
10.93	0.0020793
10.94	-0.0047269
10.95	-0.010589
10.96	-0.015509
10.97	-0.020283
10.98	-0.026388
10.99	-0.034097
11	-0.041777
11.01	-0.047832
11.02	-0.051458
11.03	-0.052508
11.04	-0.052381
11.05	-0.05237
11.06	-0.052095
11.07	-0.0525
11.08	-0.055837
11.09	-0.061805
11.1	-0.067995
11.11	-0.073086
11.12	-0.077488
11.13	-0.081868
11.14	-0.086023
11.15	-0.088846
11.16	-0.088812
11.17	-0.0855
11.18	-0.080723
11.19	-0.077146
11.2	-0.075472
11.21	-0.073654
11.22	-0.069427
11.23	-0.063064
11.24	-0.056729
11.25	-0.051184
11.26	-0.046065
11.27	-0.04178
11.28	-0.038572
11.29	-0.036073
11.3	-0.033676
11.31	-0.030674
11.32	-0.025917
11.33	-0.017658
11.34	-0.0054837
11.35	0.0087904
11.36	0.023942
11.37	0.039411
11.38	0.052515
11.39	0.060507
11.4	0.064148
11.41	0.066026
11.42	0.066937
11.43	0.066471
11.44	0.064993
11.45	0.063542
11.46	0.063336
11.47	0.064494
11.48	0.065382
11.49	0.065716
11.5	0.067813
11.51	0.072663
11.52	0.078645
11.53	0.084047
11.54	0.087665
11.55	0.089562
11.56	0.091463
11.57	0.093111
11.58	0.092126
11.59	0.088527
11.6	0.084922
11.61	0.082571
11.62	0.080969
11.63	0.080022
11.64	0.078956
11.65	0.076386
11.66	0.072995
11.67	0.071199
11.68	0.072065
11.69	0.074943
11.7	0.079091
11.71	0.083812
11.72	0.08815
11.73	0.091264
11.74	0.093226
11.75	0.093923
11.76	0.092411
11.77	0.088594
11.78	0.082901
11.79	0.075082
11.8	0.064793
11.81	0.05156
11.82	0.03445
11.83	0.014064
11.84	-0.0065437
11.85	-0.024961
11.86	-0.040026
11.87	-0.050081
11.88	-0.055252
11.89	-0.058081
11.9	-0.06009
11.91	-0.06024
11.92	-0.057269
11.93	-0.052585
11.94	-0.048484
11.95	-0.046057
11.96	-0.046202
11.97	-0.048734
11.98	-0.051907
11.99	-0.054424
12	-0.056222
12.01	-0.057887
12.02	-0.059456
12.03	-0.060442
12.04	-0.061168
12.05	-0.060908
12.06	-0.056805
12.07	-0.047527
12.08	-0.034999
12.09	-0.021872
12.1	-0.0095806
12.11	0.0011639
12.12	0.0099318
12.13	0.016871
12.14	0.022111
12.15	0.024855
12.16	0.025014
12.17	0.025191
12.18	0.027868
12.19	0.032623
12.2	0.038236
12.21	0.044319
12.22	0.050453
12.23	0.055992
12.24	0.060216
12.25	0.062372
12.26	0.062878
12.27	0.063477
12.28	0.065008
12.29	0.066499
12.3	0.066313
12.31	0.063808
12.32	0.059692
12.33	0.05444
12.34	0.047898
12.35	0.040149
12.36	0.031665
12.37	0.022879
12.38	0.013599
12.39	0.0034505
12.4	-0.007575
12.41	-0.019452
12.42	-0.031865
12.43	-0.044726
12.44	-0.058433
12.45	-0.07275
12.46	-0.086825
12.47	-0.099694
12.48	-0.11044
12.49	-0.11857
12.5	-0.12461
12.51	-0.1296
12.52	-0.13403
12.53	-0.13809
12.54	-0.14174
12.55	-0.14415
12.56	-0.14407
12.57	-0.14132
12.58	-0.13761
12.59	-0.1345
12.6	-0.13243
12.61	-0.13208
12.62	-0.13357
12.63	-0.13576
12.64	-0.13707
12.65	-0.13657
12.66	-0.13414
12.67	-0.12896
12.68	-0.12046
12.69	-0.1092
12.7	-0.0955
12.71	-0.079468
12.72	-0.061278
12.73	-0.041003
12.74	-0.018902
12.75	0.0037851
12.76	0.025147
12.77	0.044301
12.78	0.061415
12.79	0.077076
12.8	0.09065
12.81	0.099451
12.82	0.10512
12.83	0.11314
12.84	0.12325
12.85	0.1313
12.86	0.1355
12.87	0.1366
12.88	0.13663
12.89	0.13711
12.9	0.13663
12.91	0.13258
12.92	0.12512
12.93	0.11584
12.94	0.10485
12.95	0.092113
12.96	0.078732
12.97	0.065873
12.98	0.053705
12.99	0.042429
13	0.032796
13.01	0.024722
13.02	0.017425
13.03	0.010452
13.04	0.0032704
13.05	-0.0045113
13.06	-0.011995
13.07	-0.017462
13.08	-0.020458
13.09	-0.021341
13.1	-0.0201
13.11	-0.0187
13.12	-0.019859
13.13	-0.02348
13.14	-0.027946
13.15	-0.032422
13.16	-0.036804
13.17	-0.041171
13.18	-0.046302
13.19	-0.052871
13.2	-0.059856
13.21	-0.065161
13.22	-0.067754
13.23	-0.068248
13.24	-0.067376
13.25	-0.065227
13.26	-0.062065
13.27	-0.05898
13.28	-0.057198
13.29	-0.056772
13.3	-0.055502
13.31	-0.05138
13.32	-0.045345
13.33	-0.038756
13.34	-0.031323
13.35	-0.02299
13.36	-0.015446
13.37	-0.010433
13.38	-0.0077362
13.39	-0.0056537
13.4	-0.0029092
13.41	-0.00011181
13.42	0.0020775
13.43	0.0046296
13.44	0.0083691
13.45	0.01263
13.46	0.015697
13.47	0.016661
13.48	0.017271
13.49	0.020021
13.5	0.024815
13.51	0.030372
13.52	0.036809
13.53	0.044331
13.54	0.051386
13.55	0.056163
13.56	0.059055
13.57	0.061693
13.58	0.064651
13.59	0.067698
13.6	0.070427
13.61	0.072085
13.62	0.072381
13.63	0.071799
13.64	0.070704
13.65	0.069073
13.66	0.066847
13.67	0.064992
13.68	0.064706
13.69	0.064611
13.7	0.062171
13.71	0.057008
13.72	0.050682
13.73	0.044455
13.74	0.038194
13.75	0.031518
13.76	0.024791
13.77	0.018408
13.78	0.012129
13.79	0.0057747
13.8	-0.00011379
13.81	-0.0049017
13.82	-0.0085909
13.83	-0.011267
13.84	-0.012502
13.85	-0.013081
13.86	-0.014701
13.87	-0.016938
13.88	-0.017467
13.89	-0.015108
13.9	-0.011244
13.91	-0.007576
13.92	-0.004021
13.93	0.00023136
13.94	0.0050572
13.95	0.0092761
13.96	0.011472
13.97	0.012123
13.98	0.013126
13.99	0.014312
14	0.014349
14.01	0.013238
14.02	0.011895
14.03	0.010899
14.04	0.010115
14.05	0.009356
14.06	0.0093703
14.07	0.010796
14.08	0.012808
14.09	0.015105
14.1	0.018049
14.11	0.020518
14.12	0.020976
14.13	0.019744
14.14	0.017832
14.15	0.014641
14.16	0.0094756
14.17	0.0034991
14.18	-0.0015743
14.19	-0.005231
14.2	-0.0076444
14.21	-0.0081496
14.22	-0.005936
14.23	-0.0012425
14.24	0.0046897
14.25	0.010841
14.26	0.01702
14.27	0.022781
14.28	0.027623
14.29	0.03183
14.3	0.035373
14.31	0.036651
14.32	0.034258
14.33	0.028592
14.34	0.020673
14.35	0.010904
14.36	-0.00048781
14.37	-0.012684
14.38	-0.025016
14.39	-0.036951
14.4	-0.047406
14.41	-0.055787
14.42	-0.062666
14.43	-0.068729
14.44	-0.074035
14.45	-0.078814
14.46	-0.083549
14.47	-0.088339
14.48	-0.092892
14.49	-0.0967
14.5	-0.099242
14.51	-0.099768
14.52	-0.097139
14.53	-0.091353
14.54	-0.084956
14.55	-0.079835
14.56	-0.074924
14.57	-0.069205
14.58	-0.062326
14.59	-0.054066
14.6	-0.046051
14.61	-0.040028
14.62	-0.035211
14.63	-0.030087
14.64	-0.024494
14.65	-0.019627
14.66	-0.016237
14.67	-0.013148
14.68	-0.0092183
14.69	-0.0049433
14.7	-0.0011353
14.71	0.00269
14.72	0.0077006
14.73	0.014115
14.74	0.021013
14.75	0.027766
14.76	0.034483
14.77	0.040886
14.78	0.046369
14.79	0.050867
14.8	0.054471
14.81	0.057001
14.82	0.058589
14.83	0.059745
14.84	0.060731
14.85	0.061438
14.86	0.061384
14.87	0.060036
14.88	0.057963
14.89	0.056751
14.9	0.056605
14.91	0.056292
14.92	0.05555
14.93	0.054287
14.94	0.051652
14.95	0.047798
14.96	0.043669
14.97	0.0391
14.98	0.033367
14.99	0.026414
15	0.018305
15.01	0.0091455
15.02	-0.00013144
15.03	-0.0082482
15.04	-0.015418
15.05	-0.023006
15.06	-0.03139
15.07	-0.03991
15.08	-0.048224
15.09	-0.056073
15.1	-0.062427
15.11	-0.066806
15.12	-0.07011
15.13	-0.072977
15.14	-0.075161
15.15	-0.076209
15.16	-0.075046
15.17	-0.070674
15.18	-0.063967
15.19	-0.057055
15.2	-0.051031
15.21	-0.045057
15.22	-0.038247
15.23	-0.031354
15.24	-0.025489
15.25	-0.021136
15.26	-0.018602
15.27	-0.017502
15.28	-0.016618
15.29	-0.015176
15.3	-0.013763
15.31	-0.012945
15.32	-0.011559
15.33	-0.0083156
15.34	-0.0037613
15.35	0.00074691
15.36	0.0046944
15.37	0.0085753
15.38	0.012227
15.39	0.014675
15.4	0.016475
15.41	0.018592
15.42	0.020181
15.43	0.020259
15.44	0.018964
15.45	0.016855
15.46	0.014267
15.47	0.011324
15.48	0.0084125
15.49	0.005706
15.5	0.0026093
15.51	-0.0010223
15.52	-0.0038793
15.53	-0.00486
15.54	-0.0046161
15.55	-0.0037434
15.56	-0.0015029
15.57	0.0024801
15.58	0.0071694
15.59	0.011302
15.6	0.014505
15.61	0.017013
15.62	0.01909
15.63	0.020088
15.64	0.018897
15.65	0.016247
15.66	0.014262
15.67	0.013755
15.68	0.01385
15.69	0.013663
15.7	0.013133
15.71	0.012415
15.72	0.011447
15.73	0.009889
15.74	0.0076881
15.75	0.0058642
15.76	0.0052757
15.77	0.0055068
15.78	0.0057542
15.79	0.0057826
15.8	0.0056823
15.81	0.0053721
15.82	0.0047835
15.83	0.0037628
15.84	0.0023059
15.85	0.0012029
15.86	0.00098045
15.87	0.0010042
15.88	0.00094063
15.89	0.0012391
15.9	0.0021812
15.91	0.0041498
15.92	0.0075247
15.93	0.011615
15.94	0.015136
15.95	0.017677
15.96	0.019221
15.97	0.019582
15.98	0.019119
15.99	0.018521
16	0.017808
16.01	0.0167
16.02	0.015836
16.03	0.015867
16.04	0.016213
16.05	0.016058
16.06	0.015373
16.07	0.014593
16.08	0.014015
16.09	0.013552
16.1	0.013549
16.11	0.014706
16.12	0.016523
16.13	0.017774
16.14	0.01794
16.15	0.01745
16.16	0.016955
16.17	0.016664
16.18	0.016477
16.19	0.016289
16.2	0.016086
16.21	0.015664
16.22	0.014826
16.23	0.013783
16.24	0.01309
16.25	0.013236
16.26	0.013888
16.27	0.014739
16.28	0.016163
16.29	0.017555
16.3	0.016893
16.31	0.013665
16.32	0.010257
16.33	0.0086531
16.34	0.0083824
16.35	0.0081096
16.36	0.0074827
16.37	0.0068394
16.38	0.0058606
16.39	0.0048357
16.4	0.0051715
16.41	0.0067982
16.42	0.0087043
16.43	0.010587
16.44	0.011756
16.45	0.011423
16.46	0.0095313
16.47	0.0063851
16.48	0.002471
16.49	-0.0017551
16.5	-0.0062678
16.51	-0.011072
16.52	-0.015527
16.53	-0.019206
16.54	-0.022472
16.55	-0.025743
16.56	-0.028692
16.57	-0.030913
16.58	-0.032524
16.59	-0.033813
16.6	-0.035349
16.61	-0.036802
16.62	-0.037666
16.63	-0.038124
16.64	-0.037195
16.65	-0.034261
16.66	-0.030241
16.67	-0.025276
16.68	-0.019724
16.69	-0.015164
16.7	-0.011845
16.71	-0.0091976
16.72	-0.0075384
16.73	-0.0069101
16.74	-0.0066895
16.75	-0.0064356
16.76	-0.0060967
16.77	-0.0057344
16.78	-0.0053212
16.79	-0.0049042
16.8	-0.0043236
16.81	-0.0028226
16.82	-0.00032507
16.83	0.0018994
16.84	0.0028445
16.85	0.0028117
16.86	0.0026333
16.87	0.0026757
16.88	0.0027869
16.89	0.0027272
16.9	0.0032334
16.91	0.0052311
16.92	0.0078168
16.93	0.010109
16.94	0.01229
16.95	0.014407
16.96	0.016603
16.97	0.019419
16.98	0.02325
16.99	0.027456
17	0.030897
17.01	0.032941
17.02	0.033878
17.03	0.034216
17.04	0.033225
17.05	0.030273
17.06	0.026881
17.07	0.024737
17.08	0.022801
17.09	0.019706
17.1	0.017365
17.11	0.017049
17.12	0.016121
17.13	0.012747
17.14	0.0080151
17.15	0.0032878
17.16	-0.00052556
17.17	-0.0032266
17.18	-0.0055022
17.19	-0.0073982
17.2	-0.0088919
17.21	-0.010874
17.22	-0.013936
17.23	-0.017967
17.24	-0.02254
17.25	-0.027269
17.26	-0.032082
17.27	-0.03682
17.28	-0.040949
17.29	-0.043611
17.3	-0.044821
17.31	-0.045527
17.32	-0.045722
17.33	-0.045107
17.34	-0.043792
17.35	-0.041762
17.36	-0.039385
17.37	-0.037312
17.38	-0.035699
17.39	-0.033649
17.4	-0.03097
17.41	-0.029285
17.42	-0.028975
17.43	-0.028553
17.44	-0.027268
17.45	-0.025579
17.46	-0.024035
17.47	-0.022748
17.48	-0.021749
17.49	-0.02083
17.5	-0.019439
17.51	-0.017786
17.52	-0.016217
17.53	-0.013831
17.54	-0.00994
17.55	-0.0051668
17.56	-1.733e-05
17.57	0.0057129
17.58	0.011886
17.59	0.017611
17.6	0.022386
17.61	0.026848
17.62	0.03132
17.63	0.035341
17.64	0.038805
17.65	0.04153
17.66	0.043309
17.67	0.044765
17.68	0.046563
17.69	0.04813
17.7	0.048076
17.71	0.047016
17.72	0.047015
17.73	0.047714
17.74	0.047244
17.75	0.045349
17.76	0.043197
17.77	0.041396
17.78	0.03896
17.79	0.035201
17.8	0.030913
17.81	0.026685
17.82	0.022245
17.83	0.017003
17.84	0.011535
17.85	0.0071561
17.86	0.0035605
17.87	-0.00029347
17.88	-0.0044019
17.89	-0.0079519
17.9	-0.010579
17.91	-0.012943
17.92	-0.015131
17.93	-0.016163
17.94	-0.01585
17.95	-0.015079
17.96	-0.014476
17.97	-0.014171
17.98	-0.014787
17.99	-0.016791
18	-0.019519
18.01	-0.021928
18.02	-0.023278
18.03	-0.023677
18.04	-0.024083
18.05	-0.024995
18.06	-0.025488
18.07	-0.024797
18.08	-0.02355
18.09	-0.022446
18.1	-0.020832
18.11	-0.017713
18.12	-0.013395
18.13	-0.0086416
18.14	-0.0042978
18.15	-0.0012805
18.16	0.00099906
18.17	0.0034493
18.18	0.0052641
18.19	0.0056871
18.2	0.0053289
18.21	0.0050486
18.22	0.0050688
18.23	0.0051666
18.24	0.0051501
18.25	0.0050161
18.26	0.0048859
18.27	0.0047841
18.28	0.0046722
18.29	0.0045584
18.3	0.0043672
18.31	0.0036502
18.32	0.0022395
18.33	0.0012587
18.34	0.0015666
18.35	0.002541
18.36	0.0032761
18.37	0.0036786
18.38	0.0049152
18.39	0.0073511
18.4	0.0091874
18.41	0.0093009
18.42	0.008447
18.43	0.0069223
18.44	0.0040303
18.45	0.00017208
18.46	-0.0036816
18.47	-0.0076337
18.48	-0.011628
18.49	-0.015145
18.5	-0.017736
18.51	-0.01893
18.52	-0.018834
18.53	-0.017969
18.54	-0.016555
18.55	-0.014309
18.56	-0.011426
18.57	-0.0087271
18.58	-0.0061966
18.59	-0.0036262
18.6	-0.0017537
18.61	-0.00077293
18.62	0.00057782
18.63	0.0028474
18.64	0.0047626
18.65	0.0050483
18.66	0.0041728
18.67	0.00382
18.68	0.0050222
18.69	0.0073209
18.7	0.008931
18.71	0.0084944
18.72	0.0072415
18.73	0.0072741
18.74	0.008364
18.75	0.0089687
18.76	0.0086605
18.77	0.0080582
18.78	0.0076985
18.79	0.0075717
18.8	0.007455
18.81	0.0072482
18.82	0.0070252
18.83	0.0067226
18.84	0.0060726
18.85	0.0052505
18.86	0.0041802
18.87	0.0023902
18.88	0.00062007
18.89	-5.216e-05
18.9	0.00018051
18.91	0.000549
18.92	0.00069382
18.93	0.00036704
18.94	-0.0010497
18.95	-0.0033716
18.96	-0.0050884
18.97	-0.0052846
18.98	-0.0046156
18.99	-0.0041219
19	-0.003972
19.01	-0.0030533
19.02	-0.00017275
19.03	0.0040557
19.04	0.0080821
19.05	0.011383
19.06	0.014284
19.07	0.016961
19.08	0.019159
19.09	0.021155
19.1	0.023681
19.11	0.026676
19.12	0.029396
19.13	0.030933
19.14	0.031244
19.15	0.03146
19.16	0.032184
19.17	0.033393
19.18	0.035113
19.19	0.036993
19.2	0.038744
19.21	0.040209
19.22	0.040862
19.23	0.041063
19.24	0.041369
19.25	0.041405
19.26	0.041488
19.27	0.041515
19.28	0.040324
19.29	0.038051
19.3	0.034904
19.31	0.029704
19.32	0.022192
19.33	0.014227
19.34	0.0075595
19.35	0.0019172
19.36	-0.0034687
19.37	-0.0088123
19.38	-0.014562
19.39	-0.020655
19.4	-0.026063
19.41	-0.03049
19.42	-0.034654
19.43	-0.038717
19.44	-0.041816
19.45	-0.043362
19.46	-0.044329
19.47	-0.045738
19.48	-0.047431
19.49	-0.048871
19.5	-0.049858
19.51	-0.050768
19.52	-0.051058
19.53	-0.049457
19.54	-0.047032
19.55	-0.045696
19.56	-0.044439
19.57	-0.041623
19.58	-0.038188
19.59	-0.035865
19.6	-0.034785
19.61	-0.033983
19.62	-0.032877
19.63	-0.031187
19.64	-0.028968
19.65	-0.027433
19.66	-0.027333
19.67	-0.0275
19.68	-0.026772
19.69	-0.025542
19.7	-0.025385
19.71	-0.026903
19.72	-0.028281
19.73	-0.028095
19.74	-0.027032
19.75	-0.025874
19.76	-0.024575
19.77	-0.023122
19.78	-0.021294
19.79	-0.018376
19.8	-0.014764
19.81	-0.011285
19.82	-0.0079921
19.83	-0.0055396
19.84	-0.0038791
19.85	-0.001028
19.86	0.0034147
19.87	0.0070174
19.88	0.0082791
19.89	0.0081907
19.9	0.0080402
19.91	0.0081186
19.92	0.0081713
19.93	0.008028
19.94	0.0082621
19.95	0.009912
19.96	0.012343
19.97	0.014337
19.98	0.016244
19.99	0.018002
20	0.019325
20.01	0.020668
20.02	0.021689
20.03	0.021857
20.04	0.021452
20.05	0.020788
20.06	0.019887
20.07	0.018475
20.08	0.015987
20.09	0.012725
20.1	0.010055
20.11	0.0083475
20.12	0.006305
20.13	0.0029208
20.14	-0.0012047
20.15	-0.0049058
20.16	-0.0074849
20.17	-0.0091333
20.18	-0.010626
20.19	-0.012385
20.2	-0.01439
20.21	-0.015887
20.22	-0.015983
20.23	-0.015195
20.24	-0.014609
20.25	-0.014095
20.26	-0.013139
20.27	-0.012012
20.28	-0.011171
20.29	-0.010644
20.3	-0.01019
20.31	-0.0094294
20.32	-0.0079202
20.33	-0.0058382
20.34	-0.0038478
20.35	-0.0022517
20.36	-0.0010141
20.37	-2.3093e-05
20.38	0.0013465
20.39	0.0036824
20.4	0.0060658
20.41	0.0073587
20.42	0.0086298
20.43	0.0117
20.44	0.016371
20.45	0.02079
20.46	0.023655
20.47	0.025288
20.48	0.026578
20.49	0.027496
20.5	0.027147
20.51	0.025052
20.52	0.022051
20.53	0.019412
20.54	0.017001
20.55	0.013592
20.56	0.0092816
20.57	0.0052974
20.58	0.0021074
20.59	4.4053e-05
20.6	-0.00071035
20.61	-0.0013739
20.62	-0.0031002
20.63	-0.0050218
20.64	-0.0057646
20.65	-0.0056681
20.66	-0.0056349
20.67	-0.0053807
20.68	-0.0047267
20.69	-0.0044356
20.7	-0.0052022
20.71	-0.0069438
20.72	-0.008518
20.73	-0.0095481
20.74	-0.010975
20.75	-0.01272
20.76	-0.014311
20.77	-0.015808
20.78	-0.01669
20.79	-0.016582
20.8	-0.016157
20.81	-0.016116
20.82	-0.016049
20.83	-0.015025
20.84	-0.013079
20.85	-0.011004
20.86	-0.0088448
20.87	-0.0061745
20.88	-0.0035557
20.89	-0.0012115
20.9	0.0015074
20.91	0.0041628
20.92	0.0065609
20.93	0.0091692
20.94	0.011201
20.95	0.01242
20.96	0.013932
20.97	0.016065
20.98	0.018385
20.99	0.020555
21	0.02256
21.01	0.024778
21.02	0.027566
21.03	0.030752
21.04	0.033188
21.05	0.03399
21.06	0.033678
21.07	0.033027
21.08	0.031953
21.09	0.030323
21.1	0.029511
21.11	0.030788
21.12	0.032684
21.13	0.032937
21.14	0.031491
21.15	0.029653
21.16	0.028651
21.17	0.029326
21.18	0.030858
21.19	0.031599
21.2	0.031783
21.21	0.032415
21.22	0.03293
21.23	0.032343
21.24	0.030814
21.25	0.02918
21.26	0.027952
21.27	0.02699
21.28	0.025973
21.29	0.024799
21.3	0.023572
21.31	0.022438
21.32	0.021365
21.33	0.020151
21.34	0.018377
21.35	0.015678
21.36	0.012524
21.37	0.0094487
21.38	0.0059452
21.39	0.0016259
21.4	-0.003014
21.41	-0.0074276
21.42	-0.011845
21.43	-0.01665
21.44	-0.021272
21.45	-0.025139
21.46	-0.028456
21.47	-0.031494
21.48	-0.034036
21.49	-0.035529
21.5	-0.036227
21.51	-0.037211
21.52	-0.038344
21.53	-0.038578
21.54	-0.037869
21.55	-0.036849
21.56	-0.035971
21.57	-0.035013
21.58	-0.033376
21.59	-0.03092
21.6	-0.028642
21.61	-0.027996
21.62	-0.028331
21.63	-0.027235
21.64	-0.024613
21.65	-0.02321
21.66	-0.023774
21.67	-0.023713
21.68	-0.02198
21.69	-0.020459
21.7	-0.019821
21.71	-0.018766
21.72	-0.016652
21.73	-0.014249
21.74	-0.012745
21.75	-0.012049
21.76	-0.010938
21.77	-0.0090288
21.78	-0.0070393
21.79	-0.0056448
21.8	-0.0050452
21.81	-0.0050007
21.82	-0.0056015
21.83	-0.0071458
21.84	-0.0087756
21.85	-0.0097888
21.86	-0.010899
21.87	-0.012269
21.88	-0.012897
21.89	-0.012429
21.9	-0.011603
21.91	-0.010411
21.92	-0.0080582
21.93	-0.0050351
21.94	-0.0021817
21.95	0.00080655
21.96	0.0042611
21.97	0.0081299
21.98	0.012356
21.99	0.016562
22	0.020255
22.01	0.023482
22.02	0.026671
22.03	0.029799
22.04	0.032008
22.05	0.032557
22.06	0.031764
22.07	0.030901
22.08	0.030311
22.09	0.029167
22.1	0.028143
22.11	0.028274
22.12	0.028459
22.13	0.027347
22.14	0.025203
22.15	0.022522
22.16	0.019142
22.17	0.01538
22.18	0.012433
22.19	0.010438
22.2	0.0077672
22.21	0.0035928
22.22	-0.0013183
22.23	-0.0061845
22.24	-0.010522
22.25	-0.014123
22.26	-0.017449
22.27	-0.020931
22.28	-0.024417
22.29	-0.027696
22.3	-0.030699
22.31	-0.033377
22.32	-0.035719
22.33	-0.037209
22.34	-0.037387
22.35	-0.037079
22.36	-0.037192
22.37	-0.037293
22.38	-0.036476
22.39	-0.033975
22.4	-0.029798
22.41	-0.025693
22.42	-0.022573
22.43	-0.019166
22.44	-0.015186
22.45	-0.011494
22.46	-0.0079542
22.47	-0.0039689
22.48	0.00028879
22.49	0.0038298
22.5	0.0059709
22.51	0.0073616
22.52	0.0095375
22.53	0.013433
22.54	0.017793
22.55	0.020644
22.56	0.022099
22.57	0.023356
22.58	0.025002
22.59	0.026828
22.6	0.027857
22.61	0.027947
22.62	0.028288
22.63	0.029474
22.64	0.030886
22.65	0.031287
22.66	0.029984
22.67	0.027883
22.68	0.025878
22.69	0.02341
22.7	0.020166
22.71	0.016567
22.72	0.012878
22.73	0.0098997
22.74	0.0078137
22.75	0.0054882
22.76	0.0028624
22.77	0.0011447
22.78	0.00050109
22.79	-9.8788e-05
22.8	-0.0013191
22.81	-0.0031353
22.82	-0.0049571
22.83	-0.0059422
22.84	-0.0059972
22.85	-0.0057734
22.86	-0.0056213
22.87	-0.0051429
22.88	-0.0037953
22.89	-0.0017494
22.9	4.8597e-06
22.91	0.00066825
22.92	0.00043457
22.93	2.4223e-05
22.94	-0.00016204
22.95	-0.00040352
22.96	-0.00076581
22.97	-0.00084029
22.98	-0.00091773
22.99	-0.0019502
23	-0.004136
23.01	-0.0061063
23.02	-0.0066545
23.03	-0.0062274
23.04	-0.0057752
23.05	-0.0056569
23.06	-0.0058893
23.07	-0.006261
23.08	-0.0066335
23.09	-0.0076948
23.1	-0.0095923
23.11	-0.010954
23.12	-0.010921
23.13	-0.010244
23.14	-0.010425
23.15	-0.012209
23.16	-0.014546
23.17	-0.015771
23.18	-0.015535
23.19	-0.015402
23.2	-0.016682
23.21	-0.018235
23.22	-0.01844
23.23	-0.017372
23.24	-0.016229
23.25	-0.016113
23.26	-0.017239
23.27	-0.01879
23.28	-0.019356
23.29	-0.017819
23.3	-0.015347
23.31	-0.014596
23.32	-0.015506
23.33	-0.015943
23.34	-0.01523
23.35	-0.014104
23.36	-0.013218
23.37	-0.012607
23.38	-0.012087
23.39	-0.011354
23.4	-0.0094988
23.41	-0.0064226
23.42	-0.0033604
23.43	-0.0002281
23.44	0.0038903
23.45	0.0084549
23.46	0.012119
23.47	0.014248
23.48	0.01566
23.49	0.017437
23.5	0.019171
23.51	0.019758
23.52	0.019156
23.53	0.0183
23.54	0.017212
23.55	0.014958
23.56	0.011529
23.57	0.0077761
23.58	0.0049564
23.59	0.0039211
23.6	0.0037667
23.61	0.0028649
23.62	0.00088294
23.63	-0.0010027
23.64	-0.0016625
23.65	-0.0012966
23.66	-0.0008081
23.67	-0.00062993
23.68	-0.00064257
23.69	-0.00057275
23.7	-0.00027771
23.71	0.00024581
23.72	0.00088596
23.73	0.0013029
23.74	0.0011792
23.75	0.00077528
23.76	0.00057072
23.77	0.00044519
23.78	0.00045581
23.79	0.00065722
23.8	-0.00023658
23.81	-0.0024506
23.82	-0.0041327
23.83	-0.0049302
23.84	-0.0061213
23.85	-0.0075799
23.86	-0.0081132
23.87	-0.0075238
23.88	-0.006631
23.89	-0.00587
23.9	-0.0050704
23.91	-0.0040661
23.92	-0.0030698
23.93	-0.0028209
23.94	-0.0032375
23.95	-0.0033664
23.96	-0.002936
23.97	-0.0019108
23.98	0.00016959
23.99	0.002935
24	0.0049333
24.01	0.0053965
24.02	0.0055072
24.03	0.0068243
24.04	0.0080816
24.05	0.0073101
24.06	0.0056726
24.07	0.0050545
24.08	0.0050071
24.09	0.004615
24.1	0.0045177
24.11	0.0059344
24.12	0.0088753
24.13	0.011389
24.14	0.012755
24.15	0.014283
24.16	0.01575
24.17	0.016238
24.18	0.015898
24.19	0.015837
24.2	0.017337
24.21	0.019587
24.22	0.020501
24.23	0.019734
24.24	0.018917
24.25	0.0195
24.26	0.020958
24.27	0.021796
24.28	0.021815
24.29	0.022554
24.3	0.02424
24.31	0.024775
24.32	0.023208
24.33	0.020456
24.34	0.017661
24.35	0.015734
24.36	0.01487
24.37	0.014474
24.38	0.013971
24.39	0.013311
24.4	0.012668
24.41	0.012118
24.42	0.011609
24.43	0.011073
24.44	0.010535
24.45	0.010233
24.46	0.01083
24.47	0.012579
24.48	0.014213
24.49	0.014433
24.5	0.013507
24.51	0.012398
24.52	0.012461
24.53	0.014169
24.54	0.015299
24.55	0.014021
24.56	0.011433
24.57	0.0092395
24.58	0.0078613
24.59	0.0070031
24.6	0.006382
24.61	0.0058082
24.62	0.0052195
24.63	0.0046343
24.64	0.0040503
24.65	0.0034507
24.66	0.0028916
24.67	0.0023984
24.68	0.0019863
24.69	0.0012634
24.7	-0.00083447
24.71	-0.0038903
24.72	-0.0062737
24.73	-0.008346
24.74	-0.010779
24.75	-0.012425
24.76	-0.013417
24.77	-0.015241
24.78	-0.017489
24.79	-0.019498
24.8	-0.021503
24.81	-0.023189
24.82	-0.02474
24.83	-0.026426
24.84	-0.02735
24.85	-0.026951
24.86	-0.025917
24.87	-0.025062
24.88	-0.02441
24.89	-0.024252
24.9	-0.025471
24.91	-0.027321
24.92	-0.027984
24.93	-0.027422
24.94	-0.026771
24.95	-0.026026
24.96	-0.024907
24.97	-0.023927
24.98	-0.023083
24.99	-0.022051
25	-0.021012
25.01	-0.02017
25.02	-0.019474
25.03	-0.018768
25.04	-0.018059
25.05	-0.017608
25.06	-0.017257
25.07	-0.016386
25.08	-0.015726
25.09	-0.016005
25.1	-0.01574
25.11	-0.014145
25.12	-0.011865
25.13	-0.0090779
25.14	-0.0064206
25.15	-0.005228
25.16	-0.0050603
25.17	-0.0034248
25.18	-0.00012913
25.19	0.0023399
25.2	0.0035532
25.21	0.0049302
25.22	0.0064634
25.23	0.0073931
25.24	0.0076191
25.25	0.0072981
25.26	0.006297
25.27	0.0043473
25.28	0.0021699
25.29	0.00049801
25.3	-0.001404
25.31	-0.0035516
25.32	-0.004672
25.33	-0.0044794
25.34	-0.003836
25.35	-0.0034313
25.36	-0.0032916
25.37	-0.0032221
25.38	-0.0029392
25.39	-0.0015427
25.4	0.0011363
25.41	0.0034595
25.42	0.0046357
25.43	0.0059196
25.44	0.0079015
25.45	0.0093563
25.46	0.0094227
25.47	0.008751
25.48	0.0082523
25.49	0.008191
25.5	0.0080681
25.51	0.0066876
25.52	0.0038931
25.53	0.001623
25.54	0.00059281
25.55	-0.00080389
25.56	-0.0030623
25.57	-0.0055992
25.58	-0.0080202
25.59	-0.0093838
25.6	-0.010079
25.61	-0.011638
25.62	-0.013386
25.63	-0.014087
25.64	-0.014672
25.65	-0.015989
25.66	-0.016983
25.67	-0.01668
25.68	-0.015542
25.69	-0.014397
25.7	-0.013727
25.71	-0.013472
25.72	-0.012911
25.73	-0.011824
25.74	-0.010605
25.75	-0.0086638
25.76	-0.005682
25.77	-0.0025598
25.78	0.0003768
25.79	0.0030425
25.8	0.0055052
25.81	0.0081103
25.82	0.010752
25.83	0.013758
25.84	0.017296
25.85	0.02075
25.86	0.023617
25.87	0.025956
25.88	0.028071
25.89	0.029863
25.9	0.031464
25.91	0.03294
25.92	0.034108
25.93	0.035447
25.94	0.036534
25.95	0.036234
25.96	0.034746
25.97	0.03307
25.98	0.031731
25.99	0.030596
26	0.029412
26.01	0.02815
26.02	0.026908
26.03	0.025754
26.04	0.024492
26.05	0.022957
26.06	0.021446
26.07	0.020042
26.08	0.018051
26.09	0.015174
26.1	0.012533
26.11	0.011237
26.12	0.010421
26.13	0.0082954
26.14	0.0050335
26.15	0.0018362
26.16	-0.00099756
26.17	-0.0034583
26.18	-0.005869
26.19	-0.0084079
26.2	-0.011113
26.21	-0.013685
26.22	-0.015511
26.23	-0.017193
26.24	-0.018972
26.25	-0.019882
26.26	-0.020311
26.27	-0.021531
26.28	-0.022883
26.29	-0.022148
26.3	-0.019764
26.31	-0.018975
26.32	-0.020202
26.33	-0.020989
26.34	-0.020362
26.35	-0.019171
26.36	-0.01832
26.37	-0.018615
26.38	-0.020322
26.39	-0.021975
26.4	-0.022077
26.41	-0.020927
26.42	-0.019644
26.43	-0.0187
26.44	-0.01751
26.45	-0.015332
26.46	-0.012484
26.47	-0.010216
26.48	-0.0092947
26.49	-0.0091355
26.5	-0.0082771
26.51	-0.0058684
26.52	-0.0028445
26.53	-0.00082308
26.54	-0.00039027
26.55	-0.0004151
26.56	0.00089432
26.57	0.0033553
26.58	0.004979
26.59	0.0051056
26.6	0.0056323
26.61	0.0079064
26.62	0.010183
26.63	0.010577
26.64	0.0098966
26.65	0.010044
26.66	0.011563
26.67	0.014076
26.68	0.016918
26.69	0.01884
26.7	0.019778
26.71	0.020787
26.72	0.021539
26.73	0.021114
26.74	0.019935
26.75	0.018434
26.76	0.016128
26.77	0.013501
26.78	0.01183
26.79	0.011278
26.8	0.011042
26.81	0.01058
26.82	0.0099337
26.83	0.0093274
26.84	0.0088376
26.85	0.0083854
26.86	0.0079002
26.87	0.0074012
26.88	0.0069595
26.89	0.0066077
26.9	0.0062251
26.91	0.0052572
26.92	0.0030771
26.93	0.00045418
26.94	-0.0013716
26.95	-0.003032
26.96	-0.0052855
26.97	-0.006988
26.98	-0.0073527
26.99	-0.0076332
27	-0.0094958
27.01	-0.011686
27.02	-0.012623
27.03	-0.0123
27.04	-0.012611
27.05	-0.014417
27.06	-0.016239
27.07	-0.016442
27.08	-0.015891
27.09	-0.016781
27.1	-0.018151
27.11	-0.017281
27.12	-0.01541
27.13	-0.015403
27.14	-0.016553
27.15	-0.017258
27.16	-0.018213
27.17	-0.019618
27.18	-0.020158
27.19	-0.019391
27.2	-0.018288
27.21	-0.017657
27.22	-0.017332
27.23	-0.016856
27.24	-0.015817
27.25	-0.014284
27.26	-0.012942
27.27	-0.012113
27.28	-0.011519
27.29	-0.010835
27.3	-0.010018
27.31	-0.0092277
27.32	-0.0085517
27.33	-0.0079254
27.34	-0.0072793
27.35	-0.0066076
27.36	-0.0059457
27.37	-0.0053205
27.38	-0.0047253
27.39	-0.004136
27.4	-0.0035502
27.41	-0.0029329
27.42	-0.0026172
27.43	-0.0033057
27.44	-0.004293
27.45	-0.0037591
27.46	-0.0017123
27.47	0.00011667
27.48	0.00097913
27.49	0.0022483
27.5	0.004722
27.51	0.0071013
27.52	0.0089263
27.53	0.01081
27.54	0.01231
27.55	0.012742
27.56	0.012387
27.57	0.011902
27.58	0.01169
27.59	0.01227
27.6	0.013935
27.61	0.015715
27.62	0.016287
27.63	0.01633
27.64	0.017519
27.65	0.019247
27.66	0.019699
27.67	0.019228
27.68	0.019723
27.69	0.021242
27.7	0.02201
27.71	0.021344
27.72	0.020079
27.73	0.018971
27.74	0.018511
27.75	0.019087
27.76	0.020128
27.77	0.020564
27.78	0.019998
27.79	0.018862
27.8	0.017746
27.81	0.016834
27.82	0.016025
27.83	0.014724
27.84	0.012204
27.85	0.0092702
27.86	0.0074655
27.87	0.0069558
27.88	0.0066881
27.89	0.0055503
27.9	0.0034757
27.91	0.0014538
27.92	0.00018554
27.93	-0.00035411
27.94	-0.0005307
27.95	-0.00064315
27.96	-0.00093906
27.97	-0.0021091
27.98	-0.0042489
27.99	-0.0059527
28	-0.0064088
28.01	-0.0067721
28.02	-0.0080941
28.03	-0.0094735
28.04	-0.0098014
28.05	-0.009488
28.06	-0.0092352
28.07	-0.0091067
28.08	-0.008932
28.09	-0.0086319
28.1	-0.0083101
28.11	-0.0080627
28.12	-0.0078364
28.13	-0.0075296
28.14	-0.0071701
28.15	-0.007378
28.16	-0.0083648
28.17	-0.0086
28.18	-0.0072716
28.19	-0.0057665
28.2	-0.0053024
28.21	-0.0052653
28.22	-0.0042409
28.23	-0.0023626
28.24	-0.0011326
28.25	-0.0010865
28.26	-0.0014829
28.27	-0.0016801
28.28	-0.0016377
28.29	-0.0013072
28.3	-0.00087882
28.31	-0.0010458
28.32	-0.0020031
28.33	-0.003271
28.34	-0.004354
28.35	-0.0049375
28.36	-0.0049712
28.37	-0.0046836
28.38	-0.0044807
28.39	-0.0046163
28.4	-0.0047503
28.41	-0.0044182
28.42	-0.0038212
28.43	-0.0034285
28.44	-0.0033304
28.45	-0.0029667
28.46	-0.001786
28.47	-0.00038302
28.48	0.00026135
28.49	0.00015856
28.5	-9.504e-05
28.51	-0.00018917
28.52	-0.00017772
28.53	-0.00016639
28.54	-0.0001812
28.55	-0.00027564
28.56	-0.00059635
28.57	-0.0013164
28.58	-0.0022685
28.59	-0.0028407
28.6	-0.0027775
28.61	-0.0024323
28.62	-0.0022493
28.63	-0.002372
28.64	-0.0027465
28.65	-0.0033417
28.66	-0.0037994
28.67	-0.0033866
28.68	-0.002061
28.69	-0.00085074
28.7	-0.00048067
28.71	-0.00061986
28.72	-0.00042181
28.73	0.00052732
28.74	0.0015326
28.75	0.0018585
28.76	0.0019871
28.77	0.0025845
28.78	0.0031872
28.79	0.0033432
28.8	0.0034786
28.81	0.0038448
28.82	0.0041011
28.83	0.0039612
28.84	0.003503
28.85	0.0029224
28.86	0.0024373
28.87	0.0021357
28.88	0.0016564
28.89	0.00083213
28.9	0.00013377
28.91	-0.00010068
28.92	-7.5927e-05
28.93	-9.6439e-05
28.94	-0.00022136
28.95	-0.00033362
28.96	-0.00040848
28.97	-0.00054307
28.98	-0.00087119
28.99	-0.0014109
29	-0.0018706
29.01	-0.0019829
29.02	-0.0018414
29.03	-0.0016553
29.04	-0.001667
29.05	-0.0020459
29.06	-0.0024892
29.07	-0.00258
29.08	-0.0025142
29.09	-0.0026744
29.1	-0.0028862
29.11	-0.0028148
29.12	-0.0026527
29.13	-0.0027172
29.14	-0.0028404
29.15	-0.0028469
29.16	-0.0028585
29.17	-0.0028199
29.18	-0.0025717
29.19	-0.002159
29.2	-0.0017365
29.21	-0.0014078
29.22	-0.0011977
29.23	-0.0010214
29.24	-0.00074168
29.25	-0.00033922
29.26	4.8424e-05
29.27	0.00036962
29.28	0.00076106
29.29	0.0013143
29.3	0.0019062
29.31	0.0022873
29.32	0.0023556
29.33	0.0023363
29.34	0.0024971
29.35	0.002811
29.36	0.0030822
29.37	0.0032358
29.38	0.003296
29.39	0.0032616
29.4	0.0031985
29.41	0.0031595
29.42	0.0030358
29.43	0.0028029
29.44	0.0026075
29.45	0.0024788
29.46	0.0023163
29.47	0.0021051
29.48	0.0018727
29.49	0.0016327
29.5	0.0014003
29.51	0.0011843
29.52	0.0009856
29.53	0.00080686
29.54	0.00061966
29.55	0.00038072
29.56	0.00013391
29.57	-2.7827e-05
29.58	-0.00012088
29.59	-0.00023605
29.6	-0.00037002
29.61	-0.00047245
29.62	-0.00055109
29.63	-0.00060181
29.64	-0.00062408
29.65	-0.00065385
29.66	-0.00069407
29.67	-0.00069504
29.68	-0.00063042
29.69	-0.00054861
29.7	-0.0004992
29.71	-0.00046637
29.72	-0.00041815
29.73	-0.00033826
29.74	-0.00023871
29.75	-0.00015546
29.76	-9.5803e-05
29.77	-3.0567e-05
29.78	4.9049e-05
29.79	0.00012031
29.8	0.00016784
29.81	0.00020441
29.82	0.00024585
29.83	0.00028827
29.84	0.00031842
29.85	0.00033408
29.86	0.00034001
29.87	0.00033819
29.88	0.00032735
29.89	0.00030577
29.9	0.00027349
29.91	0.00023296
29.92	0.00018587
29.93	0.00013317
29.94	7.4886e-05
29.95	1.0555e-05
29.96	-5.9143e-05
29.97	-0.00013202
29.98	-0.00020649
29.99	-0.00028206
