0	7.8943e-05
0.01	4.971e-05
0.02	9.0394e-05
0.03	5.8846e-05
0.04	9.6219e-05
0.05	4.4764e-05
0.06	4.8624e-05
0.07	9.7921e-06
0.08	4.282e-05
0.09	4.1885e-05
0.1	0.00015525
0.11	0.00014947
0.12	0.00014055
0.13	4.3893e-05
0.14	7.4126e-05
0.15	-5.3653e-05
0.16	-8.8765e-05
0.17	-0.00010873
0.18	-9.9243e-05
0.19	-0.0001502
0.2	-0.00030919
0.21	-0.00047417
0.22	-0.00045951
0.23	-0.00030929
0.24	0.00014885
0.25	0.00010991
0.26	0.00035609
0.27	0.00055769
0.28	0.00053186
0.29	0.00054587
0.3	0.00029997
0.31	-2.2565e-05
0.32	8.1106e-05
0.33	0.00054256
0.34	0.00069871
0.35	0.00082976
0.36	0.0014214
0.37	0.00093469
0.38	-3.2232e-05
0.39	-0.0010216
0.4	-0.0017356
0.41	-0.0019684
0.42	-0.0013836
0.43	-0.0003199
0.44	0.0014689
0.45	0.0022619
0.46	0.0031611
0.47	0.0043587
0.48	0.0038176
0.49	0.0023195
0.5	0.00096785
0.51	0.00027901
0.52	-0.0023789
0.53	-0.0060538
0.54	-0.0093313
0.55	-0.011891
0.56	-0.012501
0.57	-0.012017
0.58	-0.0088961
0.59	-0.0052985
0.6	-0.0036073
0.61	-0.0015979
0.62	-0.00049258
0.63	0.0019974
0.64	0.0041632
0.65	0.0070818
0.66	0.011622
0.67	0.01748
0.68	0.020803
0.69	0.02054
0.7	0.018414
0.71	0.013895
0.72	0.0051144
0.73	-0.0048047
0.74	-0.0092137
0.75	-0.0093587
0.76	-0.0097298
0.77	-0.0089153
0.78	-0.0071315
0.79	-0.0072228
0.8	-0.010861
0.81	-0.013443
0.82	-0.014596
0.83	-0.015372
0.84	-0.013213
0.85	-0.0095939
0.86	-0.0014039
0.87	0.006808
0.88	0.013208
0.89	0.020867
0.9	0.025117
0.91	0.026302
0.92	0.027036
0.93	0.023188
0.94	0.013057
0.95	-0.0042743
0.96	-0.022926
0.97	-0.025967
0.98	-0.016822
0.99	-0.0080213
1	0.0016222
1.01	0.0010473
1.02	-0.0086012
1.03	-0.016456
1.04	-0.020843
1.05	-0.019697
1.06	-0.017153
1.07	-0.013164
1.08	-0.0086752
1.09	-0.0089077
1.1	-0.012176
1.11	-0.012479
1.12	-0.012348
1.13	-0.0098109
1.14	-0.0065784
1.15	0.0062472
1.16	0.024176
1.17	0.040885
1.18	0.06011
1.19	0.064659
1.2	0.060626
1.21	0.060054
1.22	0.058056
1.23	0.048219
1.24	0.037534
1.25	0.018818
1.26	-0.0033978
1.27	-0.024592
1.28	-0.038678
1.29	-0.044466
1.3	-0.046379
1.31	-0.046524
1.32	-0.045598
1.33	-0.049142
1.34	-0.048092
1.35	-0.05079
1.36	-0.052871
1.37	-0.048712
1.38	-0.037701
1.39	-0.0069595
1.4	0.035831
1.41	0.060027
1.42	0.060777
1.43	0.049765
1.44	0.038239
1.45	0.023911
1.46	0.013584
1.47	-0.0043382
1.48	-0.018793
1.49	-0.028085
1.5	-0.028558
1.51	-0.024391
1.52	-0.019478
1.53	-0.0087924
1.54	0.0024836
1.55	0.0030818
1.56	0.0097271
1.57	0.024919
1.58	0.035546
1.59	0.042497
1.6	0.04548
1.61	0.037258
1.62	0.018432
1.63	0.0048394
1.64	-0.0078384
1.65	-0.022193
1.66	-0.028291
1.67	-0.03117
1.68	-0.02426
1.69	-0.015074
1.7	-0.0034616
1.71	0.0096901
1.72	0.016267
1.73	0.020752
1.74	0.022999
1.75	0.014174
1.76	0.0022777
1.77	-0.0083149
1.78	-0.015142
1.79	-0.018735
1.8	-0.018699
1.81	-0.021456
1.82	-0.029964
1.83	-0.032327
1.84	-0.030366
1.85	-0.026584
1.86	-0.019446
1.87	-0.02226
1.88	-0.020924
1.89	-0.015767
1.9	-0.0011593
1.91	0.017977
1.92	0.038856
1.93	0.050955
1.94	0.053903
1.95	0.049112
1.96	0.038672
1.97	0.031719
1.98	0.025788
1.99	0.018723
2	0.0121
2.01	0.00075608
2.02	-0.016099
2.03	-0.02693
2.04	-0.027876
2.05	-0.026893
2.06	-0.0073289
2.07	-0.0034949
2.08	-0.0075421
2.09	-0.0057089
2.1	-0.0052228
2.11	-0.005173
2.12	-0.0059481
2.13	-0.0085954
2.14	-0.012735
2.15	-0.017364
2.16	-0.02498
2.17	-0.018399
2.18	-0.0053947
2.19	-0.014074
2.2	-0.026897
2.21	-0.037958
2.22	-0.047189
2.23	-0.043359
2.24	-0.035094
2.25	-0.024588
2.26	-0.012365
2.27	-0.003648
2.28	0.0017938
2.29	0.0033393
2.3	0.0032305
2.31	0.0033705
2.32	0.0059318
2.33	0.011277
2.34	0.020007
2.35	0.031852
2.36	0.049776
2.37	0.06577
2.38	0.072551
2.39	0.073794
2.4	0.067647
2.41	0.051938
2.42	0.028691
2.43	0.013252
2.44	-0.0028736
2.45	-0.020132
2.46	-0.030571
2.47	-0.037241
2.48	-0.044591
2.49	-0.04427
2.5	-0.043147
2.51	-0.037186
2.52	-0.035034
2.53	-0.042732
2.54	-0.053746
2.55	-0.054252
2.56	-0.039974
2.57	-0.031095
2.58	-0.0093035
2.59	0.0095661
2.6	0.013404
2.61	0.017614
2.62	0.010423
2.63	-0.0012732
2.64	-0.014222
2.65	-0.033462
2.66	-0.044449
2.67	-0.043907
2.68	-0.034572
2.69	-0.020077
2.7	-0.0064402
2.71	0.0018006
2.72	-0.0042522
2.73	-0.020877
2.74	-0.038828
2.75	-0.053122
2.76	-0.057893
2.77	-0.060512
2.78	-0.052252
2.79	-0.044052
2.8	-0.037637
2.81	-0.024088
2.82	0.0014447
2.83	0.041881
2.84	0.084703
2.85	0.14421
2.86	0.19943
2.87	0.20826
2.88	0.21228
2.89	0.21707
2.9	0.21724
2.91	0.21841
2.92	0.22173
2.93	0.22454
2.94	0.234
2.95	0.23821
2.96	0.23936
2.97	0.23821
2.98	0.22954
2.99	0.21609
3	0.18655
3.01	0.07457
3.02	-0.014607
3.03	-0.027447
3.04	-0.036993
3.05	-0.031609
3.06	-0.016694
3.07	0.046743
3.08	0.21928
3.09	0.32883
3.1	0.3193
3.11	0.31489
3.12	0.30934
3.13	0.28655
3.14	0.23063
3.15	0.11393
3.16	0.00084806
3.17	-0.10855
3.18	-0.18598
3.19	-0.20921
3.2	-0.22829
3.21	-0.25477
3.22	-0.29767
3.23	-0.37812
3.24	-0.46387
3.25	-0.49416
3.26	-0.48409
3.27	-0.48413
3.28	-0.47722
3.29	-0.45972
3.3	-0.4367
3.31	-0.39036
3.32	-0.24985
3.33	0.0205
3.34	0.30222
3.35	0.41981
3.36	0.50339
3.37	0.58411
3.38	0.49291
3.39	0.24658
3.4	0.033727
3.41	-0.16268
3.42	-0.30628
3.43	-0.34864
3.44	-0.35593
3.45	-0.33819
3.46	-0.30179
3.47	-0.29403
3.48	-0.28599
3.49	-0.23354
3.5	-0.031384
3.51	0.17798
3.52	0.32423
3.53	0.39492
3.54	0.34659
3.55	0.23678
3.56	0.023078
3.57	-0.2244
3.58	-0.45315
3.59	-0.48898
3.6	-0.40508
3.61	-0.45494
3.62	-0.50329
3.63	-0.45492
3.64	-0.41818
3.65	-0.42156
3.66	-0.44503
3.67	-0.48084
3.68	-0.49932
3.69	-0.50111
3.7	-0.48683
3.71	-0.46057
3.72	-0.40871
3.73	-0.25654
3.74	-0.10776
3.75	0.031018
3.76	0.17033
3.77	0.3114
3.78	0.36587
3.79	0.35179
3.8	0.3452
3.81	0.3152
3.82	0.26514
3.83	0.21275
3.84	0.18231
3.85	0.17664
3.86	0.18304
3.87	0.2121
3.88	0.25488
3.89	0.29457
3.9	0.32421
3.91	0.34924
3.92	0.35823
3.93	0.35377
3.94	0.34291
3.95	0.32659
3.96	0.30644
3.97	0.28474
3.98	0.27192
3.99	0.22252
4	0.098693
4.01	-0.024497
4.02	-0.1521
4.03	-0.17433
4.04	-0.11815
4.05	-0.10873
4.06	-0.11094
4.07	-0.075423
4.08	-0.026931
4.09	0.031562
4.1	0.13442
4.11	0.18181
4.12	0.10861
4.13	0.0029434
4.14	-0.088637
4.15	-0.17813
4.16	-0.2393
4.17	-0.26171
4.18	-0.27224
4.19	-0.27767
4.2	-0.27443
4.21	-0.26674
4.22	-0.25367
4.23	-0.23008
4.24	-0.17662
4.25	-0.13324
4.26	-0.098394
4.27	-0.0626
4.28	-0.039054
4.29	-0.025987
4.3	-0.016378
4.31	-0.003044
4.32	0.014118
4.33	0.041603
4.34	0.079531
4.35	0.14836
4.36	0.22956
4.37	0.29582
4.38	0.33922
4.39	0.37324
4.4	0.40802
4.41	0.42875
4.42	0.43929
4.43	0.43908
4.44	0.43195
4.45	0.41498
4.46	0.39044
4.47	0.36347
4.48	0.30933
4.49	0.19203
4.5	0.077496
4.51	0.037431
4.52	0.012519
4.53	-0.081571
4.54	-0.1442
4.55	-0.23591
4.56	-0.38856
4.57	-0.47933
4.58	-0.47925
4.59	-0.46061
4.6	-0.44301
4.61	-0.3635
4.62	-0.21136
4.63	-0.072297
4.64	0.05013
4.65	0.18206
4.66	0.26921
4.67	0.31275
4.68	0.3446
4.69	0.35177
4.7	0.38155
4.71	0.48574
4.72	0.51823
4.73	0.46791
4.74	0.39096
4.75	0.30166
4.76	0.25219
4.77	0.25474
4.78	0.258
4.79	0.23238
4.8	0.20511
4.81	0.19298
4.82	0.17402
4.83	0.1586
4.84	0.15292
4.85	0.14702
4.86	0.14339
4.87	0.14307
4.88	0.14381
4.89	0.14317
4.9	0.14291
4.91	0.13587
4.92	0.13205
4.93	0.06725
4.94	-0.049312
4.95	-0.084672
4.96	-0.08363
4.97	-0.12565
4.98	-0.17528
4.99	-0.20127
5	-0.2505
5.01	-0.31091
5.02	-0.34116
5.03	-0.36557
5.04	-0.32239
5.05	-0.3146
5.06	-0.36366
5.07	-0.39524
5.08	-0.44329
5.09	-0.50168
5.1	-0.54133
5.11	-0.54438
5.12	-0.53001
5.13	-0.5164
5.14	-0.49151
5.15	-0.44558
5.16	-0.36307
5.17	-0.29801
5.18	-0.26233
5.19	-0.24386
5.2	-0.24592
5.21	-0.24892
5.22	-0.24192
5.23	-0.21598
5.24	-0.20321
5.25	-0.18991
5.26	-0.171
5.27	-0.14913
5.28	-0.12756
5.29	-0.1095
5.3	-0.08102
5.31	-0.049218
5.32	-0.021874
5.33	0.0058485
5.34	0.038273
5.35	0.090647
5.36	0.16207
5.37	0.20927
5.38	0.21961
5.39	0.21569
5.4	0.20364
5.41	0.20778
5.42	0.2361
5.43	0.25856
5.44	0.27095
5.45	0.2792
5.46	0.28424
5.47	0.29522
5.48	0.31003
5.49	0.33881
5.5	0.36724
5.51	0.38259
5.52	0.39077
5.53	0.39446
5.54	0.38931
5.55	0.37897
5.56	0.36372
5.57	0.34231
5.58	0.31414
5.59	0.24272
5.6	0.12118
5.61	0.018408
5.62	-0.090986
5.63	-0.15099
5.64	-0.11766
5.65	-0.11333
5.66	-0.14337
5.67	-0.14338
5.68	-0.12036
5.69	-0.08884
5.7	-0.058405
5.71	-0.0034433
5.72	0.026713
5.73	0.02451
5.74	0.0087538
5.75	-0.028317
5.76	-0.087147
5.77	-0.1206
5.78	-0.12816
5.79	-0.13675
5.8	-0.16669
5.81	-0.18563
5.82	-0.22304
5.83	-0.25659
5.84	-0.25164
5.85	-0.22589
5.86	-0.18036
5.87	-0.13881
5.88	-0.048138
5.89	0.069546
5.9	0.10698
5.91	0.11799
5.92	0.12104
5.93	0.10592
5.94	0.049023
5.95	0.00090011
5.96	-0.062383
5.97	-0.14004
5.98	-0.178
5.99	-0.20238
6	-0.24604
6.01	-0.26527
6.02	-0.25707
6.03	-0.23066
6.04	-0.22783
6.05	-0.23818
6.06	-0.23086
6.07	-0.15696
6.08	-0.076593
6.09	-0.053612
6.1	-0.041836
6.11	-0.020287
6.12	-0.016744
6.13	-0.024008
6.14	-0.051815
6.15	-0.08137
6.16	-0.17388
6.17	-0.2284
6.18	-0.24131
6.19	-0.26909
6.2	-0.2793
6.21	-0.27565
6.22	-0.26466
6.23	-0.25526
6.24	-0.21959
6.25	-0.18168
6.26	-0.14612
6.27	-0.12442
6.28	-0.056609
6.29	0.003922
6.3	0.046328
6.31	0.10216
6.32	0.17297
6.33	0.24319
6.34	0.31698
6.35	0.39279
6.36	0.50297
6.37	0.61876
6.38	0.73197
6.39	0.78971
6.4	0.77486
6.41	0.7961
6.42	0.79026
6.43	0.75928
6.44	0.76651
6.45	0.72266
6.46	0.62521
6.47	0.53312
6.48	0.4745
6.49	0.37766
6.5	0.26182
6.51	0.20238
6.52	0.16839
6.53	0.049565
6.54	0.00069249
6.55	-0.0058017
6.56	-0.022895
6.57	-0.012355
6.58	0.0026584
6.59	0.017335
6.6	0.019298
6.61	0.015617
6.62	-0.0036925
6.63	-0.033276
6.64	-0.10699
6.65	-0.1954
6.66	-0.29261
6.67	-0.39715
6.68	-0.44513
6.69	-0.48696
6.7	-0.56514
6.71	-0.59147
6.72	-0.56786
6.73	-0.54409
6.74	-0.52328
6.75	-0.50485
6.76	-0.49193
6.77	-0.47995
6.78	-0.47859
6.79	-0.48246
6.8	-0.48575
6.81	-0.47998
6.82	-0.46947
6.83	-0.44399
6.84	-0.41649
6.85	-0.38834
6.86	-0.3629
6.87	-0.28947
6.88	-0.14337
6.89	-0.051535
6.9	-0.010644
6.91	0.038772
6.92	0.083884
6.93	0.12253
6.94	0.16698
6.95	0.2279
6.96	0.28359
6.97	0.31836
6.98	0.32927
6.99	0.32404
7	0.31962
7.01	0.2379
7.02	0.0938
7.03	-0.0010818
7.04	0.014146
7.05	0.033141
7.06	0.10443
7.07	0.23862
7.08	0.28484
7.09	0.28974
7.1	0.30612
7.11	0.32852
7.12	0.32508
7.13	0.31641
7.14	0.30723
7.15	0.29597
7.16	0.27251
7.17	0.25782
7.18	0.25689
7.19	0.27293
7.2	0.29037
7.21	0.31536
7.22	0.32538
7.23	0.31839
7.24	0.30814
7.25	0.22891
7.26	0.097406
7.27	-0.012769
7.28	-0.12742
7.29	-0.23867
7.3	-0.33516
7.31	-0.36786
7.32	-0.40689
7.33	-0.42882
7.34	-0.47004
7.35	-0.50215
7.36	-0.52713
7.37	-0.52233
7.38	-0.49953
7.39	-0.2994
7.4	0.0035767
7.41	0.27776
7.42	0.32007
7.43	0.28879
7.44	0.32
7.45	0.3297
7.46	0.32613
7.47	0.32896
7.48	0.33036
7.49	0.32044
7.5	0.29915
7.51	0.28401
7.52	0.20104
7.53	0.14897
7.54	0.13824
7.55	0.1145
7.56	0.089808
7.57	0.022906
7.58	-0.039954
7.59	-0.048316
7.6	-0.04456
7.61	-0.033627
7.62	-0.013896
7.63	0.011315
7.64	0.020998
7.65	0.017057
7.66	0.0032625
7.67	-0.023163
7.68	-0.060581
7.69	-0.10422
7.7	-0.1479
7.71	-0.18877
7.72	-0.22748
7.73	-0.2442
7.74	-0.2785
7.75	-0.33254
7.76	-0.33412
7.77	-0.3238
7.78	-0.32131
7.79	-0.31202
7.8	-0.3097
7.81	-0.30568
7.82	-0.29977
7.83	-0.28981
7.84	-0.29704
7.85	-0.30772
7.86	-0.32623
7.87	-0.32068
7.88	-0.32568
7.89	-0.32325
7.9	-0.31112
7.91	-0.28887
7.92	-0.27653
7.93	-0.21388
7.94	-0.13233
7.95	0.13672
7.96	0.31042
7.97	0.36596
7.98	0.46212
7.99	0.59457
8	0.72439
8.01	0.76233
8.02	0.76687
8.03	0.85805
8.04	0.92861
8.05	0.93967
8.06	0.92455
8.07	0.81214
8.08	0.65973
8.09	0.63643
8.1	0.63059
8.11	0.58709
8.12	0.56147
8.13	0.53471
8.14	0.51128
8.15	0.48554
8.16	0.49328
8.17	0.44316
8.18	0.34218
8.19	0.24479
8.2	0.17793
8.21	0.11088
8.22	0.018036
8.23	-0.077314
8.24	-0.1478
8.25	-0.19887
8.26	-0.24964
8.27	-0.30409
8.28	-0.33211
8.29	-0.39495
8.3	-0.47107
8.31	-0.49578
8.32	-0.49274
8.33	-0.4898
8.34	-0.47007
8.35	-0.44399
8.36	-0.42529
8.37	-0.41668
8.38	-0.40568
8.39	-0.40014
8.4	-0.39849
8.41	-0.40235
8.42	-0.40361
8.43	-0.40558
8.44	-0.40477
8.45	-0.41091
8.46	-0.41598
8.47	-0.42623
8.48	-0.44475
8.49	-0.50148
8.5	-0.56603
8.51	-0.61918
8.52	-0.64117
8.53	-0.64443
8.54	-0.65306
8.55	-0.66006
8.56	-0.6548
8.57	-0.63981
8.58	-0.62925
8.59	-0.62203
8.6	-0.61862
8.61	-0.62015
8.62	-0.63026
8.63	-0.63394
8.64	-0.61605
8.65	-0.59717
8.66	-0.57451
8.67	-0.53383
8.68	-0.47039
8.69	-0.41329
8.7	-0.35879
8.71	-0.3163
8.72	-0.28099
8.73	-0.24485
8.74	-0.20308
8.75	-0.15379
8.76	-0.11364
8.77	-0.070331
8.78	-0.026884
8.79	0.0064102
8.8	0.029302
8.81	0.040357
8.82	0.063518
8.83	0.097415
8.84	0.1296
8.85	0.16175
8.86	0.20415
8.87	0.22822
8.88	0.25368
8.89	0.28545
8.9	0.31618
8.91	0.34181
8.92	0.36088
8.93	0.37444
8.94	0.38582
8.95	0.39534
8.96	0.40221
8.97	0.4025
8.98	0.39266
8.99	0.37596
9	0.35546
9.01	0.32482
9.02	0.29891
9.03	0.27722
9.04	0.2627
9.05	0.24857
9.06	0.24986
9.07	0.25931
9.08	0.27918
9.09	0.30196
9.1	0.33073
9.11	0.35855
9.12	0.3878
9.13	0.426
9.14	0.53821
9.15	0.57392
9.16	0.57352
9.17	0.58246
9.18	0.58114
9.19	0.58823
9.2	0.69427
9.21	0.81113
9.22	0.71787
9.23	0.45301
9.24	0.37975
9.25	0.58935
9.26	0.6108
9.27	0.45385
9.28	0.40901
9.29	0.38668
9.3	0.36291
9.31	0.35373
9.32	0.35369
9.33	0.35413
9.34	0.37834
9.35	0.33805
9.36	0.27395
9.37	0.25729
9.38	0.23954
9.39	0.22042
9.4	0.2067
9.41	0.19021
9.42	0.16561
9.43	0.13278
9.44	0.09669
9.45	0.033745
9.46	-0.025615
9.47	-0.079278
9.48	-0.12869
9.49	-0.16397
9.5	-0.19204
9.51	-0.25095
9.52	-0.31018
9.53	-0.38639
9.54	-0.46288
9.55	-0.49555
9.56	-0.51167
9.57	-0.52361
9.58	-0.53361
9.59	-0.54034
9.6	-0.54574
9.61	-0.53888
9.62	-0.52907
9.63	-0.52574
9.64	-0.51575
9.65	-0.50127
9.66	-0.48946
9.67	-0.47702
9.68	-0.46425
9.69	-0.44493
9.7	-0.42843
9.71	-0.40385
9.72	-0.36861
9.73	-0.33884
9.74	-0.30019
9.75	-0.25819
9.76	-0.22581
9.77	-0.18854
9.78	-0.15116
9.79	-0.14522
9.8	-0.15834
9.81	-0.1616
9.82	-0.13857
9.83	-0.10935
9.84	-0.0861
9.85	-0.060135
9.86	-0.036307
9.87	-0.010138
9.88	0.032962
9.89	0.068438
9.9	0.10155
9.91	0.13619
9.92	0.16643
9.93	0.19481
9.94	0.22139
9.95	0.25212
9.96	0.30174
9.97	0.32849
9.98	0.32539
9.99	0.33083
10	0.34431
10.01	0.46393
10.02	0.46948
10.03	0.42959
10.04	0.47409
10.05	0.46154
10.06	0.42046
10.07	0.41191
10.08	0.41775
10.09	0.39883
10.1	0.37394
10.11	0.338
10.12	0.29162
10.13	0.22559
10.14	0.1724
10.15	0.13806
10.16	0.11393
10.17	0.093923
10.18	0.07675
10.19	0.054846
10.2	0.023203
10.21	-0.021414
10.22	-0.099457
10.23	-0.19376
10.24	-0.22742
10.25	-0.27076
10.26	-0.29616
10.27	-0.29637
10.28	-0.28982
10.29	-0.28249
10.3	-0.26987
10.31	-0.25798
10.32	-0.2414
10.33	-0.22707
10.34	-0.22059
10.35	-0.21649
10.36	-0.2137
10.37	-0.2132
10.38	-0.21586
10.39	-0.21306
10.4	-0.21375
10.41	-0.21143
10.42	-0.20402
10.43	-0.19964
10.44	-0.20013
10.45	-0.20546
10.46	-0.1881
10.47	-0.15883
10.48	-0.10588
10.49	-0.065696
10.5	-0.045613
10.51	0.010496
10.52	0.075615
10.53	0.10727
10.54	0.14181
10.55	0.18834
10.56	0.23049
10.57	0.26581
10.58	0.31017
10.59	0.36202
10.6	0.45748
10.61	0.51776
10.62	0.53129
10.63	0.53902
10.64	0.53029
10.65	0.50434
10.66	0.43853
10.67	0.27186
10.68	0.19503
10.69	0.10161
10.7	-0.01482
10.71	-0.043618
10.72	-0.026901
10.73	-0.010176
10.74	-0.020326
10.75	-0.064246
10.76	-0.087036
10.77	-0.098527
10.78	-0.1147
10.79	-0.12321
10.8	-0.12699
10.81	-0.13046
10.82	-0.14656
10.83	-0.17133
10.84	-0.21408
10.85	-0.25683
10.86	-0.29488
10.87	-0.31064
10.88	-0.30555
10.89	-0.29426
10.9	-0.27941
10.91	-0.26048
10.92	-0.2423
10.93	-0.22117
10.94	-0.19662
10.95	-0.1683
10.96	-0.14959
10.97	-0.14151
10.98	-0.13519
10.99	-0.12723
11	-0.11675
11.01	-0.099802
11.02	-0.074687
11.03	-0.045131
11.04	-0.0022833
11.05	0.067183
11.06	0.10529
11.07	0.11353
11.08	0.1193
11.09	0.12653
11.1	0.12565
11.11	0.1308
11.12	0.1351
11.13	0.13727
11.14	0.13871
11.15	0.13961
11.16	0.12975
11.17	0.1208
11.18	0.1114
11.19	0.10587
11.2	0.10714
11.21	0.11467
11.22	0.1286
11.23	0.15034
11.24	0.17384
11.25	0.19054
11.26	0.19982
11.27	0.20317
11.28	0.19328
11.29	0.17625
11.3	0.16267
11.31	0.14385
11.32	0.13041
11.33	0.12699
11.34	0.12526
11.35	0.12784
11.36	0.13463
11.37	0.13862
11.38	0.13063
11.39	0.1161
11.4	0.084727
11.41	0.028085
11.42	-0.051471
11.43	-0.10098
11.44	-0.12569
11.45	-0.14752
11.46	-0.16547
11.47	-0.17657
11.48	-0.19329
11.49	-0.20539
11.5	-0.21471
11.51	-0.22371
11.52	-0.22597
11.53	-0.22147
11.54	-0.21712
11.55	-0.21233
11.56	-0.21059
11.57	-0.20834
11.58	-0.21143
11.59	-0.21833
11.6	-0.22272
11.61	-0.22493
11.62	-0.23366
11.63	-0.24603
11.64	-0.25899
11.65	-0.26811
11.66	-0.27942
11.67	-0.2878
11.68	-0.2862
11.69	-0.27873
11.7	-0.27841
11.71	-0.27433
11.72	-0.26486
11.73	-0.26249
11.74	-0.26654
11.75	-0.27027
11.76	-0.27253
11.77	-0.27607
11.78	-0.27529
11.79	-0.26797
11.8	-0.25304
11.81	-0.24058
11.82	-0.22352
11.83	-0.19493
11.84	-0.16916
11.85	-0.14923
11.86	-0.12594
11.87	-0.10176
11.88	-0.079321
11.89	-0.058625
11.9	-0.029238
11.91	0.0047994
11.92	0.040586
11.93	0.069761
11.94	0.099764
11.95	0.13209
11.96	0.1545
11.97	0.18409
11.98	0.21723
11.99	0.24407
12	0.26682
12.01	0.28763
12.02	0.30292
12.03	0.31692
12.04	0.3372
12.05	0.36634
12.06	0.39543
12.07	0.41735
12.08	0.42777
12.09	0.42715
12.1	0.42337
12.11	0.41414
12.12	0.39739
12.13	0.37956
12.14	0.36368
12.15	0.34512
12.16	0.32986
12.17	0.31591
12.18	0.30452
12.19	0.29253
12.2	0.2759
12.21	0.24966
12.22	0.21123
12.23	0.18361
12.24	0.16906
12.25	0.16031
12.26	0.15521
12.27	0.14566
12.28	0.13213
12.29	0.11871
12.3	0.10314
12.31	0.088764
12.32	0.077754
12.33	0.063472
12.34	0.048633
12.35	0.031116
12.36	0.010133
12.37	-0.013064
12.38	-0.034934
12.39	-0.052347
12.4	-0.072693
12.41	-0.095802
12.42	-0.11837
12.43	-0.1352
12.44	-0.14772
12.45	-0.16231
12.46	-0.17317
12.47	-0.17931
12.48	-0.18541
12.49	-0.19385
12.5	-0.19599
12.51	-0.19691
12.52	-0.19996
12.53	-0.20465
12.54	-0.20988
12.55	-0.2218
12.56	-0.23132
12.57	-0.24278
12.58	-0.25449
12.59	-0.26542
12.6	-0.26741
12.61	-0.26487
12.62	-0.27043
12.63	-0.2656
12.64	-0.25822
12.65	-0.25107
12.66	-0.24043
12.67	-0.22039
12.68	-0.18847
12.69	-0.11089
12.7	-0.072827
12.71	-0.061195
12.72	-0.043713
12.73	-0.038465
12.74	-0.030133
12.75	-0.025149
12.76	-0.017493
12.77	-0.0045716
12.78	0.0096956
12.79	0.030574
12.8	0.053012
12.81	0.075741
12.82	0.10023
12.83	0.12371
12.84	0.14324
12.85	0.15265
12.86	0.15534
12.87	0.15867
12.88	0.15432
12.89	0.14061
12.9	0.13389
12.91	0.11772
12.92	0.096744
12.93	0.077319
12.94	0.060784
12.95	0.051189
12.96	0.044777
12.97	0.046438
12.98	0.050415
12.99	0.048852
13	0.047317
13.01	0.040198
13.02	0.031711
13.03	0.029428
13.04	0.025462
13.05	0.023694
13.06	0.023422
13.07	0.022522
13.08	0.022731
13.09	0.027988
13.1	0.040565
13.11	0.052898
13.12	0.062358
13.13	0.072598
13.14	0.07992
13.15	0.082156
13.16	0.087591
13.17	0.094261
13.18	0.10266
13.19	0.11052
13.2	0.11426
13.21	0.11572
13.22	0.12072
13.23	0.12338
13.24	0.12561
13.25	0.13017
13.26	0.13081
13.27	0.13251
13.28	0.13193
13.29	0.1278
13.3	0.12366
13.31	0.11714
13.32	0.099391
13.33	0.081615
13.34	0.061612
13.35	0.038406
13.36	0.013584
13.37	-0.0060657
13.38	-0.021114
13.39	-0.030649
13.4	-0.033031
13.41	-0.033994
13.42	-0.039624
13.43	-0.04355
13.44	-0.045587
13.45	-0.051681
13.46	-0.061969
13.47	-0.076445
13.48	-0.087183
13.49	-0.097141
13.5	-0.10697
13.51	-0.11217
13.52	-0.1112
13.53	-0.10868
13.54	-0.10505
13.55	-0.097097
13.56	-0.09015
13.57	-0.083298
13.58	-0.081425
13.59	-0.079486
13.6	-0.083383
13.61	-0.09031
13.62	-0.097932
13.63	-0.10872
13.64	-0.12194
13.65	-0.13014
13.66	-0.1455
13.67	-0.15856
13.68	-0.17397
13.69	-0.18643
13.7	-0.19736
13.71	-0.21323
13.72	-0.2204
13.73	-0.22561
13.74	-0.22786
13.75	-0.22211
13.76	-0.21277
13.77	-0.19723
13.78	-0.17483
13.79	-0.14639
13.8	-0.11407
13.81	-0.085398
13.82	-0.067192
13.83	-0.054954
13.84	-0.044063
13.85	-0.033071
13.86	-0.025242
13.87	-0.018984
13.88	-0.01523
13.89	-0.014658
13.9	-0.011624
13.91	-0.0051612
13.92	-0.00095192
13.93	-0.00069635
13.94	0.0037269
13.95	0.0073412
13.96	0.010939
13.97	0.011547
13.98	0.012205
13.99	0.01683
14	0.022472
14.01	0.022732
14.02	0.022718
14.03	0.023189
14.04	0.022835
14.05	0.016135
14.06	0.010993
14.07	0.0061178
14.08	0.0059802
14.09	0.0073128
14.1	0.0076727
14.11	0.014744
14.12	0.024403
14.13	0.032922
14.14	0.046801
14.15	0.05956
14.16	0.060013
14.17	0.058956
14.18	0.054641
14.19	0.045501
14.2	0.03639
14.21	0.033745
14.22	0.03281
14.23	0.028551
14.24	0.030906
14.25	0.03391
14.26	0.033594
14.27	0.037694
14.28	0.045381
14.29	0.051599
14.3	0.050746
14.31	0.057417
14.32	0.06446
14.33	0.068078
14.34	0.074793
14.35	0.087601
14.36	0.10253
14.37	0.11726
14.38	0.13546
14.39	0.14725
14.4	0.15318
14.41	0.16134
14.42	0.16061
14.43	0.15505
14.44	0.14783
14.45	0.1366
14.46	0.1247
14.47	0.11212
14.48	0.098552
14.49	0.0882
14.5	0.085494
14.51	0.088821
14.52	0.092022
14.53	0.099836
14.54	0.11202
14.55	0.12141
14.56	0.12907
14.57	0.13659
14.58	0.14422
14.59	0.14785
14.6	0.14487
14.61	0.13494
14.62	0.11954
14.63	0.096578
14.64	0.071325
14.65	0.038944
14.66	0.0024125
14.67	-0.028659
14.68	-0.059228
14.69	-0.092683
14.7	-0.12201
14.71	-0.13669
14.72	-0.15063
14.73	-0.16188
14.74	-0.16654
14.75	-0.16769
14.76	-0.16323
14.77	-0.1554
14.78	-0.14344
14.79	-0.12061
14.8	-0.087927
14.81	-0.058334
14.82	-0.03526
14.83	-0.017043
14.84	-0.0052984
14.85	-0.0011016
14.86	-0.00064422
14.87	-0.000555
14.88	-0.00078509
14.89	-0.0056585
14.9	-0.010184
14.91	-0.0098204
14.92	-0.0093562
14.93	-0.0064682
14.94	-0.0044996
14.95	-0.0045837
14.96	-0.007897
14.97	-0.014021
14.98	-0.019468
14.99	-0.030616
15	-0.035819
15.01	-0.035338
15.02	-0.034007
15.03	-0.031858
15.04	-0.021785
15.05	-0.012837
15.06	0.0020934
15.07	0.017587
15.08	0.031124
15.09	0.040952
15.1	0.052348
15.11	0.061019
15.12	0.066937
15.13	0.066653
15.14	0.060015
15.15	0.047191
15.16	0.038233
15.17	0.0279
15.18	0.016148
15.19	0.0095564
15.2	0.0038686
15.21	0.00096911
15.22	0.0043564
15.23	0.0073814
15.24	0.015713
15.25	0.027396
15.26	0.037222
15.27	0.047211
15.28	0.052973
15.29	0.055907
15.3	0.053186
15.31	0.045873
15.32	0.038651
15.33	0.028391
15.34	0.011342
15.35	-0.0018582
15.36	-0.014648
15.37	-0.031719
15.38	-0.044922
15.39	-0.050953
15.4	-0.05543
15.41	-0.062496
15.42	-0.072105
15.43	-0.081691
15.44	-0.08742
15.45	-0.098141
15.46	-0.11609
15.47	-0.13049
15.48	-0.14036
15.49	-0.14821
15.5	-0.15111
15.51	-0.14591
15.52	-0.13859
15.53	-0.12979
15.54	-0.11142
15.55	-0.094163
15.56	-0.075456
15.57	-0.053541
15.58	-0.038382
15.59	-0.014481
15.6	0.001704
15.61	0.012549
15.62	0.021826
15.63	0.022473
15.64	0.022607
15.65	0.021649
15.66	0.01522
15.67	0.0055193
15.68	0.0010794
15.69	0.0038567
15.7	0.010098
15.71	0.021871
15.72	0.034223
15.73	0.041999
15.74	0.053963
15.75	0.061339
15.76	0.070721
15.77	0.073813
15.78	0.080775
15.79	0.090906
15.8	0.10207
15.81	0.11052
15.82	0.11265
15.83	0.10837
15.84	0.10067
15.85	0.087239
15.86	0.075385
15.87	0.065986
15.88	0.055071
15.89	0.047165
15.9	0.045018
15.91	0.043969
15.92	0.041901
15.93	0.040563
15.94	0.032435
15.95	0.021973
15.96	0.0063023
15.97	-0.011785
15.98	-0.025009
15.99	-0.039155
16	-0.05186
16.01	-0.062312
16.02	-0.068278
16.03	-0.067035
16.04	-0.065198
16.05	-0.067305
16.06	-0.062384
16.07	-0.05581
16.08	-0.05052
16.09	-0.043369
16.1	-0.038943
16.11	-0.032325
16.12	-0.02505
16.13	-0.013093
16.14	-0.0035988
16.15	0.0074363
16.16	0.018105
16.17	0.026854
16.18	0.035676
16.19	0.03774
16.2	0.039352
16.21	0.044592
16.22	0.055028
16.23	0.064387
16.24	0.067397
16.25	0.069945
16.26	0.06992
16.27	0.062426
16.28	0.06065
16.29	0.055055
16.3	0.048777
16.31	0.044892
16.32	0.040831
16.33	0.036177
16.34	0.033411
16.35	0.030365
16.36	0.022756
16.37	0.015996
16.38	0.010629
16.39	0.0031802
16.4	-0.0049388
16.41	-0.010358
16.42	-0.016306
16.43	-0.021944
16.44	-0.030181
16.45	-0.04204
16.46	-0.055487
16.47	-0.070422
16.48	-0.088725
16.49	-0.10081
16.5	-0.10812
16.51	-0.1126
16.52	-0.10797
16.53	-0.096677
16.54	-0.085653
16.55	-0.069769
16.56	-0.051021
16.57	-0.032238
16.58	-0.011916
16.59	0.0023782
16.6	0.01676
16.61	0.025086
16.62	0.03712
16.63	0.049754
16.64	0.059167
16.65	0.068947
16.66	0.078746
16.67	0.08396
16.68	0.083506
16.69	0.085633
16.7	0.088646
16.71	0.085937
16.72	0.085993
16.73	0.082987
16.74	0.078212
16.75	0.075271
16.76	0.069454
16.77	0.067159
16.78	0.06532
16.79	0.066625
16.8	0.066968
16.81	0.068045
16.82	0.06629
16.83	0.063614
16.84	0.061666
16.85	0.060015
16.86	0.05515
16.87	0.04651
16.88	0.04112
16.89	0.037372
16.9	0.024491
16.91	0.0084709
16.92	-0.006586
16.93	-0.023608
16.94	-0.045854
16.95	-0.061217
16.96	-0.071025
16.97	-0.086267
16.98	-0.094218
16.99	-0.10081
17	-0.10291
17.01	-0.10035
17.02	-0.098404
17.03	-0.09322
17.04	-0.081942
17.05	-0.074822
17.06	-0.064391
17.07	-0.055826
17.08	-0.04907
17.09	-0.044453
17.1	-0.046764
17.11	-0.054781
17.12	-0.062301
17.13	-0.073942
17.14	-0.089467
17.15	-0.10411
17.16	-0.11256
17.17	-0.12006
17.18	-0.11904
17.19	-0.11558
17.2	-0.11304
17.21	-0.10984
17.22	-0.099545
17.23	-0.088225
17.24	-0.077792
17.25	-0.067025
17.26	-0.053399
17.27	-0.040577
17.28	-0.0373
17.29	-0.036629
17.3	-0.034601
17.31	-0.033114
17.32	-0.032083
17.33	-0.02986
17.34	-0.021118
17.35	-0.0101
17.36	0.0039839
17.37	0.016227
17.38	0.026737
17.39	0.03853
17.4	0.046846
17.41	0.047148
17.42	0.045652
17.43	0.042505
17.44	0.031753
17.45	0.020151
17.46	0.0094379
17.47	0.0065349
17.48	0.00077893
17.49	-0.0013881
17.5	0.0026448
17.51	0.010573
17.52	0.018738
17.53	0.026872
17.54	0.032083
17.55	0.036909
17.56	0.038124
17.57	0.037255
17.58	0.034996
17.59	0.030916
17.6	0.030345
17.61	0.029696
17.62	0.025785
17.63	0.022551
17.64	0.019214
17.65	0.018367
17.66	0.012368
17.67	0.00063227
17.68	-0.0021235
17.69	-0.0045986
17.7	-0.002821
17.71	0.0028283
17.72	0.011996
17.73	0.023557
17.74	0.031842
17.75	0.033976
17.76	0.036204
17.77	0.036027
17.78	0.035023
17.79	0.034387
17.8	0.033584
17.81	0.032965
17.82	0.032214
17.83	0.031546
17.84	0.030636
17.85	0.029558
17.86	0.032061
17.87	0.038039
17.88	0.037299
17.89	0.039089
17.9	0.04364
17.91	0.045643
17.92	0.050876
17.93	0.053277
17.94	0.051117
17.95	0.047303
17.96	0.042242
17.97	0.034115
17.98	0.022655
17.99	0.012505
18	0.0065046
18.01	-0.0022686
18.02	-0.0065756
18.03	-0.0090577
18.04	-0.0084917
18.05	-0.0021744
18.06	9.4226e-05
18.07	0.002801
18.08	0.0039759
18.09	0.0040743
18.1	-0.00060092
18.11	-0.006418
18.12	-0.0058415
18.13	-0.0048478
18.14	-0.00031015
18.15	0.012084
18.16	0.02605
18.17	0.038893
18.18	0.051536
18.19	0.060396
18.2	0.066125
18.21	0.071598
18.22	0.073036
18.23	0.073182
18.24	0.071215
18.25	0.064476
18.26	0.055516
18.27	0.04327
18.28	0.030555
18.29	0.015093
18.3	-0.002675
18.31	-0.015681
18.32	-0.026275
18.33	-0.03766
18.34	-0.050927
18.35	-0.066936
18.36	-0.078826
18.37	-0.08659
18.38	-0.093136
18.39	-0.097681
18.4	-0.098619
18.41	-0.09534
18.42	-0.09037
18.43	-0.083291
18.44	-0.068169
18.45	-0.052185
18.46	-0.040275
18.47	-0.028358
18.48	-0.012879
18.49	-0.003368
18.5	0.0035079
18.51	0.0036621
18.52	0.0066145
18.53	0.0094994
18.54	0.012544
18.55	0.012984
18.56	0.013729
18.57	0.016732
18.58	0.016373
18.59	0.015524
18.6	0.015419
18.61	0.014514
18.62	0.014282
18.63	0.013632
18.64	0.016442
18.65	0.019098
18.66	0.024701
18.67	0.027155
18.68	0.032622
18.69	0.043757
18.7	0.05349
18.71	0.063298
18.72	0.075878
18.73	0.085827
18.74	0.096151
18.75	0.10806
18.76	0.11591
18.77	0.12381
18.78	0.1307
18.79	0.13277
18.8	0.13475
18.81	0.12901
18.82	0.1159
18.83	0.10242
18.84	0.079828
18.85	0.058682
18.86	0.042125
18.87	0.029053
18.88	0.015677
18.89	0.0029766
18.9	-0.0080013
18.91	-0.016446
18.92	-0.025925
18.93	-0.031994
18.94	-0.041109
18.95	-0.052455
18.96	-0.063528
18.97	-0.071585
18.98	-0.079056
18.99	-0.086094
19	-0.092799
19.01	-0.095843
19.02	-0.10017
19.03	-0.10211
19.04	-0.10217
19.05	-0.10014
19.06	-0.09428
19.07	-0.091344
19.08	-0.089962
19.09	-0.087799
19.1	-0.088543
19.11	-0.089512
19.12	-0.091826
19.13	-0.099434
19.14	-0.10499
19.15	-0.1131
19.16	-0.12179
19.17	-0.12615
19.18	-0.12548
19.19	-0.12858
19.2	-0.12021
19.21	-0.10485
19.22	-0.085487
19.23	-0.057545
19.24	-0.033442
19.25	-0.014937
19.26	-0.00079172
19.27	0.0058405
19.28	0.008255
19.29	0.0048341
19.3	-0.0017289
19.31	-0.0093737
19.32	-0.01012
19.33	-0.013441
19.34	-0.019291
19.35	-0.011241
19.36	-0.0066818
19.37	-0.0015484
19.38	0.0059165
19.39	0.011253
19.4	0.022161
19.41	0.029526
19.42	0.034059
19.43	0.03739
19.44	0.040906
19.45	0.045841
19.46	0.044691
19.47	0.043888
19.48	0.046606
19.49	0.046497
19.5	0.044457
19.51	0.043823
19.52	0.039444
19.53	0.036346
19.54	0.035894
19.55	0.03486
19.56	0.033577
19.57	0.032736
19.58	0.031306
19.59	0.026955
19.6	0.02354
19.61	0.020333
19.62	0.01901
19.63	0.015509
19.64	0.009763
19.65	0.015955
19.66	0.017736
19.67	0.017805
19.68	0.02292
19.69	0.024507
19.7	0.024728
19.71	0.028582
19.72	0.023243
19.73	0.015754
19.74	0.010775
19.75	0.00674
19.76	0.0014897
19.77	-0.0027456
19.78	-0.0090084
19.79	-0.012676
19.8	-0.017277
19.81	-0.019375
19.82	-0.018144
19.83	-0.018581
19.84	-0.017994
19.85	-0.023349
19.86	-0.027732
19.87	-0.027767
19.88	-0.033921
19.89	-0.035816
19.9	-0.033516
19.91	-0.033124
19.92	-0.025842
19.93	-0.021852
19.94	-0.022751
19.95	-0.020185
19.96	-0.013599
19.97	-0.010577
19.98	-0.010941
19.99	-0.0058232
20	-0.0016043
20.01	0.0031499
20.02	0.0083627
20.03	0.014761
20.04	0.017444
20.05	0.018557
20.06	0.025176
20.07	0.025582
20.08	0.021044
20.09	0.018379
20.1	0.017437
20.11	0.014802
20.12	0.016684
20.13	0.017031
20.14	0.01563
20.15	0.014869
20.16	0.0099146
20.17	0.0040373
20.18	-0.0042808
20.19	-0.010157
20.2	-0.016335
20.21	-0.019955
20.22	-0.025176
20.23	-0.032361
20.24	-0.034201
20.25	-0.039064
20.26	-0.044709
20.27	-0.051611
20.28	-0.054753
20.29	-0.0615
20.3	-0.066414
20.31	-0.06647
20.32	-0.06865
20.33	-0.072411
20.34	-0.070485
20.35	-0.068577
20.36	-0.063976
20.37	-0.063222
20.38	-0.063417
20.39	-0.062013
20.4	-0.065406
20.41	-0.06744
20.42	-0.064978
20.43	-0.06933
20.44	-0.071091
20.45	-0.067578
20.46	-0.065843
20.47	-0.06368
20.48	-0.064745
20.49	-0.068032
20.5	-0.067374
20.51	-0.065409
20.52	-0.067284
20.53	-0.064597
20.54	-0.064846
20.55	-0.058629
20.56	-0.052111
20.57	-0.044659
20.58	-0.035131
20.59	-0.028897
20.6	-0.013195
20.61	0.0021662
20.62	0.016808
20.63	0.030454
20.64	0.045933
20.65	0.063581
20.66	0.072609
20.67	0.079986
20.68	0.087412
20.69	0.0935
20.7	0.096208
20.71	0.10039
20.72	0.09932
20.73	0.096723
20.74	0.095428
20.75	0.09333
20.76	0.091224
20.77	0.089165
20.78	0.087591
20.79	0.08558
20.8	0.083942
20.81	0.081604
20.82	0.080167
20.83	0.078098
20.84	0.081891
20.85	0.084859
20.86	0.083012
20.87	0.087537
20.88	0.091417
20.89	0.094623
20.9	0.095743
20.91	0.098122
20.92	0.10185
20.93	0.10531
20.94	0.11057
20.95	0.10876
20.96	0.10516
20.97	0.10257
20.98	0.10011
20.99	0.096982
21	0.095824
21.01	0.094459
21.02	0.088793
21.03	0.085865
21.04	0.080092
21.05	0.072313
21.06	0.066714
21.07	0.058415
21.08	0.050593
21.09	0.043787
21.1	0.035095
21.11	0.022246
21.12	0.013766
21.13	0.0028254
21.14	-0.0073325
21.15	-0.016013
21.16	-0.027356
21.17	-0.034413
21.18	-0.040124
21.19	-0.050362
21.2	-0.061559
21.21	-0.068424
21.22	-0.075853
21.23	-0.081148
21.24	-0.082308
21.25	-0.087169
21.26	-0.086426
21.27	-0.083733
21.28	-0.082252
21.29	-0.075523
21.3	-0.064526
21.31	-0.054881
21.32	-0.04371
21.33	-0.028979
21.34	-0.018203
21.35	-0.012819
21.36	-0.0078566
21.37	-0.0083799
21.38	-0.012018
21.39	-0.014258
21.4	-0.019804
21.41	-0.025802
21.42	-0.033521
21.43	-0.034161
21.44	-0.032843
21.45	-0.03009
21.46	-0.023703
21.47	-0.021615
21.48	-0.020814
21.49	-0.01649
21.5	-0.015816
21.51	-0.013054
21.52	-0.0098526
21.53	-0.0060569
21.54	-0.0015599
21.55	0.0020903
21.56	0.010288
21.57	0.016307
21.58	0.017734
21.59	0.02429
21.6	0.031713
21.61	0.034045
21.62	0.033304
21.63	0.032165
21.64	0.03167
21.65	0.030373
21.66	0.029932
21.67	0.025612
21.68	0.018056
21.69	0.016726
21.7	0.017013
21.71	0.016221
21.72	0.020464
21.73	0.025472
21.74	0.027708
21.75	0.027364
21.76	0.02883
21.77	0.0293
21.78	0.029095
21.79	0.023716
21.8	0.01697
21.81	0.010701
21.82	0.0020182
21.83	-0.0073425
21.84	-0.015932
21.85	-0.022671
21.86	-0.027658
21.87	-0.035473
21.88	-0.040183
21.89	-0.041249
21.9	-0.045502
21.91	-0.048912
21.92	-0.049783
21.93	-0.051417
21.94	-0.050308
21.95	-0.048602
21.96	-0.043772
21.97	-0.042709
21.98	-0.03725
21.99	-0.030678
22	-0.030889
22.01	-0.028631
22.02	-0.020619
22.03	-0.018406
22.04	-0.019627
22.05	-0.013011
22.06	-0.0079787
22.07	-0.0092296
22.08	-0.0063465
22.09	0.00081526
22.1	0.0059374
22.11	0.01038
22.12	0.010893
22.13	0.017175
22.14	0.018718
22.15	0.011036
22.16	0.0080678
22.17	0.0024632
22.18	-0.0029477
22.19	-0.010273
22.2	-0.017762
22.21	-0.02009
22.22	-0.024738
22.23	-0.0297
22.24	-0.032282
22.25	-0.032593
22.26	-0.034743
22.27	-0.040398
22.28	-0.042636
22.29	-0.043522
22.3	-0.046166
22.31	-0.046774
22.32	-0.044934
22.33	-0.045534
22.34	-0.047425
22.35	-0.046467
22.36	-0.051935
22.37	-0.053902
22.38	-0.052221
22.39	-0.05666
22.4	-0.058292
22.41	-0.056261
22.42	-0.053706
22.43	-0.046795
22.44	-0.035386
22.45	-0.029081
22.46	-0.020336
22.47	-0.011192
22.48	-0.0055613
22.49	-0.0045142
22.5	-0.0022622
22.51	0.0016349
22.52	0.0023488
22.53	0.0086697
22.54	0.017385
22.55	0.02012
22.56	0.022412
22.57	0.027131
22.58	0.036248
22.59	0.039907
22.6	0.04529
22.61	0.04934
22.62	0.056565
22.63	0.061637
22.64	0.068565
22.65	0.077993
22.66	0.083053
22.67	0.084548
22.68	0.085444
22.69	0.086325
22.7	0.08447
22.71	0.081676
22.72	0.080202
22.73	0.076305
22.74	0.069492
22.75	0.061413
22.76	0.057517
22.77	0.049169
22.78	0.042743
22.79	0.032193
22.8	0.016667
22.81	0.0021317
22.82	-0.0089644
22.83	-0.020998
22.84	-0.035426
22.85	-0.047122
22.86	-0.051709
22.87	-0.054044
22.88	-0.05874
22.89	-0.063594
22.9	-0.065313
22.91	-0.068511
22.92	-0.072616
22.93	-0.073938
22.94	-0.076904
22.95	-0.077035
22.96	-0.07824
22.97	-0.076471
22.98	-0.073948
22.99	-0.068527
23	-0.064025
23.01	-0.05775
23.02	-0.050048
23.03	-0.039861
23.04	-0.027155
23.05	-0.015944
23.06	-0.009006
23.07	-0.0013517
23.08	0.0083053
23.09	0.016756
23.1	0.020768
23.11	0.021387
23.12	0.028617
23.13	0.029689
23.14	0.028337
23.15	0.028314
23.16	0.028006
23.17	0.028567
23.18	0.031226
23.19	0.033484
23.2	0.03554
23.21	0.038463
23.22	0.042377
23.23	0.044939
23.24	0.05061
23.25	0.052569
23.26	0.05647
23.27	0.057779
23.28	0.060358
23.29	0.063796
23.3	0.062151
23.31	0.060359
23.32	0.055904
23.33	0.051757
23.34	0.047721
23.35	0.043484
23.36	0.039724
23.37	0.038002
23.38	0.03768
23.39	0.03492
23.4	0.031548
23.41	0.025222
23.42	0.019327
23.43	0.012193
23.44	0.0072969
23.45	-0.00067137
23.46	-0.0077847
23.47	-0.011155
23.48	-0.013344
23.49	-0.019199
23.5	-0.020873
23.51	-0.023787
23.52	-0.023847
23.53	-0.025734
23.54	-0.024999
23.55	-0.022044
23.56	-0.02166
23.57	-0.021611
23.58	-0.020687
23.59	-0.020421
23.6	-0.016623
23.61	-0.013664
23.62	-0.010032
23.63	-0.0094034
23.64	-0.0071848
23.65	-0.0039547
23.66	-0.00026282
23.67	0.0045637
23.68	0.0082076
23.69	0.013733
23.7	0.019405
23.71	0.023631
23.72	0.029807
23.73	0.03189
23.74	0.032782
23.75	0.038956
23.76	0.039009
23.77	0.036887
23.78	0.035946
23.79	0.031202
23.8	0.027799
23.81	0.024311
23.82	0.023208
23.83	0.022426
23.84	0.021199
23.85	0.020786
23.86	0.018395
23.87	0.014521
23.88	0.011019
23.89	0.0081857
23.9	0.0081508
23.91	0.0074941
23.92	0.0085468
23.93	0.013364
23.94	0.016217
23.95	0.015242
23.96	0.021725
23.97	0.023653
23.98	0.021939
23.99	0.018748
24	0.015604
24.01	0.015054
24.02	0.014667
24.03	0.013365
24.04	0.014815
24.05	0.017099
24.06	0.016491
24.07	0.015213
24.08	0.014419
24.09	0.0079569
24.1	0.0042568
24.11	-0.0015915
24.12	-0.010159
24.13	-0.019367
24.14	-0.026756
24.15	-0.037573
24.16	-0.043925
24.17	-0.048167
24.18	-0.052148
24.19	-0.051364
24.2	-0.055439
24.21	-0.057276
24.22	-0.052392
24.23	-0.050987
24.24	-0.047377
24.25	-0.044254
24.26	-0.043906
24.27	-0.040869
24.28	-0.03678
24.29	-0.03636
24.3	-0.03601
24.31	-0.03402
24.32	-0.029465
24.33	-0.028351
24.34	-0.025719
24.35	-0.022088
24.36	-0.022052
24.37	-0.021358
24.38	-0.022301
24.39	-0.025105
24.4	-0.024842
24.41	-0.023751
24.42	-0.023542
24.43	-0.021807
24.44	-0.016179
24.45	-0.01236
24.46	-0.012668
24.47	-0.01208
24.48	-0.011579
24.49	-0.011109
24.5	-0.011262
24.51	-0.010588
24.52	-0.010145
24.53	-0.0031884
24.54	0.0012436
24.55	0.0042333
24.56	0.010885
24.57	0.013642
24.58	0.016076
24.59	0.017732
24.6	0.015957
24.61	0.01221
24.62	0.009669
24.63	0.0065988
24.64	0.006283
24.65	0.0022664
24.66	0.00068716
24.67	0.001049
24.68	0.0033321
24.69	0.0059118
24.7	0.0053736
24.71	0.0057505
24.72	0.010947
24.73	0.014549
24.74	0.016368
24.75	0.02139
24.76	0.022694
24.77	0.02245
24.78	0.025616
24.79	0.025538
24.8	0.024233
24.81	0.023657
24.82	0.023101
24.83	0.022493
24.84	0.020333
24.85	0.016313
24.86	0.01305
24.87	0.0068028
24.88	0.0043797
24.89	-0.00017553
24.9	-0.0046756
24.91	-0.0075331
24.92	-0.0098661
24.93	-0.0096821
24.94	-0.0093506
24.95	-0.0096862
24.96	-0.0092734
24.97	-0.011781
24.98	-0.014222
24.99	-0.016931
25	-0.019134
25.01	-0.022114
25.02	-0.022327
25.03	-0.021325
25.04	-0.021144
25.05	-0.02078
25.06	-0.019342
25.07	-0.015404
25.08	-0.014559
25.09	-0.014556
25.1	-0.010589
25.11	-0.0079573
25.12	-0.003608
25.13	0.00078663
25.14	0.0030819
25.15	0.0084759
25.16	0.01048
25.17	0.013096
25.18	0.015584
25.19	0.018137
25.2	0.015343
25.21	0.0085079
25.22	0.0073497
25.23	0.0051089
25.24	-0.0019767
25.25	-0.0054109
25.26	-0.0072012
25.27	-0.0076939
25.28	-0.0075088
25.29	-0.0063301
25.3	-0.0023716
25.31	-0.0025512
25.32	-0.0027051
25.33	-0.0021131
25.34	0.0019654
25.35	0.0023375
25.36	0.0040011
25.37	0.0065851
25.38	0.0065885
25.39	0.0064091
25.4	0.010762
25.41	0.0087754
25.42	0.0047559
25.43	-0.0012689
25.44	-0.0060452
25.45	-0.012119
25.46	-0.01544
25.47	-0.020218
25.48	-0.023319
25.49	-0.022221
25.5	-0.021675
25.51	-0.021683
25.52	-0.019073
25.53	-0.017896
25.54	-0.020375
25.55	-0.020107
25.56	-0.022646
25.57	-0.023509
25.58	-0.022184
25.59	-0.024724
25.6	-0.026409
25.61	-0.025215
25.62	-0.024472
25.63	-0.024247
25.64	-0.020797
25.65	-0.014318
25.66	-0.0083637
25.67	-0.0017902
25.68	0.0060971
25.69	0.0089189
25.7	0.01402
25.71	0.01648
25.72	0.014438
25.73	0.011144
25.74	0.008422
25.75	0.0056846
25.76	0.0053741
25.77	0.0053357
25.78	0.0038642
25.79	0.00029067
25.8	-7.7466e-05
25.81	0.0006849
25.82	0.0035306
25.83	0.0052364
25.84	0.0057705
25.85	0.011441
25.86	0.014487
25.87	0.013558
25.88	0.013242
25.89	0.013288
25.9	0.013142
25.91	0.012572
25.92	0.014945
25.93	0.017232
25.94	0.019683
25.95	0.023099
25.96	0.028989
25.97	0.031264
25.98	0.035104
25.99	0.034145
26	0.034018
26.01	0.037045
26.02	0.038269
26.03	0.037585
26.04	0.035792
26.05	0.035793
26.06	0.033011
26.07	0.027538
26.08	0.01996
26.09	0.017309
26.1	0.010055
26.11	0.0033391
26.12	-0.00041583
26.13	-0.0070626
26.14	-0.013622
26.15	-0.012721
26.16	-0.015545
26.17	-0.013192
26.18	-0.012102
26.19	-0.0099498
26.2	-0.0040889
26.21	0.0014882
26.22	0.0022655
26.23	0.0017735
26.24	0.0018098
26.25	0.0019903
26.26	0.0015278
26.27	0.0016236
26.28	-3.2644e-05
26.29	-0.004979
26.3	-0.011222
26.31	-0.013092
26.32	-0.01629
26.33	-0.018432
26.34	-0.022943
26.35	-0.026246
26.36	-0.028339
26.37	-0.030116
26.38	-0.032833
26.39	-0.033786
26.4	-0.03257
26.41	-0.031829
26.42	-0.031205
26.43	-0.033097
26.44	-0.038158
26.45	-0.038653
26.46	-0.035988
26.47	-0.031694
26.48	-0.030542
26.49	-0.030222
26.5	-0.025759
26.51	-0.019478
26.52	-0.017955
26.53	-0.01676
26.54	-0.010528
26.55	-0.0068683
26.56	-0.0042001
26.57	-0.0017759
26.58	-0.0019414
26.59	-0.0016633
26.6	-0.0017242
26.61	0.0010118
26.62	0.0038327
26.63	0.0036048
26.64	0.0040677
26.65	0.0090168
26.66	0.014415
26.67	0.019672
26.68	0.02192
26.69	0.021556
26.7	0.023369
26.71	0.022866
26.72	0.021828
26.73	0.020187
26.74	0.014174
26.75	0.010674
26.76	0.010784
26.77	0.0068022
26.78	0.0047225
26.79	0.003527
26.8	0.0040109
26.81	0.0097011
26.82	0.0092366
26.83	0.0084538
26.84	0.0085778
26.85	0.0083385
26.86	0.011585
26.87	0.017526
26.88	0.016569
26.89	0.019365
26.9	0.021601
26.91	0.024157
26.92	0.025597
26.93	0.030425
26.94	0.032368
26.95	0.033696
26.96	0.030819
26.97	0.028383
26.98	0.028253
26.99	0.027193
27	0.023129
27.01	0.016135
27.02	0.011176
27.03	0.0087044
27.04	0.0033387
27.05	-0.0031754
27.06	-0.0055748
27.07	-0.0063219
27.08	-0.013714
27.09	-0.015412
27.1	-0.018294
27.11	-0.024895
27.12	-0.024166
27.13	-0.027285
27.14	-0.031989
27.15	-0.031971
27.16	-0.03033
27.17	-0.030199
27.18	-0.026099
27.19	-0.023572
27.2	-0.022593
27.21	-0.01545
27.22	-0.0077994
27.23	-0.0056586
27.24	-0.00020151
27.25	0.0016979
27.26	0.0020182
27.27	0.006991
27.28	0.010794
27.29	0.0071429
27.3	0.0047134
27.31	0.0042649
27.32	0.0010537
27.33	-0.00077173
27.34	0.00040229
27.35	-0.0057848
27.36	-0.01019
27.37	-0.012503
27.38	-0.0146
27.39	-0.017511
27.4	-0.016954
27.41	-0.019249
27.42	-0.019926
27.43	-0.015873
27.44	-0.012794
27.45	-0.0099947
27.46	-0.0063768
27.47	-0.00045566
27.48	0.0040382
27.49	0.0054609
27.5	0.010161
27.51	0.015466
27.52	0.017315
27.53	0.020628
27.54	0.026945
27.55	0.025782
27.56	0.0266
27.57	0.026413
27.58	0.024574
27.59	0.020878
27.6	0.017425
27.61	0.014822
27.62	0.0089908
27.63	0.0041662
27.64	0.0031901
27.65	-0.0030453
27.66	-0.0064149
27.67	-0.01028
27.68	-0.012715
27.69	-0.011672
27.7	-0.010811
27.71	-0.0077438
27.72	-0.0054191
27.73	-0.0026986
27.74	-0.0027849
27.75	-0.003312
27.76	-0.0060349
27.77	-0.0078399
27.78	-0.0097964
27.79	-0.009347
27.8	-0.006501
27.81	-0.0039967
27.82	-0.0017177
27.83	0.0025773
27.84	0.0068021
27.85	0.0093633
27.86	0.013427
27.87	0.016553
27.88	0.01748
27.89	0.0177
27.9	0.012554
27.91	0.010013
27.92	0.0069435
27.93	0.0015216
27.94	-0.0012734
27.95	-0.0032131
27.96	-0.0072888
27.97	-0.0088764
27.98	-0.0070084
27.99	-0.0046729
28	-0.0022079
28.01	-0.00057745
28.02	0.0041634
28.03	0.0071594
28.04	0.0085899
28.05	0.010189
28.06	0.011788
28.07	0.011323
28.08	0.010349
28.09	0.0096186
28.1	0.0065145
28.11	0.0061251
28.12	0.0023071
28.13	-0.0017807
28.14	-0.0015524
28.15	-0.0037781
28.16	-0.0045597
28.17	-0.0055197
28.18	-0.0074751
28.19	-0.0069191
28.2	-0.0067536
28.21	-0.0063261
28.22	-0.0088129
28.23	-0.010612
28.24	-0.0083131
28.25	-0.0077267
28.26	-0.0052589
28.27	-0.0055237
28.28	-0.0060545
28.29	-0.0069736
28.3	-0.0095237
28.31	-0.008603
28.32	-0.0081618
28.33	-0.0076096
28.34	-0.0074021
28.35	-0.0052853
28.36	-0.0034079
28.37	0.00086202
28.38	0.0051836
28.39	0.0066379
28.4	0.0087518
28.41	0.012977
28.42	0.015371
28.43	0.017179
28.44	0.019948
28.45	0.022736
28.46	0.022881
28.47	0.022708
28.48	0.021696
28.49	0.020213
28.5	0.019041
28.51	0.017681
28.52	0.016543
28.53	0.015256
28.54	0.014142
28.55	0.012886
28.56	0.011928
28.57	0.010616
28.58	0.011253
28.59	0.012744
28.6	0.010069
28.61	0.0065108
28.62	0.0048885
28.63	0.0029282
28.64	7.1623e-05
28.65	-0.0037531
28.66	-0.0062547
28.67	-0.0084221
28.68	-0.010718
28.69	-0.012617
28.7	-0.014405
28.71	-0.014904
28.72	-0.014277
28.73	-0.013899
28.74	-0.013458
28.75	-0.012973
28.76	-0.011684
28.77	-0.0095304
28.78	-0.0076209
28.79	-0.0067485
28.8	-0.004597
28.81	-0.0032597
28.82	-0.0012274
28.83	-0.00055443
28.84	-0.00030562
28.85	-0.00024738
28.86	-0.0017094
28.87	-0.0025236
28.88	-0.0046176
28.89	-0.0074756
28.9	-0.0097909
28.91	-0.010226
28.92	-0.011909
28.93	-0.013525
28.94	-0.013745
28.95	-0.014016
28.96	-0.014243
28.97	-0.014327
28.98	-0.014275
28.99	-0.013745
29	-0.012606
29.01	-0.012136
29.02	-0.01195
29.03	-0.010823
29.04	-0.01022
29.05	-0.010096
29.06	-0.008458
29.07	-0.0069809
29.08	-0.0055969
29.09	-0.0041671
29.1	-0.0031398
29.11	-0.0018123
29.12	-0.00054888
29.13	0.00054472
29.14	0.0014633
29.15	0.00245
29.16	0.0033849
29.17	0.0034967
29.18	0.0041127
29.19	0.0048729
29.2	0.0051039
29.21	0.0051425
29.22	0.0055424
29.23	0.005807
29.24	0.0055073
29.25	0.0054939
29.26	0.0053574
29.27	0.0051364
29.28	0.0050553
29.29	0.0046468
29.3	0.0042658
29.31	0.0040626
29.32	0.0038679
29.33	0.0035499
29.34	0.0033271
29.35	0.003154
29.36	0.0028919
29.37	0.0027525
29.38	0.0025536
29.39	0.0023191
29.4	0.002123
29.41	0.0019669
29.42	0.0018719
29.43	0.001782
29.44	0.0016871
29.45	0.0016408
29.46	0.0015994
29.47	0.0015029
29.48	0.0014578
29.49	0.0013863
29.5	0.001272
29.51	0.0011785
29.52	0.0010837
29.53	0.00099619
29.54	0.00090515
29.55	0.00083779
29.56	0.00078251
29.57	0.00070341
29.58	0.00063904
29.59	0.00059722
29.6	0.000525
29.61	0.0004596
29.62	0.00039422
29.63	0.00032142
29.64	0.00025077
29.65	0.00019458
29.66	0.00013108
29.67	7.5909e-05
29.68	2.397e-05
29.69	-2.1626e-05
29.7	-6.5039e-05
29.71	-0.00010321
29.72	-0.00014008
29.73	-0.0001673
29.74	-0.00019553
29.75	-0.00021767
29.76	-0.00023487
29.77	-0.0002519
29.78	-0.00026654
29.79	-0.00027591
29.8	-0.00028402
29.81	-0.0002903
29.82	-0.00029471
29.83	-0.00029642
29.84	-0.00029661
29.85	-0.00029452
29.86	-0.00029081
29.87	-0.00028525
29.88	-0.00027847
29.89	-0.00026993
29.9	-0.0002601
29.91	-0.00024887
29.92	-0.00023651
29.93	-0.00022288
29.94	-0.0002082
29.95	-0.00019247
29.96	-0.00017581
29.97	-0.00015825
29.98	-0.00013988
