0	4.1803e-06
0.005	8.572e-06
0.01	3.8112e-06
0.015	8.3866e-06
0.02	6.0078e-06
0.025	1.3707e-05
0.03	1.2465e-05
0.035	2.2345e-05
0.04	2.6123e-05
0.045	4.2351e-05
0.05	5.272e-05
0.055	5.1361e-05
0.06	9.3601e-07
0.065	-6.2496e-05
0.07	-0.0001249
0.075	-0.00014351
0.08	-0.0001366
0.085	-8.4768e-05
0.09	-6.1257e-05
0.095	-6.4192e-05
0.1	-9.5169e-05
0.105	-0.00012314
0.11	-0.00017806
0.115	-0.00015485
0.12	-3.0446e-05
0.125	0.00013503
0.13	0.00023666
0.135	0.00022646
0.14	6.0555e-05
0.145	-0.00012352
0.15	-0.00027945
0.155	-0.00036376
0.16	-0.00029452
0.165	-3.2805e-05
0.17	0.00020649
0.175	0.00034688
0.18	0.00040046
0.185	0.00043004
0.19	0.00041566
0.195	0.00031126
0.2	4.7452e-05
0.205	-0.00029558
0.21	-0.00040629
0.215	-0.00015696
0.22	0.00010032
0.225	4.0358e-05
0.23	-0.00039962
0.235	-0.00091976
0.24	-0.0011572
0.245	-0.0010453
0.25	-0.00078282
0.255	-0.00019728
0.26	0.00056747
0.265	0.0011025
0.27	0.0011146
0.275	0.00073375
0.28	0.00018432
0.285	-0.00038277
0.29	-0.00040054
0.295	0.00012013
0.3	0.00059482
0.305	0.00081286
0.31	0.00048702
0.315	-0.00018474
0.32	-0.00091231
0.325	-0.0012253
0.33	-0.0011362
0.335	-0.0010571
0.34	-0.0013175
0.345	-0.0015672
0.35	-0.0021515
0.355	-0.0028584
0.36	-0.0031174
0.365	-0.0026348
0.37	-0.0014333
0.375	9.9812e-05
0.38	0.0013955
0.385	0.0017275
0.39	0.0013483
0.395	0.00072112
0.4	-0.0003896
0.405	-0.0019249
0.41	-0.0029473
0.415	-0.0030035
0.42	-0.0024761
0.425	-0.0022419
0.43	-0.0021957
0.435	-0.0016945
0.44	-0.0010481
0.445	-0.00019471
0.45	0.00061
0.455	0.00076895
0.46	-0.00016707
0.465	-0.0019458
0.47	-0.0033118
0.475	-0.0029464
0.48	-0.0016305
0.485	-0.0011619
0.49	-0.0015224
0.495	-0.001062
0.5	0.00033333
0.505	0.0013253
0.51	0.00034701
0.515	-0.0024588
0.52	-0.0051477
0.525	-0.0063881
0.53	-0.0053805
0.535	-0.0030753
0.54	-0.0015739
0.545	-0.0015386
0.55	-0.0032098
0.555	-0.0056177
0.56	-0.0076761
0.565	-0.0081244
0.57	-0.0060866
0.575	-0.0027398
0.58	0.00027773
0.585	0.0029691
0.59	0.004885
0.595	0.006189
0.6	0.0066127
0.605	0.0067003
0.61	0.0071691
0.615	0.0076197
0.62	0.0065694
0.625	0.0046095
0.63	0.001828
0.635	-0.0019945
0.64	-0.0051341
0.645	-0.0071862
0.65	-0.0079968
0.655	-0.0077069
0.66	-0.0074004
0.665	-0.0070389
0.67	-0.0063626
0.675	-0.0046345
0.68	-0.0014656
0.685	0.0030867
0.69	0.0075432
0.695	0.0099822
0.7	0.0094151
0.705	0.0058359
0.71	0.00072011
0.715	-0.005256
0.72	-0.010528
0.725	-0.014514
0.73	-0.017206
0.735	-0.01748
0.74	-0.015466
0.745	-0.012142
0.75	-0.0078805
0.755	-0.0039667
0.76	-0.0018199
0.765	1.3692e-05
0.77	0.0031025
0.775	0.0055084
0.78	0.0048974
0.785	0.0023002
0.79	0.0010162
0.795	0.0018614
0.8	0.0032614
0.805	0.0045934
0.81	0.005211
0.815	0.0063246
0.82	0.0071107
0.825	0.006989
0.83	0.0067752
0.835	0.0070025
0.84	0.0072071
0.845	0.0056453
0.85	0.0025337
0.855	-0.00092544
0.86	-0.0031149
0.865	-0.003423
0.87	-0.0022722
0.875	-0.00022546
0.88	0.00093975
0.885	0.00079508
0.89	-0.00081037
0.895	-0.0026433
0.9	-0.0046191
0.905	-0.0055959
0.91	-0.0038387
0.915	0.00082732
0.92	0.008028
0.925	0.016759
0.93	0.022664
0.935	0.023578
0.94	0.021534
0.945	0.018103
0.95	0.015339
0.955	0.014179
0.96	0.013402
0.965	0.010219
0.97	0.0054628
0.975	0.0002595
0.98	-0.0040429
0.985	-0.0050463
0.99	-0.0042423
0.995	-0.003597
1	-0.0036034
1.005	-0.004054
1.01	-0.0047724
1.015	-0.005569
1.02	-0.0056894
1.025	-0.0030663
1.03	0.0021173
1.035	0.0078663
1.04	0.014082
1.045	0.021801
1.05	0.029143
1.055	0.033265
1.06	0.032022
1.065	0.026787
1.07	0.020383
1.075	0.01583
1.08	0.013615
1.085	0.011071
1.09	0.0075387
1.095	0.002454
1.1	-0.0028992
1.105	-0.008036
1.11	-0.013172
1.115	-0.016167
1.12	-0.015684
1.125	-0.013041
1.13	-0.010899
1.135	-0.0097772
1.14	-0.010149
1.145	-0.012002
1.15	-0.01385
1.155	-0.013498
1.16	-0.0078644
1.165	0.0025394
1.17	0.012883
1.175	0.017641
1.18	0.015426
1.185	0.010677
1.19	0.0074879
1.195	0.0081439
1.2	0.012531
1.205	0.016554
1.21	0.016948
1.215	0.014009
1.22	0.0084551
1.225	0.0015011
1.23	-0.0050947
1.235	-0.010145
1.24	-0.011898
1.245	-0.011495
1.25	-0.010503
1.255	-0.0078059
1.26	-0.0032555
1.265	0.0015214
1.27	0.0053331
1.275	0.0065761
1.28	0.0064738
1.285	0.0073174
1.29	0.010532
1.295	0.017812
1.3	0.02615
1.305	0.033365
1.31	0.037475
1.315	0.035127
1.32	0.027208
1.325	0.016421
1.33	0.0066613
1.335	0.0011954
1.34	0.00058526
1.345	0.0017287
1.35	0.0014565
1.355	-0.00036463
1.36	-0.0032193
1.365	-0.0059281
1.37	-0.0065636
1.375	-0.005455
1.38	-0.0024949
1.385	0.0008436
1.39	0.0050236
1.395	0.0080995
1.4	0.0083995
1.405	0.0069334
1.41	0.0047317
1.415	0.0004698
1.42	-0.0051807
1.425	-0.01171
1.43	-0.018498
1.435	-0.022621
1.44	-0.02221
1.445	-0.020407
1.45	-0.020269
1.455	-0.022753
1.46	-0.027392
1.465	-0.033553
1.47	-0.038745
1.475	-0.039416
1.48	-0.035295
1.485	-0.029176
1.49	-0.024737
1.495	-0.020097
1.5	-0.01387
1.505	-0.010515
1.51	-0.0084718
1.515	-0.0058965
1.52	-0.0041911
1.525	-0.003693
1.53	-0.0050504
1.535	-0.0082429
1.54	-0.010453
1.545	-0.0099595
1.55	-0.0060884
1.555	-0.0020951
1.56	0.0013996
1.565	0.0035038
1.57	0.00032973
1.575	-0.0060711
1.58	-0.013327
1.585	-0.017841
1.59	-0.015735
1.595	-0.0081497
1.6	-0.0024875
1.605	-0.0021365
1.61	-0.0068754
1.615	-0.012503
1.62	-0.015554
1.625	-0.016846
1.63	-0.016961
1.635	-0.015404
1.64	-0.01209
1.645	-0.0050716
1.65	0.0048302
1.655	0.015183
1.66	0.026157
1.665	0.037688
1.67	0.045402
1.675	0.045076
1.68	0.037741
1.685	0.027647
1.69	0.018761
1.695	0.01285
1.7	0.0092121
1.705	0.0034393
1.71	-0.0059166
1.715	-0.015643
1.72	-0.024801
1.725	-0.032463
1.73	-0.038338
1.735	-0.043558
1.74	-0.046854
1.745	-0.046759
1.75	-0.042873
1.755	-0.036252
1.76	-0.031056
1.765	-0.028544
1.77	-0.028203
1.775	-0.027192
1.78	-0.025185
1.785	-0.021943
1.79	-0.015892
1.795	-0.0073934
1.8	0.0039833
1.805	0.017034
1.81	0.025776
1.815	0.025929
1.82	0.019338
1.825	0.0079418
1.83	-0.005879
1.835	-0.018361
1.84	-0.02744
1.845	-0.03278
1.85	-0.0322
1.855	-0.026066
1.86	-0.017228
1.865	-0.0044908
1.87	0.01371
1.875	0.03396
1.88	0.050167
1.885	0.06067
1.89	0.067279
1.895	0.071853
1.9	0.072264
1.905	0.069584
1.91	0.065944
1.915	0.062091
1.92	0.058324
1.925	0.055534
1.93	0.051802
1.935	0.046986
1.94	0.042761
1.945	0.039553
1.95	0.037301
1.955	0.035138
1.96	0.032386
1.965	0.028874
1.97	0.022074
1.975	0.011699
1.98	-0.0014462
1.985	-0.016262
1.99	-0.029205
1.995	-0.040028
2	-0.048003
2.005	-0.052332
2.01	-0.053255
2.015	-0.053223
2.02	-0.053326
2.025	-0.05268
2.03	-0.049911
2.035	-0.043111
2.04	-0.032825
2.045	-0.022796
2.05	-0.017039
2.055	-0.016161
2.06	-0.017866
2.065	-0.021295
2.07	-0.026217
2.075	-0.032514
2.08	-0.038004
2.085	-0.041721
2.09	-0.043199
2.095	-0.041598
2.1	-0.039333
2.105	-0.037154
2.11	-0.033699
2.115	-0.031764
2.12	-0.032999
2.125	-0.033766
2.13	-0.031674
2.135	-0.026393
2.14	-0.018105
2.145	-0.0077544
2.15	0.0031149
2.155	0.012574
2.16	0.01966
2.165	0.022469
2.17	0.021983
2.175	0.022677
2.18	0.025013
2.185	0.023997
2.19	0.017456
2.195	0.0090056
2.2	0.0054087
2.205	0.0079216
2.21	0.016057
2.215	0.028465
2.22	0.042629
2.225	0.055047
2.23	0.061381
2.235	0.059973
2.24	0.052437
2.245	0.040014
2.25	0.026583
2.255	0.015818
2.26	0.0081265
2.265	0.0031758
2.27	-0.00016705
2.275	-0.0018843
2.28	-0.0017794
2.285	0.002832
2.29	0.011943
2.295	0.022077
2.3	0.029866
2.305	0.034759
2.31	0.038348
2.315	0.042418
2.32	0.047049
2.325	0.051196
2.33	0.050901
2.335	0.04487
2.34	0.03454
2.345	0.022245
2.35	0.0085278
2.355	-0.0055949
2.36	-0.018598
2.365	-0.025563
2.37	-0.025191
2.375	-0.020015
2.38	-0.011592
2.385	-0.0019916
2.39	0.0057385
2.395	0.010238
2.4	0.011512
2.405	0.0089397
2.41	0.0046917
2.415	0.0028704
2.42	0.0047029
2.425	0.0092009
2.43	0.014645
2.435	0.020282
2.44	0.023816
2.445	0.021924
2.45	0.015973
2.455	0.0079522
2.46	-0.00094326
2.465	-0.0072253
2.47	-0.011249
2.475	-0.015512
2.48	-0.019163
2.485	-0.022302
2.49	-0.025623
2.495	-0.028505
2.5	-0.027934
2.505	-0.024487
2.51	-0.024027
2.515	-0.028234
2.52	-0.031492
2.525	-0.032106
2.53	-0.029919
2.535	-0.024602
2.54	-0.018714
2.545	-0.013531
2.55	-0.0092542
2.555	-0.0038214
2.56	0.0023735
2.565	0.0070392
2.57	0.0093785
2.575	0.0079519
2.58	0.0039736
2.585	0.0020706
2.59	0.0046166
2.595	0.010928
2.6	0.019548
2.605	0.029335
2.61	0.035786
2.615	0.035472
2.62	0.030651
2.625	0.023557
2.63	0.016225
2.635	0.0079221
2.64	-0.0028704
2.645	-0.015724
2.65	-0.028273
2.655	-0.039394
2.66	-0.048201
2.665	-0.05178
2.67	-0.049166
2.675	-0.042486
2.68	-0.035288
2.685	-0.030526
2.69	-0.026012
2.695	-0.021344
2.7	-0.019205
2.705	-0.022009
2.71	-0.02919
2.715	-0.039685
2.72	-0.052719
2.725	-0.064495
2.73	-0.069992
2.735	-0.066775
2.74	-0.055266
2.745	-0.03902
2.75	-0.024007
2.755	-0.013517
2.76	-0.0077766
2.765	-0.0056148
2.77	-0.0073015
2.775	-0.012911
2.78	-0.023043
2.785	-0.03575
2.79	-0.047782
2.795	-0.057196
2.8	-0.062865
2.805	-0.064131
2.81	-0.058045
2.815	-0.046144
2.82	-0.031184
2.825	-0.015199
2.83	0.0006261
2.835	0.015744
2.84	0.030807
2.845	0.046639
2.85	0.061551
2.855	0.072153
2.86	0.076691
2.865	0.075621
2.87	0.07109
2.875	0.067068
2.88	0.065364
2.885	0.061928
2.89	0.052344
2.895	0.037332
2.9	0.02025
2.905	0.0057104
2.91	-0.0038684
2.915	-0.008515
2.92	-0.010605
2.925	-0.013811
2.93	-0.017742
2.935	-0.019232
2.94	-0.013045
2.945	-3.4001e-05
2.95	0.014084
2.955	0.02084
2.96	0.016322
2.965	0.0021207
2.97	-0.017021
2.975	-0.034833
2.98	-0.045487
2.985	-0.048825
2.99	-0.047591
2.995	-0.042081
3	-0.031128
3.005	-0.017403
3.01	-0.0011698
3.015	0.018878
3.02	0.037904
3.025	0.051697
3.03	0.056933
3.035	0.052367
3.04	0.038833
3.045	0.020613
3.05	0.0033069
3.055	-0.0091788
3.06	-0.016156
3.065	-0.01898
3.07	-0.017462
3.075	-0.009879
3.08	0.0052528
3.085	0.026912
3.09	0.051017
3.095	0.072128
3.1	0.087251
3.105	0.0941
3.11	0.092384
3.115	0.083402
3.12	0.069923
3.125	0.055748
3.13	0.042788
3.135	0.033349
3.14	0.028056
3.145	0.023659
3.15	0.020258
3.155	0.018001
3.16	0.015574
3.165	0.01226
3.17	0.0076632
3.175	0.00063679
3.18	-0.0090276
3.185	-0.017926
3.19	-0.021573
3.195	-0.019595
3.2	-0.01272
3.205	-0.00066417
3.21	0.01286
3.215	0.026165
3.22	0.039274
3.225	0.050228
3.23	0.057129
3.235	0.059114
3.24	0.055007
3.245	0.043029
3.25	0.024165
3.255	0.0039689
3.26	-0.013201
3.265	-0.02851
3.27	-0.043571
3.275	-0.05714
3.28	-0.067372
3.285	-0.073939
3.29	-0.077575
3.295	-0.077502
3.3	-0.074319
3.305	-0.070761
3.31	-0.067374
3.315	-0.064599
3.32	-0.062687
3.325	-0.061004
3.33	-0.056496
3.335	-0.04766
3.34	-0.033767
3.345	-0.01918
3.35	-0.0079731
3.355	-0.0012859
3.36	0.0025905
3.365	0.0062515
3.37	0.011009
3.375	0.016698
3.38	0.024109
3.385	0.032846
3.39	0.040398
3.395	0.04574
3.4	0.04806
3.405	0.046582
3.41	0.042208
3.415	0.038186
3.42	0.035329
3.425	0.036218
3.43	0.042615
3.435	0.052397
3.44	0.063554
3.445	0.076575
3.45	0.088133
3.455	0.097602
3.46	0.10455
3.465	0.10921
3.47	0.10911
3.475	0.10229
3.48	0.089251
3.485	0.071092
3.49	0.052239
3.495	0.038438
3.5	0.030538
3.505	0.02618
3.51	0.020684
3.515	0.011468
3.52	-0.0010891
3.525	-0.014713
3.53	-0.026484
3.535	-0.037489
3.54	-0.045772
3.545	-0.049044
3.55	-0.046168
3.555	-0.03815
3.56	-0.029102
3.565	-0.024914
3.57	-0.029076
3.575	-0.041269
3.58	-0.05724
3.585	-0.072041
3.59	-0.082782
3.595	-0.088084
3.6	-0.087964
3.605	-0.085001
3.61	-0.081581
3.615	-0.079286
3.62	-0.077543
3.625	-0.072457
3.63	-0.063374
3.635	-0.05176
3.64	-0.038707
3.645	-0.027526
3.65	-0.019977
3.655	-0.016773
3.66	-0.017008
3.665	-0.017942
3.67	-0.017536
3.675	-0.014119
3.68	-0.010009
3.685	-0.006962
3.69	-0.0061107
3.695	-0.0075561
3.7	-0.010467
3.705	-0.012046
3.71	-0.0096716
3.715	-0.0015492
3.72	0.010729
3.725	0.023087
3.73	0.032545
3.735	0.03833
3.74	0.043053
3.745	0.04675
3.75	0.04634
3.755	0.043047
3.76	0.038559
3.765	0.03338
3.77	0.028861
3.775	0.026826
3.78	0.026731
3.785	0.026151
3.79	0.0252
3.795	0.023755
3.8	0.020823
3.805	0.015875
3.81	0.0081196
3.815	-0.0041043
3.82	-0.021357
3.825	-0.043813
3.83	-0.069693
3.835	-0.09551
3.84	-0.11574
3.845	-0.1275
3.85	-0.12884
3.855	-0.12217
3.86	-0.11088
3.865	-0.098022
3.87	-0.083803
3.875	-0.067741
3.88	-0.054753
3.885	-0.045779
3.89	-0.038414
3.895	-0.032096
3.9	-0.027738
3.905	-0.02744
3.91	-0.032054
3.915	-0.039089
3.92	-0.04409
3.925	-0.044238
3.93	-0.041706
3.935	-0.039677
3.94	-0.038664
3.945	-0.038698
3.95	-0.040452
3.955	-0.042039
3.96	-0.041311
3.965	-0.036753
3.97	-0.029236
3.975	-0.019729
3.98	-0.0066821
3.985	0.007422
3.99	0.018023
3.995	0.02358
4	0.024265
4.005	0.01933
4.01	0.010866
4.015	0.0059085
4.02	0.009971
4.025	0.024103
4.03	0.043729
4.035	0.063231
4.04	0.078398
4.045	0.089294
4.05	0.09661
4.055	0.097426
4.06	0.089838
4.065	0.078091
4.07	0.062644
4.075	0.042796
4.08	0.020785
4.085	0.00018129
4.09	-0.014919
4.095	-0.024172
4.1	-0.027551
4.105	-0.02709
4.11	-0.024439
4.115	-0.018794
4.12	-0.0092875
4.125	0.0025518
4.13	0.018023
4.135	0.036215
4.14	0.051547
4.145	0.059576
4.15	0.061643
4.155	0.061827
4.16	0.061055
4.165	0.058546
4.17	0.051832
4.175	0.040543
4.18	0.029457
4.185	0.021837
4.19	0.016233
4.195	0.010582
4.2	0.0028381
4.205	-0.008027
4.21	-0.020373
4.215	-0.03031
4.22	-0.035243
4.225	-0.035852
4.23	-0.032764
4.235	-0.025633
4.24	-0.013365
4.245	0.0011894
4.25	0.014147
4.255	0.02181
4.26	0.023897
4.265	0.022203
4.27	0.019723
4.275	0.020829
4.28	0.02737
4.285	0.034672
4.29	0.03931
4.295	0.040278
4.3	0.038425
4.305	0.035261
4.31	0.03211
4.315	0.029111
4.32	0.02655
4.325	0.023368
4.33	0.017748
4.335	0.0092591
4.34	0.0019819
4.345	0.00036094
4.35	0.0043513
4.355	0.011318
4.36	0.016682
4.365	0.017349
4.37	0.017552
4.375	0.019554
4.38	0.02148
4.385	0.023049
4.39	0.025113
4.395	0.030025
4.4	0.037755
4.405	0.046118
4.41	0.054329
4.415	0.060551
4.42	0.062291
4.425	0.0597
4.43	0.052679
4.435	0.044
4.44	0.03757
4.445	0.032712
4.45	0.025674
4.455	0.014863
4.46	0.0036148
4.465	-0.005565
4.47	-0.013014
4.475	-0.018957
4.48	-0.023557
4.485	-0.025618
4.49	-0.024732
4.495	-0.02026
4.5	-0.015102
4.505	-0.013378
4.51	-0.017182
4.515	-0.025883
4.52	-0.03635
4.525	-0.045228
4.53	-0.050525
4.535	-0.052544
4.54	-0.052905
4.545	-0.04876
4.55	-0.039386
4.555	-0.030673
4.56	-0.024655
4.565	-0.022442
4.57	-0.022745
4.575	-0.021968
4.58	-0.016939
4.585	-0.0073172
4.59	0.0051554
4.595	0.017929
4.6	0.02958
4.605	0.040839
4.61	0.049702
4.615	0.057232
4.62	0.062943
4.625	0.064717
4.63	0.065496
4.635	0.068758
4.64	0.075592
4.645	0.085088
4.65	0.095534
4.655	0.1053
4.66	0.11206
4.665	0.11443
4.67	0.1143
4.675	0.11328
4.68	0.1116
4.685	0.10804
4.69	0.10062
4.695	0.089985
4.7	0.078882
4.705	0.068782
4.71	0.06133
4.715	0.057687
4.72	0.057497
4.725	0.058514
4.73	0.059553
4.735	0.05905
4.74	0.055104
4.745	0.047354
4.75	0.039045
4.755	0.031281
4.76	0.023167
4.765	0.018786
4.77	0.02046
4.775	0.025381
4.78	0.030441
4.785	0.036278
4.79	0.041971
4.795	0.04561
4.8	0.044942
4.805	0.035911
4.81	0.019536
4.815	0.00087038
4.82	-0.017538
4.825	-0.033908
4.83	-0.045015
4.835	-0.049252
4.84	-0.047661
4.845	-0.045469
4.85	-0.047369
4.855	-0.051767
4.86	-0.0567
4.865	-0.059932
4.87	-0.061104
4.875	-0.059693
4.88	-0.057072
4.885	-0.056836
4.89	-0.060472
4.895	-0.065358
4.9	-0.069906
4.905	-0.071654
4.91	-0.070809
4.915	-0.070015
4.92	-0.069905
4.925	-0.07116
4.93	-0.073145
4.935	-0.072242
4.94	-0.070016
4.945	-0.06899
4.95	-0.068448
4.955	-0.0674
4.96	-0.064477
4.965	-0.056701
4.97	-0.045206
4.975	-0.033954
4.98	-0.03016
4.985	-0.042308
4.99	-0.07887
4.995	-0.14113
5	-0.21708
5.005	-0.28869
5.01	-0.34072
5.015	-0.36519
5.02	-0.36182
5.025	-0.33473
5.03	-0.29463
5.035	-0.25545
5.04	-0.22578
5.045	-0.2098
5.05	-0.20506
5.055	-0.20775
5.06	-0.21402
5.065	-0.22113
5.07	-0.22704
5.075	-0.22829
5.08	-0.22479
5.085	-0.21875
5.09	-0.21102
5.095	-0.20335
5.1	-0.1965
5.105	-0.18926
5.11	-0.18216
5.115	-0.17783
5.12	-0.17796
5.125	-0.18057
5.13	-0.18199
5.135	-0.18169
5.14	-0.17747
5.145	-0.16756
5.15	-0.15601
5.155	-0.14646
5.16	-0.13883
5.165	-0.13226
5.17	-0.12489
5.175	-0.11334
5.18	-0.094669
5.185	-0.064293
5.19	-0.018287
5.195	0.043365
5.2	0.11446
5.205	0.18322
5.21	0.23868
5.215	0.2723
5.22	0.28125
5.225	0.27014
5.23	0.24793
5.235	0.2239
5.24	0.20212
5.245	0.18571
5.25	0.17338
5.255	0.16183
5.26	0.15062
5.265	0.14178
5.27	0.13789
5.275	0.13955
5.28	0.14558
5.285	0.15115
5.29	0.15042
5.295	0.14341
5.3	0.1345
5.305	0.12596
5.31	0.11797
5.315	0.11195
5.32	0.10652
5.325	0.10008
5.33	0.093028
5.335	0.085106
5.34	0.079189
5.345	0.075966
5.35	0.073601
5.355	0.070424
5.36	0.065805
5.365	0.060465
5.37	0.056965
5.375	0.056608
5.38	0.06166
5.385	0.074089
5.39	0.093392
5.395	0.1175
5.4	0.14184
5.405	0.16152
5.41	0.17364
5.415	0.17844
5.42	0.17964
5.425	0.17652
5.43	0.16962
5.435	0.15965
5.44	0.15011
5.445	0.14376
5.45	0.13976
5.455	0.13465
5.46	0.12614
5.465	0.11595
5.47	0.10491
5.475	0.090614
5.48	0.073888
5.485	0.057476
5.49	0.039803
5.495	0.021663
5.5	0.005187
5.505	-0.011039
5.51	-0.024543
5.515	-0.033651
5.52	-0.038928
5.525	-0.041769
5.53	-0.044182
5.535	-0.044146
5.54	-0.043306
5.545	-0.044798
5.55	-0.048961
5.555	-0.055002
5.56	-0.062499
5.565	-0.070638
5.57	-0.078529
5.575	-0.085848
5.58	-0.087648
5.585	-0.081117
5.59	-0.070745
5.595	-0.061759
5.6	-0.055417
5.605	-0.050813
5.61	-0.04708
5.615	-0.043834
5.62	-0.039532
5.625	-0.03343
5.63	-0.026785
5.635	-0.019298
5.64	-0.0084839
5.645	0.0050313
5.65	0.017773
5.655	0.026396
5.66	0.031658
5.665	0.03165
5.67	0.029008
5.675	0.028408
5.68	0.02927
5.685	0.030504
5.69	0.031838
5.695	0.033897
5.7	0.037209
5.705	0.041381
5.71	0.044394
5.715	0.045661
5.72	0.049045
5.725	0.055008
5.73	0.059035
5.735	0.059776
5.74	0.058812
5.745	0.057498
5.75	0.057496
5.755	0.061218
5.76	0.067553
5.765	0.074992
5.77	0.082634
5.775	0.089038
5.78	0.091443
5.785	0.087335
5.79	0.077714
5.795	0.064236
5.8	0.047438
5.805	0.028583
5.81	0.012109
5.815	0.0048189
5.82	0.011329
5.825	0.034801
5.83	0.074013
5.835	0.12155
5.84	0.16896
5.845	0.20864
5.85	0.23184
5.855	0.23603
5.86	0.22553
5.865	0.20599
5.87	0.1823
5.875	0.15963
5.88	0.14336
5.885	0.13579
5.89	0.13867
5.895	0.15093
5.9	0.17025
5.905	0.19456
5.91	0.22193
5.915	0.24972
5.92	0.27488
5.925	0.29505
5.93	0.30938
5.935	0.31719
5.94	0.31873
5.945	0.3123
5.95	0.29697
5.955	0.27446
5.96	0.24929
5.965	0.22523
5.97	0.20511
5.975	0.19001
5.98	0.18286
5.985	0.18255
5.99	0.18177
5.995	0.17332
6	0.15718
6.005	0.13758
6.01	0.11738
6.015	0.099536
6.02	0.082484
6.025	0.065545
6.03	0.048925
6.035	0.03137
6.04	0.013386
6.045	-0.00037718
6.05	-0.0056462
6.055	-0.0046872
6.06	-0.0017853
6.065	-0.00064224
6.07	-0.0042289
6.075	-0.01234
6.08	-0.022712
6.085	-0.033899
6.09	-0.042921
6.095	-0.046722
6.1	-0.045581
6.105	-0.043481
6.11	-0.043972
6.115	-0.04817
6.12	-0.055887
6.125	-0.065453
6.13	-0.075365
6.135	-0.085976
6.14	-0.097871
6.145	-0.10993
6.15	-0.12074
6.155	-0.12828
6.16	-0.13116
6.165	-0.13052
6.17	-0.12896
6.175	-0.13285
6.18	-0.14292
6.185	-0.15545
6.19	-0.16934
6.195	-0.18613
6.2	-0.20471
6.205	-0.22388
6.21	-0.24254
6.215	-0.25973
6.22	-0.27216
6.225	-0.27947
6.23	-0.28581
6.235	-0.29375
6.24	-0.30293
6.245	-0.31247
6.25	-0.32116
6.255	-0.32701
6.26	-0.32966
6.265	-0.32939
6.27	-0.32798
6.275	-0.32953
6.28	-0.33482
6.285	-0.34144
6.29	-0.35066
6.295	-0.36297
6.3	-0.37767
6.305	-0.39238
6.31	-0.40435
6.315	-0.41273
6.32	-0.41491
6.325	-0.41176
6.33	-0.40722
6.335	-0.40247
6.34	-0.39983
6.345	-0.39999
6.35	-0.39945
6.355	-0.39589
6.36	-0.38863
6.365	-0.37822
6.37	-0.36445
6.375	-0.34929
6.38	-0.33783
6.385	-0.33345
6.39	-0.33299
6.395	-0.33125
6.4	-0.32608
6.405	-0.31988
6.41	-0.31477
6.415	-0.3111
6.42	-0.30833
6.425	-0.30727
6.43	-0.30792
6.435	-0.3081
6.44	-0.30581
6.445	-0.29849
6.45	-0.28899
6.455	-0.28187
6.46	-0.27527
6.465	-0.26709
6.47	-0.25751
6.475	-0.24553
6.48	-0.23384
6.485	-0.22442
6.49	-0.21676
6.495	-0.20807
6.5	-0.19732
6.505	-0.18542
6.51	-0.172
6.515	-0.15647
6.52	-0.13998
6.525	-0.12512
6.53	-0.11269
6.535	-0.10099
6.54	-0.089882
6.545	-0.078573
6.55	-0.06872
6.555	-0.06033
6.56	-0.049981
6.565	-0.038045
6.57	-0.027756
6.575	-0.022516
6.58	-0.021594
6.585	-0.019714
6.59	-0.014122
6.595	-0.0053769
6.6	0.0067938
6.605	0.02395
6.61	0.044477
6.615	0.063678
6.62	0.079
6.625	0.09239
6.63	0.10766
6.635	0.12417
6.64	0.13897
6.645	0.15095
6.65	0.16241
6.655	0.17531
6.66	0.1903
6.665	0.20734
6.67	0.22513
6.675	0.24243
6.68	0.25835
6.685	0.27201
6.69	0.28348
6.695	0.29565
6.7	0.30827
6.705	0.31803
6.71	0.32259
6.715	0.32431
6.72	0.32345
6.725	0.32302
6.73	0.32435
6.735	0.32815
6.74	0.33685
6.745	0.34774
6.75	0.35925
6.755	0.37187
6.76	0.38337
6.765	0.39244
6.77	0.40259
6.775	0.41541
6.78	0.43008
6.785	0.44685
6.79	0.46604
6.795	0.48536
6.8	0.50058
6.805	0.50818
6.81	0.50874
6.815	0.50406
6.82	0.49664
6.825	0.48865
6.83	0.48058
6.835	0.47279
6.84	0.46441
6.845	0.45325
6.85	0.43942
6.855	0.42444
6.86	0.4081
6.865	0.39208
6.87	0.37984
6.875	0.37129
6.88	0.36457
6.885	0.35875
6.89	0.35375
6.895	0.34909
6.9	0.34309
6.905	0.33297
6.91	0.31944
6.915	0.3058
6.92	0.29307
6.925	0.27907
6.93	0.26058
6.935	0.23911
6.94	0.21782
6.945	0.19807
6.95	0.17992
6.955	0.16413
6.96	0.15266
6.965	0.14349
6.97	0.13554
6.975	0.1281
6.98	0.11918
6.985	0.1078
6.99	0.093021
6.995	0.07952
7	0.06854
7.005	0.063713
7.01	0.065422
7.015	0.07124
7.02	0.077718
7.025	0.082071
7.03	0.080504
7.035	0.071894
7.04	0.057317
7.045	0.040513
7.05	0.025815
7.055	0.014861
7.06	0.0080267
7.065	0.0046792
7.07	0.004287
7.075	0.0079116
7.08	0.01525
7.085	0.022675
7.09	0.029129
7.095	0.034152
7.1	0.037781
7.105	0.040394
7.11	0.039616
7.115	0.034184
7.12	0.027183
7.125	0.023772
7.13	0.024262
7.135	0.025383
7.14	0.025815
7.145	0.027411
7.15	0.032386
7.155	0.04043
7.16	0.052037
7.165	0.066898
7.17	0.081959
7.175	0.094326
7.18	0.1011
7.185	0.10158
7.19	0.10043
7.195	0.099084
7.2	0.093713
7.205	0.078015
7.21	0.04923
7.215	0.011148
7.22	-0.029677
7.225	-0.069546
7.23	-0.10458
7.235	-0.133
7.24	-0.15524
7.245	-0.17372
7.25	-0.19493
7.255	-0.22128
7.26	-0.25122
7.265	-0.28775
7.27	-0.33405
7.275	-0.38599
7.28	-0.43751
7.285	-0.48719
7.29	-0.53265
7.295	-0.56897
7.3	-0.59169
7.305	-0.59819
7.31	-0.58617
7.315	-0.55335
7.32	-0.50187
7.325	-0.43655
7.33	-0.36538
7.335	-0.30133
7.34	-0.25485
7.345	-0.23166
7.35	-0.23222
7.355	-0.25224
7.36	-0.28472
7.365	-0.32128
7.37	-0.35326
7.375	-0.37129
7.38	-0.36999
7.385	-0.3505
7.39	-0.31926
7.395	-0.2802
7.4	-0.23698
7.405	-0.19609
7.41	-0.16495
7.415	-0.14943
7.42	-0.1498
7.425	-0.16207
7.43	-0.182
7.435	-0.20161
7.44	-0.21334
7.445	-0.21387
7.45	-0.20626
7.455	-0.1957
7.46	-0.18901
7.465	-0.18969
7.47	-0.19625
7.475	-0.20681
7.48	-0.21899
7.485	-0.22667
7.49	-0.22451
7.495	-0.21484
7.5	-0.20104
7.505	-0.18344
7.51	-0.16407
7.515	-0.14615
7.52	-0.13175
7.525	-0.12266
7.53	-0.12257
7.535	-0.12929
7.54	-0.13567
7.545	-0.13732
7.55	-0.13585
7.555	-0.1335
7.56	-0.12958
7.565	-0.12417
7.57	-0.11817
7.575	-0.11126
7.58	-0.10126
7.585	-0.088294
7.59	-0.073314
7.595	-0.056316
7.6	-0.037486
7.605	-0.019187
7.61	-0.0020025
7.615	0.013304
7.62	0.028515
7.625	0.041452
7.63	0.050819
7.635	0.055867
7.64	0.055893
7.645	0.048084
7.65	0.03096
7.655	0.0078311
7.66	-0.015501
7.665	-0.035629
7.67	-0.05144
7.675	-0.061067
7.68	-0.06228
7.685	-0.055198
7.69	-0.042639
7.695	-0.024614
7.7	-0.003431
7.705	0.01743
7.71	0.033413
7.715	0.042099
7.72	0.044394
7.725	0.043094
7.73	0.04058
7.735	0.039124
7.74	0.037845
7.745	0.035608
7.75	0.035554
7.755	0.039582
7.76	0.044867
7.765	0.049897
7.77	0.054821
7.775	0.059766
7.78	0.065615
7.785	0.071541
7.79	0.077293
7.795	0.081963
7.8	0.083283
7.805	0.080792
7.81	0.076418
7.815	0.073042
7.82	0.070112
7.825	0.066448
7.83	0.061638
7.835	0.057295
7.84	0.055693
7.845	0.058818
7.85	0.065589
7.855	0.074535
7.86	0.08423
7.865	0.093297
7.87	0.098984
7.875	0.10079
7.88	0.10262
7.885	0.10393
7.89	0.10352
7.895	0.10183
7.9	0.10096
7.905	0.10061
7.91	0.10102
7.915	0.10389
7.92	0.10906
7.925	0.11352
7.93	0.11653
7.935	0.1186
7.94	0.11701
7.945	0.11035
7.95	0.10092
7.955	0.092534
7.96	0.086321
7.965	0.082025
7.97	0.078209
7.975	0.073
7.98	0.066986
7.985	0.060358
7.99	0.052736
7.995	0.046212
8	0.043823
8.005	0.046107
8.01	0.051005
8.015	0.056641
8.02	0.060521
8.025	0.061445
8.03	0.060612
8.035	0.057343
8.04	0.04936
8.045	0.038366
8.05	0.029278
8.055	0.024306
8.06	0.024006
8.065	0.028022
8.07	0.035876
8.075	0.042214
8.08	0.042431
8.085	0.037341
8.09	0.029466
8.095	0.023434
8.1	0.021943
8.105	0.023684
8.11	0.027422
8.115	0.032423
8.12	0.04024
8.125	0.051514
8.13	0.064574
8.135	0.078067
8.14	0.093341
8.145	0.10989
8.15	0.13119
8.155	0.15999
8.16	0.19131
8.165	0.21896
8.17	0.23736
8.175	0.24259
8.18	0.23441
8.185	0.21687
8.19	0.19335
8.195	0.16659
8.2	0.1401
8.205	0.11947
8.21	0.10641
8.215	0.10042
8.22	0.10207
8.225	0.11256
8.23	0.12637
8.235	0.13712
8.24	0.142
8.245	0.14084
8.25	0.13265
8.255	0.11812
8.26	0.10033
8.265	0.08321
8.27	0.072721
8.275	0.073335
8.28	0.082204
8.285	0.093745
8.29	0.10377
8.295	0.10973
8.3	0.1105
8.305	0.10797
8.31	0.10618
8.315	0.10751
8.32	0.11263
8.325	0.12028
8.33	0.12716
8.335	0.12988
8.34	0.12742
8.345	0.12225
8.35	0.11733
8.355	0.11241
8.36	0.1082
8.365	0.10407
8.37	0.09874
8.375	0.092592
8.38	0.088424
8.385	0.086767
8.39	0.08705
8.395	0.089563
8.4	0.092452
8.405	0.092613
8.41	0.088743
8.415	0.081576
8.42	0.07206
8.425	0.059222
8.43	0.043407
8.435	0.029261
8.44	0.02142
8.445	0.020328
8.45	0.024311
8.455	0.030722
8.46	0.033497
8.465	0.031748
8.47	0.0273
8.475	0.022627
8.48	0.017447
8.485	0.010896
8.49	0.0040096
8.495	-0.0016968
8.5	-0.004742
8.505	-0.0043062
8.51	-0.0014319
8.515	0.0017464
8.52	0.0035078
8.525	0.0026823
8.53	-0.0045728
8.535	-0.019229
8.54	-0.037266
8.545	-0.05274
8.55	-0.061459
8.555	-0.064386
8.56	-0.062859
8.565	-0.057338
8.57	-0.04945
8.575	-0.041001
8.58	-0.033926
8.585	-0.026968
8.59	-0.019561
8.595	-0.013153
8.6	-0.01182
8.605	-0.016159
8.61	-0.023261
8.615	-0.030989
8.62	-0.037024
8.625	-0.041447
8.63	-0.046945
8.635	-0.053871
8.64	-0.061244
8.645	-0.068023
8.65	-0.074161
8.655	-0.080059
8.66	-0.08673
8.665	-0.094219
8.67	-0.10488
8.675	-0.11902
8.68	-0.13393
8.685	-0.14771
8.69	-0.15956
8.695	-0.16798
8.7	-0.17114
8.705	-0.17042
8.71	-0.17078
8.715	-0.17358
8.72	-0.17854
8.725	-0.1868
8.73	-0.19646
8.735	-0.2046
8.74	-0.21033
8.745	-0.21317
8.75	-0.21204
8.755	-0.20648
8.76	-0.19871
8.765	-0.19138
8.77	-0.18309
8.775	-0.17302
8.78	-0.16369
8.785	-0.15534
8.79	-0.14917
8.795	-0.14714
8.8	-0.14939
8.805	-0.1551
8.81	-0.16163
8.815	-0.16517
8.82	-0.16322
8.825	-0.1567
8.83	-0.14706
8.835	-0.13571
8.84	-0.12412
8.845	-0.11538
8.85	-0.11082
8.855	-0.10924
8.86	-0.11027
8.865	-0.11162
8.87	-0.11062
8.875	-0.10892
8.88	-0.10786
8.885	-0.10745
8.89	-0.10515
8.895	-0.10118
8.9	-0.097467
8.905	-0.091229
8.91	-0.081145
8.915	-0.070863
8.92	-0.064914
8.925	-0.061275
8.93	-0.056707
8.935	-0.052528
8.94	-0.047225
8.945	-0.039781
8.95	-0.032743
8.955	-0.027988
8.96	-0.022568
8.965	-0.015011
8.97	-0.00911
8.975	-0.007023
8.98	-0.0094321
8.985	-0.016527
8.99	-0.024266
8.995	-0.027776
9	-0.026512
9.005	-0.022079
9.01	-0.017098
9.015	-0.012781
9.02	-0.0083766
9.025	-0.0012459
9.03	0.0085167
9.035	0.018849
9.04	0.028134
9.045	0.033448
9.05	0.03405
9.055	0.030903
9.06	0.025906
9.065	0.020815
9.07	0.015278
9.075	0.0099253
9.08	0.0054532
9.085	0.0041939
9.09	0.0065089
9.095	0.013344
9.1	0.020846
9.105	0.02424
9.11	0.024148
9.115	0.024365
9.12	0.025707
9.125	0.027804
9.13	0.032338
9.135	0.04189
9.14	0.055196
9.145	0.067358
9.15	0.073882
9.155	0.072818
9.16	0.065262
9.165	0.056743
9.17	0.049952
9.175	0.044606
9.18	0.041917
9.185	0.040965
9.19	0.040539
9.195	0.041261
9.2	0.045376
9.205	0.048974
9.21	0.049391
9.215	0.049349
9.22	0.04943
9.225	0.04778
9.23	0.043569
9.235	0.039613
9.24	0.03995
9.245	0.044714
9.25	0.051819
9.255	0.057841
9.26	0.061479
9.265	0.061616
9.27	0.057785
9.275	0.050949
9.28	0.043774
9.285	0.039566
9.29	0.039586
9.295	0.042003
9.3	0.04513
9.305	0.045243
9.31	0.042353
9.315	0.038268
9.32	0.032745
9.325	0.025731
9.33	0.019335
9.335	0.017365
9.34	0.019293
9.345	0.021891
9.35	0.025677
9.355	0.032657
9.36	0.039208
9.365	0.043154
9.37	0.046353
9.375	0.047715
9.38	0.046112
9.385	0.045859
9.39	0.048549
9.395	0.053514
9.4	0.059919
9.405	0.065411
9.41	0.067956
9.415	0.067519
9.42	0.065804
9.425	0.065649
9.43	0.068662
9.435	0.073941
9.44	0.077731
9.445	0.077413
9.45	0.072514
9.455	0.065852
9.46	0.05788
9.465	0.049477
9.47	0.041773
9.475	0.033958
9.48	0.025649
9.485	0.017682
9.49	0.011316
9.495	0.0069422
9.5	0.0042047
9.505	0.0029966
9.51	1.5694e-05
9.515	-0.0077748
9.52	-0.018768
9.525	-0.02825
9.53	-0.034873
9.535	-0.039985
9.54	-0.044102
9.545	-0.047495
9.55	-0.049124
9.555	-0.048773
9.56	-0.047333
9.565	-0.045603
9.57	-0.044786
9.575	-0.045721
9.58	-0.048939
9.585	-0.052471
9.59	-0.052138
9.595	-0.047346
9.6	-0.042612
9.605	-0.042132
9.61	-0.045505
9.615	-0.05253
9.62	-0.061569
9.625	-0.06486
9.63	-0.060756
9.635	-0.051828
9.64	-0.04275
9.645	-0.037195
9.65	-0.03577
9.655	-0.036731
9.66	-0.038652
9.665	-0.039145
9.67	-0.036688
9.675	-0.03101
9.68	-0.024036
9.685	-0.019882
9.69	-0.0209
9.695	-0.024609
9.7	-0.030198
9.705	-0.034228
9.71	-0.031254
9.715	-0.024976
9.72	-0.019826
9.725	-0.01607
9.73	-0.011009
9.735	-0.0053715
9.74	-0.0019099
9.745	-0.0013044
9.75	-0.0033279
9.755	-0.0075464
9.76	-0.011822
9.765	-0.01388
9.77	-0.011713
9.775	-0.0057045
9.78	0.0040108
9.785	0.011726
9.79	0.012406
9.795	0.0077519
9.8	0.0014971
9.805	-0.0025039
9.81	-0.0034194
9.815	-0.0017639
9.82	0.0021306
9.825	0.007801
9.83	0.01579
9.835	0.023606
9.84	0.028385
9.845	0.030299
9.85	0.029393
9.855	0.027342
9.86	0.025755
9.865	0.025466
9.87	0.028496
9.875	0.033687
9.88	0.038264
9.885	0.043135
9.89	0.04836
9.895	0.052705
9.9	0.055275
9.905	0.056
9.91	0.053817
9.915	0.05024
9.92	0.046709
9.925	0.045652
9.93	0.046186
9.935	0.046895
9.94	0.046012
9.945	0.044373
9.95	0.043364
9.955	0.042513
9.96	0.041429
9.965	0.042099
9.97	0.046208
9.975	0.050652
9.98	0.051263
9.985	0.049831
9.99	0.04837
9.995	0.044746
10	0.037902
10.005	0.031054
10.01	0.028104
10.015	0.029223
10.02	0.032343
10.025	0.034894
10.03	0.036424
10.035	0.036305
10.04	0.033634
10.045	0.030514
10.05	0.030817
10.055	0.035668
10.06	0.044557
10.065	0.054608
10.07	0.061145
10.075	0.062641
10.08	0.060759
10.085	0.056451
10.09	0.050533
10.095	0.043573
10.1	0.037154
10.105	0.03355
10.11	0.032262
10.115	0.031711
10.12	0.031352
10.125	0.030641
10.13	0.02885
10.135	0.025334
10.14	0.021236
10.145	0.017352
10.15	0.014319
10.155	0.013142
10.16	0.014391
10.165	0.017305
10.17	0.018416
10.175	0.017445
10.18	0.013936
10.185	0.0091121
10.19	0.0042869
10.195	0.00074805
10.2	1.512e-05
10.205	-0.00069963
10.21	-0.0012946
10.215	-0.0024564
10.22	-0.0052087
10.225	-0.0095297
10.23	-0.016406
10.235	-0.023511
10.24	-0.027672
10.245	-0.027718
10.25	-0.025762
10.255	-0.025245
10.26	-0.028108
10.265	-0.033581
10.27	-0.038809
10.275	-0.041886
10.28	-0.044262
10.285	-0.047693
10.29	-0.051231
10.295	-0.051414
10.3	-0.050693
10.305	-0.051793
10.31	-0.052664
10.315	-0.052644
10.32	-0.051703
10.325	-0.050303
10.33	-0.046605
10.335	-0.041667
10.34	-0.036743
10.345	-0.030488
10.35	-0.023609
10.355	-0.018023
10.36	-0.012278
10.365	-0.0050881
10.37	0.0018604
10.375	0.0075746
10.38	0.012295
10.385	0.014379
10.39	0.012812
10.395	0.010678
10.4	0.0090755
10.405	0.0066237
10.41	0.0045869
10.415	0.004749
10.42	0.0052983
10.425	0.0043551
10.43	0.0031865
10.435	0.0019392
10.44	0.00018985
10.445	-0.0018802
10.45	-0.0047178
10.455	-0.0083392
10.46	-0.011687
10.465	-0.013579
10.47	-0.01412
10.475	-0.013047
10.48	-0.0097671
10.485	-0.0053535
10.49	-0.0039071
10.495	-0.0069392
10.5	-0.012596
10.505	-0.017079
10.51	-0.019863
10.515	-0.021747
10.52	-0.022798
10.525	-0.022326
10.53	-0.019047
10.535	-0.011889
10.54	-0.0028231
10.545	0.0058755
10.55	0.012047
10.555	0.015979
10.56	0.019917
10.565	0.023968
10.57	0.027297
10.575	0.031153
10.58	0.035033
10.585	0.038636
10.59	0.040845
10.595	0.04066
10.6	0.039735
10.605	0.04107
10.61	0.04375
10.615	0.044047
10.62	0.04154
10.625	0.035361
10.63	0.027039
10.635	0.02061
10.64	0.017995
10.645	0.016662
10.65	0.016704
10.655	0.018347
10.66	0.021168
10.665	0.023847
10.67	0.027935
10.675	0.033377
10.68	0.038586
10.685	0.040837
10.69	0.040713
10.695	0.03895
10.7	0.034985
10.705	0.030423
10.71	0.026496
10.715	0.022724
10.72	0.01865
10.725	0.013281
10.73	0.0072646
10.735	0.0030396
10.74	0.0034992
10.745	0.0073859
10.75	0.010814
10.755	0.011665
10.76	0.01152
10.765	0.012079
10.77	0.013526
10.775	0.01707
10.78	0.02092
10.785	0.021977
10.79	0.02148
10.795	0.020225
10.8	0.018061
10.805	0.016449
10.81	0.017545
10.815	0.020435
10.82	0.022907
10.825	0.02385
10.83	0.024329
10.835	0.024467
10.84	0.024775
10.845	0.023757
10.85	0.019692
10.855	0.010956
10.86	-0.0027804
10.865	-0.020764
10.87	-0.040248
10.875	-0.056063
10.88	-0.06531
10.885	-0.069408
10.89	-0.070769
10.895	-0.068393
10.9	-0.062908
10.905	-0.056264
10.91	-0.050898
10.915	-0.047275
10.92	-0.044328
10.925	-0.041323
10.93	-0.040204
10.935	-0.043379
10.94	-0.050209
10.945	-0.057961
10.95	-0.061653
10.955	-0.058177
10.96	-0.050548
10.965	-0.042191
10.97	-0.037775
10.975	-0.038554
10.98	-0.044173
10.985	-0.053705
10.99	-0.061007
10.995	-0.062258
11	-0.060145
11.005	-0.058201
11.01	-0.059265
11.015	-0.061243
11.02	-0.062673
11.025	-0.064213
11.03	-0.065665
11.035	-0.068821
11.04	-0.076023
11.045	-0.087582
11.05	-0.10173
11.055	-0.11734
11.06	-0.1319
11.065	-0.14157
11.07	-0.14675
11.075	-0.14744
11.08	-0.14366
11.085	-0.13679
11.09	-0.12829
11.095	-0.12094
11.1	-0.11604
11.105	-0.11328
11.11	-0.11175
11.115	-0.11136
11.12	-0.1092
11.125	-0.10416
11.13	-0.097223
11.135	-0.08904
11.14	-0.082141
11.145	-0.080685
11.15	-0.084383
11.155	-0.089681
11.16	-0.092699
11.165	-0.091902
11.17	-0.087416
11.175	-0.079726
11.18	-0.069048
11.185	-0.059513
11.19	-0.053709
11.195	-0.050066
11.2	-0.048855
11.205	-0.050588
11.21	-0.052332
11.215	-0.054547
11.22	-0.055619
11.225	-0.054468
11.23	-0.05011
11.235	-0.040487
11.24	-0.028901
11.245	-0.020931
11.25	-0.018099
11.255	-0.016608
11.26	-0.014711
11.265	-0.014252
11.27	-0.015533
11.275	-0.01842
11.28	-0.021821
11.285	-0.023072
11.29	-0.023085
11.295	-0.020711
11.3	-0.016595
11.305	-0.011435
11.31	-0.0049524
11.315	0.0018611
11.32	0.0088829
11.325	0.014133
11.33	0.014748
11.335	0.013156
11.34	0.011989
11.345	0.012465
11.35	0.015767
11.355	0.021465
11.36	0.028118
11.365	0.035222
11.37	0.040468
11.375	0.040255
11.38	0.033736
11.385	0.022832
11.39	0.01537
11.395	0.016363
11.4	0.025896
11.405	0.040562
11.41	0.054161
11.415	0.060455
11.42	0.057227
11.425	0.047596
11.43	0.035678
11.435	0.024284
11.44	0.017868
11.445	0.018961
11.45	0.024889
11.455	0.031639
11.46	0.036239
11.465	0.037272
11.47	0.033841
11.475	0.028995
11.48	0.027728
11.485	0.030152
11.49	0.035419
11.495	0.043251
11.5	0.051807
11.505	0.058732
11.51	0.062978
11.515	0.065541
11.52	0.067886
11.525	0.067765
11.53	0.063526
11.535	0.056803
11.54	0.052245
11.545	0.051688
11.55	0.051855
11.555	0.053159
11.56	0.057207
11.565	0.061921
11.57	0.067342
11.575	0.075231
11.58	0.085406
11.585	0.094645
11.59	0.10021
11.595	0.10195
11.6	0.10106
11.605	0.09825
11.61	0.097008
11.615	0.098895
11.62	0.10275
11.625	0.10865
11.63	0.11518
11.635	0.11813
11.64	0.11767
11.645	0.11645
11.65	0.11531
11.655	0.11361
11.66	0.11158
11.665	0.1094
11.67	0.10709
11.675	0.10464
11.68	0.1019
11.685	0.097335
11.69	0.092124
11.695	0.089433
11.7	0.089064
11.705	0.089679
11.71	0.09131
11.715	0.093715
11.72	0.094119
11.725	0.090005
11.73	0.084275
11.735	0.082166
11.74	0.084358
11.745	0.089839
11.75	0.098941
11.755	0.11015
11.76	0.11936
11.765	0.12261
11.77	0.1198
11.775	0.11117
11.78	0.10089
11.785	0.092603
11.79	0.08797
11.795	0.086712
11.8	0.08628
11.805	0.08629
11.81	0.08555
11.815	0.084614
11.82	0.082945
11.825	0.079391
11.83	0.077415
11.835	0.076258
11.84	0.072816
11.845	0.066018
11.85	0.059479
11.855	0.055361
11.86	0.054951
11.865	0.056894
11.87	0.056608
11.875	0.053484
11.88	0.050894
11.885	0.048738
11.89	0.044495
11.895	0.035821
11.9	0.024982
11.905	0.013576
11.91	0.0031489
11.915	-0.0026342
11.92	-0.0026969
11.925	0.0019758
11.93	0.0094816
11.935	0.016909
11.94	0.021442
11.945	0.022502
11.95	0.021845
11.955	0.018042
11.96	0.013488
11.965	0.011359
11.97	0.012861
11.975	0.01565
11.98	0.017375
11.985	0.018032
11.99	0.017198
11.995	0.0162
12	0.016371
12.005	0.017233
12.01	0.013997
12.015	0.0060181
12.02	-0.0026602
12.025	-0.0077479
12.03	-0.01062
12.035	-0.016008
12.04	-0.023604
12.045	-0.032962
12.05	-0.042969
12.055	-0.050199
12.06	-0.055889
12.065	-0.060594
12.07	-0.061682
12.075	-0.057689
12.08	-0.051465
12.085	-0.045536
12.09	-0.042226
12.095	-0.043139
12.1	-0.047112
12.105	-0.051041
12.11	-0.054962
12.115	-0.061212
12.12	-0.072662
12.125	-0.08793
12.13	-0.10218
12.135	-0.1116
12.14	-0.11622
12.145	-0.12102
12.15	-0.1285
12.155	-0.13515
12.16	-0.13639
12.165	-0.13103
12.17	-0.12293
12.175	-0.11458
12.18	-0.10858
12.185	-0.10718
12.19	-0.1096
12.195	-0.11369
12.2	-0.11928
12.205	-0.12453
12.21	-0.12849
12.215	-0.12951
12.22	-0.12407
12.225	-0.11291
12.23	-0.10257
12.235	-0.097043
12.24	-0.093956
12.245	-0.090098
12.25	-0.086089
12.255	-0.082616
12.26	-0.079667
12.265	-0.077034
12.27	-0.075356
12.275	-0.072873
12.28	-0.070962
12.285	-0.071742
12.29	-0.074512
12.295	-0.07629
12.3	-0.073514
12.305	-0.068389
12.31	-0.061936
12.315	-0.055176
12.32	-0.050055
12.325	-0.047786
12.33	-0.049523
12.335	-0.052183
12.34	-0.052146
12.345	-0.048531
12.35	-0.043293
12.355	-0.038582
12.36	-0.034597
12.365	-0.031921
12.37	-0.030414
12.375	-0.030296
12.38	-0.031123
12.385	-0.032605
12.39	-0.033369
12.395	-0.030083
12.4	-0.023546
12.405	-0.018175
12.41	-0.016858
12.415	-0.017818
12.42	-0.018051
12.425	-0.015971
12.43	-0.012962
12.435	-0.011717
12.44	-0.012435
12.445	-0.014562
12.45	-0.018719
12.455	-0.024487
12.46	-0.030978
12.465	-0.035774
12.47	-0.037647
12.475	-0.037211
12.48	-0.033925
12.485	-0.029118
12.49	-0.025672
12.495	-0.025408
12.5	-0.027107
12.505	-0.028147
12.51	-0.02811
12.515	-0.026036
12.52	-0.021852
12.525	-0.017805
12.53	-0.015286
12.535	-0.013826
12.54	-0.014804
12.545	-0.01639
12.55	-0.014374
12.555	-0.010685
12.56	-0.0067367
12.565	-0.00085037
12.57	0.0085214
12.575	0.019375
12.58	0.025947
12.585	0.027417
12.59	0.025055
12.595	0.018293
12.6	0.0087938
12.605	0.00016723
12.61	-0.0046314
12.615	-0.0056903
12.62	-0.0026907
12.625	0.0025735
12.63	0.0072258
12.635	0.010797
12.64	0.013971
12.645	0.016197
12.65	0.016851
12.655	0.019191
12.66	0.023673
12.665	0.027139
12.67	0.02926
12.675	0.031161
12.68	0.033898
12.685	0.037756
12.69	0.04116
12.695	0.043147
12.7	0.04435
12.705	0.044319
12.71	0.042697
12.715	0.041757
12.72	0.04284
12.725	0.045839
12.73	0.048202
12.735	0.050768
12.74	0.051988
12.745	0.048523
12.75	0.042667
12.755	0.038436
12.76	0.038781
12.765	0.044463
12.77	0.052232
12.775	0.056483
12.78	0.054816
12.785	0.049375
12.79	0.04397
12.795	0.038697
12.8	0.032717
12.805	0.028533
12.81	0.026669
12.815	0.025029
12.82	0.022669
12.825	0.019914
12.83	0.017188
12.835	0.016686
12.84	0.019037
12.845	0.021343
12.85	0.020861
12.855	0.017455
12.86	0.012629
12.865	0.0077837
12.87	0.0063623
12.875	0.0079934
12.88	0.0094386
12.885	0.0097488
12.89	0.0094458
12.895	0.010317
12.9	0.013263
12.905	0.016096
12.91	0.017112
12.915	0.015771
12.92	0.012472
12.925	0.0097072
12.93	0.0081513
12.935	0.0089823
12.94	0.012013
12.945	0.015314
12.95	0.017442
12.955	0.017145
12.96	0.014755
12.965	0.011648
12.97	0.0098195
12.975	0.011335
12.98	0.014339
12.985	0.017384
12.99	0.020344
12.995	0.023467
13	0.026048
13.005	0.027865
13.01	0.027008
13.015	0.023049
13.02	0.018902
13.025	0.016705
13.03	0.016702
13.035	0.019355
13.04	0.025845
13.045	0.03424
13.05	0.040137
13.055	0.04029
13.06	0.03507
13.065	0.028883
13.07	0.025473
13.075	0.027078
13.08	0.032174
13.085	0.036225
13.09	0.035789
13.095	0.032246
13.1	0.025712
13.105	0.01733
13.11	0.011497
13.115	0.0096627
13.12	0.0098283
13.125	0.0093968
13.13	0.0090067
13.135	0.010072
13.14	0.013818
13.145	0.017654
13.15	0.020112
13.155	0.020134
13.16	0.016777
13.165	0.011093
13.17	0.0060681
13.175	0.0023676
13.18	0.0018955
13.185	0.0034587
13.19	0.0053836
13.195	0.0084395
13.2	0.01253
13.205	0.017006
13.21	0.020018
13.215	0.021345
13.22	0.020062
13.225	0.016682
13.23	0.0148
13.235	0.014264
13.24	0.010545
13.245	0.0027419
13.25	-0.0029363
13.255	-0.006776
13.26	-0.01155
13.265	-0.01786
13.27	-0.02344
13.275	-0.027028
13.28	-0.028409
13.285	-0.029692
13.29	-0.034939
13.295	-0.044451
13.3	-0.055302
13.305	-0.061734
13.31	-0.059963
13.315	-0.050258
13.32	-0.036806
13.325	-0.026372
13.33	-0.023719
13.335	-0.029035
13.34	-0.039383
13.345	-0.047924
13.35	-0.051165
13.355	-0.048439
13.36	-0.04106
13.365	-0.033264
13.37	-0.025838
13.375	-0.021726
13.38	-0.022699
13.385	-0.026585
13.39	-0.031063
13.395	-0.034525
13.4	-0.036207
13.405	-0.035967
13.41	-0.034659
13.415	-0.033973
13.42	-0.03453
13.425	-0.034151
13.43	-0.033331
13.435	-0.033018
13.44	-0.03142
13.445	-0.025575
13.45	-0.016671
13.455	-0.0077333
13.46	0.00017631
13.465	0.006017
13.47	0.0080824
13.475	0.0061705
13.48	0.0035274
13.485	0.0028315
13.49	0.0029991
13.495	0.0010868
13.5	-0.001998
13.505	-0.0031732
13.51	-0.00085481
13.515	0.00062429
13.52	-0.0032399
13.525	-0.011516
13.53	-0.021718
13.535	-0.028393
13.54	-0.030251
13.545	-0.031022
13.55	-0.031685
13.555	-0.029226
13.56	-0.020877
13.565	-0.010781
13.57	-0.0067371
13.575	-0.011114
13.58	-0.01926
13.585	-0.024807
13.59	-0.023544
13.595	-0.015234
13.6	-0.0034888
13.605	0.0053385
13.61	0.0078523
13.615	0.0043647
13.62	-0.0024628
13.625	-0.0088425
13.63	-0.0097003
13.635	-0.0041181
13.64	0.0027749
13.645	0.0071143
13.65	0.0088295
13.655	0.0078247
13.66	0.0039101
13.665	-0.0024786
13.67	-0.009271
13.675	-0.016579
13.68	-0.022508
13.685	-0.025158
13.69	-0.024138
13.695	-0.022326
13.7	-0.022149
13.705	-0.022874
13.71	-0.024024
13.715	-0.025152
13.72	-0.026439
13.725	-0.027021
13.73	-0.027681
13.735	-0.029204
13.74	-0.031413
13.745	-0.033561
13.75	-0.035085
13.755	-0.035038
13.76	-0.031384
13.765	-0.024107
13.77	-0.01341
13.775	-0.0040278
13.78	-0.00026903
13.785	-0.0016386
13.79	-0.0065364
13.795	-0.0092164
13.8	-0.0062366
13.805	-0.00091217
13.81	0.00466
13.815	0.012374
13.82	0.020361
13.825	0.024902
13.83	0.026196
13.835	0.025331
13.84	0.023146
13.845	0.020216
13.85	0.018341
13.855	0.019282
13.86	0.022368
13.865	0.026933
13.87	0.030725
13.875	0.032942
13.88	0.034035
13.885	0.034589
13.89	0.034285
13.895	0.03277
13.9	0.031312
13.905	0.029908
13.91	0.027575
13.915	0.022869
13.92	0.016384
13.925	0.011746
13.93	0.01071
13.935	0.016385
13.94	0.02795
13.945	0.039557
13.95	0.045241
13.955	0.043979
13.96	0.036588
13.965	0.024284
13.97	0.012874
13.975	0.0071919
13.98	0.0072515
13.985	0.0098972
13.99	0.010634
13.995	0.0082391
14	0.00413
14.005	0.00094171
14.01	0.0010835
14.015	0.0057365
14.02	0.012817
14.025	0.019632
14.03	0.023508
14.035	0.023441
14.04	0.021233
14.045	0.01868
14.05	0.015476
14.055	0.010846
14.06	0.0052966
14.065	0.0035704
14.07	0.0091064
14.075	0.01844
14.08	0.028247
14.085	0.035002
14.09	0.03776
14.095	0.037082
14.1	0.033279
14.105	0.028104
14.11	0.023449
14.115	0.019146
14.12	0.014583
14.125	0.010403
14.13	0.0069072
14.135	0.0044111
14.14	0.0045335
14.145	0.0068141
14.15	0.0092946
14.155	0.012042
14.16	0.013326
14.165	0.013115
14.17	0.012592
14.175	0.012289
14.18	0.010298
14.185	0.0083117
14.19	0.0082958
14.195	0.011207
14.2	0.016386
14.205	0.020861
14.21	0.022477
14.215	0.02167
14.22	0.020361
14.225	0.020683
14.23	0.023002
14.235	0.025325
14.24	0.024852
14.245	0.021496
14.25	0.016948
14.255	0.01378
14.26	0.014011
14.265	0.016372
14.27	0.019567
14.275	0.023219
14.28	0.027811
14.285	0.033683
14.29	0.03988
14.295	0.045104
14.3	0.047344
14.305	0.045312
14.31	0.041345
14.315	0.038913
14.32	0.038168
14.325	0.039682
14.33	0.042607
14.335	0.042647
14.34	0.039667
14.345	0.033677
14.35	0.027188
14.355	0.022608
14.36	0.020294
14.365	0.019323
14.37	0.019392
14.375	0.019884
14.38	0.019951
14.385	0.019022
14.39	0.017627
14.395	0.017528
14.4	0.017858
14.405	0.016987
14.41	0.015447
14.415	0.012759
14.42	0.0086922
14.425	0.0050856
14.43	0.0046929
14.435	0.0073721
14.44	0.012695
14.445	0.01798
14.45	0.020761
14.455	0.019217
14.46	0.012044
14.465	0.0039953
14.47	-0.00087872
14.475	-0.0037877
14.48	-0.0059411
14.485	-0.0069298
14.49	-0.0055425
14.495	-0.0022062
14.5	0.0014958
14.505	0.0023314
14.51	-0.0013754
14.515	-0.0049902
14.52	-0.0052684
14.525	-0.0050468
14.53	-0.0066131
14.535	-0.0093051
14.54	-0.013549
14.545	-0.019083
14.55	-0.023762
14.555	-0.026355
14.56	-0.028165
14.565	-0.02726
14.57	-0.023137
14.575	-0.019647
14.58	-0.019168
14.585	-0.020389
14.59	-0.020642
14.595	-0.019137
14.6	-0.015214
14.605	-0.01083
14.61	-0.007222
14.615	-0.0058083
14.62	-0.0028453
14.625	0.00092578
14.63	0.0026838
14.635	0.002193
14.64	-0.0010774
14.645	-0.0078827
14.65	-0.015442
14.655	-0.019969
14.66	-0.020594
14.665	-0.023437
14.67	-0.028078
14.675	-0.029668
14.68	-0.027296
14.685	-0.022921
14.69	-0.02107
14.695	-0.022705
14.7	-0.0264
14.705	-0.028508
14.71	-0.027441
14.715	-0.024282
14.72	-0.019985
14.725	-0.016298
14.73	-0.015161
14.735	-0.019326
14.74	-0.028723
14.745	-0.03737
14.75	-0.042345
14.755	-0.04266
14.76	-0.03875
14.765	-0.03291
14.77	-0.027129
14.775	-0.022702
14.78	-0.02281
14.785	-0.029194
14.79	-0.037712
14.795	-0.046227
14.8	-0.052357
14.805	-0.051312
14.81	-0.042361
14.815	-0.029764
14.82	-0.018179
14.825	-0.010776
14.83	-0.010563
14.835	-0.017924
14.84	-0.027072
14.845	-0.031604
14.85	-0.030562
14.855	-0.02572
14.86	-0.021684
14.865	-0.022227
14.87	-0.027412
14.875	-0.03518
14.88	-0.043511
14.885	-0.048962
14.89	-0.048096
14.895	-0.04236
14.9	-0.036365
14.905	-0.032848
14.91	-0.029651
14.915	-0.029357
14.92	-0.03383
14.925	-0.039652
14.93	-0.046331
14.935	-0.052883
14.94	-0.056782
14.945	-0.056733
14.95	-0.053861
14.955	-0.050101
14.96	-0.046246
14.965	-0.043347
14.97	-0.039659
14.975	-0.035761
14.98	-0.032592
14.985	-0.031578
14.99	-0.033562
14.995	-0.037227
15	-0.039914
15.005	-0.038603
15.01	-0.034077
15.015	-0.029585
15.02	-0.025372
15.025	-0.02087
15.03	-0.015024
15.035	-0.0081245
15.04	-0.0012038
15.045	0.0066773
15.05	0.013949
15.055	0.018688
15.06	0.01901
15.065	0.016722
15.07	0.014684
15.075	0.013297
15.08	0.013261
15.085	0.011705
15.09	0.0086028
15.095	0.007258
15.1	0.0079158
15.105	0.0067752
15.11	0.0043389
15.115	0.0028252
15.12	0.0043342
15.125	0.0083121
15.13	0.014417
15.135	0.020055
15.14	0.02127
15.145	0.017479
15.15	0.010229
15.155	0.0036747
15.16	0.0012652
15.165	0.0040168
15.17	0.0092718
15.175	0.012014
15.18	0.0084197
15.185	0.00049235
15.19	-0.006694
15.195	-0.010089
15.2	-0.0082749
15.205	-0.0014465
15.21	0.0091293
15.215	0.021978
15.22	0.032228
15.225	0.035845
15.23	0.032426
15.235	0.021966
15.24	0.0091181
15.245	-0.002973
15.25	-0.010984
15.255	-0.013009
15.26	-0.0097026
15.265	-0.0042161
15.27	-0.0012175
15.275	-0.0011695
15.28	-0.0013687
15.285	-0.0020474
15.29	-0.0036152
15.295	-0.0071289
15.3	-0.0092467
15.305	-0.0055327
15.31	0.0027122
15.315	0.012862
15.32	0.020775
15.325	0.024581
15.33	0.027466
15.335	0.033208
15.34	0.040993
15.345	0.047446
15.35	0.050155
15.355	0.049743
15.36	0.045928
15.365	0.039129
15.37	0.032586
15.375	0.030559
15.38	0.032241
15.385	0.035128
15.39	0.037155
15.395	0.037982
15.4	0.038101
15.405	0.040335
15.41	0.043186
15.415	0.043023
15.42	0.039178
15.425	0.032499
15.43	0.025741
15.435	0.022925
15.44	0.023198
15.445	0.023022
15.45	0.021353
15.455	0.018634
15.46	0.014404
15.465	0.0099832
15.47	0.0056208
15.475	0.0020553
15.48	-0.00091728
15.485	-0.001424
15.49	0.0011952
15.495	0.0038279
15.5	0.0023151
15.505	-0.0044717
15.51	-0.014603
15.515	-0.024119
15.52	-0.029189
15.525	-0.028442
15.53	-0.024334
15.535	-0.019852
15.54	-0.017416
15.545	-0.019534
15.55	-0.023014
15.555	-0.022812
15.56	-0.018858
15.565	-0.012982
15.57	-0.0084684
15.575	-0.0077048
15.58	-0.011972
15.585	-0.017106
15.59	-0.018802
15.595	-0.018899
15.6	-0.018379
15.605	-0.017076
15.61	-0.01391
15.615	-0.011122
15.62	-0.0095368
15.625	-0.0073721
15.63	-0.0055281
15.635	-0.0057844
15.64	-0.0082275
15.645	-0.012069
15.65	-0.015622
15.655	-0.016191
15.66	-0.01138
15.665	-0.0036515
15.67	0.0040631
15.675	0.012099
15.68	0.018125
15.685	0.02162
15.69	0.024704
15.695	0.026438
15.7	0.025955
15.705	0.024081
15.71	0.022078
15.715	0.01978
15.72	0.019671
15.725	0.022949
15.73	0.026741
15.735	0.02814
15.74	0.025709
15.745	0.020995
15.75	0.018866
15.755	0.020878
15.76	0.026322
15.765	0.030899
15.77	0.031726
15.775	0.030591
15.78	0.029152
15.785	0.026839
15.79	0.026632
15.795	0.027316
15.8	0.027334
15.805	0.02736
15.81	0.026054
15.815	0.022329
15.82	0.01699
15.825	0.011729
15.83	0.0076324
15.835	0.0050368
15.84	0.007527
15.845	0.01518
15.85	0.022628
15.855	0.027869
15.86	0.030785
15.865	0.032479
15.87	0.032764
15.875	0.029894
15.88	0.025296
15.885	0.019955
15.89	0.014138
15.895	0.0089151
15.9	0.0056009
15.905	0.0049792
15.91	0.0070444
15.915	0.0093763
15.92	0.0095802
15.925	0.0065878
15.93	0.0040533
15.935	0.0045752
15.94	0.0057701
15.945	0.0086342
15.95	0.013911
15.955	0.020824
15.96	0.026169
15.965	0.025292
15.97	0.017752
15.975	0.010049
15.98	0.0036576
15.985	0.00078249
15.99	0.00060123
15.995	0.00079459
16	0.001404
16.005	-2.2157e-05
16.01	-0.0030654
16.015	-0.0063874
16.02	-0.010447
16.025	-0.015971
16.03	-0.022719
16.035	-0.026179
16.04	-0.025472
16.045	-0.024238
16.05	-0.022138
16.055	-0.017634
16.06	-0.011735
16.065	-0.0055884
16.07	4.152e-05
16.075	0.0032357
16.08	0.0021356
16.085	-0.00082465
16.09	-0.001967
16.095	-0.0007208
16.1	0.0027474
16.105	0.0067156
16.11	0.0092178
16.115	0.0091743
16.12	0.0088711
16.125	0.0087658
16.13	0.0074923
16.135	0.0050445
16.14	0.0027171
16.145	5.2263e-05
16.15	-0.0036565
16.155	-0.0090488
16.16	-0.014958
16.165	-0.020619
16.17	-0.023677
16.175	-0.02394
16.18	-0.023231
16.185	-0.023438
16.19	-0.024329
16.195	-0.026648
16.2	-0.031437
16.205	-0.036934
16.21	-0.041253
16.215	-0.044528
16.22	-0.048156
16.225	-0.052915
16.23	-0.059082
16.235	-0.064582
16.24	-0.066362
16.245	-0.061671
16.25	-0.052682
16.255	-0.04344
16.26	-0.037135
16.265	-0.034621
16.27	-0.036418
16.275	-0.040243
16.28	-0.043874
16.285	-0.048044
16.29	-0.050881
16.295	-0.052152
16.3	-0.052871
16.305	-0.050042
16.31	-0.043776
16.315	-0.037685
16.32	-0.032606
16.325	-0.028773
16.33	-0.026808
16.335	-0.024512
16.34	-0.019843
16.345	-0.013288
16.35	-0.0078404
16.355	-0.0068466
16.36	-0.012804
16.365	-0.023166
16.37	-0.034912
16.375	-0.044543
16.38	-0.050127
16.385	-0.050287
16.39	-0.044488
16.395	-0.034667
16.4	-0.02517
16.405	-0.019247
16.41	-0.017833
16.415	-0.018642
16.42	-0.016518
16.425	-0.010441
16.43	-0.001983
16.435	0.0050014
16.44	0.0081515
16.445	0.0086697
16.45	0.0085412
16.455	0.0098437
16.46	0.01243
16.465	0.013302
16.47	0.01108
16.475	0.0061025
16.48	-0.00028144
16.485	-0.0044065
16.49	-0.00087032
16.495	0.0077805
16.5	0.014402
16.505	0.015385
16.51	0.013725
16.515	0.012129
16.52	0.011525
16.525	0.013909
16.53	0.017372
16.535	0.019626
16.54	0.018933
16.545	0.014498
16.55	0.0092829
16.555	0.0046845
16.56	0.002847
16.565	0.0048054
16.57	0.0087395
16.575	0.012909
16.58	0.017112
16.585	0.021266
16.59	0.025088
16.595	0.027759
16.6	0.028826
16.605	0.029585
16.61	0.031484
16.615	0.032826
16.62	0.032683
16.625	0.030961
16.63	0.028012
16.635	0.026253
16.64	0.024996
16.645	0.021653
16.65	0.018239
16.655	0.016006
16.66	0.015317
16.665	0.018068
16.67	0.022364
16.675	0.026414
16.68	0.029838
16.685	0.031523
16.69	0.030838
16.695	0.029427
16.7	0.027789
16.705	0.025742
16.71	0.023827
16.715	0.02349
16.72	0.026011
16.725	0.030408
16.73	0.033606
16.735	0.034034
16.74	0.03059
16.745	0.023194
16.75	0.013143
16.755	0.0047706
16.76	0.00094694
16.765	0.0029363
16.77	0.0087074
16.775	0.016009
16.78	0.021946
16.785	0.025586
16.79	0.026904
16.795	0.027167
16.8	0.028975
16.805	0.032819
16.81	0.038891
16.815	0.047148
16.82	0.056472
16.825	0.064794
16.83	0.068699
16.835	0.067168
16.84	0.063293
16.845	0.057818
16.85	0.051982
16.855	0.046638
16.86	0.04098
16.865	0.036869
16.87	0.035172
16.875	0.037122
16.88	0.038066
16.885	0.035758
16.89	0.031306
16.895	0.025783
16.9	0.021309
16.905	0.01945
16.91	0.022157
16.915	0.027607
16.92	0.032566
16.925	0.035355
16.93	0.034218
16.935	0.029134
16.94	0.022339
16.945	0.015079
16.95	0.0075999
16.955	0.0016211
16.96	-0.0017397
16.965	-0.0025053
16.97	-0.00072085
16.975	0.0039617
16.98	0.0084174
16.985	0.011232
16.99	0.012847
16.995	0.012961
17	0.01054
17.005	0.0076141
17.01	0.0070985
17.015	0.0086279
17.02	0.012595
17.025	0.017939
17.03	0.022109
17.035	0.023559
17.04	0.02011
17.045	0.013988
17.05	0.0088877
17.055	0.0060665
17.06	0.004526
17.065	0.0035081
17.07	0.0037126
17.075	0.0036196
17.08	0.0030312
17.085	0.0029145
17.09	0.00083626
17.095	-0.004807
17.1	-0.01394
17.105	-0.023522
17.11	-0.027636
17.115	-0.025109
17.12	-0.017824
17.125	-0.0072993
17.13	0.0030657
17.135	0.0082367
17.14	0.0045627
17.145	-0.0041047
17.15	-0.012363
17.155	-0.018315
17.16	-0.020272
17.165	-0.018586
17.17	-0.01567
17.175	-0.011562
17.18	-0.007679
17.185	-0.0064465
17.19	-0.0084044
17.195	-0.01231
17.2	-0.017995
17.205	-0.025311
17.21	-0.032735
17.215	-0.03583
17.22	-0.03254
17.225	-0.024833
17.23	-0.015618
17.235	-0.0095102
17.24	-0.007394
17.245	-0.0089357
17.25	-0.014587
17.255	-0.023392
17.26	-0.033158
17.265	-0.042562
17.27	-0.050441
17.275	-0.05283
17.28	-0.048782
17.285	-0.04019
17.29	-0.032144
17.295	-0.027631
17.3	-0.026166
17.305	-0.026322
17.31	-0.027963
17.315	-0.029117
17.32	-0.027485
17.325	-0.023609
17.33	-0.019953
17.335	-0.017742
17.34	-0.017497
17.345	-0.020692
17.35	-0.024882
17.355	-0.029344
17.36	-0.034169
17.365	-0.036944
17.37	-0.03733
17.375	-0.038196
17.38	-0.039531
17.385	-0.039166
17.39	-0.036895
17.395	-0.034689
17.4	-0.034274
17.405	-0.034832
17.41	-0.036905
17.415	-0.041319
17.42	-0.047411
17.425	-0.052969
17.43	-0.055867
17.435	-0.056794
17.44	-0.057526
17.445	-0.058127
17.45	-0.05544
17.455	-0.047521
17.46	-0.03525
17.465	-0.02268
17.47	-0.015067
17.475	-0.013912
17.48	-0.019832
17.485	-0.030936
17.49	-0.041639
17.495	-0.046759
17.5	-0.044713
17.505	-0.036865
17.51	-0.028389
17.515	-0.02243
17.52	-0.0164
17.525	-0.0087886
17.53	-0.0041034
17.535	-0.0054133
17.54	-0.0098342
17.545	-0.013062
17.55	-0.014645
17.555	-0.014622
17.56	-0.014166
17.565	-0.011447
17.57	-0.0067808
17.575	-0.0031196
17.58	-0.0028955
17.585	-0.0055368
17.59	-0.0058113
17.595	-0.0020023
17.6	0.0030407
17.605	0.0072333
17.61	0.0091781
17.615	0.0084292
17.62	0.0064437
17.625	0.0076504
17.63	0.012286
17.635	0.018472
17.64	0.024549
17.645	0.028317
17.65	0.029778
17.655	0.029724
17.66	0.027875
17.665	0.021305
17.67	0.011138
17.675	0.0024216
17.68	-0.0031124
17.685	-0.006095
17.69	-0.0065733
17.695	-0.0053634
17.7	-0.0032765
17.705	-1.4465e-05
17.71	0.0051369
17.715	0.010166
17.72	0.013256
17.725	0.01398
17.73	0.013085
17.735	0.0081483
17.74	0.00040653
17.745	-0.0037918
17.75	-0.0029216
17.755	-0.00093008
17.76	-0.00036932
17.765	-0.0031981
17.77	-0.0073856
17.775	-0.0098479
17.78	-0.0066717
17.785	0.00081708
17.79	0.0092883
17.795	0.017298
17.8	0.024718
17.805	0.031286
17.81	0.035001
17.815	0.033517
17.82	0.02777
17.825	0.018721
17.83	0.0067654
17.835	-0.006122
17.84	-0.015101
17.845	-0.015457
17.85	-0.0072287
17.855	0.0064553
17.86	0.01986
17.865	0.030459
17.87	0.038217
17.875	0.040826
17.88	0.038906
17.885	0.034202
17.89	0.026869
17.895	0.019566
17.9	0.011095
17.905	0.0020749
17.91	-0.0042866
17.915	-0.0049709
17.92	-0.001275
17.925	0.0044259
17.93	0.010708
17.935	0.017788
17.94	0.023987
17.945	0.026382
17.95	0.023788
17.955	0.018343
17.96	0.012725
17.965	0.0093687
17.97	0.0056955
17.975	-0.001361
17.98	-0.0084679
17.985	-0.0092935
17.99	-0.0028943
17.995	0.0072674
18	0.017061
18.005	0.020928
18.01	0.019332
18.015	0.014475
18.02	0.0091921
18.025	0.0057482
18.03	0.0050859
18.035	0.0072295
18.04	0.008098
18.045	0.0046873
18.05	6.8378e-05
18.055	-0.0039589
18.06	-0.0083543
18.065	-0.012641
18.07	-0.015464
18.075	-0.015354
18.08	-0.014048
18.085	-0.012647
18.09	-0.010828
18.095	-0.0098373
18.1	-0.010111
18.105	-0.0093709
18.11	-0.0077112
18.115	-0.00877
18.12	-0.012147
18.125	-0.012873
18.13	-0.0098153
18.135	-0.0039142
18.14	-0.00016136
18.145	0.00034522
18.15	-0.0034026
18.155	-0.0094999
18.16	-0.013436
18.165	-0.012807
18.17	-0.0068314
18.175	0.0017471
18.18	0.0074803
18.185	0.0078701
18.19	0.0032059
18.195	-0.0020702
18.2	-0.0027484
18.205	0.0034451
18.21	0.013372
18.215	0.021065
18.22	0.022017
18.225	0.015435
18.23	0.006447
18.235	0.00020815
18.24	-0.0015151
18.245	-0.00030901
18.25	0.00013455
18.255	-0.001226
18.26	-0.0024946
18.265	-0.0020492
18.27	1.797e-05
18.275	0.00099749
18.28	-0.0010823
18.285	-0.0039029
18.29	-0.0032355
18.295	0.00074456
18.3	0.0080369
18.305	0.017112
18.31	0.023286
18.315	0.024208
18.32	0.021852
18.325	0.016177
18.33	0.0090935
18.335	0.0046165
18.34	0.0044412
18.345	0.0067198
18.35	0.010703
18.355	0.015779
18.36	0.02077
18.365	0.024032
18.37	0.021763
18.375	0.013183
18.38	-0.0015498
18.385	-0.019719
18.39	-0.036025
18.395	-0.045786
18.4	-0.047002
18.405	-0.040283
18.41	-0.028771
18.415	-0.018369
18.42	-0.014227
18.425	-0.015665
18.43	-0.021032
18.435	-0.02621
18.44	-0.028584
18.445	-0.025476
18.45	-0.018607
18.455	-0.010986
18.46	-0.0038668
18.465	0.0007388
18.47	0.0011066
18.475	-0.00013735
18.48	-0.00085126
18.485	-0.0017117
18.49	-0.0033161
18.495	-0.0052239
18.5	-0.0063164
18.505	-0.0072828
18.51	-0.0066668
18.515	-0.0054366
18.52	-0.0059619
18.525	-0.0081224
18.53	-0.011999
18.535	-0.016981
18.54	-0.020111
18.545	-0.017252
18.55	-0.0086913
18.555	0.0014489
18.56	0.009783
18.565	0.013667
18.57	0.01232
18.575	0.0098529
18.58	0.0081478
18.585	0.0077974
18.59	0.0080397
18.595	0.0077857
18.6	0.0049492
18.605	0.00037473
18.61	-0.0048603
18.615	-0.011431
18.62	-0.017782
18.625	-0.022831
18.63	-0.024894
18.635	-0.022974
18.64	-0.017091
18.645	-0.0099761
18.65	-0.0044315
18.655	-0.0041865
18.66	-0.0068442
18.665	-0.0085228
18.67	-0.0086226
18.675	-0.0090098
18.68	-0.0076893
18.685	-0.0031292
18.69	0.0022962
18.695	0.0068098
18.7	0.0081869
18.705	0.0049109
18.71	-0.00022468
18.715	-0.0029587
18.72	-0.0020891
18.725	0.0018192
18.73	0.0083612
18.735	0.017704
18.74	0.027372
18.745	0.03433
18.75	0.038389
18.755	0.038964
18.76	0.036658
18.765	0.033515
18.77	0.031008
18.775	0.029324
18.78	0.029177
18.785	0.032434
18.79	0.03744
18.795	0.043226
18.8	0.050626
18.805	0.057583
18.81	0.061193
18.815	0.061868
18.82	0.062153
18.825	0.061234
18.83	0.059364
18.835	0.056047
18.84	0.050122
18.845	0.040925
18.85	0.030908
18.855	0.023525
18.86	0.022203
18.865	0.027947
18.87	0.036963
18.875	0.042038
18.88	0.040155
18.885	0.033552
18.89	0.02344
18.895	0.012993
18.9	0.0070271
18.905	0.0057904
18.91	0.007409
18.915	0.011065
18.92	0.016618
18.925	0.021421
18.93	0.021013
18.935	0.016508
18.94	0.010785
18.945	0.0064535
18.95	0.0032814
18.955	0.00011057
18.96	-0.0040388
18.965	-0.0093998
18.97	-0.015541
18.975	-0.021106
18.98	-0.024002
18.985	-0.024647
18.99	-0.022887
18.995	-0.020139
19	-0.019438
19.005	-0.019205
19.01	-0.017808
19.015	-0.014147
19.02	-0.0089556
19.025	-0.0064305
19.03	-0.0090002
19.035	-0.017788
19.04	-0.029785
19.045	-0.038844
19.05	-0.043251
19.055	-0.041957
19.06	-0.034492
19.065	-0.023291
19.07	-0.010816
19.075	1.542e-05
19.08	0.0069384
19.085	0.0090743
19.09	0.0075441
19.095	0.0050089
19.1	0.0037329
19.105	0.0042137
19.11	0.0077805
19.115	0.012771
19.12	0.015931
19.125	0.017267
19.13	0.019294
19.135	0.021762
19.14	0.024969
19.145	0.026909
19.15	0.028706
19.155	0.029715
19.16	0.028483
19.165	0.024781
19.17	0.021757
19.175	0.020874
19.18	0.022056
19.185	0.023257
19.19	0.022257
19.195	0.020126
19.2	0.021061
19.205	0.025926
19.21	0.03169
19.215	0.035698
19.22	0.035445
19.225	0.031822
19.23	0.026752
19.235	0.018968
19.24	0.0099883
19.245	0.0035765
19.25	-0.00019882
19.255	-0.0024756
19.26	-0.00213
19.265	0.0014147
19.27	0.0072801
19.275	0.014453
19.28	0.020669
19.285	0.021749
19.29	0.016381
19.295	0.0065633
19.3	-0.0034775
19.305	-0.0093834
19.31	-0.01067
19.315	-0.0090017
19.32	-0.0069138
19.325	-0.0058593
19.33	-0.0065526
19.335	-0.0091883
19.34	-0.012585
19.345	-0.01265
19.35	-0.010131
19.355	-0.0087449
19.36	-0.0091808
19.365	-0.011184
19.37	-0.013516
19.375	-0.016659
19.38	-0.018293
19.385	-0.016815
19.39	-0.013992
19.395	-0.01128
19.4	-0.01106
19.405	-0.014513
19.41	-0.019945
19.415	-0.023815
19.42	-0.024574
19.425	-0.022771
19.43	-0.018438
19.435	-0.013855
19.44	-0.0096264
19.445	-0.0068742
19.45	-0.0068539
19.455	-0.0090325
19.46	-0.013894
19.465	-0.019018
19.47	-0.02201
19.475	-0.023852
19.48	-0.023452
19.485	-0.020333
19.49	-0.018164
19.495	-0.019712
19.5	-0.024502
19.505	-0.03121
19.51	-0.039422
19.515	-0.046163
19.52	-0.049487
19.525	-0.050014
19.53	-0.048498
19.535	-0.046421
19.54	-0.044674
19.545	-0.043048
19.55	-0.040247
19.555	-0.035472
19.56	-0.030764
19.565	-0.027484
19.57	-0.025439
19.575	-0.025759
19.58	-0.029297
19.585	-0.033157
19.59	-0.03427
19.595	-0.034894
19.6	-0.034952
19.605	-0.033773
19.61	-0.031807
19.615	-0.028548
19.62	-0.023343
19.625	-0.018776
19.63	-0.017296
19.635	-0.018799
19.64	-0.022878
19.645	-0.026881
19.65	-0.028723
19.655	-0.027645
19.66	-0.024227
19.665	-0.023471
19.67	-0.027796
19.675	-0.035867
19.68	-0.043955
19.685	-0.047389
19.69	-0.043818
19.695	-0.037272
19.7	-0.032661
19.705	-0.032114
19.71	-0.033797
19.715	-0.033125
19.72	-0.027145
19.725	-0.016793
19.73	-0.0083149
19.735	-0.0066605
19.74	-0.011859
19.745	-0.020735
19.75	-0.029617
19.755	-0.033807
19.76	-0.028528
19.765	-0.01489
19.77	0.0028639
19.775	0.018882
19.78	0.027928
19.785	0.028228
19.79	0.023541
19.795	0.016471
19.8	0.01066
19.805	0.0081588
19.81	0.009114
19.815	0.01114
19.82	0.013047
19.825	0.015859
19.83	0.019187
19.835	0.02271
19.84	0.027481
19.845	0.03232
19.85	0.034825
19.855	0.034195
19.86	0.032305
19.865	0.031218
19.87	0.032259
19.875	0.034554
19.88	0.034687
19.885	0.032872
19.89	0.031974
19.895	0.031299
19.9	0.029823
19.905	0.027428
19.91	0.026136
19.915	0.023502
19.92	0.019602
19.925	0.016191
19.93	0.013357
19.935	0.0096826
19.94	0.0033366
19.945	-0.0020754
19.95	-0.0032721
19.955	-0.0027111
19.96	-0.00076516
19.965	0.0042923
19.97	0.012499
19.975	0.021071
19.98	0.026649
19.985	0.027725
19.99	0.024881
19.995	0.020019
20	0.013421
20.005	0.0050413
20.01	-0.0035908
20.015	-0.011323
20.02	-0.016323
20.025	-0.018279
20.03	-0.018948
20.035	-0.01911
20.04	-0.015545
20.045	-0.0088938
20.05	-0.0013993
20.055	0.0054601
20.06	0.0072499
20.065	0.0032087
20.07	-0.0051982
20.075	-0.013936
20.08	-0.01789
20.085	-0.015863
20.09	-0.012143
20.095	-0.0082284
20.1	-0.0016883
20.105	0.0079525
20.11	0.017236
20.115	0.021276
20.12	0.018769
20.125	0.014005
20.13	0.011745
20.135	0.011744
20.14	0.011247
20.145	0.0098945
20.15	0.0087378
20.155	0.0078934
20.16	0.008349
20.165	0.010307
20.17	0.012752
20.175	0.014316
20.18	0.014125
20.185	0.012835
20.19	0.0090716
20.195	0.0019776
20.2	-0.0069753
20.205	-0.014685
20.21	-0.018501
20.215	-0.018893
20.22	-0.016357
20.225	-0.011147
20.23	-0.005312
20.235	-0.0019489
20.24	-0.0014182
20.245	0.00071881
20.25	0.007499
20.255	0.015827
20.26	0.02038
20.265	0.019806
20.27	0.016696
20.275	0.013854
20.28	0.01009
20.285	0.0052249
20.29	0.00012131
20.295	-0.0033708
20.3	-0.0049656
20.305	-0.0062434
20.31	-0.0066507
20.315	-0.0056143
20.32	-0.00094803
20.325	0.0052414
20.33	0.0090831
20.335	0.0097376
20.34	0.008122
20.345	0.0052493
20.35	0.0024734
20.355	0.0014798
20.36	0.0043011
20.365	0.00913
20.37	0.011993
20.375	0.010721
20.38	0.0051024
20.385	-0.001686
20.39	-0.006747
20.395	-0.0077648
20.4	-0.0055041
20.405	-0.00066771
20.41	0.0045696
20.415	0.0063736
20.42	0.0047314
20.425	0.0014745
20.43	-0.0012214
20.435	-0.0015039
20.44	0.0019513
20.445	0.0063868
20.45	0.0086565
20.455	0.007742
20.46	0.0033927
20.465	-0.003389
20.47	-0.011069
20.475	-0.018082
20.48	-0.023059
20.485	-0.025401
20.49	-0.02445
20.495	-0.018119
20.5	-0.0098321
20.505	-0.0013795
20.51	0.0051747
20.515	0.0056955
20.52	0.00038594
20.525	-0.0068815
20.53	-0.012473
20.535	-0.01278
20.54	-0.0061201
20.545	0.0027426
20.55	0.0084297
20.555	0.010072
20.56	0.0077392
20.565	0.0029093
20.57	-0.0027458
20.575	-0.0081357
20.58	-0.012303
20.585	-0.015218
20.59	-0.016135
20.595	-0.015391
20.6	-0.013429
20.605	-0.0098805
20.61	-0.0053044
20.615	-0.00198
20.62	-0.00061475
20.625	-0.00031058
20.63	0.00044225
20.635	0.0013274
20.64	0.0018986
20.645	0.0022766
20.65	0.0019337
20.655	0.00086257
20.66	0.00046683
20.665	0.0023875
20.67	0.0073987
20.675	0.011732
20.68	0.012939
20.685	0.011584
20.69	0.0084889
20.695	0.005381
20.7	0.0031608
20.705	0.0025104
20.71	0.003477
20.715	0.0056162
20.72	0.0074318
20.725	0.0083277
20.73	0.0087784
20.735	0.0089649
20.74	0.0089415
20.745	0.0093818
20.75	0.0098775
20.755	0.0089325
20.76	0.0069485
20.765	0.0059301
20.77	0.0060872
20.775	0.0075339
20.78	0.0092812
20.785	0.010773
20.79	0.010564
20.795	0.0087619
20.8	0.007471
20.805	0.0078953
20.81	0.0091686
20.815	0.0092481
20.82	0.0080074
20.825	0.0064082
20.83	0.0061694
20.835	0.0071117
20.84	0.0089664
20.845	0.012023
20.85	0.01459
20.855	0.015065
20.86	0.01308
20.865	0.0099873
20.87	0.0068834
20.875	0.0061337
20.88	0.0090537
20.885	0.014389
20.89	0.019236
20.895	0.022878
20.9	0.025607
20.905	0.026398
20.91	0.024765
20.915	0.02174
20.92	0.019443
20.925	0.01816
20.93	0.016304
20.935	0.013589
20.94	0.0095187
20.945	0.0056865
20.95	0.003471
20.955	0.0020311
20.96	0.0012867
20.965	0.0020811
20.97	0.0044204
20.975	0.0067912
20.98	0.0077214
20.985	0.0085609
20.99	0.0094193
20.995	0.0087606
21	0.0056734
21.005	0.00033747
21.01	-0.0053663
21.015	-0.0092489
21.02	-0.0096139
21.025	-0.0083341
21.03	-0.0067766
21.035	-0.0046431
21.04	-0.0033569
21.045	-0.0038761
21.05	-0.0052289
21.055	-0.0063496
21.06	-0.0065438
21.065	-0.0067987
21.07	-0.0069678
21.075	-0.0077801
21.08	-0.009325
21.085	-0.010764
21.09	-0.010987
21.095	-0.010568
21.1	-0.0097511
21.105	-0.0082039
21.11	-0.0062237
21.115	-0.0045994
21.12	-0.0032864
21.125	-0.0038558
21.13	-0.0069927
21.135	-0.010599
21.14	-0.012665
21.145	-0.013108
21.15	-0.012346
21.155	-0.010745
21.16	-0.0084522
21.165	-0.0067471
21.17	-0.0060794
21.175	-0.0055524
21.18	-0.0046539
21.185	-0.0034876
21.19	-0.0019563
21.195	-0.0017633
21.2	-0.0040598
21.205	-0.007968
21.21	-0.012086
21.215	-0.015324
21.22	-0.017306
21.225	-0.016909
21.23	-0.01359
21.235	-0.0081295
21.24	-0.00233
21.245	0.0017476
21.25	0.0036668
21.255	0.0037547
21.26	0.0018326
21.265	-0.0016247
21.27	-0.0055906
21.275	-0.0083777
21.28	-0.0087544
21.285	-0.0067436
21.29	-0.0034365
21.295	-0.00037351
21.3	0.0013666
21.305	0.0019124
21.31	0.002025
21.315	0.0019055
21.32	0.0014262
21.325	0.00081631
21.33	0.0004793
21.335	0.00062512
21.34	0.0011276
21.345	0.0015258
21.35	0.0016965
21.355	0.0016213
21.36	0.0016261
21.365	0.0020027
21.37	0.0025761
21.375	0.0030698
21.38	0.0027766
21.385	0.0015818
21.39	2.3448e-05
21.395	-0.0012024
21.4	-0.0019611
21.405	-0.0028268
21.41	-0.0033841
21.415	-0.0030988
21.42	-0.0024777
21.425	-0.0019041
21.43	-0.0012124
21.435	-6.3424e-05
21.44	0.0012376
21.445	0.0021934
21.45	0.0024383
21.455	0.0017434
21.46	0.00063837
21.465	-0.0002835
21.47	-0.00095966
21.475	-0.0013083
21.48	-0.0012514
21.485	-0.001217
21.49	-0.0014609
21.495	-0.0016757
21.5	-0.0015496
21.505	-0.0011292
21.51	-0.00084443
21.515	-0.00085278
21.52	-0.001176
21.525	-0.0015854
21.53	-0.0019561
21.535	-0.0022409
21.54	-0.0022873
21.545	-0.0020953
21.55	-0.0017991
21.555	-0.0017412
21.56	-0.0020145
21.565	-0.002512
21.57	-0.0029794
21.575	-0.0031367
21.58	-0.0028724
21.585	-0.0024776
21.59	-0.0021687
21.595	-0.0018491
21.6	-0.0014554
21.605	-0.0011911
21.61	-0.0011217
21.615	-0.0011021
21.62	-0.0010754
21.625	-0.0010447
21.63	-0.0010223
21.635	-0.0011674
21.64	-0.0014857
21.645	-0.0017089
21.65	-0.0016483
21.655	-0.0014562
21.66	-0.0012682
21.665	-0.0010915
21.67	-0.00094988
21.675	-0.00087603
21.68	-0.00092078
21.685	-0.001053
21.69	-0.0012456
21.695	-0.0014183
21.7	-0.0014428
21.705	-0.0013234
21.71	-0.0011875
21.715	-0.0010006
21.72	-0.00078236
21.725	-0.00062829
21.73	-0.00056632
21.735	-0.00051789
21.74	-0.0004422
21.745	-0.00039975
21.75	-0.00035379
21.755	-0.00026053
21.76	-0.00016282
21.765	-8.9283e-05
21.77	-5.1618e-05
21.775	-2.5594e-05
21.78	-5.7489e-06
21.785	1.4224e-05
21.79	3.9463e-05
21.795	6.6331e-05
21.8	9.065e-05
21.805	0.00010847
21.81	0.00012292
21.815	0.00015199
21.82	0.00024266
21.825	0.00037472
21.83	0.00048249
21.835	0.00054562
21.84	0.00057283
21.845	0.00058782
21.85	0.0005995
21.855	0.00060733
21.86	0.00060772
21.865	0.00061287
21.87	0.0006353
21.875	0.00067363
21.88	0.0007156
21.885	0.00074991
21.89	0.00076271
21.895	0.00075654
21.9	0.00074845
21.905	0.00075194
21.91	0.00076579
21.915	0.00078063
21.92	0.00079205
21.925	0.00080015
21.93	0.00079966
21.935	0.00079003
21.94	0.00077549
21.945	0.00076289
21.95	0.00075699
21.955	0.00075656
21.96	0.00075565
21.965	0.00075033
21.97	0.00073888
21.975	0.00072189
21.98	0.00070155
21.985	0.00068067
21.99	0.00066128
21.995	0.00064464
22	0.00062967
22.005	0.00061443
22.01	0.00059692
22.015	0.00057661
22.02	0.00055407
22.025	0.00053035
22.03	0.00050573
22.035	0.00048054
22.04	0.00045514
22.045	0.00042985
22.05	0.00040464
22.055	0.00037947
22.06	0.00035426
22.065	0.00032899
22.07	0.00030365
22.075	0.00027833
22.08	0.00025308
22.085	0.00022795
22.09	0.00020299
22.095	0.00017822
22.1	0.00015367
22.105	0.00012935
22.11	0.0001053
22.115	8.1519e-05
22.12	5.8031e-05
