0	2.0798e-05
0.02	2.0566e-05
0.04	2.0432e-05
0.06	2.0225e-05
0.08	2.0065e-05
0.1	1.9848e-05
0.12	1.9722e-05
0.14	1.95e-05
0.16	1.9353e-05
0.18	1.9131e-05
0.2	1.9013e-05
0.22	1.8696e-05
0.24	1.8563e-05
0.26	1.8338e-05
0.28	1.8193e-05
0.3	1.7979e-05
0.32	1.7841e-05
0.34	1.7626e-05
0.36	1.7465e-05
0.38	1.7248e-05
0.4	1.7115e-05
0.42	1.7243e-05
0.44	1.7109e-05
0.46	1.6911e-05
0.48	1.7241e-05
0.5	1.708e-05
0.52	1.7001e-05
0.54	1.6285e-05
0.56	1.6179e-05
0.58	1.5989e-05
0.6	1.5202e-05
0.62	1.5002e-05
0.64	1.4107e-05
0.66	1.3864e-05
0.68	1.3702e-05
0.7	1.3457e-05
0.72	1.4234e-05
0.74	1.4029e-05
0.76	1.4949e-05
0.78	1.4791e-05
0.8	1.4715e-05
0.82	1.4548e-05
0.84	1.5722e-05
0.86	1.4257e-05
0.88	1.4164e-05
0.9	1.3982e-05
0.92	1.2355e-05
0.94	1.214e-05
0.96	1.2001e-05
0.98	1.1803e-05
1	1.1672e-05
1.02	1.1482e-05
1.04	1.1359e-05
1.06	1.3176e-05
1.08	1.3075e-05
1.1	1.2934e-05
1.12	1.2827e-05
1.14	1.2672e-05
1.16	1.2577e-05
1.18	1.2438e-05
1.2	1.2336e-05
1.22	1.2197e-05
1.24	1.2113e-05
1.26	9.1696e-06
1.28	9.0401e-06
1.3	8.8574e-06
1.32	8.7539e-06
1.34	8.5661e-06
1.36	8.4227e-06
1.38	8.2797e-06
1.4	8.1465e-06
1.42	1.1527e-05
1.44	1.138e-05
1.46	1.1266e-05
1.48	1.1164e-05
1.5	1.1028e-05
1.52	1.0915e-05
1.54	1.0788e-05
1.56	1.0683e-05
1.58	6.2391e-06
1.6	6.1606e-06
1.62	5.9663e-06
1.64	5.8677e-06
1.66	5.6911e-06
1.68	5.6055e-06
1.7	5.4421e-06
1.72	5.3626e-06
1.74	1.0391e-05
1.76	1.0319e-05
1.78	1.0185e-05
1.8	1.0087e-05
1.82	9.9404e-06
1.84	9.8399e-06
1.86	3.7942e-06
1.88	9.7294e-06
1.9	9.5586e-06
1.92	3.2331e-06
1.94	3.1083e-06
1.96	3.0221e-06
1.98	2.8809e-06
2	2.7765e-06
2.02	2.6541e-06
2.04	9.5619e-06
2.06	9.4039e-06
2.08	9.3059e-06
2.1	9.1756e-06
2.12	9.0793e-06
2.14	8.9699e-06
2.16	8.8573e-06
2.18	7.9878e-07
2.2	7.4621e-07
2.22	6.359e-07
2.24	5.6345e-07
2.26	4.3346e-07
2.28	3.8039e-07
2.3	8.9649e-06
2.32	-2.0702e-09
2.34	-8.8733e-08
2.36	-1.6197e-07
2.38	-2.9417e-07
2.4	-3.5087e-07
2.42	-4.3922e-07
2.44	-4.9097e-07
2.46	9.2748e-06
2.48	9.1345e-06
2.5	8.9904e-06
2.52	8.8863e-06
2.54	8.7403e-06
2.56	8.5971e-06
2.58	8.4321e-06
2.6	-2.5779e-06
2.62	-2.6265e-06
2.64	-2.6805e-06
2.66	-2.7613e-06
2.68	-2.8211e-06
2.7	-2.891e-06
2.72	-2.9456e-06
2.74	8.9302e-06
2.76	8.7633e-06
2.78	8.6251e-06
2.8	8.4811e-06
2.82	8.3309e-06
2.84	8.1766e-06
2.86	8.0552e-06
2.88	7.8891e-06
2.9	-5.4527e-06
2.92	-5.4585e-06
2.94	-5.5301e-06
2.96	-1.9234e-05
2.98	-1.9115e-05
3	-1.9041e-05
3.02	-1.8921e-05
3.04	-4.549e-06
3.06	9.8532e-06
3.08	9.6385e-06
3.1	9.4984e-06
3.12	9.3226e-06
3.14	9.1711e-06
3.16	8.9718e-06
3.18	8.8208e-06
3.2	8.6369e-06
3.22	8.4998e-06
3.24	8.2926e-06
3.26	8.1728e-06
3.28	7.9765e-06
3.3	-8.6406e-06
3.32	-8.5984e-06
3.34	-8.6215e-06
3.36	-2.5542e-05
3.38	-2.5324e-05
3.4	-2.5145e-05
3.42	-7.5177e-06
3.44	1.0025e-05
3.46	9.8502e-06
3.48	9.6241e-06
3.5	9.4559e-06
3.52	9.2425e-06
3.54	9.0318e-06
3.56	8.843e-06
3.58	8.6283e-06
3.6	-1.0461e-05
3.62	-1.0407e-05
3.64	-2.9683e-05
3.66	-4.8823e-05
3.68	-0.00014637
3.7	-0.00022354
3.72	-0.00024096
3.74	-0.00027826
3.76	-0.00023435
3.78	-0.00010911
3.8	-0.0001081
3.82	-8.5847e-05
3.84	-6.4179e-05
3.86	-0.00023242
3.88	-0.00069755
3.9	-0.0010304
3.92	-0.00071474
3.94	-0.00057615
3.96	-0.0007657
3.98	-0.0002241
4	0.00066799
4.02	0.00063552
4.04	-0.00016385
4.06	-0.0014053
4.08	-0.002072
4.1	-0.0011653
4.12	-6.6848e-05
4.14	-0.00051222
4.16	-0.00012302
4.18	0.0027924
4.2	0.0029611
4.22	-0.0015185
4.24	-0.0049971
4.26	-0.0043616
4.28	-0.0026182
4.3	-0.0029783
4.32	-0.0016369
4.34	0.0006548
4.36	6.2356e-05
4.38	-0.0033494
4.4	-0.0073466
4.42	-0.0041263
4.44	0.0029872
4.46	0.0048026
4.48	0.0045392
4.5	0.0086812
4.52	0.012448
4.54	0.0074313
4.56	0.0059249
4.58	0.0034595
4.6	-0.0060849
4.62	-0.010107
4.64	0.00056398
4.66	0.013806
4.68	0.0018411
4.7	-0.007649
4.72	0.0041105
4.74	0.014799
4.76	0.022634
4.78	0.033885
4.8	0.034932
4.82	0.01695
4.84	0.00074779
4.86	-0.0044861
4.88	-0.0026368
4.9	0.011842
4.92	0.00037213
4.94	-0.042652
4.96	-0.051443
4.98	-0.037061
5	-0.022376
5.02	-0.0095765
5.04	-0.00057262
5.06	0.00068633
5.08	-0.020826
5.1	-0.031432
5.12	-0.02428
5.14	-0.012607
5.16	0.0060207
5.18	0.013532
5.2	-0.00042901
5.22	-0.015826
5.24	-0.015136
5.26	-0.011031
5.28	-0.0078274
5.3	-0.0018986
5.32	-0.0013541
5.34	-0.0032204
5.36	-0.011549
5.38	-0.02566
5.4	-0.018539
5.42	0.031009
5.44	0.075888
5.46	0.051753
5.48	0.0021775
5.5	-0.015305
5.52	0.0098428
5.54	0.035586
5.56	0.015732
5.58	-0.013223
5.6	-0.026687
5.62	-0.031184
5.64	-0.014201
5.66	-0.010071
5.68	-0.003784
5.7	0.018018
5.72	0.023329
5.74	0.034171
5.76	0.039518
5.78	0.037047
5.8	0.046361
5.82	0.0084797
5.84	-0.029418
5.86	-0.047208
5.88	-0.031126
5.9	0.032539
5.92	0.024837
5.94	0.010428
5.96	0.017544
5.98	0.015191
6	0.028935
6.02	0.0065543
6.04	-0.023516
6.06	-0.030752
6.08	-0.02676
6.1	-0.016295
6.12	-0.035491
6.14	-0.034783
6.16	-0.018308
6.18	-0.017289
6.2	0.0097875
6.22	0.029261
6.24	0.027795
6.26	0.020192
6.28	-0.0010569
6.3	-0.0055849
6.32	0.020107
6.34	0.031167
6.36	0.02194
6.38	0.019664
6.4	0.019096
6.42	-0.014296
6.44	-0.033393
6.46	-0.0048534
6.48	0.045263
6.5	0.03455
6.52	-0.031278
6.54	-0.054235
6.56	-0.01872
6.58	0.0045726
6.6	-0.018193
6.62	-0.033658
6.64	0.016082
6.66	0.054329
6.68	-0.0014196
6.7	-0.079456
6.72	-0.090625
6.74	-0.015708
6.76	0.033914
6.78	-0.0011746
6.8	-0.0094542
6.82	0.031575
6.84	0.060606
6.86	0.039993
6.88	-0.021391
6.9	-0.027796
6.92	0.059691
6.94	0.11375
6.96	0.063653
6.98	0.016543
7	0.052433
7.02	0.11603
7.04	0.10167
7.06	0.0099959
7.08	-0.041236
7.1	-0.011901
7.12	0.022058
7.14	0.0047584
7.16	-0.017592
7.18	0.0032908
7.2	0.059197
7.22	0.13499
7.24	0.21155
7.26	0.25731
7.28	0.28331
7.3	0.3194
7.32	0.35417
7.34	0.37758
7.36	0.40612
7.38	0.37901
7.4	0.22558
7.42	0.034031
7.44	-0.12183
7.46	-0.28627
7.48	-0.50675
7.5	-0.66497
7.52	-0.70933
7.54	-0.70486
7.56	-0.69915
7.58	-0.71759
7.6	-0.77194
7.62	-0.81298
7.64	-0.69849
7.66	-0.40969
7.68	-0.11774
7.7	0.063591
7.72	0.15449
7.74	0.2429
7.76	0.29599
7.78	0.29161
7.8	0.28479
7.82	0.27285
7.84	0.2336
7.86	0.16387
7.88	0.073945
7.9	0.018183
7.92	0.05067
7.94	0.11282
7.96	0.15699
7.98	0.20304
8	0.23983
8.02	0.26945
8.04	0.29255
8.06	0.31151
8.08	0.34773
8.1	0.41742
8.12	0.5049
8.14	0.57313
8.16	0.59208
8.18	0.57449
8.2	0.55406
8.22	0.55028
8.24	0.54288
8.26	0.46604
8.28	0.28554
8.3	0.044038
8.32	-0.19381
8.34	-0.38369
8.36	-0.49295
8.38	-0.55604
8.4	-0.61214
8.42	-0.66704
8.44	-0.74501
8.46	-0.83987
8.48	-0.93404
8.5	-1.0289
8.52	-1.0842
8.54	-1.0512
8.56	-0.88656
8.58	-0.62497
8.6	-0.37784
8.62	-0.18608
8.64	-0.033181
8.66	0.071221
8.68	0.12619
8.7	0.18811
8.72	0.29001
8.74	0.38585
8.76	0.45098
8.78	0.50391
8.8	0.51131
8.82	0.45885
8.84	0.3909
8.86	0.31138
8.88	0.18699
8.9	0.037014
8.92	-0.067934
8.94	-0.10491
8.96	-0.12661
8.98	-0.15623
9	-0.17085
9.02	-0.17531
9.04	-0.19374
9.06	-0.20093
9.08	-0.17878
9.1	-0.11529
9.12	0.0092998
9.14	0.12015
9.16	0.16252
9.18	0.20064
9.2	0.22229
9.22	0.16548
9.24	0.079132
9.26	0.033463
9.28	0.041513
9.3	0.10014
9.32	0.16986
9.34	0.20406
9.36	0.22712
9.38	0.27005
9.4	0.32503
9.42	0.37534
9.44	0.4056
9.46	0.39853
9.48	0.34829
9.5	0.28004
9.52	0.22045
9.54	0.16147
9.56	0.096251
9.58	0.047062
9.6	0.033733
9.62	0.037301
9.64	0.021307
9.66	0.012473
9.68	0.048421
9.7	0.080585
9.72	0.081117
9.74	0.047323
9.76	0.026111
9.78	0.06438
9.8	0.098563
9.82	0.057969
9.84	0.038003
9.86	0.048755
9.88	-0.043761
9.9	-0.18801
9.92	-0.22686
9.94	-0.16714
9.96	-0.093154
9.98	-0.062262
10	-0.036929
10.02	0.0043568
10.04	0.0041486
10.06	0.0056178
10.08	0.10505
10.1	0.23615
10.12	0.3046
10.14	0.27579
10.16	0.17726
10.18	0.081854
10.2	-0.0071316
10.22	-0.1038
10.24	-0.22724
10.26	-0.37871
10.28	-0.52113
10.3	-0.62888
10.32	-0.70791
10.34	-0.78435
10.36	-0.87721
10.38	-0.94965
10.4	-0.89262
10.42	-0.64176
10.44	-0.26547
10.46	0.11779
10.48	0.37108
10.5	0.39257
10.52	0.42812
10.54	0.5723
10.56	0.52791
10.58	0.33686
10.6	0.16883
10.62	-0.0057986
10.64	-0.2053
10.66	-0.35472
10.68	-0.40773
10.7	-0.38621
10.72	-0.27657
10.74	-0.096335
10.76	0.097299
10.78	0.27536
10.8	0.42029
10.82	0.56765
10.84	0.66475
10.86	0.70969
10.88	0.7551
10.9	0.7641
10.92	0.69843
10.94	0.58749
10.96	0.45844
10.98	0.32843
11	0.20258
11.02	0.032383
11.04	-0.2024
11.06	-0.39572
11.08	-0.44994
11.1	-0.3779
11.12	-0.30999
11.14	-0.33221
11.16	-0.42383
11.18	-0.48271
11.2	-0.41926
11.22	-0.2535
11.24	-0.076414
11.26	0.024279
11.28	0.031072
11.3	0.036322
11.32	0.036575
11.34	-0.0013802
11.36	-0.042572
11.38	-0.077568
11.4	-0.11712
11.42	-0.12998
11.44	-0.042575
11.46	0.11266
11.48	0.22126
11.5	0.25736
11.52	0.29791
11.54	0.42238
11.56	0.55791
11.58	0.60354
11.6	0.5083
11.62	0.29022
11.64	0.031985
11.66	-0.21383
11.68	-0.4289
11.7	-0.60266
11.72	-0.7138
11.74	-0.71158
11.76	-0.57676
11.78	-0.43124
11.8	-0.33613
11.82	-0.24609
11.84	-0.14891
11.86	-0.0621
11.88	0.028147
11.9	0.040473
11.92	-0.091902
11.94	-0.25562
11.96	-0.33627
11.98	-0.28097
12	-0.151
12.02	-0.053838
12.04	0.06112
12.06	0.23301
12.08	0.41077
12.1	0.52729
12.12	0.55645
12.14	0.55131
12.16	0.52273
12.18	0.48212
12.2	0.44032
12.22	0.39134
12.24	0.34187
12.26	0.26311
12.28	0.1155
12.3	-0.059599
12.32	-0.22185
12.34	-0.36145
12.36	-0.47133
12.38	-0.52115
12.4	-0.46706
12.42	-0.33589
12.44	-0.22057
12.46	-0.11999
12.48	0.00076881
12.5	0.073606
12.52	0.074831
12.54	0.029948
12.56	-0.034203
12.58	-0.10016
12.6	-0.15664
12.62	-0.19125
12.64	-0.2221
12.66	-0.26795
12.68	-0.31123
12.7	-0.36233
12.72	-0.36521
12.74	-0.30631
12.76	-0.23926
12.78	-0.16141
12.8	-0.096316
12.82	-0.066819
12.84	-0.039837
12.86	0.027248
12.88	0.1255
12.9	0.22893
12.92	0.32272
12.94	0.39127
12.96	0.42087
12.98	0.39293
13	0.31361
13.02	0.23667
13.04	0.20027
13.06	0.18013
13.08	0.15257
13.1	0.13602
13.12	0.14399
13.14	0.15206
13.16	0.15951
13.18	0.16671
13.2	0.16599
13.22	0.16904
13.24	0.17684
13.26	0.17217
13.28	0.13534
13.3	0.05752
13.32	-0.062765
13.34	-0.20615
13.36	-0.32614
13.38	-0.37146
13.4	-0.32816
13.42	-0.24879
13.44	-0.17102
13.46	-0.10177
13.48	-0.055538
13.5	-0.013904
13.52	0.033696
13.54	0.088643
13.56	0.12793
13.58	0.12203
13.6	0.087124
13.62	0.072314
13.64	0.086468
13.66	0.10541
13.68	0.13599
13.7	0.17935
13.72	0.19654
13.74	0.15023
13.76	0.063114
13.78	-0.032953
13.8	-0.12978
13.82	-0.20804
13.84	-0.2533
13.86	-0.27209
13.88	-0.25378
13.9	-0.17485
13.92	-0.06132
13.94	0.034317
13.96	0.098596
13.98	0.14571
14	0.17966
14.02	0.19282
14.04	0.17969
14.06	0.14185
14.08	0.076354
14.1	-0.00029529
14.12	-0.066095
14.14	-0.11958
14.16	-0.15951
14.18	-0.18626
14.2	-0.21227
14.22	-0.2416
14.24	-0.24134
14.26	-0.19577
14.28	-0.14175
14.3	-0.092908
14.32	-0.027804
14.34	0.053766
14.36	0.13663
14.38	0.21272
14.4	0.26304
14.42	0.27591
14.44	0.25364
14.46	0.18951
14.48	0.10203
14.5	0.031705
14.52	-0.0024721
14.54	-0.011097
14.56	-0.03372
14.58	-0.089744
14.6	-0.14523
14.62	-0.17397
14.64	-0.19346
14.66	-0.21596
14.68	-0.21055
14.7	-0.14624
14.72	-0.050419
14.74	0.03515
14.76	0.097663
14.78	0.14207
14.8	0.17634
14.82	0.20519
14.84	0.21833
14.86	0.19858
14.88	0.15923
14.9	0.10279
14.92	0.02559
14.94	-0.024289
14.96	-0.044794
14.98	-0.056865
15	-0.066525
15.02	-0.069554
15.04	-0.041634
15.06	0.0040336
15.08	0.043365
15.1	0.075461
15.12	0.096103
15.14	0.11003
15.16	0.11948
15.18	0.10709
15.2	0.074964
15.22	0.040453
15.24	0.0080512
15.26	-0.034604
15.28	-0.079207
15.3	-0.10381
15.32	-0.12495
15.34	-0.14979
15.36	-0.1449
15.38	-0.12545
15.4	-0.091476
15.42	-0.039942
15.44	0.0029112
15.46	0.037603
15.48	0.068381
15.5	0.08439
15.52	0.082026
15.54	0.081138
15.56	0.097344
15.58	0.1054
15.6	0.08931
15.62	0.074356
15.64	0.069728
15.66	0.06819
15.68	0.062036
15.7	0.051245
15.72	0.028743
15.74	0.002291
15.76	-0.013276
15.78	-0.045036
15.8	-0.082852
15.82	-0.087182
15.84	-0.08744
15.86	-0.098935
15.88	-0.090561
15.9	-0.078921
15.92	-0.084772
15.94	-0.095071
15.96	-0.10267
15.98	-0.10723
16	-0.10213
16.02	-0.099445
16.04	-0.10492
16.06	-0.093286
16.08	-0.061776
16.1	-0.037384
16.12	-0.022627
16.14	-0.0033361
16.16	0.031856
16.18	0.070366
16.2	0.099306
16.22	0.11215
16.24	0.11527
16.26	0.11292
16.28	0.08922
16.3	0.053051
16.32	0.022529
16.34	-0.013492
16.36	-0.066263
16.38	-0.10402
16.4	-0.1176
16.42	-0.12691
16.44	-0.11708
16.46	-0.084265
16.48	-0.058223
16.5	-0.038447
16.52	-0.0090378
16.54	0.022771
16.56	0.036836
16.58	0.052568
16.6	0.087732
16.62	0.112
16.64	0.10756
16.66	0.084059
16.68	0.048809
16.7	0.0062402
16.72	-0.026407
16.74	-0.045737
16.76	-0.066447
16.78	-0.091411
16.8	-0.11365
16.82	-0.12701
16.84	-0.12596
16.86	-0.10644
16.88	-0.070563
16.9	-0.039439
16.92	-0.023698
16.94	-0.0042351
16.96	0.025646
16.98	0.048111
17	0.045289
17.02	0.033041
17.04	0.039142
17.06	0.056884
17.08	0.059944
17.1	0.046934
17.12	0.042224
17.14	0.038044
17.16	0.026787
17.18	0.021736
17.2	0.017356
17.22	0.00013314
17.24	-0.026917
17.26	-0.047421
17.28	-0.056382
17.3	-0.062658
17.32	-0.0712
17.34	-0.079922
17.36	-0.067536
17.38	-0.022074
17.4	0.037254
17.42	0.08768
17.44	0.12547
17.46	0.1483
17.48	0.14371
17.5	0.11781
17.52	0.093261
17.54	0.072848
17.56	0.043925
17.58	0.0049775
17.6	-0.031123
17.62	-0.054969
17.64	-0.065211
17.66	-0.073955
17.68	-0.10045
17.7	-0.12343
17.72	-0.11105
17.74	-0.075854
17.76	-0.049824
17.78	-0.035842
17.8	-0.016373
17.82	0.012297
17.84	0.025517
17.86	0.0084568
17.88	-0.023083
17.9	-0.048933
17.92	-0.06071
17.94	-0.066955
17.96	-0.074616
17.98	-0.081429
18	-0.089511
18.02	-0.088426
18.04	-0.067135
18.06	-0.031722
18.08	0.0080292
18.1	0.05233
18.12	0.099584
18.14	0.14387
18.16	0.18807
18.18	0.22716
18.2	0.24401
18.22	0.2429
18.24	0.24115
18.26	0.23719
18.28	0.21197
18.3	0.16361
18.32	0.11162
18.34	0.064763
18.36	0.018384
18.38	-0.025777
18.4	-0.061223
18.42	-0.080996
18.44	-0.088495
18.46	-0.086878
18.48	-0.075621
18.5	-0.063273
18.52	-0.052338
18.54	-0.035273
18.56	-0.019982
18.58	-0.024929
18.6	-0.036138
18.62	-0.035941
18.64	-0.036591
18.66	-0.051321
18.68	-0.065198
18.7	-0.060658
18.72	-0.043363
18.74	-0.033343
18.76	-0.033646
18.78	-0.014904
18.8	0.034208
18.82	0.090163
18.84	0.12872
18.86	0.15072
18.88	0.16093
18.9	0.15059
18.92	0.12019
18.94	0.076531
18.96	0.023296
18.98	-0.027421
19	-0.064298
19.02	-0.092444
19.04	-0.12105
19.06	-0.14408
19.08	-0.14815
19.1	-0.13148
19.12	-0.10091
19.14	-0.064446
19.16	-0.020717
19.18	0.023463
19.2	0.060039
19.22	0.085633
19.24	0.094579
19.26	0.096383
19.28	0.10352
19.3	0.10599
19.32	0.090012
19.34	0.064644
19.36	0.04405
19.38	0.029348
19.4	0.020563
19.42	0.02008
19.44	0.019935
19.46	0.0070627
19.48	-0.011454
19.5	-0.021875
19.52	-0.032693
19.54	-0.049143
19.56	-0.062766
19.58	-0.07832
19.6	-0.098599
19.62	-0.1136
19.64	-0.12279
19.66	-0.11703
19.68	-0.083764
19.7	-0.055249
19.72	-0.050668
19.74	-0.046291
19.76	-0.035861
19.78	-0.02612
19.8	-0.021806
19.82	-0.031259
19.84	-0.045568
19.86	-0.041387
19.88	-0.02133
19.9	0.0010779
19.92	0.024416
19.94	0.037497
19.96	0.03637
19.98	0.035355
20	0.031586
20.02	0.016759
20.04	0.001708
20.06	-0.0053159
20.08	-0.016221
20.1	-0.031647
20.12	-0.031112
20.14	-0.020408
20.16	-0.013836
20.18	-0.0070533
20.2	0.00038094
20.22	0.013489
20.24	0.031591
20.26	0.040559
20.28	0.040117
20.3	0.034456
20.32	0.015005
20.34	-0.0079518
20.36	-0.020168
20.38	-0.031196
20.4	-0.039465
20.42	-0.036171
20.44	-0.03551
20.46	-0.041129
20.48	-0.039114
20.5	-0.028353
20.52	-0.022233
20.54	-0.021843
20.56	-0.017616
20.58	-0.0060255
20.6	0.0016025
20.62	-2.8516e-05
20.64	5.5684e-05
20.66	0.0023121
20.68	0.0014168
20.7	0.0012678
20.72	0.0014716
20.74	-0.0043471
20.76	-0.016386
20.78	-0.028445
20.8	-0.034588
20.82	-0.038425
20.84	-0.040297
20.86	-0.028656
20.88	-0.0014897
20.9	0.027544
20.92	0.046846
20.94	0.050078
20.96	0.033233
20.98	0.0047863
21	-0.023954
21.02	-0.047039
21.04	-0.06204
21.06	-0.072346
21.08	-0.074522
21.1	-0.058382
21.12	-0.026658
21.14	0.010074
21.16	0.052527
21.18	0.10292
21.2	0.14854
21.22	0.18018
21.24	0.1974
21.26	0.1998
21.28	0.19009
21.3	0.17045
21.32	0.13649
21.34	0.088667
21.36	0.037203
21.38	-0.016466
21.4	-0.071063
21.42	-0.1154
21.44	-0.1487
21.46	-0.17429
21.48	-0.17926
21.5	-0.15646
21.52	-0.12148
21.54	-0.088515
21.56	-0.062077
21.58	-0.02617
21.6	0.023392
21.62	0.065613
21.64	0.090406
21.66	0.10215
21.68	0.09088
21.7	0.051283
21.72	0.005945
21.74	-0.032018
21.76	-0.065561
21.78	-0.090661
21.8	-0.10912
21.82	-0.12611
21.84	-0.13122
21.86	-0.11596
21.88	-0.084103
21.9	-0.04107
21.92	0.0052716
21.94	0.042881
21.96	0.068546
21.98	0.084139
22	0.08665
22.02	0.075123
22.04	0.060633
22.06	0.044663
22.08	0.019832
22.1	-0.0059963
22.12	-0.019442
22.14	-0.022206
22.16	-0.023706
22.18	-0.020299
22.2	-0.0018764
22.22	0.023906
22.24	0.041949
22.26	0.046372
22.28	0.043517
22.3	0.037947
22.32	0.02322
22.34	-0.0018707
22.36	-0.029959
22.38	-0.053923
22.4	-0.068171
22.42	-0.062253
22.44	-0.032634
22.46	0.00058065
22.48	0.012948
22.5	0.020014
22.52	0.043198
22.54	0.067426
22.56	0.075156
22.58	0.063582
22.6	0.040784
22.62	0.016973
22.64	0.0033336
22.66	0.0038733
22.68	0.0081682
22.7	0.01234
22.72	0.019772
22.74	0.023682
22.76	0.014391
22.78	-0.0014671
22.8	-0.01389
22.82	-0.018683
22.84	-0.015736
22.86	-0.018045
22.88	-0.032127
22.9	-0.042797
22.92	-0.040595
22.94	-0.029829
22.96	-0.01587
22.98	-0.0050934
23	-0.0018736
23.02	0.0024622
23.04	0.014118
23.06	0.027512
23.08	0.039764
23.1	0.049169
23.12	0.050905
23.14	0.046754
23.16	0.041523
23.18	0.034341
23.2	0.020494
23.22	0.0012105
23.24	-0.021058
23.26	-0.044622
23.28	-0.055839
23.3	-0.048264
23.32	-0.037987
23.34	-0.039396
23.36	-0.04845
23.38	-0.051508
23.4	-0.04342
23.42	-0.028832
23.44	-0.010786
23.46	0.010065
23.48	0.026309
23.5	0.036097
23.52	0.041922
23.54	0.04333
23.56	0.041022
23.58	0.033256
23.6	0.020987
23.62	0.016032
23.64	0.018803
23.66	0.016317
23.68	0.013314
23.7	0.016574
23.72	0.016922
23.74	0.0108
23.76	0.0060709
23.78	0.0090695
23.8	0.010426
23.82	0.007875
23.84	0.0092404
23.86	0.0047252
23.88	-0.010413
23.9	-0.020743
23.92	-0.022299
23.94	-0.020815
23.96	-0.01762
23.98	-0.009312
24	-0.0022306
24.02	-0.00537
24.04	-0.012064
24.06	-0.013818
24.08	-0.013518
24.1	-0.013738
24.12	-0.011484
24.14	-0.011471
24.16	-0.01439
24.18	-0.011654
24.2	-0.0085645
24.22	-0.0089097
24.24	-0.0052571
24.26	-0.0036388
24.28	-0.0049583
24.3	-0.0036921
24.32	-0.0059833
24.34	-0.01514
24.36	-0.024468
24.38	-0.028094
24.4	-0.025859
24.42	-0.018333
24.44	-0.0062091
24.46	0.010936
24.48	0.02975
24.5	0.044305
24.52	0.051026
24.54	0.050792
24.56	0.041177
24.58	0.02344
24.6	0.0050936
24.62	-0.012598
24.64	-0.032021
24.66	-0.048144
24.68	-0.057733
24.7	-0.057767
24.72	-0.046651
24.74	-0.032567
24.76	-0.020758
24.78	-0.0073755
24.8	0.0075182
24.82	0.018838
24.84	0.024877
24.86	0.027754
24.88	0.027501
24.9	0.02362
24.92	0.013904
24.94	0.00012856
24.96	-0.0088397
24.98	-0.012825
25	-0.01781
25.02	-0.020521
25.04	-0.017524
25.06	-0.01223
25.08	-0.0048895
25.1	0.0049773
25.12	0.0094307
25.14	0.0058048
25.16	0.001702
25.18	-0.00035927
25.2	0.00012851
25.22	0.0017857
25.24	0.00011273
25.26	-0.0040796
25.28	-0.0074216
25.3	-0.0063968
25.32	0.00012349
25.34	0.0087327
25.36	0.017594
25.38	0.027968
25.4	0.037906
25.42	0.043464
25.44	0.047695
25.46	0.050438
25.48	0.046818
25.5	0.03461
25.52	0.017269
25.54	0.0030433
25.56	-0.0070112
25.58	-0.016105
25.6	-0.023409
25.62	-0.026012
25.64	-0.023428
25.66	-0.017576
25.68	-0.010884
25.7	-0.0049768
25.72	0.002218
25.74	0.012584
25.76	0.019442
25.78	0.014436
25.8	0.00057205
25.82	-0.013789
25.84	-0.024466
25.86	-0.025758
25.88	-0.020051
25.9	-0.015661
25.92	-0.011106
25.94	-0.0025355
25.96	0.0069607
25.98	0.012967
26	0.014067
26.02	0.013108
26.04	0.0090105
26.06	-0.0013464
26.08	-0.0099571
26.1	-0.01113
26.12	-0.0093142
26.14	-0.0077592
26.16	-0.0037632
26.18	0.0012632
26.2	0.0030289
26.22	0.0050198
26.24	0.0079505
26.26	0.0081097
26.28	0.003478
26.3	-0.0032761
26.32	-0.0057156
26.34	-0.0053538
26.36	-0.0026312
26.38	0.0055252
26.4	0.012182
26.42	0.013091
26.44	0.009239
26.46	0.005472
26.48	0.0039224
26.5	0.0032441
26.52	0.0048188
26.54	0.0078252
26.56	0.013012
26.58	0.021222
26.6	0.028707
26.62	0.033051
26.64	0.034914
26.66	0.030364
26.68	0.01684
26.7	-0.00092425
26.72	-0.018794
26.74	-0.035191
26.76	-0.04658
26.78	-0.052832
26.8	-0.060999
26.82	-0.070562
26.84	-0.071906
26.86	-0.061683
26.88	-0.043933
26.9	-0.026822
26.92	-0.012124
26.94	0.0035754
26.96	0.017499
26.98	0.028917
27	0.03831
27.02	0.042943
27.04	0.040316
27.06	0.032302
27.08	0.021873
27.1	0.010894
27.12	0.00084042
27.14	-0.0083293
27.16	-0.013026
27.18	-0.010749
27.2	-0.0038952
27.22	0.0071411
27.24	0.018566
27.26	0.021939
27.28	0.020389
27.3	0.019708
27.32	0.017486
27.34	0.014858
27.36	0.012568
27.38	0.0071184
27.4	-0.00088291
27.42	-0.0077174
27.44	-0.010477
27.46	-0.0083028
27.48	-0.0032292
27.5	0.0024457
27.52	0.0062166
27.54	0.0092905
27.56	0.013283
27.58	0.012637
27.6	0.0055409
27.62	-0.0040584
27.64	-0.012914
27.66	-0.020229
27.68	-0.023719
27.7	-0.019241
27.72	-0.0078442
27.74	0.0058752
27.76	0.01647
27.78	0.020635
27.8	0.017968
27.82	0.0094226
27.84	-0.0028132
27.86	-0.015503
27.88	-0.026547
27.9	-0.035055
27.92	-0.038875
27.94	-0.037069
27.96	-0.031667
27.98	-0.02083
28	-0.0043097
28.02	0.010306
28.04	0.019938
28.06	0.027857
28.08	0.032485
28.1	0.032885
28.12	0.030485
28.14	0.023806
28.16	0.014278
28.18	0.0071474
28.2	0.0068524
28.22	0.0097336
28.24	0.0078143
28.26	0.00083375
28.28	-0.0064509
28.3	-0.0086618
28.32	-0.0052219
28.34	-0.0014582
28.36	0.00016244
28.38	-0.00052628
28.4	0.00032704
28.42	0.0047046
28.44	0.0079851
28.46	0.0083745
28.48	0.0078777
28.5	0.0075096
28.52	0.0068259
28.54	0.0059973
28.56	0.006504
28.58	0.0068351
28.6	0.0056776
28.62	0.00062936
28.64	-0.011488
28.66	-0.025209
28.68	-0.032268
28.7	-0.030772
28.72	-0.026048
28.74	-0.024899
28.76	-0.025609
28.78	-0.022562
28.8	-0.014307
28.82	-0.0017949
28.84	0.0094548
28.86	0.015906
28.88	0.021139
28.9	0.02559
28.92	0.026319
28.94	0.02323
28.96	0.016629
28.98	0.010512
29	0.005363
29.02	-0.00037382
29.04	-0.0038718
29.06	-0.0045543
29.08	-0.0028632
29.1	0.00089905
29.12	0.0054223
29.14	0.0094793
29.16	0.013468
29.18	0.016661
29.2	0.015023
29.22	0.0082742
29.24	-0.00094787
29.26	-0.0082301
29.28	-0.011033
29.3	-0.011571
29.32	-0.013593
29.34	-0.015029
29.36	-0.013303
29.38	-0.0098487
29.4	-0.0030631
29.42	0.0027205
29.44	0.002015
29.46	0.0011154
29.48	0.004958
29.5	0.0052052
29.52	0.0032601
29.54	0.0039926
29.56	0.0042222
29.58	0.0023703
29.6	0.0020404
29.62	0.0035921
29.64	0.0053378
29.66	0.0070991
29.68	0.0067793
29.7	0.0018768
29.72	-0.006706
29.74	-0.012182
29.76	-0.010191
29.78	-0.0071185
29.8	-0.0068639
29.82	-0.0065011
29.84	-0.0042111
29.86	-0.001144
29.88	0.00071372
29.9	0.00021088
29.92	-0.0057503
29.94	-0.01447
29.96	-0.01807
29.98	-0.016791
30	-0.014122
30.02	-0.0090369
30.04	-0.0031519
30.06	0.0006275
30.08	0.003697
30.1	0.0078204
30.12	0.0074633
30.14	0.0028334
30.16	0.0029047
30.18	0.0067742
30.2	0.0059926
30.22	-0.0026995
30.24	-0.010316
30.26	-0.010127
30.28	-0.0064038
30.3	-0.0019562
30.32	0.0010781
30.34	0.0015074
30.36	0.0025753
30.38	0.0070059
30.4	0.010736
30.42	0.010805
30.44	0.0093947
30.46	0.0073303
30.48	0.0032375
30.5	-0.0013246
30.52	-0.00072409
30.54	0.0028387
30.56	0.0041003
30.58	0.0045817
30.6	0.0061184
30.62	0.0079555
30.64	0.010581
30.66	0.01248
30.68	0.010256
30.7	0.0049078
30.72	-0.00018316
30.74	-0.0049747
30.76	-0.010267
30.78	-0.013085
30.8	-0.011539
30.82	-0.0069594
30.84	-0.0019693
30.86	0.0012261
30.88	0.0029867
30.9	0.0034418
30.92	0.00026012
30.94	-0.0039286
30.96	-0.0062737
30.98	-0.0084255
31	-0.0091282
31.02	-0.0083819
31.04	-0.011361
31.06	-0.016827
31.08	-0.019615
31.1	-0.019641
31.12	-0.018785
31.14	-0.01678
31.16	-0.013308
31.18	-0.0095421
31.2	-0.0036874
31.22	0.0037902
31.24	0.0077234
31.26	0.0081992
31.28	0.010736
31.3	0.015374
31.32	0.020114
31.34	0.023232
31.36	0.022815
31.38	0.019686
31.4	0.015231
31.42	0.0093558
31.44	0.0013163
31.46	-0.0077547
31.48	-0.012488
31.5	-0.012305
31.52	-0.010365
31.54	-0.0059151
31.56	-0.001162
31.58	0.00061774
31.6	0.0029418
31.62	0.0064399
31.64	0.0080236
31.66	0.0073899
31.68	0.0059833
31.7	0.0038285
31.72	-0.00035032
31.74	-0.005387
31.76	-0.0089058
31.78	-0.010339
31.8	-0.0083653
31.82	-0.0022745
31.84	0.0043955
31.86	0.011386
31.88	0.016852
31.9	0.017794
31.92	0.017119
31.94	0.014223
31.96	0.0085089
31.98	0.0039922
32	0.00068208
32.02	-0.0011711
32.04	0.00061275
32.06	0.0046616
32.08	0.0072612
32.1	0.0061432
32.12	0.0047474
32.14	0.0052037
32.16	0.0057926
32.18	0.0050615
32.2	0.0041216
32.22	0.0042643
32.24	0.0031599
32.26	0.0012418
32.28	0.00049565
32.3	-0.00017322
32.32	-0.0031898
32.34	-0.0060825
32.36	-0.0051304
32.38	-0.0033642
32.4	-0.0021223
32.42	0.001496
32.44	0.0031608
32.46	-0.0011079
32.48	-0.0044794
32.5	-0.0052811
32.52	-0.0062685
32.54	-0.0073384
32.56	-0.0060492
32.58	-0.0020684
32.6	0.0021076
32.62	0.0044917
32.64	0.0047475
32.66	0.0039219
32.68	0.0048741
32.7	0.0064269
32.72	0.0058393
32.74	0.0048291
32.76	0.0061174
32.78	0.007453
32.8	0.0069193
32.82	0.0044379
32.84	0.0028635
32.86	0.0028237
32.88	0.0032229
32.9	0.0026496
32.92	-0.00011091
32.94	-0.0039216
32.96	-0.0094823
32.98	-0.015135
33	-0.01687
33.02	-0.015746
33.04	-0.013856
33.06	-0.01191
33.08	-0.011682
33.1	-0.011892
33.12	-0.010454
33.14	-0.0080602
33.16	-0.0072235
33.18	-0.0093999
33.2	-0.01155
33.22	-0.01167
33.24	-0.011828
33.26	-0.011658
33.28	-0.01073
33.3	-0.0089772
33.32	-0.0049906
33.34	0.00046044
33.36	0.0062534
33.38	0.010966
33.4	0.013823
33.42	0.014712
33.44	0.014024
33.46	0.013349
33.48	0.012402
33.5	0.0096833
33.52	0.0042196
33.54	-0.00096829
33.56	-0.0031711
33.58	-0.0027852
33.6	-0.00062139
33.62	0.0015865
33.64	0.00042806
33.66	-0.0016972
33.68	-0.00065921
33.7	0.00074965
33.72	-2.8268e-05
33.74	-0.001589
33.76	-0.0039834
33.78	-0.0042958
33.8	-0.00089845
33.82	0.0035059
33.84	0.0072997
33.86	0.0094674
33.88	0.0089497
33.9	0.0065245
33.92	0.004042
33.94	0.00060405
33.96	-0.0062843
33.98	-0.012687
34	-0.013265
34.02	-0.01124
34.04	-0.010053
34.06	-0.0085789
34.08	-0.0054786
34.1	-0.001029
34.12	0.0028618
34.14	0.0062102
34.16	0.0097142
34.18	0.010783
34.2	0.009137
34.22	0.0053236
34.24	0.00046967
34.26	-0.0044873
34.28	-0.0090201
34.3	-0.01118
34.32	-0.01195
34.34	-0.011502
34.36	-0.008912
34.38	-0.0041364
34.4	-6.0258e-05
34.42	0.0027492
34.44	0.0046886
34.46	0.0063628
34.48	0.0069187
34.5	0.0054646
34.52	0.0040024
34.54	0.0044506
34.56	0.0065242
34.58	0.0074589
34.6	0.0076697
34.62	0.0077139
34.64	0.0079983
34.66	0.0094735
34.68	0.010462
34.7	0.011483
34.72	0.011679
34.74	0.011352
34.76	0.0096622
34.78	0.0040347
34.8	-0.001727
34.82	-0.0067353
34.84	-0.011359
34.86	-0.014128
34.88	-0.0156
34.9	-0.016533
34.92	-0.016284
34.94	-0.014008
34.96	-0.0085758
34.98	-0.0031411
35	-0.0018819
35.02	-0.0021994
35.04	-0.0019113
35.06	-0.0020289
35.08	-0.0018623
35.1	-0.001661
35.12	-0.0023019
35.14	-0.00061614
35.16	0.0042284
35.18	0.0076503
35.2	0.010099
35.22	0.012643
35.24	0.014652
35.26	0.014307
35.28	0.010102
35.3	0.0051608
35.32	0.0031333
35.34	0.0030995
35.36	0.0019837
35.38	0.00074719
35.4	0.00036091
35.42	0.00090364
35.44	0.0024584
35.46	0.0022714
35.48	0.00042506
35.5	-0.00075418
35.52	-3.0805e-05
35.54	0.00031211
35.56	-0.0010686
35.58	-0.0012174
35.6	0.00019381
35.62	0.001922
35.64	0.0031461
35.66	0.0027852
35.68	0.0015527
35.7	-0.00064284
35.72	-0.0033245
35.74	-0.0051379
35.76	-0.0062075
35.78	-0.0057329
35.8	-0.0042317
35.82	-0.0050436
35.84	-0.0083404
35.86	-0.012006
35.88	-0.014487
35.9	-0.013352
35.92	-0.0086963
35.94	-0.0048201
35.96	-0.0031632
35.98	0.00013374
36	0.0057988
36.02	0.010251
36.04	0.013081
36.06	0.015719
36.08	0.01734
36.1	0.018821
36.12	0.020264
36.14	0.01831
36.16	0.01245
36.18	0.0051625
36.2	-0.0029799
36.22	-0.010913
36.24	-0.015737
36.26	-0.018305
36.28	-0.020499
36.3	-0.021255
36.32	-0.019032
36.34	-0.013637
36.36	-0.0058324
36.38	0.0010623
36.4	0.0040193
36.42	0.0057365
36.44	0.0075217
36.46	0.0074421
36.48	0.0059241
36.5	0.0025679
36.52	-0.0019566
36.54	-0.0045458
36.56	-0.0046591
36.58	-0.0047333
36.6	-0.0065934
36.62	-0.010933
36.64	-0.015658
36.66	-0.018643
36.68	-0.019338
36.7	-0.016908
36.72	-0.011767
36.74	-0.0055299
36.76	0.00012691
36.78	0.0039225
36.8	0.0059368
36.82	0.0069092
36.84	0.0050979
36.86	0.0004209
36.88	-0.0029145
36.9	-0.0021968
36.92	0.0003268
36.94	0.0021316
36.96	0.0036892
36.98	0.0062279
37	0.008217
37.02	0.0088603
37.04	0.0088879
37.06	0.0073139
37.08	0.0057468
37.1	0.0041937
37.12	0.001686
37.14	0.00082064
37.16	0.0034366
37.18	0.0067929
37.2	0.0084518
37.22	0.0065534
37.24	0.0013655
37.26	-0.001977
37.28	-0.0021376
37.3	-0.0032474
37.32	-0.0062903
37.34	-0.0082788
37.36	-0.0068654
37.38	-0.0034186
37.4	-0.0010036
37.42	-0.00018198
37.44	0.00010559
37.46	0.00098832
37.48	0.0021706
37.5	0.0015254
37.52	-0.0019312
37.54	-0.0055248
37.56	-0.0071126
37.58	-0.0081634
37.6	-0.0086687
37.62	-0.007563
37.64	-0.0055189
37.66	-0.0020877
37.68	0.0012292
37.7	0.001451
37.72	-0.00087379
37.74	-0.0031606
37.76	-0.0038811
37.78	-0.0041492
37.8	-0.0049576
37.82	-0.0051579
37.84	-0.0015632
37.86	0.0058603
37.88	0.013246
37.9	0.01641
37.92	0.015487
37.94	0.013596
37.96	0.010927
37.98	0.0073628
38	0.0035112
38.02	0.00029668
38.04	-0.0023733
38.06	-0.0033197
38.08	-0.0015415
38.1	0.0016918
38.12	0.005886
38.14	0.0099102
38.16	0.011331
38.18	0.011699
38.2	0.012657
38.22	0.01259
38.24	0.010443
38.26	0.006711
38.28	0.0018145
38.3	-0.0030211
38.32	-0.0060771
38.34	-0.0068054
38.36	-0.0060796
38.38	-0.0039673
38.4	-0.0013939
38.42	6.1312e-05
38.44	0.0014363
38.46	0.0028344
38.48	0.0033643
38.5	0.0037637
38.52	0.0033522
38.54	0.0016695
38.56	-0.00064511
38.58	-0.0025641
38.6	-0.0035527
38.62	-0.0052964
38.64	-0.007868
38.66	-0.009718
38.68	-0.01069
38.7	-0.011228
38.72	-0.011045
38.74	-0.0097566
38.76	-0.0074809
38.78	-0.0050231
38.8	-0.002562
38.82	-0.0015241
38.84	-0.0011307
38.86	-0.002056
38.88	-0.0061601
38.9	-0.010333
38.92	-0.011632
38.94	-0.010425
38.96	-0.0074962
38.98	-0.0039063
39	-0.00010767
39.02	0.0044557
39.04	0.010125
39.06	0.015381
39.08	0.018194
39.1	0.018616
39.12	0.017975
39.14	0.016569
39.16	0.014028
39.18	0.0098289
39.2	0.0046477
39.22	-0.00072267
39.24	-0.0056636
39.26	-0.0093028
39.28	-0.010359
39.3	-0.0082737
39.32	-0.0043261
39.34	-0.00078097
39.36	0.00062572
39.38	0.00020683
39.4	-0.00052148
39.42	-0.0013562
39.44	-0.0030411
39.46	-0.0052219
39.48	-0.0049532
39.5	-0.0021087
39.52	0.00045131
39.54	0.0035865
39.56	0.0036222
39.58	0.00060377
39.6	0.0016734
39.62	0.0010691
39.64	0.0012146
39.66	0.0057157
39.68	0.0036758
39.7	-0.00070302
39.72	0.00019387
39.74	0.0060427
39.76	0.01008
39.78	-0.0025531
39.8	-0.014037
39.82	-0.0080774
39.84	0.0014496
39.86	0.0070907
39.88	-0.0013711
39.9	-0.01189
39.92	-0.009687
39.94	-0.00012217
39.96	0.0026019
39.98	-0.005269
40	-0.0065259
40.02	0.0034895
40.04	0.010135
40.06	0.0087718
40.08	0.0038859
40.1	0.0031349
40.12	0.0058076
40.14	0.0022462
40.16	-0.0040138
40.18	-0.0054086
40.2	-0.0015948
40.22	0.0017304
40.24	-0.00026433
40.26	-0.0035257
40.28	-0.0021048
40.3	0.0019573
40.32	0.0032249
40.34	8.2276e-05
40.36	-0.004989
40.38	-0.007232
40.4	-0.006649
40.42	-0.0075212
40.44	-0.0093271
40.46	-0.0074908
40.48	-0.0034333
40.5	-0.0018858
40.52	-0.0018446
40.54	-0.0022027
40.56	-0.0012432
40.58	0.00018314
40.6	-0.001807
40.62	-0.0048407
40.64	-0.0043702
40.66	-0.0029185
40.68	-0.002729
40.7	0.0012065
40.72	0.005211
40.74	0.0072999
40.76	0.0097574
40.78	0.010428
40.8	0.010903
40.82	0.012081
40.84	0.0098688
40.86	0.0048532
40.88	0.00036659
40.9	-0.0029885
40.92	-0.0022173
40.94	0.001967
40.96	0.001872
40.98	-0.0014354
41	-0.0013236
41.02	0.0014969
41.04	0.0028046
41.06	0.0024988
41.08	-0.00135
41.1	-0.0067376
41.12	-0.0088796
41.14	-0.0084216
41.16	-0.0068117
41.18	-0.0032452
41.2	0.0023144
41.22	0.0074886
41.24	0.008207
41.26	0.0052916
41.28	0.0031849
41.3	0.0015942
41.32	-0.0035423
41.34	-0.011405
41.36	-0.015472
41.38	-0.012963
41.4	-0.0053214
41.42	0.0027946
41.44	0.0033266
41.46	-0.0003968
41.48	0.0044986
41.5	0.014683
41.52	0.017289
41.54	0.012026
41.56	0.0062776
41.58	0.0037626
41.6	0.0010081
41.62	-0.0036841
41.64	-0.0046091
41.66	-0.0045691
41.68	-0.0096354
41.7	-0.01505
41.72	-0.013507
41.74	-0.0062463
41.76	-0.00083443
41.78	-0.0013041
41.8	-0.0050983
41.82	-0.0027738
41.84	0.0092936
41.86	0.021094
41.88	0.022555
41.9	0.015438
41.92	0.0083933
41.94	0.0044309
41.96	-0.00081942
41.98	-0.0077442
42	-0.012859
42.02	-0.015709
42.04	-0.014948
42.06	-0.0083879
42.08	0.0013527
42.1	0.010079
42.12	0.015211
42.14	0.016415
42.16	0.014792
42.18	0.00881
42.2	-0.00081939
42.22	-0.010745
42.24	-0.021217
42.26	-0.028714
42.28	-0.024928
42.3	-0.0080616
42.32	0.016823
42.34	0.037955
42.36	0.044568
42.38	0.035385
42.4	0.017342
42.42	-0.00396
42.44	-0.024263
42.46	-0.037521
42.48	-0.042591
42.5	-0.041006
42.52	-0.031992
42.54	-0.015866
42.56	0.0027657
42.58	0.016052
42.6	0.020672
42.62	0.018493
42.64	0.01171
42.66	0.0053884
42.68	0.0010974
42.7	-0.00091822
42.72	0.0012659
42.74	0.0045822
42.76	0.0040411
42.78	0.00016983
42.8	-0.003779
42.82	-0.0062604
42.84	-0.0066366
42.86	-0.0043517
42.88	4.6032e-05
42.9	0.0047498
42.92	0.0063951
42.94	0.0049563
42.96	0.0013873
42.98	-0.0030269
43	-0.0077929
43.02	-0.012457
43.04	-0.013113
43.06	-0.0098807
43.08	-0.0056073
43.1	-0.00015082
43.12	0.0062456
43.14	0.010146
43.16	0.0092215
43.18	0.0058937
43.2	0.002581
43.22	0.0011509
43.24	0.0028809
43.26	0.0055829
43.28	0.0070557
43.3	0.0081131
43.32	0.008906
43.34	0.0081194
43.36	0.0047205
43.38	-0.00096859
43.4	-0.0074856
43.42	-0.01228
43.44	-0.014537
43.46	-0.014319
43.48	-0.011478
43.5	-0.0075363
43.52	-0.0046743
43.54	-0.0031734
43.56	-0.0024223
43.58	-0.0028852
43.6	-0.0038164
43.62	-0.0051957
43.64	-0.0071978
43.66	-0.0078741
43.68	-0.0055358
43.7	-0.0013412
43.72	0.0023665
43.74	0.0052009
43.76	0.0074296
43.78	0.0078776
43.8	0.0065841
43.82	0.0047442
43.84	0.0029806
43.86	0.0017066
43.88	0.0018851
43.9	0.0029635
43.92	0.0037523
43.94	0.0041642
43.96	0.0035266
43.98	0.0023969
44	0.0013554
44.02	-0.00018573
44.04	-0.0022419
44.06	-0.0042274
44.08	-0.0041693
44.1	-0.0015945
44.12	0.0020336
44.14	0.0064676
44.16	0.010247
44.18	0.011749
44.2	0.011513
44.22	0.0095335
44.24	0.0063013
44.26	0.0028661
44.28	-0.0010999
44.3	-0.0045441
44.32	-0.0073994
44.34	-0.009367
44.36	-0.0092529
44.38	-0.0071812
44.4	-0.0042854
44.42	-0.0013679
44.44	0.00070318
44.46	0.0017337
44.48	0.0018227
44.5	0.00075078
44.52	-0.00065834
44.54	-0.002346
44.56	-0.0039305
44.58	-0.0040411
44.6	-0.0023494
44.62	0.00089375
44.64	0.0045494
44.66	0.0085718
44.68	0.012829
44.7	0.015115
44.72	0.013538
44.74	0.0095567
44.76	0.0068445
44.78	0.0053411
44.8	0.0027582
44.82	-0.0006905
44.84	-0.0035883
44.86	-0.0058815
44.88	-0.0075129
44.9	-0.0077638
44.92	-0.0073297
44.94	-0.0063024
44.96	-0.0049093
44.98	-0.0035294
45	-0.0013886
45.02	0.001681
45.04	0.0041123
45.06	0.0051884
45.08	0.0053223
45.1	0.0046132
45.12	0.0035589
45.14	0.002805
45.16	0.0013566
45.18	-0.0011136
45.2	-0.0029189
45.22	-0.0039016
45.24	-0.0043039
45.26	-0.0042983
45.28	-0.0045728
45.3	-0.0051599
45.32	-0.0056539
45.34	-0.0059632
45.36	-0.0057581
45.38	-0.0050495
45.4	-0.0034598
45.42	-0.00071646
45.44	0.0014623
45.46	0.0025584
45.48	0.0028586
45.5	0.0023798
45.52	0.0013771
45.54	0.00027572
45.56	-0.00076427
45.58	-0.0011802
45.6	0.00085821
45.62	0.0022828
45.64	0.0034592
45.66	0.003936
45.68	0.0039581
45.7	0.0045279
45.72	0.0054264
45.74	0.0045472
45.76	0.0011856
45.78	-0.0019481
45.8	-0.0043216
45.82	-0.0060026
45.84	-0.0063812
45.86	-0.0056872
45.88	-0.0031008
45.9	0.00060657
45.92	0.0031498
45.94	0.0042516
45.96	0.0045991
45.98	0.0042161
46	0.003622
46.02	0.003303
46.04	0.0024602
46.06	0.0015021
46.08	0.0013381
46.1	0.0013204
46.12	0.001197
46.14	0.001321
46.16	0.0016386
46.18	0.0013926
46.2	0.00079189
46.22	6.3826e-05
46.24	0.00013633
46.26	0.0015557
46.28	0.0026168
46.3	0.0025309
46.32	0.0020094
46.34	0.001184
46.36	0.00098678
46.38	0.0011831
46.4	0.00095186
46.42	0.00079401
46.44	0.0015739
46.46	0.0025188
46.48	0.0031891
46.5	0.0037822
46.52	0.0038795
46.54	0.0035832
46.56	0.003187
46.58	0.0024569
46.6	0.001461
46.62	0.00066483
46.64	0.00044452
46.66	0.00014339
46.68	-0.00039301
46.7	-0.00043227
46.72	8.6825e-05
46.74	0.00064545
46.76	0.00058268
46.78	-0.00052321
46.8	-0.0020873
46.82	-0.0030329
46.84	-0.0034773
46.86	-0.003948
46.88	-0.0040523
46.9	-0.00369
46.92	-0.0031589
46.94	-0.0025741
46.96	-0.0019726
46.98	-0.0015242
47	-0.00088206
47.02	0.00011392
47.04	0.00084191
47.06	0.00092086
47.08	0.000512
47.1	-1.024e-05
47.12	-0.0005537
47.14	-0.0010858
47.16	-0.0015059
47.18	-0.0015426
47.2	-0.0011208
47.22	-0.00065284
47.24	-0.00049697
47.26	-0.00038256
47.28	-0.00018982
47.3	-0.00011156
47.32	-0.00021315
47.34	-0.00048376
47.36	-0.00083568
47.38	-0.0010237
47.4	-0.00105
47.42	-0.00099102
47.44	-0.00087332
47.46	-0.00074119
47.48	-0.0005628
47.5	-0.00040048
47.52	-0.00038002
47.54	-0.00052835
47.56	-0.00073612
47.58	-0.00092011
47.6	-0.0010272
47.62	-0.0010488
47.64	-0.0010359
47.66	-0.00098073
47.68	-0.00084342
47.7	-0.00064055
47.72	-0.00044456
47.74	-0.00029962
47.76	-0.00022028
47.78	-0.00018119
47.8	-0.00016113
47.82	-0.00016865
47.84	-0.00020448
47.86	-0.00024867
47.88	-0.00028683
47.9	-0.00031437
47.92	-0.00033356
47.94	-0.00034911
47.96	-0.00036155
47.98	-0.00037056
