0	0.00059417
0.005	0.00063053
0.01	0.00068644
0.015	0.00071866
0.02	0.0007643
0.025	0.00082371
0.03	0.0008944
0.035	0.0009639
0.04	0.0010057
0.045	0.000998
0.05	0.0009298
0.055	0.00079048
0.06	0.0005854
0.065	0.00034987
0.07	0.00014853
0.075	6.6373e-05
0.08	0.00015044
0.085	0.00042117
0.09	0.00090664
0.095	0.0015374
0.1	0.0021768
0.105	0.0027585
0.11	0.0032328
0.115	0.0035559
0.12	0.0037681
0.125	0.0038791
0.13	0.0037944
0.135	0.0034049
0.14	0.0025932
0.145	0.0013559
0.15	-0.00010545
0.155	-0.0015313
0.16	-0.0026791
0.165	-0.0034276
0.17	-0.0038327
0.175	-0.0039021
0.18	-0.0034772
0.185	-0.0023396
0.19	-0.00029482
0.195	0.0027361
0.2	0.0064296
0.205	0.010007
0.21	0.012724
0.215	0.014105
0.22	0.013943
0.225	0.012559
0.23	0.010619
0.235	0.008593
0.24	0.0067248
0.245	0.0049011
0.25	0.0025446
0.255	-0.00068848
0.26	-0.0042525
0.265	-0.0071801
0.27	-0.0091127
0.275	-0.0099709
0.28	-0.0093355
0.285	-0.007109
0.29	-0.0037014
0.295	0.00025423
0.3	0.0036473
0.305	0.0054024
0.31	0.0054113
0.315	0.0044092
0.32	0.0033526
0.325	0.0029259
0.33	0.0031573
0.335	0.0034373
0.34	0.0030723
0.345	0.0018129
0.35	-0.00031893
0.355	-0.0033323
0.36	-0.0070232
0.365	-0.010647
0.37	-0.012768
0.375	-0.011597
0.38	-0.0067242
0.385	-0.00027278
0.39	0.0050925
0.395	0.0083689
0.4	0.010074
0.405	0.011622
0.41	0.015005
0.415	0.021315
0.42	0.028838
0.425	0.034206
0.43	0.035489
0.435	0.032434
0.44	0.024838
0.445	0.013307
0.45	0.0004504
0.455	-0.011558
0.46	-0.02303
0.465	-0.035171
0.47	-0.048206
0.475	-0.061271
0.48	-0.073526
0.485	-0.084288
0.49	-0.092603
0.495	-0.096262
0.5	-0.090447
0.505	-0.068571
0.51	-0.026433
0.515	0.030597
0.52	0.087283
0.525	0.12806
0.53	0.14487
0.535	0.13869
0.54	0.11689
0.545	0.090688
0.55	0.070021
0.555	0.054695
0.56	0.034929
0.565	0.0030801
0.57	-0.038797
0.575	-0.081319
0.58	-0.11404
0.585	-0.13229
0.59	-0.1401
0.595	-0.14321
0.6	-0.14104
0.605	-0.12809
0.61	-0.098739
0.615	-0.047616
0.62	0.027118
0.625	0.11035
0.63	0.17097
0.635	0.18642
0.64	0.15986
0.645	0.116
0.65	0.083337
0.655	0.074234
0.66	0.077919
0.665	0.075621
0.67	0.060205
0.675	0.037564
0.68	0.016407
0.685	0.0012509
0.69	-0.0061645
0.695	-0.0034868
0.7	0.01053
0.705	0.032328
0.71	0.053313
0.715	0.064784
0.72	0.063792
0.725	0.05381
0.73	0.039106
0.735	0.020484
0.74	-0.0018597
0.745	-0.024803
0.75	-0.044657
0.755	-0.059062
0.76	-0.065002
0.765	-0.059869
0.77	-0.043622
0.775	-0.019897
0.78	0.0038435
0.785	0.022121
0.79	0.034795
0.795	0.04333
0.8	0.049668
0.805	0.055883
0.81	0.062891
0.815	0.070439
0.82	0.075602
0.825	0.073103
0.83	0.060123
0.835	0.039565
0.84	0.017264
0.845	-0.0025046
0.85	-0.018322
0.855	-0.031139
0.86	-0.042978
0.865	-0.054349
0.87	-0.064163
0.875	-0.071483
0.88	-0.074151
0.885	-0.06957
0.89	-0.058648
0.895	-0.044833
0.9	-0.030592
0.905	-0.018937
0.91	-0.014346
0.915	-0.018598
0.92	-0.02989
0.925	-0.045157
0.93	-0.061255
0.935	-0.07646
0.94	-0.090451
0.945	-0.1035
0.95	-0.11646
0.955	-0.1289
0.96	-0.13767
0.965	-0.13732
0.97	-0.12324
0.975	-0.097012
0.98	-0.065683
0.985	-0.034539
0.99	-0.005371
0.995	0.02035
1	0.041531
1.005	0.058269
1.01	0.071459
1.015	0.082796
1.02	0.093463
1.025	0.10137
1.03	0.10176
1.035	0.09175
1.04	0.071695
1.045	0.043561
1.05	0.011448
1.055	-0.02037
1.06	-0.048237
1.065	-0.067056
1.07	-0.071674
1.075	-0.060384
1.08	-0.03578
1.085	-0.0015523
1.09	0.037964
1.095	0.07443
1.1	0.09013
1.105	0.071797
1.11	0.03743
1.115	0.020505
1.12	0.030161
1.125	0.048691
1.13	0.056093
1.135	0.045616
1.14	0.023095
1.145	-0.0033665
1.15	-0.030914
1.155	-0.059248
1.16	-0.086302
1.165	-0.1087
1.17	-0.12146
1.175	-0.11517
1.18	-0.078354
1.185	-0.0049276
1.19	0.096406
1.195	0.19768
1.2	0.26353
1.205	0.27204
1.21	0.22774
1.215	0.15619
1.22	0.086698
1.225	0.037709
1.23	0.011738
1.235	0.0015224
1.24	-0.00050102
1.245	0.0017705
1.25	0.0061353
1.255	0.011172
1.26	0.016026
1.265	0.018464
1.27	0.016751
1.275	0.013996
1.28	0.017725
1.285	0.038922
1.29	0.087522
1.295	0.16179
1.3	0.23845
1.305	0.27856
1.31	0.26088
1.315	0.20003
1.32	0.11602
1.325	0.011167
1.33	-0.10503
1.335	-0.20665
1.34	-0.27523
1.345	-0.30862
1.35	-0.31383
1.355	-0.29957
1.36	-0.27259
1.365	-0.23944
1.37	-0.20704
1.375	-0.17545
1.38	-0.1365
1.385	-0.082169
1.39	-0.0040174
1.395	0.10501
1.4	0.22798
1.405	0.32061
1.41	0.34532
1.415	0.3005
1.42	0.21656
1.425	0.12543
1.43	0.03595
1.435	-0.055961
1.44	-0.15166
1.445	-0.24756
1.45	-0.32606
1.455	-0.36786
1.46	-0.37179
1.465	-0.34875
1.47	-0.31028
1.475	-0.25997
1.48	-0.17737
1.485	-0.030561
1.49	0.20434
1.495	0.51398
1.5	0.78333
1.505	0.86998
1.51	0.75968
1.515	0.54088
1.52	0.29224
1.525	0.067827
1.53	-0.094062
1.535	-0.18945
1.54	-0.24058
1.545	-0.27493
1.55	-0.31514
1.555	-0.37634
1.56	-0.46219
1.565	-0.56128
1.57	-0.64889
1.575	-0.69287
1.58	-0.66255
1.585	-0.50726
1.59	-0.19221
1.595	0.20259
1.6	0.51856
1.605	0.64473
1.61	0.58049
1.615	0.40211
1.62	0.19996
1.625	0.040458
1.63	-0.064842
1.635	-0.13673
1.64	-0.18144
1.645	-0.19656
1.65	-0.19041
1.655	-0.17437
1.66	-0.1534
1.665	-0.12724
1.67	-0.093733
1.675	-0.049903
1.68	0.010935
1.685	0.097949
1.69	0.21588
1.695	0.3536
1.7	0.46868
1.705	0.50741
1.71	0.45552
1.715	0.34605
1.72	0.22613
1.725	0.13491
1.73	0.089792
1.735	0.078445
1.74	0.076286
1.745	0.069632
1.75	0.055102
1.755	0.029562
1.76	-0.010182
1.765	-0.06116
1.77	-0.1078
1.775	-0.12773
1.78	-0.10848
1.785	-0.056922
1.79	-0.00081689
1.795	0.019443
1.8	-0.021566
1.805	-0.11174
1.81	-0.21313
1.815	-0.28979
1.82	-0.3324
1.825	-0.3614
1.83	-0.39066
1.835	-0.40127
1.84	-0.36276
1.845	-0.26334
1.85	-0.12831
1.855	-0.0038135
1.86	0.082148
1.865	0.12473
1.87	0.14081
1.875	0.16394
1.88	0.21032
1.885	0.26559
1.89	0.30873
1.895	0.3276
1.9	0.31612
1.905	0.27681
1.91	0.22278
1.915	0.16741
1.92	0.11654
1.925	0.070604
1.93	0.026293
1.935	-0.022009
1.94	-0.077341
1.945	-0.13477
1.95	-0.18254
1.955	-0.21184
1.96	-0.21811
1.965	-0.19092
1.97	-0.11215
1.975	0.02525
1.98	0.17438
1.985	0.24977
1.99	0.22454
1.995	0.15019
2	0.078808
2.005	0.02261
2.01	-0.027882
2.015	-0.082467
2.02	-0.14119
2.025	-0.19379
2.03	-0.23085
2.035	-0.25115
2.04	-0.25882
2.045	-0.26215
2.05	-0.2723
2.055	-0.2948
2.06	-0.32248
2.065	-0.33926
2.07	-0.33161
2.075	-0.29186
2.08	-0.21917
2.085	-0.12382
2.09	-0.021397
2.095	0.074485
2.1	0.15712
2.105	0.22347
2.11	0.26781
2.115	0.28683
2.12	0.28163
2.125	0.25465
2.13	0.21094
2.135	0.16057
2.14	0.11414
2.145	0.077761
2.15	0.056225
2.155	0.054383
2.16	0.069962
2.165	0.088257
2.17	0.089366
2.175	0.061971
2.18	0.01023
2.185	-0.051748
2.19	-0.11078
2.195	-0.15821
2.2	-0.18645
2.205	-0.19035
2.21	-0.1725
2.215	-0.14321
2.22	-0.11721
2.225	-0.11177
2.23	-0.13722
2.235	-0.18965
2.24	-0.25772
2.245	-0.3165
2.25	-0.32585
2.255	-0.2614
2.26	-0.13542
2.265	0.011601
2.27	0.13015
2.275	0.19163
2.28	0.20311
2.285	0.18587
2.29	0.15464
2.295	0.11854
2.3	0.091041
2.305	0.089888
2.31	0.12155
2.315	0.1753
2.32	0.23331
2.325	0.27825
2.33	0.29832
2.335	0.29385
2.34	0.2712
2.345	0.23069
2.35	0.17303
2.355	0.10871
2.36	0.049564
2.365	3.0948e-05
2.37	-0.044126
2.375	-0.090476
2.38	-0.13736
2.385	-0.17525
2.39	-0.19805
2.395	-0.20315
2.4	-0.19244
2.405	-0.17685
2.41	-0.17064
2.415	-0.18122
2.42	-0.20473
2.425	-0.22456
2.43	-0.21586
2.435	-0.16219
2.44	-0.065986
2.445	0.048468
2.45	0.1367
2.455	0.16542
2.46	0.14048
2.465	0.091706
2.47	0.043418
2.475	0.0040897
2.48	-0.020989
2.485	-0.021653
2.49	0.005182
2.495	0.044596
2.5	0.073627
2.505	0.081179
2.51	0.073069
2.515	0.060759
2.52	0.049264
2.525	0.036343
2.53	0.020969
2.535	0.0058716
2.54	-0.0076372
2.545	-0.019469
2.55	-0.029214
2.555	-0.038982
2.56	-0.053903
2.565	-0.078868
2.57	-0.11389
2.575	-0.15292
2.58	-0.18569
2.585	-0.19821
2.59	-0.18042
2.595	-0.13705
2.6	-0.083012
2.605	-0.031024
2.61	0.012096
2.615	0.041264
2.62	0.049903
2.625	0.0364
2.63	0.011564
2.635	-0.0079529
2.64	-0.013951
2.645	-0.012622
2.65	-0.01801
2.655	-0.03946
2.66	-0.074546
2.665	-0.1117
2.67	-0.13732
2.675	-0.14358
2.68	-0.12843
2.685	-0.091992
2.69	-0.037706
2.695	0.028365
2.7	0.09532
2.705	0.14814
2.71	0.17854
2.715	0.18947
2.72	0.18977
2.725	0.18679
2.73	0.1831
2.735	0.17887
2.74	0.1735
2.745	0.16486
2.75	0.15153
2.755	0.1346
2.76	0.11634
2.765	0.10079
2.77	0.093636
2.775	0.099185
2.78	0.11851
2.785	0.14991
2.79	0.19008
2.795	0.23457
2.8	0.27811
2.805	0.31295
2.81	0.33044
2.815	0.32748
2.82	0.3084
2.825	0.28362
2.83	0.2658
2.835	0.25958
2.84	0.25707
2.845	0.24437
2.85	0.21109
2.855	0.16023
2.86	0.10515
2.865	0.057378
2.87	0.022952
2.875	0.0029532
2.88	-0.0017263
2.885	0.013129
2.89	0.047152
2.895	0.089448
2.9	0.12569
2.905	0.14606
2.91	0.14776
2.915	0.13601
2.92	0.11933
2.925	0.10283
2.93	0.087326
2.935	0.069855
2.94	0.045561
2.945	0.011098
2.95	-0.035125
2.955	-0.090409
2.96	-0.14798
2.965	-0.20141
2.97	-0.2475
2.975	-0.2865
2.98	-0.31484
2.985	-0.32655
2.99	-0.32321
2.995	-0.31152
3	-0.29481
3.005	-0.27333
3.01	-0.24731
3.015	-0.21739
3.02	-0.18675
3.025	-0.16041
3.03	-0.14205
3.035	-0.1328
3.04	-0.13088
3.045	-0.13576
3.05	-0.14971
3.055	-0.17152
3.06	-0.19696
3.065	-0.22297
3.07	-0.24848
3.075	-0.27418
3.08	-0.2986
3.085	-0.316
3.09	-0.32075
3.095	-0.31124
3.1	-0.29025
3.105	-0.26188
3.11	-0.23053
3.115	-0.20305
3.12	-0.18381
3.125	-0.17027
3.13	-0.15952
3.135	-0.15173
3.14	-0.14693
3.145	-0.14462
3.15	-0.14449
3.155	-0.14632
3.16	-0.14998
3.165	-0.15532
3.17	-0.16367
3.175	-0.17598
3.18	-0.19137
3.185	-0.21091
3.19	-0.23427
3.195	-0.2546
3.2	-0.26652
3.205	-0.27197
3.21	-0.27392
3.215	-0.27319
3.22	-0.27092
3.225	-0.26688
3.23	-0.25825
3.235	-0.24476
3.24	-0.22831
3.245	-0.20944
3.25	-0.19205
3.255	-0.18234
3.26	-0.18175
3.265	-0.18777
3.27	-0.1974
3.275	-0.20887
3.28	-0.22134
3.285	-0.23264
3.29	-0.24185
3.295	-0.25224
3.3	-0.26732
3.305	-0.28753
3.31	-0.30852
3.315	-0.32443
3.32	-0.33477
3.325	-0.34233
3.33	-0.34789
3.335	-0.35141
3.34	-0.35354
3.345	-0.35415
3.35	-0.35359
3.355	-0.35345
3.36	-0.35313
3.365	-0.3506
3.37	-0.34582
3.375	-0.34049
3.38	-0.33498
3.385	-0.32697
3.39	-0.31478
3.395	-0.29986
3.4	-0.28441
3.405	-0.26867
3.41	-0.25265
3.415	-0.23703
3.42	-0.22173
3.425	-0.20578
3.43	-0.18822
3.435	-0.16996
3.44	-0.15224
3.445	-0.13463
3.45	-0.11707
3.455	-0.099647
3.46	-0.081349
3.465	-0.06045
3.47	-0.036967
3.475	-0.011966
3.48	0.016552
3.485	0.0508
3.49	0.090189
3.495	0.13381
3.5	0.18179
3.505	0.23309
3.51	0.28778
3.515	0.35021
3.52	0.42033
3.525	0.49546
3.53	0.57955
3.535	0.67292
3.54	0.76558
3.545	0.84503
3.55	0.9034
3.555	0.94161
3.56	0.96842
3.565	0.98934
3.57	0.99982
3.575	0.99456
3.58	0.97691
3.585	0.95791
3.59	0.94769
3.595	0.94604
3.6	0.94317
3.605	0.93092
3.61	0.90911
3.615	0.87981
3.62	0.84183
3.625	0.79434
3.63	0.73823
3.635	0.67457
3.64	0.60548
3.645	0.53026
3.65	0.44544
3.655	0.35582
3.66	0.26936
3.665	0.18726
3.67	0.12238
3.675	0.094311
3.68	0.098378
3.685	0.116
3.69	0.14378
3.695	0.18726
3.7	0.2421
3.705	0.30235
3.71	0.3644
3.715	0.40777
3.72	0.39869
3.725	0.32066
3.73	0.18379
3.735	0.026791
3.74	-0.09418
3.745	-0.14844
3.75	-0.13826
3.755	-0.072532
3.76	0.047296
3.765	0.21317
3.77	0.38983
3.775	0.52741
3.78	0.59184
3.785	0.58266
3.79	0.52061
3.795	0.42779
3.8	0.32436
3.805	0.22867
3.81	0.15992
3.815	0.12943
3.82	0.12323
3.825	0.11304
3.83	0.084858
3.835	0.046425
3.84	0.010684
3.845	-0.018983
3.85	-0.049368
3.855	-0.088923
3.86	-0.14071
3.865	-0.20203
3.87	-0.26755
3.875	-0.33214
3.88	-0.38929
3.885	-0.43276
3.89	-0.46045
3.895	-0.47325
3.9	-0.47608
3.905	-0.47871
3.91	-0.49014
3.915	-0.51322
3.92	-0.54207
3.925	-0.56619
3.93	-0.58079
3.935	-0.58982
3.94	-0.59984
3.945	-0.61281
3.95	-0.62477
3.955	-0.63141
3.96	-0.63149
3.965	-0.62491
3.97	-0.61246
3.975	-0.59248
3.98	-0.55996
3.985	-0.51628
3.99	-0.46855
3.995	-0.42037
4	-0.37093
4.005	-0.31554
4.01	-0.24727
4.015	-0.16663
4.02	-0.079657
4.025	0.013081
4.03	0.10932
4.035	0.1998
4.04	0.2778
4.045	0.34883
4.05	0.41824
4.055	0.47333
4.06	0.50243
4.065	0.51029
4.07	0.50265
4.075	0.47964
4.08	0.44461
4.085	0.40234
4.09	0.34709
4.095	0.27042
4.1	0.17425
4.105	0.065685
4.11	-0.043877
4.115	-0.14101
4.12	-0.21888
4.125	-0.27663
4.13	-0.31764
4.135	-0.3478
4.14	-0.37189
4.145	-0.39127
4.15	-0.40387
4.155	-0.40652
4.16	-0.39908
4.165	-0.38639
4.17	-0.37307
4.175	-0.35868
4.18	-0.34209
4.185	-0.3249
4.19	-0.30726
4.195	-0.28909
4.2	-0.27184
4.205	-0.25459
4.21	-0.23511
4.215	-0.21291
4.22	-0.18842
4.225	-0.16194
4.23	-0.13188
4.235	-0.095906
4.24	-0.055508
4.245	-0.012479
4.25	0.033947
4.255	0.081692
4.26	0.12949
4.265	0.17926
4.27	0.22917
4.275	0.27732
4.28	0.32665
4.285	0.37988
4.29	0.43568
4.295	0.49243
4.3	0.54968
4.305	0.60451
4.31	0.6606
4.315	0.7241
4.32	0.78288
4.325	0.82339
4.33	0.85293
4.335	0.88165
4.34	0.90785
4.345	0.92724
4.35	0.94143
4.355	0.95466
4.36	0.967
4.365	0.97244
4.37	0.96395
4.375	0.93891
4.38	0.8936
4.385	0.8277
4.39	0.75052
4.395	0.65843
4.4	0.54324
4.405	0.42087
4.41	0.30843
4.415	0.20299
4.42	0.099219
4.425	-0.0086724
4.43	-0.11436
4.435	-0.19021
4.44	-0.23778
4.445	-0.28774
4.45	-0.35429
4.455	-0.43336
4.46	-0.51415
4.465	-0.58952
4.47	-0.65841
4.475	-0.7233
4.48	-0.79218
4.485	-0.86785
4.49	-0.93536
4.495	-0.97681
4.5	-0.99185
4.505	-0.99146
4.51	-0.98378
4.515	-0.97438
4.52	-0.96881
4.525	-0.96937
4.53	-0.97149
4.535	-0.96472
4.54	-0.94017
4.545	-0.90001
4.55	-0.8553
4.555	-0.81357
4.56	-0.77325
4.565	-0.72935
4.57	-0.68427
4.575	-0.64817
4.58	-0.6232
4.585	-0.59925
4.59	-0.56738
4.595	-0.52593
4.6	-0.47626
4.605	-0.41793
4.61	-0.34938
4.615	-0.27344
4.62	-0.19669
4.625	-0.11605
4.63	-0.023
4.635	0.079667
4.64	0.18713
4.645	0.29926
4.65	0.41286
4.655	0.52702
4.66	0.64349
4.665	0.758
4.67	0.88333
4.675	1.0441
4.68	1.2051
4.685	1.2867
4.69	1.2622
4.695	1.1524
4.7	0.97129
4.705	0.74481
4.71	0.52159
4.715	0.34385
4.72	0.22713
4.725	0.15023
4.73	0.073916
4.735	-0.026209
4.74	-0.14925
4.745	-0.27732
4.75	-0.38567
4.755	-0.4505
4.76	-0.47013
4.765	-0.46756
4.77	-0.46202
4.775	-0.45615
4.78	-0.4474
4.785	-0.43849
4.79	-0.43336
4.795	-0.42928
4.8	-0.4172
4.805	-0.38959
4.81	-0.34423
4.815	-0.2835
4.82	-0.21564
4.825	-0.14879
4.83	-0.087035
4.835	-0.032117
4.84	0.018402
4.845	0.071092
4.85	0.12884
4.855	0.18456
4.86	0.23187
4.865	0.27453
4.87	0.31761
4.875	0.36042
4.88	0.40255
4.885	0.44611
4.89	0.48747
4.895	0.51993
4.9	0.54335
4.905	0.56132
4.91	0.57458
4.915	0.57984
4.92	0.57456
4.925	0.56245
4.93	0.5493
4.935	0.53747
4.94	0.5272
4.945	0.51761
4.95	0.50604
4.955	0.48891
4.96	0.46264
4.965	0.42468
4.97	0.37549
4.975	0.31802
4.98	0.25541
4.985	0.19023
4.99	0.12667
4.995	0.072746
5	0.031571
5.005	-0.0039098
5.01	-0.040101
5.015	-0.076837
5.02	-0.11321
5.025	-0.15208
5.03	-0.19532
5.035	-0.23803
5.04	-0.27453
5.045	-0.30504
5.05	-0.33244
5.055	-0.3575
5.06	-0.37838
5.065	-0.39179
5.07	-0.3945
5.075	-0.38712
5.08	-0.37339
5.085	-0.35413
5.09	-0.32602
5.095	-0.2871
5.1	-0.23683
5.105	-0.17557
5.11	-0.10852
5.115	-0.042385
5.12	0.015177
5.125	0.055525
5.13	0.075931
5.135	0.080535
5.14	0.077284
5.145	0.0743
5.15	0.075374
5.155	0.080444
5.16	0.089287
5.165	0.10297
5.17	0.12257
5.175	0.14587
5.18	0.16555
5.185	0.17504
5.19	0.17394
5.195	0.16445
5.2	0.14704
5.205	0.12328
5.21	0.10003
5.215	0.085452
5.22	0.081248
5.225	0.082191
5.23	0.081813
5.235	0.076656
5.24	0.067598
5.245	0.058968
5.25	0.055004
5.255	0.057235
5.26	0.065163
5.265	0.076371
5.27	0.086401
5.275	0.092291
5.28	0.09432
5.285	0.09414
5.29	0.093096
5.295	0.090414
5.3	0.084645
5.305	0.076144
5.31	0.064727
5.315	0.04959
5.32	0.03102
5.325	0.0083815
5.33	-0.016381
5.335	-0.037129
5.34	-0.051077
5.345	-0.059218
5.35	-0.062334
5.355	-0.061427
5.36	-0.058724
5.365	-0.058321
5.37	-0.063193
5.375	-0.073935
5.38	-0.091275
5.385	-0.11397
5.39	-0.13877
5.395	-0.16228
5.4	-0.18122
5.405	-0.19444
5.41	-0.20345
5.415	-0.21046
5.42	-0.21523
5.425	-0.21617
5.43	-0.21361
5.435	-0.20866
5.44	-0.20208
5.445	-0.19492
5.45	-0.18754
5.455	-0.17952
5.46	-0.17096
5.465	-0.16185
5.47	-0.15296
5.475	-0.14742
5.48	-0.14574
5.485	-0.14368
5.49	-0.13832
5.495	-0.13057
5.5	-0.12214
5.505	-0.11341
5.51	-0.10489
5.515	-0.096927
5.52	-0.087824
5.525	-0.077485
5.53	-0.067511
5.535	-0.056753
5.54	-0.043393
5.545	-0.027533
5.55	-0.0098979
5.555	0.0084822
5.56	0.026262
5.565	0.042654
5.57	0.057104
5.575	0.067741
5.58	0.072224
5.585	0.070285
5.59	0.063111
5.595	0.051232
5.6	0.034976
5.605	0.014631
5.61	-0.010379
5.615	-0.040924
5.62	-0.074201
5.625	-0.10299
5.63	-0.12378
5.635	-0.1382
5.64	-0.14711
5.645	-0.1508
5.65	-0.15031
5.655	-0.14608
5.66	-0.13932
5.665	-0.13314
5.67	-0.13026
5.675	-0.13163
5.68	-0.13769
5.685	-0.14759
5.69	-0.15625
5.695	-0.1559
5.7	-0.14239
5.705	-0.11882
5.71	-0.092719
5.715	-0.069735
5.72	-0.050993
5.725	-0.034536
5.73	-0.017904
5.735	-0.0013307
5.74	0.014845
5.745	0.031915
5.75	0.04833
5.755	0.062115
5.76	0.073922
5.765	0.08255
5.77	0.08691
5.775	0.089855
5.78	0.092313
5.785	0.091835
5.79	0.087877
5.795	0.080929
5.8	0.070586
5.805	0.057496
5.81	0.043808
5.815	0.029834
5.82	0.0135
5.825	-0.0052472
5.83	-0.023473
5.835	-0.038171
5.84	-0.048773
5.845	-0.056971
5.85	-0.064998
5.855	-0.073953
5.86	-0.083409
5.865	-0.093529
5.87	-0.10458
5.875	-0.11527
5.88	-0.12467
5.885	-0.13227
5.89	-0.13697
5.895	-0.13877
5.9	-0.1385
5.905	-0.13669
5.91	-0.13468
5.915	-0.13469
5.92	-0.13684
5.925	-0.13854
5.93	-0.13882
5.935	-0.13878
5.94	-0.13742
5.945	-0.13323
5.95	-0.12758
5.955	-0.12166
5.96	-0.11401
5.965	-0.10404
5.97	-0.092882
5.975	-0.080706
5.98	-0.067878
5.985	-0.055267
5.99	-0.042229
5.995	-0.027892
6	-0.013255
6.005	0.00026644
6.01	0.013271
6.015	0.027579
6.02	0.043946
6.025	0.061772
6.03	0.080477
6.035	0.09941
6.04	0.11767
6.045	0.13541
6.05	0.15266
6.055	0.16873
6.06	0.18423
6.065	0.1988
6.07	0.21
6.075	0.21823
6.08	0.22668
6.085	0.23571
6.09	0.24302
6.095	0.24732
6.1	0.24802
6.105	0.24509
6.11	0.23944
6.115	0.23085
6.12	0.218
6.125	0.20224
6.13	0.1865
6.135	0.16936
6.14	0.14793
6.145	0.12396
6.15	0.098946
6.155	0.072135
6.16	0.044667
6.165	0.019291
6.17	-0.0011662
6.175	-0.016041
6.18	-0.026665
6.185	-0.034604
6.19	-0.04178
6.195	-0.048015
6.2	-0.050861
6.205	-0.049694
6.21	-0.046507
6.215	-0.042942
6.22	-0.039033
6.225	-0.034784
6.23	-0.03049
6.235	-0.026019
6.24	-0.021269
6.245	-0.01625
6.25	-0.01011
6.255	-0.002608
6.26	0.0045457
6.265	0.010361
6.27	0.015766
6.275	0.021626
6.28	0.027401
6.285	0.032356
6.29	0.036832
6.295	0.041535
6.3	0.046582
6.305	0.051653
6.31	0.056531
6.315	0.060663
6.32	0.063327
6.325	0.065467
6.33	0.069172
6.335	0.074642
6.34	0.080722
6.345	0.087275
6.35	0.094018
6.355	0.099684
6.36	0.10409
6.365	0.10794
6.37	0.11111
6.375	0.11396
6.38	0.11804
6.385	0.12307
6.39	0.12684
6.395	0.12838
6.4	0.12793
6.405	0.12568
6.41	0.12126
6.415	0.11398
6.42	0.10305
6.425	0.087001
6.43	0.065472
6.435	0.04103
6.44	0.017004
6.445	-0.0043001
6.45	-0.022129
6.455	-0.037093
6.46	-0.049332
6.465	-0.05888
6.47	-0.067183
6.475	-0.075984
6.48	-0.0853
6.485	-0.093787
6.49	-0.10077
6.495	-0.10641
6.5	-0.11114
6.505	-0.1158
6.51	-0.12072
6.515	-0.12469
6.52	-0.12625
6.525	-0.12556
6.53	-0.12379
6.535	-0.1214
6.54	-0.11833
6.545	-0.11456
6.55	-0.11006
6.555	-0.10489
6.56	-0.098753
6.565	-0.092042
6.57	-0.086706
6.575	-0.08298
6.58	-0.079
6.585	-0.074013
6.59	-0.068594
6.595	-0.062678
6.6	-0.054805
6.605	-0.043323
6.61	-0.02843
6.615	-0.012207
6.62	0.0034171
6.625	0.017645
6.63	0.030428
6.635	0.041487
6.64	0.050212
6.645	0.056516
6.65	0.061346
6.655	0.065974
6.66	0.070237
6.665	0.073082
6.67	0.074528
6.675	0.076055
6.68	0.078632
6.685	0.081093
6.69	0.081679
6.695	0.079181
6.7	0.07396
6.705	0.068312
6.71	0.063761
6.715	0.059786
6.72	0.055555
6.725	0.051489
6.73	0.048527
6.735	0.045954
6.74	0.042883
6.745	0.040397
6.75	0.039669
6.755	0.040596
6.76	0.042662
6.765	0.045233
6.77	0.047609
6.775	0.05022
6.78	0.052454
6.785	0.052304
6.79	0.049973
6.795	0.046437
6.8	0.041873
6.805	0.037016
6.81	0.032562
6.815	0.027907
6.82	0.021814
6.825	0.014208
6.83	0.0062872
6.835	-0.00053992
6.84	-0.0056239
6.845	-0.010617
6.85	-0.017189
6.855	-0.023289
6.86	-0.025975
6.865	-0.02478
6.87	-0.020408
6.875	-0.014109
6.88	-0.0080458
6.885	-0.0035681
6.89	-9.7709e-06
6.895	0.0031872
6.9	0.0058953
6.905	0.0088207
6.91	0.011912
6.915	0.013757
6.92	0.013695
6.925	0.012429
6.93	0.01059
6.935	0.007174
6.94	0.0020536
6.945	-0.0033107
6.95	-0.0086054
6.955	-0.013594
6.96	-0.017248
6.965	-0.019252
6.97	-0.020389
6.975	-0.022113
6.98	-0.024951
6.985	-0.027448
6.99	-0.028027
6.995	-0.026681
7	-0.024174
7.005	-0.020422
7.01	-0.014827
7.015	-0.007167
7.02	0.0013954
7.025	0.0083321
7.03	0.012434
7.035	0.013749
7.04	0.011847
7.045	0.0072606
7.05	0.0021205
7.055	-0.0031962
7.06	-0.0098235
7.065	-0.016393
7.07	-0.021117
7.075	-0.025905
7.08	-0.033219
7.085	-0.041957
7.09	-0.050675
7.095	-0.059498
7.1	-0.068134
7.105	-0.07606
7.11	-0.082505
7.115	-0.087542
7.12	-0.093239
7.125	-0.10079
7.13	-0.10902
7.135	-0.1161
7.14	-0.12135
7.145	-0.12596
7.15	-0.13049
7.155	-0.13362
7.16	-0.13432
7.165	-0.13319
7.17	-0.13244
7.175	-0.13254
7.18	-0.13163
7.185	-0.12994
7.19	-0.12945
7.195	-0.13074
7.2	-0.13242
7.205	-0.13287
7.21	-0.13225
7.215	-0.13167
7.22	-0.13098
7.225	-0.129
7.23	-0.12538
7.235	-0.12137
7.24	-0.11848
7.245	-0.11592
7.25	-0.11209
7.255	-0.10714
7.26	-0.10143
7.265	-0.09469
7.27	-0.087894
7.275	-0.082573
7.28	-0.078484
7.285	-0.07418
7.29	-0.069071
7.295	-0.063763
7.3	-0.059351
7.305	-0.05661
7.31	-0.055504
7.315	-0.055402
7.32	-0.055457
7.325	-0.055206
7.33	-0.05481
7.335	-0.055055
7.34	-0.056875
7.345	-0.059487
7.35	-0.060224
7.355	-0.057838
7.36	-0.054701
7.365	-0.052921
7.37	-0.050844
7.375	-0.046745
7.38	-0.041506
7.385	-0.036479
7.39	-0.032
7.395	-0.026853
7.4	-0.019779
7.405	-0.01249
7.41	-0.0066237
7.415	-0.00063254
7.42	0.0066312
7.425	0.014534
7.43	0.022288
7.435	0.030216
7.44	0.039333
7.445	0.049649
7.45	0.060591
7.455	0.071629
7.46	0.082248
7.465	0.091566
7.47	0.09899
7.475	0.1055
7.48	0.1112
7.485	0.11452
7.49	0.11619
7.495	0.11783
7.5	0.11834
7.505	0.117
7.51	0.1152
7.515	0.11414
7.52	0.11408
7.525	0.11376
7.53	0.11178
7.535	0.10873
7.54	0.10583
7.545	0.10269
7.55	0.098713
7.555	0.095321
7.56	0.093904
7.565	0.09409
7.57	0.095853
7.575	0.099784
7.58	0.10504
7.585	0.11011
7.59	0.11507
7.595	0.12015
7.6	0.12441
7.605	0.12717
7.61	0.12811
7.615	0.12679
7.62	0.12351
7.625	0.11919
7.63	0.11414
7.635	0.10747
7.64	0.097983
7.645	0.085996
7.65	0.073359
7.655	0.061446
7.66	0.050106
7.665	0.037847
7.67	0.023104
7.675	0.0068732
7.68	-0.0080505
7.685	-0.020838
7.69	-0.032809
7.695	-0.044227
7.7	-0.05406
7.705	-0.061733
7.71	-0.067423
7.715	-0.071504
7.72	-0.073047
7.725	-0.070748
7.73	-0.065471
7.735	-0.058793
7.74	-0.051037
7.745	-0.04269
7.75	-0.034213
7.755	-0.025385
7.76	-0.016381
7.765	-0.0067666
7.77	0.0036813
7.775	0.012882
7.78	0.018451
7.785	0.020326
7.79	0.021195
7.795	0.022745
7.8	0.023342
7.805	0.021264
7.81	0.016663
7.815	0.010895
7.82	0.0043459
7.825	-0.0025469
7.83	-0.0074681
7.835	-0.010116
7.84	-0.012722
7.845	-0.016316
7.85	-0.02095
7.855	-0.027319
7.86	-0.035088
7.865	-0.041615
7.87	-0.045149
7.875	-0.046283
7.88	-0.04621
7.885	-0.045493
7.89	-0.043323
7.895	-0.039008
7.9	-0.033683
7.905	-0.028999
7.91	-0.025183
7.915	-0.021183
7.92	-0.016332
7.925	-0.01104
7.93	-0.0059283
7.935	-0.0015803
7.94	0.00098892
7.945	0.0013223
7.95	0.00064493
7.955	1.2094e-05
7.96	-0.00075152
7.965	-0.00091893
7.97	5.0612e-05
7.975	0.00077299
7.98	0.00083557
7.985	0.0013953
7.99	0.0026928
7.995	0.0044356
8	0.0071025
8.005	0.010456
8.01	0.013618
8.015	0.017176
8.02	0.021559
8.025	0.025275
8.03	0.027619
8.035	0.029911
8.04	0.032631
8.045	0.035745
8.05	0.040155
8.055	0.045657
8.06	0.050631
8.065	0.054379
8.07	0.058496
8.075	0.064007
8.08	0.068862
8.085	0.071176
8.09	0.071746
8.095	0.072498
8.1	0.073775
8.105	0.073769
8.11	0.071559
8.115	0.068344
8.12	0.064801
8.125	0.060749
8.13	0.05754
8.135	0.056209
8.14	0.055194
8.145	0.053665
8.15	0.052806
8.155	0.052923
8.16	0.052601
8.165	0.05059
8.17	0.047442
8.175	0.044674
8.18	0.043241
8.185	0.042674
8.19	0.041208
8.195	0.037166
8.2	0.030491
8.205	0.023463
8.21	0.018324
8.215	0.014635
8.22	0.010174
8.225	0.003471
8.23	-0.0051738
8.235	-0.013842
8.24	-0.020986
8.245	-0.028286
8.25	-0.036982
8.255	-0.045416
8.26	-0.053215
8.265	-0.06077
8.27	-0.06665
8.275	-0.069902
8.28	-0.070784
8.285	-0.068698
8.29	-0.06384
8.295	-0.058105
8.3	-0.052168
8.305	-0.046037
8.31	-0.040308
8.315	-0.033968
8.32	-0.025942
8.325	-0.017648
8.33	-0.010398
8.335	-0.0036751
8.34	0.0033581
8.345	0.010786
8.35	0.018301
8.355	0.025389
8.36	0.031102
8.365	0.035359
8.37	0.03965
8.375	0.044515
8.38	0.048176
8.385	0.049615
8.39	0.049926
8.395	0.04931
8.4	0.047259
8.405	0.044563
8.41	0.042166
8.415	0.040298
8.42	0.039055
8.425	0.03755
8.43	0.033874
8.435	0.027548
8.44	0.019413
8.445	0.0099852
8.45	-0.00096193
8.455	-0.01304
8.46	-0.024021
8.465	-0.032156
8.47	-0.037807
8.475	-0.041536
8.48	-0.043052
8.485	-0.042026
8.49	-0.038405
8.495	-0.033216
8.5	-0.028172
8.505	-0.023773
8.51	-0.01989
8.515	-0.01694
8.52	-0.014463
8.525	-0.011597
8.53	-0.0091579
8.535	-0.0075521
8.54	-0.0055892
8.545	-0.0028078
8.55	-0.00027279
8.555	0.00070248
8.56	0.00018658
8.565	0.00029577
8.57	0.0028029
8.575	0.005647
8.58	0.0050412
8.585	0.000429
8.59	-0.0057851
8.595	-0.011781
8.6	-0.016992
8.605	-0.021557
8.61	-0.026962
8.615	-0.034066
8.62	-0.041047
8.625	-0.046033
8.63	-0.049635
8.635	-0.053385
8.64	-0.057502
8.645	-0.061451
8.65	-0.065206
8.655	-0.068731
8.66	-0.071443
8.665	-0.073845
8.67	-0.077469
8.675	-0.081359
8.68	-0.084118
8.685	-0.087211
8.69	-0.091676
8.695	-0.096202
8.7	-0.099287
8.705	-0.10109
8.71	-0.10244
8.715	-0.10366
8.72	-0.10438
8.725	-0.1038
8.73	-0.10217
8.735	-0.10068
8.74	-0.10022
8.745	-0.10014
8.75	-0.099747
8.755	-0.10009
8.76	-0.1006
8.765	-0.099565
8.77	-0.098059
8.775	-0.097343
8.78	-0.096685
8.785	-0.095984
8.79	-0.095848
8.795	-0.096568
8.8	-0.097987
8.805	-0.098875
8.81	-0.098954
8.815	-0.099618
8.82	-0.1005
8.825	-0.099872
8.83	-0.098413
8.835	-0.097634
8.84	-0.097161
8.845	-0.095886
8.85	-0.093054
8.855	-0.089394
8.86	-0.085808
8.865	-0.08173
8.87	-0.077071
8.875	-0.071542
8.88	-0.064469
8.885	-0.056668
8.89	-0.049379
8.895	-0.042056
8.9	-0.03361
8.905	-0.025223
8.91	-0.018007
8.915	-0.011512
8.92	-0.0051668
8.925	0.0015889
8.93	0.0081651
8.935	0.013193
8.94	0.016212
8.945	0.018019
8.95	0.020099
8.955	0.022825
8.96	0.025047
8.965	0.026082
8.97	0.026042
8.975	0.025886
8.98	0.027279
8.985	0.029778
8.99	0.031433
8.995	0.031485
9	0.030819
9.005	0.030482
9.01	0.030127
9.015	0.030299
9.02	0.03221
9.025	0.034705
9.03	0.036727
9.035	0.039196
9.04	0.042202
9.045	0.045452
9.05	0.049537
9.055	0.05342
9.06	0.055904
9.065	0.058605
9.07	0.062958
9.075	0.068278
9.08	0.073469
9.085	0.07765
9.09	0.08084
9.095	0.084024
9.1	0.08769
9.105	0.09204
9.11	0.097551
9.115	0.10444
9.12	0.11209
9.125	0.11926
9.13	0.1251
9.135	0.13053
9.14	0.13733
9.145	0.14467
9.15	0.14998
9.155	0.15264
9.16	0.15425
9.165	0.1565
9.17	0.15921
9.175	0.16076
9.18	0.16072
9.185	0.15961
9.19	0.15644
9.195	0.15011
9.2	0.14198
9.205	0.1341
9.21	0.12683
9.215	0.11914
9.22	0.11061
9.225	0.10179
9.23	0.093391
9.235	0.086128
9.24	0.080617
9.245	0.077114
9.25	0.075394
9.255	0.075087
9.26	0.075218
9.265	0.075494
9.27	0.076699
9.275	0.077435
9.28	0.075513
9.285	0.071218
9.29	0.06606
9.295	0.061267
9.3	0.057794
9.305	0.055566
9.31	0.052937
9.315	0.049196
9.32	0.045581
9.325	0.042378
9.33	0.039119
9.335	0.036087
9.34	0.032526
9.345	0.027308
9.35	0.020997
9.355	0.014713
9.36	0.0081787
9.365	-4.419e-05
9.37	-0.0094185
9.375	-0.017703
9.38	-0.024917
9.385	-0.032144
9.39	-0.039095
9.395	-0.045733
9.4	-0.051579
9.405	-0.055166
9.41	-0.057319
9.415	-0.060714
9.42	-0.065126
9.425	-0.068287
9.43	-0.071064
9.435	-0.07461
9.44	-0.077649
9.445	-0.079807
9.45	-0.08187
9.455	-0.084778
9.46	-0.087841
9.465	-0.088977
9.47	-0.088247
9.475	-0.087505
9.48	-0.088021
9.485	-0.089759
9.49	-0.091184
9.495	-0.091815
9.5	-0.093289
9.505	-0.095654
9.51	-0.097717
9.515	-0.099735
9.52	-0.10189
9.525	-0.10276
9.53	-0.10154
9.535	-0.099231
9.54	-0.096077
9.545	-0.092261
9.55	-0.089789
9.555	-0.08904
9.56	-0.087553
9.565	-0.084117
9.57	-0.080541
9.575	-0.07768
9.58	-0.07394
9.585	-0.06864
9.59	-0.06217
9.595	-0.05519
9.6	-0.048612
9.605	-0.042017
9.61	-0.035212
9.615	-0.029574
9.62	-0.025176
9.625	-0.020765
9.63	-0.01605
9.635	-0.011275
9.64	-0.0067263
9.645	-0.0034088
9.65	-0.0014199
9.655	0.00053434
9.66	0.0031151
9.665	0.0057941
9.67	0.0077924
9.675	0.0094196
9.68	0.010818
9.685	0.011299
9.69	0.01089
9.695	0.0099868
9.7	0.0093957
9.705	0.0095895
9.71	0.0094894
9.715	0.0087504
9.72	0.0078609
9.725	0.0068175
9.73	0.00553
9.735	0.0036482
9.74	0.001649
9.745	0.00037159
9.75	-0.00097467
9.755	-0.0033366
9.76	-0.0061233
9.765	-0.0080304
9.77	-0.0092539
9.775	-0.011132
9.78	-0.013814
9.785	-0.017544
9.79	-0.021693
9.795	-0.024507
9.8	-0.026254
9.805	-0.027766
9.81	-0.029525
9.815	-0.031569
9.82	-0.032697
9.825	-0.032503
9.83	-0.031608
9.835	-0.030704
9.84	-0.031316
9.845	-0.034132
9.85	-0.037161
9.855	-0.038492
9.86	-0.039208
9.865	-0.040517
9.87	-0.040692
9.875	-0.038018
9.88	-0.033236
9.885	-0.027663
9.89	-0.021876
9.895	-0.016291
9.9	-0.010991
9.905	-0.0057926
9.91	-0.00083516
9.915	0.0039186
9.92	0.0087781
9.925	0.013767
9.93	0.018645
9.935	0.02362
9.94	0.029412
9.945	0.035718
9.95	0.040845
9.955	0.042907
9.96	0.041174
9.965	0.037019
9.97	0.032483
9.975	0.028173
9.98	0.023009
9.985	0.016361
9.99	0.010287
9.995	0.0074128
10	0.0079223
10.005	0.0098436
10.01	0.011374
10.015	0.012603
10.02	0.013632
10.025	0.013954
10.03	0.014357
10.035	0.014937
10.04	0.014017
10.045	0.011723
10.05	0.0093761
10.055	0.0072154
10.06	0.0055828
10.065	0.0047248
10.07	0.0044234
10.075	0.00393
10.08	0.0026587
10.085	0.0009896
10.09	-0.00095374
10.095	-0.00276
10.1	-0.0038324
10.105	-0.0041831
10.11	-0.0035466
10.115	-0.0025756
10.12	-0.0020554
10.125	-0.0008665
10.13	0.0017162
10.135	0.0047072
10.14	0.0067552
10.145	0.0076024
10.15	0.0082662
10.155	0.0090227
10.16	0.0088425
10.165	0.0074618
10.17	0.00633
10.175	0.0064727
10.18	0.007156
10.185	0.0070037
10.19	0.0051725
10.195	0.0025866
10.2	0.0013106
10.205	0.0018266
10.21	0.0023209
10.215	0.0012305
10.22	-0.00048045
10.225	-0.0010611
10.23	-0.00018125
10.235	0.0014597
10.24	0.0025635
10.245	0.0027398
10.25	0.0031409
10.255	0.0043807
10.26	0.0060081
10.265	0.007129
10.27	0.0071942
10.275	0.0067241
10.28	0.0064659
10.285	0.006805
10.29	0.0082696
10.295	0.010612
10.3	0.012638
10.305	0.014385
10.31	0.016294
10.315	0.018127
10.32	0.019972
10.325	0.021214
10.33	0.021722
10.335	0.023313
10.34	0.025864
10.345	0.026911
10.35	0.02624
10.355	0.025396
10.36	0.02436
10.365	0.022549
10.37	0.020805
10.375	0.019579
10.38	0.017686
10.385	0.014514
10.39	0.011554
10.395	0.010062
10.4	0.0087896
10.405	0.006403
10.41	0.0035975
10.415	0.001758
10.42	0.00092651
10.425	4.4441e-05
10.43	-0.0012345
10.435	-0.0017323
10.44	-2.2072e-05
10.445	0.0031176
10.45	0.0059991
10.455	0.0087924
10.46	0.012017
10.465	0.015126
10.47	0.018245
10.475	0.02171
10.48	0.024807
10.485	0.027703
10.49	0.031486
10.495	0.035334
10.5	0.037884
10.505	0.039599
10.51	0.041201
10.515	0.043162
10.52	0.045245
10.525	0.046762
10.53	0.048326
10.535	0.050693
10.54	0.053474
10.545	0.05545
10.55	0.055779
10.555	0.055799
10.56	0.058102
10.565	0.062554
10.57	0.065919
10.575	0.06728
10.58	0.06853
10.585	0.069815
10.59	0.071295
10.595	0.074192
10.6	0.077633
10.605	0.080194
10.61	0.082179
10.615	0.083929
10.62	0.084728
10.625	0.084496
10.63	0.084284
10.635	0.083683
10.64	0.08157
10.645	0.078663
10.65	0.075205
10.655	0.070564
10.66	0.065377
10.665	0.060555
10.67	0.056053
10.675	0.051417
10.68	0.046543
10.685	0.041165
10.69	0.034597
10.695	0.026548
10.7	0.018176
10.705	0.010809
10.71	0.0040845
10.715	-0.0019063
10.72	-0.0075934
10.725	-0.014631
10.73	-0.021784
10.735	-0.026962
10.74	-0.031413
10.745	-0.037101
10.75	-0.043569
10.755	-0.049262
10.76	-0.052994
10.765	-0.054904
10.77	-0.056626
10.775	-0.058885
10.78	-0.060135
10.785	-0.059162
10.79	-0.057217
10.795	-0.05551
10.8	-0.053659
10.805	-0.050964
10.81	-0.04766
10.815	-0.044812
10.82	-0.042661
10.825	-0.040586
10.83	-0.037795
10.835	-0.034652
10.84	-0.03307
10.845	-0.03349
10.85	-0.034221
10.855	-0.034478
10.86	-0.035045
10.865	-0.035858
10.87	-0.036405
10.875	-0.037215
10.88	-0.038196
10.885	-0.038457
10.89	-0.038442
10.895	-0.039288
10.9	-0.040841
10.905	-0.042648
10.91	-0.04454
10.915	-0.045607
10.92	-0.045446
10.925	-0.044631
10.93	-0.043191
10.935	-0.040606
10.94	-0.036572
10.945	-0.031511
10.95	-0.026835
10.955	-0.023856
10.96	-0.022174
10.965	-0.020261
10.97	-0.01781
10.975	-0.015921
10.98	-0.014621
10.985	-0.012692
10.99	-0.0099263
10.995	-0.0071519
11	-0.0047695
11.005	-0.0027733
11.01	-0.0013269
11.015	-0.00049404
11.02	-0.00052044
11.025	-0.0016045
11.03	-0.0031343
11.035	-0.0041422
11.04	-0.0043755
11.045	-0.0048615
11.05	-0.0059684
11.055	-0.0066305
11.06	-0.006548
11.065	-0.0061211
11.07	-0.0049117
11.075	-0.0027644
11.08	-0.0011965
11.085	-0.0009991
11.09	-0.00096768
11.095	-0.00091889
11.1	-0.0013078
11.105	-0.00066402
11.11	0.0017355
11.115	0.0037355
11.12	0.0039335
11.125	0.0042014
11.13	0.0061201
11.135	0.0083234
11.14	0.0098428
11.145	0.011301
11.15	0.01193
11.155	0.010846
11.16	0.0088377
11.165	0.0058544
11.17	0.0014551
11.175	-0.0028146
11.18	-0.0055283
11.185	-0.0079146
11.19	-0.011268
11.195	-0.014666
11.2	-0.017196
11.205	-0.01927
11.21	-0.021543
11.215	-0.024121
11.22	-0.026647
11.225	-0.029143
11.23	-0.032144
11.235	-0.035226
11.24	-0.037664
11.245	-0.039587
11.25	-0.041234
11.255	-0.043015
11.26	-0.04479
11.265	-0.046089
11.27	-0.047126
11.275	-0.048316
11.28	-0.049382
11.285	-0.049069
11.29	-0.047303
11.295	-0.045555
11.3	-0.044468
11.305	-0.043052
11.31	-0.040238
11.315	-0.036846
11.32	-0.034227
11.325	-0.032176
11.33	-0.029425
11.335	-0.025643
11.34	-0.022142
11.345	-0.019153
11.35	-0.015233
11.355	-0.010137
11.36	-0.0055046
11.365	-0.0026718
11.37	-0.00097906
11.375	0.0010071
11.38	0.0036644
11.385	0.0065678
11.39	0.009787
11.395	0.013496
11.4	0.016697
11.405	0.018301
11.41	0.018893
11.415	0.019819
11.42	0.021382
11.425	0.022964
11.43	0.02364
11.435	0.022738
11.44	0.020383
11.445	0.017458
11.45	0.014989
11.455	0.013636
11.46	0.012973
11.465	0.011512
11.47	0.009776
11.475	0.010348
11.48	0.012975
11.485	0.014983
11.49	0.016146
11.495	0.017525
11.5	0.018452
11.505	0.018342
11.51	0.018427
11.515	0.019248
11.52	0.019812
11.525	0.020281
11.53	0.02047
11.535	0.019364
11.54	0.01758
11.545	0.015761
11.55	0.01407
11.555	0.012856
11.56	0.012337
11.565	0.01298
11.57	0.014091
11.575	0.014324
11.58	0.013334
11.585	0.011132
11.59	0.0087431
11.595	0.0074901
11.6	0.0064915
11.605	0.0047961
11.61	0.0031492
11.615	0.0015168
11.62	-0.00031148
11.625	-0.0012187
11.63	-0.0016771
11.635	-0.0035725
11.64	-0.0062693
11.645	-0.0079358
11.65	-0.0086013
11.655	-0.0093208
11.66	-0.010561
11.665	-0.012498
11.67	-0.014467
11.675	-0.014262
11.68	-0.011634
11.685	-0.009598
11.69	-0.0099482
11.695	-0.010574
11.7	-0.0085053
11.705	-0.0039356
11.71	0.0011158
11.715	0.0053963
11.72	0.0086023
11.725	0.011889
11.73	0.016543
11.735	0.021705
11.74	0.025448
11.745	0.027488
11.75	0.029274
11.755	0.03143
11.76	0.032865
11.765	0.032963
11.77	0.032256
11.775	0.030866
11.78	0.028302
11.785	0.024207
11.79	0.019825
11.795	0.016763
11.8	0.013496
11.805	0.0078662
11.81	0.00080026
11.815	-0.0053644
11.82	-0.0098662
11.825	-0.01391
11.83	-0.018606
11.835	-0.023861
11.84	-0.028394
11.845	-0.030776
11.85	-0.031138
11.855	-0.030486
11.86	-0.029142
11.865	-0.026348
11.87	-0.021687
11.875	-0.016344
11.88	-0.011193
11.885	-0.0057403
11.89	0.00028677
11.895	0.0064521
11.9	0.012427
11.905	0.018738
11.91	0.02565
11.915	0.031905
11.92	0.036676
11.925	0.040877
11.93	0.045558
11.935	0.050777
11.94	0.055287
11.945	0.057953
11.95	0.059693
11.955	0.061598
11.96	0.062974
11.965	0.062738
11.97	0.061608
11.975	0.060574
11.98	0.058171
11.985	0.054087
11.99	0.050415
11.995	0.046404
12	0.040131
12.005	0.033294
12.01	0.028147
12.015	0.024527
12.02	0.021319
12.025	0.017725
12.03	0.013831
12.035	0.01042
12.04	0.0083334
12.045	0.0071574
12.05	0.0052743
12.055	0.0025406
12.06	0.00095485
12.065	0.0019135
12.07	0.0039024
12.075	0.0045097
12.08	0.0037105
12.085	0.0030514
12.09	0.0028717
12.095	0.0024724
12.1	0.0021883
12.105	0.0018676
12.11	0.00051097
12.115	-0.0004725
12.12	0.00036031
12.125	0.0014516
12.13	0.0017292
12.135	0.0019363
12.14	0.002241
12.145	0.0025986
12.15	0.0035588
12.155	0.0047212
12.16	0.0050223
12.165	0.0049469
12.17	0.0057799
12.175	0.0075049
12.18	0.0088548
12.185	0.0085982
12.19	0.006522
12.195	0.0039536
12.2	0.0024825
12.205	0.001937
12.21	0.0012286
12.215	-0.00045065
12.22	-0.0027884
12.225	-0.0045701
12.23	-0.0060589
12.235	-0.0073468
12.24	-0.0070313
12.245	-0.0057201
12.25	-0.0048928
12.255	-0.0037294
12.26	-0.0017977
12.265	0.00023951
12.27	0.0024325
12.275	0.0043904
12.28	0.0061031
12.285	0.0083671
12.29	0.01066
12.295	0.012113
12.3	0.013027
12.305	0.013553
12.31	0.013562
12.315	0.013461
12.32	0.013522
12.325	0.013072
12.33	0.011189
12.335	0.0082704
12.34	0.005557
12.345	0.0034772
12.35	0.0014354
12.355	-0.0015651
12.36	-0.0054878
12.365	-0.0089417
12.37	-0.011639
12.375	-0.01429
12.38	-0.017204
12.385	-0.020563
12.39	-0.023542
12.395	-0.025055
12.4	-0.025648
12.405	-0.026531
12.41	-0.028058
12.415	-0.029463
12.42	-0.029041
12.425	-0.02661
12.43	-0.024949
12.435	-0.025318
12.44	-0.02552
12.445	-0.02436
12.45	-0.023228
12.455	-0.023181
12.46	-0.023908
12.465	-0.024809
12.47	-0.025115
12.475	-0.024918
12.48	-0.025793
12.485	-0.027972
12.49	-0.028918
12.495	-0.027828
12.5	-0.027528
12.505	-0.02903
12.51	-0.030181
12.515	-0.030206
12.52	-0.030577
12.525	-0.031637
12.53	-0.032366
12.535	-0.033337
12.54	-0.034986
12.545	-0.036159
12.55	-0.037628
12.555	-0.040654
12.56	-0.043627
12.565	-0.044543
12.57	-0.044173
12.575	-0.044699
12.58	-0.046488
12.585	-0.048373
12.59	-0.049335
12.595	-0.048831
12.6	-0.047265
12.605	-0.045745
12.61	-0.044389
12.615	-0.042366
12.62	-0.03957
12.625	-0.036712
12.63	-0.034758
12.635	-0.034395
12.64	-0.034049
12.645	-0.03126
12.65	-0.027505
12.655	-0.025718
12.66	-0.024585
12.665	-0.021908
12.67	-0.018324
12.675	-0.014288
12.68	-0.010076
12.685	-0.0069587
12.69	-0.0050021
12.695	-0.0031591
12.7	-0.0012791
12.705	0.00069376
12.71	0.003346
12.715	0.0064762
12.72	0.0090931
12.725	0.01048
12.73	0.011179
12.735	0.012107
12.74	0.012678
12.745	0.012061
12.75	0.011098
12.755	0.010366
12.76	0.0093535
12.765	0.0076972
12.77	0.0055436
12.775	0.0041079
12.78	0.0042296
12.785	0.0049117
12.79	0.004932
12.795	0.004582
12.8	0.0053674
12.805	0.0076536
12.81	0.010291
12.815	0.012711
12.82	0.014279
12.825	0.014265
12.83	0.013933
12.835	0.0146
12.84	0.015088
12.845	0.014512
12.85	0.013479
12.855	0.011781
12.86	0.0096649
12.865	0.0082496
12.87	0.006988
12.875	0.0048174
12.88	0.0020648
12.885	-0.0010214
12.89	-0.0046327
12.895	-0.0079968
12.9	-0.01041
12.905	-0.011926
12.91	-0.012439
12.915	-0.012237
12.92	-0.011469
12.925	-0.0091805
12.93	-0.0052547
12.935	-0.00054591
12.94	0.0048427
12.945	0.010577
12.95	0.015855
12.955	0.020511
12.96	0.025005
12.965	0.029854
12.97	0.03472
12.975	0.038154
12.98	0.040163
12.985	0.042624
12.99	0.045912
12.995	0.04885
13	0.050282
13.005	0.050292
13.01	0.05064
13.015	0.051931
13.02	0.052847
13.025	0.05258
13.03	0.051052
13.035	0.048817
13.04	0.046825
13.045	0.044149
13.05	0.039755
13.055	0.035531
13.06	0.032798
13.065	0.030124
13.07	0.026859
13.075	0.023543
13.08	0.020033
13.085	0.016524
13.09	0.013212
13.095	0.0096499
13.1	0.0058436
13.105	0.002592
13.11	0.00077726
13.115	-0.00044563
13.12	-0.0026398
13.125	-0.005681
13.13	-0.0080752
13.135	-0.009106
13.14	-0.0097327
13.145	-0.010399
13.15	-0.010138
13.155	-0.0086547
13.16	-0.0068885
13.165	-0.0051985
13.17	-0.0036607
13.175	-0.0025249
13.18	-0.0015101
13.185	-0.00022795
13.19	0.0017593
13.195	0.0044389
13.2	0.0070995
13.205	0.0087826
13.21	0.0090482
13.215	0.0098055
13.22	0.013536
13.225	0.018912
13.23	0.02268
13.235	0.024958
13.24	0.028296
13.245	0.032847
13.25	0.036503
13.255	0.038795
13.26	0.040865
13.265	0.042641
13.27	0.043196
13.275	0.042842
13.28	0.042713
13.285	0.042784
13.29	0.041532
13.295	0.038826
13.3	0.036482
13.305	0.034805
13.31	0.032859
13.315	0.030283
13.32	0.026855
13.325	0.023066
13.33	0.019972
13.335	0.017146
13.34	0.013843
13.345	0.010686
13.35	0.0074161
13.355	0.0026079
13.36	-0.002939
13.365	-0.00622
13.37	-0.0069323
13.375	-0.0078045
13.38	-0.0094418
13.385	-0.010499
13.39	-0.011483
13.395	-0.013465
13.4	-0.015002
13.405	-0.014462
13.41	-0.013255
13.415	-0.012846
13.42	-0.012641
13.425	-0.012664
13.43	-0.013663
13.435	-0.015295
13.44	-0.016744
13.445	-0.017543
13.45	-0.017517
13.455	-0.017146
13.46	-0.017081
13.465	-0.017354
13.47	-0.01727
13.475	-0.016253
13.48	-0.014386
13.485	-0.011559
13.49	-0.0082272
13.495	-0.0052053
13.5	-0.0017447
13.505	0.0022743
13.51	0.0052639
13.515	0.0078773
13.52	0.011539
13.525	0.014636
13.53	0.016566
13.535	0.018667
13.54	0.019844
13.545	0.019152
13.55	0.017479
13.555	0.014694
13.56	0.011685
13.565	0.010755
13.57	0.011749
13.575	0.012125
13.58	0.010659
13.585	0.0080477
13.59	0.0051982
13.595	0.003214
13.6	0.0024448
13.605	0.0018394
13.61	0.00058949
13.615	-0.00055034
13.62	-0.0011486
13.625	-0.0020367
13.63	-0.0029585
13.635	-0.003096
13.64	-0.0027119
13.645	-0.0024274
13.65	-0.0029442
13.655	-0.0044519
13.66	-0.0060752
13.665	-0.0077035
13.67	-0.0099797
13.675	-0.011737
13.68	-0.011224
13.685	-0.0096126
13.69	-0.0091811
13.695	-0.0099447
13.7	-0.010186
13.705	-0.0084787
13.71	-0.0048551
13.715	-0.0010883
13.72	0.0012883
13.725	0.0033733
13.73	0.0062339
13.735	0.0091474
13.74	0.011656
13.745	0.01358
13.75	0.014353
13.755	0.013635
13.76	0.011061
13.765	0.0075257
13.77	0.0054274
13.775	0.0041891
13.78	0.0013168
13.785	-0.0025722
13.79	-0.0060435
13.795	-0.0089374
13.8	-0.010747
13.805	-0.011991
13.81	-0.014099
13.815	-0.01708
13.82	-0.019515
13.825	-0.020151
13.83	-0.01949
13.835	-0.019016
13.84	-0.019266
13.845	-0.019763
13.85	-0.020019
13.855	-0.019939
13.86	-0.020167
13.865	-0.021769
13.87	-0.023715
13.875	-0.024057
13.88	-0.023728
13.885	-0.024076
13.89	-0.024517
13.895	-0.024876
13.9	-0.026205
13.905	-0.028507
13.91	-0.030331
13.915	-0.031219
13.92	-0.031577
13.925	-0.031917
13.93	-0.03298
13.935	-0.033895
13.94	-0.033434
13.945	-0.032994
13.95	-0.033763
13.955	-0.034595
13.96	-0.034708
13.965	-0.033815
13.97	-0.031117
13.975	-0.027375
13.98	-0.024143
13.985	-0.02123
13.99	-0.017902
13.995	-0.014232
14	-0.010591
14.005	-0.006681
14.01	-0.0019332
14.015	0.0033305
14.02	0.0080635
14.025	0.011359
14.03	0.013082
14.035	0.013539
14.04	0.013679
14.045	0.01519
14.05	0.017272
14.055	0.016734
14.06	0.014035
14.065	0.012736
14.07	0.013587
14.075	0.014336
14.08	0.013027
14.085	0.0094965
14.09	0.0053842
14.095	0.0033258
14.1	0.0033034
14.105	0.0022781
14.11	-2.2904e-05
14.115	-0.001506
14.12	-0.0018832
14.125	-0.0013919
14.13	-0.0003871
14.135	2.4811e-05
14.14	-0.00036151
14.145	-0.00077257
14.15	-0.00073862
14.155	-0.00038297
14.16	-0.00042218
14.165	-0.0018969
14.17	-0.0044526
14.175	-0.0056126
14.18	-0.004392
14.185	-0.003377
14.19	-0.0042116
14.195	-0.005372
14.2	-0.0055189
14.205	-0.0050391
14.21	-0.0044243
14.215	-0.0031243
14.22	-0.00031686
14.225	0.0033561
14.23	0.005891
14.235	0.0070469
14.24	0.0086453
14.245	0.011401
14.25	0.014114
14.255	0.015251
14.26	0.015208
14.265	0.015496
14.27	0.015753
14.275	0.015306
14.28	0.015001
14.285	0.015053
14.29	0.014435
14.295	0.013234
14.3	0.01248
14.305	0.011891
14.31	0.010861
14.315	0.0093742
14.32	0.0072041
14.325	0.0045049
14.33	0.0022433
14.335	0.00086138
14.34	-0.00073197
14.345	-0.0029721
14.35	-0.0050386
14.355	-0.0067207
14.36	-0.0082613
14.365	-0.010233
14.37	-0.012822
14.375	-0.015533
14.38	-0.017494
14.385	-0.017952
14.39	-0.018419
14.395	-0.020197
14.4	-0.021524
14.405	-0.021345
14.41	-0.020228
14.415	-0.018358
14.42	-0.016589
14.425	-0.015314
14.43	-0.013706
14.435	-0.012213
14.44	-0.011967
14.445	-0.012304
14.45	-0.011312
14.455	-0.0087475
14.46	-0.0065635
14.465	-0.0054021
14.47	-0.0040068
14.475	-0.0025385
14.48	-0.002156
14.485	-0.0025793
14.49	-0.0027697
14.495	-0.0026977
14.5	-0.0035746
14.505	-0.0057423
14.51	-0.007954
14.515	-0.009909
14.52	-0.011867
14.525	-0.013531
14.53	-0.015391
14.535	-0.017964
14.54	-0.020469
14.545	-0.022116
14.55	-0.024033
14.555	-0.027132
14.56	-0.029186
14.565	-0.028215
14.57	-0.025527
14.575	-0.022944
14.58	-0.021175
14.585	-0.020067
14.59	-0.018433
14.595	-0.015765
14.6	-0.01286
14.605	-0.010332
14.61	-0.0080864
14.615	-0.0057767
14.62	-0.003619
14.625	-0.0019537
14.63	-4.4742e-05
14.635	0.0020372
14.64	0.0029913
14.645	0.0036709
14.65	0.0056332
14.655	0.0076694
14.66	0.0080488
14.665	0.00733
14.67	0.006927
14.675	0.0071806
14.68	0.007653
14.685	0.0074043
14.69	0.0053525
14.695	0.0027166
14.7	0.0014906
14.705	0.00042268
14.71	-0.0014977
14.715	-0.0025115
14.72	-0.0020901
14.725	-0.0015682
14.73	-0.0016636
14.735	-0.0020273
14.74	-0.0021645
14.745	-0.0021045
14.75	-0.0018426
14.755	-0.00061611
14.76	0.0016588
14.765	0.0035342
14.77	0.0047118
14.775	0.0063226
14.78	0.0079128
14.785	0.0082566
14.79	0.007764
14.795	0.0075488
14.8	0.0074716
14.805	0.0066762
14.81	0.0056401
14.815	0.0054359
14.82	0.0058517
14.825	0.0060846
14.83	0.0059643
14.835	0.005767
14.84	0.0060366
14.845	0.007229
14.85	0.0085483
14.855	0.008861
14.86	0.0084249
14.865	0.0081279
14.87	0.0082457
14.875	0.0084893
14.88	0.0085719
14.885	0.0084939
14.89	0.0088028
14.895	0.010024
14.9	0.011353
14.905	0.011658
14.91	0.01085
14.915	0.0094121
14.92	0.0083641
14.925	0.0084378
14.93	0.0090272
14.935	0.0092758
14.94	0.0087694
14.945	0.0070805
14.95	0.0047227
14.955	0.0034314
14.96	0.0038099
14.965	0.0046151
14.97	0.0043662
14.975	0.0027575
14.98	0.0012411
14.985	0.0011373
14.99	0.0018229
14.995	0.0021252
15	0.0023252
15.005	0.0032425
15.01	0.0046453
15.015	0.0064271
15.02	0.0083278
15.025	0.010081
15.03	0.012276
15.035	0.014896
15.04	0.017408
15.045	0.019741
15.05	0.021658
15.055	0.022423
15.06	0.02259
15.065	0.023009
15.07	0.023797
15.075	0.025136
15.08	0.02573
15.085	0.024446
15.09	0.022971
15.095	0.022026
15.1	0.019285
15.105	0.014942
15.11	0.01177
15.115	0.0091208
15.12	0.0057195
15.125	0.0031657
15.13	0.0016984
15.135	0.00019343
15.14	-0.00084208
15.145	-0.00085946
15.15	-0.00056027
15.155	-0.00058453
15.16	-0.00039268
15.165	0.00031723
15.17	0.0013626
15.175	0.0036648
15.18	0.0070065
15.185	0.0092698
15.19	0.0093569
15.195	0.0077826
15.2	0.0054721
15.205	0.0036766
15.21	0.0028605
15.215	0.0017206
15.22	-0.00014547
15.225	-0.0018333
15.23	-0.0035052
15.235	-0.0051655
15.24	-0.0058802
15.245	-0.006184
15.25	-0.0072188
15.255	-0.0082689
15.26	-0.008384
15.265	-0.0080338
15.27	-0.0078778
15.275	-0.0073722
15.28	-0.0054568
15.285	-0.0025897
15.29	-0.0004801
15.295	0.0008815
15.3	0.0028036
15.305	0.0050766
15.31	0.0072541
15.315	0.0096663
15.32	0.012113
15.325	0.013869
15.33	0.014698
15.335	0.014764
15.34	0.014646
15.345	0.015269
15.35	0.016023
15.355	0.015403
15.36	0.013774
15.365	0.012936
15.37	0.013345
15.375	0.013965
15.38	0.013953
15.385	0.012707
15.39	0.010262
15.395	0.008249
15.4	0.0080839
15.405	0.0089546
15.41	0.0093615
15.415	0.0090356
15.42	0.0085914
15.425	0.0084695
15.43	0.008381
15.435	0.0073008
15.44	0.0049849
15.445	0.0031785
15.45	0.0030071
15.455	0.002693
15.46	0.00066517
15.465	-0.0015158
15.47	-0.0018781
15.475	-0.0012817
15.48	-0.0018205
15.485	-0.0036504
15.49	-0.0054982
15.495	-0.0065172
15.5	-0.006518
15.505	-0.0060739
15.51	-0.0058967
15.515	-0.0062685
15.52	-0.0076563
15.525	-0.0099641
15.53	-0.011553
15.535	-0.011609
15.54	-0.012011
15.545	-0.014089
15.55	-0.016352
15.555	-0.017827
15.56	-0.019371
15.565	-0.020777
15.57	-0.021062
15.575	-0.020604
15.58	-0.020361
15.585	-0.0209
15.59	-0.02233
15.595	-0.023653
15.6	-0.023822
15.605	-0.02293
15.61	-0.021486
15.615	-0.020418
15.62	-0.020435
15.625	-0.021351
15.63	-0.022735
15.635	-0.023681
15.64	-0.023925
15.645	-0.024553
15.65	-0.025574
15.655	-0.02593
15.66	-0.025664
15.665	-0.0255
15.67	-0.025639
15.675	-0.025895
15.68	-0.025311
15.685	-0.022935
15.69	-0.02039
15.695	-0.019978
15.7	-0.020731
15.705	-0.019901
15.71	-0.017305
15.715	-0.014745
15.72	-0.012645
15.725	-0.010517
15.73	-0.0082438
15.735	-0.0058265
15.74	-0.003221
15.745	-0.0013546
15.75	-0.00053113
15.755	0.0010045
15.76	0.0031455
15.765	0.0038801
15.77	0.0036353
15.775	0.0039463
15.78	0.0041315
15.785	0.003853
15.79	0.0045737
15.795	0.0056502
15.8	0.0049546
15.805	0.0032061
15.81	0.0025662
15.815	0.0031487
15.82	0.003712
15.825	0.0036736
15.83	0.0033499
15.835	0.003179
15.84	0.003215
15.845	0.0032319
15.85	0.0040547
15.855	0.0065767
15.86	0.0088383
15.865	0.0097294
15.87	0.011098
15.875	0.013695
15.88	0.016626
15.885	0.019134
15.89	0.021289
15.895	0.023576
15.9	0.026131
15.905	0.028225
15.91	0.029817
15.915	0.031452
15.92	0.032446
15.925	0.032379
15.93	0.031982
15.935	0.031924
15.94	0.032174
15.945	0.032378
15.95	0.032376
15.955	0.032275
15.96	0.032229
15.965	0.032291
15.97	0.031927
15.975	0.030229
15.98	0.027872
15.985	0.026868
15.99	0.027014
15.995	0.025933
16	0.023466
16.005	0.022017
16.01	0.02197
16.015	0.021066
16.02	0.018817
16.025	0.016871
16.03	0.01539
16.035	0.013398
16.04	0.010849
16.045	0.0077857
16.05	0.0041294
16.055	0.00080233
16.06	-0.0015223
16.065	-0.0035177
16.07	-0.0054538
16.075	-0.0064141
16.08	-0.0061703
16.085	-0.0062082
16.09	-0.0080293
16.095	-0.010247
16.1	-0.010653
16.105	-0.01032
16.11	-0.010703
16.115	-0.011215
16.12	-0.011325
16.125	-0.011232
16.13	-0.011202
16.135	-0.01127
16.14	-0.011338
16.145	-0.011346
16.15	-0.011314
16.155	-0.011258
16.16	-0.011186
16.165	-0.012131
16.17	-0.014345
16.175	-0.014756
16.18	-0.01217
16.185	-0.010452
16.19	-0.012062
16.195	-0.014447
16.2	-0.014364
16.205	-0.012037
16.21	-0.01032
16.215	-0.0096759
16.22	-0.0081468
16.225	-0.0055204
16.23	-0.0027739
16.235	-0.00038035
16.24	0.001775
16.245	0.0035599
16.25	0.0053155
16.255	0.0078679
16.26	0.010763
16.265	0.012662
16.27	0.012894
16.275	0.012295
16.28	0.012151
16.285	0.012547
16.29	0.012335
16.295	0.011009
16.3	0.009362
16.305	0.0081316
16.31	0.0077681
16.315	0.0080631
16.32	0.007613
16.325	0.0054554
16.33	0.0027976
16.335	0.00071516
16.34	-0.0011004
16.345	-0.0022304
16.35	-0.0033108
16.355	-0.0056016
16.36	-0.0074614
16.365	-0.0073818
16.37	-0.0070645
16.375	-0.0081657
16.38	-0.01001
16.385	-0.011416
16.39	-0.012385
16.395	-0.013872
16.4	-0.015694
16.405	-0.016415
16.41	-0.015923
16.415	-0.015403
16.42	-0.015488
16.425	-0.015916
16.43	-0.016175
16.435	-0.015714
16.44	-0.014588
16.445	-0.013467
16.45	-0.012641
16.455	-0.012333
16.46	-0.012478
16.465	-0.011917
16.47	-0.0097337
16.475	-0.0071991
16.48	-0.0063165
16.485	-0.0069038
16.49	-0.0073339
16.495	-0.0069148
16.5	-0.0061714
16.505	-0.0057437
16.51	-0.0057229
16.515	-0.005803
16.52	-0.0058497
16.525	-0.0064341
16.53	-0.0077685
16.535	-0.0088645
16.54	-0.0096626
16.545	-0.011008
16.55	-0.012349
16.555	-0.012885
16.56	-0.012716
16.565	-0.011217
16.57	-0.0083842
16.575	-0.0064312
16.58	-0.0055176
16.585	-0.0038799
16.59	-0.0023244
16.595	-0.001546
16.6	-3.2573e-05
16.605	0.0022337
16.61	0.0033585
16.615	0.0030505
16.62	0.0030967
16.625	0.0043755
16.63	0.006072
16.635	0.0072823
16.64	0.0074047
16.645	0.0063516
16.65	0.0054757
16.655	0.0061521
16.66	0.0070339
16.665	0.0068783
16.67	0.0069912
16.675	0.0077652
16.68	0.0081915
16.685	0.0080524
16.69	0.0078503
16.695	0.0076551
16.7	0.0063857
16.705	0.0042081
16.71	0.0029977
16.715	0.0028967
16.72	0.0033665
16.725	0.0039101
16.73	0.0039402
16.735	0.0047044
16.74	0.0065541
16.745	0.0075852
16.75	0.0072407
16.755	0.007385
16.76	0.0094585
16.765	0.012257
16.77	0.014535
16.775	0.016605
16.78	0.018463
16.785	0.02033
16.79	0.022212
16.795	0.02303
16.8	0.022801
16.805	0.023031
16.81	0.023811
16.815	0.023591
16.82	0.022646
16.825	0.022822
16.83	0.023792
16.835	0.023688
16.84	0.022619
16.845	0.021056
16.85	0.01872
16.855	0.016148
16.86	0.013936
16.865	0.01182
16.87	0.0084922
16.875	0.0040864
16.88	0.00061823
16.885	-0.0018196
16.89	-0.0042849
16.895	-0.0069965
16.9	-0.010296
16.905	-0.013628
16.91	-0.015723
16.915	-0.017288
16.92	-0.019541
16.925	-0.021263
16.93	-0.021416
16.935	-0.021489
16.94	-0.022289
16.945	-0.02292
16.95	-0.022838
16.955	-0.021965
16.96	-0.02108
16.965	-0.021024
16.97	-0.021285
16.975	-0.021181
16.98	-0.020772
16.985	-0.020423
16.99	-0.02034
16.995	-0.020478
17	-0.020614
17.005	-0.020064
17.01	-0.018234
17.015	-0.016257
17.02	-0.015917
17.025	-0.016693
17.03	-0.015855
17.035	-0.012714
17.04	-0.010358
17.045	-0.01065
17.05	-0.011954
17.055	-0.012276
17.06	-0.01049
17.065	-0.007265
17.07	-0.0052126
17.075	-0.0043631
17.08	-0.0026661
17.085	-0.00086168
17.09	0.00015502
17.095	0.0016828
17.1	0.0036661
17.105	0.0043393
17.11	0.0033989
17.115	0.0021594
17.12	0.0015385
17.125	0.0014866
17.13	0.001665
17.135	0.0019348
17.14	0.0023034
17.145	0.0027249
17.15	0.0030761
17.155	0.003275
17.16	0.0033384
17.165	0.0033048
17.17	0.0032025
17.175	0.0040711
17.18	0.0066935
17.185	0.0089115
17.19	0.0088149
17.195	0.007709
17.2	0.0073483
17.205	0.0077628
17.21	0.008016
17.215	0.0083478
17.22	0.0098796
17.225	0.011567
17.23	0.012008
17.235	0.012783
17.24	0.015159
17.245	0.017464
17.25	0.018303
17.255	0.018391
17.26	0.018749
17.265	0.019449
17.27	0.019993
17.275	0.020084
17.28	0.019855
17.285	0.019563
17.29	0.01934
17.295	0.019218
17.3	0.018904
17.305	0.017473
17.31	0.014741
17.315	0.012462
17.32	0.011342
17.325	0.0093629
17.33	0.0063619
17.335	0.0049902
17.34	0.0058587
17.345	0.007152
17.35	0.0077738
17.355	0.0078429
17.36	0.0073505
17.365	0.0066527
17.37	0.0066666
17.375	0.0068123
17.38	0.0061909
17.385	0.0054883
17.39	0.0046901
17.395	0.0027181
17.4	0.00017566
17.405	-0.001863
17.41	-0.0042597
17.415	-0.0074711
17.42	-0.010389
17.425	-0.013102
17.43	-0.015846
17.435	-0.016946
17.44	-0.016615
17.445	-0.016772
17.45	-0.016801
17.455	-0.016167
17.46	-0.016166
17.465	-0.017216
17.47	-0.018577
17.475	-0.019165
17.48	-0.018587
17.485	-0.017115
17.49	-0.014633
17.495	-0.011952
17.5	-0.0099331
17.505	-0.0081441
17.51	-0.0077267
17.515	-0.0093042
17.52	-0.010395
17.525	-0.01015
17.53	-0.010106
17.535	-0.0095678
17.54	-0.0065489
17.545	-0.0025585
17.55	-0.00069404
17.555	-0.000844
17.56	-0.0010691
17.565	-4.9538e-05
17.57	0.0026871
17.575	0.0054303
17.58	0.0058705
17.585	0.0046102
17.59	0.0037197
17.595	0.0037529
17.6	0.0042555
17.605	0.0048269
17.61	0.0044076
17.615	0.0025388
17.62	0.00071206
17.625	9.2034e-05
17.63	0.00033748
17.635	0.00094351
17.64	0.0013515
17.645	0.00028921
17.65	-0.0019174
17.655	-0.0029698
17.66	-0.0033812
17.665	-0.0050466
17.67	-0.0061696
17.675	-0.0049254
17.68	-0.0031852
17.685	-0.0032794
17.69	-0.0049871
17.695	-0.0061795
17.7	-0.0058727
17.705	-0.0048483
17.71	-0.0034655
17.715	-0.0019041
17.72	-0.0010435
17.725	-0.0010766
17.73	-0.0010905
17.735	-0.00022565
17.74	0.0017006
17.745	0.0036183
17.75	0.0042054
17.755	0.003507
17.76	0.0021054
17.765	0.00067591
17.77	-9.1292e-05
17.775	-0.00035433
17.78	-0.0010893
17.785	-0.0035682
17.79	-0.0070018
17.795	-0.0085129
17.8	-0.0077059
17.805	-0.0069755
17.81	-0.0081085
17.815	-0.01096
17.82	-0.013571
17.825	-0.014084
17.83	-0.012954
17.835	-0.01197
17.84	-0.011892
17.845	-0.012132
17.85	-0.012033
17.855	-0.011583
17.86	-0.011085
17.865	-0.010694
17.87	-0.010381
17.875	-0.010115
17.88	-0.0099179
17.885	-0.0098762
17.89	-0.010142
17.895	-0.010808
17.9	-0.011804
17.905	-0.012775
17.91	-0.01321
17.915	-0.013047
17.92	-0.01268
17.925	-0.012228
17.93	-0.011049
17.935	-0.0086469
17.94	-0.0061499
17.945	-0.0052272
17.95	-0.0055673
17.955	-0.0047649
17.96	-0.0018495
17.965	0.00054759
17.97	0.0004076
17.975	0.00018781
17.98	0.002567
17.985	0.0053959
17.99	0.0061686
17.995	0.0062089
18	0.0062886
18.005	0.0051382
18.01	0.0031973
18.015	0.0022192
18.02	0.0017327
18.025	-0.00040718
18.03	-0.0035649
18.035	-0.0052916
18.04	-0.0063502
18.045	-0.0079834
18.05	-0.0090484
18.055	-0.010345
18.06	-0.013863
18.065	-0.017582
18.07	-0.018255
18.075	-0.016747
18.08	-0.015847
18.085	-0.015722
18.09	-0.014622
18.095	-0.012673
18.1	-0.011668
18.105	-0.010884
18.11	-0.0083834
18.115	-0.005735
18.12	-0.0043733
18.125	-0.0026829
18.13	-0.00072878
18.135	-0.00021746
18.14	-0.00091774
18.145	-0.0014932
18.15	-0.0014097
18.155	-0.0010008
18.16	-0.00013189
18.165	0.0022241
18.17	0.005172
18.175	0.0059797
18.18	0.0047999
18.185	0.0048467
18.19	0.0068797
18.195	0.0080823
18.2	0.0072629
18.205	0.0061232
18.21	0.0060731
18.215	0.0074695
18.22	0.010082
18.225	0.012442
18.23	0.0129
18.235	0.012775
18.24	0.014428
18.245	0.016472
18.25	0.016569
18.255	0.015516
18.26	0.01473
18.265	0.014088
18.27	0.013697
18.275	0.013831
18.28	0.013561
18.285	0.012683
18.29	0.012393
18.295	0.012983
18.3	0.013742
18.305	0.01385
18.31	0.012207
18.315	0.0094597
18.32	0.0081776
18.325	0.0082617
18.33	0.0071772
18.335	0.0049456
18.34	0.0038108
18.345	0.0033712
18.35	0.0015368
18.355	-0.00068759
18.36	-0.001385
18.365	-0.001185
18.37	-0.001841
18.375	-0.0042321
18.38	-0.0072393
18.385	-0.0086012
18.39	-0.007814
18.395	-0.0065586
18.4	-0.0061663
18.405	-0.0064841
18.41	-0.0068728
18.415	-0.0071195
18.42	-0.0073152
18.425	-0.0074607
18.43	-0.0075041
18.435	-0.0074669
18.44	-0.0073998
18.445	-0.007324
18.45	-0.0072295
18.455	-0.0071204
18.46	-0.0070202
18.465	-0.0069443
18.47	-0.0069111
18.475	-0.0064477
18.48	-0.0047439
18.485	-0.0023873
18.49	-0.0011157
18.495	-0.001308
18.5	-0.0017637
18.505	-0.0012906
18.51	0.00029476
18.515	0.0016892
18.52	0.0015619
18.525	0.00097545
18.53	0.002264
18.535	0.0046645
18.54	0.004813
18.545	0.0025916
18.55	0.0012586
18.555	0.0026031
18.56	0.0055937
18.565	0.0079525
18.57	0.0088797
18.575	0.009959
18.58	0.011845
18.585	0.013151
18.59	0.013259
18.595	0.01298
18.6	0.012959
18.605	0.013483
18.61	0.014987
18.615	0.016939
18.62	0.017701
18.625	0.016863
18.63	0.01579
18.635	0.015542
18.64	0.01581
18.645	0.016485
18.65	0.018495
18.655	0.021075
18.66	0.021822
18.665	0.021328
18.67	0.022675
18.675	0.02568
18.68	0.02721
18.685	0.026639
18.69	0.025899
18.695	0.026093
18.7	0.026391
18.705	0.024871
18.71	0.021793
18.715	0.020054
18.72	0.020557
18.725	0.021071
18.73	0.019256
18.735	0.015914
18.74	0.014337
18.745	0.015196
18.75	0.015711
18.755	0.013892
18.76	0.01119
18.765	0.010251
18.77	0.011044
18.775	0.010771
18.78	0.0083192
18.785	0.0064082
18.79	0.0068734
18.795	0.0082149
18.8	0.0087362
18.805	0.0079146
18.81	0.0056093
18.815	0.002868
18.82	0.0016421
18.825	0.0021099
18.83	0.0027262
18.835	0.0026331
18.84	0.0022481
18.845	0.0021938
18.85	0.0025277
18.855	0.0025549
18.86	0.0012413
18.865	-0.0010614
18.87	-0.002339
18.875	-0.0017202
18.88	-0.00051001
18.885	4.6276e-05
18.89	5.7505e-05
18.895	9.6729e-05
18.9	0.00032384
18.905	0.00061128
18.91	0.00081181
18.915	0.00083041
18.92	0.00070947
18.925	0.00055366
18.93	0.0004086
18.935	0.00025717
18.94	7.1184e-05
18.945	-0.00013429
18.95	-0.00031276
18.955	-0.00043119
18.96	-0.00048282
18.965	-0.0004874
18.97	-0.00044498
18.975	-0.00029649
18.98	-4.2266e-05
18.985	0.00020008
18.99	0.00036306
18.995	0.00049991
19	0.00061711
19.005	0.00084814
19.01	0.0022098
19.015	0.0049032
19.02	0.0066229
19.025	0.0060603
19.03	0.0048318
19.035	0.0044928
19.04	0.0048981
19.045	0.0047805
19.05	0.0029302
19.055	0.00022818
19.06	-0.0010601
19.065	0.00018837
19.07	0.0032865
19.075	0.0056851
19.08	0.0055847
19.085	0.0042879
19.09	0.0038012
19.095	0.00438
19.1	0.0051074
19.105	0.0054331
19.11	0.0054922
19.115	0.0055261
19.12	0.0055801
19.125	0.0058834
19.13	0.0068814
19.135	0.008373
19.14	0.0095423
19.145	0.0095182
19.15	0.008134
19.155	0.0063115
19.16	0.0051666
19.165	0.0051762
19.17	0.0056803
19.175	0.005714
19.18	0.0053585
19.185	0.0046757
19.19	0.0027686
19.195	0.0003036
19.2	-0.00048447
19.205	0.00043781
19.21	0.0012417
19.215	0.0011393
19.22	0.00068766
19.225	0.00057161
19.23	0.00089871
19.235	0.0013151
19.24	0.0014964
19.245	0.0014701
19.25	0.0013524
19.255	0.0017668
19.26	0.0038507
19.265	0.0066333
19.27	0.0073047
19.275	0.0051161
19.28	0.002088
19.285	0.00044162
19.29	-0.00018126
19.295	-0.0015283
19.3	-0.0031846
19.305	-0.0037005
19.31	-0.0032283
19.315	-0.0033897
19.32	-0.0056712
19.325	-0.008719
19.33	-0.0099372
19.335	-0.010244
19.34	-0.011856
19.345	-0.013898
19.35	-0.014518
19.355	-0.013974
19.36	-0.013591
19.365	-0.013857
19.37	-0.014351
19.375	-0.014609
19.38	-0.014569
19.385	-0.014706
19.39	-0.016041
19.395	-0.018615
19.4	-0.02058
19.405	-0.020753
19.41	-0.019937
19.415	-0.018948
19.42	-0.018271
19.425	-0.018742
19.43	-0.020554
19.435	-0.022443
19.44	-0.023087
19.445	-0.022856
19.45	-0.022929
19.455	-0.023668
19.46	-0.024635
19.465	-0.02537
19.47	-0.025798
19.475	-0.026068
19.48	-0.026296
19.485	-0.026507
19.49	-0.026753
19.495	-0.026637
19.5	-0.024875
19.505	-0.021991
19.51	-0.021407
19.515	-0.024273
19.52	-0.027282
19.525	-0.027587
19.53	-0.026129
19.535	-0.025181
19.54	-0.025325
19.545	-0.025695
19.55	-0.025575
19.555	-0.025012
19.56	-0.024385
19.565	-0.023894
19.57	-0.023463
19.575	-0.022941
19.58	-0.022327
19.585	-0.021718
19.59	-0.021157
19.595	-0.020741
19.6	-0.020576
19.605	-0.020561
19.61	-0.020578
19.615	-0.020716
19.62	-0.021041
19.625	-0.021449
19.63	-0.021852
19.635	-0.022252
19.64	-0.022665
19.645	-0.022497
19.65	-0.020267
19.655	-0.016403
19.66	-0.013966
19.665	-0.01411
19.67	-0.014636
19.675	-0.013048
19.68	-0.010126
19.685	-0.0092689
19.69	-0.011221
19.695	-0.013543
19.7	-0.014492
19.705	-0.014273
19.71	-0.013776
19.715	-0.013391
19.72	-0.012968
19.725	-0.012359
19.73	-0.011718
19.735	-0.011056
19.74	-0.0096456
19.745	-0.007363
19.75	-0.0051823
19.755	-0.003031
19.76	-0.00088939
19.765	-6.573e-06
19.77	-0.00057845
19.775	-0.0020928
19.78	-0.0035367
19.785	-0.002633
19.79	0.00095011
19.795	0.0049511
19.8	0.0072886
19.805	0.0075565
19.81	0.0080112
19.815	0.0099092
19.82	0.010371
19.825	0.0082034
19.83	0.0065342
19.835	0.0070258
19.84	0.0081872
19.845	0.0086216
19.85	0.0083249
19.855	0.0081871
19.86	0.0093941
19.865	0.011973
19.87	0.013986
19.875	0.01405
19.88	0.01318
19.885	0.012842
19.89	0.013135
19.895	0.013671
19.9	0.014882
19.905	0.016862
19.91	0.018126
19.915	0.017694
19.92	0.016591
19.925	0.016051
19.93	0.016054
19.935	0.015949
19.94	0.015436
19.945	0.014704
19.95	0.013978
19.955	0.013318
19.96	0.013115
19.965	0.013441
19.97	0.013029
19.975	0.011549
19.98	0.010495
19.985	0.0105
19.99	0.011211
19.995	0.012523
20	0.013367
20.005	0.012876
20.01	0.012296
20.015	0.012349
20.02	0.012563
20.025	0.013051
20.03	0.013898
20.035	0.014734
20.04	0.015333
20.045	0.015747
20.05	0.016084
20.055	0.016375
20.06	0.016597
20.065	0.016717
20.07	0.017101
20.075	0.018601
20.08	0.020942
20.085	0.022322
20.09	0.021618
20.095	0.019285
20.1	0.016807
20.105	0.015824
20.11	0.016414
20.115	0.016133
20.12	0.013314
20.125	0.010476
20.13	0.010161
20.135	0.011209
20.14	0.011603
20.145	0.011056
20.15	0.010401
20.155	0.0096886
20.16	0.0079213
20.165	0.005446
20.17	0.0041138
20.175	0.0043089
20.18	0.0046767
20.185	0.0043032
20.19	0.0034454
20.195	0.0027738
20.2	0.002512
20.205	0.0023739
20.21	0.0021149
20.215	0.0017599
20.22	0.00041969
20.225	-0.0026235
20.23	-0.0051761
20.235	-0.0053774
20.24	-0.0046777
20.245	-0.0038017
20.25	-0.0018967
20.255	-0.00028162
20.26	-0.0010243
20.265	-0.0039096
20.27	-0.006718
20.275	-0.0074144
20.28	-0.0064715
20.285	-0.0058342
20.29	-0.006037
20.295	-0.0052718
20.3	-0.0026172
20.305	-0.00034231
20.31	-0.00012614
20.315	-0.0012389
20.32	-0.0022913
20.325	-0.001961
20.33	9.7676e-05
20.335	0.0027092
20.34	0.0041967
20.345	0.0043321
20.35	0.0043864
20.355	0.0051519
20.36	0.0060566
20.365	0.006024
20.37	0.0055623
20.375	0.0063109
20.38	0.007929
20.385	0.0094411
20.39	0.011385
20.395	0.013761
20.4	0.016312
20.405	0.018985
20.41	0.019511
20.415	0.016934
20.42	0.014758
20.425	0.01522
20.43	0.016709
20.435	0.018008
20.44	0.019528
20.445	0.021202
20.45	0.023099
20.455	0.025214
20.46	0.02615
20.465	0.025613
20.47	0.024642
20.475	0.022868
20.48	0.020326
20.485	0.019056
20.49	0.019212
20.495	0.018005
20.5	0.014923
20.505	0.012936
20.51	0.013233
20.515	0.014013
20.52	0.013881
20.525	0.013137
20.53	0.012206
20.535	0.010213
20.54	0.0071539
20.545	0.0044958
20.55	0.0023766
20.555	0.0005285
20.56	-0.0006134
20.565	-0.00094124
20.57	5.6994e-05
20.575	0.0018947
20.58	0.0022586
20.585	0.00070393
20.59	-0.00086467
20.595	-0.0017535
20.6	-0.0034549
20.605	-0.0065149
20.61	-0.0089812
20.615	-0.010002
20.62	-0.010729
20.625	-0.010967
20.63	-0.0097607
20.635	-0.0077921
20.64	-0.0062887
20.645	-0.0061263
20.65	-0.0079253
20.655	-0.010098
20.66	-0.010562
20.665	-0.01071
20.67	-0.011779
20.675	-0.012161
20.68	-0.011298
20.685	-0.011019
20.69	-0.013105
20.695	-0.016215
20.7	-0.017334
20.705	-0.016401
20.71	-0.015563
20.715	-0.015785
20.72	-0.0161
20.725	-0.014908
20.73	-0.012884
20.735	-0.012742
20.74	-0.014246
20.745	-0.015267
20.75	-0.016571
20.755	-0.018275
20.76	-0.017822
20.765	-0.015291
20.77	-0.013454
20.775	-0.012753
20.78	-0.01185
20.785	-0.011017
20.79	-0.011058
20.795	-0.012324
20.8	-0.015023
20.805	-0.017549
20.81	-0.018024
20.815	-0.017251
20.82	-0.016971
20.825	-0.017498
20.83	-0.018109
20.835	-0.018263
20.84	-0.018514
20.845	-0.020062
20.85	-0.022431
20.855	-0.023502
20.86	-0.022779
20.865	-0.021848
20.87	-0.021806
20.875	-0.022322
20.88	-0.021656
20.885	-0.019229
20.89	-0.018274
20.895	-0.020363
20.9	-0.022249
20.905	-0.021695
20.91	-0.02006
20.915	-0.019151
20.92	-0.019174
20.925	-0.019371
20.93	-0.019273
20.935	-0.018803
20.94	-0.01714
20.945	-0.01418
20.95	-0.012184
20.955	-0.012324
20.96	-0.013012
20.965	-0.012978
20.97	-0.012902
20.975	-0.013068
20.98	-0.01243
20.985	-0.011339
20.99	-0.011031
20.995	-0.011333
21	-0.011846
21.005	-0.013528
21.01	-0.016217
21.015	-0.01772
21.02	-0.018189
21.025	-0.019812
21.03	-0.02225
21.035	-0.023482
21.04	-0.023489
21.045	-0.024305
21.05	-0.026899
21.055	-0.029499
21.06	-0.029788
21.065	-0.027207
21.07	-0.023844
21.075	-0.022765
21.08	-0.023992
21.085	-0.025128
21.09	-0.02507
21.095	-0.02456
21.1	-0.024227
21.105	-0.02327
21.11	-0.021277
21.115	-0.019197
21.12	-0.017104
21.125	-0.01505
21.13	-0.014276
21.135	-0.014706
21.14	-0.015117
21.145	-0.014554
21.15	-0.012242
21.155	-0.0094264
21.16	-0.0086802
21.165	-0.0093232
21.17	-0.0079249
21.175	-0.003931
21.18	0.00024295
21.185	0.0034073
21.19	0.0050475
21.195	0.0047723
21.2	0.004224
21.205	0.0056346
21.21	0.0086149
21.215	0.010511
21.22	0.010152
21.225	0.0098177
21.23	0.011961
21.235	0.014967
21.24	0.015837
21.245	0.015227
21.25	0.016078
21.255	0.018873
21.26	0.021093
21.265	0.02074
21.27	0.018081
21.275	0.015278
21.28	0.01457
21.285	0.015654
21.29	0.015581
21.295	0.012767
21.3	0.010025
21.305	0.010035
21.31	0.010538
21.315	0.0086268
21.32	0.0061254
21.325	0.0057823
21.33	0.0068667
21.335	0.0074714
21.34	0.00722
21.345	0.0074065
21.35	0.0092441
21.355	0.011657
21.36	0.012458
21.365	0.011777
21.37	0.012331
21.375	0.015115
21.38	0.017326
21.385	0.017075
21.39	0.015937
21.395	0.016134
21.4	0.017897
21.405	0.019872
21.41	0.021101
21.415	0.02116
21.42	0.020139
21.425	0.01907
21.43	0.018114
21.435	0.016534
21.44	0.015669
21.445	0.017341
21.45	0.019693
21.455	0.019664
21.46	0.017854
21.465	0.016208
21.47	0.015325
21.475	0.015019
21.48	0.013736
21.485	0.010973
21.49	0.0083813
21.495	0.0065689
21.5	0.0052562
21.505	0.0039389
21.51	0.0019093
21.515	0.00017552
21.52	-0.00015603
21.525	-0.00054332
21.53	-0.0023722
21.535	-0.0042033
21.54	-0.0043157
21.545	-0.0032531
21.55	-0.0030253
21.555	-0.0051496
21.56	-0.0081446
21.565	-0.009072
21.57	-0.0080441
21.575	-0.007035
21.58	-0.0060359
21.585	-0.004261
21.59	-0.0028494
21.595	-0.0022325
21.6	-0.00065871
21.605	0.0015325
21.61	0.0029631
21.615	0.0046273
21.62	0.0064932
21.625	0.0072541
21.63	0.0079513
21.635	0.0097231
21.64	0.011517
21.645	0.012895
21.65	0.014763
21.655	0.017229
21.66	0.020079
21.665	0.023156
21.67	0.025345
21.675	0.026874
21.68	0.029744
21.685	0.033392
21.69	0.03507
21.695	0.034406
21.7	0.033442
21.705	0.033431
21.71	0.034741
21.715	0.03713
21.72	0.038069
21.725	0.036042
21.73	0.033429
21.735	0.031937
21.74	0.030422
21.745	0.028084
21.75	0.025232
21.755	0.021926
21.76	0.018683
21.765	0.015929
21.77	0.012751
21.775	0.0091252
21.78	0.006393
21.785	0.0046135
21.79	0.0025662
21.795	-0.00021698
21.8	-0.0026206
21.805	-0.0037748
21.81	-0.0044523
21.815	-0.0055291
21.82	-0.0070401
21.825	-0.0081629
21.83	-0.0072782
21.835	-0.0046869
21.84	-0.0031602
21.845	-0.0032404
21.85	-0.0033897
21.855	-0.003185
21.86	-0.0029115
21.865	-0.0027807
21.87	-0.0028036
21.875	-0.0028569
21.88	-0.0028487
21.885	-0.0033114
21.89	-0.0051696
21.895	-0.0076835
21.9	-0.0088081
21.905	-0.0082742
21.91	-0.0076041
21.915	-0.0076905
21.92	-0.0086482
21.925	-0.010752
21.93	-0.013214
21.935	-0.014212
21.94	-0.014098
21.945	-0.015293
21.95	-0.017924
21.955	-0.019565
21.96	-0.019332
21.965	-0.018641
21.97	-0.018661
21.975	-0.019214
21.98	-0.019138
21.985	-0.018335
21.99	-0.017978
21.995	-0.01827
22	-0.019063
22.005	-0.019892
22.01	-0.020015
22.015	-0.019757
22.02	-0.019723
22.025	-0.019419
22.03	-0.017723
22.035	-0.015276
22.04	-0.014164
22.045	-0.014188
22.05	-0.013451
22.055	-0.012185
22.06	-0.011258
22.065	-0.0097447
22.07	-0.0070124
22.075	-0.0043435
22.08	-0.0033738
22.085	-0.0038707
22.09	-0.004325
22.095	-0.0040501
22.1	-0.0034387
22.105	-0.0030714
22.11	-0.0030892
22.115	-0.0032215
22.12	-0.0032401
22.125	-0.0031651
22.13	-0.0031104
22.135	-0.0031207
22.14	-0.0031649
22.145	-0.0032044
22.15	-0.0032262
22.155	-0.0032387
22.16	-0.0032941
22.165	-0.0034229
22.17	-0.0035382
22.175	-0.0035727
22.18	-0.0035782
22.185	-0.0035941
22.19	-0.0035947
22.195	-0.0040764
22.2	-0.0059229
22.205	-0.0083794
22.21	-0.0094059
22.215	-0.0092839
22.22	-0.0099329
22.225	-0.011099
22.23	-0.01192
22.235	-0.012784
22.24	-0.013495
22.245	-0.014142
22.25	-0.015826
22.255	-0.018056
22.26	-0.018963
22.265	-0.018441
22.27	-0.018516
22.275	-0.020617
22.28	-0.023346
22.285	-0.024327
22.29	-0.023579
22.295	-0.022812
22.3	-0.02296
22.305	-0.024119
22.31	-0.025838
22.315	-0.027317
22.32	-0.028257
22.325	-0.028538
22.33	-0.028282
22.335	-0.028099
22.34	-0.028219
22.345	-0.027773
22.35	-0.025783
22.355	-0.023336
22.36	-0.022457
22.365	-0.022567
22.37	-0.021267
22.375	-0.018637
22.38	-0.016154
22.385	-0.013873
22.39	-0.012038
22.395	-0.01056
22.4	-0.0083766
22.405	-0.0054496
22.41	-0.0030868
22.415	-0.0020018
22.42	-0.0013462
22.425	-0.00021486
22.43	0.0013746
22.435	0.0029068
22.44	0.0041126
22.445	0.0051872
22.45	0.0063727
22.455	0.0075974
22.46	0.0092162
22.465	0.01121
22.47	0.01221
22.475	0.01225
22.48	0.013374
22.485	0.015755
22.49	0.017609
22.495	0.018942
22.5	0.020481
22.505	0.021394
22.51	0.021202
22.515	0.020762
22.52	0.020746
22.525	0.020994
22.53	0.021105
22.535	0.020987
22.54	0.020823
22.545	0.020282
22.55	0.018507
22.555	0.016098
22.56	0.01499
22.565	0.015488
22.57	0.016137
22.575	0.016539
22.58	0.016908
22.585	0.016427
22.59	0.01535
22.595	0.014999
22.6	0.015392
22.605	0.015717
22.61	0.016109
22.615	0.016672
22.62	0.017295
22.625	0.018906
22.63	0.020768
22.635	0.021084
22.64	0.020353
22.645	0.020466
22.65	0.021583
22.655	0.021761
22.66	0.021226
22.665	0.02145
22.67	0.021448
22.675	0.021656
22.68	0.023939
22.685	0.025475
22.69	0.023051
22.695	0.019265
22.7	0.017045
22.705	0.016139
22.71	0.015966
22.715	0.016176
22.72	0.016258
22.725	0.016093
22.73	0.015435
22.735	0.014105
22.74	0.013598
22.745	0.014596
22.75	0.015004
22.755	0.014059
22.76	0.013272
22.765	0.013337
22.77	0.013772
22.775	0.014528
22.78	0.015316
22.785	0.015394
22.79	0.015027
22.795	0.014338
22.8	0.013555
22.805	0.013456
22.81	0.013464
22.815	0.012432
22.82	0.011028
22.825	0.010677
22.83	0.010764
22.835	0.009832
22.84	0.0085135
22.845	0.0078383
22.85	0.0071801
22.855	0.0063688
22.86	0.0058023
22.865	0.0050004
22.87	0.0036733
22.875	0.0022727
22.88	0.0015055
22.885	0.0012244
22.89	7.7364e-05
22.895	-0.0020965
22.9	-0.0039347
22.905	-0.0048995
22.91	-0.0056246
22.915	-0.0067577
22.92	-0.0078605
22.925	-0.0084785
22.93	-0.0093305
22.935	-0.010759
22.94	-0.012271
22.945	-0.013148
22.95	-0.013402
22.955	-0.014483
22.96	-0.016809
22.965	-0.018459
22.97	-0.018626
22.975	-0.018883
22.98	-0.020198
22.985	-0.021528
22.99	-0.021739
22.995	-0.02161
23	-0.022014
23.005	-0.022823
23.01	-0.023967
23.015	-0.025184
23.02	-0.02583
23.025	-0.025652
23.03	-0.025713
23.035	-0.026544
23.04	-0.027112
23.045	-0.026944
23.05	-0.026553
23.055	-0.026756
23.06	-0.028009
23.065	-0.028969
23.07	-0.028
23.075	-0.026225
23.08	-0.025713
23.085	-0.0264
23.09	-0.026587
23.095	-0.025676
23.1	-0.024943
23.105	-0.0247
23.11	-0.023926
23.115	-0.022481
23.12	-0.0214
23.125	-0.021017
23.13	-0.020718
23.135	-0.020521
23.14	-0.020228
23.145	-0.019078
23.15	-0.017306
23.155	-0.016251
23.16	-0.016495
23.165	-0.017117
23.17	-0.017281
23.175	-0.016723
23.18	-0.014954
23.185	-0.011983
23.19	-0.0094327
23.195	-0.0094213
23.2	-0.011218
23.205	-0.011181
23.21	-0.0084639
23.215	-0.0063079
23.22	-0.006526
23.225	-0.0076732
23.23	-0.0081045
23.235	-0.0072871
23.24	-0.0056124
23.245	-0.0040173
23.25	-0.0029016
23.255	-0.0019975
23.26	-0.00049322
23.265	0.0015845
23.27	0.0027123
23.275	0.0024178
23.28	0.0018685
23.285	0.0023412
23.29	0.0044671
23.295	0.0066063
23.3	0.0066979
23.305	0.0060664
23.31	0.0068537
23.315	0.0092363
23.32	0.011788
23.325	0.013112
23.33	0.013607
23.335	0.01439
23.34	0.015765
23.345	0.017265
23.35	0.018487
23.355	0.019508
23.36	0.020566
23.365	0.021269
23.37	0.02119
23.375	0.020819
23.38	0.020711
23.385	0.020837
23.39	0.020928
23.395	0.020892
23.4	0.020806
23.405	0.020244
23.41	0.019365
23.415	0.019137
23.42	0.018992
23.425	0.0179
23.43	0.016755
23.435	0.016678
23.44	0.016728
23.445	0.016168
23.45	0.015272
23.455	0.013983
23.46	0.013042
23.465	0.013201
23.47	0.013326
23.475	0.012166
23.48	0.01126
23.485	0.011903
23.49	0.01226
23.495	0.0114
23.5	0.010617
23.505	0.010582
23.51	0.010859
23.515	0.011469
23.52	0.012238
23.525	0.011869
23.53	0.010608
23.535	0.010099
23.54	0.010992
23.545	0.012208
23.55	0.011969
23.555	0.010705
23.56	0.0096975
23.565	0.0093427
23.57	0.010111
23.575	0.011283
23.58	0.011575
23.585	0.01119
23.59	0.010911
23.595	0.010478
23.6	0.0095018
23.605	0.0088551
23.61	0.0090576
23.615	0.0089448
23.62	0.0077864
23.625	0.0067983
23.63	0.0068464
23.635	0.0067636
23.64	0.0056503
23.645	0.004612
23.65	0.0046046
23.655	0.0045806
23.66	0.003888
23.665	0.003381
23.67	0.0033906
23.675	0.0039665
23.68	0.0051859
23.685	0.0065596
23.69	0.0072071
23.695	0.0068841
23.7	0.0064195
23.705	0.0059546
23.71	0.004951
23.715	0.0040622
23.72	0.0041055
23.725	0.0040777
23.73	0.0028988
23.735	0.001637
23.74	0.0015029
23.745	0.0020298
23.75	0.0023889
23.755	0.0019138
23.76	0.00043506
23.765	-0.0011969
23.77	-0.0018439
23.775	-0.0013916
23.78	-0.0013049
23.785	-0.0021337
23.79	-0.0027287
23.795	-0.0026119
23.8	-0.0022998
23.805	-0.0022119
23.81	-0.0023391
23.815	-0.0029928
23.82	-0.0043687
23.825	-0.0054056
23.83	-0.0058154
23.835	-0.0061642
23.84	-0.0062947
23.845	-0.0067368
23.85	-0.0076309
23.855	-0.0080214
23.86	-0.0078025
23.865	-0.0075715
23.87	-0.0075988
23.875	-0.0077453
23.88	-0.0078159
23.885	-0.007777
23.89	-0.0077212
23.895	-0.0077238
23.9	-0.0077653
23.905	-0.007318
23.91	-0.0064733
23.915	-0.0063134
23.92	-0.0063345
23.925	-0.0060268
23.93	-0.0066053
23.935	-0.007896
23.94	-0.0084532
23.945	-0.0081121
23.95	-0.0076861
23.955	-0.0076776
23.96	-0.0083305
23.965	-0.0093083
23.97	-0.0096641
23.975	-0.0097333
23.98	-0.0098943
23.985	-0.0095785
23.99	-0.009564
23.995	-0.010439
24	-0.011133
24.005	-0.011087
24.01	-0.010788
24.015	-0.010305
24.02	-0.0092571
24.025	-0.0078125
24.03	-0.0067964
24.035	-0.0072062
24.04	-0.0081622
24.045	-0.0074977
24.05	-0.0057106
24.055	-0.0049834
24.06	-0.005606
24.065	-0.0059542
24.07	-0.0048409
24.075	-0.0028586
24.08	-0.001582
24.085	-0.0014032
24.09	-0.00057508
24.095	0.0012897
24.1	0.0022748
24.105	0.0014883
24.11	7.4858e-05
24.115	4.8595e-05
24.12	0.0014723
24.125	0.0024002
24.13	0.0018486
24.135	0.00055879
24.14	2.7127e-05
24.145	0.00024388
24.15	-1.7107e-05
24.155	-0.00050786
24.16	-0.00080428
24.165	-0.0016372
24.17	-0.0028747
24.175	-0.0030982
24.18	-0.0016907
24.185	1.2462e-05
24.19	0.00045192
24.195	-0.00028635
24.2	-0.0015443
24.205	-0.0027486
24.21	-0.0031157
24.215	-0.0027548
24.22	-0.0023519
24.225	-0.0016386
24.23	-0.00068152
24.235	-0.00082365
24.24	-0.0017878
24.245	-0.0022328
24.25	-0.0019077
24.255	-0.00045492
24.26	0.0011111
24.265	0.0011756
24.27	0.0003369
24.275	-2.2453e-05
24.28	0.0007848
24.285	0.0018943
24.29	0.0020791
24.295	0.0016004
24.3	0.0012769
24.305	0.0013498
24.31	0.0015523
24.315	0.0016272
24.32	0.0015767
24.325	0.0015279
24.33	0.0015364
24.335	0.0015765
24.34	0.00164
24.345	0.001712
24.35	0.0017331
24.355	0.0017002
24.36	0.0020601
24.365	0.0029241
24.37	0.0034653
24.375	0.0037836
24.38	0.0044362
24.385	0.004874
24.39	0.005168
24.395	0.0058621
24.4	0.0062788
24.405	0.0063712
24.41	0.0069456
24.415	0.0075476
24.42	0.0075387
24.425	0.0072495
24.43	0.0071255
24.435	0.0071606
24.44	0.0074941
24.445	0.0083042
24.45	0.0087583
24.455	0.0087089
24.46	0.0091217
24.465	0.0098722
24.47	0.01081
24.475	0.011999
24.48	0.012574
24.485	0.012294
24.49	0.011892
24.495	0.012045
24.5	0.013076
24.505	0.01374
24.51	0.01226
24.515	0.00976
24.52	0.0083394
24.525	0.0079424
24.53	0.0078631
24.535	0.0073327
24.54	0.0060472
24.545	0.0050843
24.55	0.0045969
24.555	0.00374
24.56	0.0025278
24.565	0.00079587
24.57	-0.00076689
24.575	-0.00041573
24.58	0.0010972
24.585	0.0016508
24.59	0.0011166
24.595	0.00010813
24.6	-0.0012398
24.605	-0.0020993
24.61	-0.001871
24.615	-0.0013034
24.62	-0.0011762
24.625	-0.0014259
24.63	-0.0016364
24.635	-0.0016291
24.64	-0.0015155
24.645	-0.0014521
24.65	-0.0014745
24.655	-0.0015206
24.66	-0.0015382
24.665	-0.001529
24.67	-0.0015179
24.675	-0.0016003
24.68	-0.0014227
24.685	0.00022658
24.69	0.0029996
24.695	0.0042062
24.7	0.0026736
24.705	0.00037873
24.71	-0.00029513
24.715	0.00059456
24.72	0.0013591
24.725	0.0013212
24.73	0.0014822
24.735	0.0025797
24.74	0.0035267
24.745	0.0029452
24.75	0.0012142
24.755	0.00011981
24.76	0.00039905
24.765	0.0015229
24.77	0.0029358
24.775	0.00369
24.78	0.0033668
24.785	0.002805
24.79	0.0027166
24.795	0.0029638
24.8	0.0031086
24.805	0.0033957
24.81	0.0040544
24.815	0.0039852
24.82	0.0031783
24.825	0.0032611
24.83	0.0037709
24.835	0.0033146
24.84	0.0023302
24.845	0.0010162
24.85	-0.00092484
24.855	-0.0024466
24.86	-0.0025274
24.865	-0.0020235
24.87	-0.0026201
24.875	-0.0044484
24.88	-0.0062856
24.885	-0.0073274
24.89	-0.0073864
24.895	-0.0069548
24.9	-0.0067981
24.905	-0.0070302
24.91	-0.0072942
24.915	-0.0073534
24.92	-0.0072666
24.925	-0.0071916
24.93	-0.0071917
24.935	-0.0072321
24.94	-0.0072823
24.945	-0.0069367
24.95	-0.0058058
24.955	-0.0043142
24.96	-0.003386
24.965	-0.0035024
24.97	-0.0036344
24.975	-0.0029379
24.98	-0.0022802
24.985	-0.0023014
24.99	-0.0025975
24.995	-0.0027227
25	-0.0026519
25.005	-0.0025173
25.01	-0.0026548
25.015	-0.003434
25.02	-0.0040436
25.025	-0.0041681
25.03	-0.005387
25.035	-0.0072731
25.04	-0.0073874
25.045	-0.006332
25.05	-0.0065105
25.055	-0.0076266
25.06	-0.0081876
25.065	-0.0078887
25.07	-0.0063608
25.075	-0.0043304
25.08	-0.0041536
25.085	-0.0051295
25.09	-0.0045616
25.095	-0.0030066
25.1	-0.002439
25.105	-0.0029225
25.11	-0.0034169
25.115	-0.0034064
25.12	-0.0028006
25.125	-0.0015208
25.13	-0.00034396
25.135	0.00014665
25.14	0.00082852
25.145	0.0018731
25.15	0.0023291
25.155	0.0020878
25.16	0.0021223
25.165	0.0029313
25.17	0.0038451
25.175	0.0050605
25.18	0.0068161
25.185	0.0077954
25.19	0.0081103
25.195	0.0088688
25.2	0.0095679
25.205	0.0096109
25.21	0.0093692
25.215	0.0094113
25.22	0.010281
25.225	0.011728
25.23	0.012505
25.235	0.012218
25.24	0.011751
25.245	0.011739
25.25	0.012026
25.255	0.01223
25.26	0.01223
25.265	0.012159
25.27	0.012139
25.275	0.012165
25.28	0.012711
25.285	0.014179
25.29	0.015064
25.295	0.013863
25.3	0.01202
25.305	0.012004
25.31	0.013599
25.315	0.014598
25.32	0.01469
25.325	0.014895
25.33	0.015174
25.335	0.015259
25.34	0.015313
25.345	0.015152
25.35	0.014186
25.355	0.012896
25.36	0.012501
25.365	0.012965
25.37	0.013214
25.375	0.012373
25.38	0.010719
25.385	0.0091873
25.39	0.0082807
25.395	0.008147
25.4	0.0078105
25.405	0.0059428
25.41	0.0035242
25.415	0.0026478
25.42	0.0033329
25.425	0.0040374
25.43	0.0035143
25.435	0.0018007
25.44	0.00052133
25.445	0.00064815
25.45	0.00078932
25.455	0.00011256
25.46	-0.0004055
25.465	-0.00081915
25.47	-0.0014465
25.475	-0.0016873
25.48	-0.0014749
25.485	-0.0012418
25.49	-0.0012258
25.495	-0.0013585
25.5	-0.0014621
25.505	-0.0014778
25.51	-0.0014643
25.515	-0.0014809
25.52	-0.0015356
25.525	-0.0015965
25.53	-0.0016447
25.535	-0.0016807
25.54	-0.0017201
25.545	-0.0017718
25.55	-0.0019919
25.555	-0.0029051
25.56	-0.0041929
25.565	-0.004133
25.57	-0.0024976
25.575	-0.0013303
25.58	-0.001619
25.585	-0.0023321
25.59	-0.0025683
25.595	-0.0028992
25.6	-0.0039162
25.605	-0.0052394
25.61	-0.0065378
25.615	-0.0072798
25.62	-0.0071308
25.625	-0.0067509
25.63	-0.0067263
25.635	-0.0069148
25.64	-0.0074421
25.645	-0.0081514
25.65	-0.0082247
25.655	-0.0082643
25.66	-0.0089309
25.665	-0.0094351
25.67	-0.0090152
25.675	-0.0076476
25.68	-0.0064091
25.685	-0.0063207
25.69	-0.0068914
25.695	-0.007154
25.7	-0.006941
25.705	-0.0066534
25.71	-0.00661
25.715	-0.006544
25.72	-0.0054482
25.725	-0.0030931
25.73	-0.0012178
25.735	-0.0011816
25.74	-0.0021204
25.745	-0.002083
25.75	0.00020866
25.755	0.0031737
25.76	0.0041353
25.765	0.0040375
25.77	0.0054437
25.775	0.0076922
25.78	0.0085615
25.785	0.0079576
25.79	0.0075337
25.795	0.0083682
25.8	0.0095117
25.805	0.0097235
25.81	0.0090492
25.815	0.0080559
25.82	0.0080338
25.825	0.0088964
25.83	0.0087613
25.835	0.0077345
25.84	0.0072059
25.845	0.0068297
25.85	0.0058443
25.855	0.0049343
25.86	0.0042662
25.865	0.0032044
25.87	0.0023376
25.875	0.0023289
25.88	0.002683
25.885	0.0028085
25.89	0.0022295
25.895	0.00085568
25.9	-0.00063776
25.905	-0.0017702
25.91	-0.0022274
25.915	-0.0019771
25.92	-0.0016575
25.925	-0.0016878
25.93	-0.0023356
25.935	-0.0037416
25.94	-0.0049364
25.945	-0.0049242
25.95	-0.004636
25.955	-0.0051747
25.96	-0.0058472
25.965	-0.0062777
25.97	-0.0067988
25.975	-0.0070265
25.98	-0.007175
25.985	-0.0081211
25.99	-0.009337
25.995	-0.0096471
26	-0.0092138
26.005	-0.0089091
26.01	-0.0090168
26.015	-0.0092873
26.02	-0.0091839
26.025	-0.0081481
26.03	-0.0067709
26.035	-0.0063808
26.04	-0.0066843
26.045	-0.0062897
26.05	-0.0057451
26.055	-0.006254
26.06	-0.0062939
26.065	-0.0042599
26.07	-0.0017301
26.075	-0.00027538
26.08	0.00094591
26.085	0.0022509
26.09	0.0029116
26.095	0.0033531
26.1	0.0037555
26.105	0.0039058
26.11	0.0045062
26.115	0.0053026
26.12	0.0054927
26.125	0.0058082
26.13	0.0069359
26.135	0.0078877
26.14	0.0078767
26.145	0.0074149
26.15	0.0066686
26.155	0.0055461
26.16	0.0048598
26.165	0.0050373
26.17	0.0054702
26.175	0.006114
26.18	0.007207
26.185	0.007869
26.19	0.0070932
26.195	0.0053501
26.2	0.0037766
26.205	0.0027833
26.21	0.0025058
26.215	0.0027774
26.22	0.0029618
26.225	0.0028055
26.23	0.0025511
26.235	0.0024328
26.24	0.0024546
26.245	0.0029694
26.25	0.0037798
26.255	0.0040188
26.26	0.004239
26.265	0.0048878
26.27	0.0052049
26.275	0.005038
26.28	0.0048561
26.285	0.0048922
26.29	0.0050439
26.295	0.0051396
26.3	0.0046305
26.305	0.0037277
26.31	0.0034804
26.315	0.0033443
26.32	0.0027436
26.325	0.0024491
26.33	0.0023011
26.335	0.0013539
26.34	7.2864e-05
26.345	-0.00028892
26.35	-0.00017135
26.355	-0.00094878
26.36	-0.0022369
26.365	-0.0026941
26.37	-0.0023295
26.375	-0.0020145
26.38	-0.0021087
26.385	-0.0023653
26.39	-0.0024907
26.395	-0.0024613
26.4	-0.0024108
26.405	-0.00242
26.41	-0.0024431
26.415	-0.0024056
26.42	-0.0023417
26.425	-0.0023347
26.43	-0.0023794
26.435	-0.0024139
26.44	-0.0024233
26.445	-0.0024643
26.45	-0.0022505
26.455	-0.001523
26.46	-0.0010287
26.465	-0.00092118
26.47	-0.00072452
26.475	-0.0010195
26.48	-0.001388
26.485	-0.00054648
26.49	0.0011979
26.495	0.0024945
26.5	0.0025362
26.505	0.0019078
26.51	0.0015896
26.515	0.0020118
26.52	0.0033285
26.525	0.0047686
26.53	0.0051039
26.535	0.0045194
26.54	0.0041046
26.545	0.0042803
26.55	0.0045395
26.555	0.0036705
26.56	0.0014396
26.565	0.00017212
26.57	0.0013467
26.575	0.0029291
26.58	0.003046
26.585	0.0023055
26.59	0.0018986
26.595	0.0020875
26.6	0.0024144
26.605	0.00248
26.61	0.0023217
26.615	0.0022189
26.62	0.002289
26.625	0.0024573
26.63	0.002443
26.635	0.0016628
26.64	0.00033215
26.645	-0.00028466
26.65	0.00011886
26.655	0.00061611
26.66	0.00067719
26.665	0.00031279
26.67	-0.00055588
26.675	-0.00096473
26.68	0.00058824
26.685	0.0029517
26.69	0.0031229
26.695	0.00049556
26.7	-0.0017438
26.705	-0.0010771
26.71	0.00034391
26.715	0.00022444
26.72	-0.00068341
26.725	-0.0016232
26.73	-0.0022083
26.735	-0.0021091
26.74	-0.001783
26.745	-0.0016959
26.75	-0.0018993
26.755	-0.0026763
26.76	-0.0040213
26.765	-0.0048546
26.77	-0.0047271
26.775	-0.0048188
26.78	-0.0054954
26.785	-0.0059585
26.79	-0.0064117
26.795	-0.0069576
26.8	-0.0070635
26.805	-0.0068294
26.81	-0.0067466
26.815	-0.0074422
26.82	-0.0088615
26.825	-0.0097691
26.83	-0.0095043
26.835	-0.0083941
26.84	-0.0075166
26.845	-0.0081828
26.85	-0.0091126
26.855	-0.0082412
26.86	-0.0066862
26.865	-0.006351
26.87	-0.0064781
26.875	-0.0060799
26.88	-0.0057664
26.885	-0.0048725
26.89	-0.003373
26.895	-0.0029475
26.9	-0.003029
26.905	-0.0025704
26.91	-0.0021775
26.915	-0.0022282
26.92	-0.0024249
26.925	-0.0020306
26.93	-0.00069003
26.935	0.00042711
26.94	0.00033976
26.945	0.00020171
26.95	0.0012875
26.955	0.0026042
26.96	0.002916
26.965	0.0024008
26.97	0.0021175
26.975	0.002269
26.98	0.0025019
26.985	0.0025563
26.99	0.0024656
26.995	0.0023822
27	0.0023981
27.005	0.0020273
27.01	0.00079639
27.015	-0.00031934
27.02	-0.0006732
27.025	-0.0012655
27.03	-0.002254
27.035	-0.0026742
27.04	-0.0024288
27.045	-0.002133
27.05	-0.0028797
27.055	-0.0050415
27.06	-0.0067841
27.065	-0.0067931
27.07	-0.0052906
27.075	-0.0030484
27.08	-0.0017641
27.085	-0.0021631
27.09	-0.0029878
27.095	-0.0031008
27.1	-0.0026562
27.105	-0.0023067
27.11	-0.0023074
27.115	-0.0024901
27.12	-0.0022305
27.125	-0.001001
27.13	0.00029571
27.135	0.00082675
27.14	0.0014023
27.145	0.0022785
27.15	0.00261
27.155	0.0023403
27.16	0.0021384
27.165	0.0022123
27.17	0.0030237
27.175	0.0053111
27.18	0.0077128
27.185	0.0077936
27.19	0.0056726
27.195	0.0035417
27.2	0.0025248
27.205	0.0023603
27.21	0.0026007
27.215	0.002747
27.22	0.0025724
27.225	0.0023035
27.23	0.0021761
27.235	0.0021874
27.24	0.0022187
27.245	0.002203
27.25	0.0021485
27.255	0.0020894
27.26	0.0020474
27.265	0.0020211
27.27	0.0019664
27.275	0.0018359
27.28	0.0016909
27.285	0.0016299
27.29	0.0016333
27.295	0.0016259
27.3	0.0015838
27.305	0.001529
27.31	0.0014874
27.315	0.0014536
27.32	0.0014155
27.325	0.0013841
27.33	0.0014162
27.335	0.0011846
27.34	0.0001511
27.345	-0.0010852
27.35	-0.0014152
27.355	-0.00099224
27.36	-0.00068415
27.365	-0.00078791
27.37	-0.001024
27.375	-0.0011134
27.38	-0.0010554
27.385	-0.00098605
27.39	-0.0009708
27.395	-0.00099563
27.4	-0.0010413
27.405	-0.001108
27.41	-0.00083302
27.415	0.00021071
27.42	0.0013067
27.425	0.001458
27.43	0.00097675
27.435	0.00069409
27.44	0.00078508
27.445	0.0013427
27.45	0.0022009
27.455	0.0021468
27.46	0.0013705
27.465	0.0013991
27.47	0.0020147
27.475	0.0022478
27.48	0.0020939
27.485	0.0019726
27.49	0.0016275
27.495	0.00089247
27.5	0.00050087
27.505	0.00069414
27.51	0.00098292
27.515	0.00072548
27.52	-0.00076472
27.525	-0.002656
27.53	-0.0031491
27.535	-0.0027518
27.54	-0.0029287
27.545	-0.0034049
27.55	-0.0038904
27.555	-0.0049177
27.56	-0.0056651
27.565	-0.0047531
27.57	-0.0031664
27.575	-0.0027404
27.58	-0.0033806
27.585	-0.003585
27.59	-0.0024884
27.595	-0.0011196
27.6	-0.00085114
27.605	-0.0010837
27.61	-0.00076423
27.615	-0.00032473
27.62	2.7279e-05
27.625	0.00053606
27.63	0.0007781
27.635	0.00061461
27.64	0.00045326
27.645	0.00087808
27.65	0.0020454
27.655	0.0029227
27.66	0.0031895
27.665	0.0037929
27.67	0.0049366
27.675	0.006518
27.68	0.0081839
27.685	0.0088584
27.69	0.0084112
27.695	0.0078604
27.7	0.007886
27.705	0.0086619
27.71	0.0099203
27.715	0.0111
27.72	0.011938
27.725	0.012188
27.73	0.011897
27.735	0.011626
27.74	0.011641
27.745	0.011793
27.75	0.011752
27.755	0.010843
27.76	0.0088371
27.765	0.0070604
27.77	0.0067855
27.775	0.0074017
27.78	0.0076984
27.785	0.0072862
27.79	0.0061663
27.795	0.0048155
27.8	0.0042451
27.805	0.0044267
27.81	0.0040652
27.815	0.0028519
27.82	0.0019975
27.825	0.0020913
27.83	0.0022492
27.835	0.0014539
27.84	0.00014674
27.845	-0.00036814
27.85	-0.0002214
27.855	-0.00074408
27.86	-0.0019517
27.865	-0.002582
27.87	-0.0023464
27.875	-0.0019955
27.88	-0.0022704
27.885	-0.0033745
27.89	-0.0044323
27.895	-0.0045558
27.9	-0.0040998
27.905	-0.0038304
27.91	-0.0042224
27.915	-0.0050491
27.92	-0.0051425
27.925	-0.0042809
27.93	-0.0036691
27.935	-0.0037809
27.94	-0.0040261
27.945	-0.0043898
27.95	-0.0052683
27.955	-0.0060249
27.96	-0.005976
27.965	-0.0055688
27.97	-0.0054266
27.975	-0.0055746
27.98	-0.0057233
27.985	-0.0057262
27.99	-0.0056335
27.995	-0.0056059
28	-0.0060828
28.005	-0.0071073
28.01	-0.0077624
28.015	-0.0075739
28.02	-0.0071338
28.025	-0.0070718
28.03	-0.0076506
28.035	-0.0082528
28.04	-0.0078703
28.045	-0.0070352
28.05	-0.0071967
28.055	-0.0083778
28.06	-0.0091863
28.065	-0.0089785
28.07	-0.0085164
28.075	-0.0083206
28.08	-0.0079699
28.085	-0.0076438
28.09	-0.0080301
28.095	-0.0085764
28.1	-0.0086394
28.105	-0.0088098
28.11	-0.0095516
28.115	-0.010552
28.12	-0.011315
28.125	-0.011421
28.13	-0.011014
28.135	-0.010826
28.14	-0.011595
28.145	-0.013175
28.15	-0.014446
28.155	-0.01474
28.16	-0.01429
28.165	-0.014149
28.17	-0.015025
28.175	-0.015607
28.18	-0.015147
28.185	-0.014989
28.19	-0.015527
28.195	-0.016035
28.2	-0.016524
28.205	-0.016699
28.21	-0.015863
28.215	-0.014684
28.22	-0.014308
28.225	-0.014315
28.23	-0.013975
28.235	-0.01353
28.24	-0.012972
28.245	-0.012347
28.25	-0.011804
28.255	-0.011052
28.26	-0.010392
28.265	-0.010287
28.27	-0.010122
28.275	-0.0095274
28.28	-0.0090864
28.285	-0.008676
28.29	-0.0078717
28.295	-0.0072208
28.3	-0.0071142
28.305	-0.0069245
28.31	-0.0064372
28.315	-0.0061307
28.32	-0.006107
28.325	-0.0060598
28.33	-0.0056283
28.335	-0.0050566
28.34	-0.0047399
28.345	-0.004424
28.35	-0.004097
28.355	-0.0040004
28.36	-0.0040079
28.365	-0.0039709
28.37	-0.0037942
28.375	-0.0032338
28.38	-0.0024552
28.385	-0.0019994
28.39	-0.0016602
28.395	-0.0011143
28.4	-0.0007697
28.405	-0.00082821
28.41	-0.00081236
28.415	-0.00021307
28.42	0.00063748
28.425	0.00095022
28.43	0.00070051
28.435	0.00062772
28.44	0.0010641
28.445	0.0013004
28.45	0.0011092
28.455	0.0013184
28.46	0.0019385
28.465	0.0023818
28.47	0.0027647
28.475	0.0031475
28.48	0.0032251
28.485	0.0032536
28.49	0.0037495
28.495	0.004388
28.5	0.0045204
28.505	0.0044676
28.51	0.0048638
28.515	0.0053644
28.52	0.0056158
28.525	0.0059399
28.53	0.0062463
28.535	0.0061988
28.54	0.0061858
28.545	0.0066667
28.55	0.0071633
28.555	0.0071329
28.56	0.0067722
28.565	0.0062918
28.57	0.0059462
28.575	0.0061831
28.58	0.0068715
28.585	0.0074283
28.59	0.0074775
28.595	0.0071814
28.6	0.0068818
28.605	0.0064635
28.61	0.0058821
28.615	0.0055549
28.62	0.005592
28.625	0.0056717
28.63	0.0055269
28.635	0.0050052
28.64	0.0042583
28.645	0.0036151
28.65	0.003216
28.655	0.0031282
28.66	0.0031829
28.665	0.0028473
28.67	0.0019152
28.675	0.0010378
28.68	0.00089024
28.685	0.0012382
28.69	0.0014766
28.695	0.0013709
28.7	0.00087009
28.705	2.9774e-05
28.71	-0.00063646
28.715	-0.00066532
28.72	-0.00033944
28.725	-0.00016284
28.73	-0.00029828
28.735	-0.00067871
28.74	-0.00087772
28.745	-0.0005495
28.75	-0.00012471
28.755	-6.2921e-05
28.76	-0.00021468
28.765	-0.00028516
28.77	-0.00021398
28.775	-9.7695e-05
28.78	-8.5218e-05
28.785	-0.00029091
28.79	-0.00047611
28.795	-0.00046735
28.8	-0.00052196
28.805	-0.00064067
28.81	-0.00062126
28.815	-0.00051304
28.82	-0.00043421
28.825	-0.00040701
28.83	-0.00037813
28.835	-0.00036266
28.84	-0.00052073
28.845	-0.00081696
28.85	-0.00093226
28.855	-0.00079133
28.86	-0.00062925
28.865	-0.00058535
28.87	-0.00060464
28.875	-0.00059561
28.88	-0.00053805
28.885	-0.00046634
28.89	-0.00041035
28.895	-0.00036839
28.9	-0.00032383
28.905	-0.00027154
28.91	-0.00021798
28.915	-0.00016734
28.92	-0.00011823
28.925	-7.5533e-05
28.93	4.1939e-06
28.935	0.0001929
28.94	0.0003569
28.945	0.0004112
28.95	0.00053237
28.955	0.00068941
28.96	0.00076564
28.965	0.00091003
28.97	0.0011723
28.975	0.0013345
28.98	0.0013133
28.985	0.0012527
28.99	0.0012956
28.995	0.0015145
29	0.0017878
29.005	0.0019089
29.01	0.0019632
29.015	0.0021014
29.02	0.0022085
29.025	0.0021922
29.03	0.0021302
29.035	0.0021259
29.04	0.0022659
29.045	0.002488
29.05	0.0025518
29.055	0.0023263
29.06	0.0020521
29.065	0.0021711
29.07	0.0026174
29.075	0.0028708
29.08	0.00282
29.085	0.0026625
29.09	0.0024909
29.095	0.0024016
29.1	0.0024158
29.105	0.0024317
29.11	0.0023921
29.115	0.0023223
29.12	0.0022637
29.125	0.0022274
29.13	0.0022039
29.135	0.0021615
29.14	0.0020345
29.145	0.0018552
29.15	0.0017688
29.155	0.0017736
29.16	0.0017243
29.165	0.0016268
29.17	0.0015752
29.175	0.0015857
29.18	0.0016495
29.185	0.001678
29.19	0.0015724
29.195	0.0013891
29.2	0.001259
29.205	0.0012454
29.21	0.0012895
29.215	0.0013086
29.22	0.0012834
29.225	0.0012148
29.23	0.001191
29.235	0.0012759
29.24	0.0013572
29.245	0.0013472
29.25	0.0012952
29.255	0.001268
29.26	0.0012722
29.265	0.0012794
29.27	0.0012723
29.275	0.0012565
29.28	0.0012437
29.285	0.0012354
29.29	0.0012266
29.295	0.0012153
29.3	0.0012025
29.305	0.00119
29.31	0.0011782
29.315	0.0011672
29.32	0.0011353
29.325	0.0010878
29.33	0.0010851
29.335	0.0011212
29.34	0.0011295
29.345	0.0010832
29.35	0.0010239
29.355	0.0010048
29.36	0.0010149
29.365	0.0010347
29.37	0.0010481
29.375	0.0010351
29.38	0.0010083
29.385	0.00099019
29.39	0.00098295
29.395	0.0009763
29.4	0.00096471
29.405	0.00094964
29.41	0.00093384
29.415	0.00091912
29.42	0.00091583
29.425	0.00092322
29.43	0.0009093
29.435	0.00086995
29.44	0.00084114
29.445	0.00083512
29.45	0.00083549
29.455	0.00082166
29.46	0.00078647
29.465	0.00074603
29.47	0.00071555
29.475	0.00070065
29.48	0.00069484
29.485	0.00067925
29.49	0.00065711
29.495	0.00064796
29.5	0.00064621
29.505	0.00063888
29.51	0.00063211
29.515	0.00062702
29.52	0.00061901
29.525	0.00061375
29.53	0.000614
29.535	0.00061468
29.54	0.00061257
29.545	0.00060884
29.55	0.00060562
29.555	0.00060299
29.56	0.00059969
29.565	0.00059749
29.57	0.00060007
29.575	0.00060584
29.58	0.00060994
29.585	0.00060905
29.59	0.00060186
29.595	0.00059169
29.6	0.00058453
29.605	0.00058291
29.61	0.00058187
29.615	0.0005744
29.62	0.00056269
29.625	0.00055455
29.63	0.00055001
29.635	0.00054245
29.64	0.0005303
29.645	0.00051773
29.65	0.00050704
29.655	0.00049815
29.66	0.00049063
29.665	0.00048221
29.67	0.00047167
29.675	0.00046078
29.68	0.00045146
29.685	0.00044426
29.69	0.00043666
29.695	0.00042585
29.7	0.00041339
29.705	0.00040264
29.71	0.00039473
29.715	0.0003878
29.72	0.00037935
29.725	0.00036949
29.73	0.00036049
29.735	0.00035311
29.74	0.00034601
29.745	0.00033884
29.75	0.00033173
29.755	0.00032438
29.76	0.00031725
29.765	0.0003104
29.77	0.0003034
29.775	0.00029652
29.78	0.00028997
29.785	0.00028336
29.79	0.00027648
29.795	0.00026966
29.8	0.00026307
29.805	0.00025666
29.81	0.00025042
29.815	0.00024429
29.82	0.00023829
29.825	0.00023249
29.83	0.00022689
29.835	0.00022142
29.84	0.00021609
29.845	0.0002109
29.85	0.00020588
29.855	0.00020106
29.86	0.00019641
29.865	0.00019189
29.87	0.00018755
29.875	0.00018343
29.88	0.00017953
29.885	0.00017579
29.89	0.00017222
29.895	0.00016885
29.9	0.00016569
29.905	0.00016273
29.91	0.00015996
29.915	0.00015739
29.92	0.00015501
29.925	0.00015284
29.93	0.00015085
29.935	0.00014906
29.94	0.00014746
29.945	0.00014605
29.95	0.00014483
