0	0.0005132
0.01	0.00087603
0.02	0.0015075
0.03	0.00165
0.04	0.0016156
0.05	0.0016622
0.06	0.001712
0.07	0.0017613
0.08	0.0018039
0.09	0.001822
0.1	0.0018032
0.11	0.0017475
0.12	0.001665
0.13	0.0015506
0.14	0.00139
0.15	0.0011846
0.16	0.00094863
0.17	0.00070268
0.18	0.00048066
0.19	0.00031727
0.2	0.00022516
0.21	0.00018994
0.22	0.00018905
0.23	0.00017641
0.24	0.00011576
0.25	-2.7441e-06
0.26	-0.00017666
0.27	-0.00035731
0.28	-0.00048517
0.29	-0.00054721
0.3	-0.00051033
0.31	-0.00031842
0.32	3.0902e-06
0.33	0.00035448
0.34	0.00065304
0.35	0.00084066
0.36	0.0008516
0.37	0.00068168
0.38	0.00044542
0.39	0.00024581
0.4	0.00011495
0.41	0.00010472
0.42	0.00026871
0.43	0.00057408
0.44	0.00098953
0.45	0.0015268
0.46	0.0021219
0.47	0.0026011
0.48	0.0028003
0.49	0.002666
0.5	0.0022584
0.51	0.0016696
0.52	0.00098709
0.53	0.00034512
0.54	-0.00017647
0.55	-0.00043098
0.56	-5.5759e-05
0.57	0.0010279
0.58	0.002217
0.59	0.0028548
0.6	0.0028686
0.61	0.00235
0.62	0.0012833
0.63	-0.00011055
0.64	-0.0013748
0.65	-0.0022044
0.66	-0.0025869
0.67	-0.0025926
0.68	-0.0024106
0.69	-0.0022972
0.7	-0.0022076
0.71	-0.0019884
0.72	-0.0017273
0.73	-0.0017156
0.74	-0.0021158
0.75	-0.0027444
0.76	-0.0034275
0.77	-0.0040525
0.78	-0.004161
0.79	-0.0035598
0.8	-0.0029002
0.81	-0.0026562
0.82	-0.0027488
0.83	-0.0031016
0.84	-0.0034572
0.85	-0.0035054
0.86	-0.0033588
0.87	-0.003112
0.88	-0.0025461
0.89	-0.0015873
0.9	-0.00039018
0.91	0.00061003
0.92	0.00097614
0.93	0.0007379
0.94	-0.00012449
0.95	-0.0017481
0.96	-0.0038923
0.97	-0.006197
0.98	-0.0081142
0.99	-0.0086579
1	-0.0072773
1.01	-0.0046464
1.02	-0.0020266
1.03	-0.00012485
1.04	0.0011486
1.05	0.0019508
1.06	0.001993
1.07	0.0011955
1.08	2.6364e-06
1.09	-0.0015522
1.1	-0.0035593
1.11	-0.0054809
1.12	-0.0068773
1.13	-0.0072822
1.14	-0.0063801
1.15	-0.0048447
1.16	-0.0029111
1.17	-0.00012267
1.18	0.0030236
1.19	0.0053323
1.2	0.0062818
1.21	0.0062667
1.22	0.0056076
1.23	0.0042915
1.24	0.0027264
1.25	0.0012779
1.26	-1.7848e-05
1.27	-0.00070913
1.28	-0.00065421
1.29	-0.00039433
1.3	-0.00029222
1.31	-7.5598e-05
1.32	0.00089613
1.33	0.0023058
1.34	0.0035197
1.35	0.0047277
1.36	0.0051169
1.37	0.0039567
1.38	0.0027621
1.39	0.0029041
1.4	0.0041171
1.41	0.0055503
1.42	0.0066625
1.43	0.0075535
1.44	0.0078417
1.45	0.0067657
1.46	0.0046207
1.47	0.0017585
1.48	-0.0011703
1.49	-0.0028009
1.5	-0.0029344
1.51	-0.0020659
1.52	-0.00025032
1.53	0.0030064
1.54	0.0077062
1.55	0.011801
1.56	0.013085
1.57	0.011305
1.58	0.0067336
1.59	-0.00021219
1.6	-0.0079846
1.61	-0.014705
1.62	-0.018794
1.63	-0.019218
1.64	-0.015791
1.65	-0.009234
1.66	-0.0017747
1.67	0.0040835
1.68	0.007685
1.69	0.00901
1.7	0.0076338
1.71	0.0044889
1.72	0.0012829
1.73	-0.0014785
1.74	-0.0038482
1.75	-0.0048099
1.76	-0.0033062
1.77	-0.00034891
1.78	0.0022933
1.79	0.0036337
1.8	0.0029611
1.81	-0.00032204
1.82	-0.0057311
1.83	-0.012059
1.84	-0.018486
1.85	-0.024119
1.86	-0.027281
1.87	-0.026877
1.88	-0.024158
1.89	-0.020554
1.9	-0.016572
1.91	-0.013119
1.92	-0.010314
1.93	-0.0065122
1.94	0.00011063
1.95	0.0090841
1.96	0.017652
1.97	0.023075
1.98	0.024472
1.99	0.022794
2	0.018095
2.01	0.009827
2.02	-0.00059523
2.03	-0.010667
2.04	-0.017657
2.05	-0.018647
2.06	-0.011812
2.07	0.00087233
2.08	0.013262
2.09	0.0208
2.1	0.024522
2.11	0.026909
2.12	0.027134
2.13	0.023475
2.14	0.01643
2.15	0.0069786
2.16	-0.0042736
2.17	-0.016171
2.18	-0.027886
2.19	-0.038415
2.2	-0.045552
2.21	-0.047599
2.22	-0.043935
2.23	-0.035436
2.24	-0.024348
2.25	-0.013024
2.26	-0.0037139
2.27	0.0027093
2.28	0.0078751
2.29	0.014516
2.3	0.024134
2.31	0.035058
2.32	0.042913
2.33	0.04497
2.34	0.043194
2.35	0.041088
2.36	0.040164
2.37	0.040384
2.38	0.040208
2.39	0.037153
2.4	0.029754
2.41	0.018426
2.42	0.005106
2.43	-0.0081524
2.44	-0.019311
2.45	-0.026615
2.46	-0.029607
2.47	-0.028427
2.48	-0.023794
2.49	-0.015707
2.5	-0.0018656
2.51	0.016753
2.52	0.032445
2.53	0.038454
2.54	0.032789
2.55	0.015433
2.56	-0.0086581
2.57	-0.02882
2.58	-0.03806
2.59	-0.037983
2.6	-0.03106
2.61	-0.0161
2.62	0.0058578
2.63	0.027058
2.64	0.037973
2.65	0.036261
2.66	0.025661
2.67	0.0092571
2.68	-0.0099558
2.69	-0.028007
2.7	-0.041816
2.71	-0.049804
2.72	-0.051982
2.73	-0.048896
2.74	-0.041421
2.75	-0.031543
2.76	-0.021751
2.77	-0.012916
2.78	-0.004385
2.79	0.0041012
2.8	0.011727
2.81	0.016473
2.82	0.016164
2.83	0.0080254
2.84	-0.008479
2.85	-0.026949
2.86	-0.038685
2.87	-0.040016
2.88	-0.03154
2.89	-0.014678
2.9	0.0069076
2.91	0.026116
2.92	0.03736
2.93	0.041699
2.94	0.043216
2.95	0.042886
2.96	0.039651
2.97	0.032837
2.98	0.021832
2.99	0.0078019
3	-0.0050889
3.01	-0.013733
3.02	-0.018026
3.03	-0.018735
3.04	-0.01777
3.05	-0.01633
3.06	-0.013606
3.07	-0.0094108
3.08	-0.004739
3.09	-0.0019041
3.1	-0.003303
3.11	-0.0081624
3.12	-0.012579
3.13	-0.013851
3.14	-0.012241
3.15	-0.0088036
3.16	-0.004501
3.17	0.00075998
3.18	0.0083211
3.19	0.018934
3.2	0.030876
3.21	0.040233
3.22	0.043686
3.23	0.040367
3.24	0.0314
3.25	0.018379
3.26	0.0026575
3.27	-0.012779
3.28	-0.02293
3.29	-0.026401
3.3	-0.025963
3.31	-0.023635
3.32	-0.021121
3.33	-0.019167
3.34	-0.014362
3.35	-0.0031439
3.36	0.01252
3.37	0.028511
3.38	0.042941
3.39	0.054739
3.4	0.062568
3.41	0.064178
3.42	0.056058
3.43	0.037006
3.44	0.011612
3.45	-0.011268
3.46	-0.024964
3.47	-0.029814
3.48	-0.029838
3.49	-0.026131
3.5	-0.0166
3.51	-0.0011103
3.52	0.01757
3.53	0.036227
3.54	0.051458
3.55	0.060699
3.56	0.064427
3.57	0.063931
3.58	0.058656
3.59	0.049019
3.6	0.036952
3.61	0.023766
3.62	0.010338
3.63	-0.0031662
3.64	-0.015569
3.65	-0.024101
3.66	-0.029161
3.67	-0.033803
3.68	-0.038613
3.69	-0.042959
3.7	-0.045477
3.71	-0.043795
3.72	-0.038817
3.73	-0.033385
3.74	-0.028426
3.75	-0.024083
3.76	-0.020515
3.77	-0.017247
3.78	-0.014729
3.79	-0.014304
3.8	-0.016766
3.81	-0.022627
3.82	-0.030258
3.83	-0.035655
3.84	-0.035671
3.85	-0.027739
3.86	-0.011357
3.87	0.0085388
3.88	0.02454
3.89	0.033402
3.9	0.037485
3.91	0.037932
3.92	0.032573
3.93	0.019266
3.94	-0.0012273
3.95	-0.022491
3.96	-0.036083
3.97	-0.039525
3.98	-0.037374
3.99	-0.032997
4	-0.026053
4.01	-0.015596
4.02	-0.0006656
4.03	0.015032
4.04	0.025413
4.05	0.028797
4.06	0.026707
4.07	0.021398
4.08	0.01359
4.09	0.0037934
4.1	-0.0061756
4.11	-0.014155
4.12	-0.019142
4.13	-0.021768
4.14	-0.020657
4.15	-0.012
4.16	0.0039191
4.17	0.018849
4.18	0.025011
4.19	0.022227
4.2	0.012304
4.21	-0.0033553
4.22	-0.019621
4.23	-0.030297
4.24	-0.034244
4.25	-0.032224
4.26	-0.021295
4.27	-0.00097796
4.28	0.020635
4.29	0.034572
4.3	0.039688
4.31	0.040791
4.32	0.041786
4.33	0.042382
4.34	0.042364
4.35	0.043112
4.36	0.04288
4.37	0.039076
4.38	0.030933
4.39	0.016802
4.4	-0.0024337
4.41	-0.020042
4.42	-0.029411
4.43	-0.02941
4.44	-0.023273
4.45	-0.015125
4.46	-0.008989
4.47	-0.0072742
4.48	-0.0088482
4.49	-0.011773
4.5	-0.014285
4.51	-0.014977
4.52	-0.013197
4.53	-0.0096119
4.54	-0.0083294
4.55	-0.010457
4.56	-0.011118
4.57	-0.0089907
4.58	-0.0082539
4.59	-0.010415
4.6	-0.012284
4.61	-0.01208
4.62	-0.011325
4.63	-0.010874
4.64	-0.010358
4.65	-0.010234
4.66	-0.010751
4.67	-0.0098774
4.68	-0.0047444
4.69	0.0058733
4.7	0.020327
4.71	0.032952
4.72	0.038215
4.73	0.035271
4.74	0.025376
4.75	0.0096252
4.76	-0.0093812
4.77	-0.027276
4.78	-0.039998
4.79	-0.04625
4.8	-0.047335
4.81	-0.043369
4.82	-0.033169
4.83	-0.018066
4.84	-0.0033654
4.85	0.0058204
4.86	0.0099758
4.87	0.011296
4.88	0.0095016
4.89	0.0053205
4.9	0.00098277
4.91	-0.001637
4.92	-0.0021461
4.93	-0.00086782
4.94	0.0034888
4.95	0.011486
4.96	0.019774
4.97	0.023528
4.98	0.020047
4.99	0.0077275
5	-0.013754
5.01	-0.039398
5.02	-0.060479
5.03	-0.071346
5.04	-0.072531
5.05	-0.06819
5.06	-0.060583
5.07	-0.050733
5.08	-0.042042
5.09	-0.037316
5.1	-0.036543
5.11	-0.037902
5.12	-0.039885
5.13	-0.043667
5.14	-0.049956
5.15	-0.055231
5.16	-0.05646
5.17	-0.05448
5.18	-0.050682
5.19	-0.045897
5.2	-0.039185
5.21	-0.028671
5.22	-0.015239
5.23	-0.001967
5.24	0.0084277
5.25	0.015616
5.26	0.020198
5.27	0.021963
5.28	0.020853
5.29	0.017893
5.3	0.014729
5.31	0.011115
5.32	0.0047594
5.33	-0.0044312
5.34	-0.012064
5.35	-0.014696
5.36	-0.012509
5.37	-0.0055459
5.38	0.0050261
5.39	0.015298
5.4	0.021885
5.41	0.024071
5.42	0.023912
5.43	0.023164
5.44	0.021109
5.45	0.018065
5.46	0.015097
5.47	0.011072
5.48	0.0066394
5.49	0.0047406
5.5	0.0056054
5.51	0.0083149
5.52	0.011837
5.53	0.013873
5.54	0.014068
5.55	0.013926
5.56	0.013256
5.57	0.010311
5.58	0.0041081
5.59	-0.0040785
5.6	-0.013218
5.61	-0.025113
5.62	-0.04022
5.63	-0.055425
5.64	-0.06719
5.65	-0.073452
5.66	-0.074357
5.67	-0.071436
5.68	-0.06557
5.69	-0.057919
5.7	-0.049753
5.71	-0.039597
5.72	-0.025753
5.73	-0.0095171
5.74	0.0081236
5.75	0.028446
5.76	0.051527
5.77	0.075461
5.78	0.098671
5.79	0.11928
5.8	0.1346
5.81	0.14298
5.82	0.14394
5.83	0.13834
5.84	0.13006
5.85	0.12384
5.86	0.12132
5.87	0.12207
5.88	0.12468
5.89	0.12696
5.9	0.12895
5.91	0.13223
5.92	0.13817
5.93	0.14854
5.94	0.16287
5.95	0.17846
5.96	0.1943
5.97	0.21013
5.98	0.2238
5.99	0.23288
6	0.23643
6.01	0.23409
6.02	0.22602
6.03	0.21506
6.04	0.20432
6.05	0.19521
6.06	0.19056
6.07	0.19175
6.08	0.19686
6.09	0.20291
6.1	0.20454
6.11	0.19769
6.12	0.18152
6.13	0.15513
6.14	0.12036
6.15	0.080894
6.16	0.038928
6.17	-0.0022377
6.18	-0.041467
6.19	-0.080359
6.2	-0.11705
6.21	-0.14938
6.22	-0.17848
6.23	-0.20483
6.24	-0.22591
6.25	-0.23856
6.26	-0.24201
6.27	-0.2377
6.28	-0.22857
6.29	-0.21821
6.3	-0.20872
6.31	-0.20076
6.32	-0.19496
6.33	-0.19272
6.34	-0.19574
6.35	-0.20408
6.36	-0.21656
6.37	-0.23063
6.38	-0.2419
6.39	-0.24823
6.4	-0.2504
6.41	-0.24829
6.42	-0.24151
6.43	-0.23175
6.44	-0.2201
6.45	-0.20564
6.46	-0.1875
6.47	-0.16583
6.48	-0.14109
6.49	-0.11306
6.5	-0.082268
6.51	-0.05199
6.52	-0.026001
6.53	-0.0059501
6.54	0.0072066
6.55	0.012571
6.56	0.011985
6.57	0.0095842
6.58	0.0075916
6.59	0.0060244
6.6	0.0043741
6.61	0.001672
6.62	-0.0029238
6.63	-0.010912
6.64	-0.023553
6.65	-0.038265
6.66	-0.048814
6.67	-0.048869
6.68	-0.036537
6.69	-0.014953
6.7	0.012224
6.71	0.041961
6.72	0.069912
6.73	0.092058
6.74	0.10794
6.75	0.11897
6.76	0.12499
6.77	0.12492
6.78	0.11783
6.79	0.10211
6.8	0.077266
6.81	0.047026
6.82	0.018138
6.83	-0.0027612
6.84	-0.012102
6.85	-0.010397
6.86	-0.00071578
6.87	0.013476
6.88	0.030111
6.89	0.047974
6.9	0.066021
6.91	0.082414
6.92	0.093699
6.93	0.097227
6.94	0.093245
6.95	0.083171
6.96	0.067069
6.97	0.044757
6.98	0.01909
6.99	-0.0057706
7	-0.026717
7.01	-0.040396
7.02	-0.045204
7.03	-0.042202
7.04	-0.034641
7.05	-0.027265
7.06	-0.022217
7.07	-0.019453
7.08	-0.020001
7.09	-0.024173
7.1	-0.029294
7.11	-0.031623
7.12	-0.030679
7.13	-0.029128
7.14	-0.02881
7.15	-0.031949
7.16	-0.042443
7.17	-0.063089
7.18	-0.093693
7.19	-0.13048
7.2	-0.1682
7.21	-0.20242
7.22	-0.22932
7.23	-0.2464
7.24	-0.25258
7.25	-0.24838
7.26	-0.23665
7.27	-0.2194
7.28	-0.19698
7.29	-0.17151
7.3	-0.1474
7.31	-0.12783
7.32	-0.11162
7.33	-0.096306
7.34	-0.082197
7.35	-0.070897
7.36	-0.063381
7.37	-0.06029
7.38	-0.060459
7.39	-0.061355
7.4	-0.062112
7.41	-0.062039
7.42	-0.059392
7.43	-0.053809
7.44	-0.044752
7.45	-0.029585
7.46	-0.0071798
7.47	0.019397
7.48	0.04589
7.49	0.069163
7.5	0.08621
7.51	0.093952
7.52	0.090042
7.53	0.074451
7.54	0.048408
7.55	0.016646
7.56	-0.011214
7.57	-0.029829
7.58	-0.039875
7.59	-0.041836
7.6	-0.03544
7.61	-0.020671
7.62	0.0016809
7.63	0.029783
7.64	0.061643
7.65	0.094025
7.66	0.12342
7.67	0.14938
7.68	0.17179
7.69	0.18816
7.7	0.19898
7.71	0.20889
7.72	0.22032
7.73	0.23108
7.74	0.23774
7.75	0.24016
7.76	0.24141
7.77	0.24429
7.78	0.24957
7.79	0.25673
7.8	0.26457
7.81	0.26984
7.82	0.27005
7.83	0.26637
7.84	0.26073
7.85	0.25316
7.86	0.24212
7.87	0.22747
7.88	0.21015
7.89	0.19113
7.9	0.17342
7.91	0.1595
7.92	0.14968
7.93	0.1438
7.94	0.14015
7.95	0.13513
7.96	0.1271
7.97	0.11609
7.98	0.10183
7.99	0.085822
8	0.067799
8.01	0.046328
8.02	0.022759
8.03	-0.001165
8.04	-0.024346
8.05	-0.045479
8.06	-0.062523
8.07	-0.073984
8.08	-0.080492
8.09	-0.083524
8.1	-0.082412
8.11	-0.075508
8.12	-0.063514
8.13	-0.046724
8.14	-0.024926
8.15	-0.0022262
8.16	0.014886
8.17	0.024191
8.18	0.027007
8.19	0.024208
8.2	0.019691
8.21	0.019389
8.22	0.024624
8.23	0.033815
8.24	0.044692
8.25	0.052565
8.26	0.053669
8.27	0.045088
8.28	0.023085
8.29	-0.011021
8.3	-0.049584
8.31	-0.085213
8.32	-0.11447
8.33	-0.13481
8.34	-0.1443
8.35	-0.14581
8.36	-0.14494
8.37	-0.14597
8.38	-0.15293
8.39	-0.16838
8.4	-0.19039
8.41	-0.2151
8.42	-0.24056
8.43	-0.26655
8.44	-0.29269
8.45	-0.31877
8.46	-0.34565
8.47	-0.37251
8.48	-0.39393
8.49	-0.40461
8.5	-0.40343
8.51	-0.39093
8.52	-0.36774
8.53	-0.33559
8.54	-0.29903
8.55	-0.26244
8.56	-0.22516
8.57	-0.1844
8.58	-0.14023
8.59	-0.092131
8.6	-0.036761
8.61	0.026029
8.62	0.089953
8.63	0.14596
8.64	0.18819
8.65	0.21591
8.66	0.23183
8.67	0.24083
8.68	0.24618
8.69	0.24815
8.7	0.24765
8.71	0.24653
8.72	0.24375
8.73	0.23643
8.74	0.22388
8.75	0.20698
8.76	0.1861
8.77	0.16294
8.78	0.14119
8.79	0.12272
8.8	0.1063
8.81	0.090329
8.82	0.074415
8.83	0.058682
8.84	0.044155
8.85	0.03187
8.86	0.021793
8.87	0.014179
8.88	0.010513
8.89	0.012914
8.9	0.020895
8.91	0.031868
8.92	0.045633
8.93	0.063762
8.94	0.086514
8.95	0.11248
8.96	0.14089
8.97	0.17214
8.98	0.20493
8.99	0.23556
9	0.26052
9.01	0.27629
9.02	0.27883
9.03	0.2671
9.04	0.243
9.05	0.20955
9.06	0.1709
9.07	0.13146
9.08	0.094424
9.09	0.061338
9.1	0.033693
9.11	0.01214
9.12	-0.0056289
9.13	-0.022706
9.14	-0.040556
9.15	-0.058759
9.16	-0.076761
9.17	-0.09532
9.18	-0.11533
9.19	-0.13686
9.2	-0.15739
9.21	-0.173
9.22	-0.18198
9.23	-0.18567
9.24	-0.18718
9.25	-0.1896
9.26	-0.19585
9.27	-0.20848
9.28	-0.22667
9.29	-0.24683
9.3	-0.26631
9.31	-0.2834
9.32	-0.2966
9.33	-0.3054
9.34	-0.30869
9.35	-0.30527
9.36	-0.29593
9.37	-0.28354
9.38	-0.27096
9.39	-0.26105
9.4	-0.25652
9.41	-0.25603
9.42	-0.25395
9.43	-0.24274
9.44	-0.21547
9.45	-0.16803
9.46	-0.1026
9.47	-0.03231
9.48	0.024536
9.49	0.057422
9.5	0.068132
9.51	0.065209
9.52	0.056794
9.53	0.048091
9.54	0.041978
9.55	0.039157
9.56	0.04053
9.57	0.048556
9.58	0.065228
9.59	0.08989
9.6	0.1182
9.61	0.14637
9.62	0.17332
9.63	0.19678
9.64	0.2134
9.65	0.22194
9.66	0.22386
9.67	0.22184
9.68	0.21692
9.69	0.20847
9.7	0.19675
9.71	0.18274
9.72	0.16753
9.73	0.15234
9.74	0.13764
9.75	0.12296
9.76	0.10894
9.77	0.09685
9.78	0.085843
9.79	0.075012
9.8	0.065013
9.81	0.055971
9.82	0.047302
9.83	0.038742
9.84	0.03112
9.85	0.026916
9.86	0.026862
9.87	0.028258
9.88	0.029573
9.89	0.030372
9.9	0.029701
9.91	0.027161
9.92	0.02249
9.93	0.016511
9.94	0.011461
9.95	0.0089531
9.96	0.0081671
9.97	0.0077109
9.98	0.0083964
9.99	0.01166
10	0.016304
10.01	0.019132
10.02	0.018247
10.03	0.013875
10.04	0.0075198
10.05	0.0012412
10.06	-0.0023479
10.07	-0.0010177
10.08	0.0043444
10.09	0.010996
10.1	0.017417
10.11	0.023296
10.12	0.02909
10.13	0.035841
10.14	0.044891
10.15	0.056047
10.16	0.06695
10.17	0.076286
10.18	0.083507
10.19	0.087297
10.2	0.087715
10.21	0.08557
10.22	0.079834
10.23	0.068257
10.24	0.049814
10.25	0.024822
10.26	-0.0059878
10.27	-0.040549
10.28	-0.075476
10.29	-0.10667
10.3	-0.12931
10.31	-0.14056
10.32	-0.14315
10.33	-0.14303
10.34	-0.14483
10.35	-0.15008
10.36	-0.15665
10.37	-0.16065
10.38	-0.15964
10.39	-0.1544
10.4	-0.14803
10.41	-0.14342
10.42	-0.1426
10.43	-0.14615
10.44	-0.15356
10.45	-0.16461
10.46	-0.17716
10.47	-0.1862
10.48	-0.18789
10.49	-0.18096
10.5	-0.16416
10.51	-0.13806
10.52	-0.1071
10.53	-0.076507
10.54	-0.050528
10.55	-0.030594
10.56	-0.013963
10.57	0.0025752
10.58	0.020255
10.59	0.039678
10.6	0.061638
10.61	0.085646
10.62	0.10912
10.63	0.12839
10.64	0.14008
10.65	0.14376
10.66	0.14229
10.67	0.13736
10.68	0.12708
10.69	0.10859
10.7	0.081914
10.71	0.051027
10.72	0.020866
10.73	-0.0050694
10.74	-0.023842
10.75	-0.033577
10.76	-0.035647
10.77	-0.033124
10.78	-0.02716
10.79	-0.01789
10.8	-0.0071936
10.81	0.0021417
10.82	0.0093628
10.83	0.015248
10.84	0.018809
10.85	0.018764
10.86	0.016747
10.87	0.015441
10.88	0.015205
10.89	0.015973
10.9	0.018829
10.91	0.022499
10.92	0.023559
10.93	0.020398
10.94	0.013674
10.95	0.003967
10.96	-0.008104
10.97	-0.021033
10.98	-0.032423
10.99	-0.039125
11	-0.039471
11.01	-0.032844
11.02	-0.018687
11.03	0.0019085
11.04	0.02612
11.05	0.049189
11.06	0.06582
11.07	0.072962
11.08	0.069684
11.09	0.056708
11.1	0.036916
11.11	0.014386
11.12	-0.0074009
11.13	-0.026816
11.14	-0.04331
11.15	-0.056264
11.16	-0.065798
11.17	-0.071325
11.18	-0.071768
11.19	-0.068799
11.2	-0.06381
11.21	-0.053905
11.22	-0.035681
11.23	-0.01097
11.24	0.014715
11.25	0.037435
11.26	0.054822
11.27	0.064219
11.28	0.065464
11.29	0.062919
11.3	0.060137
11.31	0.056542
11.32	0.05198
11.33	0.048208
11.34	0.046067
11.35	0.046011
11.36	0.049257
11.37	0.056848
11.38	0.067399
11.39	0.076802
11.4	0.081918
11.41	0.081988
11.42	0.07733
11.43	0.068626
11.44	0.057284
11.45	0.044693
11.46	0.031479
11.47	0.02059
11.48	0.01488
11.49	0.013866
11.5	0.017245
11.51	0.024872
11.52	0.03516
11.53	0.045221
11.54	0.05272
11.55	0.057669
11.56	0.061218
11.57	0.063648
11.58	0.063582
11.59	0.060896
11.6	0.057249
11.61	0.05309
11.62	0.047573
11.63	0.039649
11.64	0.028594
11.65	0.014056
11.66	-0.0025528
11.67	-0.017589
11.68	-0.030312
11.69	-0.043194
11.7	-0.056209
11.71	-0.068106
11.72	-0.078862
11.73	-0.087693
11.74	-0.093486
11.75	-0.096597
11.76	-0.097929
11.77	-0.096816
11.78	-0.091975
11.79	-0.083927
11.8	-0.073564
11.81	-0.061784
11.82	-0.050112
11.83	-0.038796
11.84	-0.027588
11.85	-0.017543
11.86	-0.0096573
11.87	-0.0037998
11.88	-0.00075436
11.89	-0.0011523
11.9	-0.0031189
11.91	-0.0050444
11.92	-0.0062778
11.93	-0.0070451
11.94	-0.0085354
11.95	-0.010166
11.96	-0.010559
11.97	-0.010469
11.98	-0.011736
11.99	-0.013357
12	-0.012059
12.01	-0.0073049
12.02	-0.001182
12.03	0.0052303
12.04	0.012339
12.05	0.020396
12.06	0.028683
12.07	0.035621
12.08	0.039209
12.09	0.038589
12.1	0.034255
12.11	0.026387
12.12	0.015867
12.13	0.0051501
12.14	-0.0026749
12.15	-0.0055188
12.16	-0.0037794
12.17	0.0016158
12.18	0.0083135
12.19	0.0123
12.2	0.012864
12.21	0.011307
12.22	0.0063719
12.23	-0.0041443
12.24	-0.020216
12.25	-0.038807
12.26	-0.055959
12.27	-0.069341
12.28	-0.078483
12.29	-0.084109
12.3	-0.086965
12.31	-0.088668
12.32	-0.090783
12.33	-0.092196
12.34	-0.09091
12.35	-0.0871
12.36	-0.081683
12.37	-0.073505
12.38	-0.060216
12.39	-0.041513
12.4	-0.020353
12.41	0.00055249
12.42	0.021077
12.43	0.040683
12.44	0.055977
12.45	0.063885
12.46	0.064776
12.47	0.061006
12.48	0.054486
12.49	0.046027
12.5	0.036928
12.51	0.029388
12.52	0.023606
12.53	0.018783
12.54	0.015942
12.55	0.016231
12.56	0.020375
12.57	0.027815
12.58	0.036762
12.59	0.047302
12.6	0.059653
12.61	0.071571
12.62	0.080233
12.63	0.084371
12.64	0.084507
12.65	0.082065
12.66	0.079054
12.67	0.077326
12.68	0.077043
12.69	0.077381
12.7	0.078493
12.71	0.080787
12.72	0.084336
12.73	0.08887
12.74	0.092922
12.75	0.095272
12.76	0.095743
12.77	0.094497
12.78	0.091397
12.79	0.085793
12.8	0.077081
12.81	0.064923
12.82	0.049554
12.83	0.031365
12.84	0.01165
12.85	-0.00649
12.86	-0.021537
12.87	-0.03413
12.88	-0.04451
12.89	-0.053897
12.9	-0.063497
12.91	-0.071843
12.92	-0.077961
12.93	-0.082155
12.94	-0.08353
12.95	-0.081386
12.96	-0.076108
12.97	-0.068583
12.98	-0.060053
12.99	-0.051735
13	-0.04467
13.01	-0.039012
13.02	-0.034096
13.03	-0.029817
13.04	-0.02607
13.05	-0.02164
13.06	-0.015616
13.07	-0.0084672
13.08	-0.0011548
13.09	0.0049868
13.1	0.0087982
13.11	0.010068
13.12	0.0079483
13.13	0.0011948
13.14	-0.010526
13.15	-0.027071
13.16	-0.045322
13.17	-0.060321
13.18	-0.071248
13.19	-0.079793
13.2	-0.086197
13.21	-0.090293
13.22	-0.092665
13.23	-0.094984
13.24	-0.098908
13.25	-0.10459
13.26	-0.11149
13.27	-0.11907
13.28	-0.12584
13.29	-0.12927
13.3	-0.12742
13.31	-0.11977
13.32	-0.10764
13.33	-0.094091
13.34	-0.081707
13.35	-0.071122
13.36	-0.06258
13.37	-0.056785
13.38	-0.053286
13.39	-0.051178
13.4	-0.050478
13.41	-0.050498
13.42	-0.049862
13.43	-0.047083
13.44	-0.039353
13.45	-0.025555
13.46	-0.0085603
13.47	0.0091183
13.48	0.027912
13.49	0.047493
13.5	0.065094
13.51	0.079378
13.52	0.090814
13.53	0.097962
13.54	0.099107
13.55	0.096757
13.56	0.095766
13.57	0.097333
13.58	0.098815
13.59	0.09905
13.6	0.098817
13.61	0.097298
13.62	0.09389
13.63	0.089103
13.64	0.083402
13.65	0.078516
13.66	0.075603
13.67	0.074689
13.68	0.074974
13.69	0.07461
13.7	0.073327
13.71	0.072509
13.72	0.072457
13.73	0.071344
13.74	0.067111
13.75	0.059554
13.76	0.050903
13.77	0.043768
13.78	0.037867
13.79	0.031669
13.8	0.025983
13.81	0.021605
13.82	0.018218
13.83	0.017238
13.84	0.01887
13.85	0.020871
13.86	0.022419
13.87	0.022966
13.88	0.020839
13.89	0.016343
13.9	0.011471
13.91	0.0063455
13.92	0.0006652
13.93	-0.0039816
13.94	-0.0055817
13.95	-0.0035414
13.96	0.00098083
13.97	0.0081686
13.98	0.018165
13.99	0.027993
14	0.035987
14.01	0.042067
14.02	0.044526
14.03	0.043271
14.04	0.040347
14.05	0.035692
14.06	0.030299
14.07	0.027874
14.08	0.028059
14.09	0.027324
14.1	0.025369
14.11	0.021954
14.12	0.013465
14.13	-0.0015735
14.14	-0.021792
14.15	-0.046279
14.16	-0.072867
14.17	-0.097547
14.18	-0.11822
14.19	-0.13609
14.2	-0.15053
14.21	-0.15802
14.22	-0.15799
14.23	-0.15258
14.24	-0.14243
14.25	-0.12775
14.26	-0.11064
14.27	-0.0945
14.28	-0.081899
14.29	-0.074023
14.3	-0.071169
14.31	-0.071738
14.32	-0.073753
14.33	-0.076588
14.34	-0.079977
14.35	-0.082399
14.36	-0.082011
14.37	-0.078666
14.38	-0.072217
14.39	-0.062948
14.4	-0.052723
14.41	-0.04342
14.42	-0.035843
14.43	-0.02854
14.44	-0.019478
14.45	-0.0078548
14.46	0.0071601
14.47	0.025302
14.48	0.043852
14.49	0.059161
14.5	0.069381
14.51	0.075145
14.52	0.07762
14.53	0.077924
14.54	0.075053
14.55	0.067937
14.56	0.059657
14.57	0.052367
14.58	0.046339
14.59	0.041987
14.6	0.038519
14.61	0.036289
14.62	0.036404
14.63	0.03824
14.64	0.039776
14.65	0.040547
14.66	0.041533
14.67	0.042157
14.68	0.040736
14.69	0.036323
14.7	0.03159
14.71	0.030727
14.72	0.034134
14.73	0.040067
14.74	0.047059
14.75	0.053663
14.76	0.059636
14.77	0.064595
14.78	0.066985
14.79	0.066657
14.8	0.064594
14.81	0.060779
14.82	0.054475
14.83	0.047073
14.84	0.040629
14.85	0.036147
14.86	0.035291
14.87	0.037817
14.88	0.042332
14.89	0.04848
14.9	0.054581
14.91	0.058116
14.92	0.058332
14.93	0.056055
14.94	0.052268
14.95	0.048434
14.96	0.046042
14.97	0.044612
14.98	0.042802
14.99	0.040799
15	0.038375
15.01	0.034139
15.02	0.028461
15.03	0.022834
15.04	0.016908
15.05	0.01055
15.06	0.0061819
15.07	0.0047393
15.08	0.0040246
15.09	0.0022983
15.1	0.00047251
15.11	0.00052717
15.12	0.0036921
15.13	0.009738
15.14	0.015711
15.15	0.018606
15.16	0.018429
15.17	0.0168
15.18	0.012801
15.19	0.0037117
15.2	-0.0081988
15.21	-0.018733
15.22	-0.027292
15.23	-0.034677
15.24	-0.0423
15.25	-0.051398
15.26	-0.060904
15.27	-0.068529
15.28	-0.073835
15.29	-0.078922
15.3	-0.086167
15.31	-0.095996
15.32	-0.10574
15.33	-0.11293
15.34	-0.11802
15.35	-0.12097
15.36	-0.1216
15.37	-0.1219
15.38	-0.12225
15.39	-0.12026
15.4	-0.11459
15.41	-0.10534
15.42	-0.093814
15.43	-0.082222
15.44	-0.072324
15.45	-0.06561
15.46	-0.063215
15.47	-0.064777
15.48	-0.069061
15.49	-0.075035
15.5	-0.080683
15.51	-0.084372
15.52	-0.086001
15.53	-0.085179
15.54	-0.080386
15.55	-0.071017
15.56	-0.059041
15.57	-0.047395
15.58	-0.037856
15.59	-0.030131
15.6	-0.023131
15.61	-0.016745
15.62	-0.011055
15.63	-0.0054672
15.64	-0.00015533
15.65	0.003755
15.66	0.0070238
15.67	0.011707
15.68	0.017303
15.69	0.022826
15.7	0.030208
15.71	0.041338
15.72	0.054685
15.73	0.067287
15.74	0.078311
15.75	0.088782
15.76	0.098295
15.77	0.10408
15.78	0.10534
15.79	0.10466
15.8	0.10409
15.81	0.10403
15.82	0.10449
15.83	0.1053
15.84	0.10615
15.85	0.10575
15.86	0.10209
15.87	0.094522
15.88	0.08436
15.89	0.072623
15.9	0.059483
15.91	0.047298
15.92	0.039143
15.93	0.034066
15.94	0.029748
15.95	0.026585
15.96	0.024433
15.97	0.021654
15.98	0.018501
15.99	0.016129
16	0.014373
16.01	0.012788
16.02	0.011744
16.03	0.011313
16.04	0.0094457
16.05	0.0045894
16.06	-0.00083992
16.07	-0.0048222
16.08	-0.009641
16.09	-0.016398
16.1	-0.022485
16.11	-0.027048
16.12	-0.031603
16.13	-0.036114
16.14	-0.039733
16.15	-0.043075
16.16	-0.046181
16.17	-0.047316
16.18	-0.046244
16.19	-0.045818
16.2	-0.047557
16.21	-0.050442
16.22	-0.054334
16.23	-0.058793
16.24	-0.062022
16.25	-0.062828
16.26	-0.06097
16.27	-0.056883
16.28	-0.05138
16.29	-0.044947
16.3	-0.038823
16.31	-0.033497
16.32	-0.027926
16.33	-0.023352
16.34	-0.021071
16.35	-0.018445
16.36	-0.013949
16.37	-0.010392
16.38	-0.0091662
16.39	-0.0085565
16.4	-0.0074249
16.41	-0.0060595
16.42	-0.0049744
16.43	-0.0040612
16.44	-0.0019174
16.45	0.0019162
16.46	0.0059473
16.47	0.0094864
16.48	0.012477
16.49	0.015255
16.5	0.018562
16.51	0.022251
16.52	0.025654
16.53	0.028703
16.54	0.031551
16.55	0.034302
16.56	0.038392
16.57	0.04466
16.58	0.05078
16.59	0.055444
16.6	0.059894
16.61	0.064709
16.62	0.068826
16.63	0.070414
16.64	0.069921
16.65	0.069414
16.66	0.069758
16.67	0.070854
16.68	0.071854
16.69	0.071791
16.7	0.070627
16.71	0.068848
16.72	0.066287
16.73	0.062954
16.74	0.059257
16.75	0.054427
16.76	0.047722
16.77	0.041079
16.78	0.036622
16.79	0.033149
16.8	0.029657
16.81	0.02695
16.82	0.025074
16.83	0.023783
16.84	0.023244
16.85	0.023385
16.86	0.02361
16.87	0.02361
16.88	0.022842
16.89	0.019604
16.9	0.01411
16.91	0.0084662
16.92	0.0025595
16.93	-0.0047433
16.94	-0.012523
16.95	-0.018321
16.96	-0.021586
16.97	-0.025178
16.98	-0.031081
16.99	-0.038718
17	-0.046283
17.01	-0.051627
17.02	-0.05441
17.03	-0.055182
17.04	-0.054241
17.05	-0.051636
17.06	-0.046971
17.07	-0.041568
17.08	-0.037335
17.09	-0.034914
17.1	-0.035218
17.11	-0.038592
17.12	-0.044006
17.13	-0.049962
17.14	-0.055439
17.15	-0.060773
17.16	-0.065046
17.17	-0.064645
17.18	-0.059515
17.19	-0.053961
17.2	-0.049084
17.21	-0.043416
17.22	-0.036587
17.23	-0.030005
17.24	-0.025614
17.25	-0.022455
17.26	-0.019276
17.27	-0.016011
17.28	-0.012573
17.29	-0.010209
17.3	-0.0088046
17.31	-0.0068262
17.32	-0.0048552
17.33	-0.0041297
17.34	-0.004323
17.35	-0.0040455
17.36	-0.0020097
17.37	0.0011093
17.38	0.0035416
17.39	0.0046517
17.4	0.0043206
17.41	0.0027166
17.42	-0.00044883
17.43	-0.0052886
17.44	-0.010555
17.45	-0.015464
17.46	-0.019681
17.47	-0.021914
17.48	-0.020841
17.49	-0.017585
17.5	-0.014346
17.51	-0.011066
17.52	-0.0065525
17.53	-0.001343
17.54	0.0020853
17.55	0.0027479
17.56	0.0021119
17.57	0.0012015
17.58	0.0007883
17.59	0.0011591
17.6	0.0010004
17.61	0.00031274
17.62	0.00020947
17.63	-0.00010602
17.64	-0.0015141
17.65	-0.0032315
17.66	-0.0049092
17.67	-0.0066798
17.68	-0.0088832
17.69	-0.012512
17.7	-0.016458
17.71	-0.018697
17.72	-0.020078
17.73	-0.022225
17.74	-0.025105
17.75	-0.027842
17.76	-0.028985
17.77	-0.027951
17.78	-0.025411
17.79	-0.02152
17.8	-0.016893
17.81	-0.012756
17.82	-0.0089101
17.83	-0.0043289
17.84	0.0014465
17.85	0.0078546
17.86	0.013958
17.87	0.019907
17.88	0.025181
17.89	0.027545
17.9	0.026683
17.91	0.024519
17.92	0.021593
17.93	0.017257
17.94	0.012801
17.95	0.0097134
17.96	0.0069484
17.97	0.0045886
17.98	0.0040942
17.99	0.0043716
18	0.0033658
18.01	0.0016266
18.02	0.00046024
18.03	-0.00046195
18.04	-0.001971
18.05	-0.0040091
18.06	-0.0043085
18.07	-0.0014306
18.08	0.0019115
18.09	0.0037442
18.1	0.006177
18.11	0.010015
18.12	0.013252
18.13	0.015028
18.14	0.016215
18.15	0.017089
18.16	0.016896
18.17	0.016606
18.18	0.017081
18.19	0.016867
18.2	0.014931
18.21	0.01156
18.22	0.0085245
18.23	0.00781
18.24	0.0088445
18.25	0.010473
18.26	0.013455
18.27	0.017748
18.28	0.021733
18.29	0.025504
18.3	0.029697
18.31	0.033061
18.32	0.03512
18.33	0.036977
18.34	0.038504
18.35	0.038257
18.36	0.036443
18.37	0.035393
18.38	0.035857
18.39	0.036041
18.4	0.03496
18.41	0.034226
18.42	0.035327
18.43	0.037115
18.44	0.03847
18.45	0.039478
18.46	0.039617
18.47	0.038807
18.48	0.037736
18.49	0.036442
18.5	0.034332
18.51	0.030298
18.52	0.024201
18.53	0.018014
18.54	0.01245
18.55	0.0061262
18.56	-0.0011754
18.57	-0.0081146
18.58	-0.014174
18.59	-0.020797
18.6	-0.028488
18.61	-0.035792
18.62	-0.042033
18.63	-0.046896
18.64	-0.049793
18.65	-0.050845
18.66	-0.049573
18.67	-0.044936
18.68	-0.037948
18.69	-0.030562
18.7	-0.023087
18.71	-0.014112
18.72	-0.0021131
18.73	0.010768
18.74	0.021105
18.75	0.028921
18.76	0.034487
18.77	0.037499
18.78	0.039215
18.79	0.040403
18.8	0.041369
18.81	0.042224
18.82	0.042428
18.83	0.043446
18.84	0.04609
18.85	0.047933
18.86	0.048043
18.87	0.047015
18.88	0.044144
18.89	0.040174
18.9	0.0366
18.91	0.032498
18.92	0.02786
18.93	0.023984
18.94	0.020021
18.95	0.015721
18.96	0.011878
18.97	0.0083974
18.98	0.0054434
18.99	0.0020649
19	-0.0034817
19.01	-0.010546
19.02	-0.01732
19.03	-0.023535
19.04	-0.029288
19.05	-0.033815
19.06	-0.035467
19.07	-0.033417
19.08	-0.029918
19.09	-0.027584
19.1	-0.026483
19.11	-0.02595
19.12	-0.026471
19.13	-0.028485
19.14	-0.030362
19.15	-0.031251
19.16	-0.032473
19.17	-0.033639
19.18	-0.034031
19.19	-0.034656
19.2	-0.036081
19.21	-0.037744
19.22	-0.039223
19.23	-0.040799
19.24	-0.041888
19.25	-0.041601
19.26	-0.039747
19.27	-0.03611
19.28	-0.031465
19.29	-0.027172
19.3	-0.022831
19.31	-0.016826
19.32	-0.0096816
19.33	-0.0041604
19.34	-0.0017638
19.35	-0.0016703
19.36	-0.0028506
19.37	-0.0053599
19.38	-0.0087659
19.39	-0.012103
19.4	-0.015426
19.41	-0.018707
19.42	-0.020627
19.43	-0.020801
19.44	-0.021696
19.45	-0.024428
19.46	-0.02732
19.47	-0.030099
19.48	-0.033727
19.49	-0.038213
19.5	-0.042903
19.51	-0.047083
19.52	-0.050407
19.53	-0.053171
19.54	-0.055157
19.55	-0.055905
19.56	-0.055144
19.57	-0.052723
19.58	-0.049643
19.59	-0.047078
19.6	-0.04497
19.61	-0.042894
19.62	-0.040838
19.63	-0.037708
19.64	-0.031941
19.65	-0.024341
19.66	-0.016519
19.67	-0.0082019
19.68	9.494e-05
19.69	0.0057254
19.7	0.0080357
19.71	0.0086485
19.72	0.0088516
19.73	0.0090965
19.74	0.009352
19.75	0.010116
19.76	0.011928
19.77	0.014537
19.78	0.017301
19.79	0.019783
19.8	0.021831
19.81	0.022684
19.82	0.02166
19.83	0.019131
19.84	0.016498
19.85	0.015586
19.86	0.016707
19.87	0.01893
19.88	0.022537
19.89	0.02836
19.9	0.035619
19.91	0.042281
19.92	0.046408
19.93	0.047752
19.94	0.047348
19.95	0.045164
19.96	0.040833
19.97	0.035797
19.98	0.032221
19.99	0.03115
20	0.031847
20.01	0.033095
20.02	0.034855
20.03	0.0371
20.04	0.038982
20.05	0.039832
20.06	0.040585
20.07	0.042189
20.08	0.042054
20.09	0.038578
20.1	0.035066
20.11	0.03299
20.12	0.029834
20.13	0.025143
20.14	0.021199
20.15	0.018737
20.16	0.016079
20.17	0.012246
20.18	0.0081083
20.19	0.0033307
20.2	-0.0017712
20.21	-0.005754
20.22	-0.010575
20.23	-0.017402
20.24	-0.023394
20.25	-0.026809
20.26	-0.028565
20.27	-0.029593
20.28	-0.029749
20.29	-0.028532
20.3	-0.026099
20.31	-0.024024
20.32	-0.023662
20.33	-0.024081
20.34	-0.024141
20.35	-0.024259
20.36	-0.024979
20.37	-0.026435
20.38	-0.027938
20.39	-0.027822
20.4	-0.025409
20.41	-0.022062
20.42	-0.018661
20.43	-0.01391
20.44	-0.0066411
20.45	0.0017431
20.46	0.0083997
20.47	0.013203
20.48	0.018811
20.49	0.025509
20.5	0.030913
20.51	0.034152
20.52	0.036282
20.53	0.038477
20.54	0.040248
20.55	0.04147
20.56	0.043461
20.57	0.045494
20.58	0.045988
20.59	0.044817
20.6	0.042746
20.61	0.04063
20.62	0.038822
20.63	0.03694
20.64	0.034131
20.65	0.030765
20.66	0.028451
20.67	0.026907
20.68	0.023478
20.69	0.017552
20.7	0.011985
20.71	0.0084477
20.72	0.0060742
20.73	0.0044931
20.74	0.0033778
20.75	0.0022282
20.76	0.0016392
20.77	0.0016673
20.78	0.002066
20.79	0.003035
20.8	0.0036722
20.81	0.0036954
20.82	0.0041669
20.83	0.0039923
20.84	0.0019399
20.85	-0.00013685
20.86	-0.00088018
20.87	-0.0010989
20.88	-0.00073824
20.89	0.00094807
20.9	0.0032685
20.91	0.0049752
20.92	0.0046161
20.93	0.0012659
20.94	-0.0038768
20.95	-0.0094978
20.96	-0.015829
20.97	-0.022216
20.98	-0.026566
20.99	-0.028773
21	-0.030399
21.01	-0.03236
21.02	-0.034804
21.03	-0.037321
21.04	-0.040197
21.05	-0.043397
21.06	-0.045673
21.07	-0.04644
21.08	-0.046329
21.09	-0.046483
21.1	-0.047738
21.11	-0.049313
21.12	-0.050115
21.13	-0.050945
21.14	-0.052127
21.15	-0.053153
21.16	-0.053559
21.17	-0.052582
21.18	-0.051065
21.19	-0.050553
21.2	-0.05049
21.21	-0.049091
21.22	-0.045748
21.23	-0.042367
21.24	-0.040337
21.25	-0.038274
21.26	-0.035393
21.27	-0.032101
21.28	-0.028565
21.29	-0.024221
21.3	-0.019395
21.31	-0.015348
21.32	-0.01156
21.33	-0.0080081
21.34	-0.0056248
21.35	-0.0040287
21.36	-0.0027187
21.37	-0.0018251
21.38	-0.0012148
21.39	-0.00074577
21.4	-0.0011167
21.41	-0.0024829
21.42	-0.0036851
21.43	-0.0041313
21.44	-0.0046133
21.45	-0.0055612
21.46	-0.0062545
21.47	-0.0067361
21.48	-0.0075665
21.49	-0.0080682
21.5	-0.0075805
21.51	-0.0063782
21.52	-0.0042403
21.53	-0.0015114
21.54	0.0005035
21.55	0.0020651
21.56	0.0046891
21.57	0.00889
21.58	0.013008
21.59	0.015967
21.6	0.018849
21.61	0.021814
21.62	0.023669
21.63	0.02438
21.64	0.025243
21.65	0.026038
21.66	0.026362
21.67	0.027913
21.68	0.030277
21.69	0.031714
21.7	0.033326
21.71	0.036117
21.72	0.039036
21.73	0.041055
21.74	0.042774
21.75	0.044584
21.76	0.045391
21.77	0.0446
21.78	0.04253
21.79	0.040032
21.8	0.03821
21.81	0.038148
21.82	0.039419
21.83	0.04029
21.84	0.040383
21.85	0.039848
21.86	0.038604
21.87	0.037193
21.88	0.035253
21.89	0.031331
21.9	0.025366
21.91	0.018986
21.92	0.013247
21.93	0.007824
21.94	0.003198
21.95	0.000817
21.96	0.00024323
21.97	-8.5214e-05
21.98	-0.00019922
21.99	0.00018027
22	0.00047505
22.01	0.000396
22.02	0.00020562
22.03	-0.00053905
22.04	-0.0027892
22.05	-0.0055487
22.06	-0.0066792
22.07	-0.0053858
22.08	-0.0028108
22.09	-0.00043229
22.1	0.0017778
22.11	0.003798
22.12	0.005102
22.13	0.0053366
22.14	0.0043546
22.15	0.0025325
22.16	0.00083422
22.17	0.000157
22.18	-0.00091801
22.19	-0.0041961
22.2	-0.0079072
22.21	-0.0093814
22.22	-0.0088669
22.23	-0.0083609
22.24	-0.0088792
22.25	-0.0099812
22.26	-0.010866
22.27	-0.010349
22.28	-0.0080593
22.29	-0.005396
22.3	-0.0027323
22.31	0.00099684
22.32	0.0048056
22.33	0.0071681
22.34	0.0092895
22.35	0.011433
22.36	0.011542
22.37	0.0090902
22.38	0.0053087
22.39	0.00094502
22.4	-0.0032236
22.41	-0.006566
22.42	-0.010037
22.43	-0.013904
22.44	-0.017579
22.45	-0.02075
22.46	-0.022471
22.47	-0.022539
22.48	-0.021786
22.49	-0.020842
22.5	-0.019978
22.51	-0.019501
22.52	-0.020254
22.53	-0.021457
22.54	-0.02111
22.55	-0.019626
22.56	-0.017598
22.57	-0.014545
22.58	-0.011355
22.59	-0.008991
22.6	-0.0070725
22.61	-0.0053995
22.62	-0.0038605
22.63	-0.0018512
22.64	0.00026428
22.65	0.001686
22.66	0.0026258
22.67	0.004209
22.68	0.0069628
22.69	0.0096029
22.7	0.010989
22.71	0.011763
22.72	0.012707
22.73	0.013645
22.74	0.013816
22.75	0.01263
22.76	0.011252
22.77	0.010994
22.78	0.011535
22.79	0.012713
22.8	0.014773
22.81	0.017568
22.82	0.01998
22.83	0.021193
22.84	0.02165
22.85	0.021412
22.86	0.020551
22.87	0.019883
22.88	0.019653
22.89	0.019119
22.9	0.017661
22.91	0.015553
22.92	0.013474
22.93	0.012115
22.94	0.011697
22.95	0.011189
22.96	0.010632
22.97	0.011031
22.98	0.012099
22.99	0.013353
23	0.014274
23.01	0.014831
23.02	0.015251
23.03	0.015075
23.04	0.014003
23.05	0.011702
23.06	0.0092785
23.07	0.0087826
23.08	0.0095079
23.09	0.0096017
23.1	0.0089628
23.11	0.0081955
23.12	0.0069085
23.13	0.0047602
23.14	0.0025171
23.15	0.0002051
23.16	-0.0027929
23.17	-0.0057867
23.18	-0.0082633
23.19	-0.010731
23.2	-0.012698
23.21	-0.013864
23.22	-0.015121
23.23	-0.016702
23.24	-0.017218
23.25	-0.016211
23.26	-0.01613
23.27	-0.017964
23.28	-0.019327
23.29	-0.018722
23.3	-0.017575
23.31	-0.017797
23.32	-0.019242
23.33	-0.020309
23.34	-0.021052
23.35	-0.022427
23.36	-0.02363
23.37	-0.024392
23.38	-0.02533
23.39	-0.026081
23.4	-0.0258
23.41	-0.024266
23.42	-0.022138
23.43	-0.019347
23.44	-0.015005
23.45	-0.009319
23.46	-0.0041859
23.47	-0.00087559
23.48	0.0010046
23.49	0.0014154
23.5	0.00077797
23.51	-0.00018738
23.52	-0.0020999
23.53	-0.004842
23.54	-0.0076759
23.55	-0.011078
23.56	-0.015193
23.57	-0.018911
23.58	-0.021643
23.59	-0.024345
23.6	-0.027186
23.61	-0.028267
23.62	-0.027423
23.63	-0.026307
23.64	-0.025099
23.65	-0.024096
23.66	-0.024442
23.67	-0.025513
23.68	-0.026379
23.69	-0.028124
23.7	-0.031212
23.71	-0.03373
23.72	-0.033315
23.73	-0.030124
23.74	-0.025773
23.75	-0.020474
23.76	-0.014563
23.77	-0.0086962
23.78	-0.0030118
23.79	0.0014266
23.8	0.0033256
23.81	0.0030114
23.82	0.0022623
23.83	0.0023779
23.84	0.0029666
23.85	0.0033882
23.86	0.0048916
23.87	0.0083113
23.88	0.01114
23.89	0.011574
23.9	0.01092
23.91	0.010905
23.92	0.012692
23.93	0.015471
23.94	0.016903
23.95	0.017496
23.96	0.019484
23.97	0.022945
23.98	0.026537
23.99	0.029512
24	0.032738
24.01	0.036773
24.02	0.040467
24.03	0.043531
24.04	0.046129
24.05	0.047092
24.06	0.047152
24.07	0.048136
24.08	0.048672
24.09	0.047268
24.1	0.045088
24.11	0.043089
24.12	0.041043
24.13	0.039022
24.14	0.037479
24.15	0.036449
24.16	0.03528
24.17	0.034857
24.18	0.03525
24.19	0.03351
24.2	0.029818
24.21	0.026238
24.22	0.022588
24.23	0.019449
24.24	0.017013
24.25	0.013715
24.26	0.0093332
24.27	0.0050171
24.28	0.0012599
24.29	-0.0023884
24.3	-0.0058154
24.31	-0.0088075
24.32	-0.011256
24.33	-0.012309
24.34	-0.012679
24.35	-0.014467
24.36	-0.017172
24.37	-0.01835
24.38	-0.017788
24.39	-0.017042
24.4	-0.016746
24.41	-0.016712
24.42	-0.016307
24.43	-0.014316
24.44	-0.010813
24.45	-0.0072145
24.46	-0.0039936
24.47	-0.0010617
24.48	0.0012839
24.49	0.0024851
24.5	0.0016482
24.51	-0.0010255
24.52	-0.0035816
24.53	-0.0048932
24.54	-0.0053598
24.55	-0.0055271
24.56	-0.0055827
24.57	-0.0059359
24.58	-0.0073477
24.59	-0.0095417
24.6	-0.011851
24.61	-0.0143
24.62	-0.016561
24.63	-0.017751
24.64	-0.017143
24.65	-0.01479
24.66	-0.012259
24.67	-0.011019
24.68	-0.010472
24.69	-0.0099278
24.7	-0.010689
24.71	-0.012286
24.72	-0.011822
24.73	-0.0099793
24.74	-0.0095129
24.75	-0.0099194
24.76	-0.0092203
24.77	-0.0079766
24.78	-0.007606
24.79	-0.0078167
24.8	-0.007746
24.81	-0.0080137
24.82	-0.0098527
24.83	-0.011098
24.84	-0.010112
24.85	-0.0097393
24.86	-0.01099
24.87	-0.011947
24.88	-0.011615
24.89	-0.01049
24.9	-0.010384
24.91	-0.011467
24.92	-0.011735
24.93	-0.011225
24.94	-0.011203
24.95	-0.011376
24.96	-0.011099
24.97	-0.011049
24.98	-0.012067
24.99	-0.013163
25	-0.012955
25.01	-0.011835
25.02	-0.010783
25.03	-0.0096229
25.04	-0.0083752
25.05	-0.0077206
25.06	-0.0075104
25.07	-0.0069049
25.08	-0.0061263
25.09	-0.0061363
25.1	-0.0064598
25.11	-0.0062867
25.12	-0.0057638
25.13	-0.0050058
25.14	-0.0041896
25.15	-0.003682
25.16	-0.0027739
25.17	-0.00055335
25.18	0.0015692
25.19	0.0015792
25.2	-0.00053204
25.21	-0.0026845
25.22	-0.0027721
25.23	-0.0018272
25.24	-0.001508
25.25	-0.0019115
25.26	-0.0022955
25.27	-0.00085599
25.28	0.0017621
25.29	0.0037996
25.3	0.0064934
25.31	0.01034
25.32	0.013461
25.33	0.015132
25.34	0.016483
25.35	0.017823
25.36	0.018621
25.37	0.018513
25.38	0.017581
25.39	0.017025
25.4	0.016828
25.41	0.015913
25.42	0.014991
25.43	0.014775
25.44	0.013908
25.45	0.011242
25.46	0.0082237
25.47	0.0069078
25.48	0.0067701
25.49	0.0061608
25.5	0.0042895
25.51	0.0018333
25.52	0.00033095
25.53	-0.00042714
25.54	-0.0023275
25.55	-0.0058113
25.56	-0.0083044
25.57	-0.0082841
25.58	-0.0074181
25.59	-0.0071356
25.6	-0.0072209
25.61	-0.0065643
25.62	-0.0042964
25.63	-0.0021923
25.64	-0.0029928
25.65	-0.0053605
25.66	-0.0060701
25.67	-0.004863
25.68	-0.0037359
25.69	-0.004766
25.7	-0.0078961
25.71	-0.010352
25.72	-0.010327
25.73	-0.0088697
25.74	-0.0072545
25.75	-0.0051617
25.76	-0.0027499
25.77	-0.0010501
25.78	0.00031575
25.79	0.0016695
25.8	0.0018268
25.81	0.00026643
25.82	-0.0013594
25.83	-0.0020306
25.84	-0.0031084
25.85	-0.0050036
25.86	-0.0060577
25.87	-0.005358
25.88	-0.0034869
25.89	-0.0013267
25.9	0.00025395
25.91	0.0012088
25.92	0.0019504
25.93	0.0028602
25.94	0.0035509
25.95	0.002356
25.96	-8.0327e-05
25.97	-0.00153
25.98	-0.0025637
25.99	-0.0043906
26	-0.0061214
26.01	-0.0063689
26.02	-0.0052257
26.03	-0.0035578
26.04	-0.0024419
26.05	-0.003176
26.06	-0.0034702
26.07	-0.00097426
26.08	0.0014486
26.09	0.0016429
26.1	0.001037
26.11	0.0009993
26.12	0.0009897
26.13	0.00050809
26.14	0.00053116
26.15	0.0011197
26.16	0.001317
26.17	0.0022922
26.18	0.0048347
26.19	0.0054229
26.2	0.0026728
26.21	0.00039045
26.22	-0.00030067
26.23	-0.001938
26.24	-0.0045568
26.25	-0.0058576
26.26	-0.0055049
26.27	-0.0049356
26.28	-0.0045147
26.29	-0.0038369
26.3	-0.0026088
26.31	-0.00069912
26.32	0.0010017
26.33	0.0018438
26.34	0.0021431
26.35	0.0020226
26.36	0.0015541
26.37	0.0014227
26.38	0.0019058
26.39	0.0025109
26.4	0.0029146
26.41	0.0034626
26.42	0.0043375
26.43	0.0040887
26.44	0.0024886
26.45	0.0013799
26.46	0.00015293
26.47	-0.0024541
26.48	-0.0049439
26.49	-0.0064645
26.5	-0.0077218
26.51	-0.0084818
26.52	-0.0078482
26.53	-0.0061734
26.54	-0.0043809
26.55	-0.0019814
26.56	0.0014886
26.57	0.0052892
26.58	0.0085221
26.59	0.010701
26.6	0.012331
26.61	0.013992
26.62	0.014735
26.63	0.013767
26.64	0.012709
26.65	0.013367
26.66	0.014808
26.67	0.015534
26.68	0.01484
26.69	0.012682
26.7	0.011274
26.71	0.011298
26.72	0.01013
26.73	0.0072553
26.74	0.0049503
26.75	0.0043881
26.76	0.0039358
26.77	0.0024621
26.78	0.0016844
26.79	0.0025808
26.8	0.0037983
26.81	0.0040685
26.82	0.0036758
26.83	0.0035248
26.84	0.0029752
26.85	0.0007224
26.86	-0.0023443
26.87	-0.0045309
26.88	-0.0062544
26.89	-0.0082736
26.9	-0.0093942
26.91	-0.009023
26.92	-0.008283
26.93	-0.007884
26.94	-0.0076433
26.95	-0.0073485
26.96	-0.0070133
26.97	-0.0057057
26.98	-0.0032139
26.99	-0.0011836
27	-3.8859e-05
27.01	0.00061927
27.02	0.00075064
27.03	0.00081959
27.04	0.0011053
27.05	0.0018306
27.06	0.0047984
27.07	0.010042
27.08	0.01358
27.09	0.013525
27.1	0.012215
27.11	0.011921
27.12	0.012305
27.13	0.01194
27.14	0.010074
27.15	0.006596
27.16	0.0035728
27.17	0.0023346
27.18	0.00065035
27.19	-0.00266
27.2	-0.0060704
27.21	-0.0078959
27.22	-0.0082148
27.23	-0.0083939
27.24	-0.0084903
27.25	-0.0084091
27.26	-0.0098825
27.27	-0.012773
27.28	-0.014352
27.29	-0.01455
27.3	-0.015621
27.31	-0.017157
27.32	-0.017077
27.33	-0.015278
27.34	-0.01324
27.35	-0.01282
27.36	-0.013847
27.37	-0.014138
27.38	-0.013067
27.39	-0.012493
27.4	-0.014258
27.41	-0.016696
27.42	-0.01697
27.43	-0.015572
27.44	-0.014384
27.45	-0.013702
27.46	-0.012944
27.47	-0.011928
27.48	-0.010971
27.49	-0.010321
27.5	-0.0090379
27.51	-0.0061922
27.52	-0.0030917
27.53	-0.001306
27.54	-0.00075748
27.55	-0.00069208
27.56	0.00030363
27.57	0.0032666
27.58	0.0063189
27.59	0.0072249
27.6	0.0072458
27.61	0.0080609
27.62	0.0096433
27.63	0.011688
27.64	0.013591
27.65	0.015553
27.66	0.017616
27.67	0.019654
27.68	0.02173
27.69	0.022458
27.7	0.021974
27.71	0.021768
27.72	0.021669
27.73	0.021192
27.74	0.01959
27.75	0.016238
27.76	0.013099
27.77	0.011784
27.78	0.011373
27.79	0.011291
27.8	0.01134
27.81	0.012121
27.82	0.014477
27.83	0.017609
27.84	0.020354
27.85	0.022386
27.86	0.024504
27.87	0.026295
27.88	0.026933
27.89	0.027843
27.9	0.029219
27.91	0.029312
27.92	0.027805
27.93	0.025504
27.94	0.022446
27.95	0.019247
27.96	0.018285
27.97	0.020126
27.98	0.021835
27.99	0.021294
28	0.019626
28.01	0.018376
28.02	0.017549
28.03	0.01677
28.04	0.014873
28.05	0.010963
28.06	0.0073527
28.07	0.0060924
28.08	0.0061113
28.09	0.005209
28.1	0.0020223
28.11	-0.0015257
28.12	-0.0031664
28.13	-0.0049069
28.14	-0.0080456
28.15	-0.010017
28.16	-0.0099397
28.17	-0.0094893
28.18	-0.0097752
28.19	-0.010492
28.2	-0.010475
28.21	-0.00975
28.22	-0.0093268
28.23	-0.0090636
28.24	-0.0075609
28.25	-0.0049344
28.26	-0.0027231
28.27	-0.00051869
28.28	0.0015162
28.29	0.0020638
28.3	0.0012137
28.31	-0.0011243
28.32	-0.0043689
28.33	-0.0063683
28.34	-0.0072533
28.35	-0.0093888
28.36	-0.0116
28.37	-0.011094
28.38	-0.0091159
28.39	-0.0076269
28.4	-0.0064139
28.41	-0.0056524
28.42	-0.0057142
28.43	-0.006045
28.44	-0.0061886
28.45	-0.0062309
28.46	-0.0065378
28.47	-0.0078743
28.48	-0.010521
28.49	-0.012831
28.5	-0.013276
28.51	-0.0127
28.52	-0.012485
28.53	-0.012193
28.54	-0.010617
28.55	-0.0081013
28.56	-0.0062174
28.57	-0.0055502
28.58	-0.0049722
28.59	-0.004453
28.6	-0.0053029
28.61	-0.0078257
28.62	-0.011186
28.63	-0.014434
28.64	-0.017335
28.65	-0.020148
28.66	-0.022725
28.67	-0.023666
28.68	-0.023047
28.69	-0.023754
28.7	-0.026133
28.71	-0.027453
28.72	-0.02814
28.73	-0.029728
28.74	-0.030529
28.75	-0.029566
28.76	-0.0281
28.77	-0.026914
28.78	-0.02587
28.79	-0.024804
28.8	-0.023788
28.81	-0.022504
28.82	-0.020987
28.83	-0.019855
28.84	-0.018846
28.85	-0.017786
28.86	-0.016977
28.87	-0.016388
28.88	-0.015109
28.89	-0.012101
28.9	-0.0086165
28.91	-0.0062988
28.92	-0.0041564
28.93	-0.0014858
28.94	0.00018456
28.95	0.00037729
28.96	0.00020701
28.97	0.00044068
28.98	0.0021571
28.99	0.0054179
29	0.0075604
29.01	0.008457
29.02	0.010789
29.03	0.013374
29.04	0.01378
29.05	0.013091
29.06	0.013582
29.07	0.015816
29.08	0.018017
29.09	0.018339
29.1	0.017371
29.11	0.016529
29.12	0.016358
29.13	0.016616
29.14	0.01695
29.15	0.017923
29.16	0.020115
29.17	0.022169
29.18	0.021557
29.19	0.018892
29.2	0.016883
29.21	0.014782
29.22	0.011534
29.23	0.0089165
29.24	0.0070515
29.25	0.004881
29.26	0.002964
29.27	0.0020131
29.28	0.0018614
29.29	0.0012016
29.3	-0.0011511
29.31	-0.0038365
29.32	-0.0047696
29.33	-0.0054026
29.34	-0.00782
29.35	-0.010232
29.36	-0.011015
29.37	-0.011161
29.38	-0.012141
29.39	-0.013773
29.4	-0.014097
29.41	-0.012797
29.42	-0.011348
29.43	-0.0098562
29.44	-0.0074129
29.45	-0.0050891
29.46	-0.0042778
29.47	-0.0045709
29.48	-0.0050223
29.49	-0.0049141
29.5	-0.004449
29.51	-0.0042913
29.52	-0.0044211
29.53	-0.0039296
29.54	-0.0038442
29.55	-0.0058275
29.56	-0.0071073
29.57	-0.0059471
29.58	-0.0043522
29.59	-0.0026206
29.6	-0.00084562
29.61	-0.00011761
29.62	-0.0001699
29.63	-0.00016763
29.64	1.8375e-05
29.65	0.00077911
29.66	0.0030333
29.67	0.0059304
29.68	0.0072926
29.69	0.0065021
29.7	0.0049239
29.71	0.003391
29.72	0.0015383
29.73	0.00026202
29.74	0.00029472
29.75	0.00071884
29.76	0.00087235
29.77	0.00088653
29.78	0.00096036
29.79	0.0010673
29.8	0.001178
29.81	0.0011208
29.82	0.0018506
29.83	0.0046454
29.84	0.0075065
29.85	0.0082158
29.86	0.0079891
29.87	0.0086645
29.88	0.010614
29.89	0.012597
29.9	0.013116
29.91	0.012465
29.92	0.011807
29.93	0.011436
29.94	0.01111
29.95	0.010804
29.96	0.0097517
29.97	0.0073453
29.98	0.0048232
29.99	0.0032916
30	0.002649
30.01	0.0028811
30.02	0.0049218
30.03	0.0079831
30.04	0.0091211
30.05	0.0086558
30.06	0.009953
30.07	0.012695
30.08	0.014313
30.09	0.015637
30.1	0.016998
30.11	0.016521
30.12	0.015186
30.13	0.015063
30.14	0.015467
30.15	0.015042
30.16	0.014221
30.17	0.015348
30.18	0.018114
30.19	0.019136
30.2	0.017989
30.21	0.016621
30.22	0.01549
30.23	0.013219
30.24	0.010058
30.25	0.0081743
30.26	0.0079588
30.27	0.0074262
30.28	0.0049276
30.29	0.0016455
30.3	-0.00019489
30.31	-4.3477e-05
30.32	0.0014462
30.33	0.0035489
30.34	0.0050805
30.35	0.0051624
30.36	0.0044682
30.37	0.0039618
30.38	0.0036668
30.39	0.0033478
30.4	0.0033277
30.41	0.0033871
30.42	0.0027571
30.43	0.0018564
30.44	0.0014455
30.45	0.0012276
30.46	0.00010002
30.47	-0.0025979
30.48	-0.0054439
30.49	-0.0065286
30.5	-0.0063078
30.51	-0.0061032
30.52	-0.006218
30.53	-0.0072694
30.54	-0.0098143
30.55	-0.012502
30.56	-0.013412
30.57	-0.012588
30.58	-0.011789
30.59	-0.011669
30.6	-0.010281
30.61	-0.0069053
30.62	-0.0044058
30.63	-0.0042978
30.64	-0.004985
30.65	-0.0051005
30.66	-0.0051555
30.67	-0.006654
30.68	-0.0093802
30.69	-0.011897
30.7	-0.014174
30.71	-0.016081
30.72	-0.016467
30.73	-0.015687
30.74	-0.015886
30.75	-0.01764
30.76	-0.019145
30.77	-0.019418
30.78	-0.019217
30.79	-0.0191
30.8	-0.019149
30.81	-0.019525
30.82	-0.01907
30.83	-0.016852
30.84	-0.014512
30.85	-0.013529
30.86	-0.013302
30.87	-0.012862
30.88	-0.0122
30.89	-0.011456
30.9	-0.010242
30.91	-0.0082666
30.92	-0.0058116
30.93	-0.0038136
30.94	-0.0029032
30.95	-0.0027324
30.96	-0.0026959
30.97	-0.0024048
30.98	-0.0018096
30.99	-0.00089418
31	0.00072612
31.01	0.0027379
31.02	0.0038987
31.03	0.003452
31.04	0.0014089
31.05	-0.001175
31.06	-0.0023949
31.07	-0.0026431
31.08	-0.0042147
31.09	-0.0064032
31.1	-0.0071075
31.11	-0.0073221
31.12	-0.0084193
31.13	-0.0093095
31.14	-0.0086653
31.15	-0.0072412
31.16	-0.0065096
31.17	-0.0056418
31.18	-0.0037707
31.19	-0.0023195
31.2	-0.0020424
31.21	-0.0021021
31.22	-0.0019323
31.23	-0.0014815
31.24	-6.8811e-05
31.25	0.0026974
31.26	0.0051337
31.27	0.0055471
31.28	0.0053953
31.29	0.0073828
31.3	0.010582
31.31	0.011881
31.32	0.011209
31.33	0.010497
31.34	0.010353
31.35	0.010211
31.36	0.0099682
31.37	0.010575
31.38	0.011784
31.39	0.011429
31.4	0.0093975
31.41	0.0079028
31.42	0.0077477
31.43	0.0091534
31.44	0.011897
31.45	0.013664
31.46	0.013328
31.47	0.012299
31.48	0.012239
31.49	0.014
31.5	0.016424
31.51	0.017044
31.52	0.01566
31.53	0.014659
31.54	0.014555
31.55	0.013948
31.56	0.013178
31.57	0.013037
31.58	0.012649
31.59	0.011489
31.6	0.010701
31.61	0.010734
31.62	0.010652
31.63	0.010105
31.64	0.0094092
31.65	0.0091258
31.66	0.010506
31.67	0.013104
31.68	0.014253
31.69	0.013388
31.7	0.012253
31.71	0.011652
31.72	0.011293
31.73	0.010498
31.74	0.008616
31.75	0.0058203
31.76	0.0031714
31.77	0.0018324
31.78	0.0016408
31.79	0.0015328
31.8	0.0011476
31.81	0.00068688
31.82	0.00038667
31.83	-0.00015535
31.84	-0.0015459
31.85	-0.0027424
31.86	-0.0034055
31.87	-0.0050717
31.88	-0.0070742
31.89	-0.007675
31.9	-0.0082067
31.91	-0.010392
31.92	-0.012809
31.93	-0.013733
31.94	-0.013449
31.95	-0.013013
31.96	-0.012902
31.97	-0.012869
31.98	-0.01274
31.99	-0.012543
32	-0.012318
32.01	-0.012147
32.02	-0.011987
32.03	-0.011658
32.04	-0.011754
32.05	-0.013127
32.06	-0.01406
32.07	-0.013103
32.08	-0.01247
32.09	-0.013682
32.1	-0.015379
32.11	-0.015834
32.12	-0.015209
32.13	-0.014279
32.14	-0.01225
32.15	-0.0090924
32.16	-0.0068235
32.17	-0.0063225
32.18	-0.006441
32.19	-0.0070193
32.2	-0.0089667
32.21	-0.011192
32.22	-0.011734
32.23	-0.010787
32.24	-0.010833
32.25	-0.013345
32.26	-0.015745
32.27	-0.015664
32.28	-0.014373
32.29	-0.013533
32.3	-0.01314
32.31	-0.012615
32.32	-0.011845
32.33	-0.01136
32.34	-0.011956
32.35	-0.013744
32.36	-0.014785
32.37	-0.012661
32.38	-0.008936
32.39	-0.007098
32.4	-0.0063635
32.41	-0.0040597
32.42	-0.0010908
32.43	0.00035216
32.44	0.00034301
32.45	-0.00039637
32.46	-0.0013088
32.47	-0.0019204
32.48	-0.0028861
32.49	-0.004064
32.5	-0.0038335
32.51	-0.0018785
32.52	-0.00035152
32.53	-0.00025452
32.54	-0.0006031
32.55	-0.0014948
32.56	-0.0020267
32.57	-0.00044837
32.58	0.0022118
32.59	0.0036435
32.6	0.0036002
32.61	0.0033338
32.62	0.0033961
32.63	0.0035973
32.64	0.004084
32.65	0.0049863
32.66	0.0059364
32.67	0.006575
32.68	0.0060647
32.69	0.0044116
32.7	0.0033731
32.71	0.0035014
32.72	0.0037559
32.73	0.0036839
32.74	0.003573
32.75	0.003499
32.76	0.0038022
32.77	0.0052746
32.78	0.0071483
32.79	0.0076843
32.8	0.0075727
32.81	0.0084036
32.82	0.009316
32.83	0.0091898
32.84	0.0086038
32.85	0.0082542
32.86	0.0080573
32.87	0.0077461
32.88	0.0076373
32.89	0.0079675
32.9	0.0081244
32.91	0.0086598
32.92	0.010689
32.93	0.012699
32.94	0.012918
32.95	0.011998
32.96	0.011861
32.97	0.014713
32.98	0.018979
32.99	0.019821
33	0.018339
33.01	0.019034
33.02	0.020847
33.03	0.020976
33.04	0.019461
33.05	0.017461
33.06	0.01654
33.07	0.016987
33.08	0.017273
33.09	0.015746
33.1	0.012089
33.11	0.0087791
33.12	0.007799
33.13	0.0078902
33.14	0.0075892
33.15	0.0069997
33.16	0.0065656
33.17	0.0066081
33.18	0.0068586
33.19	0.0063848
33.2	0.0054402
33.21	0.0050831
33.22	0.0045991
33.23	0.002502
33.24	-0.00033897
33.25	-0.0020454
33.26	-0.0022157
33.27	-0.0025047
33.28	-0.004901
33.29	-0.0078873
33.3	-0.0088461
33.31	-0.0094912
33.32	-0.011946
33.33	-0.014019
33.34	-0.013869
33.35	-0.01282
33.36	-0.012228
33.37	-0.012099
33.38	-0.011603
33.39	-0.0096571
33.4	-0.0066537
33.41	-0.0045366
33.42	-0.003841
33.43	-0.002589
33.44	0.00022794
33.45	0.0026911
33.46	0.0034063
33.47	0.0032946
33.48	0.0041747
33.49	0.0062202
33.5	0.0075334
33.51	0.007794
33.52	0.0079252
33.53	0.0068325
33.54	0.0035679
33.55	0.0005388
33.56	-0.00013103
33.57	0.00036375
33.58	0.00047647
33.59	0.00018214
33.6	-2.1996e-05
33.61	-2.7091e-05
33.62	-1.2958e-05
33.63	-8.1607e-05
33.64	-0.0001745
33.65	-0.00022847
33.66	-0.0002687
33.67	-0.00022037
33.68	-0.000288
33.69	-0.001582
33.7	-0.0036981
33.71	-0.0044157
33.72	-0.0033194
33.73	-0.0018349
33.74	-0.00098873
33.75	-0.00055185
33.76	-0.00024438
33.77	-0.00019369
33.78	-0.00035729
33.79	-0.00033963
33.8	0.0005725
33.81	0.0025569
33.82	0.0047489
33.83	0.0058367
33.84	0.0056403
33.85	0.005068
33.86	0.004659
33.87	0.0043861
33.88	0.0041202
33.89	0.0038369
33.9	0.003562
33.91	0.0033093
33.92	0.0031126
33.93	0.0029488
33.94	0.0021322
33.95	0.00031051
33.96	-0.0010337
33.97	-0.0014327
33.98	-0.0024152
33.99	-0.0039089
34	-0.004573
34.01	-0.0044056
34.02	-0.0042174
34.03	-0.004627
34.04	-0.0063994
34.05	-0.0089785
34.06	-0.0099938
34.07	-0.0093793
34.08	-0.0091075
34.09	-0.0092649
34.1	-0.0090714
34.11	-0.0086365
34.12	-0.0083036
34.13	-0.0080765
34.14	-0.0078598
34.15	-0.0077662
34.16	-0.0072157
34.17	-0.0056035
34.18	-0.0046716
34.19	-0.0056635
34.2	-0.006717
34.21	-0.0065428
34.22	-0.005945
34.23	-0.0056661
34.24	-0.0055802
34.25	-0.005408
34.26	-0.0051601
34.27	-0.0049357
34.28	-0.0047599
34.29	-0.0045829
34.3	-0.0043875
34.31	-0.0041997
34.32	-0.0040049
34.33	-0.0038133
34.34	-0.0036314
34.35	-0.0034467
34.36	-0.0032687
34.37	-0.0030193
34.38	-0.0032412
34.39	-0.0045641
34.4	-0.0061392
34.41	-0.0066414
34.42	-0.0056461
34.43	-0.0036689
34.44	-0.0018263
34.45	-0.00106
34.46	-0.0011181
34.47	-0.001224
34.48	-0.00056068
34.49	0.0013461
34.5	0.0031839
34.51	0.0040769
34.52	0.0048226
34.53	0.0054493
34.54	0.0043458
34.55	0.00091827
34.56	-0.00079744
34.57	0.0019286
34.58	0.0047841
34.59	0.0047221
34.6	0.0041543
34.61	0.0041793
34.62	0.0035548
34.63	0.0027035
34.64	0.0027819
34.65	0.0035718
34.66	0.0041345
34.67	0.0040876
34.68	0.003812
34.69	0.0036712
34.7	0.0036163
34.71	0.0035179
34.72	0.0034003
34.73	0.0032714
34.74	0.0031071
34.75	0.0029233
34.76	0.0024448
34.77	0.0010794
34.78	-0.0011092
34.79	-0.0029747
34.8	-0.0035824
34.81	-0.0033027
34.82	-0.0029908
34.83	-0.0029805
34.84	-0.0027704
34.85	-0.0011581
34.86	0.0017564
34.87	0.0038398
34.88	0.0040232
34.89	0.003481
34.9	0.0032799
34.91	0.003329
34.92	0.0032655
34.93	0.0030855
34.94	0.0029416
34.95	0.002786
34.96	0.0026248
34.97	0.0033065
34.98	0.0056424
34.99	0.0082014
35	0.0089391
35.01	0.0082545
35.02	0.0076573
35.03	0.0073971
35.04	0.0059122
35.05	0.0024654
35.06	3.6138e-06
35.07	0.00098908
35.08	0.0036795
35.09	0.005048
35.1	0.0045847
35.11	0.0042949
35.12	0.0049406
35.13	0.0056463
35.14	0.0057982
35.15	0.0050392
35.16	0.0043274
35.17	0.0045821
35.18	0.0047714
35.19	0.0034963
35.2	0.00037462
35.21	-0.0028006
35.22	-0.003808
35.23	-0.0032572
35.24	-0.003177
35.25	-0.0041991
35.26	-0.0057038
35.27	-0.0073483
35.28	-0.0086947
35.29	-0.0090347
35.3	-0.0086293
35.31	-0.0082371
35.32	-0.0080283
35.33	-0.0078018
35.34	-0.0075906
35.35	-0.00731
35.36	-0.0059616
35.37	-0.003116
35.38	-0.00057777
35.39	6.8943e-05
35.4	-0.00035307
35.41	-0.0005567
35.42	-0.00043772
35.43	-0.00037621
35.44	-0.00044019
35.45	-0.00050033
35.46	-0.00050701
35.47	-0.000499
35.48	-0.00052785
35.49	-0.00045878
35.5	-0.00093318
35.51	-0.0026153
35.52	-0.0044685
35.53	-0.0051692
35.54	-0.0049542
35.55	-0.0053472
35.56	-0.0062796
35.57	-0.0064712
35.58	-0.0060196
35.59	-0.0056808
35.6	-0.0055435
35.61	-0.0049495
35.62	-0.0033631
35.63	-0.0010942
35.64	0.00074143
35.65	0.0012951
35.66	0.0010093
35.67	0.00078061
35.68	0.00081097
35.69	0.00080428
35.7	0.00064545
35.71	0.00053503
35.72	0.00050706
35.73	0.00038023
35.74	0.00019079
35.75	0.00010132
35.76	6.5903e-05
35.77	1.5893e-05
35.78	-0.00014133
35.79	-0.0012318
35.8	-0.0037818
35.81	-0.0062382
35.82	-0.0069419
35.83	-0.0064745
35.84	-0.00633
35.85	-0.0068319
35.86	-0.0073715
35.87	-0.0071935
35.88	-0.0059767
35.89	-0.0048572
35.9	-0.0046698
35.91	-0.00473
35.92	-0.0045426
35.93	-0.0042938
35.94	-0.004107
35.95	-0.0038477
35.96	-0.0032142
35.97	-0.0025755
35.98	-0.0026811
35.99	-0.003002
36	-0.0028566
36.01	-0.0024378
36.02	-0.0018851
36.03	-0.00061109
36.04	0.0012717
36.05	0.0027998
36.06	0.0038789
36.07	0.0046073
36.08	0.0048358
36.09	0.0047941
36.1	0.0047169
36.11	0.0046875
36.12	0.0047248
36.13	0.0047642
36.14	0.0047132
36.15	0.0045729
36.16	0.0044628
36.17	0.0047889
36.18	0.005447
36.19	0.0052936
36.2	0.0041712
36.21	0.0033808
36.22	0.0032922
36.23	0.0028522
36.24	0.0014349
36.25	-0.00078734
36.26	-0.002485
36.27	-0.0018887
36.28	2.1175e-05
36.29	0.0015803
36.3	0.0028766
36.31	0.0036354
36.32	0.0035937
36.33	0.0033258
36.34	0.0030929
36.35	0.0030958
36.36	0.0043197
36.37	0.0068054
36.38	0.008704
36.39	0.0088405
36.4	0.0082685
36.41	0.0086932
36.42	0.010492
36.43	0.012549
36.44	0.013202
36.45	0.011864
36.46	0.010459
36.47	0.010666
36.48	0.011296
36.49	0.010882
36.5	0.0094319
36.51	0.0081683
36.52	0.0081466
36.53	0.0083689
36.54	0.0068476
36.55	0.0036437
36.56	0.0012487
36.57	0.00086879
36.58	0.0012173
36.59	0.0011175
36.6	0.00050452
36.61	-0.00022257
36.62	-0.0013072
36.63	-0.0032294
36.64	-0.0050571
36.65	-0.0057067
36.66	-0.0054848
36.67	-0.0050445
36.68	-0.0051995
36.69	-0.0068605
36.7	-0.0091919
36.71	-0.010365
36.72	-0.01009
36.73	-0.0094267
36.74	-0.0090451
36.75	-0.0087952
36.76	-0.0084923
36.77	-0.0078477
36.78	-0.0070521
36.79	-0.0066434
36.8	-0.0055642
36.81	-0.0037285
36.82	-0.0028616
36.83	-0.0029772
36.84	-0.0037227
36.85	-0.004504
36.86	-0.0041982
36.87	-0.0036379
36.88	-0.0036259
36.89	-0.0033584
36.9	-0.0019794
36.91	-0.00011989
36.92	0.00078656
36.93	0.0006767
36.94	0.00042005
36.95	0.00040453
36.96	0.00047518
36.97	0.00047756
36.98	0.00044786
36.99	0.00043399
37	0.00043246
37.01	0.00043649
37.02	0.00044641
37.03	0.00044916
37.04	0.00043961
37.05	0.00042777
37.06	0.00042531
37.07	0.00043344
37.08	0.00044445
37.09	0.00044502
37.1	0.00041098
37.11	0.00037669
37.12	0.00080923
37.13	0.0017264
37.14	0.0023058
37.15	0.0027683
37.16	0.0035968
37.17	0.0044138
37.18	0.0045004
37.19	0.0028
37.2	0.0002495
37.21	-0.00082807
37.22	-0.00044467
37.23	-0.00029437
37.24	-0.0015548
37.25	-0.003771
37.26	-0.0051676
37.27	-0.0050666
37.28	-0.0044675
37.29	-0.0041624
37.3	-0.0041476
37.31	-0.0036836
37.32	-0.0017098
37.33	0.00086457
37.34	0.0019587
37.35	0.0016622
37.36	0.0012386
37.37	0.0012313
37.38	0.0024246
37.39	0.0046328
37.4	0.0058409
37.41	0.0054752
37.42	0.0048307
37.43	0.0045861
37.44	0.0044826
37.45	0.0042533
37.46	0.003959
37.47	0.0037095
37.48	0.0035188
37.49	0.0033549
37.5	0.0031957
37.51	0.002997
37.52	0.0027328
37.53	0.0024854
37.54	0.0023138
37.55	0.0021298
37.56	0.0022751
37.57	0.0034918
37.58	0.004972
37.59	0.0052227
37.6	0.0046578
37.61	0.0040075
37.62	0.0029421
37.63	0.0014296
37.64	0.00056534
37.65	0.00058765
37.66	0.00033197
37.67	-0.00012747
37.68	-0.00023699
37.69	-0.00044469
37.7	-0.0016233
37.71	-0.0036895
37.72	-0.0049464
37.73	-0.0047093
37.74	-0.0041744
37.75	-0.0046577
37.76	-0.0059972
37.77	-0.0065133
37.78	-0.0055318
37.79	-0.0045458
37.8	-0.0046891
37.81	-0.0048792
37.82	-0.0044789
37.83	-0.0042652
37.84	-0.004201
37.85	-0.0041885
37.86	-0.0046416
37.87	-0.0051157
37.88	-0.0050096
37.89	-0.004587
37.9	-0.0042559
37.91	-0.0040344
37.92	-0.0038053
37.93	-0.0035416
37.94	-0.003249
37.95	-0.0030737
37.96	-0.0032787
37.97	-0.0038896
37.98	-0.0042828
37.99	-0.0039015
38	-0.0036008
38.01	-0.0040901
38.02	-0.0044889
38.03	-0.0041924
38.04	-0.003656
38.05	-0.003284
38.06	-0.0030211
38.07	-0.002727
38.08	-0.0024379
38.09	-0.001966
38.1	-0.0011238
38.11	-0.00059011
38.12	-0.00056217
38.13	-0.00018094
38.14	0.00076239
38.15	0.0016699
38.16	0.0020173
38.17	0.00219
38.18	0.0025836
38.19	0.0026287
38.2	0.002607
38.21	0.0033948
38.22	0.0044196
38.23	0.004688
38.24	0.004372
38.25	0.0041016
38.26	0.0040131
38.27	0.0039228
38.28	0.0037632
38.29	0.0035942
38.3	0.0034514
38.31	0.0033247
38.32	0.0031615
38.33	0.0030469
38.34	0.0033818
38.35	0.004212
38.36	0.0048036
38.37	0.004701
38.38	0.0042665
38.39	0.0039144
38.4	0.003926
38.41	0.0044829
38.42	0.0051124
38.43	0.0051439
38.44	0.0046957
38.45	0.0042596
38.46	0.0039614
38.47	0.0036792
38.48	0.0033597
38.49	0.0030448
38.5	0.0027615
38.51	0.0024975
38.52	0.0022433
38.53	0.0019975
38.54	0.0015806
38.55	0.0009306
38.56	0.00061468
38.57	0.00084378
38.58	0.00099496
38.59	0.00078992
38.6	0.00051229
38.61	0.0003375
38.62	0.00021295
38.63	6.9365e-05
38.64	-8.6478e-05
38.65	-0.00022605
38.66	-0.00034244
38.67	-0.00042763
38.68	-0.00050183
38.69	-0.00088701
38.7	-0.0017078
38.71	-0.0023116
38.72	-0.0023277
38.73	-0.0021531
38.74	-0.0021008
38.75	-0.0021186
38.76	-0.0020967
38.77	-0.0020414
38.78	-0.0019947
38.79	-0.0019649
38.8	-0.0019304
38.81	-0.0018497
38.82	-0.0018388
38.83	-0.0021841
38.84	-0.002722
38.85	-0.0029129
38.86	-0.002722
38.87	-0.0025033
38.88	-0.0023871
38.89	-0.0022808
38.9	-0.0022201
38.91	-0.0022211
38.92	-0.0022045
38.93	-0.0023351
38.94	-0.0025435
38.95	-0.0024997
38.96	-0.0022268
38.97	-0.0020254
38.98	-0.0021267
38.99	-0.0023874
39	-0.0024325
39.01	-0.0021964
39.02	-0.0019091
39.03	-0.0016962
39.04	-0.0015164
39.05	-0.0013359
39.06	-0.0011267
39.07	-0.00083899
39.08	-0.00060549
39.09	-0.00055932
39.1	-0.00050002
39.11	-0.00032718
39.12	-0.00020726
39.13	-0.0001508
39.14	-6.0144e-05
39.15	4.8702e-05
39.16	0.00015963
39.17	0.00039941
39.18	0.00076434
39.19	0.00099069
39.2	0.0010005
39.21	0.00096504
39.22	0.00097666
39.23	0.00099932
39.24	0.00099922
39.25	0.00098807
39.26	0.00097607
39.27	0.00096107
39.28	0.00094825
39.29	0.00093944
39.3	0.0009313
39.31	0.00092092
39.32	0.00090371
39.33	0.00090357
39.34	0.00092475
39.35	0.00090514
39.36	0.00084675
39.37	0.00080903
39.38	0.00079856
39.39	0.00079093
39.4	0.00077402
39.41	0.00074786
39.42	0.00071826
39.43	0.00069294
39.44	0.00067232
39.45	0.00064808
39.46	0.00062025
39.47	0.00063655
39.48	0.00071999
39.49	0.00077443
39.5	0.00073386
39.51	0.0006547
39.52	0.00059365
39.53	0.00054751
39.54	0.00050008
39.55	0.00044565
39.56	0.00039834
39.57	0.00038613
39.58	0.00039419
39.59	0.00036697
39.6	0.00029645
39.61	0.00022783
39.62	0.00018344
39.63	0.00014826
39.64	0.00010981
39.65	7.3849e-05
39.66	4.9605e-05
39.67	3.4955e-05
39.68	1.8634e-05
39.69	-8.0062e-06
39.7	-4.0467e-05
39.71	-7.0725e-05
39.72	-9.6623e-05
39.73	-0.00012009
39.74	-0.00013591
39.75	-0.00014327
39.76	-0.00015763
39.77	-0.00018093
39.78	-0.000198
39.79	-0.00020696
39.8	-0.00021508
39.81	-0.00022133
39.82	-0.00022298
39.83	-0.0002218
39.84	-0.0002195
39.85	-0.00021648
39.86	-0.00021198
39.87	-0.00020582
39.88	-0.0001978
39.89	-0.00018852
39.9	-0.0001791
39.91	-0.00016882
39.92	-0.00015696
39.93	-0.00014475
39.94	-0.00013252
39.95	-0.00011922
39.96	-0.00010457
39.97	-8.871e-05
39.98	-7.158e-05
39.99	-5.316e-05
