0	0.0023986
0.005	0.0027023
0.01	0.0027564
0.015	0.0028336
0.02	0.0029541
0.025	0.0030823
0.03	0.0031718
0.035	0.0031239
0.04	0.0028546
0.045	0.0024227
0.05	0.0019638
0.055	0.001572
0.06	0.0013263
0.065	0.0012494
0.07	0.0012254
0.075	0.0011015
0.08	0.0008952
0.085	0.00074983
0.09	0.00081272
0.095	0.00096629
0.1	0.0010124
0.105	0.0010646
0.11	0.0013702
0.115	0.001683
0.12	0.0016935
0.125	0.001507
0.13	0.0014028
0.135	0.0013143
0.14	0.0011939
0.145	0.0010953
0.15	0.00083534
0.155	0.00084848
0.16	0.0010986
0.165	0.0011473
0.17	0.00088583
0.175	0.00051674
0.18	0.00021452
0.185	-0.00016019
0.19	-0.00056719
0.195	-0.0011658
0.2	-0.0019959
0.205	-0.0023165
0.21	-0.0011924
0.215	0.00075536
0.22	0.0026421
0.225	0.0041283
0.23	0.0046524
0.235	0.003999
0.24	0.0032
0.245	0.0025407
0.25	0.0018324
0.255	0.00070149
0.26	-0.0014451
0.265	-0.0038672
0.27	-0.0048637
0.275	-0.0043533
0.28	-0.00461
0.285	-0.0052386
0.29	-0.0046933
0.295	-0.003277
0.3	-0.0028813
0.305	-0.0032585
0.31	-0.0022373
0.315	0.00013312
0.32	0.0020401
0.325	0.0016113
0.33	0.00030246
0.335	0.0014935
0.34	0.0043014
0.345	0.0049582
0.35	0.0027673
0.355	0.0012123
0.36	0.00095691
0.365	0.00020257
0.37	-0.0021647
0.375	-0.0044935
0.38	-0.0031911
0.385	0.00032329
0.39	0.0018895
0.395	0.00016287
0.4	-0.0022842
0.405	-0.0055931
0.41	-0.0097242
0.415	-0.012516
0.42	-0.011846
0.425	-0.0073933
0.43	-0.0030393
0.435	-0.0033565
0.44	-0.0038438
0.445	0.00043375
0.45	0.0055925
0.455	0.0064825
0.46	0.0073616
0.465	0.010829
0.47	0.01259
0.475	0.010583
0.48	0.0068918
0.485	0.0021441
0.49	-0.0020643
0.495	-0.0043779
0.5	-0.0058508
0.505	-0.0071526
0.51	-0.0092022
0.515	-0.010965
0.52	-0.012168
0.525	-0.011905
0.53	-0.013171
0.535	-0.016473
0.54	-0.01436
0.545	-0.0020726
0.55	0.012891
0.555	0.021108
0.56	0.022547
0.565	0.020352
0.57	0.019125
0.575	0.018188
0.58	0.014186
0.585	0.0077137
0.59	0.001149
0.595	-0.005204
0.6	-0.013062
0.605	-0.020475
0.61	-0.021556
0.615	-0.020589
0.62	-0.020314
0.625	-0.017711
0.63	-0.014659
0.635	-0.010089
0.64	-0.0030724
0.645	0.0052414
0.65	0.010217
0.655	0.011149
0.66	0.0092595
0.665	0.0078976
0.67	0.0065451
0.675	0.0041725
0.68	0.0014546
0.685	-0.0048707
0.69	-0.010506
0.695	-0.010787
0.7	-0.0077655
0.705	-0.003272
0.71	-0.0020049
0.715	-0.0038992
0.72	-0.0043668
0.725	0.00026611
0.73	0.0083255
0.735	0.0075642
0.74	-0.0043488
0.745	-0.014951
0.75	-0.016121
0.755	-0.0093125
0.76	-0.00032935
0.765	0.0059823
0.77	0.0084192
0.775	0.0097635
0.78	0.011185
0.785	0.013008
0.79	0.0093108
0.795	-0.0042127
0.8	-0.017966
0.805	-0.021794
0.81	-0.018546
0.815	-0.016728
0.82	-0.018362
0.825	-0.018812
0.83	-0.01227
0.835	-0.0019088
0.84	0.0063374
0.845	0.010701
0.85	0.014269
0.855	0.014075
0.86	0.012384
0.865	0.011773
0.87	0.0089397
0.875	0.0027318
0.88	0.001824
0.885	0.010906
0.89	0.01586
0.895	0.009665
0.9	0.00044042
0.905	-0.006025
0.91	-0.0075259
0.915	-0.002465
0.92	0.0063689
0.925	0.012176
0.93	0.0083057
0.935	0.00032396
0.94	-0.0044059
0.945	-0.011878
0.95	-0.01681
0.955	-0.018258
0.96	-0.01925
0.965	-0.016213
0.97	-0.0081355
0.975	-0.0015738
0.98	0.000702
0.985	0.00065174
0.99	0.0016676
0.995	0.00072837
1	0.0034498
1.005	0.0056371
1.01	-0.00034507
1.015	-0.0085137
1.02	-0.011907
1.025	-0.0091911
1.03	-0.0017418
1.035	0.0040539
1.04	0.0049648
1.045	0.00081603
1.05	-0.0031356
1.055	-0.0013836
1.06	-0.00041263
1.065	-0.0036849
1.07	-0.011895
1.075	-0.018771
1.08	-0.013377
1.085	-0.0017806
1.09	0.0032109
1.095	0.0064661
1.1	0.013722
1.105	0.020287
1.11	0.02145
1.115	0.019657
1.12	0.016913
1.125	0.0094698
1.13	0.0034229
1.135	-0.00074094
1.14	-0.0022454
1.145	-0.002453
1.15	-0.0057925
1.155	-0.01022
1.16	-0.0085744
1.165	-0.0033001
1.17	-0.0030056
1.175	-0.010167
1.18	-0.014095
1.185	-0.01083
1.19	-0.0045184
1.195	-0.00086904
1.2	-0.003702
1.205	-0.0065946
1.21	-0.0025237
1.215	0.014111
1.22	0.036316
1.225	0.048592
1.23	0.04406
1.235	0.029239
1.24	0.017313
1.245	0.0095614
1.25	0.0023324
1.255	-0.0070061
1.26	-0.018593
1.265	-0.024894
1.27	-0.02161
1.275	-0.017384
1.28	-0.024007
1.285	-0.035437
1.29	-0.029892
1.295	-0.0032637
1.3	0.02772
1.305	0.042704
1.31	0.042832
1.315	0.031062
1.32	0.015083
1.325	-0.00060444
1.33	-0.01211
1.335	-0.018041
1.34	-0.013109
1.345	-0.0041732
1.35	-0.0039267
1.355	-0.010958
1.36	-0.012605
1.365	-0.0025348
1.37	0.010495
1.375	0.010755
1.38	0.002675
1.385	-0.0046564
1.39	-0.0050307
1.395	-0.0016641
1.4	-0.00049203
1.405	-0.001689
1.41	-0.00096308
1.415	0.007011
1.42	0.020103
1.425	0.028811
1.43	0.025888
1.435	0.012024
1.44	-0.0016897
1.445	-0.005083
1.45	-0.001313
1.455	0.00060739
1.46	-0.0015468
1.465	-0.0040731
1.47	-0.0044641
1.475	-0.0035599
1.48	-0.0029864
1.485	-0.0030797
1.49	-0.0032703
1.495	-0.0032485
1.5	-0.0031376
1.505	-0.0029799
1.51	-0.0016328
1.515	0.0034006
1.52	0.0056361
1.525	0.0017612
1.53	-0.00043044
1.535	0.0048176
1.54	0.01374
1.545	0.016613
1.55	0.012422
1.555	0.0051489
1.56	0.0021421
1.565	0.0012518
1.57	-0.0013612
1.575	-0.0033728
1.58	-0.003543
1.585	-0.0032519
1.59	-0.0037238
1.595	-0.0056875
1.6	-0.01168
1.605	-0.017548
1.61	-0.018677
1.615	-0.012702
1.62	-0.0085472
1.625	-0.010411
1.63	-0.012751
1.635	-0.0037783
1.64	0.010848
1.645	0.013678
1.65	0.0038496
1.655	-0.00050522
1.66	0.0085243
1.665	0.018044
1.67	0.017357
1.675	0.010181
1.68	0.0057272
1.685	0.0032871
1.69	0.0048303
1.695	0.0062036
1.7	0.0014251
1.705	-0.0073624
1.71	-0.011989
1.715	-0.015347
1.72	-0.018382
1.725	-0.017486
1.73	-0.016888
1.735	-0.01484
1.74	-0.0085861
1.745	0.0028626
1.75	0.013775
1.755	0.020733
1.76	0.024747
1.765	0.029494
1.77	0.030439
1.775	0.022163
1.78	0.008505
1.785	-0.0018441
1.79	-0.0066269
1.795	-0.006472
1.8	-0.0053587
1.805	-0.0054289
1.81	-0.0035833
1.815	0.00069936
1.82	0.0046858
1.825	0.0055161
1.83	0.0038195
1.835	0.00090462
1.84	0.00090542
1.845	0.006381
1.85	0.014845
1.855	0.020269
1.86	0.021531
1.865	0.019732
1.87	0.014973
1.875	0.0082951
1.88	0.0043727
1.885	-0.00093871
1.89	-0.0086033
1.895	-0.012376
1.9	-0.013509
1.905	-0.014844
1.91	-0.019508
1.915	-0.027915
1.92	-0.033064
1.925	-0.022467
1.93	-0.0018295
1.935	0.012419
1.94	0.02078
1.945	0.023803
1.95	0.019552
1.955	0.011568
1.96	0.0075218
1.965	0.0091635
1.97	0.01157
1.975	0.01244
1.98	0.009023
1.985	0.0038799
1.99	-0.0042999
1.995	-0.017777
2	-0.035089
2.005	-0.049084
2.01	-0.042101
2.015	-0.022111
2.02	-0.0085837
2.025	-0.0078394
2.03	-0.010466
2.035	-0.0038793
2.04	0.0095063
2.045	0.021478
2.05	0.031056
2.055	0.037144
2.06	0.03569
2.065	0.025853
2.07	0.013656
2.075	0.0084319
2.08	0.0088425
2.085	0.0036662
2.09	-0.0079772
2.095	-0.018405
2.1	-0.022257
2.105	-0.020683
2.11	-0.019131
2.115	-0.019975
2.12	-0.019791
2.125	-0.012216
2.13	0.0019055
2.135	0.015084
2.14	0.019425
2.145	0.0090636
2.15	-0.0043597
2.155	-0.0092844
2.16	-0.0034207
2.165	0.0045192
2.17	0.007871
2.175	0.0089667
2.18	0.012244
2.185	0.01799
2.19	0.016749
2.195	0.0051564
2.2	-0.012703
2.205	-0.028571
2.21	-0.033393
2.215	-0.023543
2.22	-0.0093455
2.225	-0.0045046
2.23	-0.0085391
2.235	-0.01205
2.24	-0.01177
2.245	-0.0066434
2.25	-0.00014547
2.255	0.0042461
2.26	0.00634
2.265	0.0078142
2.27	0.012466
2.275	0.017951
2.28	0.02361
2.285	0.03018
2.29	0.031221
2.295	0.020983
2.3	0.0064355
2.305	-0.0012363
2.31	-0.011425
2.315	-0.030859
2.32	-0.044786
2.325	-0.040907
2.33	-0.022796
2.335	-0.0042524
2.34	0.003659
2.345	0.0012223
2.35	-0.0035056
2.355	-0.0026144
2.36	0.0065398
2.365	0.023874
2.37	0.038689
2.375	0.037418
2.38	0.025245
2.385	0.019294
2.39	0.021876
2.395	0.020545
2.4	0.013867
2.405	0.011707
2.41	0.013527
2.415	0.010932
2.42	0.0018745
2.425	-0.0079148
2.43	-0.011654
2.435	-0.0059805
2.44	0.007954
2.445	0.019222
2.45	0.019281
2.455	0.01369
2.46	0.0078346
2.465	-0.0029795
2.47	-0.018247
2.475	-0.033608
2.48	-0.044475
2.485	-0.04277
2.49	-0.028508
2.495	-0.018234
2.5	-0.021009
2.505	-0.022975
2.51	-0.017532
2.515	-0.0083853
2.52	0.0076199
2.525	0.033387
2.53	0.057581
2.535	0.067912
2.54	0.068746
2.545	0.06507
2.55	0.05535
2.555	0.041728
2.56	0.027806
2.565	0.013491
2.57	0.0024188
2.575	-0.00030546
2.58	0.0031667
2.585	0.0052749
2.59	0.0043636
2.595	0.00060569
2.6	-0.0052841
2.605	-0.004463
2.61	0.0076964
2.615	0.021686
2.62	0.023061
2.625	0.0073077
2.63	-0.018712
2.635	-0.04268
2.64	-0.060864
2.645	-0.080505
2.65	-0.10497
2.655	-0.12472
2.66	-0.12253
2.665	-0.09312
2.67	-0.050422
2.675	-0.014668
2.68	0.0039683
2.685	0.016938
2.69	0.042767
2.695	0.085685
2.7	0.12926
2.705	0.15607
2.71	0.16338
2.715	0.15567
2.72	0.14048
2.725	0.1208
2.73	0.088048
2.735	0.033057
2.74	-0.031493
2.745	-0.085786
2.75	-0.12235
2.755	-0.14124
2.76	-0.14405
2.765	-0.12662
2.77	-0.09146
2.775	-0.049964
2.78	-0.0090853
2.785	0.024463
2.79	0.042703
2.795	0.044255
2.8	0.028637
2.805	-0.00051532
2.81	-0.034595
2.815	-0.066061
2.82	-0.091309
2.825	-0.10687
2.83	-0.11239
2.835	-0.11935
2.84	-0.13276
2.845	-0.13159
2.85	-0.096261
2.855	-0.036014
2.86	0.02209
2.865	0.062348
2.87	0.090844
2.875	0.11771
2.88	0.14092
2.885	0.14982
2.89	0.13526
2.895	0.098568
2.9	0.046729
2.905	-0.0093137
2.91	-0.055689
2.915	-0.08181
2.92	-0.089039
2.925	-0.084225
2.93	-0.068593
2.935	-0.045994
2.94	-0.02355
2.945	-0.0047127
2.95	0.0082805
2.955	0.017204
2.96	0.021175
2.965	0.019352
2.97	0.0096974
2.975	-0.0076669
2.98	-0.026322
2.985	-0.044305
2.99	-0.064545
2.995	-0.080224
3	-0.076615
3.005	-0.053161
3.01	-0.02115
3.015	0.012683
3.02	0.044502
3.025	0.062894
3.03	0.067957
3.035	0.067259
3.04	0.061027
3.045	0.050668
3.05	0.036092
3.055	0.017766
3.06	-0.0022033
3.065	-0.019037
3.07	-0.03024
3.075	-0.047071
3.08	-0.075059
3.085	-0.10501
3.09	-0.11872
3.095	-0.10013
3.1	-0.057078
3.105	-0.014863
3.11	0.0079506
3.115	0.01317
3.12	0.011698
3.125	0.012833
3.13	0.015221
3.135	0.017923
3.14	0.025175
3.145	0.034797
3.15	0.044038
3.155	0.055363
3.16	0.067724
3.165	0.067633
3.17	0.043301
3.175	0.0062808
3.18	-0.025686
3.185	-0.044856
3.19	-0.054059
3.195	-0.058703
3.2	-0.066723
3.205	-0.082976
3.21	-0.10379
3.215	-0.12355
3.22	-0.13638
3.225	-0.1318
3.23	-0.10223
3.235	-0.056319
3.24	-0.0096573
3.245	0.025793
3.25	0.045351
3.255	0.053262
3.26	0.057402
3.265	0.06918
3.27	0.094539
3.275	0.12519
3.28	0.15137
3.285	0.16602
3.29	0.16023
3.295	0.13121
3.3	0.095878
3.305	0.069587
3.31	0.055436
3.315	0.049137
3.32	0.044928
3.325	0.038713
3.33	0.022797
3.335	-0.0014183
3.34	-0.028729
3.345	-0.056703
3.35	-0.080536
3.355	-0.086261
3.36	-0.066734
3.365	-0.035005
3.37	-0.011948
3.375	0.00079485
3.38	0.016216
3.385	0.034279
3.39	0.040641
3.395	0.026928
3.4	0.0088424
3.405	0.0016745
3.41	0.010818
3.415	0.020648
3.42	0.0023315
3.425	-0.03981
3.43	-0.074499
3.435	-0.076098
3.44	-0.044588
3.445	-0.0018219
3.45	0.029229
3.455	0.040839
3.46	0.029415
3.465	0.003892
3.47	-0.02471
3.475	-0.053882
3.48	-0.073372
3.485	-0.061535
3.49	-0.022545
3.495	0.016619
3.5	0.036506
3.505	0.038308
3.51	0.029636
3.515	0.023327
3.52	0.035397
3.525	0.056899
3.53	0.070738
3.535	0.064442
3.54	0.037387
3.545	0.002837
3.55	-0.025899
3.555	-0.039033
3.56	-0.036755
3.565	-0.023587
3.57	-0.0065785
3.575	0.010342
3.58	0.023116
3.585	0.02481
3.59	0.01213
3.595	-0.0070354
3.6	-0.023355
3.605	-0.026594
3.61	-0.0098937
3.615	0.021242
3.62	0.051153
3.625	0.069812
3.63	0.074548
3.635	0.072371
3.64	0.071022
3.645	0.060438
3.65	0.037761
3.655	0.012516
3.66	-0.011712
3.665	-0.042867
3.67	-0.079731
3.675	-0.10434
3.68	-0.10146
3.685	-0.075977
3.69	-0.039823
3.695	-0.0017886
3.7	0.036566
3.705	0.07393
3.71	0.10801
3.715	0.13716
3.72	0.15869
3.725	0.16113
3.73	0.12946
3.735	0.070512
3.74	0.006327
3.745	-0.043668
3.75	-0.079868
3.755	-0.10029
3.76	-0.1058
3.765	-0.10505
3.77	-0.097948
3.775	-0.081143
3.78	-0.054595
3.785	-0.020295
3.79	0.016863
3.795	0.055306
3.8	0.085606
3.805	0.099042
3.81	0.095342
3.815	0.08916
3.82	0.0933
3.825	0.10489
3.83	0.10567
3.835	0.086815
3.84	0.061621
3.845	0.036347
3.85	0.004353
3.855	-0.030553
3.86	-0.061012
3.865	-0.085699
3.87	-0.10339
3.875	-0.11149
3.88	-0.10789
3.885	-0.10144
3.89	-0.10404
3.895	-0.10698
3.9	-0.09132
3.905	-0.053731
3.91	-0.0088875
3.915	0.022309
3.92	0.035109
3.925	0.040531
3.93	0.053028
3.935	0.070411
3.94	0.075413
3.945	0.059179
3.95	0.025391
3.955	-0.011701
3.96	-0.037649
3.965	-0.042617
3.97	-0.027764
3.975	-0.010199
3.98	-0.00099145
3.985	-0.0035361
3.99	-0.01953
3.995	-0.043174
4	-0.062228
4.005	-0.066723
4.01	-0.06026
4.015	-0.049214
4.02	-0.03682
4.025	-0.023615
4.03	-0.012064
4.035	-0.0098783
4.04	-0.021089
4.045	-0.040358
4.05	-0.054694
4.055	-0.05086
4.06	-0.036873
4.065	-0.03305
4.07	-0.044858
4.075	-0.061531
4.08	-0.065024
4.085	-0.049843
4.09	-0.030568
4.095	-0.021104
4.1	-0.02025
4.105	-0.019064
4.11	-0.0053847
4.115	0.037217
4.12	0.10756
4.125	0.1811
4.13	0.22395
4.135	0.21875
4.14	0.17566
4.145	0.11641
4.15	0.051764
4.155	-0.0058329
4.16	-0.039044
4.165	-0.044793
4.17	-0.036425
4.175	-0.034302
4.18	-0.0564
4.185	-0.10073
4.19	-0.14219
4.195	-0.15162
4.2	-0.12656
4.205	-0.095207
4.21	-0.071039
4.215	-0.045258
4.22	-0.016003
4.225	0.0060777
4.23	0.012942
4.235	0.0066288
4.24	-0.002432
4.245	0.0020738
4.25	0.029919
4.255	0.077889
4.26	0.13429
4.265	0.18177
4.27	0.20479
4.275	0.19919
4.28	0.16082
4.285	0.093586
4.29	0.01657
4.295	-0.050382
4.3	-0.096106
4.305	-0.1118
4.31	-0.095642
4.315	-0.062528
4.32	-0.032145
4.325	-0.014908
4.33	-0.010454
4.335	-0.0082613
4.34	-0.00057349
4.345	0.018114
4.35	0.050515
4.355	0.092833
4.36	0.12757
4.365	0.12722
4.37	0.086241
4.375	0.028859
4.38	-0.020095
4.385	-0.046526
4.39	-0.056465
4.395	-0.057525
4.4	-0.050644
4.405	-0.044892
4.41	-0.04687
4.415	-0.055182
4.42	-0.068082
4.425	-0.081684
4.43	-0.085746
4.435	-0.073922
4.44	-0.054269
4.445	-0.0395
4.45	-0.027488
4.455	-0.0027029
4.46	0.036031
4.465	0.065672
4.47	0.06739
4.475	0.058935
4.48	0.070803
4.485	0.10031
4.49	0.1217
4.495	0.11602
4.5	0.087835
4.505	0.058494
4.51	0.033339
4.515	-0.0021267
4.52	-0.060338
4.525	-0.12817
4.53	-0.17358
4.535	-0.17438
4.54	-0.14917
4.545	-0.13474
4.55	-0.13568
4.555	-0.12764
4.56	-0.085788
4.565	-0.022574
4.57	0.026913
4.575	0.045262
4.58	0.044938
4.585	0.050665
4.59	0.064599
4.595	0.067736
4.6	0.054425
4.605	0.038608
4.61	0.030948
4.615	0.025033
4.62	0.013251
4.625	0.002542
4.63	0.0019574
4.635	0.0066974
4.64	0.00013254
4.645	-0.020433
4.65	-0.036459
4.655	-0.03526
4.66	-0.024059
4.665	-0.015076
4.67	-0.010594
4.675	-0.011284
4.68	-0.015327
4.685	-0.011937
4.69	0.005681
4.695	0.034049
4.7	0.064891
4.705	0.090293
4.71	0.10912
4.715	0.12384
4.72	0.13076
4.725	0.11913
4.73	0.081751
4.735	0.024586
4.74	-0.032112
4.745	-0.068978
4.75	-0.080519
4.755	-0.072117
4.76	-0.056072
4.765	-0.042157
4.77	-0.030449
4.775	-0.020236
4.78	-0.022776
4.785	-0.0422
4.79	-0.060098
4.795	-0.061292
4.8	-0.049657
4.805	-0.039913
4.81	-0.038877
4.815	-0.043744
4.82	-0.051793
4.825	-0.054105
4.83	-0.044174
4.835	-0.030936
4.84	-0.022983
4.845	-0.012193
4.85	0.011224
4.855	0.03918
4.86	0.061141
4.865	0.067001
4.87	0.053519
4.875	0.033546
4.88	0.025258
4.885	0.032776
4.89	0.040816
4.895	0.035865
4.9	0.022272
4.905	0.0098371
4.91	0.00036177
4.915	-0.0092697
4.92	-0.019117
4.925	-0.028539
4.93	-0.039668
4.935	-0.048289
4.94	-0.037761
4.945	-0.004986
4.95	0.028069
4.955	0.041302
4.96	0.037078
4.965	0.029952
4.97	0.032117
4.975	0.037033
4.98	0.022501
4.985	-0.013437
4.99	-0.045374
4.995	-0.051059
5	-0.036851
5.005	-0.026392
5.01	-0.03331
5.015	-0.049998
5.02	-0.055639
5.025	-0.044297
5.03	-0.029303
5.035	-0.022493
5.04	-0.025372
5.045	-0.032761
5.05	-0.03477
5.055	-0.023313
5.06	3.7999e-05
5.065	0.029696
5.07	0.058513
5.075	0.07785
5.08	0.077992
5.085	0.057209
5.09	0.029183
5.095	0.01519
5.1	0.023264
5.105	0.042581
5.11	0.052072
5.115	0.040386
5.12	0.0037731
5.125	-0.045115
5.13	-0.080557
5.135	-0.084342
5.14	-0.058272
5.145	-0.028156
5.15	-0.015796
5.155	-0.019864
5.16	-0.022844
5.165	-0.020428
5.17	-0.019674
5.175	-0.018477
5.18	-0.0050536
5.185	0.018262
5.19	0.032725
5.195	0.020891
5.2	-0.013903
5.205	-0.053578
5.21	-0.081744
5.215	-0.080663
5.22	-0.054509
5.225	-0.026232
5.23	-0.0079338
5.235	0.0050145
5.24	0.014155
5.245	0.023522
5.25	0.039424
5.255	0.055447
5.26	0.056865
5.265	0.038864
5.27	0.013129
5.275	-0.0045961
5.28	-0.010611
5.285	-0.018497
5.29	-0.041582
5.295	-0.069179
5.3	-0.075763
5.305	-0.045473
5.31	0.0028157
5.315	0.039092
5.32	0.051174
5.325	0.036159
5.33	0.011356
5.335	0.0017353
5.34	0.013887
5.345	0.03245
5.35	0.047468
5.355	0.061128
5.36	0.073796
5.365	0.084123
5.37	0.08538
5.375	0.071989
5.38	0.054624
5.385	0.048146
5.39	0.055911
5.395	0.0566
5.4	0.037698
5.405	0.012066
5.41	-0.0071404
5.415	-0.022051
5.42	-0.03746
5.425	-0.050593
5.43	-0.055631
5.435	-0.045982
5.44	-0.028417
5.445	-0.018301
5.45	-0.019415
5.455	-0.024551
5.46	-0.02204
5.465	-0.00066086
5.47	0.032612
5.475	0.06184
5.48	0.077137
5.485	0.07502
5.49	0.056793
5.495	0.026838
5.5	-0.0080874
5.505	-0.034695
5.51	-0.043411
5.515	-0.036818
5.52	-0.029843
5.525	-0.027998
5.53	-0.022298
5.535	-0.011691
5.54	-0.0050437
5.545	-0.01411
5.55	-0.034916
5.555	-0.048867
5.56	-0.038851
5.565	-0.010389
5.57	0.015406
5.575	0.032414
5.58	0.04856
5.585	0.067808
5.59	0.085678
5.595	0.094101
5.6	0.083038
5.605	0.053785
5.61	0.020078
5.615	-0.0088168
5.62	-0.034856
5.625	-0.059225
5.63	-0.073658
5.635	-0.068261
5.64	-0.046147
5.645	-0.020127
5.65	0.0021583
5.655	0.015562
5.66	0.023513
5.665	0.028432
5.67	0.026676
5.675	0.016099
5.68	-0.0023048
5.685	-0.022782
5.69	-0.036915
5.695	-0.048969
5.7	-0.06494
5.705	-0.081401
5.71	-0.086492
5.715	-0.069217
5.72	-0.035459
5.725	-0.0023247
5.73	0.013338
5.735	0.015454
5.74	0.012818
5.745	0.012173
5.75	0.02261
5.755	0.044139
5.76	0.064484
5.765	0.07099
5.77	0.060768
5.775	0.039273
5.78	0.016595
5.785	-0.0018304
5.79	-0.013721
5.795	-0.015175
5.8	-0.012881
5.805	-0.01024
5.81	0.00039028
5.815	0.022475
5.82	0.048288
5.825	0.050534
5.83	0.013598
5.835	-0.037128
5.84	-0.064645
5.845	-0.058941
5.85	-0.036903
5.855	-0.027511
5.86	-0.035979
5.865	-0.030732
5.87	0.004682
5.875	0.044694
5.88	0.057869
5.885	0.037929
5.89	0.0070047
5.895	-0.0076887
5.9	-8.0344e-05
5.905	0.0046453
5.91	-0.022082
5.915	-0.068567
5.92	-0.10575
5.925	-0.11399
5.93	-0.091826
5.935	-0.059367
5.94	-0.02686
5.945	0.0089086
5.95	0.038529
5.955	0.049259
5.96	0.041027
5.965	0.027025
5.97	0.019397
5.975	0.021738
5.98	0.031188
5.985	0.040138
5.99	0.04476
5.995	0.045177
6	0.040197
6.005	0.0214
6.01	-0.015929
6.015	-0.05643
6.02	-0.071007
6.025	-0.040589
6.03	0.017682
6.035	0.067812
6.04	0.08909
6.045	0.082061
6.05	0.059183
6.055	0.031532
6.06	0.0040324
6.065	-0.018614
6.07	-0.032
6.075	-0.024889
6.08	-0.0062121
6.085	0.0014148
6.09	-0.016769
6.095	-0.046743
6.1	-0.070334
6.105	-0.081093
6.11	-0.074009
6.115	-0.047104
6.12	-0.0040886
6.125	0.04137
6.13	0.066777
6.135	0.069166
6.14	0.056176
6.145	0.034063
6.15	0.013825
6.155	0.0092838
6.16	0.021513
6.165	0.030132
6.17	0.024753
6.175	0.01279
6.18	0.0024321
6.185	0.0016572
6.19	0.0077126
6.195	0.01657
6.2	0.025556
6.205	0.026796
6.21	0.012534
6.215	-0.019856
6.22	-0.062187
6.225	-0.095498
6.23	-0.099709
6.235	-0.068694
6.24	-0.021017
6.245	0.019114
6.25	0.042333
6.255	0.055503
6.26	0.06145
6.265	0.054154
6.27	0.038639
6.275	0.028934
6.28	0.026445
6.285	0.020234
6.29	0.007997
6.295	0.005936
6.3	0.026306
6.305	0.049787
6.31	0.054612
6.315	0.030636
6.32	-0.0066905
6.325	-0.033661
6.33	-0.029844
6.335	-0.0018931
6.34	0.022262
6.345	0.025896
6.35	0.011722
6.355	-0.0019386
6.36	-0.0052464
6.365	-0.0081123
6.37	-0.013719
6.375	-0.020723
6.38	-0.030447
6.385	-0.035234
6.39	-0.026939
6.395	-0.012069
6.4	-0.006587
6.405	-0.023083
6.41	-0.050925
6.415	-0.069438
6.42	-0.051085
6.425	-0.008568
6.43	0.017698
6.435	0.0073795
6.44	-0.019152
6.445	-0.029556
6.45	-0.011217
6.455	0.016272
6.46	0.03053
6.465	0.024646
6.47	0.0093729
6.475	-0.00083827
6.48	0.0021805
6.485	0.0051783
6.49	-0.0033739
6.495	-0.017022
6.5	-0.02091
6.505	-0.023284
6.51	-0.035213
6.515	-0.0526
6.52	-0.060365
6.525	-0.049463
6.53	-0.027617
6.535	-0.0082886
6.54	0.0053217
6.545	0.016685
6.55	0.030978
6.555	0.053094
6.56	0.079321
6.565	0.095064
6.57	0.081552
6.575	0.043566
6.58	0.00081746
6.585	-0.036556
6.59	-0.063522
6.595	-0.064889
6.6	-0.037242
6.605	-0.0078083
6.61	0.00197
6.615	0.001452
6.62	0.0055649
6.625	0.0094926
6.63	0.0014119
6.635	-0.012789
6.64	-0.0097657
6.645	0.018825
6.65	0.053262
6.655	0.061348
6.66	0.029456
6.665	-0.019986
6.67	-0.052189
6.675	-0.04444
6.68	-0.0011143
6.685	0.043148
6.69	0.064213
6.695	0.055971
6.7	0.025515
6.705	-0.0077666
6.71	-0.027075
6.715	-0.029543
6.72	-0.018682
6.725	-0.0040512
6.73	0.0015577
6.735	-0.0050124
6.74	-0.018922
6.745	-0.029762
6.75	-0.030328
6.755	-0.031469
6.76	-0.037838
6.765	-0.037063
6.77	-0.022298
6.775	0.0010381
6.78	0.018089
6.785	0.011076
6.79	-0.014369
6.795	-0.039085
6.8	-0.045526
6.805	-0.024541
6.81	0.0084907
6.815	0.030338
6.82	0.037764
6.825	0.034845
6.83	0.027824
6.835	0.025655
6.84	0.029039
6.845	0.031016
6.85	0.026842
6.855	0.015949
6.86	0.0011776
6.865	-0.016834
6.87	-0.030642
6.875	-0.03706
6.88	-0.042004
6.885	-0.046734
6.89	-0.045776
6.895	-0.030018
6.9	-0.0019752
6.905	0.022493
6.91	0.026355
6.915	0.0052859
6.92	-0.022038
6.925	-0.036331
6.93	-0.030519
6.935	-0.014993
6.94	-0.010008
6.945	-0.021886
6.95	-0.027559
6.955	-0.0080361
6.96	0.021096
6.965	0.033587
6.97	0.030305
6.975	0.027974
6.98	0.027775
6.985	0.023419
6.99	0.015266
6.995	0.0040413
7	-0.0061196
7.005	-0.0074698
7.01	-0.0012176
7.015	0.0022472
7.02	0.00045411
7.025	0.00099693
7.03	0.0096302
7.035	0.018886
7.04	0.022124
7.045	0.027975
7.05	0.042715
7.055	0.057561
7.06	0.066285
7.065	0.067792
7.07	0.066264
7.075	0.068902
7.08	0.068572
7.085	0.053848
7.09	0.027816
7.095	-0.00010211
7.1	-0.02646
7.105	-0.054509
7.11	-0.079009
7.115	-0.089984
7.12	-0.080355
7.125	-0.05329
7.13	-0.019787
7.135	0.009609
7.14	0.026977
7.145	0.030678
7.15	0.029675
7.155	0.031678
7.16	0.03518
7.165	0.035149
7.17	0.026715
7.175	0.0056118
7.18	-0.020369
7.185	-0.042698
7.19	-0.055739
7.195	-0.064359
7.2	-0.072737
7.205	-0.070507
7.21	-0.05021
7.215	-0.016082
7.22	0.014233
7.225	0.024973
7.23	0.018096
7.235	0.0078695
7.24	0.0051423
7.245	0.01179
7.25	0.020733
7.255	0.023832
7.26	0.02458
7.265	0.024377
7.27	0.024189
7.275	0.026615
7.28	0.032864
7.285	0.035633
7.29	0.028649
7.295	0.014176
7.3	-0.0034913
7.305	-0.020384
7.31	-0.036062
7.315	-0.04978
7.32	-0.054765
7.325	-0.043927
7.33	-0.021305
7.335	0.0045984
7.34	0.025912
7.345	0.036071
7.35	0.033446
7.355	0.01891
7.36	0.0078767
7.365	0.0070383
7.37	0.0086161
7.375	0.0057829
7.38	-0.0049472
7.385	-0.018452
7.39	-0.023161
7.395	-0.018681
7.4	-0.0099048
7.405	-0.0021837
7.41	-0.00032329
7.415	-0.0046281
7.42	-0.0095926
7.425	-0.0083728
7.43	-0.0031259
7.435	0.00056659
7.44	0.0016163
7.445	0.0031662
7.45	0.00206
7.455	-0.0073397
7.46	-0.021815
7.465	-0.027602
7.47	-0.012387
7.475	0.021547
7.48	0.057348
7.485	0.081146
7.49	0.08176
7.495	0.057618
7.5	0.018001
7.505	-0.020684
7.51	-0.045857
7.515	-0.052484
7.52	-0.041289
7.525	-0.019379
7.53	0.0073993
7.535	0.03067
7.54	0.038587
7.545	0.02534
7.55	0.0048455
7.555	-0.0065688
7.56	-0.00068194
7.565	0.017277
7.57	0.027908
7.575	0.022313
7.58	0.0084264
7.585	-0.0027928
7.59	-0.010809
7.595	-0.016486
7.6	-0.018531
7.605	-0.022755
7.61	-0.034154
7.615	-0.045114
7.62	-0.046742
7.625	-0.035954
7.63	-0.019518
7.635	-0.0064646
7.64	0.0078573
7.645	0.028042
7.65	0.048505
7.655	0.056569
7.66	0.041736
7.665	0.015904
7.67	0.00063795
7.675	0.0075796
7.68	0.027026
7.685	0.041413
7.69	0.040085
7.695	0.023927
7.7	0.0026573
7.705	-0.015618
7.71	-0.031503
7.715	-0.053035
7.72	-0.08386
7.725	-0.11499
7.73	-0.12651
7.735	-0.10167
7.74	-0.047127
7.745	0.0019418
7.75	0.025894
7.755	0.031085
7.76	0.034506
7.765	0.0467
7.77	0.060725
7.775	0.068819
7.78	0.073459
7.785	0.074293
7.79	0.066704
7.795	0.051692
7.8	0.033732
7.805	0.020906
7.81	0.013668
7.815	0.00086032
7.82	-0.018868
7.825	-0.035066
7.83	-0.038026
7.835	-0.032134
7.84	-0.030586
7.845	-0.038675
7.85	-0.051142
7.855	-0.060062
7.86	-0.069407
7.865	-0.075477
7.87	-0.066401
7.875	-0.042043
7.88	-0.012876
7.885	0.010381
7.89	0.030339
7.895	0.050061
7.9	0.064789
7.905	0.067485
7.91	0.06123
7.915	0.051903
7.92	0.04353
7.925	0.034492
7.93	0.022349
7.935	0.0043944
7.94	-0.02218
7.945	-0.048189
7.95	-0.061088
7.955	-0.056262
7.96	-0.040759
7.965	-0.025493
7.97	-0.018018
7.975	-0.014837
7.98	-0.0074901
7.985	0.0022023
7.99	0.0069973
7.995	0.0066072
8	0.0085145
8.005	0.014928
8.01	0.02226
8.015	0.030169
8.02	0.034355
8.025	0.035009
8.03	0.035085
8.035	0.033281
8.04	0.023816
8.045	0.01196
8.05	0.0056415
8.055	-0.001515
8.06	-0.01645
8.065	-0.032533
8.07	-0.044555
8.075	-0.049901
8.08	-0.045253
8.085	-0.034549
8.09	-0.024773
8.095	-0.015624
8.1	-0.0072949
8.105	-0.0047811
8.11	-0.0074077
8.115	-0.0096838
8.12	-0.0098232
8.125	-0.0093282
8.13	-0.0057609
8.135	0.0052689
8.14	0.020023
8.145	0.025299
8.15	0.01632
8.155	0.0089832
8.16	0.017155
8.165	0.030712
8.17	0.032093
8.175	0.015543
8.18	-0.0088681
8.185	-0.027469
8.19	-0.033895
8.195	-0.033653
8.2	-0.035374
8.205	-0.034514
8.21	-0.022154
8.215	-0.001792
8.22	0.018698
8.225	0.034933
8.23	0.040711
8.235	0.036096
8.24	0.039268
8.245	0.058988
8.25	0.075823
8.255	0.064306
8.26	0.022068
8.265	-0.026741
8.27	-0.056208
8.275	-0.060104
8.28	-0.056566
8.285	-0.060375
8.29	-0.067842
8.295	-0.066388
8.3	-0.044143
8.305	-0.0053127
8.31	0.030592
8.315	0.045752
8.32	0.045639
8.325	0.048771
8.33	0.058406
8.335	0.063999
8.34	0.051498
8.345	0.020341
8.35	-0.012108
8.355	-0.026063
8.36	-0.024507
8.365	-0.026534
8.37	-0.038291
8.375	-0.046499
8.38	-0.038604
8.385	-0.019397
8.39	-0.0033736
8.395	-0.00024698
8.4	-0.0076623
8.405	-0.01714
8.41	-0.020052
8.415	-0.013422
8.42	-0.0047002
8.425	-0.0075298
8.43	-0.023896
8.435	-0.039272
8.44	-0.04201
8.445	-0.026186
8.45	0.004618
8.455	0.031389
8.46	0.043744
8.465	0.041076
8.47	0.025171
8.475	0.0045473
8.48	-0.014494
8.485	-0.034419
8.49	-0.046021
8.495	-0.038711
8.5	-0.019004
8.505	-0.0011795
8.51	0.010515
8.515	0.01817
8.52	0.024594
8.525	0.035698
8.53	0.051529
8.535	0.062143
8.54	0.061992
8.545	0.047255
8.55	0.018579
8.555	-0.016939
8.56	-0.043674
8.565	-0.05317
8.57	-0.047244
8.575	-0.031026
8.58	-0.015478
8.585	-0.0058953
8.59	0.00081747
8.595	0.0049838
8.6	0.0060473
8.605	0.0040354
8.61	-0.0022118
8.615	-0.0067997
8.62	0.00040205
8.625	0.017811
8.63	0.031321
8.635	0.032829
8.64	0.023381
8.645	0.012431
8.65	0.0094818
8.655	0.0086349
8.66	0.0055803
8.665	-0.002733
8.67	-0.012108
8.675	-0.013083
8.68	-0.0054478
8.685	-0.0040561
8.69	-0.018332
8.695	-0.032243
8.7	-0.030719
8.705	-0.01762
8.71	-0.0048287
8.715	0.0059834
8.72	0.019765
8.725	0.035339
8.73	0.044272
8.735	0.042131
8.74	0.031435
8.745	0.01865
8.75	0.0143
8.755	0.018088
8.76	0.011415
8.765	-0.01077
8.77	-0.033488
8.775	-0.037409
8.78	-0.016558
8.785	0.0094539
8.79	0.021187
8.795	0.016788
8.8	0.0055811
8.805	-0.0062481
8.81	-0.014346
8.815	-0.012287
8.82	-0.0046132
8.825	0.00097295
8.83	0.0035331
8.835	0.002838
8.84	0.00154
8.845	0.0017181
8.85	0.0013286
8.855	-0.003539
8.86	-0.01236
8.865	-0.018248
8.87	-0.016572
8.875	-0.013961
8.88	-0.011348
8.885	-0.0077182
8.89	-0.0046993
8.895	-0.004265
8.9	-0.0047943
8.905	-0.0044989
8.91	-0.0033131
8.915	0.00082999
8.92	0.009506
8.925	0.018406
8.93	0.021828
8.935	0.014573
8.94	-0.0027025
8.945	-0.024655
8.95	-0.045864
8.955	-0.054157
8.96	-0.040012
8.965	-0.014818
8.97	-0.0022469
8.975	-0.012269
8.98	-0.027718
8.985	-0.028129
8.99	-0.017576
8.995	-0.010451
9	-0.0067921
9.005	-0.00026143
9.01	0.011602
9.015	0.024173
9.02	0.029213
9.025	0.027274
9.03	0.020362
9.035	0.011705
9.04	0.0043609
9.045	0.0019468
9.05	0.0044836
9.055	0.0020417
9.06	-0.0088601
9.065	-0.017576
9.07	-0.019465
9.075	-0.02453
9.08	-0.035691
9.085	-0.045846
9.09	-0.051487
9.095	-0.048449
9.1	-0.0355
9.105	-0.022057
9.11	-0.014349
9.115	-0.0099413
9.12	-0.0033686
9.125	0.0083268
9.13	0.018523
9.135	0.020215
9.14	0.017391
9.145	0.016461
9.15	0.017328
9.155	0.014344
9.16	0.0074182
9.165	0.0035516
9.17	0.0026237
9.175	0.0013039
9.18	-0.00034466
9.185	-0.0056063
9.19	-0.016594
9.195	-0.025678
9.2	-0.02568
9.205	-0.018545
9.21	-0.0086823
9.215	0.0023967
9.22	0.014386
9.225	0.01957
9.23	0.016166
9.235	0.0090692
9.24	0.0028338
9.245	-0.0039068
9.25	-0.0097764
9.255	-0.0088842
9.26	0.00063729
9.265	0.015023
9.27	0.03008
9.275	0.040875
9.28	0.043907
9.285	0.041769
9.29	0.037283
9.295	0.021339
9.3	-0.0077041
9.305	-0.033858
9.31	-0.04204
9.315	-0.030058
9.32	-0.013553
9.325	-0.0067479
9.33	-0.010465
9.335	-0.012313
9.34	-0.0047338
9.345	0.0045966
9.35	0.0045756
9.355	-0.0020662
9.36	-0.0030536
9.365	0.0050505
9.37	0.008886
9.375	-0.0015617
9.38	-0.018844
9.385	-0.024922
9.39	-0.012964
9.395	0.007348
9.4	0.022616
9.405	0.029643
9.41	0.035723
9.415	0.041246
9.42	0.038593
9.425	0.026266
9.43	0.00952
9.435	-0.010766
9.44	-0.031136
9.445	-0.048015
9.45	-0.055051
9.455	-0.040593
9.46	-0.0098601
9.465	0.020044
9.47	0.038269
9.475	0.047672
9.48	0.05747
9.485	0.067356
9.49	0.067535
9.495	0.051911
9.5	0.031514
9.505	0.019976
9.51	0.014776
9.515	0.0037851
9.52	-0.019982
9.525	-0.048127
9.53	-0.066373
9.535	-0.067892
9.54	-0.056484
9.545	-0.039114
9.55	-0.018276
9.555	0.0012059
9.56	0.013411
9.565	0.018828
9.57	0.01777
9.575	0.013961
9.58	0.010062
9.585	0.009549
9.59	0.018054
9.595	0.033763
9.6	0.050959
9.605	0.062682
9.61	0.062304
9.615	0.04895
9.62	0.028623
9.625	0.0080216
9.63	-0.0068693
9.635	-0.012239
9.64	-0.011651
9.645	-0.011962
9.65	-0.014634
9.655	-0.016207
9.66	-0.013825
9.665	-0.010762
9.67	-0.010415
9.675	-0.012233
9.68	-0.016965
9.685	-0.025588
9.69	-0.036199
9.695	-0.04122
9.7	-0.037614
9.705	-0.02724
9.71	-0.014032
9.715	-0.0024928
9.72	0.0053455
9.725	0.011542
9.73	0.016686
9.735	0.020487
9.74	0.021274
9.745	0.018903
9.75	0.013707
9.755	0.014129
9.76	0.021047
9.765	0.028436
9.77	0.029165
9.775	0.024512
9.78	0.016611
9.785	0.0011019
9.79	-0.020156
9.795	-0.036044
9.8	-0.036474
9.805	-0.028065
9.81	-0.022051
9.815	-0.016537
9.82	-0.0029454
9.825	0.01467
9.83	0.024821
9.835	0.022081
9.84	0.011841
9.845	-0.00025784
9.85	-0.0097013
9.855	-0.011896
9.86	-0.0021185
9.865	0.0151
9.87	0.022686
9.875	0.014906
9.88	0.0024356
9.885	0.0016519
9.89	0.010784
9.895	0.014647
9.9	0.004823
9.905	-0.01028
9.91	-0.021039
9.915	-0.019747
9.92	-0.0027147
9.925	0.01411
9.93	0.01216
9.935	-0.0093554
9.94	-0.034669
9.945	-0.042394
9.95	-0.023929
9.955	0.0063251
9.96	0.026576
9.965	0.028591
9.97	0.01316
9.975	-0.0060653
9.98	-0.012394
9.985	-0.0068641
9.99	0.0015677
9.995	0.0069289
10	0.0070363
10.005	0.0031359
10.01	-0.003274
10.015	-0.012928
10.02	-0.024519
10.025	-0.030742
10.03	-0.029822
10.035	-0.020379
10.04	-0.010414
10.045	-0.001759
10.05	0.0047406
10.055	0.0074498
10.06	0.0052179
10.065	-0.00075904
10.07	-0.0025688
10.075	0.0063272
10.08	0.020991
10.085	0.02644
10.09	0.020983
10.095	0.014709
10.1	0.015808
10.105	0.020089
10.11	0.015953
10.115	0.0029848
10.12	-0.0040106
10.125	0.0049048
10.13	0.015973
10.135	0.010108
10.14	-0.0036252
10.145	-0.0099697
10.15	-0.014427
10.155	-0.023916
10.16	-0.032765
10.165	-0.032576
10.17	-0.019016
10.175	0.0034366
10.18	0.021464
10.185	0.023554
10.19	0.012923
10.195	0.0040372
10.2	3.7895e-05
10.205	-0.0017049
10.21	-0.0022806
10.215	-0.0080854
10.22	-0.012515
10.225	-0.00049983
10.23	0.023142
10.235	0.039711
10.24	0.038447
10.245	0.023974
10.25	0.013751
10.255	0.014994
10.26	0.023164
10.265	0.023432
10.27	0.015169
10.275	0.0096346
10.28	0.0084445
10.285	0.0083659
10.29	0.0060264
10.295	0.0025103
10.3	-0.0042592
10.305	-0.015865
10.31	-0.027242
10.315	-0.026513
10.32	-0.010904
10.325	0.0038052
10.33	-0.0010561
10.335	-0.02284
10.34	-0.043787
10.345	-0.053545
10.35	-0.050027
10.355	-0.034411
10.36	-0.013819
10.365	0.0013287
10.37	0.0062647
10.375	0.0066605
10.38	0.006447
10.385	0.0031691
10.39	0.00045465
10.395	0.0050458
10.4	0.016873
10.405	0.028266
10.41	0.030738
10.415	0.020451
10.42	0.0024463
10.425	-0.012787
10.43	-0.022025
10.435	-0.025024
10.44	-0.025397
10.445	-0.027059
10.45	-0.027003
10.455	-0.024553
10.46	-0.018505
10.465	-0.0066564
10.47	0.010984
10.475	0.029406
10.48	0.044842
10.485	0.05584
10.49	0.058256
10.495	0.048729
10.5	0.031081
10.505	0.014914
10.51	0.0080432
10.515	0.0089968
10.52	0.0073401
10.525	-0.0067604
10.53	-0.028207
10.535	-0.044605
10.54	-0.051895
10.545	-0.048225
10.55	-0.03403
10.555	-0.012938
10.56	0.010883
10.565	0.024678
10.57	0.022729
10.575	0.013378
10.58	0.0065476
10.585	0.0051084
10.59	0.0076423
10.595	0.0087575
10.6	-0.001247
10.605	-0.018789
10.61	-0.026151
10.615	-0.01693
10.62	-0.0010373
10.625	0.010337
10.63	0.013141
10.635	0.011524
10.64	0.011355
10.645	0.011696
10.65	0.012558
10.655	0.013198
10.66	0.013307
10.665	0.0078969
10.67	-0.0069365
10.675	-0.020178
10.68	-0.024545
10.685	-0.022113
10.69	-0.019851
10.695	-0.018273
10.7	-0.012269
10.705	-0.0039946
10.71	-0.00093045
10.715	-0.0040689
10.72	-0.0037992
10.725	0.0054511
10.73	0.017136
10.735	0.022761
10.74	0.017709
10.745	0.0047768
10.75	-0.005495
10.755	-0.0076401
10.76	-0.0030685
10.765	0.00046047
10.77	0.0011963
10.775	0.0010491
10.78	0.00266
10.785	0.0031194
10.79	0.00024238
10.795	-0.0038642
10.8	-0.01072
10.805	-0.01864
10.81	-0.025275
10.815	-0.031371
10.82	-0.029453
10.825	-0.016895
10.83	-0.0022906
10.835	0.01219
10.84	0.025703
10.845	0.036061
10.85	0.045638
10.855	0.052264
10.86	0.049972
10.865	0.036059
10.87	0.012543
10.875	-0.011957
10.88	-0.029658
10.885	-0.040716
10.89	-0.042566
10.895	-0.042563
10.9	-0.046492
10.905	-0.043101
10.91	-0.027362
10.915	-0.0093206
10.92	0.0087725
10.925	0.025497
10.93	0.038316
10.935	0.041527
10.94	0.031715
10.945	0.015699
10.95	0.0011891
10.955	-0.0063575
10.96	-0.0063233
10.965	-0.0041389
10.97	0.0026161
10.975	0.015505
10.98	0.028925
10.985	0.030007
10.99	0.012755
10.995	-0.0061166
11	-0.0096784
11.005	0.0014763
11.01	0.013236
11.015	0.011028
11.02	-0.0047115
11.025	-0.01686
11.03	-0.01396
11.035	-0.00099518
11.04	0.0095851
11.045	0.013191
11.05	0.01785
11.055	0.028919
11.06	0.039553
11.065	0.041473
11.07	0.030635
11.075	0.01148
11.08	-0.0068368
11.085	-0.020118
11.09	-0.026531
11.095	-0.026587
11.1	-0.025493
11.105	-0.024376
11.11	-0.016457
11.115	-0.0048462
11.12	0.004629
11.125	0.012213
11.13	0.020322
11.135	0.028627
11.14	0.033179
11.145	0.030257
11.15	0.016909
11.155	-0.0026023
11.16	-0.020877
11.165	-0.028903
11.17	-0.026037
11.175	-0.019265
11.18	-0.012621
11.185	-0.0068653
11.19	-0.0021595
11.195	0.0033588
11.2	0.006039
11.205	0.0053352
11.21	0.003149
11.215	-0.0035922
11.22	-0.012953
11.225	-0.011994
11.23	-0.00011208
11.235	0.013498
11.24	0.015222
11.245	0.0060642
11.25	0.00181
11.255	0.0069829
11.26	0.01703
11.265	0.026976
11.27	0.029671
11.275	0.025108
11.28	0.017666
11.285	0.0096114
11.29	0.0015512
11.295	-0.0085713
11.3	-0.021782
11.305	-0.02997
11.31	-0.028729
11.315	-0.021546
11.32	-0.011675
11.325	-0.0049622
11.33	0.0010873
11.335	0.0078827
11.34	0.013182
11.345	0.015355
11.35	0.011495
11.355	0.00049435
11.36	-0.013038
11.365	-0.022921
11.37	-0.025552
11.375	-0.021453
11.38	-0.013828
11.385	-0.0035086
11.39	0.011682
11.395	0.027677
11.4	0.035059
11.405	0.033999
11.41	0.028524
11.415	0.024867
11.42	0.026142
11.425	0.026611
11.43	0.025393
11.435	0.025176
11.44	0.024133
11.445	0.018679
11.45	0.0079583
11.455	-0.0066167
11.46	-0.023199
11.465	-0.035135
11.47	-0.038275
11.475	-0.032693
11.48	-0.020754
11.485	-0.0081483
11.49	0.00092033
11.495	0.0045524
11.5	0.0033921
11.505	-0.00068021
11.51	0.00023569
11.515	0.0089817
11.52	0.015462
11.525	0.010101
11.53	-0.00015461
11.535	-0.0048547
11.54	-0.0033599
11.545	-0.0011999
11.55	-0.0023126
11.555	-0.005822
11.56	-0.0052773
11.565	0.0015004
11.57	0.0048356
11.575	-0.0027714
11.58	-0.014365
11.585	-0.016346
11.59	-0.0080051
11.595	0.0016699
11.6	0.0037787
11.605	-0.0039541
11.61	-0.0085874
11.615	-0.0023645
11.62	0.0085909
11.625	0.012583
11.63	0.0051984
11.635	-0.0011161
11.64	-0.00084245
11.645	-0.0013415
11.65	-0.0071683
11.655	-0.017396
11.66	-0.028292
11.665	-0.03142
11.67	-0.023023
11.675	-0.014296
11.68	-0.013009
11.685	-0.018398
11.69	-0.026758
11.695	-0.029374
11.7	-0.017462
11.705	0.0036166
11.71	0.022058
11.715	0.033175
11.72	0.036495
11.725	0.032884
11.73	0.024425
11.735	0.013576
11.74	1.1224e-05
11.745	-0.011951
11.75	-0.018626
11.755	-0.020706
11.76	-0.019501
11.765	-0.014123
11.77	-0.0094847
11.775	-0.010388
11.78	-0.014818
11.785	-0.015122
11.79	-0.0075454
11.795	0.0061699
11.8	0.018596
11.805	0.020951
11.81	0.012065
11.815	0.0034358
11.82	0.00027418
11.825	-0.0033165
11.83	-0.0076186
11.835	-0.0082313
11.84	-0.0042246
11.845	-0.00011752
11.85	-0.00086041
11.855	-0.0067717
11.86	-0.014179
11.865	-0.016528
11.87	-0.017063
11.875	-0.020404
11.88	-0.02424
11.885	-0.022923
11.89	-0.018458
11.895	-0.012471
11.9	-0.0062521
11.905	-4.7958e-05
11.91	0.0050581
11.915	0.0070896
11.92	0.0096425
11.925	0.016424
11.93	0.021979
11.935	0.016812
11.94	0.0021196
11.945	-0.012112
11.95	-0.01845
11.955	-0.014375
11.96	-0.0044657
11.965	0.0034548
11.97	0.0049165
11.975	-0.00085945
11.98	-0.0048929
11.985	0.00047131
11.99	0.010912
11.995	0.016083
12	0.0094855
12.005	-0.0017484
12.01	-0.0048201
12.015	0.00069221
12.02	0.003144
12.025	-0.00037865
12.03	-0.0031468
12.035	-0.0020169
12.04	0.0037085
12.045	0.011701
12.05	0.019588
12.055	0.023712
12.06	0.017959
12.065	0.0066014
12.07	-0.0022029
12.075	-0.0054927
12.08	-0.0032553
12.085	0.0010238
12.09	0.00044964
12.095	-0.0046683
12.1	-0.0099697
12.105	-0.011523
12.11	-0.0095617
12.115	-0.0073124
12.12	-0.0022425
12.125	0.0027083
12.13	0.0053733
12.135	0.010838
12.14	0.019556
12.145	0.024006
12.15	0.018718
12.155	0.0079083
12.16	-0.0015941
12.165	-0.00874
12.17	-0.017218
12.175	-0.026546
12.18	-0.030097
12.185	-0.026366
12.19	-0.017064
12.195	-0.0043719
12.2	0.0067439
12.205	0.013988
12.21	0.019004
12.215	0.021279
12.22	0.018594
12.225	0.013554
12.23	0.012813
12.235	0.014548
12.24	0.013314
12.245	0.0053922
12.25	-0.0085533
12.255	-0.021577
12.26	-0.028074
12.265	-0.029016
12.27	-0.028822
12.275	-0.028871
12.28	-0.023
12.285	-0.011799
12.29	-0.0011313
12.295	0.0026692
12.3	0.0017706
12.305	0.0036679
12.31	0.007689
12.315	0.012144
12.32	0.015412
12.325	0.014158
12.33	0.0074655
12.335	0.0037119
12.34	0.0040751
12.345	0.0015931
12.35	0.00087216
12.355	0.0029427
12.36	0.0065948
12.365	0.012008
12.37	0.01334
12.375	0.0047204
12.38	-0.0052894
12.385	-0.0079367
12.39	-0.0039085
12.395	-0.001131
12.4	-0.0048182
12.405	-0.0093371
12.41	-0.0096476
12.415	-0.0081313
12.42	-0.0093105
12.425	-0.012102
12.43	-0.01209
12.435	-0.0076303
12.44	0.0023024
12.445	0.0141
12.45	0.022611
12.455	0.02115
12.46	0.0058269
12.465	-0.012364
12.47	-0.020787
12.475	-0.017336
12.48	-0.0098715
12.485	-0.0057555
12.49	-0.0026742
12.495	0.0031397
12.5	0.010018
12.505	0.015007
12.51	0.014983
12.515	0.012178
12.52	0.011183
12.525	0.015014
12.53	0.017875
12.535	0.011099
12.54	-0.0053553
12.545	-0.022916
12.55	-0.033465
12.555	-0.035149
12.56	-0.028475
12.565	-0.017637
12.57	-0.0059775
12.575	0.0044066
12.58	0.011983
12.585	0.017108
12.59	0.018589
12.595	0.01764
12.6	0.016307
12.605	0.020498
12.61	0.032046
12.615	0.039808
12.62	0.031328
12.625	0.011143
12.63	-0.010764
12.635	-0.020575
12.64	-0.018607
12.645	-0.013954
12.65	-0.012447
12.655	-0.016263
12.66	-0.020107
12.665	-0.018895
12.67	-0.012433
12.675	-0.002307
12.68	0.0035246
12.685	0.0038849
12.69	0.0030246
12.695	0.0011273
12.7	-0.0019096
12.705	-0.0042503
12.71	-0.0080828
12.715	-0.016106
12.72	-0.023262
12.725	-0.024594
12.73	-0.021733
12.735	-0.016145
12.74	-0.0073834
12.745	0.0037803
12.75	0.016265
12.755	0.026407
12.76	0.03077
12.765	0.026794
12.77	0.017383
12.775	0.0095885
12.78	0.0066248
12.785	0.0089954
12.79	0.010101
12.795	0.0028195
12.8	-0.0091571
12.805	-0.018448
12.81	-0.021573
12.815	-0.020071
12.82	-0.021887
12.825	-0.028779
12.83	-0.028019
12.835	-0.012008
12.84	0.0071538
12.845	0.013249
12.85	0.0063359
12.855	-8.6642e-05
12.86	-0.0023088
12.865	-0.00037142
12.87	0.0029576
12.875	0.0065751
12.88	0.010242
12.885	0.013793
12.89	0.016364
12.895	0.016184
12.9	0.012531
12.905	0.0042731
12.91	-0.0050622
12.915	-0.010906
12.92	-0.012958
12.925	-0.016036
12.93	-0.01516
12.935	-0.0055673
12.94	0.0059092
12.945	0.013021
12.95	0.014995
12.955	0.013997
12.96	0.012055
12.965	0.0061962
12.97	-0.0025697
12.975	-0.0087944
12.98	-0.0059444
12.985	0.0021741
12.99	0.0086998
12.995	0.00845
13	0.0037547
13.005	-0.0034901
13.01	-0.0082168
13.015	0.00030481
13.02	0.017526
13.025	0.03305
13.03	0.040404
13.035	0.038253
13.04	0.029351
13.045	0.017327
13.05	0.0054699
13.055	-0.0046318
13.06	-0.016619
13.065	-0.027768
13.07	-0.030369
13.075	-0.024633
13.08	-0.015242
13.085	-0.0047306
13.09	0.003353
13.095	0.0050331
13.1	0.0033395
13.105	0.0032384
13.11	0.0044681
13.115	0.0036991
13.12	0.0017008
13.125	0.0031022
13.13	0.0061478
13.135	0.0057728
13.14	0.00063249
13.145	-0.0025026
13.15	0.0019866
13.155	0.0066344
13.16	0.0054951
13.165	-0.00033045
13.17	-0.0033677
13.175	0.0018813
13.18	0.010556
13.185	0.016662
13.19	0.015569
13.195	0.0066566
13.2	-0.0085045
13.205	-0.026052
13.21	-0.039528
13.215	-0.046308
13.22	-0.043083
13.225	-0.032738
13.23	-0.018329
13.235	-0.0037989
13.24	0.007362
13.245	0.012008
13.25	0.0092658
13.255	0.0060658
13.26	0.0039119
13.265	0.0015591
13.27	-0.00064832
13.275	2.0441e-05
13.28	0.0043989
13.285	0.010226
13.29	0.015122
13.295	0.015171
13.3	0.010705
13.305	0.002667
13.31	-0.0049738
13.315	-0.0088907
13.32	-0.010134
13.325	-0.0088416
13.33	-0.0046448
13.335	0.0020789
13.34	0.010626
13.345	0.013414
13.35	0.0055706
13.355	-0.0084916
13.36	-0.017739
13.365	-0.014425
13.37	-0.0029881
13.375	0.0076408
13.38	0.0092758
13.385	0.0082254
13.39	0.010902
13.395	0.012437
13.4	0.0065207
13.405	-0.0018138
13.41	-0.0099458
13.415	-0.018513
13.42	-0.019709
13.425	-0.0099717
13.43	0.0035687
13.435	0.011126
13.44	0.010539
13.445	0.010979
13.45	0.01644
13.455	0.022163
13.46	0.021971
13.465	0.015148
13.47	0.0098362
13.475	0.0074907
13.48	0.0017782
13.485	-0.0081612
13.49	-0.01753
13.495	-0.022006
13.5	-0.021121
13.505	-0.017524
13.51	-0.014897
13.515	-0.010484
13.52	-0.0019607
13.525	0.0063729
13.53	0.0077928
13.535	0.0070736
13.54	0.010686
13.545	0.014895
13.55	0.017105
13.555	0.016922
13.56	0.013785
13.565	0.010659
13.57	0.0070552
13.575	0.00331
13.58	0.0027633
13.585	0.0029688
13.59	-0.001193
13.595	-0.007452
13.6	-0.011064
13.605	-0.015272
13.61	-0.019501
13.615	-0.020984
13.62	-0.019026
13.625	-0.011981
13.63	-0.0028384
13.635	0.0020235
13.64	0.004483
13.645	0.0094344
13.65	0.013364
13.655	0.015304
13.66	0.016736
13.665	0.017915
13.67	0.016169
13.675	0.0075575
13.68	-0.0032233
13.685	-0.011151
13.69	-0.012935
13.695	-0.0092524
13.7	-0.0070068
13.705	-0.0039034
13.71	0.0035098
13.715	0.00792
13.72	0.0070335
13.725	0.0058379
13.73	0.0085398
13.735	0.015534
13.74	0.020668
13.745	0.014728
13.75	-0.00021756
13.755	-0.014781
13.76	-0.026357
13.765	-0.028513
13.77	-0.018212
13.775	-0.0051897
13.78	0.0034307
13.785	0.0041387
13.79	-0.00064096
13.795	-0.0046744
13.8	-0.0066431
13.805	-0.0040432
13.81	0.00028023
13.815	0.0036714
13.82	0.0066641
13.825	0.0049858
13.83	-0.0027059
13.835	-0.014023
13.84	-0.021714
13.845	-0.021968
13.85	-0.018565
13.855	-0.018557
13.86	-0.019988
13.865	-0.021748
13.87	-0.018552
13.875	-0.0078116
13.88	0.0017782
13.885	0.0074778
13.89	0.011909
13.895	0.018194
13.9	0.02413
13.905	0.028111
13.91	0.028947
13.915	0.023873
13.92	0.015271
13.925	0.0086492
13.93	0.0045451
13.935	0.002663
13.94	-0.00058914
13.945	-0.0059145
13.95	-0.010304
13.955	-0.011847
13.96	-0.013047
13.965	-0.013549
13.97	-0.012044
13.975	-0.0070472
13.98	-0.00098237
13.985	-0.00069568
13.99	-0.0049212
13.995	-0.0054118
14	-0.00075724
14.005	0.0033632
14.01	0.0062708
14.015	0.0084908
14.02	0.0097283
14.025	0.011304
14.03	0.010495
14.035	0.0033513
14.04	-0.0055037
14.045	-0.0079642
14.05	-0.0075888
14.055	-0.0073137
14.06	-0.0063284
14.065	-0.0087107
14.07	-0.014441
14.075	-0.020171
14.08	-0.025843
14.085	-0.02852
14.09	-0.023826
14.095	-0.013067
14.1	-0.00026646
14.105	0.011022
14.11	0.017401
14.115	0.016745
14.12	0.01228
14.125	0.0095841
14.13	0.0044419
14.135	-0.0051437
14.14	-0.0091153
14.145	-0.0053954
14.15	0.001628
14.155	0.0041127
14.16	0.0028912
14.165	-0.00093333
14.17	-0.0056875
14.175	-0.0093743
14.18	-0.012346
14.185	-0.015043
14.19	-0.015726
14.195	-0.014315
14.2	-0.010612
14.205	-0.0057497
14.21	-0.0013884
14.215	0.0018515
14.22	0.0028132
14.225	0.003853
14.23	0.0086851
14.235	0.010755
14.24	0.011817
14.245	0.014754
14.25	0.016307
14.255	0.015632
14.26	0.014073
14.265	0.010681
14.27	0.0054379
14.275	-0.00085089
14.28	-0.0036258
14.285	-0.0045208
14.29	-0.0043861
14.295	-0.0021163
14.3	-0.0020578
14.305	-0.007246
14.31	-0.0077056
14.315	-0.0019441
14.32	0.0013205
14.325	0.00073025
14.33	0.0024861
14.335	0.007137
14.34	0.0094158
14.345	0.0083939
14.35	0.0060143
14.355	0.001217
14.36	-0.001174
14.365	0.00012763
14.37	0.0020338
14.375	0.0042506
14.38	0.0054359
14.385	0.0058012
14.39	0.0016188
14.395	-0.0031059
14.4	-0.0073042
14.405	-0.0067875
14.41	0.0024247
14.415	0.015659
14.42	0.023993
14.425	0.02379
14.43	0.015077
14.435	0.004424
14.44	-0.0045681
14.445	-0.016176
14.45	-0.027052
14.455	-0.03266
14.46	-0.028883
14.465	-0.018805
14.47	-0.0089795
14.475	-0.00038424
14.48	0.0039386
14.485	0.002974
14.49	-0.00022273
14.495	-0.00036872
14.5	0.0031212
14.505	0.0080065
14.51	0.0049354
14.515	-0.00045213
14.52	-0.0010749
14.525	6.6067e-05
14.53	-0.0026089
14.535	-0.0068395
14.54	-0.0050488
14.545	0.00058726
14.55	0.002455
14.555	0.0014601
14.56	0.0044972
14.565	0.012796
14.57	0.020086
14.575	0.023122
14.58	0.016484
14.585	0.0044756
14.59	-0.0063231
14.595	-0.017127
14.6	-0.022867
14.605	-0.021783
14.61	-0.01871
14.615	-0.014572
14.62	-0.013318
14.625	-0.015393
14.63	-0.018233
14.635	-0.016781
14.64	-0.0071169
14.645	0.0067175
14.65	0.015083
14.655	0.013461
14.66	0.0062884
14.665	0.00063199
14.67	0.0046391
14.675	0.015364
14.68	0.021949
14.685	0.021599
14.69	0.016908
14.695	0.013906
14.7	0.012018
14.705	0.0083618
14.71	0.0027528
14.715	-0.0046884
14.72	-0.010667
14.725	-0.014304
14.73	-0.01813
14.735	-0.023747
14.74	-0.026269
14.745	-0.02208
14.75	-0.014231
14.755	-0.0037635
14.76	0.0089094
14.765	0.020142
14.77	0.023227
14.775	0.017714
14.78	0.01007
14.785	0.0070436
14.79	0.0058318
14.795	0.0057531
14.8	0.0066419
14.805	0.0056249
14.81	0.00099195
14.815	-0.0061234
14.82	-0.0091128
14.825	-0.0058364
14.83	-0.0055263
14.835	-0.01343
14.84	-0.021472
14.845	-0.022142
14.85	-0.018176
14.855	-0.013335
14.86	-0.0071365
14.865	-0.00087907
14.87	0.0057934
14.875	0.013658
14.88	0.019358
14.885	0.020376
14.89	0.018936
14.895	0.017747
14.9	0.014467
14.905	0.0052433
14.91	-0.0048289
14.915	-0.012678
14.92	-0.015795
14.925	-0.014488
14.93	-0.013504
14.935	-0.014421
14.94	-0.015412
14.945	-0.014705
14.95	-0.010395
14.955	-0.0019837
14.96	0.0075351
14.965	0.014637
14.97	0.015839
14.975	0.011744
14.98	0.0081623
14.985	0.0043647
14.99	-0.00057505
14.995	-0.0038143
15	-0.0014519
15.005	0.0059185
15.01	0.0119
15.015	0.01174
15.02	0.0053273
15.025	-0.0015562
15.03	-0.00093562
15.035	0.0042691
15.04	0.0057202
15.045	0.0030558
15.05	-0.0013622
15.055	-0.0075648
15.06	-0.013222
15.065	-0.014195
15.07	-0.010126
15.075	-0.0048716
15.08	-0.0027382
15.085	-0.0023897
15.09	-0.0015023
15.095	-0.0024272
15.1	-0.0039767
15.105	-0.0014911
15.11	0.0046547
15.115	0.011701
15.12	0.016828
15.125	0.015656
15.13	0.0090503
15.135	0.00041474
15.14	-0.0044641
15.145	-0.00051905
15.15	0.0069778
15.155	0.012834
15.16	0.015092
15.165	0.015056
15.17	0.014187
15.175	0.011894
15.18	0.0073403
15.185	-0.00025118
15.19	-0.0043201
15.195	0.00057835
15.2	0.0070254
15.205	0.0060819
15.21	-0.0013403
15.215	-0.0074579
15.22	-0.0078095
15.225	-0.0053351
15.23	-0.0049812
15.235	-0.0091849
15.24	-0.010515
15.245	-0.0041747
15.25	0.00074058
15.255	-0.0012253
15.26	-0.0015831
15.265	0.0040322
15.27	0.012794
15.275	0.021421
15.28	0.0269
15.285	0.028612
15.29	0.025413
15.295	0.019863
15.3	0.015024
15.305	0.0087079
15.31	0.0034083
15.315	-0.00058845
15.32	-0.0083343
15.325	-0.018453
15.33	-0.025895
15.335	-0.028689
15.34	-0.027259
15.345	-0.019075
15.35	-0.005483
15.355	0.0063864
15.36	0.013321
15.365	0.016694
15.37	0.018292
15.375	0.020266
15.38	0.018499
15.385	0.012983
15.39	0.0094638
15.395	0.0066927
15.4	0.0036179
15.405	-0.0007877
15.41	-0.0086222
15.415	-0.013006
15.42	-0.0086343
15.425	-0.0034694
15.43	-0.0043268
15.435	-0.010062
15.44	-0.0156
15.445	-0.015298
15.45	-0.012501
15.455	-0.011555
15.46	-0.010843
15.465	-0.0071949
15.47	-0.0019626
15.475	0.0024107
15.48	0.0044078
15.485	0.003723
15.49	0.0018785
15.495	0.0014926
15.5	0.0043945
15.505	0.0076881
15.51	0.011247
15.515	0.015155
15.52	0.018773
15.525	0.020331
15.53	0.016388
15.535	0.0071215
15.54	-0.00083376
15.545	-0.0038742
15.55	-0.0033261
15.555	-0.0025022
15.56	-0.0053604
15.565	-0.0093291
15.57	-0.012956
15.575	-0.012993
15.58	-0.0063405
15.585	0.002061
15.59	0.0048951
15.595	0.0029428
15.6	0.0030711
15.605	0.0067304
15.61	0.0085466
15.615	0.0059151
15.62	-0.00094551
15.625	-0.0081178
15.63	-0.0099969
15.635	-0.0049247
15.64	0.0028364
15.645	0.0054925
15.65	0.0026894
15.655	-0.0020531
15.66	-0.005866
15.665	-0.0036101
15.67	0.0026736
15.675	0.0057307
15.68	0.00096551
15.685	-0.0072311
15.69	-0.0069821
15.695	0.0043476
15.7	0.016318
15.705	0.021438
15.71	0.01898
15.715	0.012538
15.72	0.0066268
15.725	0.0036526
15.73	0.006161
15.735	0.0099239
15.74	0.0083488
15.745	0.0038416
15.75	0.0048497
15.755	0.0081316
15.76	0.004793
15.765	-0.001623
15.77	-0.0068177
15.775	-0.0080325
15.78	-0.006735
15.785	-0.0023396
15.79	0.0039966
15.795	0.0099993
15.8	0.011685
15.805	0.0072781
15.81	0.0014189
15.815	0.0012547
15.82	0.0041503
15.825	0.0050874
15.83	0.003995
15.835	0.0045508
15.84	0.0081893
15.845	0.008145
15.85	-0.00062537
15.855	-0.010296
15.86	-0.014055
15.865	-0.013489
15.87	-0.010524
15.875	-0.0050649
15.88	0.00102
15.885	0.003565
15.89	0.0026089
15.895	0.0018482
15.9	0.0027269
15.905	0.0040188
15.91	0.0044341
15.915	0.0040088
15.92	0.0035626
15.925	0.0034494
15.93	0.0034789
15.935	0.002745
15.94	-0.0017749
15.945	-0.0089006
15.95	-0.013186
15.955	-0.012138
15.96	-0.010266
15.965	-0.011731
15.97	-0.011906
15.975	-0.01101
15.98	-0.0099232
15.985	-0.0057694
15.99	-0.00025445
15.995	0.0040195
16	0.0058383
16.005	0.0071744
16.01	0.008789
16.015	0.0068002
16.02	8.6765e-05
16.025	-0.0050248
16.03	-0.0038699
16.035	0.00098181
16.04	0.0075587
16.045	0.012951
16.05	0.013036
16.055	0.0064355
16.06	-0.0033527
16.065	-0.011074
16.07	-0.013436
16.075	-0.011614
16.08	-0.010302
16.085	-0.0088971
16.09	-0.0033485
16.095	0.0050317
16.1	0.0071061
16.105	0.00053792
16.11	-0.0057589
16.115	-0.0063373
16.12	-0.0051474
16.125	-0.0038667
16.13	-0.0020784
16.135	0.0025274
16.14	0.0091334
16.145	0.015766
16.15	0.020221
16.155	0.019632
16.16	0.012978
16.165	0.0052315
16.17	-0.00068965
16.175	-0.0042092
16.18	-0.0035594
16.185	-0.0034631
16.19	-0.0054813
16.195	-0.004792
16.2	-0.0019441
16.205	0.0013306
16.21	0.0050574
16.215	0.008026
16.22	0.0067319
16.225	0.0038957
16.23	0.004298
16.235	0.0081202
16.24	0.011634
16.245	0.015316
16.25	0.017405
16.255	0.015311
16.26	0.0082447
16.265	-0.0012543
16.27	-0.0095671
16.275	-0.0151
16.28	-0.013528
16.285	-0.0042512
16.29	0.0082218
16.295	0.019156
16.3	0.024064
16.305	0.021375
16.31	0.01368
16.315	0.0083088
16.32	0.0072841
16.325	0.0082513
16.33	0.0083344
16.335	0.0069621
16.34	0.0041051
16.345	-0.0024502
16.35	-0.0087813
16.355	-0.012207
16.36	-0.014158
16.365	-0.014603
16.37	-0.014348
16.375	-0.014286
16.38	-0.012893
16.385	-0.0072507
16.39	-0.003489
16.395	-0.0033265
16.4	-0.0016339
16.405	0.0021763
16.41	0.0080913
16.415	0.010558
16.42	0.0082089
16.425	0.0035987
16.43	-1.4503e-05
16.435	0.00082418
16.44	0.0059352
16.445	0.011165
16.45	0.013794
16.455	0.013101
16.46	0.011012
16.465	0.0081567
16.47	0.005756
16.475	-0.00010068
16.48	-0.0081419
16.485	-0.01073
16.49	-0.0087178
16.495	-0.0076515
16.5	-0.0079231
16.505	-0.0077711
16.51	-0.0091985
16.515	-0.0090784
16.52	-0.0047952
16.525	0.00052346
16.53	0.0023526
16.535	0.00033081
16.54	0.0018876
16.545	0.0076442
16.55	0.011936
16.555	0.011322
16.56	0.0080339
16.565	0.0044764
16.57	0.0013405
16.575	-0.0052166
16.58	-0.012433
16.585	-0.012825
16.59	-0.0083188
16.595	-0.0069359
16.6	-0.0090019
16.605	-0.010457
16.61	-0.009904
16.615	-0.0076994
16.62	-0.0038357
16.625	-0.00077715
16.63	-0.00089828
16.635	-0.0022231
16.64	-0.0025189
16.645	-0.0020136
16.65	-0.0029258
16.655	-0.0071099
16.66	-0.012158
16.665	-0.014087
16.67	-0.011122
16.675	-0.0089615
16.68	-0.0099614
16.685	-0.012437
16.69	-0.014863
16.695	-0.013349
16.7	-0.0057854
16.705	0.0036702
16.71	0.0067417
16.715	0.00051664
16.72	-0.0081414
16.725	-0.013749
16.73	-0.012916
16.735	-0.0086955
16.74	-0.0093402
16.745	-0.013573
16.75	-0.012541
16.755	-0.0038319
16.76	0.0068424
16.765	0.012656
16.77	0.012161
16.775	0.0083628
16.78	0.0058609
16.785	0.0053592
16.79	0.0047328
16.795	0.0039458
16.8	0.00088438
16.805	-0.0042454
16.81	-0.0081617
16.815	-0.0074802
16.82	-0.0071479
16.825	-0.011112
16.83	-0.014901
16.835	-0.016405
16.84	-0.013848
16.845	-0.010619
16.85	-0.0090032
16.855	-0.011213
16.86	-0.01344
16.865	-0.013544
16.87	-0.015208
16.875	-0.018594
16.88	-0.018221
16.885	-0.011792
16.89	-0.0031764
16.895	0.0016787
16.9	0.0026284
16.905	0.0010918
16.91	-0.0011501
16.915	-0.0014393
16.92	-0.0017793
16.925	-0.0054819
16.93	-0.00925
16.935	-0.0092661
16.94	-0.0077172
16.945	-0.0073711
16.95	-0.0081649
16.955	-0.0097331
16.96	-0.0098238
16.965	-0.0051274
16.97	0.00092987
16.975	0.0052291
16.98	0.0080503
16.985	0.0090272
16.99	0.0065445
16.995	0.0020605
17	-8.5021e-05
17.005	0.00030618
17.01	-0.0025027
17.015	-0.0051958
17.02	-0.0041221
17.025	-0.0028125
17.03	-0.0030238
17.035	-0.0036462
17.04	-0.0031697
17.045	-0.00035967
17.05	0.002378
17.055	0.0036691
17.06	0.0017246
17.065	-0.0017148
17.07	-0.0056313
17.075	-0.0033374
17.08	0.0056353
17.085	0.01189
17.09	0.010971
17.095	0.0078417
17.1	0.0059516
17.105	0.0023523
17.11	0.00030603
17.115	-0.0010858
17.12	-0.0056451
17.125	-0.0093179
17.13	-0.011058
17.135	-0.010936
17.14	-0.0099586
17.145	-0.0084766
17.15	-0.0088888
17.155	-0.011433
17.16	-0.0084962
17.165	-0.0013971
17.17	0.0060586
17.175	0.013958
17.18	0.020465
17.185	0.022621
17.19	0.0213
17.195	0.018738
17.2	0.015465
17.205	0.013131
17.21	0.0098197
17.215	0.0057837
17.22	0.0051469
17.225	0.0059285
17.23	0.0044866
17.235	0.0036313
17.24	0.0051617
17.245	0.0049878
17.25	-0.00056326
17.255	-0.0078413
17.26	-0.012496
17.265	-0.015368
17.27	-0.012329
17.275	-0.0067276
17.28	-0.0014665
17.285	0.0012853
17.29	0.0065602
17.295	0.014583
17.3	0.018271
17.305	0.019066
17.31	0.019158
17.315	0.019169
17.32	0.019209
17.325	0.01808
17.33	0.015135
17.335	0.014451
17.34	0.017152
17.345	0.01841
17.35	0.017133
17.355	0.016945
17.36	0.019092
17.365	0.019505
17.37	0.016241
17.375	0.009071
17.38	0.00098191
17.385	-0.005662
17.39	-0.012983
17.395	-0.01999
17.4	-0.022847
17.405	-0.020042
17.41	-0.014767
17.415	-0.011037
17.42	-0.010477
17.425	-0.011279
17.43	-0.0090496
17.435	-0.0034337
17.44	0.0022155
17.445	0.0066321
17.45	0.010267
17.455	0.013861
17.46	0.016866
17.465	0.015727
17.47	0.011037
17.475	0.0018145
17.48	-0.011311
17.485	-0.022174
17.49	-0.025622
17.495	-0.023872
17.5	-0.021429
17.505	-0.016777
17.51	-0.012461
17.515	-0.012037
17.52	-0.013211
17.525	-0.012808
17.53	-0.010092
17.535	-0.0053126
17.54	-0.00099182
17.545	0.0027428
17.55	0.0093464
17.555	0.013481
17.56	0.01439
17.565	0.011426
17.57	0.0029032
17.575	-0.0070335
17.58	-0.010112
17.585	-0.0052116
17.59	0.00090703
17.595	0.0071823
17.6	0.010737
17.605	0.0077693
17.61	-0.00093621
17.615	-0.01238
17.62	-0.020034
17.625	-0.021643
17.63	-0.020496
17.635	-0.016139
17.64	-0.0098939
17.645	-0.0055755
17.65	-0.0022319
17.655	0.0028547
17.66	0.011082
17.665	0.020019
17.67	0.024551
17.675	0.021704
17.68	0.015836
17.685	0.012783
17.69	0.0089316
17.695	0.0013811
17.7	-0.004693
17.705	-0.010743
17.71	-0.01787
17.715	-0.019742
17.72	-0.015671
17.725	-0.012074
17.73	-0.010053
17.735	-0.0062419
17.74	0.0013267
17.745	0.010066
17.75	0.013651
17.755	0.012892
17.76	0.0088996
17.765	0.0057594
17.77	0.006585
17.775	0.0082768
17.78	0.0079088
17.785	0.0044784
17.79	-0.00087726
17.795	-0.0053301
17.8	-0.006386
17.805	-0.003373
17.81	-0.00045259
17.815	-0.0013424
17.82	-0.0049625
17.825	-0.0071378
17.83	-0.0029946
17.835	0.0052368
17.84	0.0087632
17.845	0.0054144
17.85	0.0021735
17.855	0.0028513
17.86	0.001491
17.865	-0.0018056
17.87	-0.0031515
17.875	-0.0038967
17.88	-0.0057354
17.885	-0.0053935
17.89	-0.001282
17.895	0.0027062
17.9	0.0019274
17.905	-0.0011861
17.91	-6.8396e-05
17.915	0.0027985
17.92	0.004572
17.925	0.0060846
17.93	0.0050104
17.935	-0.00020749
17.94	-0.0059323
17.945	-0.0039885
17.95	0.0024349
17.955	0.0041823
17.96	0.0014531
17.965	-0.0019622
17.97	-0.007405
17.975	-0.011876
17.98	-0.011969
17.985	-0.010123
17.99	-0.0085853
17.995	-0.0048447
18	-0.0024677
18.005	-0.0056751
18.01	-0.010449
18.015	-0.0089389
18.02	-0.0023453
18.025	0.0013916
18.03	0.0017699
18.035	0.00048413
18.04	-0.0044677
18.045	-0.0095623
18.05	-0.0081321
18.055	-0.0032644
18.06	0.0020097
18.065	0.0090905
18.07	0.014689
18.075	0.014262
18.08	0.011694
18.085	0.009493
18.09	0.0062957
18.095	0.0019775
18.1	-0.0043674
18.105	-0.011168
18.11	-0.016667
18.115	-0.018603
18.12	-0.019203
18.125	-0.021103
18.13	-0.021915
18.135	-0.01935
18.14	-0.01223
18.145	-0.0025395
18.15	0.005029
18.155	0.0097714
18.16	0.013692
18.165	0.01615
18.17	0.018547
18.175	0.019669
18.18	0.019225
18.185	0.016364
18.19	0.0096886
18.195	0.0035607
18.2	-0.00016302
18.205	-0.0035747
18.21	-0.0077675
18.215	-0.011192
18.22	-0.011545
18.225	-0.0086809
18.23	-0.0033107
18.235	-0.0011928
18.24	-0.0025966
18.245	-0.0028413
18.25	0.00074811
18.255	0.0034942
18.26	0.0030857
18.265	0.001879
18.27	0.0016895
18.275	0.0015089
18.28	-0.00088468
18.285	-0.0020982
18.29	0.00062603
18.295	0.0037852
18.3	0.0056939
18.305	0.0067311
18.31	0.0083824
18.315	0.0095282
18.32	0.0078318
18.325	0.0075522
18.33	0.009292
18.335	0.0088101
18.34	0.0026672
18.345	-0.0084895
18.35	-0.01714
18.355	-0.015998
18.36	-0.010132
18.365	-0.0052812
18.37	-0.0013397
18.375	0.00011639
18.38	0.0011795
18.385	0.0036451
18.39	0.0066466
18.395	0.0088421
18.4	0.0086459
18.405	0.0076681
18.41	0.007229
18.415	0.006682
18.42	0.0018549
18.425	-0.0077651
18.43	-0.014203
18.435	-0.016608
18.44	-0.017744
18.445	-0.017882
18.45	-0.016521
18.455	-0.013944
18.46	-0.010887
18.465	-0.0059596
18.47	-0.0025602
18.475	-0.00072344
18.48	-9.9278e-05
18.485	0.001315
18.49	0.0067991
18.495	0.014813
18.5	0.018888
18.505	0.016587
18.51	0.012118
18.515	0.010614
18.52	0.0095816
18.525	0.0072549
18.53	0.0010289
18.535	-0.0057213
18.54	-0.010026
18.545	-0.012415
18.55	-0.012646
18.555	-0.010698
18.56	-0.0052677
18.565	-0.0010961
18.57	0.0025241
18.575	0.0049288
18.58	0.0055776
18.585	0.0076903
18.59	0.010134
18.595	0.010481
18.6	0.0097443
18.605	0.0093967
18.61	0.0090941
18.615	0.0063653
18.62	0.00086951
18.625	-0.0058036
18.63	-0.011229
18.635	-0.014074
18.64	-0.013094
18.645	-0.0098221
18.65	-0.0070872
18.655	-0.0033611
18.66	0.0025859
18.665	0.0071843
18.67	0.0073967
18.675	0.0080032
18.68	0.010612
18.685	0.011822
18.69	0.011236
18.695	0.01023
18.7	0.0082475
18.705	0.0042878
18.71	0.00080497
18.715	-0.0022221
18.72	-0.0060305
18.725	-0.0054229
18.73	-0.00018651
18.735	0.0048615
18.74	0.0065162
18.745	0.0050572
18.75	0.0026135
18.755	0.00078199
18.76	0.0012397
18.765	0.0022844
18.77	0.0021741
18.775	0.00094896
18.78	-0.0014093
18.785	-0.0034869
18.79	-0.0031166
18.795	-0.0010009
18.8	-0.0021673
18.805	-0.0051146
18.81	-0.0039905
18.815	-0.0016721
18.82	0.0004775
18.825	0.002463
18.83	0.0043832
18.835	0.0064653
18.84	0.0089966
18.845	0.012878
18.85	0.015215
18.855	0.014181
18.86	0.010354
18.865	0.0034533
18.87	-0.0047542
18.875	-0.0089932
18.88	-0.0094012
18.885	-0.0098705
18.89	-0.0089907
18.895	-0.0069319
18.9	-0.0046818
18.905	-0.0018956
18.91	0.002522
18.915	0.0063167
18.92	0.0058626
18.925	0.0024193
18.93	0.00063293
18.935	0.0022983
18.94	0.0057824
18.945	0.0074602
18.95	0.005873
18.955	0.0024823
18.96	0.00067476
18.965	0.00038175
18.97	-0.0028384
18.975	-0.00492
18.98	-0.0046472
18.985	-0.0030973
18.99	-0.0015929
18.995	-0.0012882
19	-0.00023277
19.005	-0.001166
19.01	-0.0052632
19.015	-0.0080227
19.02	-0.0091698
19.025	-0.008737
19.03	-0.0039018
19.035	0.0013434
19.04	0.0059647
19.045	0.010424
19.05	0.011934
19.055	0.011058
19.06	0.010426
19.065	0.010268
19.07	0.0078795
19.075	0.0027773
19.08	-0.0026396
19.085	-0.0055707
19.09	-0.0039137
19.095	-0.0042572
19.1	-0.0066715
19.105	-0.0075333
19.11	-0.0061337
19.115	-0.0027333
19.12	-0.00051794
19.125	0.0013025
19.13	0.0021785
19.135	0.0019345
19.14	0.0016575
19.145	0.0018972
19.15	0.0023047
19.155	0.0025237
19.16	0.0022922
19.165	0.0020069
19.17	0.0019024
19.175	0.001235
19.18	-0.0013926
19.185	-0.0031475
19.19	-0.002669
19.195	-0.0017394
19.2	-0.001831
19.205	-0.0017338
19.21	0.00066244
19.215	0.0023324
19.22	0.0012204
19.225	-0.0020937
19.23	-0.0035333
19.235	-0.0024848
19.24	-0.0015316
19.245	-0.0017505
19.25	-0.0023109
19.255	-0.0024648
19.26	-0.0016157
19.265	0.0005828
19.27	-0.00043642
19.275	-0.0026807
19.28	-0.0028885
19.285	-0.0018156
19.29	-0.000513
19.295	0.0025965
19.3	0.0065587
19.305	0.007674
19.31	0.0071066
19.315	0.0083039
19.32	0.0068697
19.325	0.0017994
19.33	-0.0034072
19.335	-0.0073087
19.34	-0.01012
19.345	-0.010566
19.35	-0.0097302
19.355	-0.0088264
19.36	-0.0059821
19.365	-0.0019404
19.37	-0.00066534
19.375	-0.0017469
19.38	-0.0029963
19.385	-0.0055929
19.39	-0.0088965
19.395	-0.0083743
19.4	-0.0025676
19.405	-0.00070217
19.41	-0.0013158
19.415	-0.0012249
19.42	-0.00043389
19.425	0.0017242
19.43	0.0072962
19.435	0.010379
19.44	0.0097398
19.445	0.011489
19.45	0.015328
19.455	0.013674
19.46	0.0066906
19.465	-0.0014017
19.47	-0.0056556
19.475	-0.0049546
19.48	-0.004047
19.485	-0.0071233
19.49	-0.0092884
19.495	-0.0057116
19.5	-0.00025137
19.505	0.0010243
19.51	-0.00073468
19.515	-0.0015293
19.52	-0.00046774
19.525	0.0019997
19.53	0.0074882
19.535	0.010995
19.54	0.012139
19.545	0.012017
19.55	0.010963
19.555	0.0078285
19.56	0.0038385
19.565	0.0020884
19.57	0.00057179
19.575	-0.00087311
19.58	-0.0028695
19.585	-0.0088359
19.59	-0.014597
19.595	-0.014413
19.6	-0.009697
19.605	-0.0074821
19.61	-0.0087364
19.615	-0.0083679
19.62	-0.00088363
19.625	0.010113
19.63	0.017602
19.635	0.016816
19.64	0.010528
19.645	0.0052545
19.65	0.0025967
19.655	0.00057593
19.66	-0.0018383
19.665	-0.0085651
19.67	-0.016427
19.675	-0.015872
19.68	-0.010123
19.685	-0.0034041
19.69	0.00049781
19.695	-4.815e-05
19.7	-0.0014062
19.705	-0.00026651
19.71	0.0032201
19.715	0.0031431
19.72	0.0015137
19.725	0.0052654
19.73	0.0099738
19.735	0.0094393
19.74	0.0045874
19.745	-0.00021949
19.75	-0.001104
19.755	0.00060835
19.76	0.0013793
19.765	0.00072228
19.77	1.3187e-05
19.775	-0.00010193
19.78	4.315e-05
19.785	0.00023036
19.79	0.00035411
19.795	0.00031844
19.8	0.00025291
19.805	0.00024618
19.81	0.00030994
19.815	0.00071062
19.82	0.0027897
19.825	0.0055167
19.83	0.0071878
19.835	0.006354
19.84	0.0021084
19.845	-0.00080269
19.85	0.00023714
19.855	0.0025103
19.86	0.005824
19.865	0.009682
19.87	0.011364
19.875	0.010799
19.88	0.0079771
19.885	0.0040673
19.89	-0.00043452
19.895	-0.0032505
19.9	-0.0090272
19.905	-0.016583
19.91	-0.016397
19.915	-0.0093616
19.92	-0.001904
19.925	0.0018591
19.93	0.00062308
19.935	-0.00059035
19.94	0.0027429
19.945	0.0096934
19.95	0.012331
19.955	0.011549
19.96	0.013722
19.965	0.01769
19.97	0.016609
19.975	0.0097646
19.98	0.0042814
19.985	-0.00055182
19.99	-0.0049251
19.995	-0.0086348
20	-0.010593
20.005	-0.008623
20.01	-0.0065468
20.015	-0.0061808
20.02	-0.0039202
20.025	0.00048412
20.03	0.0037204
20.035	0.0080854
20.04	0.010492
20.045	0.0096671
20.05	0.00788
20.055	0.0047613
20.06	0.00047739
20.065	-0.0030567
20.07	-0.0042035
20.075	-0.0057124
20.08	-0.0069416
20.085	-0.0045721
20.09	6.1267e-05
20.095	0.002117
20.1	0.0019361
20.105	0.0048796
20.11	0.0063379
20.115	0.0023791
20.12	-0.0015116
20.125	-0.0035886
20.13	-0.0051326
20.135	-0.0021978
20.14	0.0018959
20.145	0.0018272
20.15	-0.0003058
20.155	-0.0013032
20.16	-0.0027185
20.165	-0.0058214
20.17	-0.0045525
20.175	0.00069475
20.18	0.0024936
20.185	0.0028903
20.19	0.0057158
20.195	0.0064568
20.2	0.002072
20.205	-0.0016936
20.21	-0.0011939
20.215	0.00055196
20.22	0.00068286
20.225	-0.00030808
20.23	-0.00090548
20.235	-0.00073613
20.24	-0.00040378
20.245	-0.00034363
20.25	-0.00043346
20.255	-0.00044315
20.26	-0.00036964
20.265	-0.0003525
20.27	-0.00041629
20.275	-0.00047355
20.28	-0.00050991
20.285	-0.00069838
20.29	-0.0020614
20.295	-0.0058453
20.3	-0.0092388
20.305	-0.0081261
20.31	-0.0029463
20.315	0.0014353
20.32	0.0033188
20.325	0.0055328
20.33	0.0047632
20.335	0.0022273
20.34	0.0001529
20.345	0.0014482
20.35	0.0060269
20.355	0.0090233
20.36	0.0055433
20.365	-0.00035594
20.37	-0.0016937
20.375	0.00046924
20.38	0.0015403
20.385	-0.00010353
20.39	-0.0044231
20.395	-0.0085749
20.4	-0.0089432
20.405	-0.0065251
20.41	-0.0031359
20.415	-0.0015915
20.42	-0.00021954
20.425	0.0019986
20.43	0.0063075
20.435	0.0082746
20.44	0.0084019
20.445	0.0094131
20.45	0.010015
20.455	0.0087563
20.46	0.0031814
20.465	-0.0037121
20.47	-0.0076688
20.475	-0.0087808
20.48	-0.01188
20.485	-0.01605
20.49	-0.016162
20.495	-0.010888
20.5	-0.0048706
20.505	-0.00097916
20.51	0.0022887
20.515	0.0062636
20.52	0.010407
20.525	0.01108
20.53	0.010128
20.535	0.010093
20.54	0.011008
20.545	0.012813
20.55	0.01297
20.555	0.01003
20.56	0.0064487
20.565	0.0011309
20.57	-0.0041157
20.575	-0.0058611
20.58	-0.0053203
20.585	-0.0044594
20.59	-0.004879
20.595	-0.0026238
20.6	0.00049829
20.605	-0.00046351
20.61	-0.0041048
20.615	-0.0048629
20.62	-0.0022538
20.625	0.0010122
20.63	0.0005842
20.635	-0.0022433
20.64	-0.0022748
20.645	-0.0014921
20.65	0.00032312
20.655	0.0012972
20.66	0.00078952
20.665	9.2126e-05
20.67	-0.00092298
20.675	-0.0031094
20.68	-0.0039568
20.685	-0.0034137
20.69	-0.0029335
20.695	-0.0022735
20.7	0.0011298
20.705	0.0062631
20.71	0.011196
20.715	0.01574
20.72	0.014016
20.725	0.0067257
20.73	-0.0012744
20.735	-0.0056261
20.74	-0.0071485
20.745	-0.0065057
20.75	-0.0031963
20.755	0.00023764
20.76	-8.3269e-05
20.765	-0.0033766
20.77	-0.0032745
20.775	-0.0023114
20.78	-0.0011388
20.785	-0.0015159
20.79	-0.0014414
20.795	-1.1214e-05
20.8	0.00049762
20.805	-0.00047155
20.81	-0.0035101
20.815	-0.007563
20.82	-0.0089516
20.825	-0.0070249
20.83	-0.0031158
20.835	0.0017617
20.84	0.0073676
20.845	0.010065
20.85	0.0089618
20.855	0.0077779
20.86	0.0077752
20.865	0.0064083
20.87	0.0046796
20.875	0.0041913
20.88	0.0026015
20.885	9.4292e-05
20.89	-0.00040187
20.895	0.00038863
20.9	0.00028978
20.905	-0.0022638
20.91	-0.0054641
20.915	-0.0074823
20.92	-0.0085895
20.925	-0.0083615
20.93	-0.007635
20.935	-0.0058326
20.94	-0.0034228
20.945	-0.00082979
20.95	0.0026147
20.955	0.0029808
20.96	0.0002401
20.965	-0.00032868
20.97	0.0028438
20.975	0.0058232
20.98	0.0038777
20.985	-0.00010971
20.99	-0.00081281
20.995	0.00073033
21	0.0014023
21.005	0.00080572
21.01	5.6427e-05
21.015	3.0663e-05
21.02	0.00034748
21.025	0.00042674
21.03	0.0013788
21.035	0.00089487
21.04	-0.0023426
21.045	-0.0032971
21.05	-0.0039819
21.055	-0.0056982
21.06	-0.008066
21.065	-0.008366
21.07	-0.0060601
21.075	-0.0032049
21.08	-0.0029252
21.085	-0.0038858
21.09	-0.0029821
21.095	0.00029479
21.1	0.0016303
21.105	-0.00069694
21.11	-0.0054195
21.115	-0.0087626
21.12	-0.0084107
21.125	-0.0070063
21.13	-0.0078797
21.135	-0.010208
21.14	-0.0091156
21.145	-0.0069594
21.15	-0.0053393
21.155	-0.0020488
21.16	0.0015704
21.165	0.0021671
21.17	0.0010883
21.175	0.00084273
21.18	0.0014098
21.185	0.00091402
21.19	-0.0015655
21.195	-0.0022885
21.2	0.00082033
21.205	0.0029574
21.21	0.0020656
21.215	8.9613e-05
21.22	-0.0024799
21.225	-0.0034273
21.23	-0.0033056
21.235	-0.0054404
21.24	-0.0073678
21.245	-0.0070381
21.25	-0.004772
21.255	0.00057805
21.26	0.003301
21.265	0.0018754
21.27	-0.00029232
21.275	-0.0030784
21.28	-0.0061658
21.285	-0.0067987
21.29	-0.005675
21.295	-0.0051519
21.3	-0.0049808
21.305	-0.0028624
21.31	-0.0010281
21.315	-0.00055869
21.32	0.00061376
21.325	-0.00048514
21.33	-0.0029357
21.335	-0.0056809
21.34	-0.0065107
21.345	-0.0056659
21.35	-0.0051557
21.355	-0.0053976
21.36	-0.004995
21.365	-0.0022316
21.37	-0.0010163
21.375	-0.003937
21.38	-0.0047942
21.385	0.00072676
21.39	0.0034813
21.395	0.0036269
21.4	0.0037272
21.405	0.0045984
21.41	0.0073924
21.415	0.0081248
21.42	0.0031013
21.425	-0.0054556
21.43	-0.010026
21.435	-0.0078026
21.44	-0.0085479
21.445	-0.0097953
21.45	-0.0085501
21.455	-0.0052532
21.46	-0.0034468
21.465	-0.0025556
21.47	0.0022605
21.475	0.0060557
21.48	0.0062077
21.485	0.0074073
21.49	0.0090741
21.495	0.0093287
21.5	0.008762
21.505	0.0078665
21.51	0.0050932
21.515	0.00097845
21.52	-0.0010198
21.525	-0.00090586
21.53	-0.0023464
21.535	-0.0044703
21.54	-0.0048965
21.545	-0.0043688
21.55	-0.0036379
21.555	-0.0016642
21.56	-0.00031288
21.565	-0.0026603
21.57	-0.0058294
21.575	-0.0077856
21.58	-0.0082281
21.585	-0.0072383
21.59	-0.0051957
21.595	-0.005699
21.6	-0.0076116
21.605	-0.0056288
21.61	-0.0015052
21.615	0.0036269
21.62	0.006587
21.625	0.0057934
21.63	0.0045996
21.635	0.0050189
21.64	0.0064236
21.645	0.0083496
21.65	0.006876
21.655	0.0011433
21.66	-0.0049138
21.665	-0.010213
21.67	-0.012396
21.675	-0.011229
21.68	-0.0094098
21.685	-0.0054539
21.69	-0.0022447
21.695	-0.0026111
21.7	-0.0036045
21.705	-0.0021517
21.71	0.0034797
21.715	0.0084097
21.72	0.010709
21.725	0.012982
21.73	0.013955
21.735	0.010952
21.74	0.0056641
21.745	0.0011563
21.75	-0.0017829
21.755	-0.0026187
21.76	-0.0022533
21.765	-0.0023451
21.77	-0.0029864
21.775	-0.0034004
21.78	-0.0032941
21.785	-0.0029889
21.79	-0.0027875
21.795	-0.0025801
21.8	-0.0016059
21.805	0.0011347
21.81	0.0026523
21.815	0.0015548
21.82	-0.001662
21.825	-0.0029648
21.83	-0.0015232
21.835	0.00096966
21.84	0.0052685
21.845	0.0051554
21.85	0.0022245
21.855	0.00091861
21.86	-0.00024521
21.865	-7.3582e-05
21.87	0.0029506
21.875	0.0047405
21.88	0.0039823
21.885	0.0029909
21.89	0.0031231
21.895	0.0030534
21.9	0.0002212
21.905	-0.0036071
21.91	-0.0032424
21.915	0.00098267
21.92	0.0039798
21.925	0.0062434
21.93	0.0083835
21.935	0.007724
21.94	0.0037019
21.945	0.00012084
21.95	-0.00070289
21.955	-0.0012636
21.96	-0.00082426
21.965	0.0015893
21.97	0.0036325
21.975	0.0053117
21.98	0.0057765
21.985	0.0061845
21.99	0.0073461
21.995	0.0061659
22	0.0038009
22.005	0.002346
22.01	0.0031788
22.015	0.0023787
22.02	0.00068674
22.025	2.1206e-05
22.03	-0.00090315
22.035	-0.0032218
22.04	-0.0040833
22.045	-0.0032139
22.05	-0.0013894
22.055	0.00068805
22.06	0.0022321
22.065	0.0039376
22.07	0.0057186
22.075	0.007661
22.08	0.0081022
22.085	0.0085651
22.09	0.0088119
22.095	0.0056133
22.1	0.0019066
22.105	0.0012085
22.11	0.00090921
22.115	-0.0013506
22.12	-0.0043041
22.125	-0.0077005
22.13	-0.0086399
22.135	-0.0060027
22.14	-0.0034106
22.145	-0.0020414
22.15	-0.0022715
22.155	-0.0013536
22.16	0.002363
22.165	0.0053002
22.17	0.0035618
22.175	-0.0015439
22.18	-0.0045035
22.185	-0.0033189
22.19	-0.0016466
22.195	-0.0016026
22.2	-0.00098102
22.205	0.00061237
22.21	0.001062
22.215	0.00064365
22.22	0.00044261
22.225	0.00064663
22.23	0.00084443
22.235	0.00083469
22.24	0.00090276
22.245	0.0010733
22.25	0.0010817
22.255	0.0010036
22.26	0.0010599
22.265	0.00093973
22.27	-0.0008111
22.275	-0.0041455
22.28	-0.0055592
22.285	-0.0027931
22.29	-3.2763e-05
22.295	0.00010738
22.3	0.00079328
22.305	0.0022969
22.31	0.0029167
22.315	0.0032332
22.32	0.0048909
22.325	0.0061139
22.33	0.0043278
22.335	0.0022038
22.34	0.001899
22.345	0.0010989
22.35	-0.00060306
22.355	-0.0030392
22.36	-0.0058852
22.365	-0.0068711
22.37	-0.005986
22.375	-0.0052119
22.38	-0.005176
22.385	-0.0042928
22.39	5.9636e-05
22.395	0.0033883
22.4	0.0046351
22.405	0.0046358
22.41	0.0044828
22.415	0.0047202
22.42	0.0050789
22.425	0.0056519
22.43	0.0073445
22.435	0.0077025
22.44	0.0051698
22.445	0.0032268
22.45	0.0033846
22.455	0.003047
22.46	-0.00083232
22.465	-0.0036981
22.47	-0.0032745
22.475	-0.0026381
22.48	-0.0046052
22.485	-0.0065127
22.49	-0.0064494
22.495	-0.00539
22.5	-0.0035238
22.505	-0.0003597
22.51	0.00075954
22.515	-5.7062e-05
22.52	0.00023847
22.525	0.0033854
22.53	0.0036412
22.535	1.9491e-05
22.54	-0.002
22.545	-0.0011524
22.55	-0.00025408
22.555	-0.00025107
22.56	0.00020474
22.565	-0.00080924
22.57	-0.0021308
22.575	-0.0021054
22.58	-0.001036
22.585	0.00075828
22.59	0.0012714
22.595	9.6406e-05
22.6	-0.0020813
22.605	-0.0024049
22.61	3.6483e-05
22.615	0.0021149
22.62	0.0029479
22.625	0.0025971
22.63	0.0018562
22.635	0.00054057
22.64	-0.0016312
22.645	-0.0018072
22.65	-0.0011785
22.655	0.00048447
22.66	0.0015742
22.665	-0.00057381
22.67	-0.0042008
22.675	-0.0066306
22.68	-0.0073289
22.685	-0.0061053
22.69	-0.0034396
22.695	-0.0014548
22.7	-0.001572
22.705	-0.002238
22.71	-0.0014821
22.715	0.00065733
22.72	0.0017592
22.725	0.0020929
22.73	0.0030396
22.735	0.0034422
22.74	0.0023108
22.745	-1.8546e-05
22.75	-0.0014746
22.755	-0.00098416
22.76	0.00068649
22.765	0.0029223
22.77	0.0049148
22.775	0.0059031
22.78	0.0061181
22.785	0.0053568
22.79	0.0029748
22.795	0.00072595
22.8	-0.0010677
22.805	-0.0010931
22.81	0.00012745
22.815	0.00066065
22.82	-0.00064441
22.825	-0.0015433
22.83	-0.0011174
22.835	0.00029696
22.84	0.0022158
22.845	0.0026705
22.85	0.0012069
22.855	0.00052371
22.86	0.0017384
22.865	0.0033829
22.87	0.0034598
22.875	0.0025865
22.88	0.0013911
22.885	-0.00029212
22.89	-0.0015053
22.895	-0.0020879
22.9	-0.0032845
22.905	-0.0038433
22.91	-0.0021906
22.915	-0.00043034
22.92	-0.00027124
22.925	0.000355
22.93	0.0023079
22.935	0.0024676
22.94	0.00091572
22.945	0.00029789
22.95	0.00069555
22.955	0.00048916
22.96	-0.00059752
22.965	-0.0010243
22.97	-0.00060082
22.975	0.00034637
22.98	0.001798
22.985	0.0027619
22.99	0.0026514
22.995	0.0026581
23	0.0029298
23.005	0.0023797
23.01	0.0017515
23.015	0.00064245
23.02	-0.0010149
23.025	-0.0014114
23.03	-0.00091011
23.035	-0.00065147
23.04	-0.00087229
23.045	-0.0011139
23.05	-0.0011107
23.055	-0.00097565
23.06	-0.00078851
23.065	-0.00020846
23.07	0.00060534
23.075	0.00078292
23.08	0.0010209
23.085	0.0017707
23.09	0.0020382
23.095	0.0017189
23.1	0.00096838
23.105	-0.00022226
23.11	-0.0006322
23.115	0.00024779
23.12	0.00067303
23.125	-0.0001136
23.13	-0.0012727
23.135	-0.0018732
23.14	-0.0020857
23.145	-0.0014819
23.15	-0.00011605
23.155	0.00078085
23.16	0.00097487
23.165	0.0010237
23.17	0.00047405
23.175	-0.00063023
23.18	-0.0012964
23.185	-0.0014919
23.19	-0.001633
23.195	-0.0011993
23.2	-0.00055584
23.205	-0.0003575
23.21	0.00031026
23.215	0.0013152
23.22	0.0014243
23.225	0.00089639
23.23	4.775e-05
23.235	-8.2145e-05
23.24	0.001
23.245	0.0014511
23.25	0.0009512
23.255	-0.00013989
23.26	-0.001236
23.265	-0.0012848
23.27	-0.00078446
23.275	-0.00061422
23.28	-0.00082778
23.285	-0.0010022
23.29	-0.00095894
23.295	-0.00079275
23.3	-0.00038217
23.305	0.00038669
23.31	0.00090569
23.315	0.00080256
23.32	0.00051828
23.325	0.00015245
23.33	-0.0004893
23.335	-0.00096475
23.34	-0.00091746
23.345	-0.00072527
23.35	-0.00074701
23.355	-0.0011485
23.36	-0.0018521
23.365	-0.0022445
23.37	-0.0020416
23.375	-0.0016814
23.38	-0.0011921
23.385	-0.0004438
23.39	0.00018344
23.395	0.00075571
23.4	0.00083508
23.405	0.00061894
23.41	0.0003724
23.415	0.00021008
23.42	0.00018504
23.425	-0.00029623
23.43	-0.00065895
23.435	-0.00063447
23.44	-0.0007728
23.445	-0.0013861
23.45	-0.0016537
23.455	-0.001426
23.46	-0.0011696
23.465	-0.00098919
23.47	-0.00060568
23.475	-0.00014581
23.48	0.00020146
23.485	0.00063758
23.49	0.00078397
23.495	0.00063733
23.5	0.00052261
23.505	0.00044311
23.51	0.00032551
23.515	0.0004215
23.52	0.00039411
23.525	-2.0721e-05
23.53	-0.00043575
23.535	-0.00047401
23.54	-0.00032307
23.545	-0.00027151
23.55	-0.00033346
23.555	-0.0004217
23.56	-0.00053611
23.565	-0.00040054
23.57	-0.00021072
23.575	-0.00017798
23.58	-0.00022445
23.585	-0.00023244
23.59	-0.00019227
23.595	-0.00014397
23.6	-3.7152e-05
23.605	0.00028622
23.61	0.00044954
23.615	0.00030242
23.62	5.6314e-05
23.625	2.743e-05
23.63	-0.00015041
23.635	-0.00046596
23.64	-0.00064892
23.645	-0.00055695
23.65	-0.00026275
23.655	-3.0078e-05
23.66	-1.7682e-05
23.665	-5.8139e-05
23.67	8.3067e-05
23.675	0.00029515
23.68	0.00032755
23.685	0.00017549
23.69	-9.0324e-05
23.695	-0.00022947
23.7	-0.00031872
23.705	-0.00029525
23.71	-7.7261e-05
23.715	5.2652e-05
23.72	4.2414e-06
23.725	-5.4904e-05
23.73	-3.6533e-05
23.735	9.2338e-06
23.74	2.6931e-05
23.745	2.529e-05
23.75	4.7121e-05
23.755	0.00015353
23.76	0.00022959
23.765	0.00019296
23.77	0.00012071
23.775	4.5114e-05
23.78	-2.8272e-05
23.785	-5.2791e-05
23.79	-3.4228e-05
23.795	-2.2436e-05
23.8	-2.9113e-05
23.805	-3.6374e-05
23.81	-2.6192e-05
23.815	2.4849e-05
23.82	5.2335e-05
23.825	1.0151e-05
23.83	-4.1477e-05
23.835	-6.0315e-05
23.84	-4.9119e-05
23.845	-5.0331e-05
23.85	-5.3522e-05
23.855	-4.9793e-05
23.86	-4.3872e-05
23.865	-3.689e-05
23.87	-3.0287e-05
23.875	-1.5641e-05
23.88	-2.2638e-06
23.885	-2.1549e-06
23.89	-6.5919e-06
23.895	-2.196e-06
23.9	-6.3612e-07
23.905	-3.2809e-06
23.91	-2.3638e-06
23.915	5.0944e-07
23.92	-5.4638e-06
23.925	-1.6186e-05
23.93	-1.8512e-05
23.935	-1.1343e-05
23.94	-3.9858e-06
23.945	-5.6796e-07
23.95	2.8816e-06
23.955	9.8737e-06
23.96	1.7563e-05
23.965	2.3788e-05
23.97	2.9007e-05
23.975	3.3306e-05
23.98	3.6653e-05
23.985	3.9691e-05
23.99	4.2485e-05
23.995	4.5127e-05
