0	-6.8049e-05
0.01	-0.00062323
0.02	-0.0017463
0.03	-0.0021348
0.04	-0.0019783
0.05	-0.0019052
0.06	-0.0016966
0.07	-0.0012634
0.08	-0.00065203
0.09	-0.00013419
0.1	0.00033061
0.11	0.00051625
0.12	-0.00021059
0.13	-0.00096881
0.14	-7.6317e-05
0.15	0.0017206
0.16	0.00074225
0.17	-0.003771
0.18	-0.0073315
0.19	-0.009739
0.2	-0.014081
0.21	-0.017554
0.22	-0.019984
0.23	-0.017628
0.24	-0.0014667
0.25	0.013155
0.26	0.013542
0.27	0.013813
0.28	0.012919
0.29	0.0020117
0.3	-0.01002
0.31	-0.010133
0.32	-0.00073766
0.33	0.003721
0.34	0.0043409
0.35	0.0017949
0.36	0.0009194
0.37	0.014458
0.38	0.024255
0.39	0.018715
0.4	0.013151
0.41	0.015283
0.42	0.021999
0.43	0.027747
0.44	0.029444
0.45	0.013975
0.46	-0.01807
0.47	-0.035574
0.48	-0.035671
0.49	-0.031253
0.5	-0.026385
0.51	-0.03419
0.52	-0.044433
0.53	-0.03535
0.54	-0.016022
0.55	-0.0039156
0.56	0.0051404
0.57	0.0033607
0.58	-0.018159
0.59	-0.025631
0.6	-0.0044668
0.61	0.0081119
0.62	0.0023721
0.63	-0.0025283
0.64	-0.0054207
0.65	0.0075652
0.66	0.037035
0.67	0.062542
0.68	0.067972
0.69	0.028085
0.7	-0.026586
0.71	-0.031338
0.72	-0.0022607
0.73	0.019429
0.74	0.040624
0.75	0.061494
0.76	0.054908
0.77	0.016481
0.78	-0.011993
0.79	-0.018055
0.8	-0.017415
0.81	-0.0049778
0.82	0.0047457
0.83	-0.008417
0.84	-0.037003
0.85	-0.059777
0.86	-0.067882
0.87	-0.061284
0.88	-0.040192
0.89	-0.019173
0.9	-0.012779
0.91	-0.018574
0.92	-0.028575
0.93	-0.023177
0.94	0.005204
0.95	0.022369
0.96	0.024613
0.97	0.039693
0.98	0.048997
0.99	0.036493
1	0.027937
1.01	0.027316
1.02	0.019924
1.03	0.0090755
1.04	0.0014293
1.05	-0.0032611
1.06	-0.0049514
1.07	-0.0020098
1.08	0.0027675
1.09	0.0063935
1.1	0.003991
1.11	-0.0022965
1.12	-0.0033576
1.13	0.00026397
1.14	-0.0007339
1.15	-0.019119
1.16	-0.041258
1.17	-0.033963
1.18	-0.0088693
1.19	0.0025918
1.2	0.0036156
1.21	-0.011096
1.22	-0.036688
1.23	-0.031592
1.24	-0.0017393
1.25	0.025003
1.26	0.04185
1.27	0.042843
1.28	0.042446
1.29	0.043997
1.3	0.045525
1.31	0.052864
1.32	0.056784
1.33	0.056624
1.34	0.060441
1.35	0.062634
1.36	0.04097
1.37	0.0075999
1.38	-0.004145
1.39	-0.012061
1.4	-0.020141
1.41	-0.010779
1.42	-0.016403
1.43	-0.053732
1.44	-0.084938
1.45	-0.080253
1.46	-0.045161
1.47	-0.012447
1.48	-0.0053057
1.49	-0.016356
1.5	-0.027104
1.51	-0.024481
1.52	-0.0090699
1.53	0.0067968
1.54	0.0096343
1.55	0.010178
1.56	0.01223
1.57	0.0095118
1.58	0.013361
1.59	0.019471
1.6	0.015561
1.61	0.0045513
1.62	-0.0034403
1.63	-0.0068937
1.64	-0.010456
1.65	-0.0054736
1.66	0.010166
1.67	0.024024
1.68	0.039591
1.69	0.045058
1.7	0.01636
1.71	-0.019717
1.72	-0.035395
1.73	-0.032365
1.74	-0.021062
1.75	-0.020029
1.76	-0.020828
1.77	-0.015433
1.78	-0.012263
1.79	-0.010397
1.8	-0.012738
1.81	-0.017882
1.82	-0.020141
1.83	-0.024848
1.84	-0.031571
1.85	-0.03581
1.86	-0.035119
1.87	-0.022529
1.88	-0.0077203
1.89	-0.0019429
1.9	-0.0069097
1.91	-0.028389
1.92	-0.048889
1.93	-0.046941
1.94	-0.042106
1.95	-0.052398
1.96	-0.056126
1.97	-0.039066
1.98	-0.022723
1.99	-0.017211
2	-0.018572
2.01	-0.037565
2.02	-0.070066
2.03	-0.096308
2.04	-0.10362
2.05	-0.089917
2.06	-0.062796
2.07	-0.023942
2.08	-0.00027529
2.09	-0.011275
2.1	-0.012909
2.11	0.010552
2.12	0.052068
2.13	0.10205
2.14	0.13177
2.15	0.13999
2.16	0.14163
2.17	0.15036
2.18	0.16586
2.19	0.18562
2.2	0.20348
2.21	0.20756
2.22	0.17624
2.23	0.1119
2.24	0.074431
2.25	0.056814
2.26	0.041466
2.27	0.07064
2.28	0.11198
2.29	0.12662
2.3	0.13346
2.31	0.12655
2.32	0.10177
2.33	0.077366
2.34	0.054371
2.35	0.03659
2.36	0.023085
2.37	0.0020863
2.38	-0.036593
2.39	-0.08752
2.4	-0.12551
2.41	-0.15183
2.42	-0.17809
2.43	-0.20175
2.44	-0.21499
2.45	-0.22512
2.46	-0.23541
2.47	-0.21807
2.48	-0.18303
2.49	-0.14887
2.5	-0.10041
2.51	-0.058898
2.52	-0.044226
2.53	-0.026811
2.54	-0.0058319
2.55	-0.018194
2.56	-0.042634
2.57	-0.047952
2.58	-0.05926
2.59	-0.07211
2.6	-0.062138
2.61	-0.050425
2.62	-0.046389
2.63	-0.031544
2.64	-0.015806
2.65	-0.0080854
2.66	-0.012557
2.67	-0.04399
2.68	-0.076865
2.69	-0.0833
2.7	-0.072763
2.71	-0.059528
2.72	-0.051929
2.73	-0.051113
2.74	-0.05819
2.75	-0.069177
2.76	-0.068715
2.77	-0.049717
2.78	-0.022284
2.79	0.013129
2.8	0.058332
2.81	0.090123
2.82	0.10403
2.83	0.11848
2.84	0.12987
2.85	0.13598
2.86	0.14786
2.87	0.16131
2.88	0.14764
2.89	0.10545
2.9	0.075994
2.91	0.056098
2.92	0.024861
2.93	-0.0055676
2.94	-0.027277
2.95	-0.042118
2.96	-0.058423
2.97	-0.080351
2.98	-0.092505
2.99	-0.071857
3	-0.031684
3.01	-0.0034689
3.02	0.010849
3.03	0.014858
3.04	0.0041295
3.05	-0.01445
3.06	-0.023666
3.07	-0.010399
3.08	0.020805
3.09	0.061208
3.1	0.093076
3.11	0.10273
3.12	0.10428
3.13	0.090557
3.14	0.070177
3.15	0.06149
3.16	0.056793
3.17	0.059556
3.18	0.06209
3.19	0.058441
3.2	0.053449
3.21	0.047451
3.22	0.04274
3.23	0.036435
3.24	0.026484
3.25	0.02005
3.26	0.031771
3.27	0.055101
3.28	0.080409
3.29	0.11132
3.3	0.12724
3.31	0.13582
3.32	0.14742
3.33	0.14263
3.34	0.13752
3.35	0.14009
3.36	0.14687
3.37	0.16564
3.38	0.18
3.39	0.18824
3.4	0.1945
3.41	0.18051
3.42	0.15865
3.43	0.14501
3.44	0.12781
3.45	0.10911
3.46	0.083152
3.47	0.035308
3.48	-0.012106
3.49	-0.03855
3.5	-0.061756
3.51	-0.094754
3.52	-0.10162
3.53	-0.072534
3.54	-0.057385
3.55	-0.051342
3.56	-0.028101
3.57	-0.010808
3.58	-0.0064373
3.59	-0.0059505
3.6	-0.014525
3.61	-0.028111
3.62	-0.044083
3.63	-0.055753
3.64	-0.051834
3.65	-0.048261
3.66	-0.051268
3.67	-0.056659
3.68	-0.074532
3.69	-0.099615
3.7	-0.12148
3.71	-0.13734
3.72	-0.14724
3.73	-0.14534
3.74	-0.13516
3.75	-0.13514
3.76	-0.13709
3.77	-0.14014
3.78	-0.15475
3.79	-0.16721
3.8	-0.17571
3.81	-0.1868
3.82	-0.19794
3.83	-0.21064
3.84	-0.22174
3.85	-0.22743
3.86	-0.22887
3.87	-0.22289
3.88	-0.21639
3.89	-0.21599
3.9	-0.21279
3.91	-0.20182
3.92	-0.18844
3.93	-0.17456
3.94	-0.15548
3.95	-0.14321
3.96	-0.14164
3.97	-0.13604
3.98	-0.13354
3.99	-0.13712
4	-0.13092
4.01	-0.11591
4.02	-0.10556
4.03	-0.097823
4.04	-0.086343
4.05	-0.074354
4.06	-0.06258
4.07	-0.050715
4.08	-0.040416
4.09	-0.021763
4.1	0.0096586
4.11	0.035141
4.12	0.053921
4.13	0.076508
4.14	0.096494
4.15	0.11316
4.16	0.12437
4.17	0.12984
4.18	0.13901
4.19	0.14995
4.2	0.16168
4.21	0.17518
4.22	0.18853
4.23	0.20991
4.24	0.22887
4.25	0.23081
4.26	0.23495
4.27	0.24831
4.28	0.25854
4.29	0.26836
4.3	0.28204
4.31	0.29441
4.32	0.30208
4.33	0.31106
4.34	0.31939
4.35	0.3126
4.36	0.29997
4.37	0.29111
4.38	0.27286
4.39	0.25111
4.4	0.23075
4.41	0.19956
4.42	0.17124
4.43	0.16775
4.44	0.16602
4.45	0.14028
4.46	0.10742
4.47	0.074066
4.48	0.031653
4.49	-0.0080701
4.5	-0.045265
4.51	-0.092879
4.52	-0.13908
4.53	-0.16464
4.54	-0.18459
4.55	-0.21257
4.56	-0.21233
4.57	-0.18709
4.58	-0.18575
4.59	-0.19302
4.6	-0.18547
4.61	-0.17858
4.62	-0.16651
4.63	-0.14549
4.64	-0.12787
4.65	-0.10927
4.66	-0.095607
4.67	-0.093102
4.68	-0.087737
4.69	-0.084641
4.7	-0.089408
4.71	-0.088113
4.72	-0.07453
4.73	-0.059147
4.74	-0.05071
4.75	-0.042636
4.76	-0.034176
4.77	-0.029925
4.78	-0.031648
4.79	-0.038207
4.8	-0.042918
4.81	-0.044019
4.82	-0.043261
4.83	-0.043465
4.84	-0.044727
4.85	-0.048136
4.86	-0.05561
4.87	-0.064205
4.88	-0.074964
4.89	-0.085628
4.9	-0.092545
4.91	-0.097707
4.92	-0.101
4.93	-0.096114
4.94	-0.083453
4.95	-0.069886
4.96	-0.051694
4.97	-0.032123
4.98	-0.016518
4.99	-0.0014882
5	0.011966
5.01	0.024397
5.02	0.03537
5.03	0.040841
5.04	0.043323
5.05	0.044215
5.06	0.03993
5.07	0.037227
5.08	0.046955
5.09	0.063177
5.1	0.076246
5.11	0.084713
5.12	0.087812
5.13	0.089949
5.14	0.083493
5.15	0.065525
5.16	0.047863
5.17	0.027176
5.18	0.0036812
5.19	-0.017163
5.2	-0.035933
5.21	-0.051925
5.22	-0.059502
5.23	-0.04904
5.24	-0.033321
5.25	-0.025769
5.26	-0.011057
5.27	0.010585
5.28	0.028127
5.29	0.04634
5.3	0.062562
5.31	0.068138
5.32	0.070951
5.33	0.079657
5.34	0.08696
5.35	0.090141
5.36	0.092265
5.37	0.08435
5.38	0.065033
5.39	0.045481
5.4	0.023569
5.41	-0.00070239
5.42	-0.017978
5.43	-0.028228
5.44	-0.033334
5.45	-0.032214
5.46	-0.031848
5.47	-0.036387
5.48	-0.041701
5.49	-0.046549
5.5	-0.043438
5.51	-0.028179
5.52	-0.0063185
5.53	0.011764
5.54	0.017908
5.55	0.016719
5.56	0.0027707
5.57	-0.013651
5.58	-0.008613
5.59	0.010051
5.6	0.026038
5.61	0.048873
5.62	0.09193
5.63	0.11278
5.64	0.10291
5.65	0.10772
5.66	0.10678
5.67	0.089137
5.68	0.081808
5.69	0.084491
5.7	0.08533
5.71	0.079655
5.72	0.072971
5.73	0.067956
5.74	0.062021
5.75	0.059866
5.76	0.064973
5.77	0.065525
5.78	0.046875
5.79	0.018315
5.8	-0.0020636
5.81	-0.022382
5.82	-0.034007
5.83	-0.028685
5.84	-0.032321
5.85	-0.039467
5.86	-0.043236
5.87	-0.059833
5.88	-0.079382
5.89	-0.090968
5.9	-0.098038
5.91	-0.10392
5.92	-0.11223
5.93	-0.11639
5.94	-0.11016
5.95	-0.10349
5.96	-0.10331
5.97	-0.10204
5.98	-0.097907
5.99	-0.095861
6	-0.094658
6.01	-0.092289
6.02	-0.086784
6.03	-0.077125
6.04	-0.067429
6.05	-0.060781
6.06	-0.055696
6.07	-0.056063
6.08	-0.06389
6.09	-0.071765
6.1	-0.070285
6.11	-0.05314
6.12	-0.03641
6.13	-0.027819
6.14	-0.021156
6.15	-0.029155
6.16	-0.043234
6.17	-0.050139
6.18	-0.053976
6.19	-0.045821
6.2	-0.033101
6.21	-0.022193
6.22	0.0018189
6.23	0.028977
6.24	0.043639
6.25	0.051051
6.26	0.058297
6.27	0.066221
6.28	0.071984
6.29	0.076344
6.3	0.080525
6.31	0.082723
6.32	0.081558
6.33	0.077876
6.34	0.075374
6.35	0.07198
6.36	0.066847
6.37	0.069209
6.38	0.077497
6.39	0.080442
6.4	0.080127
6.41	0.081177
6.42	0.079903
6.43	0.07674
6.44	0.075337
6.45	0.074849
6.46	0.073817
6.47	0.073479
6.48	0.071246
6.49	0.059425
6.5	0.042523
6.51	0.028198
6.52	0.0099583
6.53	-0.012455
6.54	-0.032106
6.55	-0.04876
6.56	-0.063582
6.57	-0.075998
6.58	-0.085472
6.59	-0.091559
6.6	-0.092165
6.61	-0.090211
6.62	-0.091654
6.63	-0.093983
6.64	-0.094644
6.65	-0.095353
6.66	-0.096336
6.67	-0.098132
6.68	-0.092624
6.69	-0.076114
6.7	-0.055314
6.71	-0.035795
6.72	-0.030818
6.73	-0.030499
6.74	-0.018728
6.75	-0.0083816
6.76	-0.0019889
6.77	0.0081828
6.78	0.016628
6.79	0.01942
6.8	0.022936
6.81	0.027067
6.82	0.027776
6.83	0.028839
6.84	0.031155
6.85	0.03242
6.86	0.033219
6.87	0.033996
6.88	0.034688
6.89	0.034954
6.9	0.034662
6.91	0.03781
6.92	0.045711
6.93	0.050176
6.94	0.050696
6.95	0.055711
6.96	0.06452
6.97	0.0721
6.98	0.078366
6.99	0.083301
7	0.083201
7.01	0.074182
7.02	0.061695
7.03	0.052229
7.04	0.040547
7.05	0.025142
7.06	0.013917
7.07	0.0066487
7.08	-0.003325
7.09	-0.012649
7.1	-0.018683
7.11	-0.027213
7.12	-0.03941
7.13	-0.044776
7.14	-0.031625
7.15	-0.016875
7.16	-0.017214
7.17	-0.019752
7.18	-0.023278
7.19	-0.034857
7.2	-0.047828
7.21	-0.053736
7.22	-0.057739
7.23	-0.060488
7.24	-0.051795
7.25	-0.040792
7.26	-0.031692
7.27	-0.016294
7.28	-0.0042617
7.29	-0.0022264
7.3	-0.0031608
7.31	-0.006059
7.32	-0.00435
7.33	0.0065221
7.34	0.01341
7.35	0.014979
7.36	0.018868
7.37	0.017759
7.38	0.011834
7.39	0.010206
7.4	0.011257
7.41	0.01319
7.42	0.013983
7.43	0.0069863
7.44	-0.0036274
7.45	-0.006506
7.46	-0.0075009
7.47	-0.015739
7.48	-0.022929
7.49	-0.023059
7.5	-0.022865
7.51	-0.018908
7.52	-0.0053544
7.53	0.0059365
7.54	0.013767
7.55	0.027946
7.56	0.043907
7.57	0.051679
7.58	0.053461
7.59	0.057958
7.6	0.063357
7.61	0.059265
7.62	0.047621
7.63	0.040474
7.64	0.032138
7.65	0.016545
7.66	0.0010909
7.67	-0.0078373
7.68	-0.0074974
7.69	-0.0079924
7.7	-0.013804
7.71	-0.016312
7.72	-0.020576
7.73	-0.033722
7.74	-0.043568
7.75	-0.046957
7.76	-0.046294
7.77	-0.033455
7.78	-0.014701
7.79	-0.0031673
7.8	-0.0017073
7.81	-0.0046285
7.82	-0.0093275
7.83	-0.011404
7.84	-0.0083764
7.85	-0.0074253
7.86	-0.0089936
7.87	-0.014195
7.88	-0.023238
7.89	-0.02959
7.9	-0.033513
7.91	-0.03228
7.92	-0.026257
7.93	-0.024421
7.94	-0.022691
7.95	-0.022028
7.96	-0.029761
7.97	-0.038343
7.98	-0.042199
7.99	-0.037933
8	-0.028078
8.01	-0.022835
8.02	-0.019398
8.03	-0.015602
8.04	-0.011593
8.05	-0.0035857
8.06	0.0063463
8.07	0.015288
8.08	0.020611
8.09	0.021103
8.1	0.018602
8.11	0.016059
8.12	0.014044
8.13	0.0098495
8.14	0.0043714
8.15	0.0013509
8.16	0.0044606
8.17	0.010027
8.18	0.011344
8.19	0.012887
8.2	0.015522
8.21	0.010172
8.22	-0.00081642
8.23	-0.012093
8.24	-0.022996
8.25	-0.028273
8.26	-0.031802
8.27	-0.035741
8.28	-0.036396
8.29	-0.03821
8.3	-0.041653
8.31	-0.044049
8.32	-0.045476
8.33	-0.046509
8.34	-0.048159
8.35	-0.052037
8.36	-0.053179
8.37	-0.038695
8.38	-0.010085
8.39	0.016409
8.4	0.030949
8.41	0.035752
8.42	0.041793
8.43	0.050672
8.44	0.055165
8.45	0.058148
8.46	0.061269
8.47	0.063137
8.48	0.062054
8.49	0.055604
8.5	0.049058
8.51	0.041084
8.52	0.028865
8.53	0.020161
8.54	0.015579
8.55	0.012386
8.56	0.014771
8.57	0.019592
8.58	0.021878
8.59	0.02484
8.6	0.029162
8.61	0.033125
8.62	0.036107
8.63	0.037512
8.64	0.038735
8.65	0.038222
8.66	0.033915
8.67	0.033186
8.68	0.041692
8.69	0.055021
8.7	0.06629
8.71	0.069169
8.72	0.069935
8.73	0.073119
8.74	0.068818
8.75	0.058217
8.76	0.04611
8.77	0.035391
8.78	0.028425
8.79	0.019509
8.8	0.010003
8.81	0.0016871
8.82	-0.012737
8.83	-0.021866
8.84	-0.015767
8.85	-0.012643
8.86	-0.018793
8.87	-0.035322
8.88	-0.055311
8.89	-0.062343
8.9	-0.061651
8.91	-0.057334
8.92	-0.055805
8.93	-0.06286
8.94	-0.068608
8.95	-0.068985
8.96	-0.067221
8.97	-0.066241
8.98	-0.064105
8.99	-0.049998
9	-0.034427
9.01	-0.03479
9.02	-0.034394
9.03	-0.028837
9.04	-0.034334
9.05	-0.047907
9.06	-0.06241
9.07	-0.072678
9.08	-0.075874
9.09	-0.076214
9.1	-0.071373
9.11	-0.062989
9.12	-0.053041
9.13	-0.03876
9.14	-0.0244
9.15	-0.0096171
9.16	0.0076764
9.17	0.019226
9.18	0.023467
9.19	0.025333
9.2	0.018873
9.21	0.0091991
9.22	0.0047909
9.23	-0.0012401
9.24	-0.0080726
9.25	-0.0079225
9.26	-0.0043307
9.27	-0.0018235
9.28	0.0057416
9.29	0.01523
9.3	0.020338
9.31	0.026861
9.32	0.034765
9.33	0.039365
9.34	0.045063
9.35	0.048656
9.36	0.03961
9.37	0.029269
9.38	0.029758
9.39	0.037794
9.4	0.046495
9.41	0.04895
9.42	0.051621
9.43	0.057285
9.44	0.056868
9.45	0.052059
9.46	0.052322
9.47	0.058041
9.48	0.062027
9.49	0.063084
9.5	0.065897
9.51	0.070044
9.52	0.065816
9.53	0.051016
9.54	0.036202
9.55	0.021404
9.56	0.0061418
9.57	-0.0023946
9.58	-0.0079493
9.59	-0.013743
9.6	-0.016382
9.61	-0.021859
9.62	-0.030474
9.63	-0.032571
9.64	-0.036992
9.65	-0.043688
9.66	-0.038202
9.67	-0.03313
9.68	-0.037729
9.69	-0.042857
9.7	-0.042622
9.71	-0.033182
9.72	-0.022976
9.73	-0.015971
9.74	-0.0071488
9.75	-0.0037715
9.76	-0.0072291
9.77	-0.011616
9.78	-0.017282
9.79	-0.021528
9.8	-0.016747
9.81	-0.0089378
9.82	-0.0087681
9.83	-0.0079448
9.84	-0.0065309
9.85	-0.015238
9.86	-0.031847
9.87	-0.044471
9.88	-0.042835
9.89	-0.040857
9.9	-0.048588
9.91	-0.051969
9.92	-0.050225
9.93	-0.052573
9.94	-0.048162
9.95	-0.02836
9.96	-0.015432
9.97	-0.014314
9.98	-0.011757
9.99	-0.01607
10	-0.031623
10.01	-0.044682
10.02	-0.043877
10.03	-0.039922
10.04	-0.040383
10.05	-0.039454
10.06	-0.038337
10.07	-0.037859
10.08	-0.036302
10.09	-0.027587
10.1	-0.011627
10.11	0.0036656
10.12	0.019234
10.13	0.031772
10.14	0.040484
10.15	0.051714
10.16	0.06298
10.17	0.075239
10.18	0.08856
10.19	0.098821
10.2	0.10633
10.21	0.10943
10.22	0.10502
10.23	0.094724
10.24	0.085547
10.25	0.07831
10.26	0.069761
10.27	0.061199
10.28	0.052623
10.29	0.043644
10.3	0.034742
10.31	0.027173
10.32	0.022749
10.33	0.020483
10.34	0.02195
10.35	0.025313
10.36	0.025117
10.37	0.023631
10.38	0.016599
10.39	-0.00069339
10.4	-0.020143
10.41	-0.032606
10.42	-0.037207
10.43	-0.04073
10.44	-0.04438
10.45	-0.0421
10.46	-0.03467
10.47	-0.026147
10.48	-0.014896
10.49	-0.0016494
10.5	0.01141
10.51	0.020102
10.52	0.025803
10.53	0.027772
10.54	0.015049
10.55	0.00081078
10.56	-0.0037263
10.57	-0.012312
10.58	-0.026529
10.59	-0.035569
10.6	-0.037307
10.61	-0.040947
10.62	-0.048228
10.63	-0.052937
10.64	-0.056016
10.65	-0.054576
10.66	-0.047246
10.67	-0.043705
10.68	-0.042916
10.69	-0.040856
10.7	-0.042721
10.71	-0.045118
10.72	-0.03921
10.73	-0.028648
10.74	-0.024685
10.75	-0.023936
10.76	-0.019852
10.77	-0.019772
10.78	-0.023451
10.79	-0.024086
10.8	-0.021374
10.81	-0.015941
10.82	-0.011788
10.83	-0.0097258
10.84	-0.0060788
10.85	-0.002063
10.86	0.002271
10.87	0.0085142
10.88	0.014317
10.89	0.017929
10.9	0.020837
10.91	0.024541
10.92	0.028065
10.93	0.027267
10.94	0.024193
10.95	0.029083
10.96	0.038351
10.97	0.041325
10.98	0.043594
10.99	0.047171
11	0.041219
11.01	0.030677
11.02	0.026181
11.03	0.020551
11.04	0.010562
11.05	0.00064616
11.06	-0.0082284
11.07	-0.012409
11.08	-0.01476
11.09	-0.02153
11.1	-0.035933
11.11	-0.05215
11.12	-0.055998
11.13	-0.056359
11.14	-0.062527
11.15	-0.060918
11.16	-0.045675
11.17	-0.019756
11.18	0.0043236
11.19	0.0094054
11.2	0.0069589
11.21	0.008241
11.22	0.0047294
11.23	-0.0017902
11.24	-0.011105
11.25	-0.019192
11.26	-0.013881
11.27	-0.0038272
11.28	0.0019221
11.29	0.0071712
11.3	0.011474
11.31	0.015711
11.32	0.019645
11.33	0.023803
11.34	0.032717
11.35	0.041964
11.36	0.046877
11.37	0.050614
11.38	0.050003
11.39	0.045221
11.4	0.045083
11.41	0.04849
11.42	0.0509
11.43	0.045486
11.44	0.025644
11.45	0.0042586
11.46	-0.011411
11.47	-0.028123
11.48	-0.040782
11.49	-0.046334
11.5	-0.04475
11.51	-0.038152
11.52	-0.036175
11.53	-0.035192
11.54	-0.030138
11.55	-0.024099
11.56	-0.017523
11.57	-0.010117
11.58	-0.0007176
11.59	0.011226
11.6	0.02305
11.61	0.031093
11.62	0.037153
11.63	0.043413
11.64	0.047848
11.65	0.050837
11.66	0.053853
11.67	0.05763
11.68	0.060872
11.69	0.061966
11.7	0.062754
11.71	0.060621
11.72	0.053737
11.73	0.048334
11.74	0.043447
11.75	0.032074
11.76	0.019611
11.77	0.0037937
11.78	-0.017586
11.79	-0.024362
11.8	-0.023062
11.81	-0.024725
11.82	-0.019929
11.83	-0.015891
11.84	-0.015188
11.85	-0.013003
11.86	-0.010568
11.87	-0.0084109
11.88	-0.0089562
11.89	-0.011293
11.9	-0.015075
11.91	-0.02323
11.92	-0.032136
11.93	-0.037818
11.94	-0.040822
11.95	-0.039554
11.96	-0.033507
11.97	-0.027511
11.98	-0.020882
11.99	-0.013007
12	-0.0092276
12.01	-0.012306
12.02	-0.021056
12.03	-0.031007
12.04	-0.037506
12.05	-0.0402
12.06	-0.04491
12.07	-0.044103
12.08	-0.032871
12.09	-0.022999
12.1	-0.0055313
12.11	0.020527
12.12	0.034507
12.13	0.044787
12.14	0.05853
12.15	0.053655
12.16	0.038651
12.17	0.036006
12.18	0.032231
12.19	0.022834
12.2	0.018219
12.21	0.013818
12.22	0.0067483
12.23	-0.00034088
12.24	-0.00043129
12.25	0.010221
12.26	0.016485
12.27	0.015632
12.28	0.019426
12.29	0.020137
12.3	0.01401
12.31	0.012178
12.32	0.014729
12.33	0.015727
12.34	0.016094
12.35	0.012535
12.36	0.0014908
12.37	-0.0066288
12.38	-0.0088456
12.39	-0.014105
12.4	-0.022433
12.41	-0.027816
12.42	-0.029121
12.43	-0.031146
12.44	-0.035348
12.45	-0.038656
12.46	-0.040746
12.47	-0.043637
12.48	-0.04426
12.49	-0.037992
12.5	-0.030427
12.51	-0.021058
12.52	-0.0094171
12.53	-0.006014
12.54	-0.0040065
12.55	-0.00041446
12.56	-0.0033021
12.57	-0.0063501
12.58	-0.00097288
12.59	0.012834
12.6	0.023475
12.61	0.028639
12.62	0.03595
12.63	0.042182
12.64	0.045297
12.65	0.046873
12.66	0.047041
12.67	0.046187
12.68	0.042842
12.69	0.034453
12.7	0.026434
12.71	0.028709
12.72	0.034722
12.73	0.034618
12.74	0.032356
12.75	0.026813
12.76	0.016154
12.77	0.0082231
12.78	0.0090615
12.79	0.013537
12.8	0.014704
12.81	0.013584
12.82	0.003624
12.83	-0.015004
12.84	-0.027994
12.85	-0.036895
12.86	-0.045644
12.87	-0.043952
12.88	-0.037158
12.89	-0.036438
12.9	-0.038298
12.91	-0.042712
12.92	-0.047168
12.93	-0.049562
12.94	-0.053516
12.95	-0.05565
12.96	-0.055208
12.97	-0.056656
12.98	-0.056864
12.99	-0.052559
13	-0.048715
13.01	-0.044973
13.02	-0.037868
13.03	-0.031076
13.04	-0.024936
13.05	-0.01734
13.06	-0.0099789
13.07	-0.0030881
13.08	0.0035017
13.09	0.0072501
13.1	0.0091227
13.11	0.010964
13.12	0.0065618
13.13	-0.0054602
13.14	-0.015467
13.15	-0.021323
13.16	-0.025926
13.17	-0.022549
13.18	-0.014855
13.19	-0.014289
13.2	-0.015021
13.21	-0.011622
13.22	-0.0096208
13.23	-0.011722
13.24	-0.014679
13.25	-0.016026
13.26	-0.012058
13.27	-0.0017972
13.28	0.0057167
13.29	0.010396
13.3	0.018151
13.31	0.025811
13.32	0.030243
13.33	0.033257
13.34	0.036913
13.35	0.039364
13.36	0.040268
13.37	0.041529
13.38	0.042693
13.39	0.043486
13.4	0.044312
13.41	0.044622
13.42	0.044863
13.43	0.043052
13.44	0.032035
13.45	0.01845
13.46	0.0095788
13.47	0.00024274
13.48	0.00044774
13.49	0.0079201
13.5	0.0073545
13.51	0.0054486
13.52	0.0057944
13.53	0.005067
13.54	0.0068003
13.55	0.010998
13.56	0.013968
13.57	0.017275
13.58	0.023394
13.59	0.023286
13.6	0.010241
13.61	-0.0041188
13.62	-0.010216
13.63	-0.0085952
13.64	-0.0059272
13.65	-0.0075362
13.66	-0.0093513
13.67	-0.011911
13.68	-0.015807
13.69	-0.017956
13.7	-0.020695
13.71	-0.022774
13.72	-0.019297
13.73	-0.014758
13.74	-0.010295
13.75	0.00083608
13.76	0.013658
13.77	0.022811
13.78	0.029229
13.79	0.032327
13.8	0.031188
13.81	0.026004
13.82	0.022041
13.83	0.019912
13.84	0.014995
13.85	0.003518
13.86	-0.0087748
13.87	-0.015957
13.88	-0.028569
13.89	-0.03809
13.9	-0.035152
13.91	-0.033659
13.92	-0.03143
13.93	-0.021672
13.94	-0.011637
13.95	-0.0086299
13.96	-0.0076584
13.97	-0.0043878
13.98	-0.0026032
13.99	-0.0013975
14	0.0001866
14.01	0.0032975
14.02	0.0089428
14.03	0.013747
14.04	0.019148
14.05	0.026116
14.06	0.030634
14.07	0.029455
14.08	0.020494
14.09	0.011015
14.1	0.004815
14.11	-0.0015851
14.12	-0.0051807
14.13	-0.0087306
14.14	-0.010692
14.15	-0.0030033
14.16	0.0044499
14.17	0.0037724
14.18	0.0048861
14.19	0.0070174
14.2	-0.00096147
14.21	-0.01264
14.22	-0.020043
14.23	-0.025762
14.24	-0.02983
14.25	-0.03306
14.26	-0.031489
14.27	-0.025763
14.28	-0.023999
14.29	-0.023243
14.3	-0.02017
14.31	-0.019081
14.32	-0.021158
14.33	-0.022495
14.34	-0.026572
14.35	-0.035316
14.36	-0.035699
14.37	-0.029069
14.38	-0.027833
14.39	-0.030152
14.4	-0.035353
14.41	-0.041732
14.42	-0.037893
14.43	-0.025447
14.44	-0.018599
14.45	-0.012052
14.46	-0.0019965
14.47	0.00018971
14.48	0.0010274
14.49	0.0035956
14.5	0.00053044
14.51	-0.0013432
14.52	0.0092108
14.53	0.027044
14.54	0.037324
14.55	0.043224
14.56	0.051367
14.57	0.060278
14.58	0.066473
14.59	0.063043
14.6	0.05693
14.61	0.056132
14.62	0.052305
14.63	0.046006
14.64	0.048296
14.65	0.05545
14.66	0.05808
14.67	0.05892
14.68	0.061181
14.69	0.063096
14.7	0.063213
14.71	0.062791
14.72	0.062064
14.73	0.057943
14.74	0.050334
14.75	0.034273
14.76	0.0097891
14.77	-0.010082
14.78	-0.027055
14.79	-0.046658
14.8	-0.055538
14.81	-0.054746
14.82	-0.060482
14.83	-0.070063
14.84	-0.078006
14.85	-0.086398
14.86	-0.095742
14.87	-0.10148
14.88	-0.099014
14.89	-0.096613
14.9	-0.098017
14.91	-0.097631
14.92	-0.094958
14.93	-0.086873
14.94	-0.07057
14.95	-0.048964
14.96	-0.02821
14.97	-0.013288
14.98	-0.004305
14.99	0.0012429
15	0.0066362
15.01	0.0054724
15.02	-0.0012137
15.03	-0.0046452
15.04	-0.01096
15.05	-0.020984
15.06	-0.030424
15.07	-0.039448
15.08	-0.043445
15.09	-0.036052
15.1	-0.021614
15.11	-0.010479
15.12	0.0017967
15.13	0.01905
15.14	0.034032
15.15	0.047709
15.16	0.066665
15.17	0.08846
15.18	0.10516
15.19	0.11677
15.2	0.12464
15.21	0.12759
15.22	0.12677
15.23	0.12045
15.24	0.11162
15.25	0.10446
15.26	0.099971
15.27	0.098951
15.28	0.09418
15.29	0.072996
15.3	0.045983
15.31	0.034961
15.32	0.023669
15.33	0.0018815
15.34	-0.010478
15.35	-0.015734
15.36	-0.025469
15.37	-0.03418
15.38	-0.038124
15.39	-0.040253
15.4	-0.03717
15.41	-0.028624
15.42	-0.022946
15.43	-0.018305
15.44	-0.01026
15.45	-0.0080379
15.46	-0.014572
15.47	-0.018459
15.48	-0.018965
15.49	-0.017062
15.5	-0.0097016
15.51	-0.0042414
15.52	-0.00086026
15.53	0.0068902
15.54	0.01586
15.55	0.019379
15.56	0.019853
15.57	0.019113
15.58	0.013245
15.59	0.0037962
15.6	-0.0093264
15.61	-0.021867
15.62	-0.029163
15.63	-0.039488
15.64	-0.051329
15.65	-0.056529
15.66	-0.06105
15.67	-0.068321
15.68	-0.074062
15.69	-0.076361
15.7	-0.074749
15.71	-0.070399
15.72	-0.064324
15.73	-0.056989
15.74	-0.0478
15.75	-0.037455
15.76	-0.027588
15.77	-0.018739
15.78	-0.013223
15.79	-0.0096653
15.8	-0.0030167
15.81	0.0047706
15.82	0.010501
15.83	0.014484
15.84	0.013823
15.85	0.011249
15.86	0.011215
15.87	0.012037
15.88	0.016505
15.89	0.023239
15.9	0.026461
15.91	0.029799
15.92	0.034051
15.93	0.031931
15.94	0.026083
15.95	0.023888
15.96	0.021755
15.97	0.01731
15.98	0.012864
15.99	0.0080797
16	0.0027814
16.01	-0.0027924
16.02	-0.0087043
16.03	-0.010675
16.04	-0.0067948
16.05	-0.0047081
16.06	-0.0048479
16.07	-0.0028999
16.08	-0.0021088
16.09	-0.0026646
16.1	-0.0020085
16.11	-0.0014404
16.12	-0.0014709
16.13	-0.0012184
16.14	-0.00096626
16.15	-0.00062649
16.16	0.00029358
16.17	0.0012663
16.18	0.0019349
16.19	0.0027858
16.2	0.0038884
16.21	0.0041872
16.22	0.003037
16.23	0.0018251
16.24	0.0011032
16.25	-0.00021258
16.26	-0.0027562
16.27	-0.0062341
16.28	-0.012472
16.29	-0.020077
16.3	-0.019513
16.31	-0.014157
16.32	-0.014022
16.33	-0.013294
16.34	-0.013758
16.35	-0.021823
16.36	-0.030212
16.37	-0.033595
16.38	-0.029179
16.39	-0.020021
16.4	-0.0096817
16.41	-0.00099395
16.42	0.0014705
16.43	0.0025861
16.44	0.0012988
16.45	-0.0023969
16.46	-0.0065378
16.47	-0.011169
16.48	-0.0099841
16.49	-0.0080683
16.5	-0.010943
16.51	-0.013488
16.52	-0.015315
16.53	-0.011616
16.54	0.0023975
16.55	0.016716
16.56	0.024325
16.57	0.028251
16.58	0.030208
16.59	0.029221
16.6	0.02829
16.61	0.02918
16.62	0.030703
16.63	0.032701
16.64	0.034499
16.65	0.034353
16.66	0.030317
16.67	0.026107
16.68	0.024013
16.69	0.021157
16.7	0.017774
16.71	0.014835
16.72	0.011779
16.73	0.0085011
16.74	0.0058056
16.75	0.0049603
16.76	0.0043303
16.77	0.0032863
16.78	0.0055925
16.79	0.0096549
16.8	0.01169
16.81	0.01421
16.82	0.017427
16.83	0.018748
16.84	0.019524
16.85	0.021146
16.86	0.026112
16.87	0.035414
16.88	0.041525
16.89	0.043511
16.9	0.048669
16.91	0.053299
16.92	0.050663
16.93	0.046966
16.94	0.045976
16.95	0.041771
16.96	0.03547
16.97	0.029807
16.98	0.019195
16.99	0.004108
17	-0.0063664
17.01	-0.014754
17.02	-0.024102
17.03	-0.028357
17.04	-0.029153
17.05	-0.029274
17.06	-0.029318
17.07	-0.029815
17.08	-0.029995
17.09	-0.028943
17.1	-0.022792
17.11	-0.014631
17.12	-0.0099337
17.13	-0.0021703
17.14	0.0069753
17.15	0.010164
17.16	0.0069851
17.17	-0.003943
17.18	-0.014661
17.19	-0.022056
17.2	-0.029462
17.21	-0.033442
17.22	-0.037641
17.23	-0.041615
17.24	-0.036754
17.25	-0.029621
17.26	-0.024027
17.27	-0.01343
17.28	-0.0042775
17.29	0.0032266
17.3	0.012441
17.31	0.018509
17.32	0.026664
17.33	0.035989
17.34	0.040147
17.35	0.045515
17.36	0.051483
17.37	0.05337
17.38	0.054351
17.39	0.052479
17.4	0.04835
17.41	0.045752
17.42	0.041651
17.43	0.033832
17.44	0.024429
17.45	0.016266
17.46	0.005331
17.47	-0.0068736
17.48	-0.013576
17.49	-0.020564
17.5	-0.02857
17.51	-0.029538
17.52	-0.027004
17.53	-0.02895
17.54	-0.03267
17.55	-0.034286
17.56	-0.035804
17.57	-0.038361
17.58	-0.041004
17.59	-0.038557
17.6	-0.030467
17.61	-0.023509
17.62	-0.014997
17.63	-0.0070674
17.64	-0.0052947
17.65	-0.0014844
17.66	0.0043083
17.67	0.0069543
17.68	0.0093871
17.69	0.011529
17.7	0.01095
17.71	0.0084199
17.72	0.0051017
17.73	0.002904
17.74	0.0056112
17.75	0.0093899
17.76	0.0091009
17.77	0.0072555
17.78	0.00098608
17.79	-0.0094675
17.8	-0.016861
17.81	-0.024529
17.82	-0.035598
17.83	-0.044189
17.84	-0.046897
17.85	-0.046259
17.86	-0.04615
17.87	-0.04702
17.88	-0.047557
17.89	-0.048217
17.9	-0.049878
17.91	-0.052367
17.92	-0.049057
17.93	-0.037557
17.94	-0.025466
17.95	-0.013437
17.96	-0.0017763
17.97	0.0060523
17.98	0.012501
17.99	0.018279
18	0.021694
18.01	0.025578
18.02	0.030487
18.03	0.034415
18.04	0.038158
18.05	0.042247
18.06	0.044954
18.07	0.043754
18.08	0.041946
18.09	0.039565
18.1	0.031529
18.11	0.027454
18.12	0.030383
18.13	0.028417
18.14	0.024339
18.15	0.023652
18.16	0.021405
18.17	0.014943
18.18	0.0080071
18.19	0.0032707
18.2	-0.0019843
18.21	-0.010236
18.22	-0.01769
18.23	-0.020427
18.24	-0.023465
18.25	-0.02753
18.26	-0.028527
18.27	-0.029913
18.28	-0.031662
18.29	-0.030072
18.3	-0.028191
18.31	-0.027663
18.32	-0.025881
18.33	-0.023605
18.34	-0.022032
18.35	-0.0201
18.36	-0.018259
18.37	-0.014457
18.38	-0.0057351
18.39	0.0028459
18.4	0.0085185
18.41	0.015436
18.42	0.022957
18.43	0.027035
18.44	0.028272
18.45	0.029352
18.46	0.0287
18.47	0.025248
18.48	0.021904
18.49	0.018009
18.5	0.0085282
18.51	-0.001738
18.52	-0.004762
18.53	-0.0061877
18.54	-0.010333
18.55	-0.013897
18.56	-0.018045
18.57	-0.02468
18.58	-0.029992
18.59	-0.031209
18.6	-0.032172
18.61	-0.035031
18.62	-0.034583
18.63	-0.030694
18.64	-0.029106
18.65	-0.025657
18.66	-0.017196
18.67	-0.011288
18.68	-0.0083318
18.69	-0.0050409
18.7	-0.0032039
18.71	-0.0029748
18.72	-0.0035245
18.73	-0.0049479
18.74	-0.0079334
18.75	-0.0072719
18.76	-0.00083815
18.77	0.002708
18.78	0.0033188
18.79	0.0063416
18.8	0.0096895
18.81	0.012489
18.82	0.013972
18.83	0.010033
18.84	0.0046352
18.85	0.0026514
18.86	-0.00021504
18.87	-0.0046247
18.88	-0.0080489
18.89	-0.011601
18.9	-0.014871
18.91	-0.016498
18.92	-0.01784
18.93	-0.019248
18.94	-0.020202
18.95	-0.020162
18.96	-0.016545
18.97	-0.012026
18.98	-0.010183
18.99	-0.0084004
19	-0.0060782
19.01	-0.0050052
19.02	-0.0056224
19.03	-0.0066397
19.04	-0.0049219
19.05	-5.6492e-05
19.06	0.0038856
19.07	0.0060025
19.08	0.0090853
19.09	0.012359
19.1	0.012847
19.11	0.011639
19.12	0.01088
19.13	0.010372
19.14	0.010529
19.15	0.011074
19.16	0.012077
19.17	0.012968
19.18	0.011154
19.19	0.0081132
19.2	0.0066238
19.21	0.0048854
19.22	0.0034647
19.23	0.0045129
19.24	0.0056537
19.25	0.0045093
19.26	-0.00014058
19.27	-0.0053791
19.28	-0.0070882
19.29	-0.0087499
19.3	-0.012786
19.31	-0.013567
19.32	-0.0092081
19.33	-0.0059336
19.34	-0.0049961
19.35	-0.0037897
19.36	-0.0017401
19.37	0.004508
19.38	0.012039
19.39	0.013846
19.4	0.015145
19.41	0.017158
19.42	0.014124
19.43	0.01113
19.44	0.009615
19.45	0.0058874
19.46	0.0015714
19.47	-0.00065902
19.48	0.0043218
19.49	0.011376
19.5	0.010618
19.51	0.0092847
19.52	0.010817
19.53	0.0097671
19.54	0.0074482
19.55	0.0036308
19.56	0.001098
19.57	0.0029014
19.58	0.003071
19.59	0.0026667
19.6	5.9973e-05
19.61	-0.010591
19.62	-0.014368
19.63	-0.0034929
19.64	0.006169
19.65	0.010121
19.66	0.016204
19.67	0.023595
19.68	0.028595
19.69	0.031283
19.7	0.03181
19.71	0.031612
19.72	0.033586
19.73	0.037221
19.74	0.039553
19.75	0.040946
19.76	0.043417
19.77	0.044732
19.78	0.043118
19.79	0.04244
19.8	0.040899
19.81	0.033783
19.82	0.027599
19.83	0.025441
19.84	0.022476
19.85	0.020618
19.86	0.019807
19.87	0.016169
19.88	0.010217
19.89	0.002056
19.9	-0.0099043
19.91	-0.02273
19.92	-0.031222
19.93	-0.036894
19.94	-0.039851
19.95	-0.03905
19.96	-0.039622
19.97	-0.04179
19.98	-0.042881
19.99	-0.043329
20	-0.042856
20.01	-0.042191
20.02	-0.042356
20.03	-0.042507
20.04	-0.042341
20.05	-0.042428
20.06	-0.042509
20.07	-0.042619
20.08	-0.041518
20.09	-0.034997
20.1	-0.027492
20.11	-0.023966
20.12	-0.013679
20.13	-0.0018165
20.14	-0.0011542
20.15	0.001266
20.16	0.008922
20.17	0.012911
20.18	0.016681
20.19	0.022562
20.2	0.027879
20.21	0.031893
20.22	0.035534
20.23	0.039132
20.24	0.041947
20.25	0.044263
20.26	0.04359
20.27	0.039664
20.28	0.036085
20.29	0.029342
20.3	0.021833
20.31	0.018898
20.32	0.015386
20.33	0.011321
20.34	0.0087628
20.35	0.0067033
20.36	0.0065802
20.37	0.0068633
20.38	0.0077091
20.39	0.010601
20.4	0.012758
20.41	0.012848
20.42	0.01232
20.43	0.012514
20.44	0.012827
20.45	0.012348
20.46	0.011543
20.47	0.010469
20.48	0.0093563
20.49	0.0081734
20.5	0.0055912
20.51	0.0048291
20.52	0.0088486
20.53	0.011066
20.54	0.0099352
20.55	0.010485
20.56	0.010874
20.57	0.01013
20.58	0.011527
20.59	0.01438
20.6	0.016505
20.61	0.016359
20.62	0.012459
20.63	0.0087449
20.64	0.0063848
20.65	0.00050156
20.66	-0.0056647
20.67	-0.0082343
20.68	-0.013887
20.69	-0.024119
20.7	-0.030184
20.71	-0.031623
20.72	-0.034994
20.73	-0.038803
20.74	-0.040742
20.75	-0.042796
20.76	-0.04476
20.77	-0.04545
20.78	-0.044533
20.79	-0.043518
20.8	-0.04277
20.81	-0.041098
20.82	-0.039303
20.83	-0.036189
20.84	-0.031541
20.85	-0.027559
20.86	-0.021256
20.87	-0.016287
20.88	-0.018736
20.89	-0.019928
20.9	-0.015769
20.91	-0.011878
20.92	-0.0091726
20.93	-0.0056299
20.94	-0.0017678
20.95	-2.006e-05
20.96	0.00080774
20.97	0.0031632
20.98	0.0038693
20.99	0.00094462
21	-0.0014811
21.01	-0.00133
21.02	0.00013875
21.03	0.0015308
21.04	0.0042263
21.05	0.0072975
21.06	0.0032359
21.07	-0.0047992
21.08	-0.0083434
21.09	-0.011957
21.1	-0.017771
21.11	-0.02187
21.12	-0.026077
21.13	-0.027778
21.14	-0.022938
21.15	-0.018852
21.16	-0.017798
21.17	-0.014919
21.18	-0.011568
21.19	-0.0089564
21.2	-0.005716
21.21	-0.0020636
21.22	0.00084503
21.23	0.0031095
21.24	0.0049275
21.25	0.0040884
21.26	0.0014341
21.27	0.001231
21.28	0.0043818
21.29	0.0079367
21.3	0.0097994
21.31	0.012051
21.32	0.013824
21.33	0.012152
21.34	0.01095
21.35	0.012675
21.36	0.013671
21.37	0.01494
21.38	0.018868
21.39	0.021676
21.4	0.022326
21.41	0.024192
21.42	0.026081
21.43	0.024255
21.44	0.021171
21.45	0.020285
21.46	0.019261
21.47	0.017028
21.48	0.015049
21.49	0.013142
21.5	0.0092183
21.51	0.00078876
21.52	-0.0060951
21.53	-0.0060691
21.54	-0.0050986
21.55	-0.0057041
21.56	-0.0087166
21.57	-0.013736
21.58	-0.017469
21.59	-0.022107
21.6	-0.022058
21.61	-0.012911
21.62	-0.0065599
21.63	-0.0044094
21.64	0.00063454
21.65	0.0055012
21.66	0.0081162
21.67	0.0097536
21.68	0.011235
21.69	0.012878
21.7	0.013574
21.71	0.013758
21.72	0.014828
21.73	0.017455
21.74	0.020645
21.75	0.022219
21.76	0.023059
21.77	0.024771
21.78	0.026237
21.79	0.027554
21.8	0.028501
21.81	0.023486
21.82	0.01362
21.83	0.0060827
21.84	-0.0014031
21.85	-0.0089206
21.86	-0.010251
21.87	-0.0084904
21.88	-0.0097868
21.89	-0.010446
21.9	-0.0081456
21.91	-0.0066691
21.92	-0.0055825
21.93	-0.0034558
21.94	-0.0017019
21.95	-0.00045705
21.96	0.00064574
21.97	0.00070676
21.98	0.00042687
21.99	0.0014019
22	0.0028958
22.01	0.0034183
22.02	0.0021562
22.03	0.00015764
22.04	-0.00087858
22.05	-0.0020746
22.06	-0.0040558
22.07	-0.0061152
22.08	-0.0056076
22.09	-0.00068565
22.1	0.0034256
22.11	0.0046237
22.12	0.0070382
22.13	0.0099926
22.14	0.0094754
22.15	0.0073325
22.16	0.0061486
22.17	0.0033807
22.18	-0.00019523
22.19	-0.0026674
22.2	-0.0053675
22.21	-0.0083344
22.22	-0.011355
22.23	-0.012981
22.24	-0.011519
22.25	-0.010299
22.26	-0.0097156
22.27	-0.0055526
22.28	-0.00241
22.29	-0.0059759
22.3	-0.0089556
22.31	-0.0053139
22.32	-0.0009026
22.33	5.1756e-05
22.34	-0.00043706
22.35	-0.00090696
22.36	0.0010593
22.37	0.0061216
22.38	0.0096331
22.39	0.010745
22.4	0.011044
22.41	0.0085381
22.42	0.0053741
22.43	0.004349
22.44	0.0033878
22.45	0.0029749
22.46	0.0041356
22.47	0.0039744
22.48	0.00039014
22.49	-0.003926
22.5	-0.0063952
22.51	-0.0092524
22.52	-0.011685
22.53	-0.010435
22.54	-0.0086711
22.55	-0.0088152
22.56	-0.0083254
22.57	-0.0069562
22.58	-0.0066154
22.59	-0.0080952
22.6	-0.009837
22.61	-0.011349
22.62	-0.014747
22.63	-0.017833
22.64	-0.016465
22.65	-0.013553
22.66	-0.012858
22.67	-0.011573
22.68	-0.0089657
22.69	-0.0070747
22.7	-0.0048942
22.71	-0.0020283
22.72	0.00086615
22.73	0.00080691
22.74	-0.0035973
22.75	-0.0066516
22.76	-0.0079874
22.77	-0.010708
22.78	-0.010563
22.79	-0.0075278
22.8	-0.0062199
22.81	-0.0044601
22.82	-0.00096811
22.83	0.00072823
22.84	0.00033262
22.85	0.00046436
22.86	0.001356
22.87	0.0014093
22.88	0.0020804
22.89	0.0058975
22.9	0.010503
22.91	0.012946
22.92	0.01492
22.93	0.01878
22.94	0.023716
22.95	0.026703
22.96	0.028299
22.97	0.031689
22.98	0.031575
22.99	0.023881
23	0.01746
23.01	0.014296
23.02	0.0083749
23.03	0.0018876
23.04	0.0012856
23.05	0.0050961
23.06	0.0066424
23.07	0.007894
23.08	0.010996
23.09	0.01353
23.1	0.015247
23.11	0.01331
23.12	0.0086811
23.13	0.0064452
23.14	0.0045863
23.15	0.00083961
23.16	-0.0012346
23.17	0.0014061
23.18	0.0050339
23.19	0.0064103
23.2	0.0092231
23.21	0.0075387
23.22	-0.0037724
23.23	-0.010913
23.24	-0.011875
23.25	-0.016549
23.26	-0.019176
23.27	-0.016931
23.28	-0.017038
23.29	-0.018214
23.3	-0.017759
23.31	-0.017641
23.32	-0.016749
23.33	-0.01419
23.34	-0.012153
23.35	-0.010737
23.36	-0.009059
23.37	-0.0075781
23.38	-0.0058121
23.39	-0.0031872
23.4	-0.00043119
23.41	0.0018297
23.42	0.0034218
23.43	0.0045805
23.44	0.006042
23.45	0.0075981
23.46	0.0096131
23.47	0.011554
23.48	0.0077271
23.49	0.0038373
23.5	0.012756
23.51	0.02009
23.52	0.015468
23.53	0.014104
23.54	0.01495
23.55	0.011479
23.56	0.0099992
23.57	0.011049
23.58	0.010962
23.59	0.010521
23.6	0.010613
23.61	0.0077407
23.62	0.0012096
23.63	-0.0067689
23.64	-0.016028
23.65	-0.021207
23.66	-0.022375
23.67	-0.025325
23.68	-0.025068
23.69	-0.021631
23.7	-0.020759
23.71	-0.019028
23.72	-0.015571
23.73	-0.013208
23.74	-0.010926
23.75	-0.0084709
23.76	-0.0063045
23.77	-0.0045162
23.78	-0.0035708
23.79	-0.0026167
23.8	-0.00079059
23.81	0.001956
23.82	0.0042583
23.83	0.0037244
23.84	0.0019403
23.85	0.0022828
23.86	0.0036663
23.87	0.0039062
23.88	0.0044558
23.89	0.0079646
23.9	0.012165
23.91	0.013917
23.92	0.016654
23.93	0.021417
23.94	0.024445
23.95	0.027075
23.96	0.031122
23.97	0.029386
23.98	0.02031
23.99	0.014333
24	0.0069486
24.01	-0.0057308
24.02	-0.01094
24.03	-0.013449
24.04	-0.021918
24.05	-0.028741
24.06	-0.030647
24.07	-0.031791
24.08	-0.034194
24.09	-0.034671
24.1	-0.033309
24.11	-0.032844
24.12	-0.030153
24.13	-0.025637
24.14	-0.022344
24.15	-0.018334
24.16	-0.013124
24.17	-0.0077033
24.18	-0.0023686
24.19	0.0025906
24.2	0.0070303
24.21	0.0095427
24.22	0.011098
24.23	0.013527
24.24	0.015234
24.25	0.016538
24.26	0.019056
24.27	0.021406
24.28	0.022439
24.29	0.023335
24.3	0.024662
24.31	0.025133
24.32	0.021514
24.33	0.012107
24.34	0.0028866
24.35	-0.0019458
24.36	-0.0064072
24.37	-0.010574
24.38	-0.0099068
24.39	-0.0073654
24.4	-0.0073179
24.41	-0.0070268
24.42	-0.0059518
24.43	-0.0053988
24.44	-0.004174
24.45	-0.0048136
24.46	-0.0091042
24.47	-0.012003
24.48	-0.012542
24.49	-0.01451
24.5	-0.01609
24.51	-0.013414
24.52	-0.0086419
24.53	-0.0052011
24.54	-0.0006073
24.55	0.005878
24.56	0.010665
24.57	0.012722
24.58	0.014373
24.59	0.016892
24.6	0.019001
24.61	0.019884
24.62	0.019639
24.63	0.019481
24.64	0.019383
24.65	0.01926
24.66	0.020691
24.67	0.021511
24.68	0.02066
24.69	0.019385
24.7	0.016919
24.71	0.013651
24.72	0.0081588
24.73	0.0017071
24.74	-0.0022623
24.75	-0.0059509
24.76	-0.0095333
24.77	-0.014063
24.78	-0.020617
24.79	-0.023615
24.8	-0.023152
24.81	-0.021953
24.82	-0.018482
24.83	-0.013078
24.84	-0.009419
24.85	-0.010468
24.86	-0.0083465
24.87	0.0006699
24.88	0.0060862
24.89	0.0061364
24.9	0.0048249
24.91	0.003687
24.92	0.0054747
24.93	0.0072733
24.94	0.0070749
24.95	0.0075115
24.96	0.0082829
24.97	0.0066295
24.98	0.0036547
24.99	0.0036473
25	0.004534
25.01	0.0038566
25.02	0.0037479
25.03	0.003641
25.04	0.0030439
25.05	0.0032458
25.06	0.0033703
25.07	0.0021098
25.08	-0.00047128
25.09	-0.0028393
25.1	-0.0037298
25.11	-0.0048679
25.12	-0.0058675
25.13	-0.004802
25.14	-0.0036726
25.15	-0.0029132
25.16	-0.0015583
25.17	-0.00070274
25.18	-0.00092753
25.19	-0.0021158
25.2	-0.0039274
25.21	-0.0062596
25.22	-0.0086932
25.23	-0.00988
25.24	-0.0097454
25.25	-0.010035
25.26	-0.010386
25.27	-0.0098613
25.28	-0.0092562
25.29	-0.0078568
25.3	-0.0060279
25.31	-0.005168
25.32	-0.0044169
25.33	-0.0049501
25.34	-0.0073913
25.35	-0.0064316
25.36	-0.0012028
25.37	0.0038141
25.38	0.0091035
25.39	0.013323
25.4	0.014022
25.41	0.012745
25.42	0.010886
25.43	0.0099918
25.44	0.0090347
25.45	0.0068338
25.46	0.0045392
25.47	0.0023106
25.48	0.00061158
25.49	-0.00044737
25.5	-0.0021144
25.51	-0.0040067
25.52	-0.0054993
25.53	-0.0072553
25.54	-0.0091543
25.55	-0.010988
25.56	-0.012721
25.57	-0.014234
25.58	-0.013182
25.59	-0.0080037
25.6	-0.0033522
25.61	-0.00056144
25.62	0.0023595
25.63	0.0044318
25.64	0.0067063
25.65	0.0086296
25.66	0.0090332
25.67	0.0093644
25.68	0.0080311
25.69	0.0042307
25.7	0.00043203
25.71	-0.0018024
25.72	-0.0025699
25.73	-0.0026716
25.74	-0.0022666
25.75	-0.001013
25.76	0.00077065
25.77	0.0021626
25.78	0.0032448
25.79	0.0041257
25.8	0.0056304
25.81	0.0091031
25.82	0.011443
25.83	0.011003
25.84	0.010152
25.85	0.00819
25.86	0.0058819
25.87	0.004885
25.88	0.0041452
25.89	0.0041087
25.9	0.0046366
25.91	0.0019174
25.92	-0.003532
25.93	-0.0053727
25.94	-0.0051135
25.95	-0.0055173
25.96	-0.003581
25.97	-0.0019242
25.98	-0.0030724
25.99	-0.0034435
26	-0.002603
26.01	-0.0032265
26.02	-0.0047688
26.03	-0.0057673
26.04	-0.0073022
26.05	-0.0096098
26.06	-0.011518
26.07	-0.013159
26.08	-0.014662
26.09	-0.016058
26.1	-0.017469
26.11	-0.018512
26.12	-0.018653
26.13	-0.017213
26.14	-0.01407
26.15	-0.0089259
26.16	-0.0038093
26.17	-0.00086829
26.18	0.0030718
26.19	0.0078566
26.2	0.0088505
26.21	0.0075762
26.22	0.008114
26.23	0.0089262
26.24	0.0084089
26.25	0.0082634
26.26	0.0080796
26.27	0.0063613
26.28	0.0043831
26.29	0.0029106
26.3	0.00068886
26.31	-0.0026236
26.32	-0.006139
26.33	-0.005655
26.34	-0.0010321
26.35	0.00081243
26.36	0.00099887
26.37	0.00051834
26.38	-0.0036567
26.39	-0.0059625
26.4	-0.0038401
26.41	-0.0012763
26.42	-0.0004465
26.43	-0.00045847
26.44	-0.00046823
26.45	-0.0016935
26.46	-0.0029029
26.47	-0.0027319
26.48	-0.0012739
26.49	0.0012661
26.5	0.0030415
26.51	0.0040363
26.52	0.0077194
26.53	0.01147
26.54	0.011055
26.55	0.011802
26.56	0.015643
26.57	0.016527
26.58	0.011635
26.59	0.0065091
26.6	0.0044891
26.61	0.0020364
26.62	-0.00099185
26.63	-0.0020191
26.64	0.0004469
26.65	0.0037725
26.66	0.0056686
26.67	0.0059627
26.68	0.0038938
26.69	0.0019336
26.7	0.00018278
26.71	-0.0025834
26.72	-0.0052305
26.73	-0.0074661
26.74	-0.0088852
26.75	-0.0084905
26.76	-0.0052812
26.77	-0.0014817
26.78	0.0013588
26.79	0.004841
26.8	0.0078715
26.81	0.0099917
26.82	0.0097871
26.83	0.0067034
26.84	0.0060207
26.85	0.0076245
26.86	0.0075934
26.87	0.0077286
26.88	0.010638
26.89	0.014048
26.9	0.016116
26.91	0.015981
26.92	0.013131
26.93	0.011984
26.94	0.012402
26.95	0.010116
26.96	0.00658
26.97	0.0046269
26.98	0.0049074
26.99	0.0055136
27	0.0036692
27.01	0.00093685
27.02	-0.00046989
27.03	-0.0016847
27.04	-0.0038677
27.05	-0.0059125
27.06	-0.0064193
27.07	-0.0066412
27.08	-0.0079822
27.09	-0.0094501
27.1	-0.010424
27.11	-0.011434
27.12	-0.012625
27.13	-0.01256
27.14	-0.010909
27.15	-0.0099081
27.16	-0.0094396
27.17	-0.0080752
27.18	-0.0075071
27.19	-0.0089238
27.2	-0.0096324
27.21	-0.0089254
27.22	-0.0092344
27.23	-0.0095316
27.24	-0.0078452
27.25	-0.0058175
27.26	-0.0048016
27.27	-0.0041754
27.28	-0.0035143
27.29	-0.0017604
27.3	0.0010848
27.31	0.0026517
27.32	0.0031169
27.33	0.0041665
27.34	0.004862
27.35	0.0048968
27.36	0.0050037
27.37	0.0046343
27.38	0.0038369
27.39	0.0034748
27.4	0.0019912
27.41	-0.0018224
27.42	-0.0053662
27.43	-0.0079302
27.44	-0.010842
27.45	-0.013832
27.46	-0.01674
27.47	-0.01898
27.48	-0.020563
27.49	-0.019653
27.5	-0.014588
27.51	-0.010235
27.52	-0.0080279
27.53	-0.0054544
27.54	-0.0036662
27.55	-0.0038913
27.56	-0.0044774
27.57	-0.0034766
27.58	-0.0024633
27.59	-0.0025072
27.6	-0.0019949
27.61	-0.00095905
27.62	0.00044576
27.63	0.0030725
27.64	0.0057869
27.65	0.0077388
27.66	0.009937
27.67	0.011992
27.68	0.0111
27.69	0.0077752
27.7	0.0051798
27.71	0.0034336
27.72	0.0031667
27.73	0.0036082
27.74	0.0030959
27.75	0.003376
27.76	0.004184
27.77	0.0042848
27.78	0.0045097
27.79	0.0049263
27.8	0.005342
27.81	0.0054909
27.82	0.004906
27.83	0.0044058
27.84	0.0043162
27.85	0.0039576
27.86	0.0037497
27.87	0.0041979
27.88	0.0046782
27.89	0.0050327
27.9	0.0054526
27.91	0.0052189
27.92	0.0038508
27.93	0.0020963
27.94	0.00078538
27.95	-0.0008062
27.96	-0.0035507
27.97	-0.0059162
27.98	-0.0069881
27.99	-0.0082495
28	-0.009148
28.01	-0.008557
28.02	-0.0072726
28.03	-0.0058169
28.04	-0.0043627
28.05	-0.0025718
28.06	-0.00058933
28.07	0.000979
28.08	0.0027782
28.09	0.0055232
28.1	0.0079874
28.11	0.0094102
28.12	0.010943
28.13	0.012374
28.14	0.013195
28.15	0.013086
28.16	0.011554
28.17	0.0096693
28.18	0.0074097
28.19	0.0044639
28.2	0.0027439
28.21	0.0018431
28.22	-0.00088619
28.23	-0.0047446
28.24	-0.0066428
28.25	-0.0068525
28.26	-0.0082641
28.27	-0.0090313
28.28	-0.0061675
28.29	-0.0031378
28.3	-0.0022596
28.31	-0.00092204
28.32	0.0010725
28.33	0.0023873
28.34	0.0032599
28.35	0.0039274
28.36	0.0046183
28.37	0.004942
28.38	0.0041504
28.39	0.003136
28.4	0.0026026
28.41	0.0017678
28.42	0.00049663
28.43	-0.00070963
28.44	-0.0016923
28.45	-0.0027164
28.46	-0.0040863
28.47	-0.005425
28.48	-0.0066373
28.49	-0.0085659
28.5	-0.010613
28.51	-0.01099
28.52	-0.010544
28.53	-0.0093326
28.54	-0.0062599
28.55	-0.0033197
28.56	-0.00043887
28.57	0.0029001
28.58	0.0050205
28.59	0.0066909
28.6	0.0089462
28.61	0.0099117
28.62	0.0084011
28.63	0.0070341
28.64	0.0067876
28.65	0.0059294
28.66	0.0048174
28.67	0.0040843
28.68	0.0032717
28.69	0.0024831
28.7	0.0020516
28.71	0.0017582
28.72	0.0012994
28.73	0.00094028
28.74	0.00091384
28.75	0.00091407
28.76	0.00077604
28.77	0.00068628
28.78	0.00065918
28.79	0.00061011
28.8	0.00032243
28.81	-0.00021227
28.82	-0.00091539
28.83	-0.0019767
28.84	-0.0029305
28.85	-0.003519
28.86	-0.0042853
28.87	-0.0048937
28.88	-0.0043673
28.89	-0.0034779
28.9	-0.0034681
28.91	-0.0035402
28.92	-0.0032452
28.93	-0.0036149
28.94	-0.0045655
28.95	-0.0049313
28.96	-0.0042982
28.97	-0.0034393
28.98	-0.0030652
28.99	-0.0026773
29	-0.0021336
29.01	-0.0018023
29.02	-0.001476
29.03	-0.0010899
29.04	-0.00072938
29.05	-0.00036176
29.06	-1.6904e-05
29.07	0.00037705
29.08	0.00081328
29.09	0.0011702
29.1	0.0015605
29.11	0.0020302
29.12	0.0023716
29.13	0.002478
29.14	0.0025293
29.15	0.0026334
29.16	0.0026564
29.17	0.0025935
29.18	0.0025138
29.19	0.0024402
29.2	0.0023828
29.21	0.0023131
29.22	0.0022256
29.23	0.0021329
29.24	0.0020213
29.25	0.0017174
29.26	0.0012683
29.27	0.00080322
29.28	0.00010989
29.29	-0.00057258
29.3	-0.00097543
29.31	-0.0014082
29.32	-0.0019327
29.33	-0.0022889
29.34	-0.0024307
29.35	-0.0023574
29.36	-0.0020937
29.37	-0.0018327
29.38	-0.0015714
29.39	-0.0011411
29.4	-0.00048627
29.41	6.4822e-05
29.42	0.00032193
29.43	0.00061443
29.44	0.00091457
29.45	0.00089852
29.46	0.00078211
29.47	0.00080715
29.48	0.00077871
29.49	0.00066767
29.5	0.000576
29.51	0.00049601
29.52	0.00041148
29.53	0.00027936
29.54	0.00013734
29.55	4.7993e-05
29.56	-3.023e-05
29.57	-0.00011048
29.58	-0.00016326
29.59	-0.00019374
29.6	-0.00022216
29.61	-0.00022591
29.62	-0.00016439
29.63	-9.3935e-05
29.64	-5.9043e-05
29.65	-1.4057e-05
29.66	3.8364e-05
29.67	7.1446e-05
29.68	9.5269e-05
29.69	0.00011474
29.7	0.00013851
29.71	0.00017879
29.72	0.00021261
29.73	0.00022288
29.74	0.00022457
29.75	0.00022143
29.76	0.00021113
29.77	0.00019403
29.78	0.0001675
29.79	0.00013661
29.8	0.00010617
29.81	7.3449e-05
29.82	3.8847e-05
29.83	4.2766e-06
29.84	-3.1073e-05
29.85	-6.3971e-05
29.86	-9.259e-05
29.87	-0.00012599
29.88	-0.00016331
29.89	-0.00019225
29.9	-0.00021381
29.91	-0.00023211
29.92	-0.00024567
29.93	-0.00025381
29.94	-0.00025559
29.95	-0.00025168
29.96	-0.00024321
29.97	-0.00023031
29.98	-0.00021455
29.99	-0.00019772
