0	-0.0016247
0.01	-0.00089645
0.02	0.0023364
0.03	0.0046527
0.04	0.0038143
0.05	0.0037533
0.06	0.0036686
0.07	0.0036063
0.08	0.0035449
0.09	0.0034436
0.1	0.0032526
0.11	0.002965
0.12	0.0025784
0.13	0.0021284
0.14	0.0016836
0.15	0.0013167
0.16	0.0010581
0.17	0.00093124
0.18	0.00095885
0.19	0.0011305
0.2	0.0013776
0.21	0.0016406
0.22	0.0018809
0.23	0.0020966
0.24	0.0023492
0.25	0.0027271
0.26	0.0032397
0.27	0.0037608
0.28	0.0040929
0.29	0.004127
0.3	0.0038742
0.31	0.0035342
0.32	0.0034444
0.33	0.0037681
0.34	0.0043369
0.35	0.0047678
0.36	0.0046678
0.37	0.0039587
0.38	0.0029723
0.39	0.0021877
0.4	0.0017868
0.41	0.0014879
0.42	0.00092685
0.43	6.4734e-05
0.44	-0.00086884
0.45	-0.001617
0.46	-0.0019908
0.47	-0.0020207
0.48	-0.0020866
0.49	-0.0025569
0.5	-0.0033749
0.51	-0.0041122
0.52	-0.0043977
0.53	-0.0043449
0.54	-0.0045255
0.55	-0.0052945
0.56	-0.0061943
0.57	-0.0064388
0.58	-0.0059246
0.59	-0.0051895
0.6	-0.0047376
0.61	-0.0047753
0.62	-0.0050885
0.63	-0.0051886
0.64	-0.0049075
0.65	-0.0043448
0.66	-0.0035645
0.67	-0.0030588
0.68	-0.0034897
0.69	-0.0044795
0.7	-0.0047066
0.71	-0.0035868
0.72	-0.0020988
0.73	-0.0014673
0.74	-0.0019758
0.75	-0.0028635
0.76	-0.0029757
0.77	-0.0022459
0.78	-0.0018816
0.79	-0.002869
0.8	-0.0049821
0.81	-0.0071955
0.82	-0.0086398
0.83	-0.0090498
0.84	-0.0087229
0.85	-0.0083534
0.86	-0.0086364
0.87	-0.0096744
0.88	-0.011121
0.89	-0.012321
0.9	-0.012152
0.91	-0.0096587
0.92	-0.0052392
0.93	-0.0010789
0.94	0.00064624
0.95	-0.00036803
0.96	-0.0028615
0.97	-0.0045849
0.98	-0.0038062
0.99	-0.00072598
1	0.0034892
1.01	0.0072112
1.02	0.0089084
1.03	0.0083654
1.04	0.0065335
1.05	0.0049353
1.06	0.0052424
1.07	0.0079277
1.08	0.011396
1.09	0.01392
1.1	0.015086
1.11	0.015151
1.12	0.014211
1.13	0.012606
1.14	0.011357
1.15	0.010551
1.16	0.0092628
1.17	0.0073065
1.18	0.0050252
1.19	0.0029298
1.2	0.001891
1.21	0.002539
1.22	0.0042417
1.23	0.0053518
1.24	0.0050481
1.25	0.0043704
1.26	0.0056064
1.27	0.009717
1.28	0.014208
1.29	0.015301
1.3	0.011391
1.31	0.0038767
1.32	-0.0038384
1.33	-0.0082696
1.34	-0.0087988
1.35	-0.0084572
1.36	-0.010345
1.37	-0.014762
1.38	-0.020165
1.39	-0.025363
1.4	-0.029353
1.41	-0.030216
1.42	-0.02679
1.43	-0.019918
1.44	-0.01122
1.45	-0.0028076
1.46	0.0017644
1.47	-0.00099503
1.48	-0.010266
1.49	-0.020061
1.5	-0.023969
1.51	-0.019638
1.52	-0.0099453
1.53	-0.0012225
1.54	0.00022468
1.55	-0.0077849
1.56	-0.02039
1.57	-0.028126
1.58	-0.023646
1.59	-0.0072812
1.6	0.012432
1.61	0.026686
1.62	0.033352
1.63	0.032956
1.64	0.026178
1.65	0.016364
1.66	0.008397
1.67	0.0053997
1.68	0.0064456
1.69	0.0078179
1.7	0.0063761
1.71	0.0022705
1.72	-0.0011915
1.73	-0.00011117
1.74	0.0079242
1.75	0.021948
1.76	0.037714
1.77	0.049616
1.78	0.052851
1.79	0.046122
1.8	0.03219
1.81	0.015606
1.82	0.0014747
1.83	-0.005468
1.84	-0.0034642
1.85	0.0049659
1.86	0.014688
1.87	0.021171
1.88	0.022412
1.89	0.020523
1.9	0.019134
1.91	0.01748
1.92	0.013085
1.93	0.0059854
1.94	-0.0032147
1.95	-0.015053
1.96	-0.030192
1.97	-0.046911
1.98	-0.061618
1.99	-0.070849
2	-0.072539
2.01	-0.067738
2.02	-0.058258
2.03	-0.044796
2.04	-0.030951
2.05	-0.022507
2.06	-0.020769
2.07	-0.023456
2.08	-0.03094
2.09	-0.043941
2.1	-0.056474
2.11	-0.059419
2.12	-0.052243
2.13	-0.044503
2.14	-0.045824
2.15	-0.057245
2.16	-0.067988
2.17	-0.062914
2.18	-0.038652
2.19	-0.0079179
2.2	0.013546
2.21	0.019059
2.22	0.010282
2.23	-0.0073974
2.24	-0.025324
2.25	-0.03322
2.26	-0.024628
2.27	-0.0022538
2.28	0.023752
2.29	0.044758
2.3	0.058343
2.31	0.06684
2.32	0.075597
2.33	0.087313
2.34	0.096557
2.35	0.095412
2.36	0.081388
2.37	0.058013
2.38	0.032388
2.39	0.011785
2.4	0.0014131
2.41	0.0031503
2.42	0.014123
2.43	0.028579
2.44	0.041228
2.45	0.048301
2.46	0.048841
2.47	0.046797
2.48	0.04879
2.49	0.059488
2.5	0.077774
2.51	0.095007
2.52	0.10105
2.53	0.092861
2.54	0.074032
2.55	0.05108
2.56	0.031842
2.57	0.02068
2.58	0.014967
2.59	0.0093117
2.6	0.0023189
2.61	-0.0018554
2.62	0.00048227
2.63	0.0063381
2.64	0.0097068
2.65	0.0089389
2.66	0.0065137
2.67	0.0043392
2.68	0.0010276
2.69	-0.0061398
2.7	-0.016668
2.71	-0.027084
2.72	-0.035844
2.73	-0.04426
2.74	-0.053951
2.75	-0.06396
2.76	-0.068851
2.77	-0.063617
2.78	-0.049738
2.79	-0.033679
2.8	-0.021504
2.81	-0.015595
2.82	-0.016192
2.83	-0.022995
2.84	-0.032511
2.85	-0.038628
2.86	-0.037262
2.87	-0.028174
2.88	-0.014875
2.89	-0.002993
2.9	0.0034278
2.91	0.0034205
2.92	-0.0022434
2.93	-0.012139
2.94	-0.024491
2.95	-0.038716
2.96	-0.056265
2.97	-0.077134
2.98	-0.096009
2.99	-0.1041
3	-0.094117
3.01	-0.063982
3.02	-0.020372
3.03	0.021975
3.04	0.047088
3.05	0.045519
3.06	0.018114
3.07	-0.023466
3.08	-0.059404
3.09	-0.07188
3.1	-0.055623
3.11	-0.019912
3.12	0.017613
3.13	0.041527
3.14	0.049933
3.15	0.053421
3.16	0.061552
3.17	0.077142
3.18	0.095308
3.19	0.10278
3.2	0.089373
3.21	0.059387
3.22	0.028424
3.23	0.012801
3.24	0.016947
3.25	0.029433
3.26	0.034523
3.27	0.026215
3.28	0.012876
3.29	0.010099
3.3	0.026086
3.31	0.053079
3.32	0.073673
3.33	0.07377
3.34	0.049366
3.35	0.0069458
3.36	-0.039241
3.37	-0.071552
3.38	-0.075835
3.39	-0.050981
3.4	-0.011057
3.41	0.024205
3.42	0.043265
3.43	0.049178
3.44	0.051478
3.45	0.054297
3.46	0.054318
3.47	0.044479
3.48	0.018126
3.49	-0.023526
3.5	-0.068158
3.51	-0.10073
3.52	-0.11369
3.53	-0.10931
3.54	-0.096261
3.55	-0.082445
3.56	-0.069505
3.57	-0.054352
3.58	-0.033781
3.59	-0.0085342
3.6	0.017397
3.61	0.039909
3.62	0.053849
3.63	0.052876
3.64	0.034035
3.65	0.00088997
3.66	-0.036724
3.67	-0.063738
3.68	-0.067948
3.69	-0.050843
3.7	-0.02587
3.71	-0.0072133
3.72	-0.0015853
3.73	-0.0054461
3.74	-0.0081032
3.75	-0.00026483
3.76	0.017965
3.77	0.03626
3.78	0.044337
3.79	0.044693
3.8	0.050528
3.81	0.070257
3.82	0.099285
3.83	0.12446
3.84	0.13444
3.85	0.12688
3.86	0.10675
3.87	0.081827
3.88	0.058379
3.89	0.038908
3.9	0.020535
3.91	-0.0039869
3.92	-0.038075
3.93	-0.077652
3.94	-0.11426
3.95	-0.13977
3.96	-0.15111
3.97	-0.14871
3.98	-0.13308
3.99	-0.10673
4	-0.076082
4.01	-0.047884
4.02	-0.026364
4.03	-0.01314
4.04	-0.00896
4.05	-0.014079
4.06	-0.025199
4.07	-0.037558
4.08	-0.049291
4.09	-0.05871
4.1	-0.062071
4.11	-0.057551
4.12	-0.046483
4.13	-0.032364
4.14	-0.020842
4.15	-0.018954
4.16	-0.030579
4.17	-0.049601
4.18	-0.061842
4.19	-0.0561
4.2	-0.033702
4.21	-0.007087
4.22	0.012106
4.23	0.021555
4.24	0.024721
4.25	0.024943
4.26	0.024337
4.27	0.023918
4.28	0.02234
4.29	0.017997
4.3	0.012078
4.31	0.0060861
4.32	0.0011337
4.33	-0.0014704
4.34	-0.001583
4.35	0.0021717
4.36	0.014072
4.37	0.03583
4.38	0.061345
4.39	0.079234
4.4	0.080097
4.41	0.0627
4.42	0.035287
4.43	0.010799
4.44	-0.0025967
4.45	-0.007118
4.46	-0.011105
4.47	-0.019199
4.48	-0.027618
4.49	-0.029785
4.5	-0.020628
4.51	0.0019169
4.52	0.032908
4.53	0.059999
4.54	0.071355
4.55	0.066368
4.56	0.055925
4.57	0.049847
4.58	0.049785
4.59	0.054239
4.6	0.061053
4.61	0.066097
4.62	0.065326
4.63	0.057592
4.64	0.044044
4.65	0.027445
4.66	0.012907
4.67	0.0059089
4.68	0.0065364
4.69	0.0079196
4.7	0.0029075
4.71	-0.0096742
4.72	-0.024712
4.73	-0.035248
4.74	-0.03804
4.75	-0.032312
4.76	-0.016717
4.77	0.0070286
4.78	0.035133
4.79	0.063955
4.8	0.08717
4.81	0.096629
4.82	0.087597
4.83	0.06412
4.84	0.03706
4.85	0.016305
4.86	0.006204
4.87	0.0061917
4.88	0.013088
4.89	0.021977
4.9	0.026219
4.91	0.021187
4.92	0.0090467
4.93	-0.0039968
4.94	-0.013983
4.95	-0.020252
4.96	-0.023653
4.97	-0.027645
4.98	-0.036829
4.99	-0.051923
5	-0.067411
5.01	-0.077172
5.02	-0.081179
5.03	-0.081434
5.04	-0.079077
5.05	-0.075754
5.06	-0.072664
5.07	-0.07199
5.08	-0.076624
5.09	-0.085423
5.1	-0.09298
5.11	-0.096332
5.12	-0.096807
5.13	-0.095378
5.14	-0.091865
5.15	-0.087584
5.16	-0.085768
5.17	-0.086839
5.18	-0.087878
5.19	-0.087538
5.2	-0.083477
5.21	-0.071061
5.22	-0.048977
5.23	-0.019477
5.24	0.013539
5.25	0.042079
5.26	0.056055
5.27	0.051212
5.28	0.034474
5.29	0.019655
5.3	0.01429
5.31	0.01343
5.32	0.010654
5.33	0.0070277
5.34	0.0065412
5.35	0.011401
5.36	0.020283
5.37	0.028953
5.38	0.032872
5.39	0.029374
5.4	0.01899
5.41	0.0060126
5.42	-0.0025734
5.43	-0.0037921
5.44	-0.0013459
5.45	0.0015415
5.46	0.00396
5.47	0.0044036
5.48	0.0018091
5.49	-0.0031353
5.5	-0.0063512
5.51	-0.0035424
5.52	0.0046532
5.53	0.013585
5.54	0.015913
5.55	0.0070416
5.56	-0.009654
5.57	-0.02748
5.58	-0.041548
5.59	-0.051151
5.6	-0.057742
5.61	-0.060616
5.62	-0.059524
5.63	-0.055658
5.64	-0.048004
5.65	-0.035981
5.66	-0.022537
5.67	-0.0099225
5.68	0.0020026
5.69	0.013307
5.7	0.025174
5.71	0.039835
5.72	0.057298
5.73	0.074665
5.74	0.089286
5.75	0.1014
5.76	0.11318
5.77	0.12778
5.78	0.14714
5.79	0.17001
5.8	0.19132
5.81	0.20387
5.82	0.20384
5.83	0.19288
5.84	0.17631
5.85	0.1607
5.86	0.14921
5.87	0.14007
5.88	0.13159
5.89	0.12377
5.9	0.11678
5.91	0.11293
5.92	0.11756
5.93	0.13309
5.94	0.15427
5.95	0.17382
5.96	0.18923
5.97	0.20228
5.98	0.21495
5.99	0.22791
6	0.24117
6.01	0.25431
6.02	0.26701
6.03	0.27847
6.04	0.28641
6.05	0.2894
6.06	0.28763
6.07	0.28062
6.08	0.26648
6.09	0.2466
6.1	0.2269
6.11	0.2089
6.12	0.18804
6.13	0.16174
6.14	0.13198
6.15	0.10115
6.16	0.070228
6.17	0.040117
6.18	0.010612
6.19	-0.018861
6.2	-0.046827
6.21	-0.069577
6.22	-0.085591
6.23	-0.097311
6.24	-0.10799
6.25	-0.12068
6.26	-0.13669
6.27	-0.15424
6.28	-0.17036
6.29	-0.18242
6.3	-0.18908
6.31	-0.19329
6.32	-0.19924
6.33	-0.20798
6.34	-0.22145
6.35	-0.2408
6.36	-0.26233
6.37	-0.28363
6.38	-0.30454
6.39	-0.32312
6.4	-0.34004
6.41	-0.35989
6.42	-0.38418
6.43	-0.41028
6.44	-0.43606
6.45	-0.46101
6.46	-0.4829
6.47	-0.49683
6.48	-0.5013
6.49	-0.49954
6.5	-0.49558
6.51	-0.49146
6.52	-0.48337
6.53	-0.4648
6.54	-0.43573
6.55	-0.40114
6.56	-0.36413
6.57	-0.32593
6.58	-0.28649
6.59	-0.24357
6.6	-0.19414
6.61	-0.13825
6.62	-0.080499
6.63	-0.02704
6.64	0.016941
6.65	0.049211
6.66	0.074813
6.67	0.10377
6.68	0.13937
6.69	0.17385
6.7	0.19747
6.71	0.20656
6.72	0.20301
6.73	0.19167
6.74	0.17825
6.75	0.16747
6.76	0.16144
6.77	0.15994
6.78	0.16164
6.79	0.16428
6.8	0.16621
6.81	0.16853
6.82	0.1734
6.83	0.18102
6.84	0.19009
6.85	0.19952
6.86	0.20832
6.87	0.21542
6.88	0.21926
6.89	0.21693
6.9	0.20662
6.91	0.18924
6.92	0.16751
6.93	0.14663
6.94	0.13009
6.95	0.11514
6.96	0.096983
6.97	0.073966
6.98	0.047743
6.99	0.0209
7	-0.0040377
7.01	-0.028876
7.02	-0.058768
7.03	-0.094758
7.04	-0.13635
7.05	-0.18206
7.06	-0.2249
7.07	-0.25682
7.08	-0.27568
7.09	-0.28396
7.1	-0.28251
7.11	-0.27108
7.12	-0.25428
7.13	-0.24095
7.14	-0.23626
7.15	-0.23743
7.16	-0.23876
7.17	-0.23557
7.18	-0.22375
7.19	-0.2027
7.2	-0.17375
7.21	-0.13779
7.22	-0.098138
7.23	-0.058686
7.24	-0.021057
7.25	0.014515
7.26	0.048816
7.27	0.083522
7.28	0.11797
7.29	0.14852
7.3	0.17336
7.31	0.19178
7.32	0.20064
7.33	0.19846
7.34	0.1903
7.35	0.18371
7.36	0.1819
7.37	0.18542
7.38	0.19341
7.39	0.20149
7.4	0.20515
7.41	0.2011
7.42	0.18764
7.43	0.1671
7.44	0.14247
7.45	0.11447
7.46	0.084632
7.47	0.055948
7.48	0.031661
7.49	0.015262
7.5	0.0087714
7.51	0.010901
7.52	0.019248
7.53	0.030828
7.54	0.041408
7.55	0.049091
7.56	0.054944
7.57	0.058868
7.58	0.059027
7.59	0.051893
7.6	0.03353
7.61	0.0050555
7.62	-0.025576
7.63	-0.04771
7.64	-0.054436
7.65	-0.047646
7.66	-0.033686
7.67	-0.014724
7.68	0.0094192
7.69	0.038024
7.7	0.07084
7.71	0.10875
7.72	0.15372
7.73	0.20561
7.74	0.25851
7.75	0.30496
7.76	0.34126
7.77	0.36546
7.78	0.37849
7.79	0.38606
7.8	0.39198
7.81	0.39556
7.82	0.39256
7.83	0.37444
7.84	0.33679
7.85	0.28612
7.86	0.23335
7.87	0.18424
7.88	0.13825
7.89	0.094761
7.9	0.056287
7.91	0.025999
7.92	0.0048524
7.93	-0.0089514
7.94	-0.018555
7.95	-0.02581
7.96	-0.030232
7.97	-0.035153
7.98	-0.044606
7.99	-0.054552
8	-0.062944
8.01	-0.073927
8.02	-0.088379
8.03	-0.10451
8.04	-0.12307
8.05	-0.14261
8.06	-0.1544
8.07	-0.15064
8.08	-0.13084
8.09	-0.097862
8.1	-0.057753
8.11	-0.020332
8.12	0.0065138
8.13	0.02018
8.14	0.021269
8.15	0.0094752
8.16	-0.017
8.17	-0.0567
8.18	-0.10596
8.19	-0.16362
8.2	-0.23046
8.21	-0.30768
8.22	-0.39406
8.23	-0.48261
8.24	-0.56204
8.25	-0.62407
8.26	-0.66711
8.27	-0.69344
8.28	-0.70661
8.29	-0.70872
8.3	-0.7
8.31	-0.67997
8.32	-0.64667
8.33	-0.59904
8.34	-0.54148
8.35	-0.48155
8.36	-0.42191
8.37	-0.35718
8.38	-0.27985
8.39	-0.18309
8.4	-0.059079
8.41	0.095945
8.42	0.27054
8.43	0.43318
8.44	0.55064
8.45	0.6144
8.46	0.64348
8.47	0.66494
8.48	0.69251
8.49	0.72247
8.5	0.74364
8.51	0.7443
8.52	0.71608
8.53	0.65903
8.54	0.58175
8.55	0.49837
8.56	0.42435
8.57	0.36918
8.58	0.32926
8.59	0.29129
8.6	0.24574
8.61	0.19438
8.62	0.14617
8.63	0.10815
8.64	0.080513
8.65	0.059264
8.66	0.041891
8.67	0.028017
8.68	0.017659
8.69	0.013129
8.7	0.015623
8.71	0.021648
8.72	0.0273
8.73	0.030003
8.74	0.028447
8.75	0.024655
8.76	0.022345
8.77	0.021537
8.78	0.017187
8.79	0.0061983
8.8	-0.011491
8.81	-0.037121
8.82	-0.06782
8.83	-0.09639
8.84	-0.11998
8.85	-0.14051
8.86	-0.15948
8.87	-0.17638
8.88	-0.19006
8.89	-0.20059
8.9	-0.20764
8.91	-0.20825
8.92	-0.20028
8.93	-0.18733
8.94	-0.17499
8.95	-0.16302
8.96	-0.14832
8.97	-0.13273
8.98	-0.12175
8.99	-0.11676
9	-0.11534
9.01	-0.11812
9.02	-0.12707
9.03	-0.14205
9.04	-0.16503
9.05	-0.19849
9.06	-0.23969
9.07	-0.28404
9.08	-0.32849
9.09	-0.36914
9.1	-0.40005
9.11	-0.41806
9.12	-0.42526
9.13	-0.42354
9.14	-0.41234
9.15	-0.39327
9.16	-0.36854
9.17	-0.33702
9.18	-0.29758
9.19	-0.25176
9.2	-0.20272
9.21	-0.15345
9.22	-0.10439
9.23	-0.054199
9.24	-0.0021806
9.25	0.050914
9.26	0.1034
9.27	0.15268
9.28	0.196
9.29	0.2312
9.3	0.25659
9.31	0.27326
9.32	0.28445
9.33	0.29206
9.34	0.29609
9.35	0.29659
9.36	0.29543
9.37	0.29401
9.38	0.28997
9.39	0.27955
9.4	0.26572
9.41	0.25681
9.42	0.25221
9.43	0.24384
9.44	0.23049
9.45	0.21593
9.46	0.20147
9.47	0.18786
9.48	0.17433
9.49	0.15655
9.5	0.13074
9.51	0.098932
9.52	0.067036
9.53	0.037719
9.54	0.0094817
9.55	-0.017402
9.56	-0.038729
9.57	-0.049912
9.58	-0.049254
9.59	-0.041284
9.6	-0.034524
9.61	-0.034283
9.62	-0.040032
9.63	-0.048167
9.64	-0.055564
9.65	-0.060287
9.66	-0.057858
9.67	-0.040775
9.68	-0.008048
9.69	0.032537
9.7	0.073424
9.71	0.1107
9.72	0.1419
9.73	0.16445
9.74	0.17655
9.75	0.17899
9.76	0.1735
9.77	0.16225
9.78	0.14981
9.79	0.13857
9.8	0.12403
9.81	0.10062
9.82	0.068129
9.83	0.031505
9.84	-0.0016694
9.85	-0.026665
9.86	-0.043528
9.87	-0.054035
9.88	-0.059242
9.89	-0.05825
9.9	-0.051549
9.91	-0.042504
9.92	-0.034242
9.93	-0.027687
9.94	-0.022541
9.95	-0.019569
9.96	-0.018189
9.97	-0.014793
9.98	-0.0075526
9.99	-9.4281e-05
10	0.0018971
10.01	-0.0035564
10.02	-0.013353
10.03	-0.024441
10.04	-0.037497
10.05	-0.051083
10.06	-0.060905
10.07	-0.066224
10.08	-0.068841
10.09	-0.066959
10.1	-0.055448
10.11	-0.033587
10.12	-0.0073679
10.13	0.017508
10.14	0.040538
10.15	0.060789
10.16	0.074382
10.17	0.079756
10.18	0.076733
10.19	0.065741
10.2	0.049152
10.21	0.02918
10.22	0.0074377
10.23	-0.014846
10.24	-0.037141
10.25	-0.058647
10.26	-0.077385
10.27	-0.090772
10.28	-0.097057
10.29	-0.096955
10.3	-0.092419
10.31	-0.083231
10.32	-0.068451
10.33	-0.049218
10.34	-0.027378
10.35	-0.0048338
10.36	0.015777
10.37	0.032524
10.38	0.04558
10.39	0.056825
10.4	0.067591
10.41	0.07742
10.42	0.085869
10.43	0.092195
10.44	0.092944
10.45	0.084615
10.46	0.067936
10.47	0.045836
10.48	0.019731
10.49	-0.01104
10.5	-0.0478
10.51	-0.090023
10.52	-0.13451
10.53	-0.17696
10.54	-0.21434
10.55	-0.24445
10.56	-0.26329
10.57	-0.26676
10.58	-0.25525
10.59	-0.23301
10.6	-0.2057
10.61	-0.17996
10.62	-0.15909
10.63	-0.14153
10.64	-0.12519
10.65	-0.10846
10.66	-0.089934
10.67	-0.069537
10.68	-0.047064
10.69	-0.0222
10.7	0.0037703
10.71	0.029093
10.72	0.052134
10.73	0.071209
10.74	0.087077
10.75	0.10103
10.76	0.11212
10.77	0.12037
10.78	0.12731
10.79	0.13371
10.8	0.13847
10.81	0.13934
10.82	0.13494
10.83	0.12542
10.84	0.1142
10.85	0.10617
10.86	0.10155
10.87	0.095734
10.88	0.085284
10.89	0.07086
10.9	0.05395
10.91	0.03596
10.92	0.019173
10.93	0.0041586
10.94	-0.0094537
10.95	-0.021178
10.96	-0.031018
10.97	-0.040566
10.98	-0.052777
10.99	-0.068194
11	-0.083554
11.01	-0.095663
11.02	-0.10292
11.03	-0.10502
11.04	-0.10476
11.05	-0.10474
11.06	-0.10419
11.07	-0.105
11.08	-0.11167
11.09	-0.12361
11.1	-0.13599
11.11	-0.14617
11.12	-0.15498
11.13	-0.16374
11.14	-0.17205
11.15	-0.17769
11.16	-0.17762
11.17	-0.171
11.18	-0.16145
11.19	-0.15429
11.2	-0.15094
11.21	-0.14731
11.22	-0.13885
11.23	-0.12613
11.24	-0.11346
11.25	-0.10237
11.26	-0.09213
11.27	-0.083561
11.28	-0.077144
11.29	-0.072145
11.3	-0.067352
11.31	-0.061349
11.32	-0.051834
11.33	-0.035315
11.34	-0.010967
11.35	0.017581
11.36	0.047885
11.37	0.078822
11.38	0.10503
11.39	0.12101
11.4	0.1283
11.41	0.13205
11.42	0.13387
11.43	0.13294
11.44	0.12999
11.45	0.12708
11.46	0.12667
11.47	0.12899
11.48	0.13076
11.49	0.13143
11.5	0.13563
11.51	0.14533
11.52	0.15729
11.53	0.16809
11.54	0.17533
11.55	0.17912
11.56	0.18293
11.57	0.18622
11.58	0.18425
11.59	0.17705
11.6	0.16984
11.61	0.16514
11.62	0.16194
11.63	0.16004
11.64	0.15791
11.65	0.15277
11.66	0.14599
11.67	0.1424
11.68	0.14413
11.69	0.14989
11.7	0.15818
11.71	0.16762
11.72	0.1763
11.73	0.18253
11.74	0.18645
11.75	0.18785
11.76	0.18482
11.77	0.17719
11.78	0.1658
11.79	0.15016
11.8	0.12959
11.81	0.10312
11.82	0.068901
11.83	0.028128
11.84	-0.013087
11.85	-0.049923
11.86	-0.080052
11.87	-0.10016
11.88	-0.1105
11.89	-0.11616
11.9	-0.12018
11.91	-0.12048
11.92	-0.11454
11.93	-0.10517
11.94	-0.096968
11.95	-0.092114
11.96	-0.092404
11.97	-0.097469
11.98	-0.10381
11.99	-0.10885
12	-0.11244
12.01	-0.11577
12.02	-0.11891
12.03	-0.12088
12.04	-0.12234
12.05	-0.12182
12.06	-0.11361
12.07	-0.095055
12.08	-0.069997
12.09	-0.043744
12.1	-0.019161
12.11	0.0023277
12.12	0.019864
12.13	0.033741
12.14	0.044222
12.15	0.049711
12.16	0.050027
12.17	0.050381
12.18	0.055736
12.19	0.065246
12.2	0.076472
12.21	0.088637
12.22	0.10091
12.23	0.11198
12.24	0.12043
12.25	0.12474
12.26	0.12576
12.27	0.12695
12.28	0.13002
12.29	0.133
12.3	0.13263
12.31	0.12762
12.32	0.11938
12.33	0.10888
12.34	0.095796
12.35	0.080298
12.36	0.063331
12.37	0.045757
12.38	0.027199
12.39	0.0069011
12.4	-0.01515
12.41	-0.038905
12.42	-0.063729
12.43	-0.089451
12.44	-0.11687
12.45	-0.1455
12.46	-0.17365
12.47	-0.19939
12.48	-0.22088
12.49	-0.23714
12.5	-0.24922
12.51	-0.25921
12.52	-0.26806
12.53	-0.27618
12.54	-0.28349
12.55	-0.2883
12.56	-0.28813
12.57	-0.28264
12.58	-0.27522
12.59	-0.269
12.6	-0.26485
12.61	-0.26416
12.62	-0.26714
12.63	-0.27152
12.64	-0.27414
12.65	-0.27313
12.66	-0.26829
12.67	-0.25792
12.68	-0.24092
12.69	-0.21841
12.7	-0.191
12.71	-0.15894
12.72	-0.12256
12.73	-0.082006
12.74	-0.037804
12.75	0.0075702
12.76	0.050293
12.77	0.088602
12.78	0.12283
12.79	0.15415
12.8	0.1813
12.81	0.1989
12.82	0.21024
12.83	0.22628
12.84	0.24651
12.85	0.26261
12.86	0.271
12.87	0.2732
12.88	0.27326
12.89	0.27421
12.9	0.27327
12.91	0.26516
12.92	0.25025
12.93	0.23168
12.94	0.20971
12.95	0.18423
12.96	0.15746
12.97	0.13175
12.98	0.10741
12.99	0.084857
13	0.065592
13.01	0.049444
13.02	0.034849
13.03	0.020904
13.04	0.0065409
13.05	-0.0090226
13.06	-0.02399
13.07	-0.034924
13.08	-0.040915
13.09	-0.042683
13.1	-0.040201
13.11	-0.037401
13.12	-0.039718
13.13	-0.04696
13.14	-0.055892
13.15	-0.064844
13.16	-0.073608
13.17	-0.082342
13.18	-0.092605
13.19	-0.10574
13.2	-0.11971
13.21	-0.13032
13.22	-0.13551
13.23	-0.1365
13.24	-0.13475
13.25	-0.13045
13.26	-0.12413
13.27	-0.11796
13.28	-0.1144
13.29	-0.11354
13.3	-0.111
13.31	-0.10276
13.32	-0.090691
13.33	-0.077513
13.34	-0.062646
13.35	-0.04598
13.36	-0.030892
13.37	-0.020865
13.38	-0.015472
13.39	-0.011307
13.4	-0.0058184
13.41	-0.00022362
13.42	0.004155
13.43	0.0092592
13.44	0.016738
13.45	0.025259
13.46	0.031394
13.47	0.033323
13.48	0.034542
13.49	0.040042
13.5	0.04963
13.51	0.060745
13.52	0.073619
13.53	0.088661
13.54	0.10277
13.55	0.11233
13.56	0.11811
13.57	0.12339
13.58	0.1293
13.59	0.1354
13.6	0.14085
13.61	0.14417
13.62	0.14476
13.63	0.1436
13.64	0.14141
13.65	0.13815
13.66	0.13369
13.67	0.12998
13.68	0.12941
13.69	0.12922
13.7	0.12434
13.71	0.11402
13.72	0.10136
13.73	0.08891
13.74	0.076388
13.75	0.063036
13.76	0.049581
13.77	0.036815
13.78	0.024257
13.79	0.011549
13.8	-0.00022759
13.81	-0.0098034
13.82	-0.017182
13.83	-0.022533
13.84	-0.025004
13.85	-0.026162
13.86	-0.029403
13.87	-0.033875
13.88	-0.034934
13.89	-0.030216
13.9	-0.022489
13.91	-0.015152
13.92	-0.0080419
13.93	0.00046271
13.94	0.010114
13.95	0.018552
13.96	0.022943
13.97	0.024246
13.98	0.026251
13.99	0.028624
14	0.028699
14.01	0.026476
14.02	0.023789
14.03	0.021798
14.04	0.02023
14.05	0.018712
14.06	0.018741
14.07	0.021592
14.08	0.025617
14.09	0.03021
14.1	0.036099
14.11	0.041036
14.12	0.041953
14.13	0.039488
14.14	0.035665
14.15	0.029283
14.16	0.018951
14.17	0.0069983
14.18	-0.0031487
14.19	-0.010462
14.2	-0.015289
14.21	-0.016299
14.22	-0.011872
14.23	-0.0024851
14.24	0.0093795
14.25	0.021681
14.26	0.034039
14.27	0.045562
14.28	0.055246
14.29	0.063659
14.3	0.070746
14.31	0.073302
14.32	0.068515
14.33	0.057184
14.34	0.041346
14.35	0.021807
14.36	-0.00097562
14.37	-0.025368
14.38	-0.050033
14.39	-0.073901
14.4	-0.094812
14.41	-0.11157
14.42	-0.12533
14.43	-0.13746
14.44	-0.14807
14.45	-0.15763
14.46	-0.1671
14.47	-0.17668
14.48	-0.18578
14.49	-0.1934
14.5	-0.19848
14.51	-0.19954
14.52	-0.19428
14.53	-0.18271
14.54	-0.16991
14.55	-0.15967
14.56	-0.14985
14.57	-0.13841
14.58	-0.12465
14.59	-0.10813
14.6	-0.092102
14.61	-0.080056
14.62	-0.070422
14.63	-0.060174
14.64	-0.048988
14.65	-0.039254
14.66	-0.032475
14.67	-0.026296
14.68	-0.018437
14.69	-0.0098866
14.7	-0.0022706
14.71	0.00538
14.72	0.015401
14.73	0.02823
14.74	0.042027
14.75	0.055531
14.76	0.068966
14.77	0.081771
14.78	0.092738
14.79	0.10173
14.8	0.10894
14.81	0.114
14.82	0.11718
14.83	0.11949
14.84	0.12146
14.85	0.12288
14.86	0.12277
14.87	0.12007
14.88	0.11593
14.89	0.1135
14.9	0.11321
14.91	0.11258
14.92	0.1111
14.93	0.10857
14.94	0.1033
14.95	0.095595
14.96	0.087339
14.97	0.078199
14.98	0.066733
14.99	0.052827
15	0.03661
15.01	0.018291
15.02	-0.00026288
15.03	-0.016496
15.04	-0.030835
15.05	-0.046013
15.06	-0.062781
15.07	-0.07982
15.08	-0.096449
15.09	-0.11215
15.1	-0.12485
15.11	-0.13361
15.12	-0.14022
15.13	-0.14595
15.14	-0.15032
15.15	-0.15242
15.16	-0.15009
15.17	-0.14135
15.18	-0.12793
15.19	-0.11411
15.2	-0.10206
15.21	-0.090115
15.22	-0.076494
15.23	-0.062708
15.24	-0.050978
15.25	-0.042272
15.26	-0.037205
15.27	-0.035004
15.28	-0.033235
15.29	-0.030351
15.3	-0.027526
15.31	-0.02589
15.32	-0.023118
15.33	-0.016631
15.34	-0.0075226
15.35	0.0014938
15.36	0.0093888
15.37	0.017151
15.38	0.024455
15.39	0.02935
15.4	0.032949
15.41	0.037183
15.42	0.040363
15.43	0.040517
15.44	0.037927
15.45	0.033711
15.46	0.028534
15.47	0.022647
15.48	0.016825
15.49	0.011412
15.5	0.0052186
15.51	-0.0020446
15.52	-0.0077585
15.53	-0.00972
15.54	-0.0092321
15.55	-0.0074867
15.56	-0.0030058
15.57	0.0049601
15.58	0.014339
15.59	0.022604
15.6	0.029009
15.61	0.034027
15.62	0.03818
15.63	0.040176
15.64	0.037795
15.65	0.032493
15.66	0.028524
15.67	0.02751
15.68	0.0277
15.69	0.027326
15.7	0.026267
15.71	0.024831
15.72	0.022895
15.73	0.019778
15.74	0.015376
15.75	0.011728
15.76	0.010551
15.77	0.011014
15.78	0.011508
15.79	0.011565
15.8	0.011365
15.81	0.010744
15.82	0.009567
15.83	0.0075255
15.84	0.0046119
15.85	0.0024058
15.86	0.0019609
15.87	0.0020085
15.88	0.0018813
15.89	0.0024783
15.9	0.0043623
15.91	0.0082996
15.92	0.015049
15.93	0.023231
15.94	0.030273
15.95	0.035354
15.96	0.038442
15.97	0.039165
15.98	0.038238
15.99	0.037042
16	0.035615
16.01	0.0334
16.02	0.031673
16.03	0.031734
16.04	0.032426
16.05	0.032116
16.06	0.030747
16.07	0.029187
16.08	0.028029
16.09	0.027103
16.1	0.027098
16.11	0.029413
16.12	0.033046
16.13	0.035548
16.14	0.035881
16.15	0.034899
16.16	0.033911
16.17	0.033328
16.18	0.032955
16.19	0.032578
16.2	0.032172
16.21	0.031329
16.22	0.029652
16.23	0.027565
16.24	0.026181
16.25	0.026472
16.26	0.027775
16.27	0.029479
16.28	0.032326
16.29	0.03511
16.3	0.033786
16.31	0.02733
16.32	0.020513
16.33	0.017306
16.34	0.016765
16.35	0.016219
16.36	0.014965
16.37	0.013679
16.38	0.011721
16.39	0.0096714
16.4	0.010343
16.41	0.013596
16.42	0.017409
16.43	0.021174
16.44	0.023512
16.45	0.022847
16.46	0.019063
16.47	0.01277
16.48	0.0049421
16.49	-0.0035102
16.5	-0.012536
16.51	-0.022144
16.52	-0.031054
16.53	-0.038413
16.54	-0.044944
16.55	-0.051486
16.56	-0.057384
16.57	-0.061825
16.58	-0.065048
16.59	-0.067627
16.6	-0.070699
16.61	-0.073603
16.62	-0.075332
16.63	-0.076248
16.64	-0.074389
16.65	-0.068522
16.66	-0.060482
16.67	-0.050552
16.68	-0.039447
16.69	-0.030328
16.7	-0.02369
16.71	-0.018395
16.72	-0.015077
16.73	-0.01382
16.74	-0.013379
16.75	-0.012871
16.76	-0.012193
16.77	-0.011469
16.78	-0.010642
16.79	-0.0098083
16.8	-0.0086473
16.81	-0.0056453
16.82	-0.00065014
16.83	0.0037988
16.84	0.005689
16.85	0.0056234
16.86	0.0052666
16.87	0.0053515
16.88	0.0055738
16.89	0.0054543
16.9	0.0064667
16.91	0.010462
16.92	0.015634
16.93	0.020218
16.94	0.024581
16.95	0.028814
16.96	0.033206
16.97	0.038838
16.98	0.046499
16.99	0.054911
17	0.061794
17.01	0.065883
17.02	0.067756
17.03	0.068432
17.04	0.06645
17.05	0.060545
17.06	0.053762
17.07	0.049473
17.08	0.045601
17.09	0.039412
17.1	0.034729
17.11	0.034097
17.12	0.032242
17.13	0.025494
17.14	0.01603
17.15	0.0065756
17.16	-0.0010511
17.17	-0.0064532
17.18	-0.011004
17.19	-0.014796
17.2	-0.017784
17.21	-0.021748
17.22	-0.027871
17.23	-0.035935
17.24	-0.04508
17.25	-0.054537
17.26	-0.064164
17.27	-0.073639
17.28	-0.081897
17.29	-0.087223
17.3	-0.089642
17.31	-0.091054
17.32	-0.091443
17.33	-0.090215
17.34	-0.087583
17.35	-0.083525
17.36	-0.078771
17.37	-0.074624
17.38	-0.071398
17.39	-0.067297
17.4	-0.06194
17.41	-0.05857
17.42	-0.057949
17.43	-0.057106
17.44	-0.054536
17.45	-0.051158
17.46	-0.048071
17.47	-0.045497
17.48	-0.043497
17.49	-0.041659
17.5	-0.038877
17.51	-0.035573
17.52	-0.032434
17.53	-0.027662
17.54	-0.01988
17.55	-0.010334
17.56	-3.4659e-05
17.57	0.011426
17.58	0.023771
17.59	0.035222
17.6	0.044772
17.61	0.053695
17.62	0.06264
17.63	0.070681
17.64	0.077609
17.65	0.08306
17.66	0.086618
17.67	0.089531
17.68	0.093126
17.69	0.09626
17.7	0.096152
17.71	0.094032
17.72	0.09403
17.73	0.095429
17.74	0.094488
17.75	0.090699
17.76	0.086393
17.77	0.082791
17.78	0.07792
17.79	0.070401
17.8	0.061827
17.81	0.053371
17.82	0.044489
17.83	0.034005
17.84	0.02307
17.85	0.014312
17.86	0.0071209
17.87	-0.00058694
17.88	-0.0088038
17.89	-0.015904
17.9	-0.021157
17.91	-0.025885
17.92	-0.030262
17.93	-0.032326
17.94	-0.031701
17.95	-0.030158
17.96	-0.028952
17.97	-0.028342
17.98	-0.029574
17.99	-0.033582
18	-0.039038
18.01	-0.043855
18.02	-0.046556
18.03	-0.047354
18.04	-0.048166
18.05	-0.049991
18.06	-0.050977
18.07	-0.049593
18.08	-0.047099
18.09	-0.044892
18.1	-0.041665
18.11	-0.035425
18.12	-0.026789
18.13	-0.017283
18.14	-0.0085956
18.15	-0.0025609
18.16	0.0019981
18.17	0.0068987
18.18	0.010528
18.19	0.011374
18.2	0.010658
18.21	0.010097
18.22	0.010138
18.23	0.010333
18.24	0.0103
18.25	0.010032
18.26	0.0097718
18.27	0.0095683
18.28	0.0093444
18.29	0.0091168
18.3	0.0087344
18.31	0.0073005
18.32	0.004479
18.33	0.0025175
18.34	0.0031333
18.35	0.0050819
18.36	0.0065521
18.37	0.0073572
18.38	0.0098304
18.39	0.014702
18.4	0.018375
18.41	0.018602
18.42	0.016894
18.43	0.013845
18.44	0.0080605
18.45	0.00034415
18.46	-0.0073631
18.47	-0.015267
18.48	-0.023257
18.49	-0.030289
18.5	-0.035473
18.51	-0.037859
18.52	-0.037669
18.53	-0.035937
18.54	-0.03311
18.55	-0.028618
18.56	-0.022851
18.57	-0.017454
18.58	-0.012393
18.59	-0.0072523
18.6	-0.0035075
18.61	-0.0015459
18.62	0.0011556
18.63	0.0056948
18.64	0.0095251
18.65	0.010097
18.66	0.0083455
18.67	0.00764
18.68	0.010044
18.69	0.014642
18.7	0.017862
18.71	0.016989
18.72	0.014483
18.73	0.014548
18.74	0.016728
18.75	0.017937
18.76	0.017321
18.77	0.016116
18.78	0.015397
18.79	0.015143
18.8	0.01491
18.81	0.014496
18.82	0.01405
18.83	0.013445
18.84	0.012145
18.85	0.010501
18.86	0.0083603
18.87	0.0047805
18.88	0.0012401
18.89	-0.00010432
18.9	0.00036102
18.91	0.001098
18.92	0.0013876
18.93	0.00073408
18.94	-0.0020995
18.95	-0.0067432
18.96	-0.010177
18.97	-0.010569
18.98	-0.0092313
18.99	-0.0082437
19	-0.007944
19.01	-0.0061067
19.02	-0.00034549
19.03	0.0081114
19.04	0.016164
19.05	0.022766
19.06	0.028569
19.07	0.033922
19.08	0.038318
19.09	0.04231
19.1	0.047361
19.11	0.053353
19.12	0.058793
19.13	0.061865
19.14	0.062487
19.15	0.062919
19.16	0.064368
19.17	0.066786
19.18	0.070227
19.19	0.073987
19.2	0.077487
19.21	0.080417
19.22	0.081724
19.23	0.082126
19.24	0.082738
19.25	0.082811
19.26	0.082976
19.27	0.08303
19.28	0.080648
19.29	0.076102
19.3	0.069807
19.31	0.059407
19.32	0.044384
19.33	0.028454
19.34	0.015119
19.35	0.0038344
19.36	-0.0069375
19.37	-0.017625
19.38	-0.029124
19.39	-0.041311
19.4	-0.052125
19.41	-0.06098
19.42	-0.069308
19.43	-0.077434
19.44	-0.083632
19.45	-0.086724
19.46	-0.088659
19.47	-0.091476
19.48	-0.094862
19.49	-0.097743
19.5	-0.099716
19.51	-0.10154
19.52	-0.10212
19.53	-0.098913
19.54	-0.094065
19.55	-0.091392
19.56	-0.088878
19.57	-0.083245
19.58	-0.076375
19.59	-0.07173
19.6	-0.069569
19.61	-0.067966
19.62	-0.065754
19.63	-0.062374
19.64	-0.057935
19.65	-0.054867
19.66	-0.054665
19.67	-0.055
19.68	-0.053545
19.69	-0.051084
19.7	-0.050769
19.71	-0.053807
19.72	-0.056562
19.73	-0.05619
19.74	-0.054065
19.75	-0.051748
19.76	-0.049149
19.77	-0.046243
19.78	-0.042588
19.79	-0.036752
19.8	-0.029527
19.81	-0.022571
19.82	-0.015984
19.83	-0.011079
19.84	-0.0077582
19.85	-0.002056
19.86	0.0068294
19.87	0.014035
19.88	0.016558
19.89	0.016381
19.9	0.01608
19.91	0.016237
19.92	0.016343
19.93	0.016056
19.94	0.016524
19.95	0.019824
19.96	0.024687
19.97	0.028675
19.98	0.032487
19.99	0.036004
20	0.03865
20.01	0.041337
20.02	0.043378
20.03	0.043715
20.04	0.042904
20.05	0.041576
20.06	0.039775
20.07	0.036949
20.08	0.031974
20.09	0.02545
20.1	0.02011
20.11	0.016695
20.12	0.01261
20.13	0.0058416
20.14	-0.0024094
20.15	-0.0098116
20.16	-0.01497
20.17	-0.018267
20.18	-0.021253
20.19	-0.02477
20.2	-0.028781
20.21	-0.031774
20.22	-0.031967
20.23	-0.030389
20.24	-0.029219
20.25	-0.02819
20.26	-0.026279
20.27	-0.024024
20.28	-0.022343
20.29	-0.021287
20.3	-0.020381
20.31	-0.018859
20.32	-0.01584
20.33	-0.011676
20.34	-0.0076956
20.35	-0.0045034
20.36	-0.0020283
20.37	-4.6186e-05
20.38	0.0026931
20.39	0.0073648
20.4	0.012132
20.41	0.014717
20.42	0.01726
20.43	0.0234
20.44	0.032741
20.45	0.04158
20.46	0.047311
20.47	0.050577
20.48	0.053155
20.49	0.054992
20.5	0.054294
20.51	0.050104
20.52	0.044102
20.53	0.038825
20.54	0.034002
20.55	0.027184
20.56	0.018563
20.57	0.010595
20.58	0.0042148
20.59	8.8105e-05
20.6	-0.0014207
20.61	-0.0027479
20.62	-0.0062005
20.63	-0.010044
20.64	-0.011529
20.65	-0.011336
20.66	-0.01127
20.67	-0.010761
20.68	-0.0094533
20.69	-0.0088712
20.7	-0.010404
20.71	-0.013888
20.72	-0.017036
20.73	-0.019096
20.74	-0.02195
20.75	-0.02544
20.76	-0.028621
20.77	-0.031615
20.78	-0.03338
20.79	-0.033165
20.8	-0.032314
20.81	-0.032233
20.82	-0.032098
20.83	-0.03005
20.84	-0.026157
20.85	-0.022009
20.86	-0.01769
20.87	-0.012349
20.88	-0.0071114
20.89	-0.0024231
20.9	0.0030147
20.91	0.0083256
20.92	0.013122
20.93	0.018338
20.94	0.022403
20.95	0.024841
20.96	0.027864
20.97	0.032129
20.98	0.036771
20.99	0.04111
21	0.045119
21.01	0.049556
21.02	0.055132
21.03	0.061505
21.04	0.066376
21.05	0.06798
21.06	0.067355
21.07	0.066055
21.08	0.063906
21.09	0.060647
21.1	0.059022
21.11	0.061576
21.12	0.065368
21.13	0.065875
21.14	0.062982
21.15	0.059306
21.16	0.057302
21.17	0.058652
21.18	0.061715
21.19	0.063197
21.2	0.063567
21.21	0.064831
21.22	0.06586
21.23	0.064686
21.24	0.061628
21.25	0.05836
21.26	0.055904
21.27	0.05398
21.28	0.051946
21.29	0.049597
21.3	0.047145
21.31	0.044876
21.32	0.04273
21.33	0.040302
21.34	0.036753
21.35	0.031355
21.36	0.025047
21.37	0.018897
21.38	0.01189
21.39	0.0032519
21.4	-0.006028
21.41	-0.014855
21.42	-0.02369
21.43	-0.033299
21.44	-0.042544
21.45	-0.050278
21.46	-0.056912
21.47	-0.062989
21.48	-0.068073
21.49	-0.071058
21.5	-0.072454
21.51	-0.074423
21.52	-0.076688
21.53	-0.077155
21.54	-0.075737
21.55	-0.073698
21.56	-0.071941
21.57	-0.070025
21.58	-0.066752
21.59	-0.06184
21.6	-0.057284
21.61	-0.055991
21.62	-0.056661
21.63	-0.054471
21.64	-0.049226
21.65	-0.04642
21.66	-0.047548
21.67	-0.047426
21.68	-0.043959
21.69	-0.040919
21.7	-0.039641
21.71	-0.037533
21.72	-0.033304
21.73	-0.028499
21.74	-0.025491
21.75	-0.024098
21.76	-0.021877
21.77	-0.018058
21.78	-0.014079
21.79	-0.01129
21.8	-0.01009
21.81	-0.010001
21.82	-0.011203
21.83	-0.014292
21.84	-0.017551
21.85	-0.019578
21.86	-0.021798
21.87	-0.024538
21.88	-0.025793
21.89	-0.024857
21.9	-0.023205
21.91	-0.020822
21.92	-0.016116
21.93	-0.01007
21.94	-0.0043633
21.95	0.0016131
21.96	0.0085223
21.97	0.01626
21.98	0.024713
21.99	0.033124
22	0.040509
22.01	0.046963
22.02	0.053342
22.03	0.059599
22.04	0.064015
22.05	0.065114
22.06	0.063529
22.07	0.061803
22.08	0.060621
22.09	0.058335
22.1	0.056286
22.11	0.056547
22.12	0.056918
22.13	0.054695
22.14	0.050406
22.15	0.045044
22.16	0.038284
22.17	0.030761
22.18	0.024866
22.19	0.020876
22.2	0.015534
22.21	0.0071855
22.22	-0.0026367
22.23	-0.012369
22.24	-0.021045
22.25	-0.028245
22.26	-0.034897
22.27	-0.041863
22.28	-0.048833
22.29	-0.055392
22.3	-0.061397
22.31	-0.066753
22.32	-0.071437
22.33	-0.074418
22.34	-0.074775
22.35	-0.074159
22.36	-0.074383
22.37	-0.074586
22.38	-0.072953
22.39	-0.06795
22.4	-0.059595
22.41	-0.051385
22.42	-0.045145
22.43	-0.038332
22.44	-0.030372
22.45	-0.022988
22.46	-0.015908
22.47	-0.0079378
22.48	0.00057757
22.49	0.0076595
22.5	0.011942
22.51	0.014723
22.52	0.019075
22.53	0.026866
22.54	0.035587
22.55	0.041288
22.56	0.044198
22.57	0.046713
22.58	0.050004
22.59	0.053656
22.6	0.055713
22.61	0.055894
22.62	0.056577
22.63	0.058948
22.64	0.061773
22.65	0.062574
22.66	0.059968
22.67	0.055765
22.68	0.051757
22.69	0.046819
22.7	0.040332
22.71	0.033134
22.72	0.025756
22.73	0.019799
22.74	0.015627
22.75	0.010976
22.76	0.0057248
22.77	0.0022893
22.78	0.0010022
22.79	-0.00019758
22.8	-0.0026382
22.81	-0.0062705
22.82	-0.0099143
22.83	-0.011884
22.84	-0.011994
22.85	-0.011547
22.86	-0.011243
22.87	-0.010286
22.88	-0.0075906
22.89	-0.0034988
22.9	9.7194e-06
22.91	0.0013365
22.92	0.00086915
22.93	4.8446e-05
22.94	-0.00032408
22.95	-0.00080704
22.96	-0.0015316
22.97	-0.0016806
22.98	-0.0018355
22.99	-0.0039004
23	-0.0082719
23.01	-0.012213
23.02	-0.013309
23.03	-0.012455
23.04	-0.01155
23.05	-0.011314
23.06	-0.011779
23.07	-0.012522
23.08	-0.013267
23.09	-0.01539
23.1	-0.019185
23.11	-0.021908
23.12	-0.021842
23.13	-0.020489
23.14	-0.02085
23.15	-0.024417
23.16	-0.029092
23.17	-0.031542
23.18	-0.03107
23.19	-0.030804
23.2	-0.033365
23.21	-0.036471
23.22	-0.03688
23.23	-0.034744
23.24	-0.032457
23.25	-0.032227
23.26	-0.034477
23.27	-0.037579
23.28	-0.038711
23.29	-0.035638
23.3	-0.030693
23.31	-0.029192
23.32	-0.031011
23.33	-0.031885
23.34	-0.030459
23.35	-0.028208
23.36	-0.026436
23.37	-0.025213
23.38	-0.024175
23.39	-0.022707
23.4	-0.018998
23.41	-0.012845
23.42	-0.0067209
23.43	-0.0004562
23.44	0.0077806
23.45	0.01691
23.46	0.024238
23.47	0.028497
23.48	0.031319
23.49	0.034873
23.5	0.038343
23.51	0.039517
23.52	0.038312
23.53	0.0366
23.54	0.034423
23.55	0.029916
23.56	0.023058
23.57	0.015552
23.58	0.0099128
23.59	0.0078423
23.6	0.0075335
23.61	0.0057297
23.62	0.0017659
23.63	-0.0020053
23.64	-0.003325
23.65	-0.0025932
23.66	-0.0016162
23.67	-0.0012599
23.68	-0.0012851
23.69	-0.0011455
23.7	-0.00055542
23.71	0.00049163
23.72	0.0017719
23.73	0.0026058
23.74	0.0023583
23.75	0.0015506
23.76	0.0011414
23.77	0.00089039
23.78	0.00091162
23.79	0.0013144
23.8	-0.00047316
23.81	-0.0049012
23.82	-0.0082655
23.83	-0.0098603
23.84	-0.012243
23.85	-0.01516
23.86	-0.016226
23.87	-0.015048
23.88	-0.013262
23.89	-0.01174
23.9	-0.010141
23.91	-0.0081322
23.92	-0.0061395
23.93	-0.0056417
23.94	-0.0064749
23.95	-0.0067329
23.96	-0.0058721
23.97	-0.0038216
23.98	0.00033917
23.99	0.0058701
24	0.0098665
24.01	0.010793
24.02	0.011014
24.03	0.013649
24.04	0.016163
24.05	0.01462
24.06	0.011345
24.07	0.010109
24.08	0.010014
24.09	0.00923
24.1	0.0090354
24.11	0.011869
24.12	0.017751
24.13	0.022779
24.14	0.025511
24.15	0.028565
24.16	0.031499
24.17	0.032475
24.18	0.031796
24.19	0.031674
24.2	0.034675
24.21	0.039174
24.22	0.041001
24.23	0.039468
24.24	0.037835
24.25	0.039
24.26	0.041917
24.27	0.043592
24.28	0.043629
24.29	0.045107
24.3	0.04848
24.31	0.04955
24.32	0.046416
24.33	0.040911
24.34	0.035322
24.35	0.031468
24.36	0.029741
24.37	0.028949
24.38	0.027943
24.39	0.026623
24.4	0.025337
24.41	0.024236
24.42	0.023217
24.43	0.022145
24.44	0.02107
24.45	0.020467
24.46	0.021661
24.47	0.025158
24.48	0.028426
24.49	0.028866
24.5	0.027014
24.51	0.024796
24.52	0.024922
24.53	0.028339
24.54	0.030599
24.55	0.028043
24.56	0.022866
24.57	0.018479
24.58	0.015723
24.59	0.014006
24.6	0.012764
24.61	0.011616
24.62	0.010439
24.63	0.0092686
24.64	0.0081005
24.65	0.0069015
24.66	0.0057832
24.67	0.0047969
24.68	0.0039727
24.69	0.0025268
24.7	-0.0016689
24.71	-0.0077805
24.72	-0.012547
24.73	-0.016692
24.74	-0.021557
24.75	-0.024849
24.76	-0.026834
24.77	-0.030483
24.78	-0.034979
24.79	-0.038997
24.8	-0.043005
24.81	-0.046378
24.82	-0.049481
24.83	-0.052851
24.84	-0.0547
24.85	-0.053902
24.86	-0.051834
24.87	-0.050124
24.88	-0.048819
24.89	-0.048504
24.9	-0.050941
24.91	-0.054643
24.92	-0.055969
24.93	-0.054843
24.94	-0.053541
24.95	-0.052051
24.96	-0.049814
24.97	-0.047855
24.98	-0.046166
24.99	-0.044103
25	-0.042023
25.01	-0.040341
25.02	-0.038949
25.03	-0.037535
25.04	-0.036118
25.05	-0.035217
25.06	-0.034513
25.07	-0.032772
25.08	-0.031451
25.09	-0.032009
25.1	-0.03148
25.11	-0.028289
25.12	-0.02373
25.13	-0.018156
25.14	-0.012841
25.15	-0.010456
25.16	-0.010121
25.17	-0.0068496
25.18	-0.00025825
25.19	0.0046798
25.2	0.0071065
25.21	0.0098605
25.22	0.012927
25.23	0.014786
25.24	0.015238
25.25	0.014596
25.26	0.012594
25.27	0.0086946
25.28	0.0043399
25.29	0.00099602
25.3	-0.002808
25.31	-0.0071033
25.32	-0.009344
25.33	-0.0089588
25.34	-0.0076721
25.35	-0.0068627
25.36	-0.0065831
25.37	-0.0064442
25.38	-0.0058785
25.39	-0.0030854
25.4	0.0022726
25.41	0.006919
25.42	0.0092715
25.43	0.011839
25.44	0.015803
25.45	0.018713
25.46	0.018845
25.47	0.017502
25.48	0.016505
25.49	0.016382
25.5	0.016136
25.51	0.013375
25.52	0.0077863
25.53	0.003246
25.54	0.0011856
25.55	-0.0016078
25.56	-0.0061247
25.57	-0.011198
25.58	-0.01604
25.59	-0.018768
25.6	-0.020159
25.61	-0.023277
25.62	-0.026772
25.63	-0.028173
25.64	-0.029345
25.65	-0.031977
25.66	-0.033966
25.67	-0.033359
25.68	-0.031083
25.69	-0.028795
25.7	-0.027453
25.71	-0.026945
25.72	-0.025821
25.73	-0.023648
25.74	-0.021209
25.75	-0.017328
25.76	-0.011364
25.77	-0.0051196
25.78	0.00075359
25.79	0.0060851
25.8	0.01101
25.81	0.016221
25.82	0.021503
25.83	0.027516
25.84	0.034592
25.85	0.0415
25.86	0.047234
25.87	0.051912
25.88	0.056142
25.89	0.059727
25.9	0.062928
25.91	0.06588
25.92	0.068217
25.93	0.070895
25.94	0.073067
25.95	0.072469
25.96	0.069492
25.97	0.066141
25.98	0.063463
25.99	0.061193
26	0.058823
26.01	0.0563
26.02	0.053815
26.03	0.051507
26.04	0.048985
26.05	0.045914
26.06	0.042893
26.07	0.040084
26.08	0.036101
26.09	0.030347
26.1	0.025067
26.11	0.022474
26.12	0.020842
26.13	0.016591
26.14	0.010067
26.15	0.0036724
26.16	-0.0019951
26.17	-0.0069167
26.18	-0.011738
26.19	-0.016816
26.2	-0.022226
26.21	-0.02737
26.22	-0.031022
26.23	-0.034386
26.24	-0.037943
26.25	-0.039765
26.26	-0.040623
26.27	-0.043062
26.28	-0.045765
26.29	-0.044296
26.3	-0.039529
26.31	-0.037951
26.32	-0.040403
26.33	-0.041979
26.34	-0.040724
26.35	-0.038341
26.36	-0.03664
26.37	-0.037231
26.38	-0.040645
26.39	-0.043949
26.4	-0.044154
26.41	-0.041854
26.42	-0.039288
26.43	-0.037399
26.44	-0.03502
26.45	-0.030663
26.46	-0.024967
26.47	-0.020431
26.48	-0.018589
26.49	-0.018271
26.5	-0.016554
26.51	-0.011737
26.52	-0.005689
26.53	-0.0016462
26.54	-0.00078054
26.55	-0.0008302
26.56	0.0017886
26.57	0.0067107
26.58	0.0099581
26.59	0.010211
26.6	0.011265
26.61	0.015813
26.62	0.020365
26.63	0.021154
26.64	0.019793
26.65	0.020088
26.66	0.023125
26.67	0.028153
26.68	0.033836
26.69	0.037679
26.7	0.039556
26.71	0.041574
26.72	0.043079
26.73	0.042227
26.74	0.039871
26.75	0.036869
26.76	0.032256
26.77	0.027002
26.78	0.023661
26.79	0.022557
26.8	0.022085
26.81	0.02116
26.82	0.019867
26.83	0.018655
26.84	0.017675
26.85	0.016771
26.86	0.0158
26.87	0.014802
26.88	0.013919
26.89	0.013215
26.9	0.01245
26.91	0.010514
26.92	0.0061542
26.93	0.00090835
26.94	-0.0027431
26.95	-0.0060641
26.96	-0.010571
26.97	-0.013976
26.98	-0.014705
26.99	-0.015266
27	-0.018992
27.01	-0.023372
27.02	-0.025246
27.03	-0.024601
27.04	-0.025221
27.05	-0.028834
27.06	-0.032478
27.07	-0.032884
27.08	-0.031783
27.09	-0.033562
27.1	-0.036302
27.11	-0.034562
27.12	-0.03082
27.13	-0.030806
27.14	-0.033106
27.15	-0.034516
27.16	-0.036426
27.17	-0.039236
27.18	-0.040317
27.19	-0.038782
27.2	-0.036576
27.21	-0.035315
27.22	-0.034663
27.23	-0.033713
27.24	-0.031634
27.25	-0.028568
27.26	-0.025884
27.27	-0.024226
27.28	-0.023039
27.29	-0.021669
27.3	-0.020036
27.31	-0.018455
27.32	-0.017103
27.33	-0.015851
27.34	-0.014559
27.35	-0.013215
27.36	-0.011891
27.37	-0.010641
27.38	-0.0094506
27.39	-0.008272
27.4	-0.0071004
27.41	-0.0058658
27.42	-0.0052344
27.43	-0.0066114
27.44	-0.0085859
27.45	-0.0075183
27.46	-0.0034245
27.47	0.00023334
27.48	0.0019583
27.49	0.0044966
27.5	0.009444
27.51	0.014203
27.52	0.017853
27.53	0.02162
27.54	0.024621
27.55	0.025484
27.56	0.024774
27.57	0.023804
27.58	0.023379
27.59	0.02454
27.6	0.027869
27.61	0.03143
27.62	0.032575
27.63	0.032659
27.64	0.035037
27.65	0.038495
27.66	0.039399
27.67	0.038456
27.68	0.039446
27.69	0.042484
27.7	0.04402
27.71	0.042688
27.72	0.040158
27.73	0.037941
27.74	0.037023
27.75	0.038173
27.76	0.040256
27.77	0.041128
27.78	0.039997
27.79	0.037723
27.8	0.035493
27.81	0.033669
27.82	0.03205
27.83	0.029447
27.84	0.024409
27.85	0.01854
27.86	0.014931
27.87	0.013912
27.88	0.013376
27.89	0.011101
27.9	0.0069513
27.91	0.0029077
27.92	0.00037108
27.93	-0.00070823
27.94	-0.0010614
27.95	-0.0012863
27.96	-0.0018781
27.97	-0.0042183
27.98	-0.0084978
27.99	-0.011905
28	-0.012818
28.01	-0.013544
28.02	-0.016188
28.03	-0.018947
28.04	-0.019603
28.05	-0.018976
28.06	-0.01847
28.07	-0.018213
28.08	-0.017864
28.09	-0.017264
28.1	-0.01662
28.11	-0.016125
28.12	-0.015673
28.13	-0.015059
28.14	-0.01434
28.15	-0.014756
28.16	-0.01673
28.17	-0.0172
28.18	-0.014543
28.19	-0.011533
28.2	-0.010605
28.21	-0.010531
28.22	-0.0084818
28.23	-0.0047251
28.24	-0.0022651
28.25	-0.0021731
28.26	-0.0029658
28.27	-0.0033602
28.28	-0.0032755
28.29	-0.0026144
28.3	-0.0017576
28.31	-0.0020915
28.32	-0.0040062
28.33	-0.0065419
28.34	-0.0087079
28.35	-0.009875
28.36	-0.0099424
28.37	-0.0093671
28.38	-0.0089614
28.39	-0.0092326
28.4	-0.0095006
28.41	-0.0088363
28.42	-0.0076424
28.43	-0.0068571
28.44	-0.0066607
28.45	-0.0059334
28.46	-0.003572
28.47	-0.00076603
28.48	0.0005227
28.49	0.00031711
28.5	-0.00019008
28.51	-0.00037834
28.52	-0.00035544
28.53	-0.00033278
28.54	-0.0003624
28.55	-0.00055128
28.56	-0.0011927
28.57	-0.0026328
28.58	-0.004537
28.59	-0.0056814
28.6	-0.0055551
28.61	-0.0048646
28.62	-0.0044987
28.63	-0.004744
28.64	-0.005493
28.65	-0.0066835
28.66	-0.0075988
28.67	-0.0067732
28.68	-0.004122
28.69	-0.0017015
28.7	-0.00096135
28.71	-0.0012397
28.72	-0.00084362
28.73	0.0010546
28.74	0.0030652
28.75	0.003717
28.76	0.0039743
28.77	0.005169
28.78	0.0063744
28.79	0.0066865
28.8	0.0069572
28.81	0.0076897
28.82	0.0082022
28.83	0.0079223
28.84	0.007006
28.85	0.0058448
28.86	0.0048745
28.87	0.0042715
28.88	0.0033128
28.89	0.0016643
28.9	0.00026755
28.91	-0.00020136
28.92	-0.00015185
28.93	-0.00019288
28.94	-0.00044271
28.95	-0.00066725
28.96	-0.00081696
28.97	-0.0010861
28.98	-0.0017424
28.99	-0.0028218
29	-0.0037413
29.01	-0.0039658
29.02	-0.0036828
29.03	-0.0033106
29.04	-0.003334
29.05	-0.0040917
29.06	-0.0049784
29.07	-0.00516
29.08	-0.0050284
29.09	-0.0053489
29.1	-0.0057724
29.11	-0.0056296
29.12	-0.0053054
29.13	-0.0054344
29.14	-0.0056808
29.15	-0.0056939
29.16	-0.0057169
29.17	-0.0056399
29.18	-0.0051434
29.19	-0.004318
29.2	-0.003473
29.21	-0.0028155
29.22	-0.0023955
29.23	-0.0020428
29.24	-0.0014834
29.25	-0.00067844
29.26	9.6847e-05
29.27	0.00073925
29.28	0.0015221
29.29	0.0026287
29.3	0.0038124
29.31	0.0045747
29.32	0.0047112
29.33	0.0046726
29.34	0.0049942
29.35	0.0056219
29.36	0.0061643
29.37	0.0064717
29.38	0.0065921
29.39	0.0065231
29.4	0.0063969
29.41	0.006319
29.42	0.0060715
29.43	0.0056057
29.44	0.005215
29.45	0.0049576
29.46	0.0046327
29.47	0.0042102
29.48	0.0037454
29.49	0.0032653
29.5	0.0028005
29.51	0.0023686
29.52	0.0019712
29.53	0.0016137
29.54	0.0012393
29.55	0.00076144
29.56	0.00026781
29.57	-5.5654e-05
29.58	-0.00024176
29.59	-0.00047209
29.6	-0.00074004
29.61	-0.00094491
29.62	-0.0011022
29.63	-0.0012036
29.64	-0.0012482
29.65	-0.0013077
29.66	-0.0013881
29.67	-0.0013901
29.68	-0.0012608
29.69	-0.0010972
29.7	-0.00099839
29.71	-0.00093275
29.72	-0.00083631
29.73	-0.00067652
29.74	-0.00047741
29.75	-0.00031091
29.76	-0.00019161
29.77	-6.1134e-05
29.78	9.8099e-05
29.79	0.00024062
29.8	0.00033567
29.81	0.00040883
29.82	0.00049171
29.83	0.00057654
29.84	0.00063684
29.85	0.00066816
29.86	0.00068003
29.87	0.00067638
29.88	0.00065471
29.89	0.00061153
29.9	0.00054699
29.91	0.00046591
29.92	0.00037174
29.93	0.00026634
29.94	0.00014977
29.95	2.1111e-05
29.96	-0.00011829
29.97	-0.00026403
29.98	-0.00041299
29.99	-0.00056413
