0	0.00074259
0.01	0.0012509
0.02	0.0020426
0.03	0.0023729
0.04	0.0028126
0.05	0.0038597
0.06	0.0052696
0.07	0.0045478
0.08	0.00080085
0.09	-0.001603
0.1	0.00029399
0.11	0.0038037
0.12	0.0042428
0.13	0.0013312
0.14	-0.00035444
0.15	-0.0011748
0.16	-0.0014211
0.17	0.0032549
0.18	0.0088062
0.19	0.01281
0.2	0.013977
0.21	-0.0017899
0.22	-0.020649
0.23	-0.010523
0.24	0.011223
0.25	0.016612
0.26	0.010369
0.27	-0.0011493
0.28	-0.0062798
0.29	0.0056596
0.3	0.020079
0.31	0.013284
0.32	-0.013157
0.33	-0.018774
0.34	0.0042308
0.35	0.0049113
0.36	-0.002217
0.37	0.020512
0.38	0.011437
0.39	-0.0386
0.4	-0.045658
0.41	-0.014523
0.42	0.00055543
0.43	0.015446
0.44	0.045486
0.45	0.049864
0.46	0.017384
0.47	-0.017534
0.48	-0.0357
0.49	-0.021049
0.5	0.011374
0.51	0.010139
0.52	-0.010682
0.53	-0.0028472
0.54	0.001235
0.55	-0.016677
0.56	-0.0036597
0.57	0.010264
0.58	-0.030186
0.59	-0.051683
0.6	-0.0036373
0.61	0.040787
0.62	0.033105
0.63	0.00073761
0.64	-0.0005476
0.65	0.012946
0.66	-0.014746
0.67	-0.016709
0.68	0.032355
0.69	0.032015
0.7	-0.014074
0.71	-0.026277
0.72	-0.017081
0.73	-0.023859
0.74	-0.026754
0.75	-0.010676
0.76	0.0013772
0.77	0.0099895
0.78	0.030811
0.79	0.019306
0.8	-0.020282
0.81	-0.012931
0.82	0.0132
0.83	0.0010676
0.84	-0.019772
0.85	-0.018293
0.86	0.0040232
0.87	0.023319
0.88	0.015613
0.89	0.0016041
0.9	0.0029878
0.91	0.0092869
0.92	0.0036377
0.93	-0.009952
0.94	-0.012897
0.95	-0.0073065
0.96	0.005894
0.97	0.021203
0.98	0.01666
0.99	0.0074761
1	0.015945
1.01	-0.0010705
1.02	-0.056237
1.03	-0.070446
1.04	-0.024975
1.05	0.0093189
1.06	-0.0056835
1.07	-0.020808
1.08	0.015869
1.09	0.05264
1.1	0.028865
1.11	-0.021585
1.12	-0.035867
1.13	-0.011282
1.14	-5.5379e-05
1.15	-0.012761
1.16	-0.0029935
1.17	0.029807
1.18	0.028493
1.19	-0.017923
1.2	-0.033469
1.21	0.014602
1.22	0.041926
1.23	0.0068312
1.24	-0.019288
1.25	0.00077199
1.26	0.013289
1.27	-0.0072939
1.28	-0.017583
1.29	-0.0027044
1.3	0.0018644
1.31	-0.015953
1.32	-0.029296
1.33	-0.022608
1.34	0.002234
1.35	0.03883
1.36	0.03749
1.37	-0.020487
1.38	-0.045019
1.39	-0.0038385
1.4	0.029516
1.41	0.030108
1.42	0.021538
1.43	0.017565
1.44	0.0065779
1.45	-0.034139
1.46	-0.047624
1.47	0.015091
1.48	0.061997
1.49	0.015164
1.5	-0.052525
1.51	-0.035292
1.52	0.035598
1.53	0.04688
1.54	-0.00065174
1.55	0.0050485
1.56	0.056847
1.57	0.032874
1.58	-0.044242
1.59	-0.06436
1.6	-0.026473
1.61	0.0034088
1.62	-0.010437
1.63	-0.033166
1.64	-0.018957
1.65	0.0056993
1.66	0.016872
1.67	0.011315
1.68	-0.015925
1.69	-0.0023929
1.7	0.058095
1.71	0.056991
1.72	0.0033042
1.73	-0.015613
1.74	-0.021577
1.75	-0.020374
1.76	0.012112
1.77	0.024869
1.78	0.0024566
1.79	-0.015553
1.8	-0.019766
1.81	-0.0054195
1.82	0.015602
1.83	0.025621
1.84	0.032416
1.85	0.011864
1.86	-0.028658
1.87	-0.028107
1.88	-0.0077705
1.89	-0.0051134
1.9	0.00080481
1.91	-0.0053785
1.92	-0.026076
1.93	-0.03615
1.94	-0.039316
1.95	-0.015878
1.96	0.032006
1.97	0.04693
1.98	0.020795
1.99	0.0066682
2	0.035562
2.01	0.068896
2.02	0.039806
2.03	-0.017034
2.04	-0.027874
2.05	-0.031559
2.06	-0.059194
2.07	-0.067617
2.08	-0.045591
2.09	-0.022158
2.1	-0.020107
2.11	-0.029794
2.12	-0.033831
2.13	-0.037368
2.14	-0.036505
2.15	-0.036699
2.16	-0.059613
2.17	-0.075592
2.18	-0.044746
2.19	0.0096743
2.2	0.05541
2.21	0.069746
2.22	0.036636
2.23	-0.0054944
2.24	-0.015866
2.25	0.018464
2.26	0.093382
2.27	0.13759
2.28	0.10781
2.29	0.068493
2.3	0.045719
2.31	0.027736
2.32	0.024782
2.33	0.030969
2.34	0.058356
2.35	0.093343
2.36	0.08296
2.37	0.029297
2.38	-0.021773
2.39	-0.043188
2.4	-0.03276
2.41	-0.0062261
2.42	0.0041122
2.43	-0.02411
2.44	-0.073637
2.45	-0.10528
2.46	-0.081944
2.47	-0.020022
2.48	0.035829
2.49	0.084979
2.5	0.08329
2.51	0.007559
2.52	-0.059644
2.53	-0.068436
2.54	-0.035442
2.55	-0.018137
2.56	-0.036729
2.57	-0.039852
2.58	-0.043191
2.59	-0.09306
2.6	-0.14249
2.61	-0.12843
2.62	-0.061286
2.63	0.014851
2.64	0.065822
2.65	0.08065
2.66	0.065083
2.67	-0.0032909
2.68	-0.090584
2.69	-0.083428
2.7	-0.0053018
2.71	0.03083
2.72	0.030482
2.73	0.037218
2.74	0.044534
2.75	0.050763
2.76	0.084563
2.77	0.15475
2.78	0.20172
2.79	0.15973
2.8	0.063986
2.81	-0.007211
2.82	-0.045178
2.83	-0.071568
2.84	-0.086009
2.85	-0.082956
2.86	-0.063962
2.87	-0.030399
2.88	-0.0065535
2.89	-0.023962
2.9	-0.049711
2.91	-0.032515
2.92	0.0022289
2.93	-0.0030463
2.94	-0.049062
2.95	-0.10989
2.96	-0.15252
2.97	-0.11864
2.98	-0.037734
2.99	0.012062
3	0.039549
3.01	0.05515
3.02	0.056467
3.03	0.057659
3.04	0.046891
3.05	0.041366
3.06	0.066817
3.07	0.09032
3.08	0.078937
3.09	0.035719
3.1	-0.022588
3.11	-0.069615
3.12	-0.070709
3.13	-0.039694
3.14	-0.034762
3.15	-0.044578
3.16	-0.01746
3.17	0.029636
3.18	0.065013
3.19	0.10014
3.2	0.14049
3.21	0.15358
3.22	0.11605
3.23	0.041781
3.24	-0.045216
3.25	-0.11488
3.26	-0.15492
3.27	-0.16579
3.28	-0.13184
3.29	-0.05799
3.3	0.0078495
3.31	0.041628
3.32	0.047376
3.33	0.0067543
3.34	-0.049879
3.35	-0.053295
3.36	-0.019668
3.37	-0.0040054
3.38	0.0064243
3.39	0.030119
3.4	0.052306
3.41	0.064436
3.42	0.064546
3.43	0.0633
3.44	0.064074
3.45	0.062698
3.46	0.068408
3.47	0.074657
3.48	0.063815
3.49	0.035872
3.5	0.007507
3.51	-0.010797
3.52	-0.0026271
3.53	0.043929
3.54	0.090801
3.55	0.090779
3.56	0.037213
3.57	-0.035001
3.58	-0.093065
3.59	-0.1304
3.6	-0.13643
3.61	-0.088827
3.62	0.014276
3.63	0.10952
3.64	0.13891
3.65	0.12632
3.66	0.098327
3.67	0.066069
3.68	0.034563
3.69	-0.015002
3.7	-0.059798
3.71	-0.063578
3.72	-0.060516
3.73	-0.058312
3.74	-0.01499
3.75	0.028544
3.76	0.015741
3.77	0.0004081
3.78	0.041948
3.79	0.089555
3.8	0.078884
3.81	0.012886
3.82	-0.075179
3.83	-0.13432
3.84	-0.14939
3.85	-0.1773
3.86	-0.23087
3.87	-0.24033
3.88	-0.19359
3.89	-0.1416
3.9	-0.072783
3.91	0.020612
3.92	0.071272
3.93	0.049042
3.94	0.013051
3.95	0.0064128
3.96	-0.01137
3.97	-0.046575
3.98	-0.041667
3.99	-0.0056349
4	0.029027
4.01	0.069906
4.02	0.10142
4.03	0.11488
4.04	0.10351
4.05	0.050123
4.06	-0.012796
4.07	-0.044743
4.08	-0.026999
4.09	0.011155
4.1	0.016982
4.11	0.014685
4.12	0.017997
4.13	-0.0089901
4.14	-0.042006
4.15	-0.046147
4.16	-0.030446
4.17	-0.0027983
4.18	0.0091421
4.19	-0.002912
4.2	1.1893e-07
4.21	-5.9531e-05
4.22	-0.015552
4.23	0.0096795
4.24	0.075195
4.25	0.12959
4.26	0.15027
4.27	0.12745
4.28	0.070139
4.29	0.013465
4.3	-0.043669
4.31	-0.11705
4.32	-0.16284
4.33	-0.13162
4.34	-0.051401
4.35	0.02267
4.36	0.082344
4.37	0.11585
4.38	0.10196
4.39	0.052175
4.4	-0.018704
4.41	-0.084304
4.42	-0.10248
4.43	-0.085689
4.44	-0.077727
4.45	-0.075312
4.46	-0.069029
4.47	-0.071791
4.48	-0.08069
4.49	-0.060088
4.5	0.006056
4.51	0.073246
4.52	0.089081
4.53	0.070424
4.54	0.071734
4.55	0.057637
4.56	-0.0072608
4.57	-0.059327
4.58	-0.057943
4.59	-0.011109
4.6	0.042565
4.61	0.063524
4.62	0.084787
4.63	0.13161
4.64	0.14872
4.65	0.11401
4.66	0.0805
4.67	0.05111
4.68	0.0013244
4.69	-0.030511
4.7	-0.025398
4.71	-0.020086
4.72	-0.026019
4.73	-0.02325
4.74	-0.012581
4.75	-0.0075327
4.76	-0.012502
4.77	-0.013626
4.78	0.013381
4.79	0.043669
4.8	0.016965
4.81	-0.044683
4.82	-0.078057
4.83	-0.09364
4.84	-0.091404
4.85	-0.033451
4.86	0.055504
4.87	0.12261
4.88	0.15457
4.89	0.12831
4.9	0.038922
4.91	-0.027092
4.92	-0.021719
4.93	-0.010045
4.94	-0.0092109
4.95	0.024373
4.96	0.047005
4.97	0.015057
4.98	-0.013184
4.99	-0.0017313
5	0.017502
5.01	0.023629
5.02	0.027969
5.03	0.034077
5.04	0.014733
5.05	-0.056594
5.06	-0.13983
5.07	-0.16815
5.08	-0.13507
5.09	-0.063982
5.1	-0.0013479
5.11	0.0074674
5.12	-0.0072114
5.13	-0.0085773
5.14	-0.019941
5.15	-0.033891
5.16	-0.0084241
5.17	0.037241
5.18	0.034096
5.19	-0.022282
5.2	-0.054418
5.21	-0.045348
5.22	-0.029631
5.23	-0.0099129
5.24	0.012206
5.25	0.028477
5.26	0.044962
5.27	0.074844
5.28	0.087293
5.29	0.053674
5.3	0.02473
5.31	0.026818
5.32	0.018208
5.33	-0.0020668
5.34	-0.0068422
5.35	-0.020153
5.36	-0.052667
5.37	-0.050714
5.38	-0.0072398
5.39	0.019407
5.4	0.021371
5.41	0.0098588
5.42	-0.023613
5.43	-0.041684
5.44	-0.016052
5.45	-0.0010877
5.46	-0.02457
5.47	-0.023749
5.48	0.013658
5.49	0.03862
5.5	0.035659
5.51	0.0023988
5.52	-0.032933
5.53	-0.035377
5.54	-0.021861
5.55	-0.0052179
5.56	0.020167
5.57	0.041584
5.58	0.037237
5.59	0.0066265
5.6	-0.029465
5.61	-0.062723
5.62	-0.070674
5.63	-0.019966
5.64	0.054028
5.65	0.098611
5.66	0.10049
5.67	0.053651
5.68	-0.0030529
5.69	-0.019253
5.7	-0.024913
5.71	-0.03826
5.72	-0.012227
5.73	0.032814
5.74	0.03437
5.75	0.0075269
5.76	-0.014522
5.77	-0.041567
5.78	-0.056968
5.79	-0.034998
5.8	-0.014625
5.81	-0.020444
5.82	-0.02639
5.83	-0.031065
5.84	-0.033559
5.85	-0.016578
5.86	0.0072703
5.87	0.020798
5.88	0.01529
5.89	-0.010413
5.9	-0.022999
5.91	-0.0057153
5.92	0.019502
5.93	0.054102
5.94	0.089849
5.95	0.079188
5.96	0.029659
5.97	-0.0027335
5.98	-0.02578
5.99	-0.055384
6	-0.051973
6.01	-0.018877
6.02	9.0849e-05
6.03	-0.0012159
6.04	-0.0045871
6.05	0.0087866
6.06	0.034777
6.07	0.054897
6.08	0.056276
6.09	0.023441
6.1	-0.028025
6.11	-0.068291
6.12	-0.093756
6.13	-0.096028
6.14	-0.074337
6.15	-0.047398
6.16	-0.0075078
6.17	0.042139
6.18	0.069878
6.19	0.076416
6.2	0.071932
6.21	0.05785
6.22	0.048024
6.23	0.042979
6.24	0.035249
6.25	0.020406
6.26	-0.0099652
6.27	-0.046203
6.28	-0.061491
6.29	-0.046734
6.3	-0.021591
6.31	0.01068
6.32	0.052288
6.33	0.074822
6.34	0.070781
6.35	0.047952
6.36	0.010674
6.37	-0.013866
6.38	-0.022629
6.39	-0.028527
6.4	-0.022927
6.41	-0.015456
6.42	-0.020242
6.43	-0.023612
6.44	-0.0067596
6.45	0.027379
6.46	0.048679
6.47	0.042143
6.48	0.033219
6.49	0.02358
6.5	-0.0061833
6.51	-0.02727
6.52	-0.015088
6.53	-0.0019139
6.54	-0.015087
6.55	-0.043231
6.56	-0.060681
6.57	-0.05494
6.58	-0.049672
6.59	-0.057344
6.6	-0.044288
6.61	-0.011996
6.62	-0.0025038
6.63	-0.0034192
6.64	0.016247
6.65	0.027474
6.66	0.0026793
6.67	-0.023592
6.68	-0.0089036
6.69	0.028842
6.7	0.040034
6.71	0.024053
6.72	0.0093269
6.73	-0.0043925
6.74	-0.015348
6.75	-0.020965
6.76	-0.027906
6.77	-0.015011
6.78	0.020705
6.79	0.046621
6.8	0.051461
6.81	0.047216
6.82	0.045924
6.83	0.044878
6.84	0.031282
6.85	0.0045549
6.86	-0.020481
6.87	-0.035863
6.88	-0.051725
6.89	-0.061163
6.9	-0.045419
6.91	-0.027585
6.92	-0.023431
6.93	-0.0060482
6.94	0.028862
6.95	0.038412
6.96	0.0015997
6.97	-0.028331
6.98	-0.035626
6.99	-0.047983
7	-0.036282
7.01	-0.00054269
7.02	0.028944
7.03	0.044675
7.04	0.024622
7.05	-0.0069603
7.06	-0.0013131
7.07	0.01667
7.08	0.016626
7.09	0.016312
7.1	0.020761
7.11	0.015187
7.12	-0.0039762
7.13	-0.023935
7.14	-0.023278
7.15	-0.0056055
7.16	0.0077033
7.17	0.011181
7.18	0.0092763
7.19	0.012324
7.2	0.019835
7.21	0.021168
7.22	0.019973
7.23	0.013146
7.24	-0.0079361
7.25	-0.02667
7.26	-0.030327
7.27	-0.023914
7.28	-0.0080025
7.29	0.0070507
7.3	0.010002
7.31	0.013523
7.32	0.031173
7.33	0.037907
7.34	0.00895
7.35	-0.019358
7.36	-0.021238
7.37	-0.02743
7.38	-0.04951
7.39	-0.064439
7.4	-0.064806
7.41	-0.05997
7.42	-0.041984
7.43	-0.0065074
7.44	0.028104
7.45	0.056386
7.46	0.070098
7.47	0.056587
7.48	0.0389
7.49	0.039954
7.5	0.038848
7.51	0.01206
7.52	-0.01499
7.53	-0.023294
7.54	-0.035199
7.55	-0.05365
7.56	-0.054069
7.57	-0.028692
7.58	-0.0054318
7.59	-0.00095565
7.6	0.0025786
7.61	0.011363
7.62	0.018258
7.63	0.018849
7.64	0.009901
7.65	6.0524e-05
7.66	0.00074549
7.67	0.0078861
7.68	0.0057514
7.69	-0.0070893
7.7	-0.0096873
7.71	-4.7436e-05
7.72	0.0044121
7.73	0.011967
7.74	0.026223
7.75	0.021498
7.76	-0.0059406
7.77	-0.026085
7.78	-0.018797
7.79	0.00063514
7.8	0.0036154
7.81	-0.0078512
7.82	-0.0069481
7.83	0.0056987
7.84	0.0067558
7.85	0.0020045
7.86	0.015783
7.87	0.026389
7.88	0.004426
7.89	-0.017603
7.9	-0.022451
7.91	-0.035171
7.92	-0.041581
7.93	-0.010993
7.94	0.036624
7.95	0.071162
7.96	0.076398
7.97	0.047942
7.98	0.021974
7.99	0.018996
8	0.018306
8.01	0.007138
8.02	-0.0045677
8.03	-0.0074255
8.04	-0.017385
8.05	-0.040567
8.06	-0.039647
8.07	0.0022553
8.08	0.042167
8.09	0.053759
8.1	0.048595
8.11	0.026723
8.12	-0.003681
8.13	-0.017474
8.14	-0.017455
8.15	-0.01159
8.16	0.0039013
8.17	0.011247
8.18	0.0068971
8.19	0.0083011
8.2	0.0044971
8.21	-0.013727
8.22	-0.022948
8.23	-0.011879
8.24	0.0044409
8.25	0.016511
8.26	0.017672
8.27	0.013364
8.28	0.018381
8.29	0.012131
8.3	-0.013727
8.31	-0.027491
8.32	-0.027154
8.33	-0.040127
8.34	-0.064321
8.35	-0.063127
8.36	-0.040678
8.37	-0.040229
8.38	-0.042975
8.39	-0.015063
8.4	0.0094213
8.41	0.0067073
8.42	-0.0014081
8.43	0.0018645
8.44	0.0085295
8.45	-0.0021996
8.46	-0.01566
8.47	0.0021906
8.48	0.025831
8.49	0.0074687
8.5	-0.029999
8.51	-0.040092
8.52	-0.036535
8.53	-0.039175
8.54	-0.02607
8.55	0.009428
8.56	0.035276
8.57	0.025646
8.58	0.0044959
8.59	0.017274
8.6	0.046387
8.61	0.037435
8.62	0.0029946
8.63	-0.020009
8.64	-0.035257
8.65	-0.03784
8.66	-0.02093
8.67	0.0044259
8.68	0.034392
8.69	0.056943
8.7	0.05182
8.71	0.028244
8.72	0.0099527
8.73	0.0036076
8.74	0.0092903
8.75	0.011728
8.76	0.0016225
8.77	-0.0023497
8.78	0.0060674
8.79	0.015048
8.8	0.010388
8.81	-0.0028158
8.82	0.0082527
8.83	0.038289
8.84	0.041696
8.85	0.018926
8.86	0.00092559
8.87	-0.014137
8.88	-0.03669
8.89	-0.059981
8.9	-0.065136
8.91	-0.042095
8.92	-0.018223
8.93	-0.012679
8.94	0.0022586
8.95	0.039336
8.96	0.056145
8.97	0.023326
8.98	-0.0080806
8.99	0.0057269
9	0.01511
9.01	-0.0075341
9.02	-0.013751
9.03	-0.00016592
9.04	-0.0084157
9.05	-0.027488
9.06	-0.024636
9.07	-0.014828
9.08	-0.023018
9.09	-0.028135
9.1	-0.01184
9.11	0.0046257
9.12	0.010288
9.13	0.011427
9.14	0.0056897
9.15	-0.005858
9.16	-0.010419
9.17	-0.0047037
9.18	-0.0038921
9.19	-0.0048711
9.2	0.01227
9.21	0.026949
9.22	0.0091629
9.23	-0.013719
9.24	-0.013657
9.25	-0.015994
9.26	-0.031472
9.27	-0.03551
9.28	-0.021358
9.29	-0.0076959
9.3	-0.0055241
9.31	-0.0070804
9.32	0.0002032
9.33	0.020147
9.34	0.031868
9.35	0.02136
9.36	0.012524
9.37	0.012503
9.38	-0.0058821
9.39	-0.031634
9.4	-0.02587
9.41	0.0035335
9.42	0.017806
9.43	0.01277
9.44	0.017455
9.45	0.028338
9.46	0.026585
9.47	0.02589
9.48	0.018874
9.49	-0.0030872
9.5	-0.0031157
9.51	0.016571
9.52	0.01471
9.53	-0.0045659
9.54	-0.012697
9.55	-0.0027978
9.56	0.012644
9.57	0.017962
9.58	0.010657
9.59	0.0043927
9.6	0.0065498
9.61	0.0074382
9.62	-0.00021514
9.63	-0.013972
9.64	-0.026289
9.65	-0.019828
9.66	0.0034098
9.67	0.013759
9.68	0.0054359
9.69	-0.012061
9.7	-0.027128
9.71	-0.020577
9.72	-0.0012941
9.73	0.012963
9.74	0.021793
9.75	0.022297
9.76	0.020137
9.77	0.020502
9.78	0.0054653
9.79	-0.015995
9.8	-0.0067373
9.81	0.015365
9.82	0.008336
9.83	-0.01518
9.84	-0.033114
9.85	-0.036834
9.86	-0.017863
9.87	0.003709
9.88	0.012177
9.89	0.013873
9.9	0.007084
9.91	-0.0069596
9.92	-0.017289
9.93	-0.018012
9.94	-0.011252
9.95	0.002464
9.96	0.013285
9.97	0.0045258
9.98	-0.011905
9.99	-0.014123
10	-0.0096839
10.01	-0.0137
10.02	-0.017024
10.03	-0.0087329
10.04	-0.0011178
10.05	-0.0014604
10.06	0.0047074
10.07	0.025069
10.08	0.038433
10.09	0.028883
10.1	0.014044
10.11	0.0067958
10.12	0.0037564
10.13	0.0088465
10.14	0.019152
10.15	0.020149
10.16	0.0096921
10.17	-0.0035554
10.18	-0.0086699
10.19	-0.0017114
10.2	0.0022906
10.21	-0.0024662
10.22	-0.0048188
10.23	-0.0073481
10.24	-0.01357
10.25	-0.018073
10.26	-0.015757
10.27	-0.0040038
10.28	0.0066464
10.29	0.0092235
10.3	0.0052262
10.31	-0.0090662
10.32	-0.029672
10.33	-0.045218
10.34	-0.039476
10.35	-0.0091689
10.36	0.022614
10.37	0.029353
10.38	-0.00029328
10.39	-0.028655
10.4	-0.020504
10.41	-0.0096932
10.42	-0.012836
10.43	-0.0034587
10.44	0.009459
10.45	0.0023187
10.46	-0.013999
10.47	-0.018049
10.48	-0.0038344
10.49	0.012959
10.5	0.020534
10.51	0.030774
10.52	0.033957
10.53	0.0094712
10.54	-0.019329
10.55	-0.02393
10.56	-0.015093
10.57	-0.01106
10.58	-0.010558
10.59	-0.0032185
10.6	0.012944
10.61	0.024527
10.62	0.024677
10.63	0.021917
10.64	0.012992
10.65	-0.0028507
10.66	-0.010941
10.67	-0.014601
10.68	-0.016701
10.69	-0.007249
10.7	7.9119e-05
10.71	-0.0073191
10.72	-0.0083522
10.73	0.0063779
10.74	0.026155
10.75	0.047504
10.76	0.050161
10.77	0.027045
10.78	0.0048598
10.79	-0.011323
10.8	-0.02472
10.81	-0.020539
10.82	-0.0045984
10.83	-0.0046998
10.84	-0.017678
10.85	-0.023726
10.86	-0.021042
10.87	-0.0058806
10.88	0.018173
10.89	0.029975
10.9	0.02174
10.91	0.0065533
10.92	-0.01355
10.93	-0.038747
10.94	-0.044665
10.95	-0.025544
10.96	-0.005035
10.97	0.0056681
10.98	0.00035738
10.99	-0.013004
11	-0.0076706
11.01	0.011303
11.02	0.017327
11.03	0.0145
11.04	0.014906
11.05	0.0057494
11.06	-0.014207
11.07	-0.01906
11.08	0.00033198
11.09	0.017844
11.1	0.013653
11.11	0.0034823
11.12	0.0023738
11.13	0.0014716
11.14	-0.0024007
11.15	-0.0073912
11.16	-0.016094
11.17	-0.014444
11.18	0.00046149
11.19	0.0090115
11.2	0.011589
11.21	0.016143
11.22	0.014359
11.23	0.00065504
11.24	-0.016466
11.25	-0.018721
11.26	0.00021328
11.27	0.020062
11.28	0.024645
11.29	0.018055
11.3	0.01258
11.31	0.0079794
11.32	-0.0037508
11.33	-0.00655
11.34	0.0091714
11.35	0.020184
11.36	0.021949
11.37	0.024338
11.38	0.017479
11.39	0.0026825
11.4	-0.0093162
11.41	-0.01085
11.42	0.00021996
11.43	0.010421
11.44	0.011771
11.45	0.0032737
11.46	-0.0089734
11.47	-0.010666
11.48	-0.0044861
11.49	-0.0023339
11.5	0.0012794
11.51	0.014171
11.52	0.025511
11.53	0.022491
11.54	0.010415
11.55	0.0067163
11.56	0.011348
11.57	0.0034113
11.58	-0.013565
11.59	-0.015642
11.6	-0.011301
11.61	-0.017506
11.62	-0.023607
11.63	-0.019445
11.64	-0.0086733
11.65	-0.0037764
11.66	-0.011082
11.67	-0.010912
11.68	0.0052725
11.69	0.013512
11.7	0.0060256
11.71	-0.0012531
11.72	-6.0587e-05
11.73	0.0038051
11.74	-0.0003695
11.75	-0.008129
11.76	-0.0080625
11.77	-0.0077912
11.78	-0.01113
11.79	-0.0076134
11.8	0.0021198
11.81	0.013441
11.82	0.022721
11.83	0.022241
11.84	0.015136
11.85	0.011029
11.86	0.0078494
11.87	-0.00097991
11.88	-0.013285
11.89	-0.015874
11.9	-0.0068677
11.91	-0.0056327
11.92	-0.013564
11.93	-0.016701
11.94	-0.018043
11.95	-0.019418
11.96	-0.010978
11.97	0.0037252
11.98	0.0048014
11.99	-0.0043263
12	0.00045744
12.01	0.014529
12.02	0.023284
12.03	0.02733
12.04	0.023279
12.05	0.010966
12.06	-0.0047565
12.07	-0.019038
12.08	-0.018295
12.09	-0.0034782
12.1	0.0073618
12.11	0.015397
12.12	0.026675
12.13	0.023094
12.14	0.00064587
12.15	-0.014588
12.16	-0.019894
12.17	-0.029689
12.18	-0.034546
12.19	-0.023795
12.2	-0.0088976
12.21	-0.0022281
12.22	-0.0060749
12.23	-0.012128
12.24	-0.0072533
12.25	0.0014614
12.26	0.003691
12.27	0.0068035
12.28	0.013758
12.29	0.013154
12.3	-0.00059805
12.31	-0.014521
12.32	-0.015168
12.33	-0.0053906
12.34	0.0018567
12.35	0.0039489
12.36	0.0077023
12.37	0.012349
12.38	0.012317
12.39	0.0062067
12.4	-0.0039355
12.41	-0.0073654
12.42	0.001784
12.43	0.003806
12.44	-0.0045248
12.45	0.00068535
12.46	0.014419
12.47	0.014557
12.48	0.0076523
12.49	0.0098727
12.5	0.018368
12.51	0.023451
12.52	0.022718
12.53	0.016626
12.54	0.008638
12.55	0.0035321
12.56	-0.00086125
12.57	-0.0072066
12.58	-0.012803
12.59	-0.015282
12.6	-0.014996
12.61	-0.01208
12.62	-0.0057845
12.63	0.0023242
12.64	0.008251
12.65	0.00854
12.66	0.0075165
12.67	0.014972
12.68	0.023443
12.69	0.017232
12.7	0.0064466
12.71	0.0025528
12.72	-0.0067354
12.73	-0.021139
12.74	-0.025289
12.75	-0.018365
12.76	-0.013748
12.77	-0.016372
12.78	-0.013465
12.79	-0.0032003
12.8	0.0034667
12.81	0.0065797
12.82	0.011374
12.83	0.014825
12.84	0.0063914
12.85	-0.012562
12.86	-0.024967
12.87	-0.016819
12.88	0.0055822
12.89	0.020555
12.9	0.023107
12.91	0.018418
12.92	0.00090328
12.93	-0.024801
12.94	-0.033808
12.95	-0.018696
12.96	-0.0016525
12.97	0.0091747
12.98	0.013014
12.99	0.0064527
13	0.010971
13.01	0.031175
13.02	0.040264
13.03	0.027042
13.04	0.0038736
13.05	-0.0070088
13.06	-0.0069677
13.07	-0.017007
13.08	-0.02362
13.09	-0.0074997
13.1	0.0092063
13.11	0.0059568
13.12	-0.0077394
13.13	-0.01255
13.14	-0.0048932
13.15	-0.0038523
13.16	-0.016344
13.17	-0.025242
13.18	-0.021174
13.19	-0.01215
13.2	-0.010669
13.21	-0.0090612
13.22	0.0093915
13.23	0.026539
13.24	0.019027
13.25	-0.00011023
13.26	-0.0065021
13.27	0.0051782
13.28	0.014378
13.29	0.0048809
13.3	-0.0038638
13.31	-0.0004808
13.32	-0.0059303
13.33	-0.019591
13.34	-0.019501
13.35	-0.010922
13.36	-0.0088525
13.37	-0.0031617
13.38	0.014011
13.39	0.030364
13.4	0.033779
13.41	0.024017
13.42	0.012827
13.43	0.0083915
13.44	0.008786
13.45	0.0090561
13.46	0.0081125
13.47	0.0087472
13.48	0.0090731
13.49	0.002562
13.5	-0.0082148
13.51	-0.011501
13.52	-0.0065759
13.53	-0.00098829
13.54	-0.0034022
13.55	-0.015349
13.56	-0.023105
13.57	-0.022138
13.58	-0.020889
13.59	-0.017227
13.6	-0.0081179
13.61	-0.0034023
13.62	-0.0065288
13.63	-0.010982
13.64	-0.011982
13.65	-0.0065485
13.66	0.00106
13.67	0.0042509
13.68	0.0054173
13.69	0.006055
13.7	-0.00070681
13.71	-0.011956
13.72	-0.015999
13.73	-0.015061
13.74	-0.0091307
13.75	0.008676
13.76	0.018436
13.77	0.0035539
13.78	-0.0055654
13.79	0.0094717
13.8	0.013694
13.81	-0.0053492
13.82	-0.015067
13.83	-0.011527
13.84	-0.013428
13.85	-0.017323
13.86	-0.012729
13.87	-0.00010445
13.88	0.011614
13.89	0.0148
13.9	0.012911
13.91	0.014216
13.92	0.014483
13.93	0.0081941
13.94	0.0058867
13.95	0.0097227
13.96	0.0034249
13.97	-0.011166
13.98	-0.017124
13.99	-0.015961
14	-0.013363
14.01	-0.0066209
14.02	0.0029754
14.03	0.012737
14.04	0.017955
14.05	0.013493
14.06	0.0063796
14.07	0.0071657
14.08	0.015578
14.09	0.018768
14.1	0.011343
14.11	0.0079587
14.12	0.012193
14.13	0.012554
14.14	0.013513
14.15	0.021128
14.16	0.025488
14.17	0.02274
14.18	0.015934
14.19	0.0020011
14.2	-0.013039
14.21	-0.018045
14.22	-0.014996
14.23	-0.0044174
14.24	0.0090366
14.25	0.010752
14.26	0.0041502
14.27	0.00030361
14.28	-0.0034993
14.29	-0.0023735
14.3	0.0087599
14.31	0.017277
14.32	0.018793
14.33	0.019709
14.34	0.015629
14.35	0.0023164
14.36	-0.015197
14.37	-0.027398
14.38	-0.029136
14.39	-0.033144
14.4	-0.03799
14.41	-0.027568
14.42	-0.013928
14.43	-0.016064
14.44	-0.024897
14.45	-0.019457
14.46	-0.0026696
14.47	0.0095212
14.48	0.015166
14.49	0.020452
14.5	0.028473
14.51	0.026856
14.52	0.0091592
14.53	-0.0094701
14.54	-0.018369
14.55	-0.019119
14.56	-0.019002
14.57	-0.02
14.58	-0.014738
14.59	-0.001573
14.6	0.012478
14.61	0.022985
14.62	0.020474
14.63	0.003934
14.64	-0.0082317
14.65	-0.0065324
14.66	0.00069001
14.67	0.0024918
14.68	0.004824
14.69	0.015575
14.7	0.023334
14.71	0.021514
14.72	0.018345
14.73	0.012494
14.74	0.00026587
14.75	-0.014781
14.76	-0.030297
14.77	-0.040101
14.78	-0.038631
14.79	-0.031442
14.8	-0.031982
14.81	-0.03262
14.82	-0.021768
14.83	-0.013006
14.84	-0.0038212
14.85	0.017138
14.86	0.029199
14.87	0.020873
14.88	0.012112
14.89	0.007307
14.9	0.0064994
14.91	0.017888
14.92	0.026257
14.93	0.023352
14.94	0.022281
14.95	0.022201
14.96	0.014031
14.97	-0.0011724
14.98	-0.0096019
14.99	-0.0045002
15	-0.0036349
15.01	-0.011346
15.02	-0.011893
15.03	-0.0074456
15.04	0.001384
15.05	0.019688
15.06	0.036657
15.07	0.041806
15.08	0.033104
15.09	0.019023
15.1	0.0030381
15.11	-0.018678
15.12	-0.035684
15.13	-0.039566
15.14	-0.038727
15.15	-0.038567
15.16	-0.031675
15.17	-0.020067
15.18	-0.014065
15.19	-0.0074023
15.2	0.006325
15.21	0.019153
15.22	0.023901
15.23	0.020567
15.24	0.015997
15.25	0.0087018
15.26	-0.0092184
15.27	-0.027809
15.28	-0.030476
15.29	-0.021017
15.3	-0.012023
15.31	-0.0022286
15.32	0.0073415
15.33	0.0089185
15.34	0.012502
15.35	0.025182
15.36	0.033756
15.37	0.036837
15.38	0.040423
15.39	0.035036
15.4	0.019208
15.41	-0.0010324
15.42	-0.026903
15.43	-0.043661
15.44	-0.044844
15.45	-0.038995
15.46	-0.023967
15.47	-0.0095915
15.48	-0.0023549
15.49	0.0020782
15.5	0.0019388
15.51	0.0043135
15.52	0.0087356
15.53	0.0027107
15.54	-0.0084095
15.55	-0.0093141
15.56	-0.0012673
15.57	0.0031954
15.58	0.0047989
15.59	0.0087049
15.6	0.0083535
15.61	0.0033025
15.62	-8.5424e-05
15.63	-0.00024299
15.64	0.0039243
15.65	0.0066437
15.66	-0.0007553
15.67	-0.013604
15.68	-0.019808
15.69	-0.014659
15.7	-0.0039148
15.71	0.0083005
15.72	0.018974
15.73	0.017992
15.74	0.0092493
15.75	0.0037348
15.76	-0.0040855
15.77	-0.010269
15.78	-0.0054354
15.79	-0.00060125
15.8	-0.00099775
15.81	0.0027071
15.82	0.010046
15.83	0.010385
15.84	0.0031891
15.85	0.0013621
15.86	0.0082487
15.87	0.012778
15.88	0.0082955
15.89	0.0003755
15.9	-0.0055084
15.91	-0.010227
15.92	-0.010099
15.93	-0.0052059
15.94	-0.0024985
15.95	-0.0029112
15.96	-0.0042645
15.97	-0.0045576
15.98	-0.0057319
15.99	-0.010861
16	-0.01559
16.01	-0.012124
16.02	-0.001086
16.03	0.0049972
16.04	0.0029837
16.05	0.0058877
16.06	0.012461
16.07	0.0043796
16.08	-0.013033
16.09	-0.014013
16.1	-0.0017522
16.11	0.0014923
16.12	0.0020315
16.13	0.014077
16.14	0.028546
16.15	0.034066
16.16	0.029862
16.17	0.023456
16.18	0.018588
16.19	0.011049
16.2	-0.00056489
16.21	-0.014373
16.22	-0.02498
16.23	-0.023123
16.24	-0.010178
16.25	0.0019323
16.26	0.014876
16.27	0.02489
16.28	0.020228
16.29	0.011148
16.3	0.0015449
16.31	-0.010628
16.32	-0.013962
16.33	-0.012614
16.34	-0.012718
16.35	-0.0098768
16.36	-0.010037
16.37	-0.014632
16.38	-0.016664
16.39	-0.01384
16.4	-0.0081327
16.41	-0.0053335
16.42	-0.0036234
16.43	0.0037708
16.44	0.013597
16.45	0.018626
16.46	0.016449
16.47	0.01215
16.48	0.01008
16.49	0.0086471
16.5	0.0073987
16.51	0.0033205
16.52	-0.0048571
16.53	-0.0088847
16.54	-0.007519
16.55	-0.0064283
16.56	-0.0009193
16.57	0.0092248
16.58	0.016215
16.59	0.01692
16.6	0.0092527
16.61	-0.0019879
16.62	-0.0087713
16.63	-0.012047
16.64	-0.012269
16.65	-0.0057813
16.66	0.0011473
16.67	-0.0023236
16.68	-0.013444
16.69	-0.01891
16.7	-0.017637
16.71	-0.020541
16.72	-0.023971
16.73	-0.015068
16.74	0.0007914
16.75	0.011728
16.76	0.015214
16.77	0.01358
16.78	0.012701
16.79	0.0111
16.8	0.0057736
16.81	0.0022632
16.82	0.0036826
16.83	0.0062334
16.84	0.0052572
16.85	0.0015058
16.86	0.0019853
16.87	0.0087891
16.88	0.01535
16.89	0.016753
16.9	0.013523
16.91	0.010258
16.92	0.0078612
16.93	0.0044947
16.94	0.0041483
16.95	0.0078332
16.96	0.0079677
16.97	0.0028332
16.98	-0.0019886
16.99	-0.0029837
17	0.0021247
17.01	0.0079801
17.02	0.0059477
17.03	4.6463e-05
17.04	-0.0035463
17.05	-0.0086091
17.06	-0.015051
17.07	-0.013489
17.08	-0.0031671
17.09	0.0013974
17.1	-0.0057557
17.11	-0.011688
17.12	-0.0069517
17.13	-0.00048626
17.14	-0.00051678
17.15	0.00039592
17.16	0.001932
17.17	-0.004726
17.18	-0.015612
17.19	-0.017814
17.2	-0.0077637
17.21	0.0020066
17.22	0.0019884
17.23	-0.0029082
17.24	-0.004898
17.25	-0.0054767
17.26	-0.0070383
17.27	-0.0025479
17.28	0.0062078
17.29	0.0094854
17.3	0.01176
17.31	0.014447
17.32	0.010234
17.33	0.0064
17.34	0.0098028
17.35	0.013415
17.36	0.01497
17.37	0.01396
17.38	0.00783
17.39	0.0034724
17.4	0.0036093
17.41	0.0042448
17.42	0.0061976
17.43	0.0038554
17.44	-0.0052223
17.45	-0.011506
17.46	-0.012045
17.47	-0.0086842
17.48	-0.0034906
17.49	0.00035474
17.5	0.0010039
17.51	-0.0013495
17.52	-0.0020048
17.53	0.00099724
17.54	0.0030565
17.55	0.002724
17.56	0.0027102
17.57	1.1626e-05
17.58	-0.0077058
17.59	-0.014264
17.6	-0.011678
17.61	-0.00084581
17.62	0.0086165
17.63	0.010931
17.64	0.0077316
17.65	0.0043647
17.66	-0.00020727
17.67	-0.0088912
17.68	-0.015616
17.69	-0.015154
17.7	-0.012394
17.71	-0.013252
17.72	-0.012195
17.73	-0.006796
17.74	-0.0060818
17.75	-0.0071622
17.76	-0.0025058
17.77	-0.0026081
17.78	-0.010894
17.79	-0.01752
17.8	-0.02082
17.81	-0.01936
17.82	-0.014363
17.83	-0.011501
17.84	-0.0089082
17.85	-0.0053022
17.86	-0.00057084
17.87	0.0089173
17.88	0.018363
17.89	0.015956
17.9	0.0039606
17.91	-0.0085307
17.92	-0.020228
17.93	-0.024644
17.94	-0.016142
17.95	-0.0018667
17.96	0.01049
17.97	0.016468
17.98	0.014522
17.99	0.012986
18	0.015348
18.01	0.014538
18.02	0.0093206
18.03	0.0043682
18.04	0.0010146
18.05	-0.0028739
18.06	-0.0094996
18.07	-0.018557
18.08	-0.020455
18.09	-0.010745
18.1	-0.0011844
18.11	0.0013477
18.12	-0.0019917
18.13	-0.0081923
18.14	-0.014261
18.15	-0.014733
18.16	-0.0029533
18.17	0.0112
18.18	0.019733
18.19	0.02255
18.2	0.015259
18.21	0.0054032
18.22	0.0023366
18.23	0.0043669
18.24	0.0070055
18.25	0.010374
18.26	0.015959
18.27	0.017738
18.28	0.012955
18.29	0.0086957
18.3	0.0095286
18.31	0.013539
18.32	0.013639
18.33	0.0059978
18.34	-0.0025403
18.35	-0.0089624
18.36	-0.016785
18.37	-0.025862
18.38	-0.029819
18.39	-0.025139
18.4	-0.019511
18.41	-0.013619
18.42	-0.0029579
18.43	0.0083493
18.44	0.020671
18.45	0.033124
18.46	0.03352
18.47	0.02331
18.48	0.015912
18.49	0.0084281
18.5	-0.0018422
18.51	-0.0084979
18.52	-0.013035
18.53	-0.015265
18.54	-0.013139
18.55	-0.01384
18.56	-0.015349
18.57	-0.0087483
18.58	0.00021887
18.59	0.0022874
18.6	-0.0013448
18.61	-0.0047538
18.62	-0.0066765
18.63	-0.0038988
18.64	0.0057005
18.65	0.014418
18.66	0.018058
18.67	0.01988
18.68	0.02041
18.69	0.015912
18.7	0.0089699
18.71	0.0064858
18.72	0.0074383
18.73	0.0074708
18.74	0.0073952
18.75	0.0079191
18.76	0.004674
18.77	-0.0027316
18.78	-0.010197
18.79	-0.017043
18.8	-0.017968
18.81	-0.010694
18.82	-0.0056397
18.83	-0.0059736
18.84	-0.0063454
18.85	-0.0064538
18.86	-0.0084233
18.87	-0.011522
18.88	-0.011333
18.89	-0.0062654
18.9	-0.0027187
18.91	-0.0029898
18.92	0.0004111
18.93	0.0075993
18.94	0.0083793
18.95	0.0032859
18.96	0.0015522
18.97	0.0020517
18.98	-0.00019399
18.99	-0.0035171
19	-0.0061967
19.01	-0.0090457
19.02	-0.008581
19.03	-0.0024991
19.04	0.0026738
19.05	0.001613
19.06	-0.0019233
19.07	-0.0024106
19.08	-0.0015871
19.09	-0.0016887
19.1	0.00085457
19.11	0.0044086
19.12	0.0020815
19.13	-0.0030838
19.14	-0.0033217
19.15	-0.0018586
19.16	-0.0047007
19.17	-0.0050795
19.18	0.0025339
19.19	0.010738
19.2	0.016017
19.21	0.016946
19.22	0.012955
19.23	0.0090569
19.24	0.0027563
19.25	-0.007943
19.26	-0.012541
19.27	-0.0051357
19.28	9.6761e-05
19.29	-0.0047267
19.3	-0.0045651
19.31	0.0013434
19.32	-0.00077973
19.33	-0.0053056
19.34	-0.0026307
19.35	4.3414e-05
19.36	-0.0039604
19.37	-0.0082502
19.38	-0.0082814
19.39	-0.0066621
19.4	-0.0025976
19.41	0.0042971
19.42	0.0091373
19.43	0.0078002
19.44	0.0037066
19.45	0.0042086
19.46	0.007041
19.47	0.005513
19.48	0.0022032
19.49	0.0016057
19.5	0.0019896
19.51	-0.00060231
19.52	-0.0062436
19.53	-0.010922
19.54	-0.010731
19.55	-0.0063686
19.56	-0.0020598
19.57	-0.0014003
19.58	-0.0065398
19.59	-0.013194
19.6	-0.016773
19.61	-0.0148
19.62	-0.0063843
19.63	0.0031582
19.64	0.0081112
19.65	0.0055204
19.66	0.0010099
19.67	-0.00086767
19.68	-2.4809e-05
19.69	0.0094147
19.7	0.018668
19.71	0.012409
19.72	-0.00040483
19.73	-0.007017
19.74	-0.0076376
19.75	-0.0063107
19.76	-0.0052279
19.77	-0.0037559
19.78	-0.0060751
19.79	-0.012797
19.8	-0.013526
19.81	-0.0055571
19.82	0.0015741
19.83	0.0067233
19.84	0.012117
19.85	0.010519
19.86	0.0036943
19.87	-0.00077786
19.88	-0.0023702
19.89	0.0019053
19.9	0.0089533
19.91	0.0087124
19.92	0.0030894
19.93	-0.00015757
19.94	-0.0020154
19.95	-0.0059165
19.96	-0.0093871
19.97	-0.0067465
19.98	-0.00061554
19.99	0.00038041
20	-0.0012039
20.01	-0.001849
20.02	-0.0031903
20.03	0.00033869
20.04	0.008418
20.05	0.015059
20.06	0.01887
20.07	0.014845
20.08	0.0060925
20.09	0.0021043
20.1	-5.5207e-05
20.11	-0.0048002
20.12	-0.0099951
20.13	-0.011338
20.14	-0.0068716
20.15	-0.0021697
20.16	0.0001951
20.17	0.0003035
20.18	-0.0048137
20.19	-0.010378
20.2	-0.011122
20.21	-0.011009
20.22	-0.012207
20.23	-0.010094
20.24	-0.003802
20.25	0.0014908
20.26	0.004892
20.27	0.0088322
20.28	0.013531
20.29	0.018164
20.3	0.01844
20.31	0.012831
20.32	0.0074766
20.33	0.0038929
20.34	-0.00066071
20.35	-0.0017802
20.36	0.0048166
20.37	0.0099056
20.38	0.0055781
20.39	-0.00094717
20.4	-0.0053965
20.41	-0.0079463
20.42	-0.0048656
20.43	-0.00093265
20.44	-0.0028822
20.45	-0.0071796
20.46	-0.0076333
20.47	-0.002705
20.48	0.0035416
20.49	0.0083952
20.5	0.012035
20.51	0.014398
20.52	0.016644
20.53	0.015354
20.54	0.0082123
20.55	0.0018837
20.56	-0.0022199
20.57	-0.0051924
20.58	-0.003447
20.59	0.00031355
20.6	0.00084599
20.61	-0.0016678
20.62	-0.0044625
20.63	-0.0067475
20.64	-0.0097805
20.65	-0.013536
20.66	-0.015262
20.67	-0.012191
20.68	-0.0077759
20.69	-0.0065934
20.7	-0.0045843
20.71	0.0019526
20.72	0.0085903
20.73	0.014172
20.74	0.018218
20.75	0.017413
20.76	0.015898
20.77	0.016042
20.78	0.012023
20.79	0.0034286
20.8	-0.0044263
20.81	-0.01019
20.82	-0.013349
20.83	-0.011036
20.84	-0.0032476
20.85	0.0028087
20.86	0.0015041
20.87	-0.0019839
20.88	-0.0031931
20.89	-0.0035557
20.9	-0.0037935
20.91	-0.0051271
20.92	-0.0072937
20.93	-0.0089998
20.94	-0.011658
20.95	-0.013469
20.96	-0.0093225
20.97	-0.0012261
20.98	0.0020221
20.99	-0.0018027
21	-0.0061057
21.01	-0.0075689
21.02	-0.0026087
21.03	0.010655
21.04	0.018892
21.05	0.015331
21.06	0.0092161
21.07	0.0053589
21.08	0.0048934
21.09	0.0078236
21.1	0.011151
21.11	0.013411
21.12	0.011065
21.13	0.002593
21.14	-0.0054232
21.15	-0.0099565
21.16	-0.011426
21.17	-0.0074567
21.18	0.00016497
21.19	0.0035646
21.2	-0.0027215
21.21	-0.00894
21.22	-0.0045081
21.23	0.00060501
21.24	-0.0021583
21.25	-0.0060742
21.26	-0.0065293
21.27	-0.0053719
21.28	-0.0039141
21.29	-0.00021866
21.3	0.0067197
21.31	0.010591
21.32	0.0068848
21.33	0.0025018
21.34	0.0030039
21.35	0.0026551
21.36	-0.00097544
21.37	-0.0015862
21.38	-0.00016088
21.39	-0.0018227
21.4	-0.0038631
21.41	-0.0011984
21.42	0.0041183
21.43	0.0056871
21.44	0.0032263
21.45	0.00045604
21.46	-0.0021387
21.47	-0.00415
21.48	-0.002723
21.49	0.0019015
21.5	0.0060029
21.51	0.0057499
21.52	-3.6378e-05
21.53	-0.0047594
21.54	-0.0018798
21.55	0.0034614
21.56	0.0041319
21.57	0.0025226
21.58	0.0027151
21.59	0.0033205
21.6	0.0018023
21.61	-0.0019495
21.62	-0.0066789
21.63	-0.0098657
21.64	-0.0066331
21.65	0.0010414
21.66	0.0022158
21.67	-0.003276
21.68	-0.005577
21.69	-0.0039984
21.7	-0.0016205
21.71	0.0027884
21.72	0.0073951
21.73	0.008798
21.74	0.0076003
21.75	0.005768
21.76	0.0045672
21.77	0.0049853
21.78	0.0052312
21.79	0.0031798
21.8	0.0014208
21.81	0.00049285
21.82	-0.0025091
21.83	-0.0054862
21.84	-0.0042772
21.85	-0.00019925
21.86	0.0023243
21.87	0.00053869
21.88	-0.004021
21.89	-0.00736
21.9	-0.006652
21.91	-0.0019993
21.92	0.0028343
21.93	0.0070949
21.94	0.0092763
21.95	0.0048044
21.96	-0.0018094
21.97	-0.0034705
21.98	-0.0027498
21.99	-0.0048469
22	-0.0077969
22.01	-0.0065535
22.02	-0.0018512
22.03	0.00088627
22.04	0.00099079
22.05	0.0034024
22.06	0.0074788
22.07	0.0079603
22.08	0.0047915
22.09	0.00082429
22.1	-0.0024297
22.11	-0.0033211
22.12	-0.0016217
22.13	0.00058168
22.14	0.0026528
22.15	0.005029
22.16	0.006466
22.17	0.0046297
22.18	0.00020354
22.19	-0.0034767
22.2	-0.0057081
22.21	-0.0050657
22.22	-0.00056761
22.23	0.0027385
22.24	-0.00011998
22.25	-0.0062268
22.26	-0.0090983
22.27	-0.0092115
22.28	-0.011436
22.29	-0.013474
22.3	-0.0089967
22.31	-0.00096137
22.32	0.0042003
22.33	0.0068521
22.34	0.0080378
22.35	0.0059665
22.36	0.0017751
22.37	-0.00051952
22.38	-0.0010912
22.39	-0.0030876
22.4	-0.006128
22.41	-0.0081526
22.42	-0.0084253
22.43	-0.0045264
22.44	0.0025257
22.45	0.0067628
22.46	0.0079405
22.47	0.0088746
22.48	0.0073356
22.49	0.0010743
22.5	-0.0042562
22.51	-0.0017417
22.52	0.0042145
22.53	0.0071068
22.54	0.0073758
22.55	0.0036958
22.56	-0.002196
22.57	-0.0053458
22.58	-0.0073838
22.59	-0.0076885
22.6	-0.004395
22.61	-0.0019117
22.62	-0.0014214
22.63	-0.0021247
22.64	-0.0042778
22.65	-0.0029719
22.66	0.0013816
22.67	0.0026484
22.68	0.0014161
22.69	0.00046386
22.7	0.0019378
22.71	0.0035015
22.72	0.00082421
22.73	-0.00084287
22.74	0.0016301
22.75	0.0033256
22.76	0.0036376
22.77	0.0054377
22.78	0.0075105
22.79	0.0047844
22.8	-0.001933
22.81	-0.005009
22.82	-0.003147
22.83	-0.0016786
22.84	-0.0028658
22.85	-0.0052292
22.86	-0.0065967
22.87	-0.006347
22.88	-0.0049571
22.89	-0.0010208
22.9	0.0057082
22.91	0.012876
22.92	0.014334
22.93	0.0065955
22.94	-0.0012615
22.95	-0.0046147
22.96	-0.0056933
22.97	-0.00029317
22.98	0.0085662
22.99	0.0090995
23	0.0011133
23.01	-0.0039162
23.02	-0.0021602
23.03	0.0006272
23.04	0.0026784
23.05	0.0049158
23.06	0.0039123
23.07	-0.0020251
23.08	-0.0083874
23.09	-0.0091176
23.1	-0.00306
23.11	0.0029406
23.12	0.0041338
23.13	0.003516
23.14	0.0027562
23.15	9.7768e-05
23.16	-0.0029407
23.17	-0.0014083
23.18	0.0039864
23.19	0.0088049
23.2	0.010523
23.21	0.0065114
23.22	-0.0009545
23.23	-0.0061871
23.24	-0.0060714
23.25	-0.0021681
23.26	0.00070389
23.27	0.0010791
23.28	-0.00084696
23.29	-0.0021659
23.3	0.0012299
23.31	0.0058972
23.32	0.0075612
23.33	0.0059241
23.34	0.0012798
23.35	-0.0039367
23.36	-0.008254
23.37	-0.010784
23.38	-0.0085839
23.39	-0.0032362
23.4	0.00017275
23.41	0.0011778
23.42	0.0010564
23.43	-0.00096792
23.44	-0.0028408
23.45	-0.0010668
23.46	0.0023855
23.47	0.0037432
23.48	0.0040665
23.49	0.0050522
23.5	0.004812
23.51	0.0032959
23.52	0.0036933
23.53	0.0034214
23.54	-0.0014385
23.55	-0.0058068
23.56	-0.0063521
23.57	-0.004984
23.58	-0.0018536
23.59	0.00064721
23.6	0.00063487
23.61	-0.00032086
23.62	-0.002655
23.63	-0.0066777
23.64	-0.010213
23.65	-0.011477
23.66	-0.010279
23.67	-0.0075362
23.68	-0.0043352
23.69	-0.0014371
23.7	0.00088611
23.71	0.0023675
23.72	0.00288
23.73	0.0049831
23.74	0.0096977
23.75	0.010996
23.76	0.0047331
23.77	-0.0024991
23.78	-0.0042679
23.79	-0.0053662
23.8	-0.0092142
23.81	-0.011447
23.82	-0.0081513
23.83	-0.0022777
23.84	-0.00013213
23.85	0.00063549
23.86	0.0038414
23.87	0.0063182
23.88	0.0043597
23.89	-0.0014451
23.9	-0.0073069
23.91	-0.0093362
23.92	-0.0060454
23.93	-0.00074052
23.94	0.0044396
23.95	0.0094861
23.96	0.010848
23.97	0.0073297
23.98	0.0053911
23.99	0.0081848
24	0.0095944
24.01	0.0072371
24.02	0.0042997
24.03	0.00070954
24.04	-0.0032438
24.05	-0.0044245
24.06	-0.0029791
24.07	-0.0027908
24.08	-0.0050576
24.09	-0.0070598
24.1	-0.00798
24.11	-0.0093932
24.12	-0.010756
24.13	-0.010634
24.14	-0.0085592
24.15	-0.0048463
24.16	-0.0012901
24.17	0.0010716
24.18	0.0039928
24.19	0.0095752
24.2	0.014719
24.21	0.013814
24.22	0.0081569
24.23	0.0030054
24.24	0.00029222
24.25	-0.0016845
24.26	-0.0044935
24.27	-0.0056164
24.28	-0.003686
24.29	-0.0023543
24.3	-0.0021551
24.31	-0.00040041
24.32	0.00084472
24.33	-0.00050812
24.34	-0.002034
24.35	-0.0030614
24.36	-0.0045763
24.37	-0.0060292
24.38	-0.0059682
24.39	-0.0035972
24.4	-0.0022256
24.41	-0.0028879
24.42	0.00032658
24.43	0.0072893
24.44	0.012086
24.45	0.013749
24.46	0.010717
24.47	0.0028794
24.48	-0.0036895
24.49	-0.0068566
24.5	-0.0082959
24.51	-0.0077557
24.52	-0.0053886
24.53	-0.0022775
24.54	0.00082617
24.55	0.003888
24.56	0.0056211
24.57	0.0049483
24.58	0.0051799
24.59	0.0077755
24.6	0.0071338
24.61	0.00069474
24.62	-0.0049353
24.63	-0.0052162
24.64	-0.0030364
24.65	-0.0014125
24.66	-0.00028963
24.67	0.0015801
24.68	0.0035316
24.69	0.004113
24.7	0.0045184
24.71	0.0058605
24.72	0.0061817
24.73	0.0043876
24.74	0.0031879
24.75	0.0045664
24.76	0.0049714
24.77	0.00082122
24.78	-0.0045747
24.79	-0.0075221
24.8	-0.0067878
24.81	-0.0029154
24.82	-0.00015034
24.83	0.00076877
24.84	0.0020029
24.85	0.0029669
24.86	0.0035069
24.87	0.0038981
24.88	0.003312
24.89	0.0014146
24.9	-0.0010882
24.91	-0.00294
24.92	-0.0028546
24.93	-0.0018898
24.94	-0.0023345
24.95	-0.00052563
24.96	0.0061436
24.97	0.012462
24.98	0.016395
24.99	0.017155
25	0.011546
25.01	0.0029341
25.02	-0.003203
25.03	-0.008093
25.04	-0.014202
25.05	-0.019028
25.06	-0.018263
25.07	-0.012971
25.08	-0.0072605
25.09	-0.0024569
25.1	0.00029596
25.11	0.00050125
25.12	-0.00096165
25.13	-0.0032274
25.14	-0.0047786
25.15	-0.003579
25.16	-0.00014188
25.17	0.0021185
25.18	0.003373
25.19	0.0057415
25.2	0.0067217
25.21	0.0040563
25.22	0.0013387
25.23	0.00062001
25.24	-0.0011151
25.25	-0.0025318
25.26	-0.00020445
25.27	0.0029578
25.28	0.0044527
25.29	0.0041088
25.3	0.0011484
25.31	-0.0020016
25.32	-0.0033268
25.33	-0.0028919
25.34	-0.00037433
25.35	0.0017911
25.36	0.0022556
25.37	0.0029418
25.38	0.003654
25.39	0.0032484
25.4	0.0014975
25.41	0.00020296
25.42	0.001412
25.43	0.002644
25.44	0.0019038
25.45	0.0012444
25.46	0.00070069
25.47	-0.0016552
25.48	-0.0031946
25.49	0.00024478
25.5	0.0065009
25.51	0.01029
25.52	0.010006
25.53	0.0073929
25.54	0.0043718
25.55	0.0011837
25.56	-0.001788
25.57	-0.0037339
25.58	-0.0046524
25.59	-0.0042188
25.6	-0.0029938
25.61	-0.0020168
25.62	-0.0020001
25.63	-0.0020344
25.64	8.6943e-05
25.65	0.001188
25.66	-0.0012468
25.67	-0.0031731
25.68	-0.0040313
25.69	-0.0056671
25.7	-0.0070554
25.71	-0.0081448
25.72	-0.0096952
25.73	-0.010898
25.74	-0.0090327
25.75	-0.0030425
25.76	0.0035644
25.77	0.006064
25.78	0.0031803
25.79	-0.00086341
25.8	-0.0011383
25.81	0.0014903
25.82	0.0028134
25.83	0.0030744
25.84	0.0044118
25.85	0.0046707
25.86	0.0023481
25.87	0.00012342
25.88	-0.00035867
25.89	-0.0012749
25.9	-0.0043317
25.91	-0.0063855
25.92	-0.0051479
25.93	-0.0039356
25.94	-0.003933
25.95	-0.0043901
25.96	-0.0050793
25.97	-0.0038339
25.98	-0.0016737
25.99	-0.00058866
26	0.00059272
26.01	0.0020349
26.02	0.0024545
26.03	0.00084271
26.04	-0.00073047
26.05	6.6279e-05
26.06	0.0010665
26.07	0.0013811
26.08	0.00075959
26.09	-0.0028312
26.1	-0.0078153
26.11	-0.0096513
26.12	-0.0064971
26.13	-0.0020486
26.14	0.00047937
26.15	0.00073203
26.16	-0.0020696
26.17	-0.0056916
26.18	-0.0057123
26.19	-0.001871
26.2	0.0017727
26.21	0.0033428
26.22	0.0041835
26.23	0.0045718
26.24	0.0046895
26.25	0.0051582
26.26	0.0052107
26.27	0.0022573
26.28	-0.0034492
26.29	-0.0085631
26.3	-0.01014
26.31	-0.0058035
26.32	0.00058123
26.33	0.0044683
26.34	0.0052747
26.35	0.0016839
26.36	-0.0027267
26.37	-0.0025782
26.38	0.0020253
26.39	0.0067501
26.4	0.0065403
26.41	0.0033575
26.42	0.0016026
26.43	-0.00051942
26.44	-0.0038225
26.45	-0.0027039
26.46	0.0041881
26.47	0.0086932
26.48	0.0093369
26.49	0.011051
26.5	0.01274
26.51	0.010912
26.52	0.0050016
26.53	-0.00076513
26.54	-0.0029634
26.55	-0.0041581
26.56	-0.0060893
26.57	-0.0068647
26.58	-0.0060235
26.59	-0.0034182
26.6	0.00069971
26.61	0.0031788
26.62	0.0043801
26.63	0.0068216
26.64	0.0071355
26.65	0.0043102
26.66	0.0020263
26.67	4.9383e-05
26.68	-0.0021927
26.69	-0.0024035
26.7	-0.0016218
26.71	-0.0036802
26.72	-0.0068297
26.73	-0.0052456
26.74	0.00028661
26.75	0.003049
26.76	0.0020427
26.77	0.0012425
26.78	0.00093406
26.79	-0.00086365
26.8	-0.0027307
26.81	-0.0011825
26.82	0.0016225
26.83	0.0009668
26.84	0.00024891
26.85	0.0026426
26.86	0.0047687
26.87	0.0063862
26.88	0.009043
26.89	0.011271
26.9	0.010284
26.91	0.0058866
26.92	0.00144
26.93	-0.0017826
26.94	-0.0041594
26.95	-0.0050057
26.96	-0.0037026
26.97	-0.001691
26.98	-0.0023998
26.99	-0.0038283
27	0.00019164
27.01	0.0065429
27.02	0.008352
27.03	0.0086082
27.04	0.0094408
27.05	0.0064039
27.06	0.0006779
27.07	-0.0015724
27.08	-1.5793e-05
27.09	0.00067208
27.1	-6.201e-05
27.11	0.0001043
27.12	0.00070135
27.13	-0.0002602
27.14	-0.0019237
27.15	-0.00040136
27.16	0.0028098
27.17	0.0015647
27.18	-0.0032731
27.19	-0.0058654
27.2	-0.0051736
27.21	-0.0039418
27.22	-0.0029668
27.23	-0.0010198
27.24	0.0024619
27.25	0.0033203
27.26	-0.0016662
27.27	-0.0060274
27.28	-0.0065804
27.29	-0.0075234
27.3	-0.0073027
27.31	-0.0023394
27.32	0.0036062
27.33	0.0052701
27.34	0.0038188
27.35	0.0029188
27.36	0.0030042
27.37	0.003329
27.38	0.0044294
27.39	0.004314
27.4	0.0011629
27.41	-0.0021988
27.42	-0.0037963
27.43	-0.0031714
27.44	-0.0011915
27.45	-0.00070503
27.46	-0.00053383
27.47	0.00095674
27.48	0.00057611
27.49	-0.0014488
27.5	-0.0018649
27.51	-0.0020331
27.52	-0.0031794
27.53	-0.0038055
27.54	-0.0017902
27.55	0.0021313
27.56	0.0027288
27.57	0.00057314
27.58	0.00064977
27.59	0.0017473
27.6	0.0010658
27.61	0.00086584
27.62	0.0035708
27.63	0.0062916
27.64	0.0055386
27.65	0.0019557
27.66	-0.0018015
27.67	-0.0046796
27.68	-0.007435
27.69	-0.0099004
27.7	-0.0091545
27.71	-0.0052368
27.72	-0.0038657
27.73	-0.0055733
27.74	-0.0056926
27.75	-0.0039087
27.76	-0.0029078
27.77	-0.0040312
27.78	-0.0055277
27.79	-0.0045408
27.8	-0.0021457
27.81	-0.00085572
27.82	-0.00020359
27.83	1.627e-05
27.84	-0.0011451
27.85	-0.0026609
27.86	-0.0025861
27.87	-0.0023674
27.88	-0.0044455
27.89	-0.0064428
27.9	-0.0061507
27.91	-0.0059278
27.92	-0.0066827
27.93	-0.0051226
27.94	0.00084936
27.95	0.0072718
27.96	0.0095489
27.97	0.0088859
27.98	0.0060332
27.99	0.00039227
28	-0.0027095
28.01	-0.00032371
28.02	0.0023232
28.03	0.0036004
28.04	0.0041216
28.05	0.00239
28.06	0.00063532
28.07	-0.0011675
28.08	-0.0049612
28.09	-0.006225
28.1	-0.0032692
28.11	-0.001031
28.12	-0.0016959
28.13	-0.0040029
28.14	-0.0062671
28.15	-0.0086345
28.16	-0.0097494
28.17	-0.006545
28.18	-0.001485
28.19	0.0016331
28.2	0.0029705
28.21	0.0033889
28.22	0.0024474
28.23	0.00036176
28.24	-0.00041119
28.25	0.0021331
28.26	0.0059928
28.27	0.0086718
28.28	0.0094499
28.29	0.0075946
28.3	0.0053322
28.31	0.0043006
28.32	0.0030824
28.33	0.0022865
28.34	0.0028999
28.35	0.0022099
28.36	-0.0014085
28.37	-0.0053119
28.38	-0.0082014
28.39	-0.0085292
28.4	-0.0051547
28.41	-0.0016657
28.42	0.00010437
28.43	0.0012403
28.44	0.0025059
28.45	0.0045934
28.46	0.0067538
28.47	0.0075671
28.48	0.0052579
28.49	0.0016982
28.5	0.0012716
28.51	0.002581
28.52	0.0030679
28.53	0.0033859
28.54	0.0027797
28.55	-0.00056359
28.56	-0.0045649
28.57	-0.0062351
28.58	-0.0064593
28.59	-0.0049985
28.6	-0.00098085
28.61	0.0012654
28.62	-0.00031107
28.63	-0.0019585
28.64	-0.0024178
28.65	-0.0023473
28.66	-0.0015083
28.67	0.00029147
28.68	0.0033944
28.69	0.0066731
28.7	0.0075468
28.71	0.005859
28.72	0.004342
28.73	0.0041097
28.74	0.0036553
28.75	0.0019383
28.76	-0.00029273
28.77	-0.0022211
28.78	-0.003896
28.79	-0.0050799
28.8	-0.0047466
28.81	-0.0027672
28.82	-0.000702
28.83	-0.0001166
28.84	-0.0012845
28.85	-0.0026257
28.86	-0.0031443
28.87	-0.0025052
28.88	-0.00053807
28.89	0.00071298
28.9	0.0004112
28.91	0.00037761
28.92	0.0015308
28.93	0.0027204
28.94	0.0026217
28.95	0.0014604
28.96	0.00012226
28.97	0.00027387
28.98	0.0025996
28.99	0.0042538
29	0.0033711
29.01	0.0014864
29.02	0.00020438
29.03	-0.00099564
29.04	-0.0024276
29.05	-0.0019932
29.06	0.00027795
29.07	0.0006581
29.08	-0.0014066
29.09	-0.0013002
29.1	0.0012265
29.11	0.00081114
29.12	-0.0016993
29.13	-0.0020496
29.14	-0.0016604
29.15	-0.0025315
29.16	-0.003284
29.17	-0.0015254
29.18	0.002117
29.19	0.0046632
29.2	0.0050953
29.21	0.0036223
29.22	0.0017775
29.23	0.0020383
29.24	0.0045042
29.25	0.0054553
29.26	0.0035533
29.27	0.0018054
29.28	0.0004292
29.29	-0.0012868
29.3	-0.0021032
29.31	-0.0020711
29.32	-0.0017724
29.33	-0.00030375
29.34	0.0008197
29.35	-0.00043282
29.36	-0.00059596
29.37	0.0015625
29.38	0.0031674
29.39	0.0040421
29.4	0.003573
29.41	0.0015583
29.42	-0.00030054
29.43	-0.0016184
29.44	-0.0011454
29.45	0.0010082
29.46	0.0022497
29.47	0.0017006
29.48	0.00034022
29.49	-0.00068069
29.5	-0.0018874
29.51	-0.0026096
29.52	-0.00075385
29.53	0.0019552
29.54	0.0020855
29.55	6.7804e-05
29.56	-0.0016672
29.57	-0.0020362
29.58	-0.0008613
29.59	0.0010979
29.6	0.0039419
29.61	0.0056429
29.62	0.002797
29.63	-0.0016619
29.64	-0.0048913
29.65	-0.0066315
29.66	-0.0045159
29.67	0.00090561
29.68	0.0055247
29.69	0.0060426
29.7	0.0040694
29.71	0.0029861
29.72	0.0018791
29.73	-5.3733e-05
29.74	-0.0017535
29.75	-0.0021669
29.76	-0.0010139
29.77	-0.00063715
29.78	-0.0021885
29.79	-0.0029175
29.8	-0.0011403
29.81	0.0011995
29.82	0.0026229
29.83	0.0041079
29.84	0.0055362
29.85	0.00445
29.86	0.00091289
29.87	-0.0021173
29.88	-0.0033325
29.89	-0.0026572
29.9	-0.0010372
29.91	9.0224e-05
29.92	0.00025695
29.93	-0.0010983
29.94	-0.0035412
29.95	-0.0040282
29.96	-0.00050138
29.97	0.0044024
29.98	0.0064674
29.99	0.0040049
30	-0.00024848
30.01	-0.0027146
30.02	-0.0035644
30.03	-0.0038772
30.04	-0.003903
30.05	-0.0033814
30.06	-0.002245
30.07	-0.0014151
30.08	-0.00099439
30.09	-0.00042633
30.1	0.00037029
30.11	0.00071984
30.12	-0.00019167
30.13	-0.0014889
30.14	-0.0023524
30.15	-0.0024058
30.16	-0.00062907
30.17	0.0019785
30.18	0.0039398
30.19	0.0045333
30.2	0.0030005
30.21	0.0021972
30.22	0.0042525
30.23	0.0055161
30.24	0.0050067
30.25	0.0051049
30.26	0.0052188
30.27	0.0041789
30.28	0.0017753
30.29	-0.0010918
30.3	-0.002556
30.31	-0.0030876
30.32	-0.0032159
30.33	-0.002631
30.34	-0.0034162
30.35	-0.0053524
30.36	-0.0053737
30.37	-0.0037958
30.38	-0.0031925
30.39	-0.0034941
30.4	-0.0026022
30.41	4.104e-05
30.42	0.0034302
30.43	0.0062892
30.44	0.0076904
30.45	0.0069219
30.46	0.0041194
30.47	0.00087769
30.48	-0.0020229
30.49	-0.00462
30.5	-0.0053063
30.51	-0.002978
30.52	-0.0007174
30.53	-0.00053282
30.54	3.607e-05
30.55	0.0023349
30.56	0.0051591
30.57	0.0063911
30.58	0.0063776
30.59	0.00627
30.6	0.0037029
30.61	-0.00077384
30.62	-0.0041589
30.63	-0.0056045
30.64	-0.0041161
30.65	-0.0010751
30.66	0.0010314
30.67	0.0019563
30.68	0.0011764
30.69	-0.00044166
30.7	-0.00071822
30.71	-0.00021407
30.72	-0.00064432
30.73	-0.0017793
30.74	-0.0014522
30.75	-0.00083867
30.76	-0.0027849
30.77	-0.005149
30.78	-0.0063263
30.79	-0.0066804
30.8	-0.0047332
30.81	-0.0002063
30.82	0.0034131
30.83	0.0035596
30.84	0.0023648
30.85	0.0010235
30.86	-0.00089602
30.87	-0.0020364
30.88	-0.0013095
30.89	0.00053025
30.9	0.0017061
30.91	0.00070902
30.92	-0.001736
30.93	-0.0036389
30.94	-0.0043828
30.95	-0.0030129
30.96	0.00012324
30.97	0.0025346
30.98	0.003221
30.99	0.0029631
31	0.0026422
31.01	0.0029963
31.02	0.0040284
31.03	0.0039594
31.04	0.0027455
31.05	0.0013541
31.06	-0.00079633
31.07	-0.0032503
31.08	-0.0042253
31.09	-0.0034894
31.1	-0.0034495
31.11	-0.0043454
31.12	-0.0027446
31.13	0.0010289
31.14	0.0025436
31.15	0.0016021
31.16	0.00080534
31.17	-6.9327e-05
31.18	-0.0023296
31.19	-0.0036759
31.2	-0.0012699
31.21	0.0004131
31.22	-0.001946
31.23	-0.0027875
31.24	-3.2344e-06
31.25	0.0018289
31.26	0.0014701
31.27	0.0010563
31.28	0.0010786
31.29	0.00083623
31.3	0.00050709
31.31	6.1181e-05
31.32	-0.0013517
31.33	-0.0020581
31.34	-0.00050763
31.35	0.00030287
31.36	-0.00065936
31.37	-0.00093702
31.38	-9.9461e-05
31.39	-0.00014451
31.4	-0.0025825
31.41	-0.0050079
31.42	-0.0049779
31.43	-0.0043267
31.44	-0.0042861
31.45	-0.0034692
31.46	-0.0021365
31.47	-0.0017232
31.48	-0.0017946
31.49	-0.0015366
31.5	-0.0013121
31.51	-0.0014871
31.52	-0.0017603
31.53	-0.0011882
31.54	0.00041017
31.55	0.0020119
31.56	0.0031145
31.57	0.0029934
31.58	0.001145
31.59	-0.0012353
31.6	-0.0031503
31.61	-0.0042936
31.62	-0.0031647
31.63	4.2487e-05
31.64	0.0018014
31.65	0.00094838
31.66	-0.00063375
31.67	-0.0022026
31.68	-0.0041181
31.69	-0.0062574
31.7	-0.0065975
31.71	-0.0039342
31.72	-0.0012916
31.73	-2.1219e-05
31.74	0.00061149
31.75	-0.00090392
31.76	-0.0039134
31.77	-0.0041666
31.78	-0.00059765
31.79	0.0024541
31.8	0.0023197
31.81	0.00048032
31.82	-0.00012926
31.83	0.00031459
31.84	-0.0013249
31.85	-0.0031971
31.86	-0.0021953
31.87	-0.0012145
31.88	-0.0022334
31.89	-0.0014976
31.9	0.001719
31.91	0.0032786
31.92	0.0029671
31.93	0.0034419
31.94	0.0043262
31.95	0.0042261
31.96	0.0036978
31.97	0.0025194
31.98	1.0263e-05
31.99	-0.0022963
32	-0.0039805
32.01	-0.0051052
32.02	-0.0044856
32.03	-0.0029899
32.04	-0.0018731
32.05	-0.00068925
32.06	0.00082289
32.07	0.0021346
32.08	0.0022914
32.09	0.0012671
32.1	5.6223e-05
32.11	-0.0010741
32.12	-0.0019821
32.13	-0.0026899
32.14	-0.0026225
32.15	-0.00065957
32.16	0.001836
32.17	0.0030474
32.18	0.0034402
32.19	0.0042263
32.2	0.0065332
32.21	0.0079694
32.22	0.0050779
32.23	0.001779
32.24	0.0012329
32.25	0.0002184
32.26	-0.0017954
32.27	-0.0019064
32.28	-0.00015184
32.29	0.0012556
32.3	0.0022912
32.31	0.0033496
32.32	0.0037645
32.33	0.0034901
32.34	0.0030175
32.35	0.0022111
32.36	0.0010065
32.37	0.0011101
32.38	0.0027806
32.39	0.0037318
32.4	0.0038226
32.41	0.0029777
32.42	-0.00031169
32.43	-0.0038366
32.44	-0.0030174
32.45	-0.00027458
32.46	-0.00059778
32.47	-0.0010476
32.48	0.00060421
32.49	0.0020246
32.5	0.0027822
32.51	0.0035827
32.52	0.0041767
32.53	0.0041688
32.54	0.003383
32.55	0.0010628
32.56	-0.0022044
32.57	-0.0042499
32.58	-0.0038647
32.59	-0.0012126
32.6	0.0018507
32.61	0.0029027
32.62	0.0017246
32.63	0.00039424
32.64	0.0009444
32.65	0.0025684
32.66	0.0033903
32.67	0.0038009
32.68	0.0039345
32.69	0.0027892
32.7	-0.00025331
32.71	-0.0028229
32.72	-0.0015059
32.73	0.00090828
32.74	0.0015107
32.75	0.0017562
32.76	0.00057296
32.77	-0.002053
32.78	-0.0021572
32.79	-0.00021933
32.8	2.6658e-05
32.81	-0.00077774
32.82	-0.0012202
32.83	-0.0024765
32.84	-0.0040096
32.85	-0.0038154
32.86	-0.0029456
32.87	-0.0031857
32.88	-0.0025566
32.89	-0.00010857
32.9	0.0018766
32.91	0.0028432
32.92	0.0042434
32.93	0.0061755
32.94	0.0057087
32.95	0.0018442
32.96	-0.0012355
32.97	-0.00096389
32.98	0.00022468
32.99	0.00048628
33	0.00022753
33.01	-0.0012967
33.02	-0.0043582
33.03	-0.0074648
33.04	-0.0096292
33.05	-0.010365
33.06	-0.0097215
33.07	-0.0086151
33.08	-0.0076606
33.09	-0.006621
33.1	-0.0046586
33.11	-0.0019752
33.12	0.00077872
33.13	0.0043403
33.14	0.0076141
33.15	0.0080558
33.16	0.0064935
33.17	0.0055399
33.18	0.0051758
33.19	0.0034876
33.2	0.00055604
33.21	-0.0009722
33.22	-0.00058192
33.23	-0.0016825
33.24	-0.0046842
33.25	-0.0046928
33.26	-0.0016136
33.27	6.1751e-05
33.28	0.00074961
33.29	0.0023546
33.3	0.002553
33.31	-2.6382e-05
33.32	-0.0023827
33.33	-0.0019211
33.34	-9.4221e-05
33.35	0.00088048
33.36	0.0017092
33.37	0.0028263
33.38	0.0032236
33.39	0.0025511
33.4	0.002638
33.41	0.0050936
33.42	0.0069813
33.43	0.0059955
33.44	0.0037047
33.45	0.0015621
33.46	-0.00090265
33.47	-0.0031991
33.48	-0.0028209
33.49	-0.00058788
33.5	0.001165
33.51	0.0021912
33.52	0.0020251
33.53	0.0014674
33.54	0.0018069
33.55	0.0026045
33.56	0.0031511
33.57	0.0034905
33.58	0.0037677
33.59	0.0035818
33.6	0.0024903
33.61	0.00028997
33.62	-0.0018612
33.63	-0.0019581
33.64	-0.00021985
33.65	0.00030022
33.66	-0.0015415
33.67	-0.0023702
33.68	-0.0013205
33.69	-0.0020448
33.7	-0.0035408
33.71	-0.0014303
33.72	0.0018396
33.73	0.0019926
33.74	0.0023736
33.75	0.0047569
33.76	0.0035335
33.77	-0.00056678
33.78	-0.00071245
33.79	0.0013143
33.8	-4.7665e-05
33.81	-0.0032488
33.82	-0.00436
33.83	-0.0037801
33.84	-0.0036458
33.85	-0.003145
33.86	-0.0010915
33.87	0.00099384
33.88	0.0014782
33.89	0.0007226
33.9	-0.00017576
33.91	-0.0010641
33.92	-0.0019699
33.93	-0.002824
33.94	-0.0028603
33.95	-0.0013078
33.96	0.00033608
33.97	0.0013578
33.98	0.0024359
33.99	0.0031591
34	0.002905
34.01	0.001634
34.02	-6.6476e-06
34.03	-0.00096865
34.04	-0.00092309
34.05	-0.00090128
34.06	-0.00112
34.07	-0.00035413
34.08	0.00047159
34.09	-0.00065536
34.1	-0.0018737
34.11	-0.00080094
34.12	0.00061664
34.13	5.1248e-05
34.14	-0.0017244
34.15	-0.003084
34.16	-0.0034889
34.17	-0.0031407
34.18	-0.0021653
34.19	-0.00035948
34.2	0.0018309
34.21	0.0033161
34.22	0.0035725
34.23	0.0028977
34.24	0.0019807
34.25	0.0012869
34.26	0.00050036
34.27	-4.8088e-05
34.28	0.0012378
34.29	0.0032481
34.3	0.0022645
34.31	-0.00066835
34.32	-0.0014788
34.33	-0.0011418
34.34	-0.00175
34.35	-0.0018507
34.36	-0.00098729
34.37	-0.0010803
34.38	-0.0024556
34.39	-0.0027424
34.4	-0.0013883
34.41	-0.0012926
34.42	-0.0027193
34.43	-0.0025449
34.44	-0.000773
34.45	0.00050046
34.46	0.00096947
34.47	0.00085293
34.48	0.00084462
34.49	0.00086781
34.5	-0.00027421
34.51	-0.00083841
34.52	0.00060244
34.53	0.0014035
34.54	0.0012177
34.55	0.0021147
34.56	0.0023432
34.57	0.00020553
34.58	-0.0015399
34.59	-0.00060392
34.6	0.0010876
34.61	0.001268
34.62	0.0012284
34.63	0.0013758
34.64	0.00017057
34.65	-0.0010622
34.66	-0.00081081
34.67	-7.9648e-05
34.68	0.00034666
34.69	0.00040697
34.7	0.00027852
34.71	-0.00036493
34.72	-0.0021803
34.73	-0.0029415
34.74	-0.0011201
34.75	-0.00044411
34.76	-0.0023536
34.77	-0.0033889
34.78	-0.0027218
34.79	-0.0021464
34.8	-0.0018226
34.81	-0.0011594
34.82	-0.00077722
34.83	-0.0010728
34.84	-0.0013362
34.85	-0.0014346
34.86	-0.0019199
34.87	-0.0025789
34.88	-0.0018749
34.89	0.00013753
34.9	0.0014736
34.91	0.0017734
34.92	0.0014022
34.93	0.001244
34.94	0.0019607
34.95	0.0015951
34.96	-0.00035841
34.97	-0.0020113
34.98	-0.0018474
34.99	-0.00038391
35	0.00016867
35.01	-1.1969e-05
35.02	4.2671e-06
35.03	6.4464e-06
35.04	1.5366e-05
35.05	2.5128e-05
35.06	2.4764e-05
35.07	2.4514e-05
35.08	3.1207e-05
35.09	3.1989e-05
35.1	2.4758e-05
35.11	2.3689e-05
35.12	2.8479e-05
35.13	3.0039e-05
35.14	3.0659e-05
35.15	3.4539e-05
35.16	3.9219e-05
35.17	4.547e-05
35.18	5.5895e-05
35.19	6.5169e-05
35.2	7.1881e-05
35.21	7.7183e-05
35.22	7.7601e-05
35.23	7.5629e-05
35.24	7.4944e-05
35.25	7.4098e-05
35.26	7.2405e-05
35.27	7.1443e-05
35.28	7.3413e-05
35.29	7.8308e-05
35.3	8.3709e-05
35.31	8.8443e-05
35.32	9.2253e-05
35.33	9.5976e-05
35.34	9.7589e-05
35.35	9.4391e-05
35.36	9.0418e-05
35.37	8.9496e-05
35.38	9.0555e-05
35.39	9.074e-05
35.4	8.7329e-05
35.41	8.6312e-05
35.42	9.5076e-05
35.43	0.00010388
35.44	0.00010626
35.45	0.00011004
35.46	0.00011549
35.47	0.00011645
35.48	0.00011407
35.49	0.00011249
35.5	0.00011149
35.51	0.00011063
35.52	0.00011111
35.53	0.00011282
35.54	0.00011483
35.55	0.00011738
35.56	0.00012054
35.57	0.00012106
35.58	0.0001187
35.59	0.00011789
35.6	0.00011861
35.61	0.00012085
35.62	0.00012707
35.63	0.00013324
35.64	0.00013185
35.65	0.00012754
35.66	0.00012837
35.67	0.00012923
35.68	0.00012684
35.69	0.00012483
35.7	0.00012395
35.71	0.00012309
35.72	0.0001224
35.73	0.00012261
35.74	0.00012391
35.75	0.00012715
35.76	0.00013144
35.77	0.0001337
35.78	0.00013247
35.79	0.00012844
35.8	0.0001242
35.81	0.00012265
35.82	0.00012382
35.83	0.00012501
35.84	0.00012376
35.85	0.00012136
35.86	0.00011996
35.87	0.00011897
35.88	0.00011837
35.89	0.00011907
35.9	0.00012166
35.91	0.00012336
35.92	0.00012084
35.93	0.00011747
35.94	0.00011596
35.95	0.0001148
35.96	0.000115
35.97	0.00011633
35.98	0.00011509
35.99	0.00011205
36	0.00011068
36.01	0.00011009
36.02	0.00010912
36.03	0.0001088
36.04	0.00010849
36.05	0.00010673
36.06	0.00010448
36.07	0.00010303
36.08	0.00010091
36.09	9.7568e-05
36.1	9.4726e-05
36.11	9.267e-05
36.12	9.0308e-05
36.13	8.7672e-05
36.14	8.6674e-05
36.15	8.7593e-05
36.16	8.7682e-05
36.17	8.5706e-05
36.18	8.3274e-05
36.19	8.1362e-05
36.2	7.9707e-05
36.21	7.8658e-05
36.22	7.823e-05
36.23	7.7632e-05
36.24	7.6401e-05
36.25	7.4408e-05
36.26	7.1798e-05
36.27	6.9039e-05
36.28	6.6389e-05
36.29	6.374e-05
36.3	6.0804e-05
36.31	5.7693e-05
36.32	5.4698e-05
36.33	5.1575e-05
36.34	4.8704e-05
36.35	4.6867e-05
36.36	4.5627e-05
36.37	4.4114e-05
36.38	4.2379e-05
36.39	4.0992e-05
36.4	3.9854e-05
36.41	3.8217e-05
36.42	3.6063e-05
36.43	3.429e-05
36.44	3.2876e-05
36.45	3.0716e-05
36.46	2.7979e-05
36.47	2.5648e-05
36.48	2.356e-05
36.49	2.1357e-05
36.5	1.9449e-05
36.51	1.7983e-05
36.52	1.6412e-05
36.53	1.4398e-05
36.54	1.2251e-05
36.55	1.0292e-05
36.56	8.4053e-06
36.57	6.5345e-06
36.58	4.7889e-06
36.59	3.1876e-06
36.6	1.532e-06
36.61	-2.826e-07
36.62	-1.9596e-06
36.63	-3.3645e-06
36.64	-4.6745e-06
36.65	-6.0069e-06
36.66	-7.325e-06
36.67	-8.6526e-06
36.68	-1.0085e-05
36.69	-1.1521e-05
36.7	-1.2843e-05
36.71	-1.4056e-05
36.72	-1.5162e-05
36.73	-1.6201e-05
36.74	-1.7201e-05
36.75	-1.8136e-05
36.76	-1.8989e-05
36.77	-1.9762e-05
36.78	-2.0457e-05
36.79	-2.107e-05
36.8	-2.16e-05
36.81	-2.2049e-05
36.82	-2.2423e-05
36.83	-2.2717e-05
36.84	-2.2912e-05
36.85	-2.3e-05
36.86	-2.2982e-05
36.87	-2.2858e-05
36.88	-2.2621e-05
