0	0.0007189
0.01	0.0012272
0.02	0.0021117
0.03	0.0023114
0.04	0.0022632
0.05	0.0023284
0.06	0.0023982
0.07	0.0024673
0.08	0.0025269
0.09	0.0025522
0.1	0.0025259
0.11	0.0024479
0.12	0.0023323
0.13	0.0021722
0.14	0.0019472
0.15	0.0016594
0.16	0.0013289
0.17	0.00098433
0.18	0.00067333
0.19	0.00044444
0.2	0.00031541
0.21	0.00026607
0.22	0.00026482
0.23	0.00024712
0.24	0.00016216
0.25	-3.844e-06
0.26	-0.00024747
0.27	-0.00050053
0.28	-0.00067964
0.29	-0.00076654
0.3	-0.00071488
0.31	-0.00044605
0.32	4.3288e-06
0.33	0.00049657
0.34	0.0009148
0.35	0.0011776
0.36	0.0011929
0.37	0.00095491
0.38	0.00062396
0.39	0.00034433
0.4	0.00016103
0.41	0.00014669
0.42	0.00037642
0.43	0.00080418
0.44	0.0013862
0.45	0.0021388
0.46	0.0029724
0.47	0.0036436
0.48	0.0039228
0.49	0.0037347
0.5	0.0031636
0.51	0.0023389
0.52	0.0013827
0.53	0.00048345
0.54	-0.00024721
0.55	-0.00060373
0.56	-7.8109e-05
0.57	0.0014399
0.58	0.0031056
0.59	0.0039991
0.6	0.0040185
0.61	0.0032919
0.62	0.0017977
0.63	-0.00015486
0.64	-0.0019258
0.65	-0.003088
0.66	-0.0036237
0.67	-0.0036317
0.68	-0.0033768
0.69	-0.003218
0.7	-0.0030925
0.71	-0.0027854
0.72	-0.0024197
0.73	-0.0024033
0.74	-0.0029639
0.75	-0.0038444
0.76	-0.0048014
0.77	-0.0056768
0.78	-0.0058288
0.79	-0.0049867
0.8	-0.0040627
0.81	-0.0037208
0.82	-0.0038506
0.83	-0.0043449
0.84	-0.0048429
0.85	-0.0049105
0.86	-0.0047052
0.87	-0.0043594
0.88	-0.0035667
0.89	-0.0022235
0.9	-0.00054657
0.91	0.00085454
0.92	0.0013674
0.93	0.0010337
0.94	-0.00017439
0.95	-0.0024488
0.96	-0.0054525
0.97	-0.0086809
0.98	-0.011367
0.99	-0.012128
1	-0.010194
1.01	-0.0065089
1.02	-0.0028389
1.03	-0.00017489
1.04	0.001609
1.05	0.0027327
1.06	0.0027918
1.07	0.0016747
1.08	3.6932e-06
1.09	-0.0021743
1.1	-0.004986
1.11	-0.0076778
1.12	-0.009634
1.13	-0.010201
1.14	-0.0089374
1.15	-0.0067866
1.16	-0.004078
1.17	-0.00017184
1.18	0.0042356
1.19	0.0074696
1.2	0.0087997
1.21	0.0087785
1.22	0.0078553
1.23	0.0060116
1.24	0.0038192
1.25	0.0017902
1.26	-2.5001e-05
1.27	-0.00099336
1.28	-0.00091644
1.29	-0.00055239
1.3	-0.00040935
1.31	-0.0001059
1.32	0.0012553
1.33	0.00323
1.34	0.0049306
1.35	0.0066227
1.36	0.0071678
1.37	0.0055426
1.38	0.0038692
1.39	0.0040682
1.4	0.0057673
1.41	0.007775
1.42	0.009333
1.43	0.010581
1.44	0.010985
1.45	0.0094776
1.46	0.0064728
1.47	0.0024634
1.48	-0.0016394
1.49	-0.0039236
1.5	-0.0041105
1.51	-0.002894
1.52	-0.00035065
1.53	0.0042114
1.54	0.010795
1.55	0.016531
1.56	0.01833
1.57	0.015836
1.58	0.0094326
1.59	-0.00029723
1.6	-0.011185
1.61	-0.0206
1.62	-0.026327
1.63	-0.026921
1.64	-0.02212
1.65	-0.012935
1.66	-0.0024861
1.67	0.0057203
1.68	0.010765
1.69	0.012621
1.7	0.010694
1.71	0.0062881
1.72	0.0017971
1.73	-0.0020711
1.74	-0.0053907
1.75	-0.0067379
1.76	-0.0046314
1.77	-0.00048876
1.78	0.0032126
1.79	0.0050902
1.8	0.004148
1.81	-0.00045112
1.82	-0.0080283
1.83	-0.016892
1.84	-0.025895
1.85	-0.033786
1.86	-0.038216
1.87	-0.037651
1.88	-0.033841
1.89	-0.028792
1.9	-0.023215
1.91	-0.018378
1.92	-0.014448
1.93	-0.0091225
1.94	0.00015498
1.95	0.012725
1.96	0.024728
1.97	0.032324
1.98	0.034281
1.99	0.03193
2	0.025349
2.01	0.013766
2.02	-0.00083381
2.03	-0.014942
2.04	-0.024735
2.05	-0.026122
2.06	-0.016547
2.07	0.001222
2.08	0.018578
2.09	0.029138
2.1	0.034351
2.11	0.037695
2.12	0.038009
2.13	0.032884
2.14	0.023015
2.15	0.0097757
2.16	-0.0059865
2.17	-0.022652
2.18	-0.039063
2.19	-0.053813
2.2	-0.06381
2.21	-0.066679
2.22	-0.061545
2.23	-0.04964
2.24	-0.034107
2.25	-0.018244
2.26	-0.0052026
2.27	0.0037953
2.28	0.011032
2.29	0.020334
2.3	0.033807
2.31	0.04911
2.32	0.060114
2.33	0.062995
2.34	0.060508
2.35	0.057558
2.36	0.056263
2.37	0.056572
2.38	0.056324
2.39	0.052045
2.4	0.041681
2.41	0.025812
2.42	0.0071527
2.43	-0.01142
2.44	-0.027051
2.45	-0.037283
2.46	-0.041474
2.47	-0.039822
2.48	-0.033331
2.49	-0.022002
2.5	-0.0026134
2.51	0.023468
2.52	0.04545
2.53	0.053868
2.54	0.045931
2.55	0.021618
2.56	-0.012129
2.57	-0.040372
2.58	-0.053316
2.59	-0.053208
2.6	-0.04351
2.61	-0.022553
2.62	0.0082058
2.63	0.037904
2.64	0.053193
2.65	0.050795
2.66	0.035947
2.67	0.012968
2.68	-0.013946
2.69	-0.039233
2.7	-0.058577
2.71	-0.069766
2.72	-0.072817
2.73	-0.068495
2.74	-0.058023
2.75	-0.044186
2.76	-0.030469
2.77	-0.018093
2.78	-0.0061426
2.79	0.005745
2.8	0.016427
2.81	0.023075
2.82	0.022643
2.83	0.011242
2.84	-0.011878
2.85	-0.037751
2.86	-0.054191
2.87	-0.056055
2.88	-0.044182
2.89	-0.020561
2.9	0.0096763
2.91	0.036584
2.92	0.052335
2.93	0.058413
2.94	0.060538
2.95	0.060076
2.96	0.055544
2.97	0.045999
2.98	0.030583
2.99	0.010929
3	-0.0071287
3.01	-0.019238
3.02	-0.025251
3.03	-0.026245
3.04	-0.024893
3.05	-0.022875
3.06	-0.01906
3.07	-0.013183
3.08	-0.0066385
3.09	-0.0026672
3.1	-0.0046269
3.11	-0.011434
3.12	-0.017621
3.13	-0.019404
3.14	-0.017147
3.15	-0.012332
3.16	-0.0063051
3.17	0.0010646
3.18	0.011656
3.19	0.026524
3.2	0.043251
3.21	0.05636
3.22	0.061196
3.23	0.056547
3.24	0.043987
3.25	0.025746
3.26	0.0037227
3.27	-0.017902
3.28	-0.032121
3.29	-0.036984
3.3	-0.03637
3.31	-0.033108
3.32	-0.029586
3.33	-0.026849
3.34	-0.020118
3.35	-0.0044041
3.36	0.017538
3.37	0.039939
3.38	0.060153
3.39	0.076679
3.4	0.087647
3.41	0.089903
3.42	0.078528
3.43	0.05184
3.44	0.016266
3.45	-0.015784
3.46	-0.034971
3.47	-0.041764
3.48	-0.041798
3.49	-0.036605
3.5	-0.023253
3.51	-0.0015554
3.52	0.024612
3.53	0.050748
3.54	0.072084
3.55	0.085029
3.56	0.090251
3.57	0.089556
3.58	0.082167
3.59	0.068667
3.6	0.051764
3.61	0.033292
3.62	0.014482
3.63	-0.0044353
3.64	-0.021809
3.65	-0.033762
3.66	-0.040849
3.67	-0.047352
3.68	-0.05409
3.69	-0.060178
3.7	-0.063705
3.71	-0.061349
3.72	-0.054376
3.73	-0.046767
3.74	-0.03982
3.75	-0.033736
3.76	-0.028738
3.77	-0.02416
3.78	-0.020633
3.79	-0.020037
3.8	-0.023487
3.81	-0.031696
3.82	-0.042387
3.83	-0.049947
3.84	-0.049969
3.85	-0.038858
3.86	-0.01591
3.87	0.011961
3.88	0.034376
3.89	0.046791
3.9	0.05251
3.91	0.053137
3.92	0.04563
3.93	0.026988
3.94	-0.0017192
3.95	-0.031506
3.96	-0.050546
3.97	-0.055368
3.98	-0.052354
3.99	-0.046223
4	-0.036495
4.01	-0.021847
4.02	-0.00093239
4.03	0.021057
4.04	0.035599
4.05	0.04034
4.06	0.037412
4.07	0.029975
4.08	0.019038
4.09	0.0053139
4.1	-0.0086509
4.11	-0.019829
4.12	-0.026814
4.13	-0.030493
4.14	-0.028937
4.15	-0.01681
4.16	0.00549
4.17	0.026404
4.18	0.035036
4.19	0.031136
4.2	0.017236
4.21	-0.0047001
4.22	-0.027486
4.23	-0.042441
4.24	-0.047971
4.25	-0.04514
4.26	-0.02983
4.27	-0.00137
4.28	0.028906
4.29	0.048429
4.3	0.055597
4.31	0.05714
4.32	0.058535
4.33	0.05937
4.34	0.059345
4.35	0.060392
4.36	0.060068
4.37	0.054739
4.38	0.043332
4.39	0.023537
4.4	-0.0034092
4.41	-0.028075
4.42	-0.0412
4.43	-0.041198
4.44	-0.032602
4.45	-0.021187
4.46	-0.012592
4.47	-0.01019
4.48	-0.012395
4.49	-0.016491
4.5	-0.02001
4.51	-0.02098
4.52	-0.018486
4.53	-0.013465
4.54	-0.011668
4.55	-0.014649
4.56	-0.015574
4.57	-0.012594
4.58	-0.011562
4.59	-0.01459
4.6	-0.017208
4.61	-0.016922
4.62	-0.015864
4.63	-0.015233
4.64	-0.01451
4.65	-0.014336
4.66	-0.015061
4.67	-0.013837
4.68	-0.0066461
4.69	0.0082275
4.7	0.028475
4.71	0.046161
4.72	0.053532
4.73	0.049408
4.74	0.035547
4.75	0.013483
4.76	-0.013141
4.77	-0.038209
4.78	-0.05603
4.79	-0.064788
4.8	-0.066308
4.81	-0.060752
4.82	-0.046464
4.83	-0.025307
4.84	-0.0047143
4.85	0.0081534
4.86	0.013974
4.87	0.015823
4.88	0.01331
4.89	0.0074531
4.9	0.0013767
4.91	-0.0022932
4.92	-0.0030064
4.93	-0.0012157
4.94	0.0048872
4.95	0.01609
4.96	0.0277
4.97	0.032959
4.98	0.028082
4.99	0.010825
5	-0.019267
5.01	-0.05519
5.02	-0.084721
5.03	-0.099944
5.04	-0.1016
5.05	-0.095523
5.06	-0.084867
5.07	-0.071068
5.08	-0.058893
5.09	-0.052273
5.1	-0.05119
5.11	-0.053094
5.12	-0.055872
5.13	-0.06117
5.14	-0.06998
5.15	-0.07737
5.16	-0.07909
5.17	-0.076317
5.18	-0.070997
5.19	-0.064294
5.2	-0.054892
5.21	-0.040163
5.22	-0.021347
5.23	-0.0027555
5.24	0.011806
5.25	0.021876
5.26	0.028294
5.27	0.030767
5.28	0.029212
5.29	0.025066
5.3	0.020633
5.31	0.01557
5.32	0.0066671
5.33	-0.0062074
5.34	-0.0169
5.35	-0.020587
5.36	-0.017523
5.37	-0.0077689
5.38	0.0070408
5.39	0.02143
5.4	0.030656
5.41	0.033719
5.42	0.033497
5.43	0.032448
5.44	0.02957
5.45	0.025306
5.46	0.021148
5.47	0.01551
5.48	0.0093007
5.49	0.0066407
5.5	0.0078522
5.51	0.011648
5.52	0.016582
5.53	0.019433
5.54	0.019706
5.55	0.019508
5.56	0.01857
5.57	0.014443
5.58	0.0057547
5.59	-0.0057133
5.6	-0.018515
5.61	-0.035179
5.62	-0.056341
5.63	-0.07764
5.64	-0.094122
5.65	-0.10289
5.66	-0.10416
5.67	-0.10007
5.68	-0.091852
5.69	-0.081135
5.7	-0.069696
5.71	-0.055468
5.72	-0.036075
5.73	-0.013332
5.74	0.01138
5.75	0.039847
5.76	0.072181
5.77	0.10571
5.78	0.13822
5.79	0.16709
5.8	0.18856
5.81	0.20029
5.82	0.20164
5.83	0.19379
5.84	0.18219
5.85	0.17348
5.86	0.16995
5.87	0.171
5.88	0.17466
5.89	0.17785
5.9	0.18063
5.91	0.18524
5.92	0.19355
5.93	0.20808
5.94	0.22816
5.95	0.24999
5.96	0.27218
5.97	0.29435
5.98	0.31351
5.99	0.32623
6	0.3312
6.01	0.32792
6.02	0.31661
6.03	0.30127
6.04	0.28621
6.05	0.27346
6.06	0.26695
6.07	0.2686
6.08	0.27576
6.09	0.28424
6.1	0.28653
6.11	0.27693
6.12	0.25428
6.13	0.21731
6.14	0.16861
6.15	0.11332
6.16	0.054532
6.17	-0.0031346
6.18	-0.058088
6.19	-0.11257
6.2	-0.16397
6.21	-0.20926
6.22	-0.25002
6.23	-0.28693
6.24	-0.31646
6.25	-0.33418
6.26	-0.33902
6.27	-0.33298
6.28	-0.32019
6.29	-0.30568
6.3	-0.29238
6.31	-0.28123
6.32	-0.2731
6.33	-0.26997
6.34	-0.2742
6.35	-0.28588
6.36	-0.30337
6.37	-0.32307
6.38	-0.33886
6.39	-0.34772
6.4	-0.35077
6.41	-0.34781
6.42	-0.33831
6.43	-0.32464
6.44	-0.30832
6.45	-0.28807
6.46	-0.26265
6.47	-0.2323
6.48	-0.19765
6.49	-0.15838
6.5	-0.11524
6.51	-0.072829
6.52	-0.036422
6.53	-0.0083351
6.54	0.010095
6.55	0.01761
6.56	0.016789
6.57	0.013426
6.58	0.010634
6.59	0.0084392
6.6	0.0061273
6.61	0.0023421
6.62	-0.0040958
6.63	-0.015286
6.64	-0.032994
6.65	-0.053603
6.66	-0.06838
6.67	-0.068457
6.68	-0.051183
6.69	-0.020946
6.7	0.017124
6.71	0.05878
6.72	0.097934
6.73	0.12896
6.74	0.1512
6.75	0.16666
6.76	0.1751
6.77	0.17499
6.78	0.16506
6.79	0.14304
6.8	0.10824
6.81	0.065875
6.82	0.025408
6.83	-0.003868
6.84	-0.016953
6.85	-0.014564
6.86	-0.0010027
6.87	0.018877
6.88	0.04218
6.89	0.067203
6.9	0.092484
6.91	0.11545
6.92	0.13126
6.93	0.1362
6.94	0.13062
6.95	0.11651
6.96	0.093952
6.97	0.062697
6.98	0.026742
6.99	-0.0080836
7	-0.037425
7.01	-0.056588
7.02	-0.063323
7.03	-0.059117
7.04	-0.048526
7.05	-0.038194
7.06	-0.031122
7.07	-0.02725
7.08	-0.028017
7.09	-0.033863
7.1	-0.041035
7.11	-0.044298
7.12	-0.042976
7.13	-0.040803
7.14	-0.040358
7.15	-0.044755
7.16	-0.059456
7.17	-0.088377
7.18	-0.13125
7.19	-0.18278
7.2	-0.23562
7.21	-0.28356
7.22	-0.32123
7.23	-0.34517
7.24	-0.35382
7.25	-0.34793
7.26	-0.33151
7.27	-0.30734
7.28	-0.27594
7.29	-0.24026
7.3	-0.20648
7.31	-0.17907
7.32	-0.15637
7.33	-0.13491
7.34	-0.11514
7.35	-0.099314
7.36	-0.088785
7.37	-0.084456
7.38	-0.084692
7.39	-0.085948
7.4	-0.087008
7.41	-0.086906
7.42	-0.083197
7.43	-0.075377
7.44	-0.062689
7.45	-0.041443
7.46	-0.010058
7.47	0.027172
7.48	0.064284
7.49	0.096886
7.5	0.12076
7.51	0.13161
7.52	0.12613
7.53	0.10429
7.54	0.067811
7.55	0.023318
7.56	-0.015709
7.57	-0.041785
7.58	-0.055858
7.59	-0.058605
7.6	-0.049646
7.61	-0.028957
7.62	0.0023547
7.63	0.041721
7.64	0.086351
7.65	0.13171
7.66	0.17289
7.67	0.20925
7.68	0.24064
7.69	0.26359
7.7	0.27873
7.71	0.29262
7.72	0.30863
7.73	0.32371
7.74	0.33303
7.75	0.33642
7.76	0.33818
7.77	0.34221
7.78	0.34961
7.79	0.35963
7.8	0.37062
7.81	0.37801
7.82	0.37829
7.83	0.37314
7.84	0.36524
7.85	0.35463
7.86	0.33916
7.87	0.31864
7.88	0.29438
7.89	0.26774
7.9	0.24293
7.91	0.22343
7.92	0.20968
7.93	0.20143
7.94	0.19632
7.95	0.18929
7.96	0.17805
7.97	0.16262
7.98	0.14264
7.99	0.12022
8	0.094975
8.01	0.064897
8.02	0.031881
8.03	-0.0016319
8.04	-0.034104
8.05	-0.063708
8.06	-0.087584
8.07	-0.10364
8.08	-0.11276
8.09	-0.117
8.1	-0.11544
8.11	-0.10577
8.12	-0.088972
8.13	-0.065453
8.14	-0.034917
8.15	-0.0031185
8.16	0.020853
8.17	0.033887
8.18	0.037832
8.19	0.033912
8.2	0.027584
8.21	0.02716
8.22	0.034494
8.23	0.047369
8.24	0.062606
8.25	0.073634
8.26	0.07518
8.27	0.06316
8.28	0.032338
8.29	-0.015438
8.3	-0.069459
8.31	-0.11937
8.32	-0.16035
8.33	-0.18885
8.34	-0.20213
8.35	-0.20425
8.36	-0.20304
8.37	-0.20448
8.38	-0.21423
8.39	-0.23587
8.4	-0.2667
8.41	-0.30131
8.42	-0.33698
8.43	-0.37339
8.44	-0.41001
8.45	-0.44654
8.46	-0.48419
8.47	-0.52182
8.48	-0.55182
8.49	-0.56679
8.5	-0.56513
8.51	-0.54763
8.52	-0.51514
8.53	-0.4701
8.54	-0.41889
8.55	-0.36763
8.56	-0.31541
8.57	-0.25832
8.58	-0.19644
8.59	-0.12906
8.6	-0.051496
8.61	0.036462
8.62	0.12601
8.63	0.20447
8.64	0.26362
8.65	0.30245
8.66	0.32476
8.67	0.33736
8.68	0.34485
8.69	0.34761
8.7	0.34692
8.71	0.34534
8.72	0.34145
8.73	0.33119
8.74	0.31361
8.75	0.28994
8.76	0.26069
8.77	0.22826
8.78	0.19778
8.79	0.17191
8.8	0.14891
8.81	0.12654
8.82	0.10424
8.83	0.082204
8.84	0.061854
8.85	0.044645
8.86	0.030528
8.87	0.019863
8.88	0.014727
8.89	0.01809
8.9	0.02927
8.91	0.044642
8.92	0.063924
8.93	0.089319
8.94	0.12119
8.95	0.15756
8.96	0.19736
8.97	0.24114
8.98	0.28707
8.99	0.32998
9	0.36495
9.01	0.38703
9.02	0.39059
9.03	0.37415
9.04	0.3404
9.05	0.29354
9.06	0.2394
9.07	0.18416
9.08	0.13227
9.09	0.085924
9.1	0.047199
9.11	0.017006
9.12	-0.0078852
9.13	-0.031808
9.14	-0.056812
9.15	-0.082311
9.16	-0.10753
9.17	-0.13353
9.18	-0.16156
9.19	-0.19172
9.2	-0.22047
9.21	-0.24234
9.22	-0.25493
9.23	-0.26009
9.24	-0.26221
9.25	-0.26559
9.26	-0.27435
9.27	-0.29204
9.28	-0.31753
9.29	-0.34576
9.3	-0.37306
9.31	-0.39699
9.32	-0.41548
9.33	-0.42781
9.34	-0.43242
9.35	-0.42763
9.36	-0.41455
9.37	-0.39719
9.38	-0.37957
9.39	-0.36568
9.4	-0.35935
9.41	-0.35866
9.42	-0.35573
9.43	-0.34003
9.44	-0.30184
9.45	-0.23538
9.46	-0.14372
9.47	-0.045261
9.48	0.034371
9.49	0.080439
9.5	0.095441
9.51	0.091347
9.52	0.079558
9.53	0.067367
9.54	0.058804
9.55	0.054852
9.56	0.056776
9.57	0.068018
9.58	0.091374
9.59	0.12592
9.6	0.16557
9.61	0.20504
9.62	0.24279
9.63	0.27565
9.64	0.29894
9.65	0.3109
9.66	0.31358
9.67	0.31076
9.68	0.30386
9.69	0.29203
9.7	0.27561
9.71	0.25598
9.72	0.23469
9.73	0.21341
9.74	0.19281
9.75	0.17225
9.76	0.1526
9.77	0.13567
9.78	0.12025
9.79	0.10508
9.8	0.091071
9.81	0.078405
9.82	0.066262
9.83	0.054271
9.84	0.043594
9.85	0.037705
9.86	0.037629
9.87	0.039585
9.88	0.041426
9.89	0.042546
9.9	0.041606
9.91	0.038047
9.92	0.031505
9.93	0.023129
9.94	0.016055
9.95	0.012542
9.96	0.011441
9.97	0.010802
9.98	0.011762
9.99	0.016333
10	0.022839
10.01	0.0268
10.02	0.025561
10.03	0.019436
10.04	0.010534
10.05	0.0017388
10.06	-0.003289
10.07	-0.0014257
10.08	0.0060857
10.09	0.015404
10.1	0.024398
10.11	0.032634
10.12	0.04075
10.13	0.050208
10.14	0.062885
10.15	0.078512
10.16	0.093785
10.17	0.10686
10.18	0.11698
10.19	0.12229
10.2	0.12287
10.21	0.11987
10.22	0.11183
10.23	0.095616
10.24	0.06978
10.25	0.034772
10.26	-0.0083878
10.27	-0.056802
10.28	-0.10573
10.29	-0.14943
10.3	-0.18114
10.31	-0.1969
10.32	-0.20053
10.33	-0.20036
10.34	-0.20288
10.35	-0.21023
10.36	-0.21943
10.37	-0.22505
10.38	-0.22363
10.39	-0.21629
10.4	-0.20737
10.41	-0.2009
10.42	-0.19975
10.43	-0.20473
10.44	-0.2151
10.45	-0.23059
10.46	-0.24817
10.47	-0.26083
10.48	-0.2632
10.49	-0.25349
10.5	-0.22996
10.51	-0.1934
10.52	-0.15003
10.53	-0.10717
10.54	-0.070781
10.55	-0.042856
10.56	-0.01956
10.57	0.0036074
10.58	0.028374
10.59	0.055581
10.6	0.086344
10.61	0.11997
10.62	0.15285
10.63	0.17986
10.64	0.19623
10.65	0.20138
10.66	0.19932
10.67	0.19242
10.68	0.17802
10.69	0.15212
10.7	0.11475
10.71	0.07148
10.72	0.029229
10.73	-0.0071013
10.74	-0.033399
10.75	-0.047035
10.76	-0.049935
10.77	-0.046401
10.78	-0.038047
10.79	-0.025061
10.8	-0.010077
10.81	0.0030001
10.82	0.013116
10.83	0.02136
10.84	0.026349
10.85	0.026285
10.86	0.02346
10.87	0.02163
10.88	0.021299
10.89	0.022375
10.9	0.026376
10.91	0.031518
10.92	0.033003
10.93	0.028573
10.94	0.019155
10.95	0.0055571
10.96	-0.011352
10.97	-0.029463
10.98	-0.045419
10.99	-0.054808
11	-0.055292
11.01	-0.046009
11.02	-0.026178
11.03	0.0026735
11.04	0.03659
11.05	0.068905
11.06	0.092203
11.07	0.10221
11.08	0.097616
11.09	0.079438
11.1	0.051712
11.11	0.020153
11.12	-0.010367
11.13	-0.037564
11.14	-0.06067
11.15	-0.078816
11.16	-0.092172
11.17	-0.099913
11.18	-0.10053
11.19	-0.096375
11.2	-0.089386
11.21	-0.075512
11.22	-0.049982
11.23	-0.015368
11.24	0.020613
11.25	0.052441
11.26	0.076796
11.27	0.08996
11.28	0.091704
11.29	0.088139
11.3	0.084242
11.31	0.079205
11.32	0.072814
11.33	0.067532
11.34	0.064532
11.35	0.064453
11.36	0.069
11.37	0.079634
11.38	0.094414
11.39	0.10759
11.4	0.11475
11.41	0.11485
11.42	0.10833
11.43	0.096133
11.44	0.080245
11.45	0.062608
11.46	0.044096
11.47	0.028843
11.48	0.020845
11.49	0.019424
11.5	0.024157
11.51	0.034841
11.52	0.049253
11.53	0.063346
11.54	0.073851
11.55	0.080784
11.56	0.085756
11.57	0.08916
11.58	0.089067
11.59	0.085304
11.6	0.080196
11.61	0.074369
11.62	0.066641
11.63	0.055542
11.64	0.040056
11.65	0.019691
11.66	-0.003576
11.67	-0.024639
11.68	-0.042462
11.69	-0.060507
11.7	-0.078739
11.71	-0.095404
11.72	-0.11047
11.73	-0.12284
11.74	-0.13096
11.75	-0.13532
11.76	-0.13718
11.77	-0.13562
11.78	-0.12884
11.79	-0.11757
11.8	-0.10305
11.81	-0.086548
11.82	-0.070198
11.83	-0.054346
11.84	-0.038647
11.85	-0.024574
11.86	-0.013528
11.87	-0.0053229
11.88	-0.0010567
11.89	-0.0016142
11.9	-0.0043691
11.91	-0.0070663
11.92	-0.0087942
11.93	-0.009869
11.94	-0.011957
11.95	-0.014241
11.96	-0.014792
11.97	-0.014666
11.98	-0.01644
11.99	-0.018711
12	-0.016893
12.01	-0.010233
12.02	-0.0016557
12.03	0.0073268
12.04	0.017285
12.05	0.028571
12.06	0.04018
12.07	0.049899
12.08	0.054925
12.09	0.054056
12.1	0.047986
12.11	0.036964
12.12	0.022226
12.13	0.0072144
12.14	-0.0037471
12.15	-0.0077308
12.16	-0.0052943
12.17	0.0022634
12.18	0.011646
12.19	0.017231
12.2	0.01802
12.21	0.01584
12.22	0.008926
12.23	-0.0058055
12.24	-0.028319
12.25	-0.054362
12.26	-0.078388
12.27	-0.097135
12.28	-0.10994
12.29	-0.11782
12.3	-0.12182
12.31	-0.12421
12.32	-0.12717
12.33	-0.12915
12.34	-0.12735
12.35	-0.12201
12.36	-0.11442
12.37	-0.10297
12.38	-0.084353
12.39	-0.058153
12.4	-0.028511
12.41	0.00077394
12.42	0.029525
12.43	0.05699
12.44	0.078414
12.45	0.089492
12.46	0.09074
12.47	0.085459
12.48	0.076325
12.49	0.064476
12.5	0.051729
12.51	0.041168
12.52	0.033067
12.53	0.026312
12.54	0.022332
12.55	0.022737
12.56	0.028543
12.57	0.038964
12.58	0.051497
12.59	0.066262
12.6	0.083563
12.61	0.10026
12.62	0.11239
12.63	0.11819
12.64	0.11838
12.65	0.11496
12.66	0.11074
12.67	0.10832
12.68	0.10792
12.69	0.1084
12.7	0.10996
12.71	0.11317
12.72	0.11814
12.73	0.12449
12.74	0.13017
12.75	0.13346
12.76	0.13412
12.77	0.13237
12.78	0.12803
12.79	0.12018
12.8	0.10798
12.81	0.090946
12.82	0.069417
12.83	0.043937
12.84	0.01632
12.85	-0.0090914
12.86	-0.03017
12.87	-0.047811
12.88	-0.06235
12.89	-0.0755
12.9	-0.088948
12.91	-0.10064
12.92	-0.10921
12.93	-0.11508
12.94	-0.11701
12.95	-0.11401
12.96	-0.10661
12.97	-0.096073
12.98	-0.084124
12.99	-0.072472
13	-0.062575
13.01	-0.054648
13.02	-0.047762
13.03	-0.041769
13.04	-0.036519
13.05	-0.030313
13.06	-0.021875
13.07	-0.011861
13.08	-0.0016177
13.09	0.0069857
13.1	0.012325
13.11	0.014104
13.12	0.011134
13.13	0.0016738
13.14	-0.014745
13.15	-0.037922
13.16	-0.063488
13.17	-0.084499
13.18	-0.099806
13.19	-0.11178
13.2	-0.12075
13.21	-0.12649
13.22	-0.12981
13.23	-0.13306
13.24	-0.13855
13.25	-0.14652
13.26	-0.15618
13.27	-0.1668
13.28	-0.17628
13.29	-0.18108
13.3	-0.1785
13.31	-0.16778
13.32	-0.15078
13.33	-0.13181
13.34	-0.11446
13.35	-0.099629
13.36	-0.087664
13.37	-0.079546
13.38	-0.074644
13.39	-0.071691
13.4	-0.07071
13.41	-0.070738
13.42	-0.069848
13.43	-0.065954
13.44	-0.055127
13.45	-0.035798
13.46	-0.011991
13.47	0.012773
13.48	0.039099
13.49	0.066529
13.5	0.091186
13.51	0.1112
13.52	0.12721
13.53	0.13723
13.54	0.13883
13.55	0.13554
13.56	0.13415
13.57	0.13635
13.58	0.13842
13.59	0.13875
13.6	0.13843
13.61	0.1363
13.62	0.13152
13.63	0.12482
13.64	0.11683
13.65	0.10999
13.66	0.10591
13.67	0.10463
13.68	0.10502
13.69	0.10452
13.7	0.10272
13.71	0.10157
13.72	0.1015
13.73	0.09994
13.74	0.094011
13.75	0.083425
13.76	0.071306
13.77	0.061312
13.78	0.053045
13.79	0.044363
13.8	0.036397
13.81	0.030265
13.82	0.02552
13.83	0.024148
13.84	0.026433
13.85	0.029237
13.86	0.031405
13.87	0.032172
13.88	0.029192
13.89	0.022894
13.9	0.016069
13.91	0.0088889
13.92	0.00093183
13.93	-0.0055775
13.94	-0.007819
13.95	-0.0049609
13.96	0.001374
13.97	0.011443
13.98	0.025447
13.99	0.039214
14	0.050411
14.01	0.058929
14.02	0.062373
14.03	0.060615
14.04	0.056519
14.05	0.049999
14.06	0.042444
14.07	0.039046
14.08	0.039306
14.09	0.038276
14.1	0.035538
14.11	0.030754
14.12	0.018862
14.13	-0.0022041
14.14	-0.030527
14.15	-0.064828
14.16	-0.10207
14.17	-0.13665
14.18	-0.1656
14.19	-0.19064
14.2	-0.21086
14.21	-0.22136
14.22	-0.22132
14.23	-0.21374
14.24	-0.19952
14.25	-0.17896
14.26	-0.15499
14.27	-0.13238
14.28	-0.11473
14.29	-0.10369
14.3	-0.099695
14.31	-0.10049
14.32	-0.10332
14.33	-0.10729
14.34	-0.11203
14.35	-0.11543
14.36	-0.11488
14.37	-0.1102
14.38	-0.10116
14.39	-0.088179
14.4	-0.073856
14.41	-0.060824
14.42	-0.05021
14.43	-0.039979
14.44	-0.027285
14.45	-0.011003
14.46	0.01003
14.47	0.035443
14.48	0.061428
14.49	0.082875
14.5	0.097191
14.51	0.10526
14.52	0.10873
14.53	0.10916
14.54	0.10514
14.55	0.095167
14.56	0.08357
14.57	0.073357
14.58	0.064912
14.59	0.058817
14.6	0.053959
14.61	0.050835
14.62	0.050995
14.63	0.053567
14.64	0.055719
14.65	0.0568
14.66	0.05818
14.67	0.059055
14.68	0.057064
14.69	0.050882
14.7	0.044253
14.71	0.043044
14.72	0.047816
14.73	0.056128
14.74	0.065921
14.75	0.075172
14.76	0.083539
14.77	0.090486
14.78	0.093835
14.79	0.093374
14.8	0.090485
14.81	0.085141
14.82	0.076311
14.83	0.065941
14.84	0.056914
14.85	0.050636
14.86	0.049437
14.87	0.052975
14.88	0.0593
14.89	0.067913
14.9	0.076459
14.91	0.081411
14.92	0.081713
14.93	0.078524
14.94	0.073218
14.95	0.067847
14.96	0.064496
14.97	0.062494
14.98	0.059959
14.99	0.057153
15	0.053756
15.01	0.047823
15.02	0.039869
15.03	0.031987
15.04	0.023685
15.05	0.014779
15.06	0.0086598
15.07	0.006639
15.08	0.0056377
15.09	0.0032195
15.1	0.00066191
15.11	0.00073847
15.12	0.005172
15.13	0.013641
15.14	0.022009
15.15	0.026064
15.16	0.025816
15.17	0.023534
15.18	0.017932
15.19	0.0051995
15.2	-0.011485
15.21	-0.026242
15.22	-0.038231
15.23	-0.048576
15.24	-0.059255
15.25	-0.072
15.26	-0.085316
15.27	-0.095997
15.28	-0.10343
15.29	-0.11056
15.3	-0.12071
15.31	-0.13447
15.32	-0.14812
15.33	-0.15819
15.34	-0.16532
15.35	-0.16945
15.36	-0.17034
15.37	-0.17075
15.38	-0.17125
15.39	-0.16847
15.4	-0.16052
15.41	-0.14756
15.42	-0.13142
15.43	-0.11518
15.44	-0.10131
15.45	-0.091908
15.46	-0.088554
15.47	-0.090741
15.48	-0.096743
15.49	-0.10511
15.5	-0.11302
15.51	-0.11819
15.52	-0.12047
15.53	-0.11932
15.54	-0.11261
15.55	-0.099482
15.56	-0.082707
15.57	-0.066392
15.58	-0.05303
15.59	-0.042208
15.6	-0.032403
15.61	-0.023457
15.62	-0.015486
15.63	-0.0076586
15.64	-0.00021759
15.65	0.0052602
15.66	0.0098392
15.67	0.016399
15.68	0.024238
15.69	0.031975
15.7	0.042316
15.71	0.057908
15.72	0.076605
15.73	0.094257
15.74	0.1097
15.75	0.12437
15.76	0.13769
15.77	0.1458
15.78	0.14757
15.79	0.14662
15.8	0.14581
15.81	0.14573
15.82	0.14638
15.83	0.14751
15.84	0.14869
15.85	0.14814
15.86	0.14301
15.87	0.13241
15.88	0.11817
15.89	0.10173
15.9	0.083326
15.91	0.066256
15.92	0.054833
15.93	0.04772
15.94	0.041672
15.95	0.037241
15.96	0.034226
15.97	0.030333
15.98	0.025917
15.99	0.022594
16	0.020135
16.01	0.017913
16.02	0.016451
16.03	0.015848
16.04	0.013232
16.05	0.0064289
16.06	-0.0011766
16.07	-0.0067551
16.08	-0.013505
16.09	-0.02297
16.1	-0.031498
16.11	-0.03789
16.12	-0.04427
16.13	-0.050589
16.14	-0.055659
16.15	-0.06034
16.16	-0.064691
16.17	-0.066281
16.18	-0.06478
16.19	-0.064184
16.2	-0.066619
16.21	-0.070661
16.22	-0.076113
16.23	-0.082359
16.24	-0.086883
16.25	-0.088012
16.26	-0.085409
16.27	-0.079683
16.28	-0.071974
16.29	-0.062963
16.3	-0.054384
16.31	-0.046923
16.32	-0.03912
16.33	-0.032712
16.34	-0.029516
16.35	-0.025838
16.36	-0.01954
16.37	-0.014557
16.38	-0.01284
16.39	-0.011986
16.4	-0.010401
16.41	-0.0084884
16.42	-0.0069682
16.43	-0.005689
16.44	-0.0026859
16.45	0.0026843
16.46	0.0083312
16.47	0.013289
16.48	0.017479
16.49	0.021369
16.5	0.026002
16.51	0.03117
16.52	0.035937
16.53	0.040208
16.54	0.044197
16.55	0.048052
16.56	0.05378
16.57	0.062561
16.58	0.071134
16.59	0.077668
16.6	0.083901
16.61	0.090646
16.62	0.096413
16.63	0.098638
16.64	0.097947
16.65	0.097237
16.66	0.097718
16.67	0.099254
16.68	0.10065
16.69	0.10057
16.7	0.098936
16.71	0.096444
16.72	0.092856
16.73	0.088187
16.74	0.083008
16.75	0.076242
16.76	0.066851
16.77	0.057544
16.78	0.051301
16.79	0.046436
16.8	0.041544
16.81	0.037752
16.82	0.035124
16.83	0.033316
16.84	0.03256
16.85	0.032758
16.86	0.033073
16.87	0.033073
16.88	0.031997
16.89	0.027462
16.9	0.019766
16.91	0.01186
16.92	0.0035854
16.93	-0.0066445
16.94	-0.017543
16.95	-0.025664
16.96	-0.030239
16.97	-0.03527
16.98	-0.043539
16.99	-0.054237
17	-0.064835
17.01	-0.07232
17.02	-0.076218
17.03	-0.0773
17.04	-0.075982
17.05	-0.072333
17.06	-0.065798
17.07	-0.058229
17.08	-0.052299
17.09	-0.048908
17.1	-0.049334
17.11	-0.05406
17.12	-0.061645
17.13	-0.069988
17.14	-0.07766
17.15	-0.085133
17.16	-0.091118
17.17	-0.090557
17.18	-0.08337
17.19	-0.07559
17.2	-0.068758
17.21	-0.060818
17.22	-0.051251
17.23	-0.042032
17.24	-0.035881
17.25	-0.031455
17.26	-0.027002
17.27	-0.022429
17.28	-0.017613
17.29	-0.0143
17.3	-0.012334
17.31	-0.0095624
17.32	-0.0068013
17.33	-0.0057849
17.34	-0.0060557
17.35	-0.005667
17.36	-0.0028153
17.37	0.001554
17.38	0.0049612
17.39	0.0065162
17.4	0.0060524
17.41	0.0038055
17.42	-0.00062873
17.43	-0.0074084
17.44	-0.014785
17.45	-0.021662
17.46	-0.027569
17.47	-0.030698
17.48	-0.029195
17.49	-0.024634
17.5	-0.020097
17.51	-0.015502
17.52	-0.0091789
17.53	-0.0018813
17.54	0.0029212
17.55	0.0038493
17.56	0.0029584
17.57	0.001683
17.58	0.0011043
17.59	0.0016237
17.6	0.0014014
17.61	0.00043809
17.62	0.00029342
17.63	-0.00014852
17.64	-0.002121
17.65	-0.0045267
17.66	-0.0068769
17.67	-0.0093572
17.68	-0.012444
17.69	-0.017528
17.7	-0.023055
17.71	-0.026191
17.72	-0.028126
17.73	-0.031133
17.74	-0.035168
17.75	-0.039002
17.76	-0.040603
17.77	-0.039154
17.78	-0.035596
17.79	-0.030146
17.8	-0.023665
17.81	-0.017869
17.82	-0.012482
17.83	-0.0060641
17.84	0.0020263
17.85	0.011003
17.86	0.019552
17.87	0.027887
17.88	0.035274
17.89	0.038585
17.9	0.037379
17.91	0.034347
17.92	0.030248
17.93	0.024175
17.94	0.017932
17.95	0.013607
17.96	0.0097336
17.97	0.0064279
17.98	0.0057352
17.99	0.0061239
18	0.0047149
18.01	0.0022786
18.02	0.00064471
18.03	-0.00064712
18.04	-0.002761
18.05	-0.005616
18.06	-0.0060355
18.07	-0.002004
18.08	0.0026776
18.09	0.005245
18.1	0.0086528
18.11	0.01403
18.12	0.018564
18.13	0.021051
18.14	0.022714
18.15	0.023939
18.16	0.023668
18.17	0.023263
18.18	0.023927
18.19	0.023628
18.2	0.020915
18.21	0.016193
18.22	0.011941
18.23	0.01094
18.24	0.01239
18.25	0.014671
18.26	0.018848
18.27	0.024861
18.28	0.030444
18.29	0.035727
18.3	0.041601
18.31	0.046312
18.32	0.049197
18.33	0.051798
18.34	0.053938
18.35	0.053591
18.36	0.05105
18.37	0.04958
18.38	0.050229
18.39	0.050487
18.4	0.048973
18.41	0.047944
18.42	0.049488
18.43	0.051991
18.44	0.05389
18.45	0.055302
18.46	0.055496
18.47	0.054362
18.48	0.052862
18.49	0.051049
18.5	0.048094
18.51	0.042442
18.52	0.033901
18.53	0.025234
18.54	0.01744
18.55	0.0085817
18.56	-0.0016466
18.57	-0.011367
18.58	-0.019855
18.59	-0.029133
18.6	-0.039906
18.61	-0.050138
18.62	-0.058881
18.63	-0.065693
18.64	-0.069752
18.65	-0.071226
18.66	-0.069444
18.67	-0.062948
18.68	-0.053158
18.69	-0.042812
18.7	-0.032341
18.71	-0.019768
18.72	-0.0029601
18.73	0.015085
18.74	0.029565
18.75	0.040514
18.76	0.04831
18.77	0.05253
18.78	0.054934
18.79	0.056597
18.8	0.057951
18.81	0.059149
18.82	0.059434
18.83	0.06086
18.84	0.064564
18.85	0.067146
18.86	0.0673
18.87	0.065859
18.88	0.061839
18.89	0.056276
18.9	0.051271
18.91	0.045524
18.92	0.039027
18.93	0.033597
18.94	0.028046
18.95	0.022023
18.96	0.016638
18.97	0.011763
18.98	0.0076253
18.99	0.0028926
19	-0.0048772
19.01	-0.014774
19.02	-0.024262
19.03	-0.032968
19.04	-0.041027
19.05	-0.047369
19.06	-0.049683
19.07	-0.046811
19.08	-0.041911
19.09	-0.03864
19.1	-0.037097
19.11	-0.036351
19.12	-0.037082
19.13	-0.039903
19.14	-0.042532
19.15	-0.043778
19.16	-0.045489
19.17	-0.047123
19.18	-0.047672
19.19	-0.048546
19.2	-0.050543
19.21	-0.052873
19.22	-0.054945
19.23	-0.057152
19.24	-0.058678
19.25	-0.058276
19.26	-0.055679
19.27	-0.050584
19.28	-0.044076
19.29	-0.038063
19.3	-0.031983
19.31	-0.02357
19.32	-0.013562
19.33	-0.005828
19.34	-0.0024708
19.35	-0.0023399
19.36	-0.0039932
19.37	-0.0075083
19.38	-0.01228
19.39	-0.016954
19.4	-0.02161
19.41	-0.026206
19.42	-0.028894
19.43	-0.029138
19.44	-0.030393
19.45	-0.034219
19.46	-0.038271
19.47	-0.042163
19.48	-0.047246
19.49	-0.05353
19.5	-0.0601
19.51	-0.065955
19.52	-0.070611
19.53	-0.074484
19.54	-0.077265
19.55	-0.078313
19.56	-0.077248
19.57	-0.073856
19.58	-0.069541
19.59	-0.065948
19.6	-0.062995
19.61	-0.060086
19.62	-0.057207
19.63	-0.052822
19.64	-0.044743
19.65	-0.034097
19.66	-0.02314
19.67	-0.011489
19.68	0.00013299
19.69	0.0080203
19.7	0.011257
19.71	0.012115
19.72	0.0124
19.73	0.012743
19.74	0.013101
19.75	0.014171
19.76	0.01671
19.77	0.020364
19.78	0.024235
19.79	0.027713
19.8	0.030581
19.81	0.031777
19.82	0.030342
19.83	0.026799
19.84	0.023111
19.85	0.021833
19.86	0.023404
19.87	0.026518
19.88	0.031571
19.89	0.039728
19.9	0.049896
19.91	0.059228
19.92	0.06501
19.93	0.066892
19.94	0.066326
19.95	0.063267
19.96	0.0572
19.97	0.050145
19.98	0.045136
19.99	0.043635
20	0.044613
20.01	0.04636
20.02	0.048825
20.03	0.051971
20.04	0.054606
20.05	0.055798
20.06	0.056853
20.07	0.059099
20.08	0.05891
20.09	0.054041
20.1	0.049121
20.11	0.046213
20.12	0.041792
20.13	0.035221
20.14	0.029696
20.15	0.026248
20.16	0.022523
20.17	0.017154
20.18	0.011358
20.19	0.0046657
20.2	-0.0024811
20.21	-0.0080604
20.22	-0.014814
20.23	-0.024378
20.24	-0.03277
20.25	-0.037554
20.26	-0.040014
20.27	-0.041455
20.28	-0.041673
20.29	-0.039968
20.3	-0.03656
20.31	-0.033653
20.32	-0.033146
20.33	-0.033733
20.34	-0.033818
20.35	-0.033983
20.36	-0.034992
20.37	-0.037031
20.38	-0.039137
20.39	-0.038974
20.4	-0.035593
20.41	-0.030904
20.42	-0.026141
20.43	-0.019485
20.44	-0.0093031
20.45	0.0024418
20.46	0.011766
20.47	0.018495
20.48	0.026351
20.49	0.035734
20.5	0.043304
20.51	0.047841
20.52	0.050825
20.53	0.053899
20.54	0.05638
20.55	0.058093
20.56	0.060882
20.57	0.06373
20.58	0.064421
20.59	0.06278
20.6	0.05988
20.61	0.056915
20.62	0.054383
20.63	0.051747
20.64	0.047811
20.65	0.043097
20.66	0.039856
20.67	0.037693
20.68	0.032889
20.69	0.024587
20.7	0.016789
20.71	0.011834
20.72	0.0085089
20.73	0.0062941
20.74	0.0047317
20.75	0.0031214
20.76	0.0022963
20.77	0.0023356
20.78	0.0028941
20.79	0.0042516
20.8	0.0051441
20.81	0.0051766
20.82	0.0058372
20.83	0.0055925
20.84	0.0027175
20.85	-0.0001917
20.86	-0.001233
20.87	-0.0015393
20.88	-0.0010341
20.89	0.0013281
20.9	0.0045787
20.91	0.0069694
20.92	0.0064663
20.93	0.0017732
20.94	-0.0054307
20.95	-0.013305
20.96	-0.022174
20.97	-0.031121
20.98	-0.037215
20.99	-0.040306
21	-0.042584
21.01	-0.045331
21.02	-0.048755
21.03	-0.05228
21.04	-0.05631
21.05	-0.060791
21.06	-0.063979
21.07	-0.065054
21.08	-0.0649
21.09	-0.065115
21.1	-0.066873
21.11	-0.069079
21.12	-0.070202
21.13	-0.071365
21.14	-0.073021
21.15	-0.074459
21.16	-0.075027
21.17	-0.073658
21.18	-0.071533
21.19	-0.070816
21.2	-0.070727
21.21	-0.068768
21.22	-0.064086
21.23	-0.059349
21.24	-0.056506
21.25	-0.053615
21.26	-0.049579
21.27	-0.044968
21.28	-0.040015
21.29	-0.033929
21.3	-0.027169
21.31	-0.0215
21.32	-0.016193
21.33	-0.011218
21.34	-0.0078793
21.35	-0.0056435
21.36	-0.0038085
21.37	-0.0025567
21.38	-0.0017017
21.39	-0.0010447
21.4	-0.0015643
21.41	-0.0034782
21.42	-0.0051622
21.43	-0.0057872
21.44	-0.0064625
21.45	-0.0077903
21.46	-0.0087615
21.47	-0.0094361
21.48	-0.010599
21.49	-0.011302
21.5	-0.010619
21.51	-0.0089348
21.52	-0.0059399
21.53	-0.0021173
21.54	0.00070531
21.55	0.0028928
21.56	0.0065686
21.57	0.012453
21.58	0.018222
21.59	0.022367
21.6	0.026405
21.61	0.030557
21.62	0.033156
21.63	0.034152
21.64	0.03536
21.65	0.036475
21.66	0.036928
21.67	0.039101
21.68	0.042413
21.69	0.044425
21.7	0.046684
21.71	0.050593
21.72	0.054683
21.73	0.057511
21.74	0.05992
21.75	0.062454
21.76	0.063585
21.77	0.062477
21.78	0.059577
21.79	0.056078
21.8	0.053525
21.81	0.053439
21.82	0.055219
21.83	0.056439
21.84	0.056569
21.85	0.05582
21.86	0.054077
21.87	0.052101
21.88	0.049383
21.89	0.043889
21.9	0.035534
21.91	0.026596
21.92	0.018557
21.93	0.01096
21.94	0.0044798
21.95	0.0011445
21.96	0.00034073
21.97	-0.00011937
21.98	-0.00027908
21.99	0.00025253
22	0.00066546
22.01	0.00055473
22.02	0.00028804
22.03	-0.00075512
22.04	-0.0039072
22.05	-0.0077728
22.06	-0.0093564
22.07	-0.0075446
22.08	-0.0039374
22.09	-0.00060557
22.1	0.0024903
22.11	0.0053203
22.12	0.007147
22.13	0.0074756
22.14	0.0061
22.15	0.0035476
22.16	0.0011686
22.17	0.00021993
22.18	-0.001286
22.19	-0.005878
22.2	-0.011077
22.21	-0.013142
22.22	-0.012421
22.23	-0.011712
22.24	-0.012438
22.25	-0.013982
22.26	-0.015221
22.27	-0.014497
22.28	-0.01129
22.29	-0.0075588
22.3	-0.0038275
22.31	0.0013964
22.32	0.0067318
22.33	0.010041
22.34	0.013013
22.35	0.016015
22.36	0.016169
22.37	0.012734
22.38	0.0074366
22.39	0.0013238
22.4	-0.0045157
22.41	-0.0091978
22.42	-0.014061
22.43	-0.019478
22.44	-0.024625
22.45	-0.029067
22.46	-0.031479
22.47	-0.031573
22.48	-0.030519
22.49	-0.029196
22.5	-0.027985
22.51	-0.027318
22.52	-0.028372
22.53	-0.030057
22.54	-0.029572
22.55	-0.027493
22.56	-0.024652
22.57	-0.020376
22.58	-0.015906
22.59	-0.012595
22.6	-0.0099073
22.61	-0.0075638
22.62	-0.0054079
22.63	-0.0025933
22.64	0.00037021
22.65	0.0023618
22.66	0.0036784
22.67	0.0058961
22.68	0.0097537
22.69	0.013452
22.7	0.015393
22.71	0.016477
22.72	0.0178
22.73	0.019114
22.74	0.019353
22.75	0.017693
22.76	0.015762
22.77	0.015401
22.78	0.016159
22.79	0.017809
22.8	0.020695
22.81	0.024609
22.82	0.027989
22.83	0.029688
22.84	0.030328
22.85	0.029995
22.86	0.028789
22.87	0.027852
22.88	0.02753
22.89	0.026782
22.9	0.02474
22.91	0.021787
22.92	0.018875
22.93	0.016971
22.94	0.016385
22.95	0.015673
22.96	0.014893
22.97	0.015453
22.98	0.016948
22.99	0.018706
23	0.019996
23.01	0.020776
23.02	0.021364
23.03	0.021118
23.04	0.019615
23.05	0.016392
23.06	0.012998
23.07	0.012303
23.08	0.013319
23.09	0.01345
23.1	0.012555
23.11	0.01148
23.12	0.0096777
23.13	0.0066683
23.14	0.003526
23.15	0.00028731
23.16	-0.0039124
23.17	-0.0081062
23.18	-0.011575
23.19	-0.015032
23.2	-0.017788
23.21	-0.01942
23.22	-0.021182
23.23	-0.023397
23.24	-0.024119
23.25	-0.022709
23.26	-0.022595
23.27	-0.025164
23.28	-0.027074
23.29	-0.026226
23.3	-0.02462
23.31	-0.02493
23.32	-0.026954
23.33	-0.028449
23.34	-0.029491
23.35	-0.031417
23.36	-0.033102
23.37	-0.034169
23.38	-0.035483
23.39	-0.036535
23.4	-0.036141
23.41	-0.033993
23.42	-0.031011
23.43	-0.027102
23.44	-0.02102
23.45	-0.013054
23.46	-0.0058637
23.47	-0.0012265
23.48	0.0014072
23.49	0.0019828
23.5	0.0010898
23.51	-0.00026249
23.52	-0.0029416
23.53	-0.0067828
23.54	-0.010753
23.55	-0.015518
23.56	-0.021283
23.57	-0.026491
23.58	-0.030318
23.59	-0.034103
23.6	-0.038082
23.61	-0.039597
23.62	-0.038414
23.63	-0.036852
23.64	-0.035159
23.65	-0.033754
23.66	-0.034239
23.67	-0.035739
23.68	-0.036953
23.69	-0.039397
23.7	-0.043723
23.71	-0.04725
23.72	-0.046669
23.73	-0.042199
23.74	-0.036104
23.75	-0.02868
23.76	-0.020401
23.77	-0.012182
23.78	-0.0042191
23.79	0.0019985
23.8	0.0046586
23.81	0.0042185
23.82	0.0031691
23.83	0.003331
23.84	0.0041557
23.85	0.0047463
23.86	0.0068522
23.87	0.011643
23.88	0.015605
23.89	0.016213
23.9	0.015297
23.91	0.015276
23.92	0.01778
23.93	0.021672
23.94	0.023679
23.95	0.024509
23.96	0.027294
23.97	0.032142
23.98	0.037173
23.99	0.041341
24	0.045861
24.01	0.051513
24.02	0.056687
24.03	0.060979
24.04	0.064618
24.05	0.065967
24.06	0.066052
24.07	0.06743
24.08	0.068181
24.09	0.066214
24.1	0.063161
24.11	0.06036
24.12	0.057494
24.13	0.054663
24.14	0.052502
24.15	0.051058
24.16	0.049421
24.17	0.048829
24.18	0.049379
24.19	0.046942
24.2	0.04177
24.21	0.036755
24.22	0.031641
24.23	0.027245
24.24	0.023833
24.25	0.019212
24.26	0.013074
24.27	0.0070281
24.28	0.001765
24.29	-0.0033457
24.3	-0.0081463
24.31	-0.012338
24.32	-0.015768
24.33	-0.017243
24.34	-0.017761
24.35	-0.020265
24.36	-0.024055
24.37	-0.025705
24.38	-0.024918
24.39	-0.023873
24.4	-0.023459
24.41	-0.023411
24.42	-0.022844
24.43	-0.020054
24.44	-0.015147
24.45	-0.010106
24.46	-0.0055943
24.47	-0.0014872
24.48	0.0017986
24.49	0.0034812
24.5	0.0023089
24.51	-0.0014365
24.52	-0.0050172
24.53	-0.0068545
24.54	-0.0075081
24.55	-0.0077426
24.56	-0.0078205
24.57	-0.0083152
24.58	-0.010293
24.59	-0.013366
24.6	-0.016601
24.61	-0.020032
24.62	-0.023198
24.63	-0.024866
24.64	-0.024015
24.65	-0.020718
24.66	-0.017172
24.67	-0.015435
24.68	-0.01467
24.69	-0.013907
24.7	-0.014973
24.71	-0.01721
24.72	-0.016561
24.73	-0.013979
24.74	-0.013326
24.75	-0.013895
24.76	-0.012916
24.77	-0.011174
24.78	-0.010655
24.79	-0.01095
24.8	-0.010851
24.81	-0.011226
24.82	-0.013802
24.83	-0.015547
24.84	-0.014165
24.85	-0.013643
24.86	-0.015395
24.87	-0.016736
24.88	-0.01627
24.89	-0.014694
24.9	-0.014546
24.91	-0.016063
24.92	-0.016439
24.93	-0.015724
24.94	-0.015694
24.95	-0.015936
24.96	-0.015548
24.97	-0.015478
24.98	-0.016904
24.99	-0.01844
25	-0.018147
25.01	-0.016578
25.02	-0.015105
25.03	-0.01348
25.04	-0.011732
25.05	-0.010815
25.06	-0.010521
25.07	-0.0096725
25.08	-0.0085818
25.09	-0.0085959
25.1	-0.009049
25.11	-0.0088066
25.12	-0.0080741
25.13	-0.0070123
25.14	-0.005869
25.15	-0.0051578
25.16	-0.0038858
25.17	-0.00077514
25.18	0.0021982
25.19	0.0022122
25.2	-0.0007453
25.21	-0.0037605
25.22	-0.0038832
25.23	-0.0025596
25.24	-0.0021124
25.25	-0.0026777
25.26	-0.0032156
25.27	-0.0011991
25.28	0.0024684
25.29	0.0053226
25.3	0.0090961
25.31	0.014485
25.32	0.018857
25.33	0.021197
25.34	0.02309
25.35	0.024967
25.36	0.026085
25.37	0.025934
25.38	0.024628
25.39	0.023849
25.4	0.023573
25.41	0.022292
25.42	0.020999
25.43	0.020697
25.44	0.019482
25.45	0.015748
25.46	0.01152
25.47	0.0096766
25.48	0.0094837
25.49	0.0086302
25.5	0.0060089
25.51	0.0025682
25.52	0.00046361
25.53	-0.00059835
25.54	-0.0032605
25.55	-0.0081406
25.56	-0.011633
25.57	-0.011605
25.58	-0.010392
25.59	-0.0099958
25.6	-0.010115
25.61	-0.0091954
25.62	-0.0060185
25.63	-0.003071
25.64	-0.0041924
25.65	-0.0075092
25.66	-0.0085031
25.67	-0.0068122
25.68	-0.0052334
25.69	-0.0066763
25.7	-0.011061
25.71	-0.014502
25.72	-0.014467
25.73	-0.012425
25.74	-0.010162
25.75	-0.0072306
25.76	-0.0038521
25.77	-0.001471
25.78	0.00044231
25.79	0.0023386
25.8	0.002559
25.81	0.00037323
25.82	-0.0019043
25.83	-0.0028445
25.84	-0.0043543
25.85	-0.0070092
25.86	-0.0084858
25.87	-0.0075056
25.88	-0.0048846
25.89	-0.0018585
25.9	0.00035574
25.91	0.0016934
25.92	0.0027322
25.93	0.0040067
25.94	0.0049742
25.95	0.0033003
25.96	-0.00011252
25.97	-0.0021433
25.98	-0.0035912
25.99	-0.0061504
26	-0.008575
26.01	-0.0089218
26.02	-0.0073203
26.03	-0.0049839
26.04	-0.0034206
26.05	-0.004449
26.06	-0.0048612
26.07	-0.0013648
26.08	0.0020293
26.09	0.0023014
26.1	0.0014527
26.11	0.0013998
26.12	0.0013864
26.13	0.00071174
26.14	0.00074407
26.15	0.0015684
26.16	0.0018449
26.17	0.0032109
26.18	0.0067725
26.19	0.0075965
26.2	0.0037442
26.21	0.00054696
26.22	-0.00042119
26.23	-0.0027148
26.24	-0.0063833
26.25	-0.0082055
26.26	-0.0077114
26.27	-0.006914
26.28	-0.0063243
26.29	-0.0053748
26.3	-0.0036545
26.31	-0.00097935
26.32	0.0014031
26.33	0.0025828
26.34	0.0030021
26.35	0.0028333
26.36	0.002177
26.37	0.0019929
26.38	0.0026697
26.39	0.0035174
26.4	0.0040828
26.41	0.0048504
26.42	0.0060761
26.43	0.0057276
26.44	0.0034861
26.45	0.001933
26.46	0.00021423
26.47	-0.0034377
26.48	-0.0069256
26.49	-0.0090557
26.5	-0.010817
26.51	-0.011882
26.52	-0.010994
26.53	-0.0086479
26.54	-0.0061369
26.55	-0.0027755
26.56	0.0020853
26.57	0.0074092
26.58	0.011938
26.59	0.01499
26.6	0.017274
26.61	0.019601
26.62	0.020641
26.63	0.019285
26.64	0.017804
26.65	0.018725
26.66	0.020743
26.67	0.02176
26.68	0.020788
26.69	0.017765
26.7	0.015793
26.71	0.015827
26.72	0.014191
26.73	0.010163
26.74	0.0069345
26.75	0.006147
26.76	0.0055134
26.77	0.0034489
26.78	0.0023595
26.79	0.0036152
26.8	0.0053207
26.81	0.0056992
26.82	0.0051491
26.83	0.0049377
26.84	0.0041677
26.85	0.001012
26.86	-0.0032839
26.87	-0.0063471
26.88	-0.0087613
26.89	-0.01159
26.9	-0.01316
26.91	-0.01264
26.92	-0.011603
26.93	-0.011044
26.94	-0.010707
26.95	-0.010294
26.96	-0.0098245
26.97	-0.0079926
26.98	-0.0045021
26.99	-0.001658
27	-5.4435e-05
27.01	0.00086748
27.02	0.0010515
27.03	0.0011481
27.04	0.0015483
27.05	0.0025644
27.06	0.0067217
27.07	0.014068
27.08	0.019024
27.09	0.018946
27.1	0.017111
27.11	0.016699
27.12	0.017237
27.13	0.016725
27.14	0.014112
27.15	0.0092398
27.16	0.0050048
27.17	0.0032704
27.18	0.00091103
27.19	-0.0037262
27.2	-0.0085036
27.21	-0.011061
27.22	-0.011508
27.23	-0.011758
27.24	-0.011893
27.25	-0.01178
27.26	-0.013844
27.27	-0.017893
27.28	-0.020105
27.29	-0.020382
27.3	-0.021882
27.31	-0.024034
27.32	-0.023922
27.33	-0.021402
27.34	-0.018547
27.35	-0.017958
27.36	-0.019398
27.37	-0.019805
27.38	-0.018305
27.39	-0.0175
27.4	-0.019973
27.41	-0.023389
27.42	-0.023772
27.43	-0.021814
27.44	-0.02015
27.45	-0.019194
27.46	-0.018132
27.47	-0.016709
27.48	-0.015369
27.49	-0.014458
27.5	-0.012661
27.51	-0.0086742
27.52	-0.0043309
27.53	-0.0018295
27.54	-0.0010611
27.55	-0.00096948
27.56	0.00042534
27.57	0.004576
27.58	0.0088516
27.59	0.010121
27.6	0.01015
27.61	0.011292
27.62	0.013509
27.63	0.016373
27.64	0.019039
27.65	0.021787
27.66	0.024678
27.67	0.027532
27.68	0.03044
27.69	0.03146
27.7	0.030782
27.71	0.030493
27.72	0.030355
27.73	0.029686
27.74	0.027443
27.75	0.022746
27.76	0.018349
27.77	0.016508
27.78	0.015932
27.79	0.015817
27.8	0.015886
27.81	0.016979
27.82	0.02028
27.83	0.024667
27.84	0.028512
27.85	0.031358
27.86	0.034326
27.87	0.036834
27.88	0.037729
27.89	0.039003
27.9	0.04093
27.91	0.041062
27.92	0.03895
27.93	0.035726
27.94	0.031443
27.95	0.026962
27.96	0.025615
27.97	0.028192
27.98	0.030587
27.99	0.029829
28	0.027492
28.01	0.025742
28.02	0.024583
28.03	0.023492
28.04	0.020835
28.05	0.015358
28.06	0.0103
28.07	0.0085344
28.08	0.0085609
28.09	0.0072969
28.1	0.0028328
28.11	-0.0021372
28.12	-0.0044355
28.13	-0.0068737
28.14	-0.01127
28.15	-0.014032
28.16	-0.013924
28.17	-0.013293
28.18	-0.013693
28.19	-0.014698
28.2	-0.014674
28.21	-0.013658
28.22	-0.013065
28.23	-0.012697
28.24	-0.010591
28.25	-0.0069122
28.26	-0.0038146
28.27	-0.0007266
28.28	0.002124
28.29	0.002891
28.3	0.0017002
28.31	-0.001575
28.32	-0.0061201
28.33	-0.0089208
28.34	-0.010161
28.35	-0.013152
28.36	-0.016249
28.37	-0.015541
28.38	-0.01277
28.39	-0.010684
28.4	-0.0089848
28.41	-0.0079181
28.42	-0.0080047
28.43	-0.0084681
28.44	-0.0086692
28.45	-0.0087284
28.46	-0.0091584
28.47	-0.011031
28.48	-0.014738
28.49	-0.017974
28.5	-0.018597
28.51	-0.017791
28.52	-0.01749
28.53	-0.01708
28.54	-0.014873
28.55	-0.011348
28.56	-0.0087095
28.57	-0.0077749
28.58	-0.0069651
28.59	-0.0062379
28.6	-0.0074284
28.61	-0.010962
28.62	-0.015669
28.63	-0.020219
28.64	-0.024283
28.65	-0.028224
28.66	-0.031833
28.67	-0.033151
28.68	-0.032285
28.69	-0.033275
28.7	-0.036608
28.71	-0.038458
28.72	-0.039419
28.73	-0.041644
28.74	-0.042765
28.75	-0.041416
28.76	-0.039363
28.77	-0.037702
28.78	-0.036239
28.79	-0.034746
28.8	-0.033322
28.81	-0.031524
28.82	-0.029399
28.83	-0.027813
28.84	-0.026401
28.85	-0.024916
28.86	-0.023782
28.87	-0.022956
28.88	-0.021165
28.89	-0.016951
28.9	-0.01207
28.91	-0.0088236
28.92	-0.0058224
28.93	-0.0020813
28.94	0.00025853
28.95	0.00052852
28.96	0.00028998
28.97	0.00061732
28.98	0.0030217
28.99	0.0075895
29	0.010591
29.01	0.011847
29.02	0.015114
29.03	0.018735
29.04	0.019303
29.05	0.018338
29.06	0.019026
29.07	0.022156
29.08	0.025238
29.09	0.02569
29.1	0.024334
29.11	0.023155
29.12	0.022914
29.13	0.023277
29.14	0.023744
29.15	0.025107
29.16	0.028177
29.17	0.031055
29.18	0.030197
29.19	0.026464
29.2	0.023651
29.21	0.020707
29.22	0.016157
29.23	0.01249
29.24	0.009878
29.25	0.0068375
29.26	0.0041521
29.27	0.0028201
29.28	0.0026076
29.29	0.0016832
29.3	-0.0016125
29.31	-0.0053743
29.32	-0.0066814
29.33	-0.0075681
29.34	-0.010954
29.35	-0.014333
29.36	-0.015429
29.37	-0.015635
29.38	-0.017007
29.39	-0.019294
29.4	-0.019748
29.41	-0.017926
29.42	-0.015896
29.43	-0.013807
29.44	-0.010384
29.45	-0.0071289
29.46	-0.0059925
29.47	-0.0064031
29.48	-0.0070354
29.49	-0.0068837
29.5	-0.0062323
29.51	-0.0060114
29.52	-0.0061932
29.53	-0.0055046
29.54	-0.0053851
29.55	-0.0081634
29.56	-0.0099561
29.57	-0.0083308
29.58	-0.0060966
29.59	-0.0036711
29.6	-0.0011846
29.61	-0.00016476
29.62	-0.00023799
29.63	-0.00023482
29.64	2.5741e-05
29.65	0.0010914
29.66	0.0042491
29.67	0.0083075
29.68	0.010216
29.69	0.0091083
29.7	0.0068975
29.71	0.0047502
29.72	0.0021549
29.73	0.00036705
29.74	0.00041286
29.75	0.001007
29.76	0.001222
29.77	0.0012419
29.78	0.0013453
29.79	0.0014951
29.8	0.0016502
29.81	0.00157
29.82	0.0025923
29.83	0.0065074
29.84	0.010515
29.85	0.011509
29.86	0.011191
29.87	0.012137
29.88	0.014869
29.89	0.017647
29.9	0.018373
29.91	0.017462
29.92	0.016539
29.93	0.01602
29.94	0.015563
29.95	0.015134
29.96	0.01366
29.97	0.01029
29.98	0.0067565
29.99	0.0046109
30	0.0037107
30.01	0.0040359
30.02	0.0068946
30.03	0.011183
30.04	0.012777
30.05	0.012125
30.06	0.013942
30.07	0.017783
30.08	0.02005
30.09	0.021905
30.1	0.023812
30.11	0.023143
30.12	0.021273
30.13	0.021101
30.14	0.021667
30.15	0.021072
30.16	0.019921
30.17	0.021499
30.18	0.025374
30.19	0.026806
30.2	0.0252
30.21	0.023284
30.22	0.021699
30.23	0.018518
30.24	0.01409
30.25	0.011451
30.26	0.011149
30.27	0.010403
30.28	0.0069027
30.29	0.0023051
30.3	-0.000273
30.31	-6.0904e-05
30.32	0.0020259
30.33	0.0049713
30.34	0.0071168
30.35	0.0072316
30.36	0.0062592
30.37	0.0055498
30.38	0.0051366
30.39	0.0046897
30.4	0.0046615
30.41	0.0047447
30.42	0.0038623
30.43	0.0026005
30.44	0.0020249
30.45	0.0017196
30.46	0.00014011
30.47	-0.0036393
30.48	-0.0076259
30.49	-0.0091455
30.5	-0.0088362
30.51	-0.0085495
30.52	-0.0087103
30.53	-0.010183
30.54	-0.013748
30.55	-0.017513
30.56	-0.018787
30.57	-0.017633
30.58	-0.016514
30.59	-0.016347
30.6	-0.014401
30.61	-0.0096731
30.62	-0.0061717
30.63	-0.0060205
30.64	-0.0069831
30.65	-0.007145
30.66	-0.007222
30.67	-0.0093211
30.68	-0.01314
30.69	-0.016666
30.7	-0.019855
30.71	-0.022527
30.72	-0.023067
30.73	-0.021975
30.74	-0.022253
30.75	-0.024711
30.76	-0.026819
30.77	-0.027201
30.78	-0.02692
30.79	-0.026756
30.8	-0.026825
30.81	-0.027351
30.82	-0.026714
30.83	-0.023607
30.84	-0.020329
30.85	-0.018952
30.86	-0.018634
30.87	-0.018017
30.88	-0.01709
30.89	-0.016047
30.9	-0.014348
30.91	-0.01158
30.92	-0.008141
30.93	-0.0053422
30.94	-0.0040668
30.95	-0.0038276
30.96	-0.0037765
30.97	-0.0033687
30.98	-0.0025349
30.99	-0.0012526
31	0.0010172
31.01	0.0038353
31.02	0.0054614
31.03	0.0048356
31.04	0.0019736
31.05	-0.0016459
31.06	-0.0033549
31.07	-0.0037026
31.08	-0.0059041
31.09	-0.0089698
31.1	-0.0099564
31.11	-0.010257
31.12	-0.011794
31.13	-0.013041
31.14	-0.012139
31.15	-0.010144
31.16	-0.0091188
31.17	-0.0079032
31.18	-0.0052821
31.19	-0.0032492
31.2	-0.0028611
31.21	-0.0029447
31.22	-0.0027068
31.23	-0.0020753
31.24	-9.6392e-05
31.25	0.0037786
31.26	0.0071914
31.27	0.0077706
31.28	0.0075579
31.29	0.010342
31.3	0.014823
31.31	0.016643
31.32	0.015702
31.33	0.014704
31.34	0.014503
31.35	0.014304
31.36	0.013964
31.37	0.014814
31.38	0.016507
31.39	0.016009
31.4	0.013164
31.41	0.01107
31.42	0.010853
31.43	0.012822
31.44	0.016666
31.45	0.019141
31.46	0.01867
31.47	0.017228
31.48	0.017145
31.49	0.019612
31.5	0.023007
31.51	0.023875
31.52	0.021937
31.53	0.020535
31.54	0.020389
31.55	0.019538
31.56	0.01846
31.57	0.018262
31.58	0.017719
31.59	0.016094
31.6	0.01499
31.61	0.015037
31.62	0.014921
31.63	0.014156
31.64	0.013181
31.65	0.012784
31.66	0.014717
31.67	0.018357
31.68	0.019965
31.69	0.018754
31.7	0.017164
31.71	0.016323
31.72	0.015819
31.73	0.014706
31.74	0.01207
31.75	0.0081533
31.76	0.0044426
31.77	0.0025669
31.78	0.0022984
31.79	0.0021472
31.8	0.0016076
31.81	0.00096219
31.82	0.00054165
31.83	-0.00021762
31.84	-0.0021655
31.85	-0.0038416
31.86	-0.0047705
31.87	-0.0071045
31.88	-0.0099097
31.89	-0.010751
31.9	-0.011496
31.91	-0.014558
31.92	-0.017944
31.93	-0.019237
31.94	-0.01884
31.95	-0.018229
31.96	-0.018073
31.97	-0.018027
31.98	-0.017847
31.99	-0.01757
32	-0.017256
32.01	-0.017016
32.02	-0.016792
32.03	-0.016331
32.04	-0.016465
32.05	-0.018389
32.06	-0.019695
32.07	-0.018355
32.08	-0.017468
32.09	-0.019167
32.1	-0.021543
32.11	-0.022181
32.12	-0.021305
32.13	-0.020003
32.14	-0.01716
32.15	-0.012737
32.16	-0.0095585
32.17	-0.0088567
32.18	-0.0090227
32.19	-0.0098328
32.2	-0.012561
32.21	-0.015678
32.22	-0.016437
32.23	-0.015111
32.24	-0.015175
32.25	-0.018695
32.26	-0.022057
32.27	-0.021943
32.28	-0.020135
32.29	-0.018957
32.3	-0.018407
32.31	-0.017672
32.32	-0.016592
32.33	-0.015913
32.34	-0.016749
32.35	-0.019253
32.36	-0.020711
32.37	-0.017736
32.38	-0.012518
32.39	-0.0099431
32.4	-0.0089142
32.41	-0.005687
32.42	-0.0015281
32.43	0.00049332
32.44	0.0004805
32.45	-0.00055524
32.46	-0.0018334
32.47	-0.0026902
32.48	-0.0040429
32.49	-0.005693
32.5	-0.0053701
32.51	-0.0026314
32.52	-0.00049242
32.53	-0.00035654
32.54	-0.00084483
32.55	-0.002094
32.56	-0.0028391
32.57	-0.00062809
32.58	0.0030983
32.59	0.005104
32.6	0.0050433
32.61	0.0046701
32.62	0.0047574
32.63	0.0050392
32.64	0.005721
32.65	0.006985
32.66	0.0083158
32.67	0.0092105
32.68	0.0084956
32.69	0.0061798
32.7	0.0047251
32.71	0.0049049
32.72	0.0052613
32.73	0.0051606
32.74	0.0050051
32.75	0.0049015
32.76	0.0053262
32.77	0.0073888
32.78	0.010014
32.79	0.010764
32.8	0.010608
32.81	0.011772
32.82	0.01305
32.83	0.012873
32.84	0.012052
32.85	0.011563
32.86	0.011287
32.87	0.010851
32.88	0.010699
32.89	0.011161
32.9	0.011381
32.91	0.012131
32.92	0.014973
32.93	0.017789
32.94	0.018096
32.95	0.016807
32.96	0.016615
32.97	0.020611
32.98	0.026586
32.99	0.027765
33	0.02569
33.01	0.026664
33.02	0.029203
33.03	0.029384
33.04	0.027262
33.05	0.024459
33.06	0.023169
33.07	0.023796
33.08	0.024196
33.09	0.022057
33.1	0.016935
33.11	0.012298
33.12	0.010925
33.13	0.011053
33.14	0.010631
33.15	0.0098053
33.16	0.0091973
33.17	0.0092569
33.18	0.0096077
33.19	0.008944
33.2	0.0076208
33.21	0.0071205
33.22	0.0064425
33.23	0.0035049
33.24	-0.00047484
33.25	-0.0028652
33.26	-0.0031037
33.27	-0.0035087
33.28	-0.0068655
33.29	-0.011049
33.3	-0.012392
33.31	-0.013295
33.32	-0.016734
33.33	-0.019638
33.34	-0.019428
33.35	-0.017959
33.36	-0.01713
33.37	-0.016949
33.38	-0.016253
33.39	-0.013528
33.4	-0.0093207
33.41	-0.006355
33.42	-0.0053806
33.43	-0.0036268
33.44	0.0003193
33.45	0.0037697
33.46	0.0047717
33.47	0.0046151
33.48	0.0058481
33.49	0.0087135
33.5	0.010553
33.51	0.010918
33.52	0.011102
33.53	0.0095712
33.54	0.0049979
33.55	0.00075477
33.56	-0.00018355
33.57	0.00050955
33.58	0.00066746
33.59	0.00025515
33.6	-3.0812e-05
33.61	-3.795e-05
33.62	-1.8152e-05
33.63	-0.00011432
33.64	-0.00024445
33.65	-0.00032004
33.66	-0.0003764
33.67	-0.0003087
33.68	-0.00040344
33.69	-0.0022161
33.7	-0.0051804
33.71	-0.0061856
33.72	-0.0046499
33.73	-0.0025704
33.74	-0.001385
33.75	-0.00077305
33.76	-0.00034233
33.77	-0.00027133
33.78	-0.0005005
33.79	-0.00047576
33.8	0.00080198
33.81	0.0035818
33.82	0.0066524
33.83	0.0081762
33.84	0.0079011
33.85	0.0070994
33.86	0.0065264
33.87	0.0061442
33.88	0.0057717
33.89	0.0053748
33.9	0.0049897
33.91	0.0046358
33.92	0.0043603
33.93	0.0041307
33.94	0.0029869
33.95	0.00043497
33.96	-0.001448
33.97	-0.002007
33.98	-0.0033833
33.99	-0.0054757
34	-0.0064059
34.01	-0.0061715
34.02	-0.0059078
34.03	-0.0064817
34.04	-0.0089644
34.05	-0.012577
34.06	-0.014
34.07	-0.013139
34.08	-0.012758
34.09	-0.012978
34.1	-0.012707
34.11	-0.012098
34.12	-0.011632
34.13	-0.011314
34.14	-0.01101
34.15	-0.010879
34.16	-0.010108
34.17	-0.0078496
34.18	-0.0065441
34.19	-0.0079335
34.2	-0.0094093
34.21	-0.0091653
34.22	-0.0083279
34.23	-0.0079372
34.24	-0.0078169
34.25	-0.0075757
34.26	-0.0072284
34.27	-0.0069141
34.28	-0.0066679
34.29	-0.0064198
34.3	-0.0061462
34.31	-0.005883
34.32	-0.0056102
34.33	-0.0053418
34.34	-0.005087
34.35	-0.0048283
34.36	-0.0045789
34.37	-0.0042295
34.38	-0.0045404
34.39	-0.0063935
34.4	-0.0086
34.41	-0.0093034
34.42	-0.0079091
34.43	-0.0051394
34.44	-0.0025583
34.45	-0.0014849
34.46	-0.0015663
34.47	-0.0017147
34.48	-0.00078542
34.49	0.0018857
34.5	0.0044602
34.51	0.005711
34.52	0.0067556
34.53	0.0076336
34.54	0.0060877
34.55	0.0012863
34.56	-0.0011171
34.57	0.0027016
34.58	0.0067017
34.59	0.0066148
34.6	0.0058195
34.61	0.0058545
34.62	0.0049797
34.63	0.0037871
34.64	0.0038969
34.65	0.0050034
34.66	0.0057917
34.67	0.005726
34.68	0.00534
34.69	0.0051427
34.7	0.0050658
34.71	0.0049279
34.72	0.0047632
34.73	0.0045826
34.74	0.0043525
34.75	0.0040951
34.76	0.0034247
34.77	0.001512
34.78	-0.0015538
34.79	-0.0041671
34.8	-0.0050183
34.81	-0.0046265
34.82	-0.0041896
34.83	-0.0041751
34.84	-0.0038808
34.85	-0.0016224
34.86	0.0024604
34.87	0.0053788
34.88	0.0056357
34.89	0.0048763
34.9	0.0045946
34.91	0.0046634
34.92	0.0045744
34.93	0.0043223
34.94	0.0041206
34.95	0.0039028
34.96	0.0036769
34.97	0.0046318
34.98	0.007904
34.99	0.011489
35	0.012522
35.01	0.011563
35.02	0.010727
35.03	0.010362
35.04	0.0082819
35.05	0.0034537
35.06	5.0623e-06
35.07	0.0013855
35.08	0.0051544
35.09	0.0070713
35.1	0.0064224
35.11	0.0060164
35.12	0.0069209
35.13	0.0079095
35.14	0.0081223
35.15	0.0070591
35.16	0.0060619
35.17	0.0064187
35.18	0.0066839
35.19	0.0048977
35.2	0.00052478
35.21	-0.0039232
35.22	-0.0053344
35.23	-0.0045628
35.24	-0.0044505
35.25	-0.0058823
35.26	-0.00799
35.27	-0.010294
35.28	-0.01218
35.29	-0.012656
35.3	-0.012088
35.31	-0.011539
35.32	-0.011246
35.33	-0.010929
35.34	-0.010633
35.35	-0.01024
35.36	-0.0083511
35.37	-0.004365
35.38	-0.00080936
35.39	9.6577e-05
35.4	-0.00049458
35.41	-0.00077985
35.42	-0.00061318
35.43	-0.000527
35.44	-0.00061662
35.45	-0.00070088
35.46	-0.00071024
35.47	-0.00069901
35.48	-0.00073943
35.49	-0.00064267
35.5	-0.0013072
35.51	-0.0036636
35.52	-0.0062596
35.53	-0.0072412
35.54	-0.00694
35.55	-0.0074904
35.56	-0.0087966
35.57	-0.009065
35.58	-0.0084324
35.59	-0.0079578
35.6	-0.0077655
35.61	-0.0069333
35.62	-0.0047111
35.63	-0.0015328
35.64	0.0010386
35.65	0.0018142
35.66	0.0014139
35.67	0.0010935
35.68	0.001136
35.69	0.0011267
35.7	0.00090416
35.71	0.00074948
35.72	0.00071031
35.73	0.00053264
35.74	0.00026727
35.75	0.00014193
35.76	9.2319e-05
35.77	2.2263e-05
35.78	-0.00019797
35.79	-0.0017256
35.8	-0.0052976
35.81	-0.0087386
35.82	-0.0097245
35.83	-0.0090697
35.84	-0.0088672
35.85	-0.0095702
35.86	-0.010326
35.87	-0.010077
35.88	-0.0083723
35.89	-0.0068041
35.9	-0.0065416
35.91	-0.006626
35.92	-0.0063634
35.93	-0.0060148
35.94	-0.0057532
35.95	-0.00539
35.96	-0.0045025
35.97	-0.0036078
35.98	-0.0037558
35.99	-0.0042052
36	-0.0040016
36.01	-0.0034149
36.02	-0.0026406
36.03	-0.00085603
36.04	0.0017814
36.05	0.0039221
36.06	0.0054337
36.07	0.0064541
36.08	0.0067741
36.09	0.0067157
36.1	0.0066076
36.11	0.0065664
36.12	0.0066186
36.13	0.0066738
36.14	0.0066023
36.15	0.0064058
36.16	0.0062516
36.17	0.0067084
36.18	0.0076303
36.19	0.0074154
36.2	0.0058431
36.21	0.0047359
36.22	0.0046118
36.23	0.0039954
36.24	0.00201
36.25	-0.0011029
36.26	-0.0034811
36.27	-0.0026457
36.28	2.9662e-05
36.29	0.0022138
36.3	0.0040296
36.31	0.0050926
36.32	0.0050342
36.33	0.0046589
36.34	0.0043326
36.35	0.0043367
36.36	0.0060511
36.37	0.0095332
36.38	0.012193
36.39	0.012384
36.4	0.011583
36.41	0.012178
36.42	0.014697
36.43	0.017578
36.44	0.018493
36.45	0.016619
36.46	0.014652
36.47	0.014941
36.48	0.015824
36.49	0.015244
36.5	0.013212
36.51	0.011442
36.52	0.011412
36.53	0.011723
36.54	0.0095922
36.55	0.0051042
36.56	0.0017492
36.57	0.001217
36.58	0.0017053
36.59	0.0015655
36.6	0.00070675
36.61	-0.00031179
36.62	-0.0018311
36.63	-0.0045239
36.64	-0.0070842
36.65	-0.0079941
36.66	-0.0076832
36.67	-0.0070664
36.68	-0.0072836
36.69	-0.0096104
36.7	-0.012876
36.71	-0.01452
36.72	-0.014135
36.73	-0.013205
36.74	-0.012671
36.75	-0.01232
36.76	-0.011896
36.77	-0.010993
36.78	-0.0098788
36.79	-0.0093063
36.8	-0.0077945
36.81	-0.005223
36.82	-0.0040087
36.83	-0.0041705
36.84	-0.0052149
36.85	-0.0063093
36.86	-0.005881
36.87	-0.0050961
36.88	-0.0050793
36.89	-0.0047045
36.9	-0.0027728
36.91	-0.00016795
36.92	0.0011018
36.93	0.00094794
36.94	0.00058842
36.95	0.00056668
36.96	0.00066564
36.97	0.00066898
36.98	0.00062737
36.99	0.00060795
37	0.0006058
37.01	0.00061145
37.02	0.00062535
37.03	0.0006292
37.04	0.00061581
37.05	0.00059923
37.06	0.00059578
37.07	0.00060717
37.08	0.00062259
37.09	0.00062339
37.1	0.00057571
37.11	0.00052767
37.12	0.0011336
37.13	0.0024183
37.14	0.00323
37.15	0.0038779
37.16	0.0050385
37.17	0.006183
37.18	0.0063042
37.19	0.0039224
37.2	0.00034951
37.21	-0.00116
37.22	-0.0006229
37.23	-0.00041237
37.24	-0.002178
37.25	-0.0052825
37.26	-0.0072389
37.27	-0.0070974
37.28	-0.0062582
37.29	-0.0058307
37.3	-0.00581
37.31	-0.0051601
37.32	-0.0023952
37.33	0.0012111
37.34	0.0027438
37.35	0.0023284
37.36	0.0017351
37.37	0.0017248
37.38	0.0033965
37.39	0.0064897
37.4	0.0081821
37.41	0.0076698
37.42	0.006767
37.43	0.0064244
37.44	0.0062794
37.45	0.0059582
37.46	0.0055459
37.47	0.0051964
37.48	0.0049292
37.49	0.0046996
37.5	0.0044766
37.51	0.0041983
37.52	0.0038282
37.53	0.0034817
37.54	0.0032412
37.55	0.0029835
37.56	0.003187
37.57	0.0048915
37.58	0.006965
37.59	0.0073161
37.6	0.0065248
37.61	0.0056138
37.62	0.0041214
37.63	0.0020027
37.64	0.00079194
37.65	0.00082319
37.66	0.00046503
37.67	-0.00017856
37.68	-0.00033199
37.69	-0.00062294
37.7	-0.0022739
37.71	-0.0051684
37.72	-0.0069291
37.73	-0.0065969
37.74	-0.0058475
37.75	-0.0065246
37.76	-0.008401
37.77	-0.0091239
37.78	-0.0077491
37.79	-0.0063678
37.8	-0.0065686
37.81	-0.006835
37.82	-0.0062741
37.83	-0.0059748
37.84	-0.0058849
37.85	-0.0058673
37.86	-0.0065021
37.87	-0.0071662
37.88	-0.0070176
37.89	-0.0064256
37.9	-0.0059618
37.91	-0.0056515
37.92	-0.0053305
37.93	-0.0049612
37.94	-0.0045513
37.95	-0.0043057
37.96	-0.0045929
37.97	-0.0054487
37.98	-0.0059995
37.99	-0.0054653
38	-0.0050441
38.01	-0.0057295
38.02	-0.0062882
38.03	-0.0058728
38.04	-0.0051215
38.05	-0.0046003
38.06	-0.004232
38.07	-0.0038201
38.08	-0.0034151
38.09	-0.0027541
38.1	-0.0015743
38.11	-0.00082665
38.12	-0.00078751
38.13	-0.00025347
38.14	0.001068
38.15	0.0023392
38.16	0.0028259
38.17	0.0030678
38.18	0.0036192
38.19	0.0036823
38.2	0.003652
38.21	0.0047555
38.22	0.0061911
38.23	0.006567
38.24	0.0061244
38.25	0.0057456
38.26	0.0056217
38.27	0.0054952
38.28	0.0052716
38.29	0.0050348
38.3	0.0048348
38.31	0.0046573
38.32	0.0044288
38.33	0.0042682
38.34	0.0047373
38.35	0.0059002
38.36	0.006729
38.37	0.0065852
38.38	0.0059767
38.39	0.0054834
38.4	0.0054996
38.41	0.0062797
38.42	0.0071616
38.43	0.0072057
38.44	0.0065779
38.45	0.0059669
38.46	0.0055492
38.47	0.005154
38.48	0.0047063
38.49	0.0042652
38.5	0.0038684
38.51	0.0034986
38.52	0.0031425
38.53	0.0027982
38.54	0.0022141
38.55	0.0013036
38.56	0.00086106
38.57	0.001182
38.58	0.0013938
38.59	0.0011065
38.6	0.00071763
38.61	0.00047277
38.62	0.0002983
38.63	9.7169e-05
38.64	-0.00012114
38.65	-0.00031666
38.66	-0.0004797
38.67	-0.00059904
38.68	-0.00070297
38.69	-0.0012426
38.7	-0.0023923
38.71	-0.0032382
38.72	-0.0032606
38.73	-0.0030161
38.74	-0.0029428
38.75	-0.0029677
38.76	-0.0029372
38.77	-0.0028597
38.78	-0.0027943
38.79	-0.0027525
38.8	-0.0027041
38.81	-0.0025911
38.82	-0.0025758
38.83	-0.0030595
38.84	-0.003813
38.85	-0.0040805
38.86	-0.0038131
38.87	-0.0035066
38.88	-0.0033439
38.89	-0.003195
38.9	-0.00311
38.91	-0.0031113
38.92	-0.0030882
38.93	-0.0032711
38.94	-0.003563
38.95	-0.0035016
38.96	-0.0031193
38.97	-0.0028373
38.98	-0.0029791
38.99	-0.0033443
39	-0.0034075
39.01	-0.0030767
39.02	-0.0026743
39.03	-0.0023761
39.04	-0.0021242
39.05	-0.0018713
39.06	-0.0015783
39.07	-0.0011753
39.08	-0.00084818
39.09	-0.00078351
39.1	-0.00070045
39.11	-0.00045832
39.12	-0.00029034
39.13	-0.00021125
39.14	-8.4251e-05
39.15	6.8223e-05
39.16	0.00022362
39.17	0.0005595
39.18	0.0010707
39.19	0.0013878
39.2	0.0014015
39.21	0.0013519
39.22	0.0013681
39.23	0.0013999
39.24	0.0013997
39.25	0.0013841
39.26	0.0013673
39.27	0.0013463
39.28	0.0013283
39.29	0.001316
39.3	0.0013046
39.31	0.00129
39.32	0.0012659
39.33	0.0012657
39.34	0.0012954
39.35	0.0012679
39.36	0.0011861
39.37	0.0011333
39.38	0.0011186
39.39	0.001108
39.4	0.0010843
39.41	0.0010476
39.42	0.0010062
39.43	0.00097069
39.44	0.0009418
39.45	0.00090785
39.46	0.00086886
39.47	0.0008917
39.48	0.0010086
39.49	0.0010848
39.5	0.001028
39.51	0.00091713
39.52	0.0008316
39.53	0.00076697
39.54	0.00070053
39.55	0.00062427
39.56	0.00055801
39.57	0.0005409
39.58	0.00055219
39.59	0.00051406
39.6	0.00041528
39.61	0.00031915
39.62	0.00025697
39.63	0.00020769
39.64	0.00015382
39.65	0.00010345
39.66	6.9488e-05
39.67	4.8965e-05
39.68	2.6104e-05
39.69	-1.1215e-05
39.7	-5.6687e-05
39.71	-9.9073e-05
39.72	-0.00013535
39.73	-0.00016822
39.74	-0.00019038
39.75	-0.0002007
39.76	-0.00022082
39.77	-0.00025345
39.78	-0.00027736
39.79	-0.00028991
39.8	-0.00030128
39.81	-0.00031004
39.82	-0.00031236
39.83	-0.0003107
39.84	-0.00030749
39.85	-0.00030326
39.86	-0.00029695
39.87	-0.00028832
39.88	-0.00027709
39.89	-0.00026408
39.9	-0.00025088
39.91	-0.00023649
39.92	-0.00021988
39.93	-0.00020277
39.94	-0.00018564
39.95	-0.000167
39.96	-0.00014648
39.97	-0.00012427
39.98	-0.00010027
39.99	-7.4468e-05
