0	3.6356e-05
0.01	0.00039129
0.02	0.0013344
0.03	0.0017403
0.04	0.0014517
0.05	0.001354
0.06	0.0012602
0.07	0.0011759
0.08	0.0011004
0.09	0.0010309
0.1	0.00096439
0.11	0.00090515
0.12	0.00085744
0.13	0.00082785
0.14	0.00082808
0.15	0.00086471
0.16	0.00092593
0.17	0.0009885
0.18	0.0010329
0.19	0.0010394
0.2	0.0009985
0.21	0.00093115
0.22	0.00087343
0.23	0.00084226
0.24	0.00081884
0.25	0.00078008
0.26	0.00073411
0.27	0.00071736
0.28	0.00076319
0.29	0.00087433
0.3	0.0010073
0.31	0.0010858
0.32	0.0010493
0.33	0.00091116
0.34	0.00075693
0.35	0.00065932
0.36	0.0006079
0.37	0.00054278
0.38	0.00044088
0.39	0.00032073
0.4	0.00023643
0.41	0.00027442
0.42	0.00043228
0.43	0.00061526
0.44	0.00072739
0.45	0.00067454
0.46	0.00045742
0.47	0.00022414
0.48	0.00011014
0.49	0.0001021
0.5	0.00010274
0.51	7.424e-05
0.52	8.5595e-05
0.53	0.00015478
0.54	2.8159e-05
0.55	-0.00051525
0.56	-0.0012353
0.57	-0.001675
0.58	-0.0016072
0.59	-0.0012536
0.6	-0.0010965
0.61	-0.0012923
0.62	-0.0014559
0.63	-0.0011885
0.64	-0.00059904
0.65	-0.00017477
0.66	-0.00026817
0.67	-0.00080149
0.68	-0.0013733
0.69	-0.0015615
0.7	-0.001292
0.71	-0.00090969
0.72	-0.00082124
0.73	-0.0010692
0.74	-0.0014302
0.75	-0.0018103
0.76	-0.0021863
0.77	-0.0025382
0.78	-0.0029074
0.79	-0.0032255
0.8	-0.0031565
0.81	-0.0024868
0.82	-0.0016297
0.83	-0.0012218
0.84	-0.0013586
0.85	-0.0015236
0.86	-0.001259
0.87	-0.0009107
0.88	-0.0012159
0.89	-0.0020548
0.9	-0.002605
0.91	-0.0025783
0.92	-0.0022071
0.93	-0.0016994
0.94	-0.0012933
0.95	-0.0010698
0.96	-0.00092859
0.97	-0.0009315
0.98	-0.0012269
0.99	-0.0016796
1	-0.0018016
1.01	-0.0012535
1.02	-0.00022231
1.03	0.00084067
1.04	0.001538
1.05	0.0017276
1.06	0.0016751
1.07	0.0018807
1.08	0.0024967
1.09	0.0028832
1.1	0.0022857
1.11	0.0010137
1.12	0.00032022
1.13	0.0006639
1.14	0.0008724
1.15	-0.0001457
1.16	-0.0018759
1.17	-0.0030208
1.18	-0.0032724
1.19	-0.0034144
1.2	-0.0040979
1.21	-0.0049139
1.22	-0.0043829
1.23	-0.0019278
1.24	0.00098161
1.25	0.0024204
1.26	0.0018279
1.27	0.00034359
1.28	-0.00052063
1.29	-0.0002664
1.3	0.00040514
1.31	0.0005165
1.32	0.00013177
1.33	7.9911e-05
1.34	0.00063402
1.35	0.0014202
1.36	0.0016017
1.37	0.00093893
1.38	0.00077857
1.39	0.0022458
1.4	0.0047816
1.41	0.0067136
1.42	0.0064065
1.43	0.0037175
1.44	4.5622e-05
1.45	-0.0031424
1.46	-0.0052761
1.47	-0.0067887
1.48	-0.0081418
1.49	-0.0092142
1.5	-0.0096593
1.51	-0.0091335
1.52	-0.0074122
1.53	-0.0045554
1.54	-0.0012212
1.55	0.001429
1.56	0.001765
1.57	-0.00063038
1.58	-0.0033036
1.59	-0.0034862
1.6	-0.00064548
1.61	0.0036011
1.62	0.0063732
1.63	0.0059479
1.64	0.0037168
1.65	0.0023166
1.66	0.0028239
1.67	0.0037902
1.68	0.0029778
1.69	0.00083483
1.7	-3.2932e-05
1.71	0.0015136
1.72	0.0038011
1.73	0.0034859
1.74	-0.0011062
1.75	-0.0074722
1.76	-0.011142
1.77	-0.0093624
1.78	-0.0025428
1.79	0.0058798
1.8	0.011788
1.81	0.013856
1.82	0.013316
1.83	0.011766
1.84	0.01062
1.85	0.010038
1.86	0.008826
1.87	0.0060879
1.88	0.001311
1.89	-0.0050761
1.9	-0.011229
1.91	-0.015843
1.92	-0.018625
1.93	-0.01969
1.94	-0.019109
1.95	-0.015199
1.96	-0.0059021
1.97	0.0066732
1.98	0.016768
1.99	0.020507
2	0.018533
2.01	0.013571
2.02	0.0087129
2.03	0.0068744
2.04	0.0075941
2.05	0.0071861
2.06	0.0040707
2.07	0.00077106
2.08	0.00052899
2.09	0.0033557
2.1	0.0058758
2.11	0.0054087
2.12	0.0024421
2.13	-0.00073679
2.14	-0.0022132
2.15	-0.0021708
2.16	-0.0023704
2.17	-0.0046078
2.18	-0.0097226
2.19	-0.015151
2.2	-0.015646
2.21	-0.0095262
2.22	-0.00063366
2.23	0.0059294
2.24	0.0079267
2.25	0.0066331
2.26	0.0037447
2.27	-0.00015711
2.28	-0.0044778
2.29	-0.007549
2.3	-0.006541
2.31	-4.0929e-05
2.32	0.0090752
2.33	0.016531
2.34	0.020698
2.35	0.021543
2.36	0.01983
2.37	0.016784
2.38	0.012393
2.39	0.0049356
2.4	-0.0068263
2.41	-0.019545
2.42	-0.026856
2.43	-0.025667
2.44	-0.01826
2.45	-0.010581
2.46	-0.0079855
2.47	-0.010742
2.48	-0.013563
2.49	-0.010878
2.5	-0.0035059
2.51	0.0031513
2.52	0.0057787
2.53	0.004112
2.54	-0.0010693
2.55	-0.0080859
2.56	-0.014863
2.57	-0.020541
2.58	-0.024405
2.59	-0.02462
2.6	-0.021095
2.61	-0.016225
2.62	-0.011874
2.63	-0.0092151
2.64	-0.0091128
2.65	-0.011523
2.66	-0.015706
2.67	-0.019581
2.68	-0.02102
2.69	-0.019504
2.7	-0.016068
2.71	-0.01329
2.72	-0.012579
2.73	-0.011728
2.74	-0.0079497
2.75	-0.0014364
2.76	0.0051096
2.77	0.0092302
2.78	0.013501
2.79	0.023643
2.8	0.03908
2.81	0.051661
2.82	0.053863
2.83	0.046768
2.84	0.037917
2.85	0.032716
2.86	0.03198
2.87	0.033404
2.88	0.034173
2.89	0.035221
2.9	0.039141
2.91	0.0433
2.92	0.037981
2.93	0.01497
2.94	-0.018587
2.95	-0.043865
2.96	-0.050069
2.97	-0.042537
2.98	-0.033388
2.99	-0.028992
3	-0.0261
3.01	-0.018674
3.02	-0.0062773
3.03	0.0053826
3.04	0.011163
3.05	0.012505
3.06	0.014253
3.07	0.018362
3.08	0.023363
3.09	0.0269
3.1	0.029231
3.11	0.03276
3.12	0.037554
3.13	0.041762
3.14	0.044276
3.15	0.043786
3.16	0.039075
3.17	0.030124
3.18	0.017054
3.19	0.0026653
3.2	-0.0079074
3.21	-0.014724
3.22	-0.022102
3.23	-0.031289
3.24	-0.03931
3.25	-0.042067
3.26	-0.038318
3.27	-0.030993
3.28	-0.026873
3.29	-0.033158
3.3	-0.048568
3.31	-0.061856
3.32	-0.063143
3.33	-0.052873
3.34	-0.038955
3.35	-0.026559
3.36	-0.012471
3.37	0.0068208
3.38	0.02556
3.39	0.03403
3.4	0.031291
3.41	0.025587
3.42	0.024223
3.43	0.028635
3.44	0.034032
3.45	0.033299
3.46	0.024636
3.47	0.0129
3.48	0.0043254
3.49	0.0009252
3.5	-0.00061137
3.51	-0.0053268
3.52	-0.014992
3.53	-0.025471
3.54	-0.030832
3.55	-0.03027
3.56	-0.029827
3.57	-0.037601
3.58	-0.055754
3.59	-0.076089
3.6	-0.087879
3.61	-0.089391
3.62	-0.084412
3.63	-0.0719
3.64	-0.049058
3.65	-0.022991
3.66	-0.0065629
3.67	-0.0027837
3.68	-0.0021424
3.69	0.008319
3.7	0.03284
3.71	0.061307
3.72	0.078962
3.73	0.081536
3.74	0.07523
3.75	0.065446
3.76	0.054134
3.77	0.04355
3.78	0.036717
3.79	0.034538
3.8	0.035532
3.81	0.036295
3.82	0.031973
3.83	0.021131
3.84	0.0076799
3.85	-0.0033971
3.86	-0.0096713
3.87	-0.010741
3.88	-0.0068186
3.89	0.000134
3.9	0.0056827
3.91	0.006662
3.92	0.0051685
3.93	0.0048777
3.94	0.0049631
3.95	0.0026759
3.96	-0.0013307
3.97	-0.0040023
3.98	-0.0026716
3.99	0.0032357
4	0.01063
4.01	0.015796
4.02	0.01853
4.03	0.020574
4.04	0.022922
4.05	0.025959
4.06	0.030782
4.07	0.037902
4.08	0.045755
4.09	0.051835
4.1	0.053099
4.11	0.047372
4.12	0.036933
4.13	0.027301
4.14	0.020231
4.15	0.013842
4.16	0.0068283
4.17	-0.0011192
4.18	-0.0086975
4.19	-0.013783
4.2	-0.015086
4.21	-0.013901
4.22	-0.014237
4.23	-0.018444
4.24	-0.023602
4.25	-0.025628
4.26	-0.02474
4.27	-0.023609
4.28	-0.024044
4.29	-0.026093
4.3	-0.02777
4.31	-0.028628
4.32	-0.031438
4.33	-0.037214
4.34	-0.043147
4.35	-0.045628
4.36	-0.04274
4.37	-0.035243
4.38	-0.026318
4.39	-0.019564
4.4	-0.016407
4.41	-0.015493
4.42	-0.014017
4.43	-0.01063
4.44	-0.0073172
4.45	-0.0078726
4.46	-0.01519
4.47	-0.027825
4.48	-0.040139
4.49	-0.046846
4.5	-0.047018
4.51	-0.042756
4.52	-0.035814
4.53	-0.02759
4.54	-0.019626
4.55	-0.013799
4.56	-0.011061
4.57	-0.011096
4.58	-0.013838
4.59	-0.018894
4.6	-0.024118
4.61	-0.025335
4.62	-0.018783
4.63	-0.0034479
4.64	0.018494
4.65	0.041496
4.66	0.060221
4.67	0.073261
4.68	0.081655
4.69	0.08624
4.7	0.087147
4.71	0.084343
4.72	0.078341
4.73	0.070538
4.74	0.061321
4.75	0.048525
4.76	0.031599
4.77	0.014874
4.78	0.0043829
4.79	0.0023089
4.8	0.0042172
4.81	0.0036924
4.82	-0.0054306
4.83	-0.02567
4.84	-0.04783
4.85	-0.059915
4.86	-0.061584
4.87	-0.060551
4.88	-0.06053
4.89	-0.058699
4.9	-0.051978
4.91	-0.040339
4.92	-0.025151
4.93	-0.0078962
4.94	0.0085111
4.95	0.021826
4.96	0.03311
4.97	0.044073
4.98	0.054506
4.99	0.062474
5	0.065179
5.01	0.061163
5.02	0.053097
5.03	0.045151
5.04	0.039295
5.05	0.035918
5.06	0.033765
5.07	0.03064
5.08	0.026223
5.09	0.021293
5.1	0.013615
5.11	1.2914e-05
5.12	-0.017634
5.13	-0.032066
5.14	-0.037325
5.15	-0.034615
5.16	-0.028731
5.17	-0.02299
5.18	-0.018447
5.19	-0.014582
5.2	-0.010693
5.21	-0.0066215
5.22	-0.0026703
5.23	0.0005147
5.24	0.0026734
5.25	0.0024922
5.26	-0.0031971
5.27	-0.01578
5.28	-0.032162
5.29	-0.045237
5.3	-0.049196
5.31	-0.044419
5.32	-0.035975
5.33	-0.030161
5.34	-0.029817
5.35	-0.033047
5.36	-0.037474
5.37	-0.041671
5.38	-0.045093
5.39	-0.048293
5.4	-0.05125
5.41	-0.051431
5.42	-0.043374
5.43	-0.023499
5.44	0.004664
5.45	0.032034
5.46	0.050708
5.47	0.059233
5.48	0.059989
5.49	0.055242
5.5	0.048205
5.51	0.043548
5.52	0.043556
5.53	0.045341
5.54	0.045333
5.55	0.0431
5.56	0.039428
5.57	0.03547
5.58	0.031552
5.59	0.026426
5.6	0.018899
5.61	0.0079844
5.62	-0.0076805
5.63	-0.027823
5.64	-0.047527
5.65	-0.060454
5.66	-0.065345
5.67	-0.065954
5.68	-0.064837
5.69	-0.06162
5.7	-0.056552
5.71	-0.052031
5.72	-0.048931
5.73	-0.04361
5.74	-0.03421
5.75	-0.023612
5.76	-0.013086
5.77	-0.0016257
5.78	0.010002
5.79	0.01981
5.8	0.026287
5.81	0.027592
5.82	0.023004
5.83	0.014102
5.84	0.0018524
5.85	-0.012536
5.86	-0.025341
5.87	-0.032843
5.88	-0.034537
5.89	-0.033975
5.9	-0.03531
5.91	-0.039219
5.92	-0.04361
5.93	-0.046197
5.94	-0.04655
5.95	-0.046038
5.96	-0.045765
5.97	-0.044745
5.98	-0.04142
5.99	-0.035716
6	-0.028319
6.01	-0.021548
6.02	-0.015884
6.03	-0.0062263
6.04	0.012853
6.05	0.040292
6.06	0.069268
6.07	0.09325
6.08	0.10843
6.09	0.11448
6.1	0.11505
6.11	0.11397
6.12	0.11125
6.13	0.10553
6.14	0.09749
6.15	0.089106
6.16	0.08107
6.17	0.071758
6.18	0.058193
6.19	0.04037
6.2	0.024437
6.21	0.014981
6.22	0.0098535
6.23	0.0053384
6.24	-0.00058803
6.25	-0.0076389
6.26	-0.01442
6.27	-0.020878
6.28	-0.028501
6.29	-0.038421
6.3	-0.048684
6.31	-0.056558
6.32	-0.062287
6.33	-0.066873
6.34	-0.069281
6.35	-0.067364
6.36	-0.060134
6.37	-0.048353
6.38	-0.033419
6.39	-0.016759
6.4	-0.00010574
6.41	0.014235
6.42	0.024323
6.43	0.029406
6.44	0.029097
6.45	0.024289
6.46	0.017664
6.47	0.011568
6.48	0.0065676
6.49	0.0018427
6.5	-0.0031281
6.51	-0.0083078
6.52	-0.013989
6.53	-0.020699
6.54	-0.028607
6.55	-0.036608
6.56	-0.042783
6.57	-0.046354
6.58	-0.047096
6.59	-0.045212
6.6	-0.042098
6.61	-0.039192
6.62	-0.036994
6.63	-0.03492
6.64	-0.03168
6.65	-0.026294
6.66	-0.020538
6.67	-0.016924
6.68	-0.015218
6.69	-0.014514
6.7	-0.01514
6.71	-0.017523
6.72	-0.020472
6.73	-0.022167
6.74	-0.022662
6.75	-0.023462
6.76	-0.025581
6.77	-0.028795
6.78	-0.032268
6.79	-0.034829
6.8	-0.034526
6.81	-0.030538
6.82	-0.024979
6.83	-0.019095
6.84	-0.010339
6.85	0.0028894
6.86	0.017898
6.87	0.031311
6.88	0.041742
6.89	0.049688
6.9	0.057874
6.91	0.069151
6.92	0.083991
6.93	0.10046
6.94	0.11625
6.95	0.13072
6.96	0.14232
6.97	0.14948
6.98	0.15395
6.99	0.15799
7	0.16191
7.01	0.16644
7.02	0.17308
7.03	0.1819
7.04	0.19305
7.05	0.20762
7.06	0.22372
7.07	0.23705
7.08	0.2443
7.09	0.24575
7.1	0.24615
7.11	0.24969
7.12	0.256
7.13	0.26103
7.14	0.26127
7.15	0.25709
7.16	0.2514
7.17	0.24661
7.18	0.24182
7.19	0.23492
7.2	0.22635
7.21	0.21665
7.22	0.20527
7.23	0.19147
7.24	0.17383
7.25	0.15186
7.26	0.12678
7.27	0.10121
7.28	0.077044
7.29	0.05285
7.3	0.026753
7.31	-0.00078075
7.32	-0.028733
7.33	-0.055681
7.34	-0.080052
7.35	-0.10278
7.36	-0.12842
7.37	-0.15855
7.38	-0.18775
7.39	-0.20891
7.4	-0.21881
7.41	-0.22201
7.42	-0.22656
7.43	-0.23647
7.44	-0.25053
7.45	-0.26476
7.46	-0.27718
7.47	-0.28823
7.48	-0.29634
7.49	-0.29873
7.5	-0.29456
7.51	-0.28539
7.52	-0.27254
7.53	-0.25668
7.54	-0.24118
7.55	-0.23067
7.56	-0.22569
7.57	-0.22375
7.58	-0.22552
7.59	-0.23493
7.6	-0.25442
7.61	-0.28103
7.62	-0.30881
7.63	-0.33457
7.64	-0.35876
7.65	-0.38434
7.66	-0.41365
7.67	-0.44458
7.68	-0.47228
7.69	-0.49344
7.7	-0.5082
7.71	-0.51957
7.72	-0.53115
7.73	-0.54272
7.74	-0.54845
7.75	-0.542
7.76	-0.52228
7.77	-0.49254
7.78	-0.45563
7.79	-0.41296
7.8	-0.36568
7.81	-0.31496
7.82	-0.26133
7.83	-0.20414
7.84	-0.14331
7.85	-0.082478
7.86	-0.027687
7.87	0.018693
7.88	0.057591
7.89	0.088156
7.9	0.10814
7.91	0.11948
7.92	0.127
7.93	0.13274
7.94	0.13714
7.95	0.14183
7.96	0.14808
7.97	0.15615
7.98	0.16817
7.99	0.18737
8	0.21309
8.01	0.24079
8.02	0.26571
8.03	0.28483
8.04	0.2984
8.05	0.30807
8.06	0.31363
8.07	0.31503
8.08	0.31317
8.09	0.30799
8.1	0.2993
8.11	0.28843
8.12	0.27785
8.13	0.26914
8.14	0.26181
8.15	0.25604
8.16	0.25316
8.17	0.25315
8.18	0.25589
8.19	0.263
8.2	0.27671
8.21	0.29655
8.22	0.31928
8.23	0.34179
8.24	0.36189
8.25	0.37858
8.26	0.39097
8.27	0.39912
8.28	0.40488
8.29	0.40933
8.3	0.41114
8.31	0.40782
8.32	0.40002
8.33	0.39129
8.34	0.38529
8.35	0.3831
8.36	0.3809
8.37	0.37481
8.38	0.36493
8.39	0.35255
8.4	0.33778
8.41	0.31992
8.42	0.29811
8.43	0.27235
8.44	0.24446
8.45	0.21781
8.46	0.19525
8.47	0.17601
8.48	0.15436
8.49	0.12351
8.5	0.083968
8.51	0.042686
8.52	0.0040753
8.53	-0.031792
8.54	-0.06683
8.55	-0.10486
8.56	-0.14923
8.57	-0.1986
8.58	-0.24807
8.59	-0.29303
8.6	-0.33162
8.61	-0.36432
8.62	-0.393
8.63	-0.41998
8.64	-0.44529
8.65	-0.46673
8.66	-0.47948
8.67	-0.47897
8.68	-0.46704
8.69	-0.44938
8.7	-0.42946
8.71	-0.40924
8.72	-0.39038
8.73	-0.37451
8.74	-0.36242
8.75	-0.3522
8.76	-0.34129
8.77	-0.32913
8.78	-0.31661
8.79	-0.30415
8.8	-0.29242
8.81	-0.2833
8.82	-0.27784
8.83	-0.27493
8.84	-0.27189
8.85	-0.26722
8.86	-0.2614
8.87	-0.25485
8.88	-0.24711
8.89	-0.23834
8.9	-0.22857
8.91	-0.2172
8.92	-0.20431
8.93	-0.18939
8.94	-0.17049
8.95	-0.1449
8.96	-0.1124
8.97	-0.076725
8.98	-0.04161
8.99	-0.0078281
9	0.024784
9.01	0.055924
9.02	0.085015
9.03	0.11123
9.04	0.13473
9.05	0.15575
9.06	0.17419
9.07	0.19079
9.08	0.20579
9.09	0.21823
9.1	0.22648
9.11	0.22909
9.12	0.22646
9.13	0.22019
9.14	0.21131
9.15	0.20069
9.16	0.18968
9.17	0.17928
9.18	0.16961
9.19	0.16126
9.2	0.15417
9.21	0.14646
9.22	0.13757
9.23	0.12915
9.24	0.12357
9.25	0.1235
9.26	0.13286
9.27	0.15736
9.28	0.19668
9.29	0.24236
9.3	0.28935
9.31	0.33828
9.32	0.38854
9.33	0.43784
9.34	0.48498
9.35	0.52812
9.36	0.56415
9.37	0.5927
9.38	0.61272
9.39	0.61889
9.4	0.60913
9.41	0.58714
9.42	0.55765
9.43	0.52454
9.44	0.49078
9.45	0.45826
9.46	0.42679
9.47	0.39469
9.48	0.36004
9.49	0.32136
9.5	0.28016
9.51	0.24007
9.52	0.20232
9.53	0.16534
9.54	0.1283
9.55	0.092746
9.56	0.058667
9.57	0.024579
9.58	-0.0081074
9.59	-0.03845
9.6	-0.068636
9.61	-0.099118
9.62	-0.12782
9.63	-0.15403
9.64	-0.17802
9.65	-0.19963
9.66	-0.21797
9.67	-0.23346
9.68	-0.24821
9.69	-0.26251
9.7	-0.27474
9.71	-0.28514
9.72	-0.2964
9.73	-0.30975
9.74	-0.32464
9.75	-0.33999
9.76	-0.35582
9.77	-0.37413
9.78	-0.39579
9.79	-0.41881
9.8	-0.44024
9.81	-0.45979
9.82	-0.48007
9.83	-0.50156
9.84	-0.52123
9.85	-0.53604
9.86	-0.54291
9.87	-0.54008
9.88	-0.52937
9.89	-0.51529
9.9	-0.50157
9.91	-0.4889
9.92	-0.47623
9.93	-0.46293
9.94	-0.44924
9.95	-0.43501
9.96	-0.42025
9.97	-0.40527
9.98	-0.38895
9.99	-0.36922
10	-0.34463
10.01	-0.3152
10.02	-0.28321
10.03	-0.25143
10.04	-0.22116
10.05	-0.19169
10.06	-0.16263
10.07	-0.13347
10.08	-0.10175
10.09	-0.066542
10.1	-0.028503
10.11	0.011607
10.12	0.051023
10.13	0.08694
10.14	0.11773
10.15	0.14183
10.16	0.16023
10.17	0.17498
10.18	0.18564
10.19	0.19377
10.2	0.20347
10.21	0.21458
10.22	0.22422
10.23	0.23206
10.24	0.23874
10.25	0.24367
10.26	0.24613
10.27	0.24692
10.28	0.24669
10.29	0.24532
10.3	0.24276
10.31	0.23817
10.32	0.23128
10.33	0.22381
10.34	0.21841
10.35	0.21705
10.36	0.22164
10.37	0.23269
10.38	0.24677
10.39	0.25856
10.4	0.26523
10.41	0.26988
10.42	0.27838
10.43	0.29315
10.44	0.31152
10.45	0.32843
10.46	0.34065
10.47	0.34891
10.48	0.35568
10.49	0.36137
10.5	0.36503
10.51	0.36556
10.52	0.36138
10.53	0.35251
10.54	0.34155
10.55	0.33023
10.56	0.31767
10.57	0.30322
10.58	0.28789
10.59	0.2728
10.6	0.25746
10.61	0.24098
10.62	0.22427
10.63	0.20638
10.64	0.181
10.65	0.14112
10.66	0.085242
10.67	0.015982
10.68	-0.065666
10.69	-0.15959
10.7	-0.26295
10.71	-0.3694
10.72	-0.46937
10.73	-0.55279
10.74	-0.61397
10.75	-0.65262
10.76	-0.66939
10.77	-0.6659
10.78	-0.64782
10.79	-0.62138
10.8	-0.58744
10.81	-0.54343
10.82	-0.48907
10.83	-0.42624
10.84	-0.3556
10.85	-0.27824
10.86	-0.19772
10.87	-0.1195
10.88	-0.049446
10.89	0.007874
10.9	0.047859
10.91	0.068048
10.92	0.071364
10.93	0.062767
10.94	0.045343
10.95	0.021464
10.96	-0.0048962
10.97	-0.030534
10.98	-0.054955
10.99	-0.078041
11	-0.098527
11.01	-0.11507
11.02	-0.12877
11.03	-0.14228
11.04	-0.15503
11.05	-0.16494
11.06	-0.17189
11.07	-0.1759
11.08	-0.17721
11.09	-0.17652
11.1	-0.17313
11.11	-0.16504
11.12	-0.14839
11.13	-0.11677
11.14	-0.067171
11.15	-0.0077166
11.16	0.044262
11.17	0.074345
11.18	0.081431
11.19	0.075479
11.2	0.064302
11.21	0.050354
11.22	0.03836
11.23	0.032827
11.24	0.034163
11.25	0.041081
11.26	0.054989
11.27	0.080011
11.28	0.11589
11.29	0.15713
11.3	0.19904
11.31	0.24084
11.32	0.28274
11.33	0.32447
11.34	0.36613
11.35	0.40793
11.36	0.44967
11.37	0.48725
11.38	0.51306
11.39	0.52137
11.4	0.51195
11.41	0.49041
11.42	0.46103
11.43	0.42282
11.44	0.37652
11.45	0.32529
11.46	0.26914
11.47	0.20603
11.48	0.13718
11.49	0.067946
11.5	0.0031102
11.51	-0.055767
11.52	-0.10759
11.53	-0.15021
11.54	-0.18254
11.55	-0.20562
11.56	-0.22156
11.57	-0.23174
11.58	-0.23715
11.59	-0.23989
11.6	-0.24207
11.61	-0.24434
11.62	-0.24567
11.63	-0.24498
11.64	-0.24274
11.65	-0.23983
11.66	-0.23645
11.67	-0.23279
11.68	-0.22893
11.69	-0.22385
11.7	-0.21617
11.71	-0.20621
11.72	-0.19663
11.73	-0.18927
11.74	-0.18305
11.75	-0.17644
11.76	-0.16919
11.77	-0.16147
11.78	-0.15365
11.79	-0.14723
11.8	-0.14459
11.81	-0.14854
11.82	-0.15951
11.83	-0.17111
11.84	-0.1748
11.85	-0.1702
11.86	-0.16329
11.87	-0.15764
11.88	-0.15328
11.89	-0.14828
11.9	-0.14118
11.91	-0.1324
11.92	-0.12254
11.93	-0.11176
11.94	-0.099071
11.95	-0.079976
11.96	-0.04843
11.97	-0.0041728
11.98	0.046884
11.99	0.096567
12	0.13682
12.01	0.16417
12.02	0.18061
12.03	0.19012
12.04	0.19731
12.05	0.20648
12.06	0.21881
12.07	0.23256
12.08	0.24721
12.09	0.26298
12.1	0.27921
12.11	0.29625
12.12	0.31374
12.13	0.32966
12.14	0.34057
12.15	0.34239
12.16	0.33538
12.17	0.32355
12.18	0.30979
12.19	0.29556
12.2	0.28167
12.21	0.26837
12.22	0.25559
12.23	0.24297
12.24	0.22896
12.25	0.21086
12.26	0.18539
12.27	0.15093
12.28	0.10953
12.29	0.063952
12.3	0.016979
12.31	-0.029041
12.32	-0.07379
12.33	-0.11602
12.34	-0.15211
12.35	-0.18022
12.36	-0.20184
12.37	-0.22033
12.38	-0.23937
12.39	-0.25952
12.4	-0.27944
12.41	-0.29652
12.42	-0.30529
12.43	-0.30334
12.44	-0.29439
12.45	-0.28308
12.46	-0.27127
12.47	-0.25704
12.48	-0.23704
12.49	-0.20951
12.5	-0.17426
12.51	-0.1329
12.52	-0.088781
12.53	-0.043835
12.54	0.0018016
12.55	0.047109
12.56	0.08983
12.57	0.12816
12.58	0.1614
12.59	0.18983
12.6	0.21411
12.61	0.23403
12.62	0.24955
12.63	0.26117
12.64	0.26846
12.65	0.27064
12.66	0.26882
12.67	0.26453
12.68	0.2574
12.69	0.24692
12.7	0.2343
12.71	0.22051
12.72	0.20502
12.73	0.18677
12.74	0.16392
12.75	0.13491
12.76	0.10001
12.77	0.061674
12.78	0.022674
12.79	-0.015802
12.8	-0.052356
12.81	-0.086085
12.82	-0.1181
12.83	-0.14865
12.84	-0.17616
12.85	-0.20065
12.86	-0.22315
12.87	-0.24216
12.88	-0.25567
12.89	-0.26428
12.9	-0.27018
12.91	-0.27545
12.92	-0.28109
12.93	-0.28695
12.94	-0.29115
12.95	-0.29035
12.96	-0.2834
12.97	-0.27132
12.98	-0.25438
12.99	-0.23279
13	-0.20785
13.01	-0.18064
13.02	-0.1505
13.03	-0.11633
13.04	-0.07777
13.05	-0.034844
13.06	0.012097
13.07	0.062119
13.08	0.1137
13.09	0.16505
13.1	0.21417
13.11	0.25871
13.12	0.29535
13.13	0.32067
13.14	0.33377
13.15	0.33696
13.16	0.33412
13.17	0.32841
13.18	0.32059
13.19	0.31022
13.2	0.29727
13.21	0.28172
13.22	0.26178
13.23	0.23392
13.24	0.19697
13.25	0.15365
13.26	0.10936
13.27	0.070274
13.28	0.038664
13.29	0.012405
13.3	-0.010021
13.31	-0.029564
13.32	-0.048809
13.33	-0.067993
13.34	-0.084
13.35	-0.094503
13.36	-0.10037
13.37	-0.10403
13.38	-0.10656
13.39	-0.10817
13.4	-0.10906
13.41	-0.10866
13.42	-0.10672
13.43	-0.10446
13.44	-0.10237
13.45	-0.099424
13.46	-0.094675
13.47	-0.087149
13.48	-0.075033
13.49	-0.05679
13.5	-0.035106
13.51	-0.014874
13.52	0.0032232
13.53	0.021196
13.54	0.038563
13.55	0.052596
13.56	0.06152
13.57	0.065332
13.58	0.064883
13.59	0.060735
13.6	0.05229
13.61	0.037963
13.62	0.017039
13.63	-0.0074231
13.64	-0.030521
13.65	-0.051296
13.66	-0.071513
13.67	-0.089217
13.68	-0.1009
13.69	-0.10703
13.7	-0.10969
13.71	-0.10976
13.72	-0.10705
13.73	-0.10103
13.74	-0.092116
13.75	-0.081824
13.76	-0.071758
13.77	-0.062989
13.78	-0.055999
13.79	-0.050587
13.8	-0.045916
13.81	-0.041724
13.82	-0.038708
13.83	-0.037643
13.84	-0.038148
13.85	-0.038672
13.86	-0.037618
13.87	-0.034131
13.88	-0.028828
13.89	-0.022706
13.9	-0.016858
13.91	-0.01237
13.92	-0.0082316
13.93	-0.0027198
13.94	0.0038754
13.95	0.0097711
13.96	0.012767
13.97	0.012012
13.98	0.0093207
13.99	0.0066321
14	0.0037671
14.01	0.00041907
14.02	-0.0031241
14.03	-0.007591
14.04	-0.012758
14.05	-0.017215
14.06	-0.021453
14.07	-0.026616
14.08	-0.032759
14.09	-0.040944
14.1	-0.053186
14.11	-0.069413
14.12	-0.087202
14.13	-0.10483
14.14	-0.12148
14.15	-0.13534
14.16	-0.14474
14.17	-0.1496
14.18	-0.15157
14.19	-0.15254
14.2	-0.15243
14.21	-0.15049
14.22	-0.14725
14.23	-0.14334
14.24	-0.13795
14.25	-0.12999
14.26	-0.11909
14.27	-0.10485
14.28	-0.086116
14.29	-0.062882
14.3	-0.036436
14.31	-0.008122
14.32	0.018682
14.33	0.041616
14.34	0.063718
14.35	0.089253
14.36	0.11678
14.37	0.14038
14.38	0.15577
14.39	0.16247
14.4	0.16343
14.41	0.16215
14.42	0.15916
14.43	0.15361
14.44	0.14583
14.45	0.13705
14.46	0.12861
14.47	0.11994
14.48	0.10983
14.49	0.098942
14.5	0.087677
14.51	0.075671
14.52	0.06332
14.53	0.050821
14.54	0.037976
14.55	0.024612
14.56	0.009831
14.57	-0.0069097
14.58	-0.024409
14.59	-0.039913
14.6	-0.050357
14.61	-0.054586
14.62	-0.053922
14.63	-0.050646
14.64	-0.046105
14.65	-0.040921
14.66	-0.035856
14.67	-0.030744
14.68	-0.024795
14.69	-0.017577
14.7	-0.0082599
14.71	0.0021768
14.72	0.010814
14.73	0.017332
14.74	0.022315
14.75	0.02468
14.76	0.024504
14.77	0.023564
14.78	0.022766
14.79	0.021359
14.8	0.018828
14.81	0.016731
14.82	0.016739
14.83	0.01916
14.84	0.024527
14.85	0.031798
14.86	0.03924
14.87	0.04784
14.88	0.058536
14.89	0.07067
14.9	0.082704
14.91	0.092592
14.92	0.099904
14.93	0.10542
14.94	0.1094
14.95	0.11216
14.96	0.11376
14.97	0.11217
14.98	0.10575
14.99	0.096896
15	0.08745
15.01	0.076524
15.02	0.063872
15.03	0.050254
15.04	0.03698
15.05	0.025641
15.06	0.016513
15.07	0.0078746
15.08	-0.00072583
15.09	-0.0067805
15.1	-0.008849
15.11	-0.0084693
15.12	-0.0078771
15.13	-0.0076589
15.14	-0.007009
15.15	-0.0049834
15.16	-0.00062071
15.17	0.0048727
15.18	0.0095024
15.19	0.013891
15.2	0.018321
15.21	0.021626
15.22	0.023643
15.23	0.024559
15.24	0.023807
15.25	0.021034
15.26	0.016497
15.27	0.010883
15.28	0.005017
15.29	-0.00046548
15.3	-0.0055362
15.31	-0.011279
15.32	-0.018748
15.33	-0.026988
15.34	-0.035577
15.35	-0.047545
15.36	-0.063677
15.37	-0.080508
15.38	-0.095843
15.39	-0.10859
15.4	-0.11764
15.41	-0.1238
15.42	-0.12868
15.43	-0.13279
15.44	-0.13625
15.45	-0.14037
15.46	-0.14556
15.47	-0.14924
15.48	-0.15051
15.49	-0.15071
15.5	-0.14985
15.51	-0.1481
15.52	-0.14631
15.53	-0.14418
15.54	-0.13986
15.55	-0.13106
15.56	-0.11808
15.57	-0.10273
15.58	-0.08425
15.59	-0.062005
15.6	-0.038259
15.61	-0.01428
15.62	0.010236
15.63	0.03442
15.64	0.056704
15.65	0.075576
15.66	0.090716
15.67	0.10268
15.68	0.11224
15.69	0.12164
15.7	0.13225
15.71	0.14289
15.72	0.15157
15.73	0.15686
15.74	0.15845
15.75	0.15658
15.76	0.1511
15.77	0.14139
15.78	0.12839
15.79	0.11369
15.8	0.097588
15.81	0.080659
15.82	0.064423
15.83	0.05106
15.84	0.042212
15.85	0.037631
15.86	0.036427
15.87	0.038508
15.88	0.043814
15.89	0.051089
15.9	0.059366
15.91	0.069707
15.92	0.081735
15.93	0.091299
15.94	0.096382
15.95	0.099527
15.96	0.10225
15.97	0.10374
15.98	0.10334
15.99	0.10166
16	0.099361
16.01	0.096111
16.02	0.092144
16.03	0.087945
16.04	0.083002
16.05	0.076633
16.06	0.068044
16.07	0.056204
16.08	0.040605
16.09	0.022093
16.1	0.0026596
16.11	-0.015926
16.12	-0.031417
16.13	-0.041707
16.14	-0.047934
16.15	-0.052828
16.16	-0.057052
16.17	-0.06013
16.18	-0.062547
16.19	-0.065482
16.2	-0.069973
16.21	-0.076994
16.22	-0.08681
16.23	-0.09779
16.24	-0.10703
16.25	-0.11229
16.26	-0.11395
16.27	-0.11373
16.28	-0.11219
16.29	-0.10893
16.3	-0.10389
16.31	-0.098451
16.32	-0.094931
16.33	-0.094756
16.34	-0.097736
16.35	-0.10354
16.36	-0.11184
16.37	-0.11964
16.38	-0.12335
16.39	-0.12338
16.4	-0.12162
16.41	-0.11855
16.42	-0.1145
16.43	-0.11087
16.44	-0.10916
16.45	-0.10912
16.46	-0.10984
16.47	-0.11065
16.48	-0.11038
16.49	-0.10771
16.5	-0.10238
16.51	-0.096023
16.52	-0.09049
16.53	-0.085423
16.54	-0.078699
16.55	-0.070276
16.56	-0.062271
16.57	-0.055107
16.58	-0.048361
16.59	-0.042132
16.6	-0.036158
16.61	-0.02968
16.62	-0.021899
16.63	-0.012808
16.64	-0.0034504
16.65	0.0045112
16.66	0.010885
16.67	0.016926
16.68	0.022958
16.69	0.02995
16.7	0.039205
16.71	0.04905
16.72	0.057496
16.73	0.064932
16.74	0.072177
16.75	0.07976
16.76	0.088664
16.77	0.099129
16.78	0.10909
16.79	0.11769
16.8	0.1264
16.81	0.13455
16.82	0.14014
16.83	0.1433
16.84	0.1457
16.85	0.14839
16.86	0.15102
16.87	0.15293
16.88	0.15433
16.89	0.15535
16.9	0.15427
16.91	0.15021
16.92	0.14441
16.93	0.13766
16.94	0.13036
16.95	0.12337
16.96	0.11661
16.97	0.10905
16.98	0.10037
16.99	0.090719
17	0.080477
17.01	0.069297
17.02	0.054566
17.03	0.03508
17.04	0.013325
17.05	-0.0071151
17.06	-0.022628
17.07	-0.031905
17.08	-0.03794
17.09	-0.043746
17.1	-0.048964
17.11	-0.052455
17.12	-0.054676
17.13	-0.056315
17.14	-0.057425
17.15	-0.057646
17.16	-0.056544
17.17	-0.055136
17.18	-0.054441
17.19	-0.053864
17.2	-0.053187
17.21	-0.052771
17.22	-0.053006
17.23	-0.054082
17.24	-0.055605
17.25	-0.057456
17.26	-0.05941
17.27	-0.061277
17.28	-0.063398
17.29	-0.065838
17.3	-0.068616
17.31	-0.071748
17.32	-0.074324
17.33	-0.075299
17.34	-0.074738
17.35	-0.073052
17.36	-0.070369
17.37	-0.067072
17.38	-0.063801
17.39	-0.060572
17.4	-0.057054
17.41	-0.053162
17.42	-0.048772
17.43	-0.043679
17.44	-0.038094
17.45	-0.032391
17.46	-0.026468
17.47	-0.020621
17.48	-0.015765
17.49	-0.012957
17.5	-0.012308
17.51	-0.012285
17.52	-0.011739
17.53	-0.010605
17.54	-0.0092982
17.55	-0.0087042
17.56	-0.0089335
17.57	-0.0094111
17.58	-0.0097548
17.59	-0.0094625
17.6	-0.0083533
17.61	-0.0063622
17.62	-0.0030281
17.63	0.0017026
17.64	0.0079096
17.65	0.015867
17.66	0.024248
17.67	0.030607
17.68	0.034459
17.69	0.038093
17.7	0.043563
17.71	0.050003
17.72	0.055359
17.73	0.059325
17.74	0.063143
17.75	0.067004
17.76	0.06996
17.77	0.072335
17.78	0.074735
17.79	0.076562
17.8	0.076772
17.81	0.074755
17.82	0.070739
17.83	0.066023
17.84	0.061919
17.85	0.057495
17.86	0.051633
17.87	0.045623
17.88	0.040322
17.89	0.035144
17.9	0.029756
17.91	0.024639
17.92	0.020122
17.93	0.015494
17.94	0.011185
17.95	0.0082026
17.96	0.0064906
17.97	0.0053816
17.98	0.0037229
17.99	0.0013085
18	-0.0016582
18.01	-0.0052828
18.02	-0.0091405
18.03	-0.013103
18.04	-0.017385
18.05	-0.022073
18.06	-0.026616
18.07	-0.030599
18.08	-0.034792
18.09	-0.039559
18.1	-0.043886
18.11	-0.046528
18.12	-0.047619
18.13	-0.047846
18.14	-0.048015
18.15	-0.049758
18.16	-0.053426
18.17	-0.058095
18.18	-0.063266
18.19	-0.068626
18.2	-0.073205
18.21	-0.076734
18.22	-0.081082
18.23	-0.087267
18.24	-0.093979
18.25	-0.099428
18.26	-0.10336
18.27	-0.10744
18.28	-0.11221
18.29	-0.11575
18.3	-0.11586
18.31	-0.11237
18.32	-0.10826
18.33	-0.10529
18.34	-0.10108
18.35	-0.094008
18.36	-0.085374
18.37	-0.076796
18.38	-0.068607
18.39	-0.060305
18.4	-0.052305
18.41	-0.045653
18.42	-0.040017
18.43	-0.034516
18.44	-0.029084
18.45	-0.024169
18.46	-0.019984
18.47	-0.016061
18.48	-0.012614
18.49	-0.010533
18.5	-0.0098428
18.51	-0.0090863
18.52	-0.0071952
18.53	-0.0048735
18.54	-0.0028295
18.55	-0.0010539
18.56	0.0015444
18.57	0.0063468
18.58	0.012463
18.59	0.018143
18.6	0.02349
18.61	0.029458
18.62	0.036042
18.63	0.042452
18.64	0.048619
18.65	0.055019
18.66	0.061156
18.67	0.065998
18.68	0.068804
18.69	0.069946
18.7	0.070955
18.71	0.072474
18.72	0.074089
18.73	0.075472
18.74	0.076356
18.75	0.076395
18.76	0.075374
18.77	0.073832
18.78	0.07291
18.79	0.07309
18.8	0.074005
18.81	0.075099
18.82	0.075171
18.83	0.074072
18.84	0.073522
18.85	0.073615
18.86	0.072576
18.87	0.069939
18.88	0.066336
18.89	0.061894
18.9	0.056778
18.91	0.052168
18.92	0.049515
18.93	0.049013
18.94	0.04969
18.95	0.050993
18.96	0.053394
18.97	0.056572
18.98	0.058999
18.99	0.060487
19	0.062632
19.01	0.06642
19.02	0.071379
19.03	0.07651
19.04	0.081994
19.05	0.088348
19.06	0.094895
19.07	0.10093
19.08	0.10548
19.09	0.10807
19.1	0.10981
19.11	0.11228
19.12	0.11552
19.13	0.11823
19.14	0.11974
19.15	0.11988
19.16	0.11888
19.17	0.11711
19.18	0.11441
19.19	0.11082
19.2	0.10673
19.21	0.10137
19.22	0.093438
19.23	0.082785
19.24	0.069512
19.25	0.054257
19.26	0.039147
19.27	0.025265
19.28	0.011804
19.29	-0.0013284
19.3	-0.013406
19.31	-0.024579
19.32	-0.036092
19.33	-0.048171
19.34	-0.058817
19.35	-0.066871
19.36	-0.073273
19.37	-0.079043
19.38	-0.084242
19.39	-0.088189
19.4	-0.090914
19.41	-0.093731
19.42	-0.097477
19.43	-0.10195
19.44	-0.10716
19.45	-0.11322
19.46	-0.1187
19.47	-0.12177
19.48	-0.12242
19.49	-0.12144
19.5	-0.11913
19.51	-0.11605
19.52	-0.11322
19.53	-0.11032
19.54	-0.10654
19.55	-0.1025
19.56	-0.099476
19.57	-0.098048
19.58	-0.097316
19.59	-0.096252
19.6	-0.094951
19.61	-0.093099
19.62	-0.089695
19.63	-0.084454
19.64	-0.077885
19.65	-0.070134
19.66	-0.060661
19.67	-0.050023
19.68	-0.03994
19.69	-0.030164
19.7	-0.019274
19.71	-0.0083867
19.72	0.00034682
19.73	0.0064897
19.74	0.010711
19.75	0.014029
19.76	0.016902
19.77	0.018461
19.78	0.018355
19.79	0.017587
19.8	0.017034
19.81	0.016723
19.82	0.015746
19.83	0.01376
19.84	0.012445
19.85	0.013322
19.86	0.015418
19.87	0.017072
19.88	0.017679
19.89	0.01748
19.9	0.017045
19.91	0.016526
19.92	0.016294
19.93	0.0166
19.94	0.016208
19.95	0.014603
19.96	0.013404
19.97	0.01376
19.98	0.015694
19.99	0.018193
20	0.019244
20.01	0.018539
20.02	0.017665
20.03	0.017714
20.04	0.018314
20.05	0.01839
20.06	0.017678
20.07	0.017193
20.08	0.017631
20.09	0.018521
20.1	0.019879
20.11	0.021356
20.12	0.022432
20.13	0.023762
20.14	0.025682
20.15	0.027887
20.16	0.029737
20.17	0.031026
20.18	0.032015
20.19	0.033098
20.2	0.035024
20.21	0.037528
20.22	0.038657
20.23	0.037472
20.24	0.035286
20.25	0.032636
20.26	0.028432
20.27	0.022364
20.28	0.015919
20.29	0.01053
20.3	0.0057377
20.31	0.00078779
20.32	-0.0043707
20.33	-0.0097268
20.34	-0.014166
20.35	-0.016934
20.36	-0.019188
20.37	-0.021004
20.38	-0.021883
20.39	-0.02298
20.4	-0.024461
20.41	-0.025621
20.42	-0.027149
20.43	-0.029603
20.44	-0.032688
20.45	-0.036071
20.46	-0.039509
20.47	-0.043195
20.48	-0.04757
20.49	-0.051941
20.5	-0.054947
20.51	-0.056732
20.52	-0.057934
20.53	-0.057923
20.54	-0.055918
20.55	-0.052026
20.56	-0.046813
20.57	-0.041035
20.58	-0.035536
20.59	-0.030555
20.6	-0.025927
20.61	-0.021693
20.62	-0.017566
20.63	-0.013475
20.64	-0.0095672
20.65	-0.0056756
20.66	-0.0024317
20.67	-0.00094365
20.68	-0.0019193
20.69	-0.0047574
20.7	-0.0079446
20.71	-0.011484
20.72	-0.015857
20.73	-0.0205
20.74	-0.024498
20.75	-0.027518
20.76	-0.030324
20.77	-0.033088
20.78	-0.034948
20.79	-0.03554
20.8	-0.034848
20.81	-0.033375
20.82	-0.031598
20.83	-0.028797
20.84	-0.02489
20.85	-0.020994
20.86	-0.017094
20.87	-0.01187
20.88	-0.0052898
20.89	0.00088536
20.9	0.0057408
20.91	0.0098121
20.92	0.013445
20.93	0.016705
20.94	0.020149
20.95	0.023786
20.96	0.026722
20.97	0.028449
20.98	0.029304
20.99	0.030519
21	0.032073
21.01	0.03152
21.02	0.027758
21.03	0.022755
21.04	0.017835
21.05	0.012237
21.06	0.0058999
21.07	-7.5393e-05
21.08	-0.0049847
21.09	-0.008961
21.1	-0.012222
21.11	-0.013956
21.12	-0.013753
21.13	-0.012611
21.14	-0.012009
21.15	-0.01226
21.16	-0.011794
21.17	-0.010113
21.18	-0.0086275
21.19	-0.0078319
21.2	-0.0062947
21.21	-0.0036765
21.22	-0.0016008
21.23	-0.00076204
21.24	-0.0010596
21.25	-0.0025112
21.26	-0.0049797
21.27	-0.0081036
21.28	-0.011574
21.29	-0.014676
21.3	-0.015354
21.31	-0.013278
21.32	-0.011231
21.33	-0.010875
21.34	-0.011442
21.35	-0.011735
21.36	-0.01085
21.37	-0.0086916
21.38	-0.0064298
21.39	-0.0049463
21.4	-0.0037668
21.41	-0.0019777
21.42	0.001036
21.43	0.0051935
21.44	0.0098742
21.45	0.014573
21.46	0.019401
21.47	0.024571
21.48	0.030028
21.49	0.035812
21.5	0.041195
21.51	0.04544
21.52	0.049122
21.53	0.052319
21.54	0.054062
21.55	0.053772
21.56	0.051793
21.57	0.048938
21.58	0.04583
21.59	0.042769
21.6	0.039552
21.61	0.035823
21.62	0.031888
21.63	0.027929
21.64	0.023876
21.65	0.020027
21.66	0.016959
21.67	0.015591
21.68	0.015567
21.69	0.015511
21.7	0.014878
21.71	0.014214
21.72	0.014687
21.73	0.016727
21.74	0.019457
21.75	0.021236
21.76	0.021161
21.77	0.020351
21.78	0.020421
21.79	0.021343
21.8	0.022804
21.81	0.024686
21.82	0.025331
21.83	0.024652
21.84	0.024872
21.85	0.02628
21.86	0.027865
21.87	0.028933
21.88	0.028687
21.89	0.026813
21.9	0.023924
21.91	0.02142
21.92	0.02002
21.93	0.01911
21.94	0.01768
21.95	0.015205
21.96	0.012286
21.97	0.00984
21.98	0.0078914
21.99	0.005768
22	0.0030265
22.01	-0.00027436
22.02	-0.0038804
22.03	-0.0070544
22.04	-0.0089547
22.05	-0.010153
22.06	-0.012023
22.07	-0.014223
22.08	-0.015643
22.09	-0.016744
22.1	-0.018455
22.11	-0.020989
22.12	-0.023638
22.13	-0.025325
22.14	-0.026669
22.15	-0.02862
22.16	-0.029862
22.17	-0.029347
22.18	-0.028549
22.19	-0.02844
22.2	-0.027685
22.21	-0.025473
22.22	-0.022666
22.23	-0.020575
22.24	-0.019202
22.25	-0.017434
22.26	-0.015343
22.27	-0.013376
22.28	-0.0111
22.29	-0.0086587
22.3	-0.0059224
22.31	-0.002153
22.32	0.0013451
22.33	0.0029368
22.34	0.0034437
22.35	0.0048701
22.36	0.0073743
22.37	0.0095978
22.38	0.0117
22.39	0.01396
22.4	0.015059
22.41	0.014539
22.42	0.013436
22.43	0.01303
22.44	0.013733
22.45	0.01434
22.46	0.013955
22.47	0.01302
22.48	0.012287
22.49	0.012569
22.5	0.01377
22.51	0.015183
22.52	0.017006
22.53	0.019056
22.54	0.020427
22.55	0.021209
22.56	0.02106
22.57	0.018663
22.58	0.014428
22.59	0.0089811
22.6	0.0014814
22.61	-0.0072384
22.62	-0.015027
22.63	-0.021548
22.64	-0.027455
22.65	-0.033106
22.66	-0.038453
22.67	-0.043216
22.68	-0.046617
22.69	-0.047606
22.7	-0.046549
22.71	-0.043995
22.72	-0.040023
22.73	-0.035878
22.74	-0.032381
22.75	-0.029055
22.76	-0.025487
22.77	-0.021503
22.78	-0.017207
22.79	-0.012762
22.8	-0.008231
22.81	-0.0037302
22.82	3.0676e-05
22.83	0.0018123
22.84	0.0022654
22.85	0.0034256
22.86	0.0057744
22.87	0.0086468
22.88	0.010819
22.89	0.011147
22.9	0.010725
22.91	0.011313
22.92	0.011924
22.93	0.011022
22.94	0.0093866
22.95	0.007669
22.96	0.0047436
22.97	0.00014682
22.98	-0.0057121
22.99	-0.012622
23	-0.019353
23.01	-0.025132
23.02	-0.030224
23.03	-0.034187
23.04	-0.037176
23.05	-0.039788
23.06	-0.041452
23.07	-0.042243
23.08	-0.043381
23.09	-0.045228
23.1	-0.047303
23.11	-0.049403
23.12	-0.051865
23.13	-0.054863
23.14	-0.057263
23.15	-0.057965
23.16	-0.058004
23.17	-0.057914
23.18	-0.056554
23.19	-0.053504
23.2	-0.048567
23.21	-0.042082
23.22	-0.035399
23.23	-0.028833
23.24	-0.021895
23.25	-0.014745
23.26	-0.0078198
23.27	-0.0015139
23.28	0.0030329
23.29	0.0051255
23.3	0.0059298
23.31	0.0064497
23.32	0.0058623
23.33	0.0034742
23.34	0.00050224
23.35	-0.0013731
23.36	-0.0015808
23.37	-0.000703
23.38	0.00044328
23.39	0.0016181
23.4	0.0024069
23.41	0.0021846
23.42	0.0010742
23.43	4.6352e-05
23.44	5.4933e-05
23.45	-3.3953e-05
23.46	-0.0015849
23.47	-0.0029515
23.48	-0.0024709
23.49	-0.0010168
23.5	0.00070112
23.51	0.0035977
23.52	0.0081503
23.53	0.013174
23.54	0.017097
23.55	0.020014
23.56	0.022779
23.57	0.025766
23.58	0.029293
23.59	0.033133
23.6	0.037087
23.61	0.041557
23.62	0.046883
23.63	0.052759
23.64	0.058952
23.65	0.065476
23.66	0.071787
23.67	0.077402
23.68	0.082305
23.69	0.086359
23.7	0.089516
23.71	0.092161
23.72	0.094075
23.73	0.09481
23.74	0.09487
23.75	0.094844
23.76	0.094112
23.77	0.091679
23.78	0.088044
23.79	0.08461
23.8	0.082149
23.81	0.080186
23.82	0.076715
23.83	0.071103
23.84	0.065848
23.85	0.062584
23.86	0.059719
23.87	0.055211
23.88	0.049597
23.89	0.044269
23.9	0.038936
23.91	0.033235
23.92	0.028177
23.93	0.02436
23.94	0.020575
23.95	0.016142
23.96	0.011724
23.97	0.0070537
23.98	0.0015932
23.99	-0.0042515
24	-0.010198
24.01	-0.015649
24.02	-0.019455
24.03	-0.021962
24.04	-0.024276
24.05	-0.026781
24.06	-0.029043
24.07	-0.030765
24.08	-0.032864
24.09	-0.034976
24.1	-0.035549
24.11	-0.034826
24.12	-0.034001
24.13	-0.03345
24.14	-0.033272
24.15	-0.033511
24.16	-0.033705
24.17	-0.034026
24.18	-0.034961
24.19	-0.035978
24.2	-0.036319
24.21	-0.035913
24.22	-0.035473
24.23	-0.03561
24.24	-0.036103
24.25	-0.035838
24.26	-0.033934
24.27	-0.031448
24.28	-0.029984
24.29	-0.029433
24.3	-0.028285
24.31	-0.025515
24.32	-0.022196
24.33	-0.020204
24.34	-0.018933
24.35	-0.016028
24.36	-0.011326
24.37	-0.0064119
24.38	-0.0020704
24.39	0.0021778
24.4	0.0070345
24.41	0.011913
24.42	0.015762
24.43	0.018753
24.44	0.02125
24.45	0.023258
24.46	0.025017
24.47	0.026255
24.48	0.027215
24.49	0.028216
24.5	0.028308
24.51	0.02719
24.52	0.025584
24.53	0.024191
24.54	0.023322
24.55	0.022563
24.56	0.021337
24.57	0.019037
24.58	0.015505
24.59	0.011873
24.6	0.0088921
24.61	0.0058101
24.62	0.0017932
24.63	-0.0027155
24.64	-0.0071339
24.65	-0.011329
24.66	-0.015018
24.67	-0.019015
24.68	-0.023633
24.69	-0.02728
24.7	-0.029889
24.71	-0.032689
24.72	-0.035155
24.73	-0.036448
24.74	-0.037021
24.75	-0.038001
24.76	-0.039858
24.77	-0.041591
24.78	-0.043082
24.79	-0.044405
24.8	-0.044142
24.81	-0.042024
24.82	-0.039424
24.83	-0.037587
24.84	-0.036573
24.85	-0.035741
24.86	-0.03436
24.87	-0.032033
24.88	-0.029708
24.89	-0.028423
24.9	-0.027952
24.91	-0.027473
24.92	-0.025957
24.93	-0.023308
24.94	-0.020761
24.95	-0.019618
24.96	-0.02016
24.97	-0.021471
24.98	-0.022594
24.99	-0.023654
25	-0.025488
25.01	-0.02738
25.02	-0.028701
25.03	-0.030413
25.04	-0.031712
25.05	-0.031471
25.06	-0.030925
25.07	-0.030993
25.08	-0.031011
25.09	-0.030808
25.1	-0.030156
25.11	-0.027591
25.12	-0.023685
25.13	-0.020475
25.14	-0.017384
25.15	-0.013836
25.16	-0.010573
25.17	-0.0075695
25.18	-0.0048519
25.19	-0.002258
25.2	0.0005933
25.21	0.0030912
25.22	0.004646
25.23	0.0058241
25.24	0.0069999
25.25	0.0074524
25.26	0.0062465
25.27	0.0039112
25.28	0.0018774
25.29	0.00065394
25.3	0.0004741
25.31	0.00082558
25.32	0.00068238
25.33	0.00040825
25.34	0.00082365
25.35	0.0015783
25.36	0.0020079
25.37	0.0020589
25.38	0.0021724
25.39	0.0035556
25.4	0.0060563
25.41	0.0076926
25.42	0.0081563
25.43	0.0082619
25.44	0.0081934
25.45	0.0082928
25.46	0.0081644
25.47	0.0071656
25.48	0.0060956
25.49	0.0053162
25.5	0.0045355
25.51	0.0038698
25.52	0.0033765
25.53	0.003158
25.54	0.0033495
25.55	0.0043862
25.56	0.006063
25.57	0.0069986
25.58	0.0075092
25.59	0.0092883
25.6	0.011816
25.61	0.01414
25.62	0.016586
25.63	0.018525
25.64	0.019365
25.65	0.019669
25.66	0.019488
25.67	0.018157
25.68	0.015384
25.69	0.012156
25.7	0.010223
25.71	0.010072
25.72	0.010424
25.73	0.0094942
25.74	0.0072273
25.75	0.005621
25.76	0.0046967
25.77	0.0026004
25.78	-0.00078211
25.79	-0.0047611
25.8	-0.0089627
25.81	-0.013465
25.82	-0.018289
25.83	-0.022439
25.84	-0.025257
25.85	-0.026471
25.86	-0.026505
25.87	-0.02705
25.88	-0.028137
25.89	-0.028155
25.9	-0.02704
25.91	-0.026489
25.92	-0.02738
25.93	-0.02748
25.94	-0.024391
25.95	-0.019877
25.96	-0.016317
25.97	-0.012675
25.98	-0.0078305
25.99	-0.0026862
26	0.002168
26.01	0.0068741
26.02	0.011158
26.03	0.015025
26.04	0.018916
26.05	0.023217
26.06	0.027533
26.07	0.031058
26.08	0.033531
26.09	0.035234
26.1	0.037593
26.11	0.04115
26.12	0.043863
26.13	0.044475
26.14	0.044655
26.15	0.045457
26.16	0.046281
26.17	0.046957
26.18	0.046531
26.19	0.045
26.2	0.044255
26.21	0.043939
26.22	0.042392
26.23	0.039774
26.24	0.037076
26.25	0.034485
26.26	0.031836
26.27	0.028584
26.28	0.023559
26.29	0.017687
26.3	0.012785
26.31	0.0083418
26.32	0.0035884
26.33	-0.0012454
26.34	-0.0055439
26.35	-0.0086149
26.36	-0.01025
26.37	-0.010769
26.38	-0.010799
26.39	-0.010471
26.4	-0.0092164
26.41	-0.0071274
26.42	-0.0053262
26.43	-0.0042674
26.44	-0.0033161
26.45	-0.0022067
26.46	-0.0014578
26.47	-0.0013573
26.48	-0.0010849
26.49	0.00021173
26.5	0.0016919
26.51	0.0020924
26.52	0.0025315
26.53	0.0049018
26.54	0.0075738
26.55	0.0080516
26.56	0.0069237
26.57	0.0055611
26.58	0.0045682
26.59	0.0046856
26.6	0.0060449
26.61	0.0073117
26.62	0.0078658
26.63	0.0083236
26.64	0.0090452
26.65	0.0099418
26.66	0.010626
26.67	0.010988
26.68	0.010769
26.69	0.0098975
26.7	0.009351
26.71	0.0096882
26.72	0.010596
26.73	0.012259
26.74	0.014821
26.75	0.017069
26.76	0.018364
26.77	0.019787
26.78	0.022255
26.79	0.024935
26.8	0.026822
26.81	0.028726
26.82	0.030518
26.83	0.030818
26.84	0.029818
26.85	0.029087
26.86	0.029262
26.87	0.028575
26.88	0.0257
26.89	0.021474
26.9	0.017232
26.91	0.013798
26.92	0.010298
26.93	0.0063213
26.94	0.0030885
26.95	0.00063461
26.96	-0.0016225
26.97	-0.0038656
26.98	-0.0055319
26.99	-0.0055403
27	-0.0045597
27.01	-0.0043637
27.02	-0.0053605
27.03	-0.0062774
27.04	-0.0063272
27.05	-0.0065593
27.06	-0.0077559
27.07	-0.0088873
27.08	-0.0090042
27.09	-0.0089111
27.1	-0.01035
27.11	-0.013441
27.12	-0.016056
27.13	-0.01707
27.14	-0.01795
27.15	-0.019948
27.16	-0.022173
27.17	-0.023832
27.18	-0.025525
27.19	-0.027612
27.2	-0.028863
27.21	-0.028924
27.22	-0.029722
27.23	-0.031597
27.24	-0.032894
27.25	-0.03366
27.26	-0.035055
27.27	-0.036259
27.28	-0.036301
27.29	-0.035803
27.3	-0.035104
27.31	-0.034597
27.32	-0.035133
27.33	-0.036328
27.34	-0.036685
27.35	-0.035771
27.36	-0.034539
27.37	-0.034178
27.38	-0.034999
27.39	-0.036213
27.4	-0.037598
27.41	-0.039606
27.42	-0.042113
27.43	-0.04414
27.44	-0.045064
27.45	-0.045605
27.46	-0.046014
27.47	-0.046223
27.48	-0.047077
27.49	-0.048345
27.5	-0.048564
27.51	-0.047497
27.52	-0.045958
27.53	-0.044165
27.54	-0.042048
27.55	-0.039889
27.56	-0.036996
27.57	-0.032472
27.58	-0.02762
27.59	-0.023335
27.6	-0.018467
27.61	-0.01245
27.62	-0.0061026
27.63	-0.00073432
27.64	0.003001
27.65	0.0057381
27.66	0.0084293
27.67	0.010404
27.68	0.010439
27.69	0.0099489
27.7	0.011391
27.71	0.014342
27.72	0.016416
27.73	0.017077
27.74	0.017825
27.75	0.019986
27.76	0.023188
27.77	0.025815
27.78	0.027426
27.79	0.029365
27.8	0.032312
27.81	0.035406
27.82	0.037881
27.83	0.038891
27.84	0.038392
27.85	0.038215
27.86	0.039272
27.87	0.040706
27.88	0.042065
27.89	0.043362
27.9	0.044776
27.91	0.046299
27.92	0.046966
27.93	0.046086
27.94	0.044304
27.95	0.042579
27.96	0.041266
27.97	0.039459
27.98	0.036092
27.99	0.032311
28	0.029739
28.01	0.028196
28.02	0.026721
28.03	0.024716
28.04	0.021894
28.05	0.018727
28.06	0.01643
28.07	0.015321
28.08	0.01433
28.09	0.012335
28.1	0.0095579
28.11	0.007017
28.12	0.0050063
28.13	0.0031927
28.14	0.0015432
28.15	0.00015723
28.16	-0.00091405
28.17	-0.0014384
28.18	-0.0015351
28.19	-0.0010016
28.2	0.00079419
28.21	0.0029683
28.22	0.0041158
28.23	0.0047624
28.24	0.0060658
28.25	0.007852
28.26	0.0095394
28.27	0.010838
28.28	0.011314
28.29	0.01101
28.3	0.010551
28.31	0.010103
28.32	0.0092944
28.33	0.0079591
28.34	0.0065597
28.35	0.0057713
28.36	0.0060467
28.37	0.0071465
28.38	0.0078634
28.39	0.0083084
28.4	0.0099918
28.41	0.012333
28.42	0.013535
28.43	0.013451
28.44	0.012788
28.45	0.012432
28.46	0.013111
28.47	0.013605
28.48	0.012503
28.49	0.010631
28.5	0.0092729
28.51	0.0082234
28.52	0.0059125
28.53	0.0018999
28.54	-0.0023624
28.55	-0.0057708
28.56	-0.0082485
28.57	-0.010206
28.58	-0.012046
28.59	-0.01382
28.6	-0.015349
28.61	-0.01705
28.62	-0.019281
28.63	-0.020996
28.64	-0.021527
28.65	-0.021974
28.66	-0.023166
28.67	-0.024359
28.68	-0.02494
28.69	-0.024616
28.7	-0.022754
28.71	-0.01988
28.72	-0.017168
28.73	-0.015135
28.74	-0.013369
28.75	-0.011391
28.76	-0.0098782
28.77	-0.0092895
28.78	-0.0090758
28.79	-0.0087398
28.8	-0.0082862
28.81	-0.0078918
28.82	-0.0076968
28.83	-0.0081895
28.84	-0.0093431
28.85	-0.010062
28.86	-0.0097999
28.87	-0.0095751
28.88	-0.010482
28.89	-0.011699
28.9	-0.012004
28.91	-0.011557
28.92	-0.010997
28.93	-0.010887
28.94	-0.011633
28.95	-0.012917
28.96	-0.013675
28.97	-0.013795
28.98	-0.014074
28.99	-0.014346
29	-0.014125
29.01	-0.013522
29.02	-0.012687
29.03	-0.01131
29.04	-0.010036
29.05	-0.010274
29.06	-0.011337
29.07	-0.011961
29.08	-0.012158
29.09	-0.011735
29.1	-0.010561
29.11	-0.0094756
29.12	-0.008504
29.13	-0.0068422
29.14	-0.0051339
29.15	-0.0041834
29.16	-0.0030892
29.17	-0.0018199
29.18	-0.0017878
29.19	-0.0020788
29.2	-0.00088435
29.21	0.0011975
29.22	0.0033012
29.23	0.0052135
29.24	0.0060431
29.25	0.0055808
29.26	0.0049314
29.27	0.0048234
29.28	0.0050121
29.29	0.004566
29.3	0.0030777
29.31	0.0017841
29.32	0.0010828
29.33	-0.00059002
29.34	-0.0029246
29.35	-0.003445
29.36	-0.0019524
29.37	-0.00062026
29.38	-0.00046041
29.39	-0.0010608
29.4	-0.0017825
29.41	-0.0022563
29.42	-0.0027652
29.43	-0.0032835
29.44	-0.0038827
29.45	-0.0050201
29.46	-0.0066169
29.47	-0.0080056
29.48	-0.0077069
29.49	-0.006408
29.5	-0.0066614
29.51	-0.0078051
29.52	-0.0078729
29.53	-0.0073255
29.54	-0.0073395
29.55	-0.0078844
29.56	-0.0086201
29.57	-0.0094763
29.58	-0.0098319
29.59	-0.0098177
29.6	-0.010612
29.61	-0.011716
29.62	-0.01249
29.63	-0.013553
29.64	-0.014585
29.65	-0.015228
29.66	-0.016052
29.67	-0.017658
29.68	-0.019408
29.69	-0.019279
29.7	-0.01699
29.71	-0.014478
29.72	-0.012872
29.73	-0.011493
29.74	-0.0091523
29.75	-0.0062102
29.76	-0.0039172
29.77	-0.0021229
29.78	-0.0001401
29.79	0.0022271
29.8	0.0052886
29.81	0.0086233
29.82	0.011712
29.83	0.01481
29.84	0.017426
29.85	0.018782
29.86	0.019822
29.87	0.021766
29.88	0.024128
29.89	0.025861
29.9	0.026341
29.91	0.025853
29.92	0.02519
29.93	0.024589
29.94	0.02416
29.95	0.024421
29.96	0.025427
29.97	0.026697
29.98	0.02775
29.99	0.028091
30	0.027981
30.01	0.028021
30.02	0.027869
30.03	0.02664
30.04	0.02484
30.05	0.024103
30.06	0.024584
30.07	0.024977
30.08	0.024266
30.09	0.023172
30.1	0.022949
30.11	0.022872
30.12	0.0217
30.13	0.019769
30.14	0.017485
30.15	0.014877
30.16	0.012193
30.17	0.0092348
30.18	0.0062271
30.19	0.0041467
30.2	0.0034788
30.21	0.0033051
30.22	0.0021767
30.23	0.00040334
30.24	-0.0012096
30.25	-0.0030576
30.26	-0.0045995
30.27	-0.0045058
30.28	-0.00294
30.29	-0.0011101
30.3	0.00044029
30.31	0.0015122
30.32	0.001878
30.33	0.0021979
30.34	0.0029143
30.35	0.0035096
30.36	0.0039501
30.37	0.0045919
30.38	0.0056028
30.39	0.0069065
30.4	0.0079949
30.41	0.0086841
30.42	0.0091822
30.43	0.0092206
30.44	0.0087371
30.45	0.0082156
30.46	0.0075075
30.47	0.0064436
30.48	0.0055749
30.49	0.0051424
30.5	0.0047829
30.51	0.0047815
30.52	0.0059911
30.53	0.0078803
30.54	0.0091246
30.55	0.0095354
30.56	0.0097472
30.57	0.010107
30.58	0.010814
30.59	0.011933
30.6	0.013303
30.61	0.015047
30.62	0.016415
30.63	0.016319
30.64	0.015408
30.65	0.014964
30.66	0.014912
30.67	0.014419
30.68	0.013395
30.69	0.011908
30.7	0.0097986
30.71	0.0073396
30.72	0.0047338
30.73	0.0019705
30.74	-0.00056793
30.75	-0.0028899
30.76	-0.0055576
30.77	-0.0082595
30.78	-0.010521
30.79	-0.012267
30.8	-0.013322
30.81	-0.013957
30.82	-0.015061
30.83	-0.017791
30.84	-0.021382
30.85	-0.023263
30.86	-0.023026
30.87	-0.02275
30.88	-0.023422
30.89	-0.02411
30.9	-0.02428
30.91	-0.024019
30.92	-0.023248
30.93	-0.022078
30.94	-0.021374
30.95	-0.021767
30.96	-0.022082
30.97	-0.021584
30.98	-0.021088
30.99	-0.020534
31	-0.019612
31.01	-0.018613
31.02	-0.017469
31.03	-0.016376
31.04	-0.015448
31.05	-0.014387
31.06	-0.013232
31.07	-0.012498
31.08	-0.012593
31.09	-0.012839
31.1	-0.012557
31.11	-0.012299
31.12	-0.012948
31.13	-0.014062
31.14	-0.014687
31.15	-0.015212
31.16	-0.016208
31.17	-0.018028
31.18	-0.021024
31.19	-0.024228
31.2	-0.026085
31.21	-0.026697
31.22	-0.027271
31.23	-0.027776
31.24	-0.027452
31.25	-0.026173
31.26	-0.024255
31.27	-0.02185
31.28	-0.01888
31.29	-0.015919
31.3	-0.013301
31.31	-0.010737
31.32	-0.0086586
31.33	-0.007164
31.34	-0.0052212
31.35	-0.0022043
31.36	0.00081535
31.37	0.0026736
31.38	0.0039534
31.39	0.0053664
31.4	0.0065879
31.41	0.0071777
31.42	0.0076523
31.43	0.0086832
31.44	0.009865
31.45	0.011033
31.46	0.012496
31.47	0.01362
31.48	0.0137
31.49	0.013035
31.5	0.012417
31.51	0.012673
31.52	0.013769
31.53	0.014312
31.54	0.013012
31.55	0.010041
31.56	0.0067941
31.57	0.0041506
31.58	0.001822
31.59	-0.00050693
31.6	-0.0028428
31.61	-0.0054398
31.62	-0.0087202
31.63	-0.011975
31.64	-0.014371
31.65	-0.016277
31.66	-0.017977
31.67	-0.019842
31.68	-0.021848
31.69	-0.022564
31.7	-0.022003
31.71	-0.021807
31.72	-0.022144
31.73	-0.022058
31.74	-0.021255
31.75	-0.02021
31.76	-0.019379
31.77	-0.018754
31.78	-0.017664
31.79	-0.015336
31.8	-0.012161
31.81	-0.0096865
31.82	-0.0083508
31.83	-0.0080017
31.84	-0.0082522
31.85	-0.0076576
31.86	-0.0062743
31.87	-0.0049802
31.88	-0.0034391
31.89	-0.0010304
31.9	0.001438
31.91	0.0029356
31.92	0.0042061
31.93	0.0059213
31.94	0.0076133
31.95	0.009214
31.96	0.011006
31.97	0.012441
31.98	0.013667
31.99	0.015354
32	0.016645
32.01	0.016991
32.02	0.017225
32.03	0.018184
32.04	0.01973
32.05	0.02072
32.06	0.020993
32.07	0.021727
32.08	0.022855
32.09	0.022777
32.1	0.021484
32.11	0.020668
32.12	0.020571
32.13	0.020567
32.14	0.020293
32.15	0.019311
32.16	0.017922
32.17	0.016676
32.18	0.015693
32.19	0.014912
32.2	0.01455
32.21	0.014836
32.22	0.015758
32.23	0.016988
32.24	0.017529
32.25	0.017228
32.26	0.016915
32.27	0.016741
32.28	0.017239
32.29	0.018945
32.3	0.020583
32.31	0.021239
32.32	0.021284
32.33	0.021076
32.34	0.020792
32.35	0.020016
32.36	0.018468
32.37	0.016779
32.38	0.015611
32.39	0.014475
32.4	0.012321
32.41	0.0094652
32.42	0.0074266
32.43	0.0064966
32.44	0.0047707
32.45	0.00168
32.46	-0.00094704
32.47	-0.0027515
32.48	-0.0042577
32.49	-0.0049252
32.5	-0.0046435
32.51	-0.0046088
32.52	-0.0055616
32.53	-0.0064459
32.54	-0.0064565
32.55	-0.0061123
32.56	-0.0058983
32.57	-0.0057424
32.58	-0.0057361
32.59	-0.0060619
32.6	-0.0061536
32.61	-0.0055796
32.62	-0.005009
32.63	-0.0051866
32.64	-0.0056126
32.65	-0.0053569
32.66	-0.0046796
32.67	-0.0041245
32.68	-0.0036864
32.69	-0.0031191
32.7	-0.0020787
32.71	-0.00052579
32.72	0.00099848
32.73	0.0016121
32.74	0.001331
32.75	0.00094683
32.76	0.00081884
32.77	0.00082218
32.78	0.00066894
32.79	0.00049203
32.8	0.001279
32.81	0.0034696
32.82	0.0052742
32.83	0.0050995
32.84	0.0044644
32.85	0.005213
32.86	0.00716
32.87	0.0093272
32.88	0.010522
32.89	0.01083
32.9	0.011446
32.91	0.012196
32.92	0.01217
32.93	0.011495
32.94	0.010893
32.95	0.010004
32.96	0.008341
32.97	0.006587
32.98	0.0050171
32.99	0.0033593
33	0.0014653
33.01	-0.00026262
33.02	-0.0015409
33.03	-0.0028399
33.04	-0.0041617
33.05	-0.0054329
33.06	-0.0070753
33.07	-0.0092049
33.08	-0.01128
33.09	-0.012682
33.1	-0.013507
33.11	-0.014332
33.12	-0.015493
33.13	-0.016741
33.14	-0.017499
33.15	-0.018554
33.16	-0.020324
33.17	-0.021449
33.18	-0.022092
33.19	-0.02285
33.2	-0.022966
33.21	-0.022022
33.22	-0.020458
33.23	-0.019518
33.24	-0.020024
33.25	-0.021032
33.26	-0.020654
33.27	-0.018448
33.28	-0.01569
33.29	-0.013147
33.3	-0.010486
33.31	-0.0073212
33.32	-0.0045622
33.33	-0.0034222
33.34	-0.0024256
33.35	0.00025239
33.36	0.0031458
33.37	0.0051132
33.38	0.0071638
33.39	0.0091415
33.4	0.010079
33.41	0.010618
33.42	0.011578
33.43	0.012194
33.44	0.011675
33.45	0.010731
33.46	0.010923
33.47	0.01243
33.48	0.013561
33.49	0.013948
33.5	0.01539
33.51	0.018036
33.52	0.020281
33.53	0.021407
33.54	0.021662
33.55	0.022055
33.56	0.023029
33.57	0.023491
33.58	0.022797
33.59	0.021606
33.6	0.020533
33.61	0.019355
33.62	0.01802
33.63	0.017207
33.64	0.016897
33.65	0.016382
33.66	0.014979
33.67	0.01258
33.68	0.010436
33.69	0.0094166
33.7	0.0089497
33.71	0.0085079
33.72	0.0077872
33.73	0.0060696
33.74	0.0031899
33.75	5.7251e-05
33.76	-0.0023727
33.77	-0.0041017
33.78	-0.0057429
33.79	-0.0074345
33.8	-0.0090268
33.81	-0.010592
33.82	-0.012031
33.83	-0.013068
33.84	-0.013882
33.85	-0.014414
33.86	-0.014772
33.87	-0.015553
33.88	-0.016463
33.89	-0.016684
33.9	-0.016243
33.91	-0.01595
33.92	-0.015915
33.93	-0.015687
33.94	-0.014978
33.95	-0.01373
33.96	-0.012184
33.97	-0.010806
33.98	-0.010087
33.99	-0.0098205
34	-0.009043
34.01	-0.0070702
34.02	-0.0044126
34.03	-0.0025193
34.04	-0.002029
34.05	-0.001624
34.06	-0.00038439
34.07	0.0001827
34.08	-0.00096091
34.09	-0.0025222
34.1	-0.0035345
34.11	-0.0043706
34.12	-0.0050471
34.13	-0.0055769
34.14	-0.0064833
34.15	-0.0078625
34.16	-0.0092932
34.17	-0.010336
34.18	-0.011789
34.19	-0.014229
34.2	-0.015892
34.21	-0.015576
34.22	-0.014533
34.23	-0.014458
34.24	-0.015328
34.25	-0.015823
34.26	-0.015954
34.27	-0.016481
34.28	-0.016844
34.29	-0.016396
34.3	-0.015524
34.31	-0.014639
34.32	-0.014186
34.33	-0.014795
34.34	-0.016222
34.35	-0.017499
34.36	-0.017661
34.37	-0.016774
34.38	-0.015711
34.39	-0.014939
34.4	-0.014658
34.41	-0.014414
34.42	-0.013523
34.43	-0.012608
34.44	-0.012491
34.45	-0.012619
34.46	-0.012356
34.47	-0.011833
34.48	-0.011429
34.49	-0.011524
34.5	-0.011721
34.51	-0.011381
34.52	-0.010515
34.53	-0.0093188
34.54	-0.0078122
34.55	-0.005937
34.56	-0.0036749
34.57	-0.0010927
34.58	0.001449
34.59	0.0035809
34.6	0.0055396
34.61	0.0080251
34.62	0.010784
34.63	0.013219
34.64	0.01599
34.65	0.018869
34.66	0.020775
34.67	0.022177
34.68	0.023586
34.69	0.024888
34.7	0.026814
34.71	0.03
34.72	0.033354
34.73	0.034764
34.74	0.034324
34.75	0.034061
34.76	0.034167
34.77	0.034017
34.78	0.033993
34.79	0.034126
34.8	0.034281
34.81	0.0345
34.82	0.03444
34.83	0.03376
34.84	0.032308
34.85	0.030543
34.86	0.028925
34.87	0.027049
34.88	0.024806
34.89	0.022794
34.9	0.02152
34.91	0.020813
34.92	0.019928
34.93	0.018382
34.94	0.016712
34.95	0.01572
34.96	0.015287
34.97	0.014719
34.98	0.013822
34.99	0.013177
35	0.012802
35.01	0.012262
35.02	0.011109
35.03	0.0090144
35.04	0.0069174
35.05	0.0057773
35.06	0.0053553
35.07	0.0050293
35.08	0.0040966
35.09	0.0022124
35.1	0.00031406
35.11	-0.00077237
35.12	-0.0016943
35.13	-0.0029918
35.14	-0.0045409
35.15	-0.0063018
35.16	-0.007708
35.17	-0.0081381
35.18	-0.0080218
35.19	-0.0078382
35.2	-0.0070892
35.21	-0.005301
35.22	-0.0034661
35.23	-0.0026322
35.24	-0.0023397
35.25	-0.0021007
35.26	-0.0021196
35.27	-0.0023624
35.28	-0.0027943
35.29	-0.003614
35.3	-0.0046876
35.31	-0.005977
35.32	-0.0075735
35.33	-0.0090312
35.34	-0.010326
35.35	-0.012438
35.36	-0.014917
35.37	-0.01617
35.38	-0.016591
35.39	-0.01725
35.4	-0.01768
35.41	-0.01749
35.42	-0.017463
35.43	-0.018056
35.44	-0.018731
35.45	-0.018822
35.46	-0.01825
35.47	-0.017718
35.48	-0.017727
35.49	-0.017675
35.5	-0.017252
35.51	-0.016953
35.52	-0.016498
35.53	-0.015349
35.54	-0.014093
35.55	-0.013454
35.56	-0.013207
35.57	-0.012858
35.58	-0.012556
35.59	-0.012728
35.6	-0.013425
35.61	-0.014202
35.62	-0.014663
35.63	-0.014836
35.64	-0.015038
35.65	-0.015465
35.66	-0.01559
35.67	-0.015061
35.68	-0.014466
35.69	-0.013785
35.7	-0.011644
35.71	-0.0082438
35.72	-0.0055458
35.73	-0.0039285
35.74	-0.002395
35.75	-0.00054351
35.76	0.00087053
35.77	0.0011404
35.78	0.0014478
35.79	0.003549
35.8	0.0063439
35.81	0.007494
35.82	0.0070284
35.83	0.006836
35.84	0.0079653
35.85	0.0094476
35.86	0.010352
35.87	0.010581
35.88	0.010485
35.89	0.010523
35.9	0.010511
35.91	0.010177
35.92	0.0096327
35.93	0.0091629
35.94	0.0087984
35.95	0.0079141
35.96	0.0062059
35.97	0.0044313
35.98	0.002823
35.99	0.0012269
36	3.5906e-05
36.01	-0.00024003
36.02	-0.00083038
36.03	-0.0021219
36.04	-0.0042496
36.05	-0.0062361
36.06	-0.0070791
36.07	-0.0077531
36.08	-0.0093176
36.09	-0.011265
36.1	-0.012696
36.11	-0.01397
36.12	-0.015556
36.13	-0.01677
36.14	-0.017356
36.15	-0.018168
36.16	-0.019557
36.17	-0.020538
36.18	-0.020246
36.19	-0.019228
36.2	-0.017929
36.21	-0.016036
36.22	-0.014185
36.23	-0.013005
36.24	-0.011982
36.25	-0.010676
36.26	-0.0092877
36.27	-0.0079885
36.28	-0.0064971
36.29	-0.005098
36.3	-0.0043045
36.31	-0.0038479
36.32	-0.0036
36.33	-0.0035223
36.34	-0.0030411
36.35	-0.0021497
36.36	-0.0014056
36.37	-0.00094996
36.38	-0.00056621
36.39	-0.00011978
36.4	0.00027596
36.41	0.00063823
36.42	0.0010124
36.43	0.0013393
36.44	0.00166
36.45	0.0020349
36.46	0.002421
36.47	0.0027522
36.48	0.0030163
36.49	0.0032133
36.5	0.0034149
36.51	0.0037063
36.52	0.0040358
36.53	0.004252
36.54	0.0043889
36.55	0.004563
36.56	0.0047485
36.57	0.0049076
36.58	0.0050527
36.59	0.0052072
36.6	0.0053867
36.61	0.0055714
36.62	0.0057105
36.63	0.0058274
36.64	0.0059373
36.65	0.0061218
36.66	0.0069285
36.67	0.008358
36.68	0.0094713
36.69	0.010296
36.7	0.011393
36.71	0.01286
36.72	0.014816
36.73	0.016596
36.74	0.017167
36.75	0.016614
36.76	0.015851
36.77	0.015605
36.78	0.015936
36.79	0.016381
36.8	0.016879
36.81	0.01765
36.82	0.018173
36.83	0.017926
36.84	0.017088
36.85	0.016265
36.86	0.016627
36.87	0.018419
36.88	0.019719
36.89	0.019655
36.9	0.01954
36.91	0.019638
36.92	0.019552
36.93	0.019637
36.94	0.019702
36.95	0.019147
36.96	0.018079
36.97	0.017016
36.98	0.0161
36.99	0.015201
37	0.01425
37.01	0.013652
37.02	0.013852
37.03	0.014119
37.04	0.013595
37.05	0.012555
37.06	0.011452
37.07	0.010561
37.08	0.010379
37.09	0.010702
37.1	0.010568
37.11	0.0096927
37.12	0.0085531
37.13	0.0076719
37.14	0.007486
37.15	0.0078869
37.16	0.0081725
37.17	0.0080764
37.18	0.0078159
37.19	0.007275
37.2	0.0066692
37.21	0.0067807
37.22	0.0072787
37.23	0.0069031
37.24	0.0055527
37.25	0.0041078
37.26	0.0028321
37.27	0.0014123
37.28	-0.00044862
37.29	-0.0025614
37.3	-0.0042993
37.31	-0.0056268
37.32	-0.0069448
37.33	-0.008798
37.34	-0.011195
37.35	-0.013013
37.36	-0.014308
37.37	-0.016022
37.38	-0.017676
37.39	-0.019084
37.4	-0.020981
37.41	-0.022859
37.42	-0.023887
37.43	-0.024232
37.44	-0.023979
37.45	-0.023699
37.46	-0.024312
37.47	-0.025184
37.48	-0.025468
37.49	-0.025437
37.5	-0.025426
37.51	-0.025827
37.52	-0.026494
37.53	-0.026774
37.54	-0.026671
37.55	-0.026199
37.56	-0.025214
37.57	-0.023926
37.58	-0.022644
37.59	-0.021667
37.6	-0.020993
37.61	-0.020166
37.62	-0.018966
37.63	-0.017545
37.64	-0.016144
37.65	-0.014974
37.66	-0.013919
37.67	-0.013226
37.68	-0.013562
37.69	-0.01437
37.7	-0.014306
37.71	-0.013212
37.72	-0.012011
37.73	-0.011477
37.74	-0.01142
37.75	-0.010989
37.76	-0.010208
37.77	-0.0096848
37.78	-0.0092797
37.79	-0.00877
37.8	-0.0078232
37.81	-0.0061697
37.82	-0.0046779
37.83	-0.0038943
37.84	-0.0031666
37.85	-0.0022074
37.86	-0.0013725
37.87	-0.00067273
37.88	0.00041323
37.89	0.001738
37.9	0.0022867
37.91	0.0020088
37.92	0.0019082
37.93	0.0023849
37.94	0.0030297
37.95	0.003532
37.96	0.0039281
37.97	0.004185
37.98	0.0041634
37.99	0.0039855
38	0.0041901
38.01	0.0049528
38.02	0.0058713
38.03	0.0069009
38.04	0.0080393
38.05	0.0091342
38.06	0.010183
38.07	0.011104
38.08	0.011978
38.09	0.01268
38.1	0.012928
38.11	0.013084
38.12	0.013429
38.13	0.01354
38.14	0.013326
38.15	0.01347
38.16	0.014046
38.17	0.014333
38.18	0.014183
38.19	0.014037
38.2	0.014424
38.21	0.015353
38.22	0.016059
38.23	0.016181
38.24	0.015922
38.25	0.015482
38.26	0.015262
38.27	0.015384
38.28	0.015342
38.29	0.015056
38.3	0.015062
38.31	0.015206
38.32	0.01491
38.33	0.014212
38.34	0.013437
38.35	0.012956
38.36	0.012793
38.37	0.012435
38.38	0.011635
38.39	0.010652
38.4	0.0097566
38.41	0.0089435
38.42	0.008206
38.43	0.0077515
38.44	0.007481
38.45	0.0069854
38.46	0.006053
38.47	0.0048417
38.48	0.0037942
38.49	0.0031207
38.5	0.0026389
38.51	0.0021504
38.52	0.0014785
38.53	0.00058938
38.54	-0.00020377
38.55	-0.00062354
38.56	-0.00073472
38.57	-0.00074338
38.58	-0.00081947
38.59	-0.0010619
38.6	-0.0014051
38.61	-0.0017486
38.62	-0.002063
38.63	-0.0023502
38.64	-0.0026333
38.65	-0.0028991
38.66	-0.0031639
38.67	-0.0034779
38.68	-0.0038068
38.69	-0.0040737
38.7	-0.0042886
38.71	-0.0045855
38.72	-0.005033
38.73	-0.0054705
38.74	-0.00573
38.75	-0.0059063
38.76	-0.0062042
38.77	-0.0065995
38.78	-0.0068801
38.79	-0.0069489
38.8	-0.0068393
38.81	-0.0067324
38.82	-0.0068927
38.83	-0.0072019
38.84	-0.0074378
38.85	-0.0076517
38.86	-0.0077482
38.87	-0.0076514
38.88	-0.0075602
38.89	-0.0076128
38.9	-0.0076997
38.91	-0.0076059
38.92	-0.007347
38.93	-0.0071142
38.94	-0.0068776
38.95	-0.006596
38.96	-0.0064337
38.97	-0.0063241
38.98	-0.0060103
38.99	-0.0055368
39	-0.0051693
39.01	-0.0049492
39.02	-0.0046731
39.03	-0.0042606
39.04	-0.0038158
39.05	-0.003422
39.06	-0.0030632
39.07	-0.0027084
39.08	-0.0023865
39.09	-0.0021249
39.1	-0.0018539
39.11	-0.0015246
39.12	-0.0012139
39.13	-0.00095308
39.14	-0.00064911
39.15	-0.00029155
39.16	-5.3472e-06
39.17	0.00016874
39.18	0.0002931
39.19	0.00047651
39.2	0.00080991
39.21	0.0011552
39.22	0.001335
39.23	0.001428
39.24	0.0015449
39.25	0.0016482
39.26	0.0017344
39.27	0.0018332
39.28	0.0018923
39.29	0.0019118
39.3	0.001962
39.31	0.0019868
39.32	0.0018802
39.33	0.0017066
39.34	0.0016158
39.35	0.0016174
39.36	0.0016101
39.37	0.001556
39.38	0.001484
39.39	0.0014033
39.4	0.0013481
39.41	0.0013257
39.42	0.0012832
39.43	0.0012302
39.44	0.0011814
39.45	0.001124
39.46	0.0010667
39.47	0.0010151
39.48	0.00097154
39.49	0.0009434
39.5	0.00093004
39.51	0.00090036
39.52	0.00081992
39.53	0.00070738
39.54	0.00061989
39.55	0.00058175
39.56	0.00056727
39.57	0.00055007
39.58	0.00052827
39.59	0.00049676
39.6	0.00045092
39.61	0.00042066
39.62	0.00041989
39.63	0.00041799
39.64	0.00040604
39.65	0.00038961
39.66	0.00036126
39.67	0.00032664
39.68	0.00029777
39.69	0.00028127
39.7	0.00027962
39.71	0.00028296
39.72	0.00027742
39.73	0.00025864
39.74	0.00023844
39.75	0.00022391
39.76	0.00020504
39.77	0.00017588
39.78	0.00014414
39.79	0.00011897
39.8	9.855e-05
39.81	7.5476e-05
39.82	4.8189e-05
39.83	1.9342e-05
39.84	-6.2594e-06
39.85	-2.5474e-05
39.86	-4.1141e-05
39.87	-5.4739e-05
39.88	-6.4565e-05
39.89	-7.1992e-05
39.9	-7.875e-05
39.91	-8.4582e-05
39.92	-8.9355e-05
39.93	-9.3152e-05
39.94	-9.6351e-05
39.95	-9.9454e-05
39.96	-0.00010205
39.97	-0.00010354
39.98	-0.00010378
39.99	-0.00010287
