0	-0.0013527
0.01	-0.00074638
0.02	0.0019452
0.03	0.0038738
0.04	0.0031757
0.05	0.0031249
0.06	0.0030545
0.07	0.0030026
0.08	0.0029515
0.09	0.0028671
0.1	0.0027081
0.11	0.0024686
0.12	0.0021467
0.13	0.0017721
0.14	0.0014017
0.15	0.0010963
0.16	0.00088093
0.17	0.00077534
0.18	0.00079833
0.19	0.00094121
0.2	0.001147
0.21	0.001366
0.22	0.001566
0.23	0.0017456
0.24	0.0019559
0.25	0.0022706
0.26	0.0026973
0.27	0.0031312
0.28	0.0034077
0.29	0.0034361
0.3	0.0032256
0.31	0.0029426
0.32	0.0028678
0.33	0.0031373
0.34	0.0036109
0.35	0.0039696
0.36	0.0038863
0.37	0.003296
0.38	0.0024747
0.39	0.0018215
0.4	0.0014876
0.41	0.0012388
0.42	0.00077168
0.43	5.3897e-05
0.44	-0.00072339
0.45	-0.0013463
0.46	-0.0016575
0.47	-0.0016824
0.48	-0.0017372
0.49	-0.0021289
0.5	-0.0028099
0.51	-0.0034238
0.52	-0.0036615
0.53	-0.0036175
0.54	-0.0037679
0.55	-0.0044081
0.56	-0.0051573
0.57	-0.0053609
0.58	-0.0049327
0.59	-0.0043207
0.6	-0.0039444
0.61	-0.0039758
0.62	-0.0042366
0.63	-0.0043199
0.64	-0.004086
0.65	-0.0036174
0.66	-0.0029678
0.67	-0.0025467
0.68	-0.0029055
0.69	-0.0037296
0.7	-0.0039186
0.71	-0.0029864
0.72	-0.0017475
0.73	-0.0012217
0.74	-0.001645
0.75	-0.0023841
0.76	-0.0024776
0.77	-0.0018699
0.78	-0.0015666
0.79	-0.0023887
0.8	-0.004148
0.81	-0.0059909
0.82	-0.0071934
0.83	-0.0075348
0.84	-0.0072626
0.85	-0.006955
0.86	-0.0071905
0.87	-0.0080548
0.88	-0.0092592
0.89	-0.010258
0.9	-0.010117
0.91	-0.0080418
0.92	-0.0043621
0.93	-0.00089831
0.94	0.00053806
0.95	-0.00030642
0.96	-0.0023825
0.97	-0.0038174
0.98	-0.003169
0.99	-0.00060444
1	0.0029051
1.01	0.006004
1.02	0.0074171
1.03	0.006965
1.04	0.0054398
1.05	0.004109
1.06	0.0043647
1.07	0.0066005
1.08	0.0094886
1.09	0.01159
1.1	0.012561
1.11	0.012614
1.12	0.011832
1.13	0.010495
1.14	0.0094559
1.15	0.0087846
1.16	0.0077121
1.17	0.0060833
1.18	0.0041839
1.19	0.0024394
1.2	0.0015744
1.21	0.002114
1.22	0.0035316
1.23	0.0044559
1.24	0.004203
1.25	0.0036387
1.26	0.0046678
1.27	0.0080903
1.28	0.01183
1.29	0.01274
1.3	0.0094838
1.31	0.0032277
1.32	-0.0031958
1.33	-0.0068852
1.34	-0.0073258
1.35	-0.0070414
1.36	-0.0086132
1.37	-0.01229
1.38	-0.016789
1.39	-0.021117
1.4	-0.024439
1.41	-0.025158
1.42	-0.022305
1.43	-0.016583
1.44	-0.0093419
1.45	-0.0023375
1.46	0.001469
1.47	-0.00082846
1.48	-0.0085473
1.49	-0.016703
1.5	-0.019956
1.51	-0.016351
1.52	-0.0082803
1.53	-0.0010178
1.54	0.00018706
1.55	-0.0064817
1.56	-0.016977
1.57	-0.023418
1.58	-0.019688
1.59	-0.0060622
1.6	0.010351
1.61	0.022218
1.62	0.027768
1.63	0.027438
1.64	0.021795
1.65	0.013624
1.66	0.0069912
1.67	0.0044958
1.68	0.0053666
1.69	0.0065091
1.7	0.0053086
1.71	0.0018904
1.72	-0.00099206
1.73	-9.2556e-05
1.74	0.0065976
1.75	0.018273
1.76	0.031401
1.77	0.041309
1.78	0.044003
1.79	0.0384
1.8	0.026801
1.81	0.012993
1.82	0.0012279
1.83	-0.0045526
1.84	-0.0028843
1.85	0.0041346
1.86	0.012229
1.87	0.017627
1.88	0.01866
1.89	0.017087
1.9	0.015931
1.91	0.014553
1.92	0.010894
1.93	0.0049834
1.94	-0.0026766
1.95	-0.012533
1.96	-0.025137
1.97	-0.039057
1.98	-0.051303
1.99	-0.058988
2	-0.060395
2.01	-0.056398
2.02	-0.048505
2.03	-0.037297
2.04	-0.025769
2.05	-0.018739
2.06	-0.017292
2.07	-0.019529
2.08	-0.02576
2.09	-0.036585
2.1	-0.047019
2.11	-0.049472
2.12	-0.043497
2.13	-0.037052
2.14	-0.038153
2.15	-0.047662
2.16	-0.056606
2.17	-0.052382
2.18	-0.032182
2.19	-0.0065924
2.2	0.011279
2.21	0.015868
2.22	0.0085605
2.23	-0.006159
2.24	-0.021084
2.25	-0.027659
2.26	-0.020505
2.27	-0.0018765
2.28	0.019776
2.29	0.037265
2.3	0.048576
2.31	0.05565
2.32	0.062941
2.33	0.072696
2.34	0.080392
2.35	0.079439
2.36	0.067763
2.37	0.048301
2.38	0.026966
2.39	0.0098125
2.4	0.0011765
2.41	0.0026229
2.42	0.011759
2.43	0.023794
2.44	0.034326
2.45	0.040215
2.46	0.040665
2.47	0.038962
2.48	0.040622
2.49	0.049529
2.5	0.064754
2.51	0.079102
2.52	0.084137
2.53	0.077315
2.54	0.061639
2.55	0.042529
2.56	0.026512
2.57	0.017218
2.58	0.012461
2.59	0.0077528
2.6	0.0019307
2.61	-0.0015448
2.62	0.00040153
2.63	0.005277
2.64	0.0080818
2.65	0.0074424
2.66	0.0054233
2.67	0.0036128
2.68	0.00085561
2.69	-0.005112
2.7	-0.013877
2.71	-0.02255
2.72	-0.029844
2.73	-0.03685
2.74	-0.044919
2.75	-0.053252
2.76	-0.057325
2.77	-0.052967
2.78	-0.041411
2.79	-0.028041
2.8	-0.017904
2.81	-0.012984
2.82	-0.013481
2.83	-0.019145
2.84	-0.027069
2.85	-0.032161
2.86	-0.031024
2.87	-0.023457
2.88	-0.012385
2.89	-0.0024919
2.9	0.0028539
2.91	0.0028479
2.92	-0.0018678
2.93	-0.010107
2.94	-0.020391
2.95	-0.032234
2.96	-0.046846
2.97	-0.064221
2.98	-0.079936
2.99	-0.086668
3	-0.078361
3.01	-0.053271
3.02	-0.016962
3.03	0.018296
3.04	0.039205
3.05	0.037899
3.06	0.015082
3.07	-0.019537
3.08	-0.049459
3.09	-0.059847
3.1	-0.046311
3.11	-0.016579
3.12	0.014664
3.13	0.034575
3.14	0.041574
3.15	0.044478
3.16	0.051247
3.17	0.064228
3.18	0.079352
3.19	0.085571
3.2	0.074411
3.21	0.049445
3.22	0.023665
3.23	0.010658
3.24	0.01411
3.25	0.024506
3.26	0.028744
3.27	0.021826
3.28	0.010721
3.29	0.0084082
3.3	0.021719
3.31	0.044193
3.32	0.061339
3.33	0.06142
3.34	0.041102
3.35	0.005783
3.36	-0.032672
3.37	-0.059573
3.38	-0.06314
3.39	-0.042446
3.4	-0.0092058
3.41	0.020153
3.42	0.036022
3.43	0.040945
3.44	0.04286
3.45	0.045207
3.46	0.045225
3.47	0.037033
3.48	0.015091
3.49	-0.019587
3.5	-0.056747
3.51	-0.083868
3.52	-0.094656
3.53	-0.091013
3.54	-0.080146
3.55	-0.068643
3.56	-0.057869
3.57	-0.045253
3.58	-0.028126
3.59	-0.0071055
3.6	0.014484
3.61	0.033228
3.62	0.044834
3.63	0.044024
3.64	0.028337
3.65	0.00074098
3.66	-0.030576
3.67	-0.053068
3.68	-0.056573
3.69	-0.042331
3.7	-0.021539
3.71	-0.0060057
3.72	-0.0013199
3.73	-0.0045344
3.74	-0.0067466
3.75	-0.0002205
3.76	0.014958
3.77	0.03019
3.78	0.036915
3.79	0.037211
3.8	0.042069
3.81	0.058495
3.82	0.082664
3.83	0.10363
3.84	0.11193
3.85	0.10564
3.86	0.088878
3.87	0.068128
3.88	0.048606
3.89	0.032394
3.9	0.017097
3.91	-0.0033194
3.92	-0.031701
3.93	-0.064652
3.94	-0.095131
3.95	-0.11637
3.96	-0.12581
3.97	-0.12381
3.98	-0.1108
3.99	-0.088863
4	-0.063345
4.01	-0.039868
4.02	-0.021951
4.03	-0.010941
4.04	-0.00746
4.05	-0.011722
4.06	-0.020981
4.07	-0.03127
4.08	-0.041039
4.09	-0.048881
4.1	-0.05168
4.11	-0.047916
4.12	-0.038701
4.13	-0.026946
4.14	-0.017353
4.15	-0.015781
4.16	-0.02546
4.17	-0.041297
4.18	-0.051489
4.19	-0.046708
4.2	-0.02806
4.21	-0.0059006
4.22	0.01008
4.23	0.017946
4.24	0.020583
4.25	0.020767
4.26	0.020263
4.27	0.019914
4.28	0.0186
4.29	0.014984
4.3	0.010056
4.31	0.0050672
4.32	0.00094392
4.33	-0.0012242
4.34	-0.001318
4.35	0.0018081
4.36	0.011716
4.37	0.029831
4.38	0.051075
4.39	0.06597
4.4	0.066688
4.41	0.052204
4.42	0.02938
4.43	0.0089915
4.44	-0.002162
4.45	-0.0059264
4.46	-0.0092459
4.47	-0.015985
4.48	-0.022995
4.49	-0.024798
4.5	-0.017175
4.51	0.001596
4.52	0.027399
4.53	0.049955
4.54	0.05941
4.55	0.055257
4.56	0.046562
4.57	0.041502
4.58	0.04145
4.59	0.045159
4.6	0.050832
4.61	0.055031
4.62	0.05439
4.63	0.04795
4.64	0.03667
4.65	0.02285
4.66	0.010746
4.67	0.0049197
4.68	0.0054421
4.69	0.0065937
4.7	0.0024207
4.71	-0.0080546
4.72	-0.020575
4.73	-0.029347
4.74	-0.031672
4.75	-0.026903
4.76	-0.013918
4.77	0.0058519
4.78	0.029251
4.79	0.053248
4.8	0.072576
4.81	0.080452
4.82	0.072932
4.83	0.053385
4.84	0.030856
4.85	0.013575
4.86	0.0051654
4.87	0.0051551
4.88	0.010897
4.89	0.018298
4.9	0.02183
4.91	0.01764
4.92	0.0075322
4.93	-0.0033277
4.94	-0.011642
4.95	-0.016861
4.96	-0.019693
4.97	-0.023017
4.98	-0.030663
4.99	-0.043231
5	-0.056126
5.01	-0.064253
5.02	-0.067589
5.03	-0.067801
5.04	-0.065839
5.05	-0.063072
5.06	-0.060499
5.07	-0.059938
5.08	-0.063796
5.09	-0.071122
5.1	-0.077414
5.11	-0.080205
5.12	-0.0806
5.13	-0.079411
5.14	-0.076486
5.15	-0.072921
5.16	-0.07141
5.17	-0.072301
5.18	-0.073166
5.19	-0.072883
5.2	-0.069502
5.21	-0.059165
5.22	-0.040778
5.23	-0.016216
5.24	0.011272
5.25	0.035035
5.26	0.046671
5.27	0.042639
5.28	0.028703
5.29	0.016365
5.3	0.011897
5.31	0.011182
5.32	0.0088703
5.33	0.0058512
5.34	0.0054461
5.35	0.0094927
5.36	0.016887
5.37	0.024106
5.38	0.027369
5.39	0.024456
5.4	0.015811
5.41	0.005006
5.42	-0.0021426
5.43	-0.0031573
5.44	-0.0011206
5.45	0.0012834
5.46	0.003297
5.47	0.0036664
5.48	0.0015063
5.49	-0.0026104
5.5	-0.0052879
5.51	-0.0029494
5.52	0.0038742
5.53	0.011311
5.54	0.013249
5.55	0.0058628
5.56	-0.0080379
5.57	-0.022879
5.58	-0.034592
5.59	-0.042588
5.6	-0.048076
5.61	-0.050468
5.62	-0.049559
5.63	-0.04634
5.64	-0.039968
5.65	-0.029957
5.66	-0.018764
5.67	-0.0082614
5.68	0.0016674
5.69	0.01108
5.7	0.02096
5.71	0.033167
5.72	0.047706
5.73	0.062166
5.74	0.074338
5.75	0.084427
5.76	0.094234
5.77	0.10639
5.78	0.1225
5.79	0.14155
5.8	0.15929
5.81	0.16974
5.82	0.16972
5.83	0.16059
5.84	0.14679
5.85	0.1338
5.86	0.12423
5.87	0.11662
5.88	0.10956
5.89	0.10305
5.9	0.097227
5.91	0.09402
5.92	0.097878
5.93	0.11081
5.94	0.12845
5.95	0.14472
5.96	0.15755
5.97	0.16842
5.98	0.17897
5.99	0.18976
6	0.2008
6.01	0.21173
6.02	0.22231
6.03	0.23185
6.04	0.23846
6.05	0.24095
6.06	0.23947
6.07	0.23364
6.08	0.22187
6.09	0.20532
6.1	0.18891
6.11	0.17393
6.12	0.15656
6.13	0.13466
6.14	0.10988
6.15	0.084213
6.16	0.058471
6.17	0.033401
6.18	0.0088355
6.19	-0.015703
6.2	-0.038988
6.21	-0.057929
6.22	-0.071262
6.23	-0.08102
6.24	-0.089911
6.25	-0.10048
6.26	-0.11381
6.27	-0.12842
6.28	-0.14184
6.29	-0.15188
6.3	-0.15742
6.31	-0.16093
6.32	-0.16589
6.33	-0.17316
6.34	-0.18437
6.35	-0.20048
6.36	-0.21841
6.37	-0.23615
6.38	-0.25356
6.39	-0.26903
6.4	-0.28311
6.41	-0.29964
6.42	-0.31986
6.43	-0.3416
6.44	-0.36306
6.45	-0.38383
6.46	-0.40206
6.47	-0.41366
6.48	-0.41738
6.49	-0.41591
6.5	-0.41262
6.51	-0.40919
6.52	-0.40244
6.53	-0.38698
6.54	-0.36279
6.55	-0.33399
6.56	-0.30317
6.57	-0.27136
6.58	-0.23853
6.59	-0.20279
6.6	-0.16164
6.61	-0.1151
6.62	-0.067023
6.63	-0.022513
6.64	0.014105
6.65	0.040973
6.66	0.062289
6.67	0.0864
6.68	0.11604
6.69	0.14474
6.7	0.16441
6.71	0.17198
6.72	0.16902
6.73	0.15958
6.74	0.14841
6.75	0.13943
6.76	0.13442
6.77	0.13316
6.78	0.13458
6.79	0.13678
6.8	0.13839
6.81	0.14032
6.82	0.14437
6.83	0.15072
6.84	0.15827
6.85	0.16612
6.86	0.17344
6.87	0.17935
6.88	0.18256
6.89	0.18061
6.9	0.17203
6.91	0.15756
6.92	0.13946
6.93	0.12209
6.94	0.10831
6.95	0.095866
6.96	0.080747
6.97	0.061583
6.98	0.03975
6.99	0.017401
7	-0.0033617
7.01	-0.024042
7.02	-0.048929
7.03	-0.078895
7.04	-0.11352
7.05	-0.15158
7.06	-0.18725
7.07	-0.21383
7.08	-0.22953
7.09	-0.23642
7.1	-0.23521
7.11	-0.2257
7.12	-0.21171
7.13	-0.20061
7.14	-0.19671
7.15	-0.19768
7.16	-0.19879
7.17	-0.19613
7.18	-0.18629
7.19	-0.16877
7.2	-0.14466
7.21	-0.11472
7.22	-0.081708
7.23	-0.048861
7.24	-0.017532
7.25	0.012085
7.26	0.040644
7.27	0.069539
7.28	0.09822
7.29	0.12365
7.3	0.14434
7.31	0.15967
7.32	0.16705
7.33	0.16524
7.34	0.15844
7.35	0.15296
7.36	0.15145
7.37	0.15438
7.38	0.16103
7.39	0.16776
7.4	0.17081
7.41	0.16743
7.42	0.15622
7.43	0.13913
7.44	0.11862
7.45	0.095309
7.46	0.070463
7.47	0.046582
7.48	0.026361
7.49	0.012707
7.5	0.007303
7.51	0.0090764
7.52	0.016025
7.53	0.025667
7.54	0.034476
7.55	0.040873
7.56	0.045745
7.57	0.049013
7.58	0.049145
7.59	0.043205
7.6	0.027916
7.61	0.0042092
7.62	-0.021294
7.63	-0.039723
7.64	-0.045323
7.65	-0.03967
7.66	-0.028047
7.67	-0.012259
7.68	0.0078424
7.69	0.031658
7.7	0.058981
7.71	0.090542
7.72	0.12799
7.73	0.17119
7.74	0.21523
7.75	0.25391
7.76	0.28413
7.77	0.30428
7.78	0.31513
7.79	0.32143
7.8	0.32636
7.81	0.32934
7.82	0.32684
7.83	0.31176
7.84	0.28041
7.85	0.23822
7.86	0.19428
7.87	0.1534
7.88	0.1151
7.89	0.078897
7.9	0.046864
7.91	0.021647
7.92	0.00404
7.93	-0.0074528
7.94	-0.015449
7.95	-0.021489
7.96	-0.025171
7.97	-0.029268
7.98	-0.037138
7.99	-0.045419
8	-0.052406
8.01	-0.061551
8.02	-0.073584
8.03	-0.087018
8.04	-0.10247
8.05	-0.11873
8.06	-0.12856
8.07	-0.12542
8.08	-0.10893
8.09	-0.081479
8.1	-0.048085
8.11	-0.016929
8.12	0.0054233
8.13	0.016802
8.14	0.017709
8.15	0.007889
8.16	-0.014154
8.17	-0.047208
8.18	-0.088219
8.19	-0.13623
8.2	-0.19188
8.21	-0.25617
8.22	-0.32809
8.23	-0.40182
8.24	-0.46795
8.25	-0.5196
8.26	-0.55543
8.27	-0.57735
8.28	-0.58831
8.29	-0.59007
8.3	-0.58282
8.31	-0.56614
8.32	-0.53841
8.33	-0.49876
8.34	-0.45083
8.35	-0.40093
8.36	-0.35128
8.37	-0.29738
8.38	-0.233
8.39	-0.15244
8.4	-0.049188
8.41	0.079883
8.42	0.22525
8.43	0.36066
8.44	0.45845
8.45	0.51154
8.46	0.53575
8.47	0.55362
8.48	0.57658
8.49	0.60152
8.5	0.61915
8.51	0.61969
8.52	0.5962
8.53	0.54871
8.54	0.48436
8.55	0.41494
8.56	0.35331
8.57	0.30737
8.58	0.27414
8.59	0.24252
8.6	0.2046
8.61	0.16184
8.62	0.1217
8.63	0.090045
8.64	0.067034
8.65	0.049343
8.66	0.034878
8.67	0.023326
8.68	0.014703
8.69	0.010931
8.7	0.013008
8.71	0.018024
8.72	0.022729
8.73	0.02498
8.74	0.023684
8.75	0.020527
8.76	0.018605
8.77	0.017931
8.78	0.01431
8.79	0.0051606
8.8	-0.0095675
8.81	-0.030906
8.82	-0.056467
8.83	-0.080254
8.84	-0.099891
8.85	-0.11699
8.86	-0.13278
8.87	-0.14685
8.88	-0.15825
8.89	-0.16701
8.9	-0.17288
8.91	-0.17339
8.92	-0.16675
8.93	-0.15597
8.94	-0.14569
8.95	-0.13573
8.96	-0.12349
8.97	-0.11051
8.98	-0.10136
8.99	-0.097209
9	-0.096031
9.01	-0.098344
9.02	-0.10579
9.03	-0.11827
9.04	-0.1374
9.05	-0.16526
9.06	-0.19956
9.07	-0.23649
9.08	-0.2735
9.09	-0.30734
9.1	-0.33308
9.11	-0.34807
9.12	-0.35407
9.13	-0.35263
9.14	-0.34331
9.15	-0.32743
9.16	-0.30684
9.17	-0.2806
9.18	-0.24776
9.19	-0.20961
9.2	-0.16879
9.21	-0.12776
9.22	-0.086916
9.23	-0.045126
9.24	-0.0018155
9.25	0.042391
9.26	0.086092
9.27	0.12712
9.28	0.16318
9.29	0.1925
9.3	0.21363
9.31	0.22751
9.32	0.23683
9.33	0.24317
9.34	0.24653
9.35	0.24694
9.36	0.24597
9.37	0.24479
9.38	0.24142
9.39	0.23275
9.4	0.22124
9.41	0.21381
9.42	0.20999
9.43	0.20302
9.44	0.1919
9.45	0.17978
9.46	0.16774
9.47	0.15641
9.48	0.14515
9.49	0.13034
9.5	0.10885
9.51	0.08237
9.52	0.055813
9.53	0.031405
9.54	0.0078944
9.55	-0.014489
9.56	-0.032245
9.57	-0.041556
9.58	-0.041008
9.59	-0.034373
9.6	-0.028744
9.61	-0.028544
9.62	-0.03333
9.63	-0.040103
9.64	-0.046262
9.65	-0.050194
9.66	-0.048172
9.67	-0.033949
9.68	-0.0067007
9.69	0.02709
9.7	0.061132
9.71	0.09217
9.72	0.11814
9.73	0.13692
9.74	0.14699
9.75	0.14902
9.76	0.14445
9.77	0.13509
9.78	0.12473
9.79	0.11537
9.8	0.10327
9.81	0.083774
9.82	0.056723
9.83	0.026231
9.84	-0.0013899
9.85	-0.022201
9.86	-0.036241
9.87	-0.044989
9.88	-0.049324
9.89	-0.048498
9.9	-0.042919
9.91	-0.035388
9.92	-0.02851
9.93	-0.023052
9.94	-0.018767
9.95	-0.016293
9.96	-0.015144
9.97	-0.012316
9.98	-0.0062882
9.99	-7.8497e-05
10	0.0015795
10.01	-0.002961
10.02	-0.011117
10.03	-0.020349
10.04	-0.03122
10.05	-0.042531
10.06	-0.050709
10.07	-0.055138
10.08	-0.057317
10.09	-0.05575
10.1	-0.046165
10.11	-0.027964
10.12	-0.0061344
10.13	0.014577
10.14	0.033752
10.15	0.050612
10.16	0.06193
10.17	0.066404
10.18	0.063887
10.19	0.054735
10.2	0.040923
10.21	0.024295
10.22	0.0061926
10.23	-0.012361
10.24	-0.030923
10.25	-0.048829
10.26	-0.06443
10.27	-0.075576
10.28	-0.080809
10.29	-0.080724
10.3	-0.076947
10.31	-0.069297
10.32	-0.056991
10.33	-0.040979
10.34	-0.022795
10.35	-0.0040246
10.36	0.013136
10.37	0.027079
10.38	0.037949
10.39	0.047312
10.4	0.056276
10.41	0.064459
10.42	0.071493
10.43	0.076761
10.44	0.077384
10.45	0.070449
10.46	0.056563
10.47	0.038162
10.48	0.016428
10.49	-0.0091922
10.5	-0.039798
10.51	-0.074952
10.52	-0.11199
10.53	-0.14734
10.54	-0.17845
10.55	-0.20352
10.56	-0.21922
10.57	-0.2221
10.58	-0.21252
10.59	-0.194
10.6	-0.17126
10.61	-0.14983
10.62	-0.13246
10.63	-0.11784
10.64	-0.10424
10.65	-0.0903
10.66	-0.074878
10.67	-0.057896
10.68	-0.039185
10.69	-0.018484
10.7	0.0031391
10.71	0.024223
10.72	0.043406
10.73	0.059288
10.74	0.0725
10.75	0.08412
10.76	0.093349
10.77	0.10022
10.78	0.10599
10.79	0.11132
10.8	0.11529
10.81	0.11601
10.82	0.11235
10.83	0.10442
10.84	0.095083
10.85	0.088395
10.86	0.084552
10.87	0.079707
10.88	0.071006
10.89	0.058997
10.9	0.044919
10.91	0.02994
10.92	0.015964
10.93	0.0034624
10.94	-0.0078711
10.95	-0.017633
10.96	-0.025825
10.97	-0.033775
10.98	-0.043941
10.99	-0.056777
11	-0.069566
11.01	-0.079648
11.02	-0.085687
11.03	-0.087435
11.04	-0.087224
11.05	-0.087206
11.06	-0.086747
11.07	-0.087423
11.08	-0.092979
11.09	-0.10292
11.1	-0.11322
11.11	-0.1217
11.12	-0.12903
11.13	-0.13633
11.14	-0.14324
11.15	-0.14795
11.16	-0.14789
11.17	-0.14237
11.18	-0.13442
11.19	-0.12846
11.2	-0.12567
11.21	-0.12265
11.22	-0.11561
11.23	-0.10501
11.24	-0.094464
11.25	-0.08523
11.26	-0.076707
11.27	-0.069572
11.28	-0.064229
11.29	-0.060067
11.3	-0.056077
11.31	-0.051078
11.32	-0.043157
11.33	-0.029403
11.34	-0.0091314
11.35	0.014638
11.36	0.039868
11.37	0.065627
11.38	0.087448
11.39	0.10076
11.4	0.10682
11.41	0.10995
11.42	0.11146
11.43	0.11069
11.44	0.10823
11.45	0.10581
11.46	0.10547
11.47	0.10739
11.48	0.10887
11.49	0.10943
11.5	0.11292
11.51	0.121
11.52	0.13096
11.53	0.13995
11.54	0.14598
11.55	0.14914
11.56	0.1523
11.57	0.15505
11.58	0.15341
11.59	0.14741
11.6	0.14141
11.61	0.1375
11.62	0.13483
11.63	0.13325
11.64	0.13148
11.65	0.1272
11.66	0.12155
11.67	0.11856
11.68	0.12
11.69	0.12479
11.7	0.1317
11.71	0.13956
11.72	0.14679
11.73	0.15197
11.74	0.15524
11.75	0.1564
11.76	0.15388
11.77	0.14753
11.78	0.13804
11.79	0.12502
11.8	0.10789
11.81	0.085856
11.82	0.057366
11.83	0.023419
11.84	-0.010896
11.85	-0.041565
11.86	-0.06665
11.87	-0.083394
11.88	-0.092004
11.89	-0.096716
11.9	-0.10006
11.91	-0.10031
11.92	-0.095364
11.93	-0.087563
11.94	-0.080735
11.95	-0.076693
11.96	-0.076935
11.97	-0.081151
11.98	-0.086434
11.99	-0.090626
12	-0.09362
12.01	-0.096393
12.02	-0.099005
12.03	-0.10065
12.04	-0.10186
12.05	-0.10142
12.06	-0.094591
12.07	-0.079142
12.08	-0.058279
12.09	-0.036421
12.1	-0.015953
12.11	0.0019381
12.12	0.016538
12.13	0.028092
12.14	0.036818
12.15	0.041389
12.16	0.041652
12.17	0.041947
12.18	0.046405
12.19	0.054323
12.2	0.06367
12.21	0.073798
12.22	0.084013
12.23	0.093237
12.24	0.10027
12.25	0.10386
12.26	0.1047
12.27	0.1057
12.28	0.10825
12.29	0.11073
12.3	0.11042
12.31	0.10625
12.32	0.099398
12.33	0.090652
12.34	0.079759
12.35	0.066855
12.36	0.052728
12.37	0.038097
12.38	0.022646
12.39	0.0057458
12.4	-0.012614
12.41	-0.032392
12.42	-0.05306
12.43	-0.074476
12.44	-0.097302
12.45	-0.12114
12.46	-0.14458
12.47	-0.16601
12.48	-0.18391
12.49	-0.19744
12.5	-0.2075
12.51	-0.21582
12.52	-0.22319
12.53	-0.22995
12.54	-0.23603
12.55	-0.24004
12.56	-0.2399
12.57	-0.23532
12.58	-0.22914
12.59	-0.22396
12.6	-0.22051
12.61	-0.21993
12.62	-0.22242
12.63	-0.22607
12.64	-0.22824
12.65	-0.22741
12.66	-0.22337
12.67	-0.21474
12.68	-0.20059
12.69	-0.18184
12.7	-0.15903
12.71	-0.13233
12.72	-0.10204
12.73	-0.068277
12.74	-0.031475
12.75	0.0063028
12.76	0.041874
12.77	0.073769
12.78	0.10227
12.79	0.12835
12.8	0.15095
12.81	0.1656
12.82	0.17504
12.83	0.1884
12.84	0.20524
12.85	0.21865
12.86	0.22563
12.87	0.22746
12.88	0.22752
12.89	0.22831
12.9	0.22752
12.91	0.22077
12.92	0.20835
12.93	0.1929
12.94	0.1746
12.95	0.15339
12.96	0.1311
12.97	0.10969
12.98	0.089429
12.99	0.070651
13	0.054611
13.01	0.041167
13.02	0.029015
13.03	0.017404
13.04	0.0054459
13.05	-0.0075121
13.06	-0.019974
13.07	-0.029077
13.08	-0.034066
13.09	-0.035537
13.1	-0.033471
13.11	-0.03114
13.12	-0.033069
13.13	-0.039098
13.14	-0.046535
13.15	-0.053988
13.16	-0.061285
13.17	-0.068557
13.18	-0.077102
13.19	-0.08804
13.2	-0.099672
13.21	-0.10851
13.22	-0.11282
13.23	-0.11364
13.24	-0.11219
13.25	-0.10861
13.26	-0.10335
13.27	-0.098212
13.28	-0.095245
13.29	-0.094535
13.3	-0.09242
13.31	-0.085557
13.32	-0.075508
13.33	-0.064536
13.34	-0.052158
13.35	-0.038283
13.36	-0.02572
13.37	-0.017372
13.38	-0.012882
13.39	-0.0094144
13.4	-0.0048443
13.41	-0.00018618
13.42	0.0034594
13.43	0.0077091
13.44	0.013936
13.45	0.021031
13.46	0.026139
13.47	0.027744
13.48	0.028759
13.49	0.033339
13.5	0.041322
13.51	0.050575
13.52	0.061294
13.53	0.073819
13.54	0.085567
13.55	0.093522
13.56	0.098337
13.57	0.10273
13.58	0.10766
13.59	0.11273
13.6	0.11727
13.61	0.12004
13.62	0.12053
13.63	0.11956
13.64	0.11773
13.65	0.11502
13.66	0.11131
13.67	0.10822
13.68	0.10775
13.69	0.10759
13.7	0.10353
13.71	0.094928
13.72	0.084394
13.73	0.074026
13.74	0.0636
13.75	0.052483
13.76	0.041281
13.77	0.030652
13.78	0.020196
13.79	0.0096159
13.8	-0.00018949
13.81	-0.0081622
13.82	-0.014305
13.83	-0.018761
13.84	-0.020818
13.85	-0.021782
13.86	-0.02448
13.87	-0.028204
13.88	-0.029086
13.89	-0.025158
13.9	-0.018724
13.91	-0.012615
13.92	-0.0066956
13.93	0.00038525
13.94	0.0084212
13.95	0.015446
13.96	0.019102
13.97	0.020187
13.98	0.021856
13.99	0.023832
14	0.023894
14.01	0.022044
14.02	0.019807
14.03	0.018149
14.04	0.016843
14.05	0.015579
14.06	0.015603
14.07	0.017977
14.08	0.021328
14.09	0.025153
14.1	0.030055
14.11	0.034166
14.12	0.034929
14.13	0.032877
14.14	0.029694
14.15	0.02438
14.16	0.015779
14.17	0.0058267
14.18	-0.0026215
14.19	-0.0087105
14.2	-0.012729
14.21	-0.013571
14.22	-0.0098845
14.23	-0.002069
14.24	0.0078092
14.25	0.018052
14.26	0.028341
14.27	0.037935
14.28	0.045997
14.29	0.053002
14.3	0.058902
14.31	0.06103
14.32	0.057045
14.33	0.047611
14.34	0.034424
14.35	0.018157
14.36	-0.00081229
14.37	-0.021121
14.38	-0.041657
14.39	-0.061529
14.4	-0.078939
14.41	-0.092895
14.42	-0.10435
14.43	-0.11445
14.44	-0.12328
14.45	-0.13124
14.46	-0.13912
14.47	-0.1471
14.48	-0.15468
14.49	-0.16102
14.5	-0.16526
14.51	-0.16613
14.52	-0.16175
14.53	-0.15212
14.54	-0.14147
14.55	-0.13294
14.56	-0.12476
14.57	-0.11524
14.58	-0.10378
14.59	-0.09003
14.6	-0.076683
14.61	-0.066654
14.62	-0.058633
14.63	-0.0501
14.64	-0.040787
14.65	-0.032682
14.66	-0.027038
14.67	-0.021894
14.68	-0.01535
14.69	-0.0082315
14.7	-0.0018905
14.71	0.0044793
14.72	0.012823
14.73	0.023504
14.74	0.034991
14.75	0.046235
14.76	0.05742
14.77	0.068082
14.78	0.077212
14.79	0.084702
14.8	0.090705
14.81	0.094917
14.82	0.097562
14.83	0.099486
14.84	0.10113
14.85	0.10231
14.86	0.10222
14.87	0.09997
14.88	0.096519
14.89	0.094501
14.9	0.094257
14.91	0.093736
14.92	0.0925
14.93	0.090397
14.94	0.086009
14.95	0.079591
14.96	0.072717
14.97	0.065108
14.98	0.055561
14.99	0.043983
15	0.030481
15.01	0.015229
15.02	-0.00021887
15.03	-0.013735
15.04	-0.025673
15.05	-0.03831
15.06	-0.052271
15.07	-0.066457
15.08	-0.080302
15.09	-0.093372
15.1	-0.10395
15.11	-0.11124
15.12	-0.11674
15.13	-0.12152
15.14	-0.12516
15.15	-0.1269
15.16	-0.12497
15.17	-0.11769
15.18	-0.10652
15.19	-0.095007
15.2	-0.084976
15.21	-0.075029
15.22	-0.063688
15.23	-0.05221
15.24	-0.042444
15.25	-0.035195
15.26	-0.030976
15.27	-0.029144
15.28	-0.027671
15.29	-0.02527
15.3	-0.022918
15.31	-0.021556
15.32	-0.019248
15.33	-0.013847
15.34	-0.0062632
15.35	0.0012437
15.36	0.007817
15.37	0.014279
15.38	0.020361
15.39	0.024436
15.4	0.027433
15.41	0.030958
15.42	0.033606
15.43	0.033734
15.44	0.031578
15.45	0.028067
15.46	0.023757
15.47	0.018856
15.48	0.014008
15.49	0.0095015
15.5	0.0043449
15.51	-0.0017023
15.52	-0.0064597
15.53	-0.0080928
15.54	-0.0076866
15.55	-0.0062334
15.56	-0.0025026
15.57	0.0041297
15.58	0.011938
15.59	0.01882
15.6	0.024153
15.61	0.02833
15.62	0.031788
15.63	0.03345
15.64	0.031468
15.65	0.027053
15.66	0.023748
15.67	0.022904
15.68	0.023063
15.69	0.022751
15.7	0.021869
15.71	0.020674
15.72	0.019062
15.73	0.016467
15.74	0.012802
15.75	0.0097649
15.76	0.0087849
15.77	0.0091699
15.78	0.0095818
15.79	0.0096291
15.8	0.009462
15.81	0.0089454
15.82	0.0079654
15.83	0.0062657
15.84	0.0038398
15.85	0.002003
15.86	0.0016326
15.87	0.0016722
15.88	0.0015663
15.89	0.0020634
15.9	0.003632
15.91	0.0069102
15.92	0.01253
15.93	0.019342
15.94	0.025205
15.95	0.029435
15.96	0.032007
15.97	0.032608
15.98	0.031837
15.99	0.030841
16	0.029653
16.01	0.027809
16.02	0.02637
16.03	0.026422
16.04	0.026997
16.05	0.026739
16.06	0.025599
16.07	0.024301
16.08	0.023337
16.09	0.022566
16.1	0.022561
16.11	0.024489
16.12	0.027513
16.13	0.029597
16.14	0.029874
16.15	0.029057
16.16	0.028234
16.17	0.027748
16.18	0.027438
16.19	0.027124
16.2	0.026786
16.21	0.026084
16.22	0.024688
16.23	0.022951
16.24	0.021798
16.25	0.02204
16.26	0.023125
16.27	0.024544
16.28	0.026914
16.29	0.029232
16.3	0.02813
16.31	0.022755
16.32	0.017079
16.33	0.014409
16.34	0.013958
16.35	0.013504
16.36	0.01246
16.37	0.011389
16.38	0.0097589
16.39	0.0080523
16.4	0.0086114
16.41	0.01132
16.42	0.014494
16.43	0.017629
16.44	0.019576
16.45	0.019022
16.46	0.015871
16.47	0.010632
16.48	0.0041147
16.49	-0.0029226
16.5	-0.010437
16.51	-0.018436
16.52	-0.025855
16.53	-0.031982
16.54	-0.03742
16.55	-0.042867
16.56	-0.047778
16.57	-0.051475
16.58	-0.054158
16.59	-0.056305
16.6	-0.058863
16.61	-0.061281
16.62	-0.06272
16.63	-0.063483
16.64	-0.061936
16.65	-0.057051
16.66	-0.050357
16.67	-0.042089
16.68	-0.032843
16.69	-0.025251
16.7	-0.019724
16.71	-0.015316
16.72	-0.012553
16.73	-0.011507
16.74	-0.011139
16.75	-0.010716
16.76	-0.010152
16.77	-0.0095487
16.78	-0.0088607
16.79	-0.0081663
16.8	-0.0071996
16.81	-0.0047002
16.82	-0.0005413
16.83	0.0031629
16.84	0.0047366
16.85	0.004682
16.86	0.0043849
16.87	0.0044556
16.88	0.0046407
16.89	0.0045412
16.9	0.0053841
16.91	0.0087107
16.92	0.013016
16.93	0.016833
16.94	0.020465
16.95	0.02399
16.96	0.027647
16.97	0.032336
16.98	0.038715
16.99	0.045719
17	0.051449
17.01	0.054853
17.02	0.056413
17.03	0.056976
17.04	0.055326
17.05	0.050409
17.06	0.044761
17.07	0.041191
17.08	0.037967
17.09	0.032814
17.1	0.028915
17.11	0.028389
17.12	0.026844
17.13	0.021226
17.14	0.013346
17.15	0.0054747
17.16	-0.00087515
17.17	-0.0053729
17.18	-0.0091621
17.19	-0.012319
17.2	-0.014807
17.21	-0.018107
17.22	-0.023205
17.23	-0.029919
17.24	-0.037533
17.25	-0.045407
17.26	-0.053423
17.27	-0.061311
17.28	-0.068187
17.29	-0.072621
17.3	-0.074635
17.31	-0.07581
17.32	-0.076135
17.33	-0.075112
17.34	-0.072921
17.35	-0.069542
17.36	-0.065584
17.37	-0.062131
17.38	-0.059445
17.39	-0.056031
17.4	-0.051571
17.41	-0.048765
17.42	-0.048248
17.43	-0.047546
17.44	-0.045406
17.45	-0.042593
17.46	-0.040023
17.47	-0.03788
17.48	-0.036215
17.49	-0.034685
17.5	-0.032369
17.51	-0.029618
17.52	-0.027005
17.53	-0.023031
17.54	-0.016552
17.55	-0.0086037
17.56	-2.8857e-05
17.57	0.009513
17.58	0.019792
17.59	0.029326
17.6	0.037277
17.61	0.044706
17.62	0.052153
17.63	0.058849
17.64	0.064617
17.65	0.069155
17.66	0.072117
17.67	0.074542
17.68	0.077536
17.69	0.080145
17.7	0.080055
17.71	0.07829
17.72	0.078288
17.73	0.079453
17.74	0.07867
17.75	0.075515
17.76	0.07193
17.77	0.068931
17.78	0.064876
17.79	0.058615
17.8	0.051476
17.81	0.044436
17.82	0.037041
17.83	0.028312
17.84	0.019208
17.85	0.011916
17.86	0.0059288
17.87	-0.00048868
17.88	-0.0073299
17.89	-0.013241
17.9	-0.017615
17.91	-0.021552
17.92	-0.025196
17.93	-0.026914
17.94	-0.026394
17.95	-0.025109
17.96	-0.024105
17.97	-0.023597
17.98	-0.024623
17.99	-0.02796
18	-0.032503
18.01	-0.036513
18.02	-0.038762
18.03	-0.039426
18.04	-0.040103
18.05	-0.041622
18.06	-0.042443
18.07	-0.041291
18.08	-0.039214
18.09	-0.037377
18.1	-0.03469
18.11	-0.029495
18.12	-0.022304
18.13	-0.01439
18.14	-0.0071566
18.15	-0.0021322
18.16	0.0016636
18.17	0.0057438
18.18	0.0087657
18.19	0.0094701
18.2	0.0088736
18.21	0.0084069
18.22	0.0084404
18.23	0.0086032
18.24	0.0085758
18.25	0.0083528
18.26	0.0081359
18.27	0.0079665
18.28	0.0077801
18.29	0.0075906
18.3	0.0072722
18.31	0.0060783
18.32	0.0037291
18.33	0.002096
18.34	0.0026087
18.35	0.0042312
18.36	0.0054552
18.37	0.0061255
18.38	0.0081847
18.39	0.012241
18.4	0.015299
18.41	0.015488
18.42	0.014066
18.43	0.011527
18.44	0.0067111
18.45	0.00028654
18.46	-0.0061304
18.47	-0.012712
18.48	-0.019363
18.49	-0.025219
18.5	-0.029534
18.51	-0.031521
18.52	-0.031363
18.53	-0.029921
18.54	-0.027567
18.55	-0.023827
18.56	-0.019026
18.57	-0.014532
18.58	-0.010318
18.59	-0.0060382
18.6	-0.0029203
18.61	-0.0012871
18.62	0.00096217
18.63	0.0047414
18.64	0.0079305
18.65	0.0084064
18.66	0.0069484
18.67	0.006361
18.68	0.0083629
18.69	0.012191
18.7	0.014872
18.71	0.014145
18.72	0.012058
18.73	0.012113
18.74	0.013928
18.75	0.014935
18.76	0.014421
18.77	0.013418
18.78	0.012819
18.79	0.012608
18.8	0.012414
18.81	0.01207
18.82	0.011698
18.83	0.011194
18.84	0.010112
18.85	0.008743
18.86	0.0069607
18.87	0.0039802
18.88	0.0010325
18.89	-8.6855e-05
18.9	0.00030058
18.91	0.00091419
18.92	0.0011553
18.93	0.00061119
18.94	-0.001748
18.95	-0.0056143
18.96	-0.0084731
18.97	-0.0087998
18.98	-0.0076859
18.99	-0.0068636
19	-0.0066141
19.01	-0.0050844
19.02	-0.00028765
19.03	0.0067535
19.04	0.013458
19.05	0.018954
19.06	0.023786
19.07	0.028243
19.08	0.031903
19.09	0.035227
19.1	0.039432
19.11	0.044421
19.12	0.04895
19.13	0.051508
19.14	0.052026
19.15	0.052386
19.16	0.053592
19.17	0.055605
19.18	0.05847
19.19	0.061601
19.2	0.064515
19.21	0.066955
19.22	0.068043
19.23	0.068377
19.24	0.068887
19.25	0.068947
19.26	0.069085
19.27	0.06913
19.28	0.067146
19.29	0.063362
19.3	0.058121
19.31	0.049462
19.32	0.036954
19.33	0.02369
19.34	0.012588
19.35	0.0031925
19.36	-0.0057761
19.37	-0.014674
19.38	-0.024249
19.39	-0.034395
19.4	-0.043399
19.41	-0.050771
19.42	-0.057705
19.43	-0.06447
19.44	-0.069631
19.45	-0.072205
19.46	-0.073816
19.47	-0.076162
19.48	-0.078981
19.49	-0.08138
19.5	-0.083022
19.51	-0.084539
19.52	-0.08502
19.53	-0.082354
19.54	-0.078317
19.55	-0.076092
19.56	-0.073999
19.57	-0.069309
19.58	-0.063589
19.59	-0.059721
19.6	-0.057923
19.61	-0.056588
19.62	-0.054746
19.63	-0.051932
19.64	-0.048236
19.65	-0.045681
19.66	-0.045514
19.67	-0.045792
19.68	-0.044581
19.69	-0.042532
19.7	-0.04227
19.71	-0.044799
19.72	-0.047093
19.73	-0.046783
19.74	-0.045014
19.75	-0.043085
19.76	-0.040921
19.77	-0.038502
19.78	-0.035458
19.79	-0.0306
19.8	-0.024584
19.81	-0.018792
19.82	-0.013308
19.83	-0.0092245
19.84	-0.0064594
19.85	-0.0017118
19.86	0.005686
19.87	0.011685
19.88	0.013786
19.89	0.013639
19.9	0.013388
19.91	0.013519
19.92	0.013607
19.93	0.013368
19.94	0.013758
19.95	0.016505
19.96	0.020554
19.97	0.023874
19.98	0.027049
19.99	0.029976
20	0.032179
20.01	0.034416
20.02	0.036116
20.03	0.036396
20.04	0.035722
20.05	0.034615
20.06	0.033116
20.07	0.030764
20.08	0.026621
20.09	0.021189
20.1	0.016744
20.11	0.0139
20.12	0.010499
20.13	0.0048636
20.14	-0.002006
20.15	-0.008169
20.16	-0.012464
20.17	-0.015209
20.18	-0.017695
20.19	-0.020623
20.2	-0.023962
20.21	-0.026455
20.22	-0.026615
20.23	-0.025302
20.24	-0.024327
20.25	-0.023471
20.26	-0.021879
20.27	-0.020002
20.28	-0.018602
20.29	-0.017723
20.3	-0.016969
20.31	-0.015702
20.32	-0.013189
20.33	-0.0097216
20.34	-0.0064073
20.35	-0.0037495
20.36	-0.0016887
20.37	-3.8454e-05
20.38	0.0022422
20.39	0.0061319
20.4	0.010101
20.41	0.012254
20.42	0.01437
20.43	0.019482
20.44	0.02726
20.45	0.034619
20.46	0.03939
20.47	0.042109
20.48	0.044256
20.49	0.045786
20.5	0.045204
20.51	0.041716
20.52	0.036719
20.53	0.032325
20.54	0.02831
20.55	0.022633
20.56	0.015456
20.57	0.008821
20.58	0.0035092
20.59	7.3356e-05
20.6	-0.0011829
20.61	-0.0022879
20.62	-0.0051625
20.63	-0.0083621
20.64	-0.009599
20.65	-0.0094384
20.66	-0.0093831
20.67	-0.0089598
20.68	-0.0078707
20.69	-0.0073861
20.7	-0.0086625
20.71	-0.011563
20.72	-0.014184
20.73	-0.015899
20.74	-0.018276
20.75	-0.021181
20.76	-0.02383
20.77	-0.026322
20.78	-0.027792
20.79	-0.027613
20.8	-0.026904
20.81	-0.026837
20.82	-0.026724
20.83	-0.025019
20.84	-0.021778
20.85	-0.018324
20.86	-0.014728
20.87	-0.010282
20.88	-0.0059209
20.89	-0.0020174
20.9	0.00251
20.91	0.0069318
20.92	0.010925
20.93	0.015268
20.94	0.018652
20.95	0.020682
20.96	0.0232
20.97	0.02675
20.98	0.030615
20.99	0.034228
21	0.037566
21.01	0.04126
21.02	0.045902
21.03	0.051208
21.04	0.055264
21.05	0.056599
21.06	0.056079
21.07	0.054997
21.08	0.053207
21.09	0.050494
21.1	0.049141
21.11	0.051267
21.12	0.054425
21.13	0.054847
21.14	0.052438
21.15	0.049378
21.16	0.047709
21.17	0.048833
21.18	0.051383
21.19	0.052617
21.2	0.052925
21.21	0.053978
21.22	0.054834
21.23	0.053857
21.24	0.051311
21.25	0.04859
21.26	0.046545
21.27	0.044943
21.28	0.04325
21.29	0.041294
21.3	0.039252
21.31	0.037363
21.32	0.035576
21.33	0.033555
21.34	0.0306
21.35	0.026106
21.36	0.020854
21.37	0.015734
21.38	0.0098998
21.39	0.0027075
21.4	-0.0050188
21.41	-0.012368
21.42	-0.019724
21.43	-0.027725
21.44	-0.035422
21.45	-0.041861
21.46	-0.047384
21.47	-0.052444
21.48	-0.056677
21.49	-0.059162
21.5	-0.060325
21.51	-0.061964
21.52	-0.063849
21.53	-0.064238
21.54	-0.063058
21.55	-0.06136
21.56	-0.059897
21.57	-0.058302
21.58	-0.055577
21.59	-0.051487
21.6	-0.047694
21.61	-0.046618
21.62	-0.047176
21.63	-0.045352
21.64	-0.040985
21.65	-0.038649
21.66	-0.039588
21.67	-0.039487
21.68	-0.0366
21.69	-0.034068
21.7	-0.033005
21.71	-0.031249
21.72	-0.027728
21.73	-0.023728
21.74	-0.021223
21.75	-0.020064
21.76	-0.018214
21.77	-0.015035
21.78	-0.011722
21.79	-0.0093996
21.8	-0.0084012
21.81	-0.008327
21.82	-0.0093275
21.83	-0.011899
21.84	-0.014613
21.85	-0.0163
21.86	-0.018149
21.87	-0.02043
21.88	-0.021475
21.89	-0.020696
21.9	-0.01932
21.91	-0.017336
21.92	-0.013418
21.93	-0.0083843
21.94	-0.0036328
21.95	0.001343
21.96	0.0070955
21.97	0.013538
21.98	0.020576
21.99	0.027578
22	0.033728
22.01	0.039101
22.02	0.044412
22.03	0.049621
22.04	0.053298
22.05	0.054213
22.06	0.052893
22.07	0.051456
22.08	0.050472
22.09	0.048569
22.1	0.046863
22.11	0.047081
22.12	0.047389
22.13	0.045538
22.14	0.041967
22.15	0.037503
22.16	0.031875
22.17	0.025611
22.18	0.020704
22.19	0.017381
22.2	0.012934
22.21	0.0059826
22.22	-0.0021953
22.23	-0.010298
22.24	-0.017522
22.25	-0.023517
22.26	-0.029055
22.27	-0.034855
22.28	-0.040658
22.29	-0.046119
22.3	-0.051119
22.31	-0.055578
22.32	-0.059478
22.33	-0.06196
22.34	-0.062257
22.35	-0.061744
22.36	-0.061931
22.37	-0.0621
22.38	-0.06074
22.39	-0.056574
22.4	-0.049618
22.41	-0.042783
22.42	-0.037588
22.43	-0.031914
22.44	-0.025287
22.45	-0.01914
22.46	-0.013245
22.47	-0.006609
22.48	0.00048088
22.49	0.0063772
22.5	0.0099427
22.51	0.012258
22.52	0.015882
22.53	0.022368
22.54	0.029629
22.55	0.034376
22.56	0.036799
22.57	0.038893
22.58	0.041633
22.59	0.044673
22.6	0.046386
22.61	0.046537
22.62	0.047105
22.63	0.04908
22.64	0.051431
22.65	0.052098
22.66	0.049929
22.67	0.04643
22.68	0.043092
22.69	0.038981
22.7	0.03358
22.71	0.027587
22.72	0.021444
22.73	0.016485
22.74	0.013011
22.75	0.0091389
22.76	0.0047664
22.77	0.0019061
22.78	0.0008344
22.79	-0.0001645
22.8	-0.0021966
22.81	-0.0052208
22.82	-0.0082545
22.83	-0.0098949
22.84	-0.0099864
22.85	-0.0096137
22.86	-0.0093605
22.87	-0.0085638
22.88	-0.0063199
22.89	-0.0029131
22.9	8.0923e-06
22.91	0.0011128
22.92	0.00072364
22.93	4.0335e-05
22.94	-0.00026983
22.95	-0.00067193
22.96	-0.0012752
22.97	-0.0013992
22.98	-0.0015282
22.99	-0.0032474
23	-0.0068871
23.01	-0.010168
23.02	-0.011081
23.03	-0.01037
23.04	-0.0096168
23.05	-0.0094197
23.06	-0.0098068
23.07	-0.010426
23.08	-0.011046
23.09	-0.012813
23.1	-0.015973
23.11	-0.01824
23.12	-0.018185
23.13	-0.017059
23.14	-0.01736
23.15	-0.020329
23.16	-0.024221
23.17	-0.026262
23.18	-0.025869
23.19	-0.025647
23.2	-0.027779
23.21	-0.030365
23.22	-0.030706
23.23	-0.028927
23.24	-0.027023
23.25	-0.026831
23.26	-0.028705
23.27	-0.031288
23.28	-0.032231
23.29	-0.029672
23.3	-0.025555
23.31	-0.024305
23.32	-0.02582
23.33	-0.026547
23.34	-0.02536
23.35	-0.023486
23.36	-0.02201
23.37	-0.020992
23.38	-0.020128
23.39	-0.018906
23.4	-0.015817
23.41	-0.010695
23.42	-0.0055957
23.43	-0.00037983
23.44	0.006478
23.45	0.014079
23.46	0.020181
23.47	0.023726
23.48	0.026076
23.49	0.029035
23.5	0.031924
23.51	0.032901
23.52	0.031898
23.53	0.030473
23.54	0.02866
23.55	0.024908
23.56	0.019198
23.57	0.012949
23.58	0.0082533
23.59	0.0065294
23.6	0.0062723
23.61	0.0047705
23.62	0.0014703
23.63	-0.0016696
23.64	-0.0027684
23.65	-0.0021591
23.66	-0.0013456
23.67	-0.001049
23.68	-0.00107
23.69	-0.00095373
23.7	-0.00046243
23.71	0.00040932
23.72	0.0014753
23.73	0.0021695
23.74	0.0019635
23.75	0.001291
23.76	0.00095036
23.77	0.00074133
23.78	0.000759
23.79	0.0010944
23.8	-0.00039394
23.81	-0.0040807
23.82	-0.0068817
23.83	-0.0082096
23.84	-0.010193
23.85	-0.012622
23.86	-0.01351
23.87	-0.012528
23.88	-0.011042
23.89	-0.0097745
23.9	-0.0084432
23.91	-0.0067708
23.92	-0.0051117
23.93	-0.0046972
23.94	-0.005391
23.95	-0.0056057
23.96	-0.004889
23.97	-0.0031818
23.98	0.00028239
23.99	0.0048873
24	0.0082148
24.01	0.0089862
24.02	0.0091704
24.03	0.011364
24.04	0.013457
24.05	0.012173
24.06	0.0094459
24.07	0.0084167
24.08	0.0083377
24.09	0.0076848
24.1	0.0075227
24.11	0.0098818
24.12	0.014779
24.13	0.018965
24.14	0.02124
24.15	0.023783
24.16	0.026226
24.17	0.027039
24.18	0.026473
24.19	0.026371
24.2	0.02887
24.21	0.032616
24.22	0.034137
24.23	0.03286
24.24	0.031501
24.25	0.032471
24.26	0.034899
24.27	0.036294
24.28	0.036325
24.29	0.037556
24.3	0.040364
24.31	0.041255
24.32	0.038645
24.33	0.034062
24.34	0.029409
24.35	0.0262
24.36	0.024762
24.37	0.024102
24.38	0.023265
24.39	0.022166
24.4	0.021095
24.41	0.020179
24.42	0.019331
24.43	0.018438
24.44	0.017542
24.45	0.01704
24.46	0.018035
24.47	0.020946
24.48	0.023667
24.49	0.024034
24.5	0.022491
24.51	0.020645
24.52	0.02075
24.53	0.023594
24.54	0.025476
24.55	0.023348
24.56	0.019038
24.57	0.015385
24.58	0.01309
24.59	0.011661
24.6	0.010627
24.61	0.0096716
24.62	0.0086914
24.63	0.007717
24.64	0.0067444
24.65	0.0057461
24.66	0.0048151
24.67	0.0039938
24.68	0.0033076
24.69	0.0021038
24.7	-0.0013895
24.71	-0.006478
24.72	-0.010447
24.73	-0.013898
24.74	-0.017948
24.75	-0.020689
24.76	-0.022342
24.77	-0.02538
24.78	-0.029123
24.79	-0.032468
24.8	-0.035806
24.81	-0.038614
24.82	-0.041197
24.83	-0.044003
24.84	-0.045543
24.85	-0.044879
24.86	-0.043156
24.87	-0.041733
24.88	-0.040647
24.89	-0.040384
24.9	-0.042413
24.91	-0.045495
24.92	-0.046599
24.93	-0.045662
24.94	-0.044578
24.95	-0.043337
24.96	-0.041475
24.97	-0.039843
24.98	-0.038437
24.99	-0.03672
25	-0.034988
25.01	-0.033587
25.02	-0.032428
25.03	-0.031252
25.04	-0.030071
25.05	-0.029321
25.06	-0.028735
25.07	-0.027286
25.08	-0.026186
25.09	-0.02665
25.1	-0.02621
25.11	-0.023553
25.12	-0.019757
25.13	-0.015116
25.14	-0.010691
25.15	-0.0087056
25.16	-0.0084263
25.17	-0.0057029
25.18	-0.00021502
25.19	0.0038963
25.2	0.0059168
25.21	0.0082097
25.22	0.010763
25.23	0.012311
25.24	0.012687
25.25	0.012153
25.26	0.010486
25.27	0.007239
25.28	0.0036133
25.29	0.00082927
25.3	-0.0023379
25.31	-0.0059141
25.32	-0.0077797
25.33	-0.007459
25.34	-0.0063877
25.35	-0.0057138
25.36	-0.005481
25.37	-0.0053654
25.38	-0.0048944
25.39	-0.0025689
25.4	0.0018921
25.41	0.0057606
25.42	0.0077193
25.43	0.0098572
25.44	0.013157
25.45	0.01558
25.46	0.015691
25.47	0.014572
25.48	0.013742
25.49	0.013639
25.5	0.013435
25.51	0.011136
25.52	0.0064828
25.53	0.0027026
25.54	0.00098713
25.55	-0.0013386
25.56	-0.0050993
25.57	-0.0093236
25.58	-0.013355
25.59	-0.015626
25.6	-0.016784
25.61	-0.01938
25.62	-0.02229
25.63	-0.023457
25.64	-0.024432
25.65	-0.026624
25.66	-0.02828
25.67	-0.027774
25.68	-0.02588
25.69	-0.023974
25.7	-0.022857
25.71	-0.022434
25.72	-0.021498
25.73	-0.019689
25.74	-0.017659
25.75	-0.014427
25.76	-0.0094615
25.77	-0.0042625
25.78	0.00062743
25.79	0.0050664
25.8	0.0091671
25.81	0.013505
25.82	0.017904
25.83	0.02291
25.84	0.028801
25.85	0.034552
25.86	0.039327
25.87	0.043221
25.88	0.046744
25.89	0.049728
25.9	0.052393
25.91	0.054851
25.92	0.056796
25.93	0.059026
25.94	0.060835
25.95	0.060337
25.96	0.057858
25.97	0.055068
25.98	0.052838
25.99	0.050948
26	0.048976
26.01	0.046875
26.02	0.044806
26.03	0.042884
26.04	0.040784
26.05	0.038227
26.06	0.035712
26.07	0.033374
26.08	0.030057
26.09	0.025267
26.1	0.02087
26.11	0.018711
26.12	0.017353
26.13	0.013813
26.14	0.0083817
26.15	0.0030576
26.16	-0.0016611
26.17	-0.0057587
26.18	-0.0097729
26.19	-0.014001
26.2	-0.018505
26.21	-0.022788
26.22	-0.025828
26.23	-0.028629
26.24	-0.031591
26.25	-0.033108
26.26	-0.033822
26.27	-0.035853
26.28	-0.038104
26.29	-0.03688
26.3	-0.032911
26.31	-0.031597
26.32	-0.033639
26.33	-0.034951
26.34	-0.033907
26.35	-0.031922
26.36	-0.030506
26.37	-0.030998
26.38	-0.03384
26.39	-0.036592
26.4	-0.036762
26.41	-0.034847
26.42	-0.032711
26.43	-0.031138
26.44	-0.029158
26.45	-0.02553
26.46	-0.020787
26.47	-0.017011
26.48	-0.015477
26.49	-0.015212
26.5	-0.013783
26.51	-0.009772
26.52	-0.0047366
26.53	-0.0013706
26.54	-0.00064987
26.55	-0.00069122
26.56	0.0014892
26.57	0.0055872
26.58	0.008291
26.59	0.0085018
26.6	0.0093787
26.61	0.013166
26.62	0.016956
26.63	0.017612
26.64	0.01648
26.65	0.016725
26.66	0.019254
26.67	0.02344
26.68	0.028172
26.69	0.031372
26.7	0.032934
26.71	0.034614
26.72	0.035867
26.73	0.035158
26.74	0.033196
26.75	0.030696
26.76	0.026856
26.77	0.022482
26.78	0.0197
26.79	0.01878
26.8	0.018387
26.81	0.017618
26.82	0.016541
26.83	0.015532
26.84	0.014716
26.85	0.013963
26.86	0.013155
26.87	0.012324
26.88	0.011589
26.89	0.011003
26.9	0.010366
26.91	0.0087542
26.92	0.0051239
26.93	0.00075628
26.94	-0.0022839
26.95	-0.0050489
26.96	-0.0088014
26.97	-0.011636
26.98	-0.012244
26.99	-0.012711
27	-0.015812
27.01	-0.01946
27.02	-0.021019
27.03	-0.020482
27.04	-0.020999
27.05	-0.024007
27.06	-0.027041
27.07	-0.027379
27.08	-0.026462
27.09	-0.027944
27.1	-0.030224
27.11	-0.028776
27.12	-0.02566
27.13	-0.025649
27.14	-0.027564
27.15	-0.028737
27.16	-0.030328
27.17	-0.032667
27.18	-0.033567
27.19	-0.032289
27.2	-0.030452
27.21	-0.029403
27.22	-0.02886
27.23	-0.028069
27.24	-0.026338
27.25	-0.023786
27.26	-0.021551
27.27	-0.02017
27.28	-0.019182
27.29	-0.018041
27.3	-0.016681
27.31	-0.015366
27.32	-0.01424
27.33	-0.013197
27.34	-0.012121
27.35	-0.011003
27.36	-0.0099007
27.37	-0.0088596
27.38	-0.0078684
27.39	-0.0068872
27.4	-0.0059117
27.41	-0.0048838
27.42	-0.0043581
27.43	-0.0055045
27.44	-0.0071485
27.45	-0.0062596
27.46	-0.0028512
27.47	0.00019428
27.48	0.0016304
27.49	0.0037438
27.5	0.007863
27.51	0.011825
27.52	0.014864
27.53	0.018
27.54	0.020499
27.55	0.021218
27.56	0.020626
27.57	0.019819
27.58	0.019465
27.59	0.020432
27.6	0.023204
27.61	0.026168
27.62	0.027121
27.63	0.027192
27.64	0.029172
27.65	0.03205
27.66	0.032803
27.67	0.032018
27.68	0.032842
27.69	0.035372
27.7	0.036651
27.71	0.035542
27.72	0.033435
27.73	0.031589
27.74	0.030825
27.75	0.031783
27.76	0.033516
27.77	0.034243
27.78	0.033301
27.79	0.031408
27.8	0.029551
27.81	0.028032
27.82	0.026685
27.83	0.024517
27.84	0.020323
27.85	0.015437
27.86	0.012431
27.87	0.011583
27.88	0.011137
27.89	0.0092422
27.9	0.0057876
27.91	0.0024209
27.92	0.00030895
27.93	-0.00058966
27.94	-0.0008837
27.95	-0.001071
27.96	-0.0015637
27.97	-0.0035121
27.98	-0.0070751
27.99	-0.0099123
28	-0.010672
28.01	-0.011277
28.02	-0.013478
28.03	-0.015775
28.04	-0.016321
28.05	-0.015799
28.06	-0.015378
28.07	-0.015164
28.08	-0.014873
28.09	-0.014374
28.1	-0.013838
28.11	-0.013426
28.12	-0.013049
28.13	-0.012538
28.14	-0.01194
28.15	-0.012286
28.16	-0.013929
28.17	-0.014321
28.18	-0.012109
28.19	-0.0096023
28.2	-0.0088294
28.21	-0.0087676
28.22	-0.0070619
28.23	-0.0039341
28.24	-0.0018859
28.25	-0.0018093
28.26	-0.0024693
28.27	-0.0027977
28.28	-0.0027271
28.29	-0.0021768
28.3	-0.0014634
28.31	-0.0017414
28.32	-0.0033355
28.33	-0.0054467
28.34	-0.0072501
28.35	-0.0082218
28.36	-0.008278
28.37	-0.007799
28.38	-0.0074612
28.39	-0.0076869
28.4	-0.0079101
28.41	-0.007357
28.42	-0.006363
28.43	-0.0057091
28.44	-0.0055457
28.45	-0.0049401
28.46	-0.002974
28.47	-0.00063779
28.48	0.00043519
28.49	0.00026403
28.5	-0.00015826
28.51	-0.000315
28.52	-0.00029594
28.53	-0.00027707
28.54	-0.00030173
28.55	-0.00045899
28.56	-0.00099303
28.57	-0.002192
28.58	-0.0037775
28.59	-0.0047303
28.6	-0.0046251
28.61	-0.0040502
28.62	-0.0037456
28.63	-0.0039498
28.64	-0.0045734
28.65	-0.0055646
28.66	-0.0063266
28.67	-0.0056393
28.68	-0.003432
28.69	-0.0014166
28.7	-0.00080041
28.71	-0.0010322
28.72	-0.00070239
28.73	0.00087808
28.74	0.002552
28.75	0.0030947
28.76	0.0033089
28.77	0.0043037
28.78	0.0053072
28.79	0.0055671
28.8	0.0057925
28.81	0.0064023
28.82	0.0068291
28.83	0.0065961
28.84	0.0058331
28.85	0.0048663
28.86	0.0040585
28.87	0.0035564
28.88	0.0027582
28.89	0.0013856
28.9	0.00022276
28.91	-0.00016765
28.92	-0.00012643
28.93	-0.00016059
28.94	-0.0003686
28.95	-0.00055554
28.96	-0.00068019
28.97	-0.00090431
28.98	-0.0014507
28.99	-0.0023494
29	-0.0031149
29.01	-0.0033019
29.02	-0.0030663
29.03	-0.0027564
29.04	-0.0027759
29.05	-0.0034067
29.06	-0.004145
29.07	-0.0042961
29.08	-0.0041866
29.09	-0.0044534
29.1	-0.0048061
29.11	-0.0046871
29.12	-0.0044172
29.13	-0.0045246
29.14	-0.0047298
29.15	-0.0047406
29.16	-0.0047599
29.17	-0.0046957
29.18	-0.0042823
29.19	-0.0035951
29.2	-0.0028916
29.21	-0.0023442
29.22	-0.0019944
29.23	-0.0017008
29.24	-0.001235
29.25	-0.00056486
29.26	8.0634e-05
29.27	0.00061549
29.28	0.0012673
29.29	0.0021886
29.3	0.0031741
29.31	0.0038088
29.32	0.0039225
29.33	0.0038904
29.34	0.0041581
29.35	0.0046807
29.36	0.0051323
29.37	0.0053882
29.38	0.0054885
29.39	0.0054311
29.4	0.005326
29.41	0.0052611
29.42	0.0050551
29.43	0.0046673
29.44	0.004342
29.45	0.0041277
29.46	0.0038571
29.47	0.0035054
29.48	0.0031184
29.49	0.0027187
29.5	0.0023317
29.51	0.0019721
29.52	0.0016412
29.53	0.0013436
29.54	0.0010318
29.55	0.00063397
29.56	0.00022298
29.57	-4.6337e-05
29.58	-0.00020129
29.59	-0.00039306
29.6	-0.00061615
29.61	-0.00078672
29.62	-0.00091766
29.63	-0.0010021
29.64	-0.0010392
29.65	-0.0010888
29.66	-0.0011558
29.67	-0.0011574
29.68	-0.0010498
29.69	-0.00091353
29.7	-0.00083125
29.71	-0.0007766
29.72	-0.0006963
29.73	-0.00056326
29.74	-0.00039749
29.75	-0.00025886
29.76	-0.00015953
29.77	-5.0899e-05
29.78	8.1676e-05
29.79	0.00020034
29.8	0.00027948
29.81	0.00034038
29.82	0.00040939
29.83	0.00048002
29.84	0.00053022
29.85	0.0005563
29.86	0.00056618
29.87	0.00056314
29.88	0.0005451
29.89	0.00050916
29.9	0.00045541
29.91	0.00038791
29.92	0.00030951
29.93	0.00022175
29.94	0.0001247
29.95	1.7577e-05
29.96	-9.8484e-05
29.97	-0.00021983
29.98	-0.00034385
29.99	-0.00046969
