0	3.8547e-06
0.005	1.5748e-06
0.01	1.1245e-06
0.015	6.3088e-07
0.02	8.6692e-06
0.025	2.2727e-05
0.03	4.3416e-05
0.035	6.6749e-05
0.04	9.7865e-05
0.045	0.00014923
0.05	0.00016897
0.055	0.00015854
0.06	0.00015249
0.065	0.00010966
0.07	3.3355e-05
0.075	-8.1287e-05
0.08	-0.00015637
0.085	-0.00021175
0.09	-0.0003423
0.095	-0.00038108
0.1	-0.00030118
0.105	-0.00019515
0.11	-8.3203e-05
0.115	4.8455e-05
0.12	0.00018551
0.125	0.00020155
0.13	0.00013047
0.135	0.00013576
0.14	0.00010935
0.145	-0.00015011
0.15	-0.00066074
0.155	-0.0013752
0.16	-0.0019159
0.165	-0.0026564
0.17	-0.0036047
0.175	-0.0045536
0.18	-0.0049441
0.185	-0.0046777
0.19	-0.0042148
0.195	-0.0031642
0.2	-0.0012104
0.205	0.0014111
0.21	0.0039372
0.215	0.0052965
0.22	0.0053504
0.225	0.0057053
0.23	0.0046864
0.235	0.00251
0.24	0.00047574
0.245	-0.0021941
0.25	-0.0062856
0.255	-0.0096613
0.26	-0.011075
0.265	-0.011123
0.27	-0.010102
0.275	-0.0081687
0.28	-0.0044398
0.285	0.0010265
0.29	0.0052814
0.295	0.011282
0.3	0.017642
0.305	0.016739
0.31	0.014618
0.315	0.011347
0.32	0.0044838
0.325	-0.0029778
0.33	-0.0085945
0.335	-0.011878
0.34	-0.012798
0.345	-0.013053
0.35	-0.01175
0.355	-0.0078165
0.36	-0.0031166
0.365	0.0013622
0.37	0.0079845
0.375	0.014139
0.38	0.017153
0.385	0.017189
0.39	0.017534
0.395	0.01686
0.4	0.01413
0.405	0.008036
0.41	0.00030815
0.415	-0.0055835
0.42	-0.008802
0.425	-0.011865
0.43	-0.01439
0.435	-0.013476
0.44	-0.0083369
0.445	-0.001295
0.45	0.0054795
0.455	0.014187
0.46	0.018102
0.465	0.017121
0.47	0.011605
0.475	0.0042988
0.48	-0.00061848
0.485	-0.0026168
0.49	-0.0036179
0.495	-0.0062274
0.5	-0.009879
0.505	-0.013585
0.51	-0.013888
0.515	-0.01274
0.52	-0.011739
0.525	-0.0089386
0.53	-0.00015972
0.535	0.0084315
0.54	0.010236
0.545	0.0057479
0.55	0.00077157
0.555	-0.00024468
0.56	-0.0025639
0.565	-0.0052388
0.57	-0.0050764
0.575	-0.0034965
0.58	-0.0022747
0.585	-0.0047093
0.59	-0.0082655
0.595	-0.0073297
0.6	-0.0034741
0.605	0.003004
0.61	0.011356
0.615	0.015709
0.62	0.017179
0.625	0.019335
0.63	0.019749
0.635	0.01379
0.64	0.004867
0.645	-0.0013584
0.65	-0.0064725
0.655	-0.012248
0.66	-0.015159
0.665	-0.016663
0.67	-0.015669
0.675	-0.012617
0.68	-0.0095597
0.685	-0.0041763
0.69	0.0046215
0.695	0.01313
0.7	0.017977
0.705	0.019141
0.71	0.0183
0.715	0.015935
0.72	0.013501
0.725	0.010168
0.73	0.0091314
0.735	0.01019
0.74	0.0095597
0.745	0.006995
0.75	0.004554
0.755	0.0030788
0.76	0.0032964
0.765	0.0040965
0.77	0.0043773
0.775	0.0043567
0.78	0.0030229
0.785	0.00054637
0.79	-0.0030379
0.795	-0.0065676
0.8	-0.0081988
0.805	-0.0099628
0.81	-0.011268
0.815	-0.012837
0.82	-0.013093
0.825	-0.010451
0.83	-0.0048393
0.835	0.00066273
0.84	0.004746
0.845	0.0066057
0.85	0.0071615
0.855	0.0082148
0.86	0.0099231
0.865	0.011629
0.87	0.01003
0.875	0.004303
0.88	-0.00054888
0.885	-0.0067645
0.89	-0.013658
0.895	-0.01463
0.9	-0.0095229
0.905	-0.0043096
0.91	-0.0028351
0.915	-0.0031169
0.92	-0.0036532
0.925	-0.0037576
0.93	-0.0051185
0.935	-0.0074575
0.94	-0.0093589
0.945	-0.012565
0.95	-0.015413
0.955	-0.018382
0.96	-0.021497
0.965	-0.024684
0.97	-0.025227
0.975	-0.021718
0.98	-0.015233
0.985	-0.0083429
0.99	-0.0023939
0.995	0.00078203
1	-0.0001608
1.005	-0.00081419
1.01	0.0001525
1.015	0.0015751
1.02	0.0037925
1.025	0.004468
1.03	0.0035189
1.035	0.0018622
1.04	0.00018714
1.045	-0.0013772
1.05	-0.0039901
1.055	-0.0070722
1.06	-0.0089435
1.065	-0.0089812
1.07	-0.0070112
1.075	-0.0050487
1.08	-0.0040695
1.085	-0.0025458
1.09	-0.00077999
1.095	0.0010127
1.1	0.00084356
1.105	-0.0007909
1.11	-0.0018838
1.115	-0.0052721
1.12	-0.0091069
1.125	-0.011976
1.13	-0.013369
1.135	-0.012354
1.14	-0.010029
1.145	-0.007715
1.15	-0.0059029
1.155	-0.0026715
1.16	0.0017545
1.165	0.004429
1.17	0.0051839
1.175	0.0057068
1.18	0.0085588
1.185	0.015953
1.19	0.022047
1.195	0.026236
1.2	0.024495
1.205	0.015187
1.21	-0.0015559
1.215	-0.013085
1.22	-0.010523
1.225	-0.0056911
1.23	-0.0027436
1.235	-0.00014788
1.24	0.0022856
1.245	7.7641e-05
1.25	-0.0052884
1.255	-0.0071114
1.26	-0.0040735
1.265	0.0019774
1.27	0.01151
1.275	0.023737
1.28	0.021931
1.285	0.018831
1.29	0.017495
1.295	0.0071825
1.3	-0.0027819
1.305	-0.0042722
1.31	-0.0011275
1.315	0.0019443
1.32	0.00035438
1.325	-0.0011138
1.33	0.0020643
1.335	0.0056728
1.34	0.0091703
1.345	0.0099583
1.35	0.012629
1.355	0.017591
1.36	0.0193
1.365	0.017755
1.37	0.012509
1.375	0.0061971
1.38	0.0025623
1.385	-0.00050748
1.39	-0.0015375
1.395	-0.0025364
1.4	-0.0043499
1.405	-0.0062572
1.41	-0.0094074
1.415	-0.0096778
1.42	-0.0068344
1.425	-0.0031917
1.43	0.0025006
1.435	0.010121
1.44	0.014773
1.445	0.01277
1.45	0.0080274
1.455	0.004531
1.46	0.0029657
1.465	0.0035035
1.47	0.0042988
1.475	0.0067807
1.48	0.010376
1.485	0.011517
1.49	0.011263
1.495	0.0078048
1.5	0.0035009
1.505	0.0018034
1.51	0.0020496
1.515	0.0009395
1.52	-0.003192
1.525	-0.0078011
1.53	-0.0096336
1.535	-0.007282
1.54	-0.0051602
1.545	-0.0064833
1.55	-0.011143
1.555	-0.014493
1.56	-0.012454
1.565	-0.0093055
1.57	-0.0061426
1.575	-0.00062593
1.58	0.0070851
1.585	0.014095
1.59	0.017066
1.595	0.013733
1.6	0.0088425
1.605	0.0057275
1.61	0.0061524
1.615	0.0068604
1.62	0.0052714
1.625	-0.0012148
1.63	-0.0102
1.635	-0.014657
1.64	-0.012482
1.645	-0.0083331
1.65	-0.0050747
1.655	-0.0041383
1.66	-0.0046871
1.665	-0.0070147
1.67	-0.010527
1.675	-0.015061
1.68	-0.018116
1.685	-0.01448
1.69	-0.0082294
1.695	-0.002653
1.7	-0.00056776
1.705	-0.0045886
1.71	-0.010779
1.715	-0.010078
1.72	-0.0043509
1.725	0.00079636
1.73	0.0061604
1.735	0.016722
1.74	0.026358
1.745	0.024322
1.75	0.016629
1.755	0.0083306
1.76	0.000817
1.765	-0.009339
1.77	-0.012837
1.775	-0.0090745
1.78	-0.0048745
1.785	-0.00023715
1.79	0.0073773
1.795	0.011834
1.8	0.011742
1.805	0.0095936
1.81	0.0057364
1.815	-0.0019598
1.82	-0.004534
1.825	-0.0028189
1.83	-0.0020615
1.835	3.0162e-05
1.84	0.0044223
1.845	0.0087987
1.85	0.0084965
1.855	0.0027514
1.86	-0.0018158
1.865	-0.0020937
1.87	-0.0012107
1.875	-0.00076671
1.88	-0.0010629
1.885	-0.0033107
1.89	-0.009406
1.895	-0.017164
1.9	-0.019913
1.905	-0.017187
1.91	-0.011731
1.915	-0.0050289
1.92	0.0041333
1.925	0.0091842
1.93	0.0067722
1.935	0.0038763
1.94	0.0023282
1.945	-0.0017087
1.95	-0.0097305
1.955	-0.01366
1.96	-0.01395
1.965	-0.017445
1.97	-0.02193
1.975	-0.02182
1.98	-0.017012
1.985	-0.011023
1.99	-0.0060463
1.995	-0.0038279
2	-0.0026845
2.005	-0.00083721
2.01	-0.00044943
2.015	-0.00057984
2.02	-0.001739
2.025	-0.005945
2.03	-0.0083547
2.035	-0.0053493
2.04	-7.471e-05
2.045	0.0040346
2.05	0.0068655
2.055	0.010031
2.06	0.011498
2.065	0.0087881
2.07	0.0046907
2.075	0.0041218
2.08	0.006067
2.085	0.0091422
2.09	0.01046
2.095	0.0070319
2.1	-0.00032119
2.105	-0.0045733
2.11	-0.0031388
2.115	-0.0006239
2.12	0.0027786
2.125	0.0091405
2.13	0.013649
2.135	0.011536
2.14	0.0083934
2.145	0.0090297
2.15	0.013461
2.155	0.018072
2.16	0.022921
2.165	0.023631
2.17	0.01905
2.175	0.014813
2.18	0.0084948
2.185	0.0029503
2.19	0.00011077
2.195	-0.0058697
2.2	-0.01538
2.205	-0.017848
2.21	-0.01434
2.215	-0.010799
2.22	-0.0060529
2.225	0.000799
2.23	0.0066852
2.235	0.0095957
2.24	0.012439
2.245	0.015151
2.25	0.015339
2.255	0.011773
2.26	0.0073308
2.265	0.0054392
2.27	0.0053591
2.275	0.002849
2.28	-0.0020157
2.285	-0.0053286
2.29	-0.00501
2.295	-0.0036729
2.3	-0.003367
2.305	-0.0019298
2.31	-0.0018108
2.315	-0.004199
2.32	-0.0071558
2.325	-0.0075708
2.33	-0.0049302
2.335	-0.0039912
2.34	-0.0078323
2.345	-0.01387
2.35	-0.018819
2.355	-0.017179
2.36	-0.013306
2.365	-0.012089
2.37	-0.014227
2.375	-0.012411
2.38	-0.003663
2.385	0.0095001
2.39	0.019472
2.395	0.016801
2.4	0.00842
2.405	0.0050243
2.41	0.0078573
2.415	0.010533
2.42	0.01011
2.425	0.0065728
2.43	0.0019298
2.435	-0.0028452
2.44	-0.0056525
2.445	-0.0058887
2.45	-0.0071201
2.455	-0.0096776
2.46	-0.0078287
2.465	-0.0014073
2.47	0.0070737
2.475	0.013343
2.48	0.015887
2.485	0.016093
2.49	0.013939
2.495	0.012305
2.5	0.0091532
2.505	0.0048091
2.51	-0.001028
2.515	-0.0080149
2.52	-0.011387
2.525	-0.010103
2.53	-0.0074425
2.535	-0.0066033
2.54	-0.0075714
2.545	-0.0088325
2.55	-0.010042
2.555	-0.0084791
2.56	-0.0065034
2.565	-0.0063315
2.57	-0.0070716
2.575	-0.010103
2.58	-0.011777
2.585	-0.01098
2.59	-0.0079359
2.595	-0.0050483
2.6	-0.0024322
2.605	-0.00085788
2.61	-0.0034194
2.615	-0.009079
2.62	-0.0092644
2.625	-0.0054526
2.63	-0.0041502
2.635	-0.0035517
2.64	-0.0015396
2.645	-0.00021113
2.65	-0.0030914
2.655	-0.0088513
2.66	-0.013652
2.665	-0.013213
2.67	-0.011016
2.675	-0.012029
2.68	-0.016116
2.685	-0.019532
2.69	-0.019108
2.695	-0.015706
2.7	-0.012569
2.705	-0.011037
2.71	-0.011214
2.715	-0.0096267
2.72	-0.0035045
2.725	0.0026478
2.73	0.0058863
2.735	0.0074219
2.74	0.0073334
2.745	0.0048044
2.75	0.00071151
2.755	-0.0025373
2.76	-0.005797
2.765	-0.0061493
2.77	-0.0034802
2.775	-0.0044647
2.78	-0.00797
2.785	-0.0093256
2.79	-0.0074602
2.795	-0.0037349
2.8	0.0012551
2.805	0.0096943
2.81	0.015711
2.815	0.017144
2.82	0.018586
2.825	0.019273
2.83	0.019482
2.835	0.02001
2.84	0.017176
2.845	0.010287
2.85	0.0026491
2.855	0.00030062
2.86	0.0053524
2.865	0.012506
2.87	0.017586
2.875	0.0192
2.88	0.019917
2.885	0.020827
2.89	0.020805
2.895	0.018442
2.9	0.015365
2.905	0.014332
2.91	0.012413
2.915	0.0065462
2.92	-0.00076163
2.925	-0.0051662
2.93	-0.0061074
2.935	-0.004989
2.94	-0.0067088
2.945	-0.009626
2.95	-0.010732
2.955	-0.010402
2.96	-0.0085724
2.965	-0.0062958
2.97	-0.0024107
2.975	0.00062692
2.98	0.0024615
2.985	0.0035978
2.99	0.0014952
2.995	-0.0040077
3	-0.0056856
3.005	-0.0019304
3.01	0.0016445
3.015	0.0042734
3.02	0.0079044
3.025	0.012093
3.03	0.015221
3.035	0.015889
3.04	0.011744
3.045	0.0045306
3.05	0.0019734
3.055	0.00090798
3.06	0.0010342
3.065	0.0016522
3.07	0.0013948
3.075	0.0047781
3.08	0.010075
3.085	0.011529
3.09	0.0060396
3.095	-0.0027055
3.1	-0.0055763
3.105	-0.0022451
3.11	0.00022451
3.115	0.00064713
3.12	-0.00053909
3.125	8.7229e-05
3.13	0.0020694
3.135	0.0039907
3.14	0.005006
3.145	0.0035758
3.15	0.0021282
3.155	0.0046995
3.16	0.01017
3.165	0.013786
3.17	0.014507
3.175	0.010916
3.18	0.0073742
3.185	0.0042497
3.19	0.0031201
3.195	0.0058765
3.2	0.0056555
3.205	0.001933
3.21	0.00099118
3.215	0.00062076
3.22	0.0014278
3.225	0.0026606
3.23	0.004643
3.235	0.0067663
3.24	0.0082273
3.245	0.0065515
3.25	0.0021015
3.255	-0.002805
3.26	-0.010013
3.265	-0.015823
3.27	-0.019932
3.275	-0.019147
3.28	-0.013996
3.285	-0.0088724
3.29	-0.0059406
3.295	-0.0058655
3.3	-0.0074916
3.305	-0.0082237
3.31	-0.0088922
3.315	-0.0082677
3.32	-0.00743
3.325	-0.0077741
3.33	-0.0092184
3.335	-0.0096995
3.34	-0.0079375
3.345	-0.0066105
3.35	-0.0065486
3.355	-0.0086927
3.36	-0.0091767
3.365	-0.006085
3.37	-0.00161
3.375	0.00086367
3.38	0.0005992
3.385	-0.0028478
3.39	-0.0059043
3.395	-0.0073523
3.4	-0.0081194
3.405	-0.0056353
3.41	-0.0030051
3.415	-0.00094012
3.42	-0.00025818
3.425	-0.0016394
3.43	-0.003596
3.435	-0.0065435
3.44	-0.0082965
3.445	-0.0077528
3.45	-0.0063196
3.455	-0.0046401
3.46	-0.0035336
3.465	-0.0041024
3.47	-0.0080033
3.475	-0.012999
3.48	-0.012734
3.485	-0.0078418
3.49	-0.003096
3.495	0.00088186
3.5	0.0061352
3.505	0.012712
3.51	0.015057
3.515	0.0097249
3.52	-0.00078275
3.525	-0.0083702
3.53	-0.0087468
3.535	-0.0051216
3.54	-0.0021094
3.545	0.00076568
3.55	0.0036993
3.555	0.0044079
3.56	0.0030962
3.565	0.0030999
3.57	0.0053473
3.575	0.0073256
3.58	0.0064574
3.585	0.0048918
3.59	0.0025859
3.595	0.00048488
3.6	-0.00012278
3.605	0.0012154
3.61	0.0034615
3.615	0.006384
3.62	0.0087547
3.625	0.0086087
3.63	0.0052162
3.635	0.0018673
3.64	-0.0032991
3.645	-0.00651
3.65	-0.0062069
3.655	-0.003702
3.66	-0.00072975
3.665	0.00098748
3.67	0.0011727
3.675	-0.0010271
3.68	-0.0038224
3.685	-0.0044106
3.69	-0.0021727
3.695	0.0012858
3.7	0.0071374
3.705	0.014158
3.71	0.013721
3.715	0.010115
3.72	0.0039999
3.725	-0.0018512
3.73	-0.0053866
3.735	-0.0051717
3.74	-0.003452
3.745	-0.0026459
3.75	-0.0026028
3.755	-0.0031463
3.76	-0.0014567
3.765	0.0025251
3.77	0.0060036
3.775	0.0083374
3.78	0.0084435
3.785	0.0084336
3.79	0.010047
3.795	0.0083875
3.8	0.0040316
3.805	-0.0018458
3.81	-0.002932
3.815	-0.00044915
3.82	0.0014694
3.825	0.00045854
3.83	-0.0023013
3.835	-0.0031016
3.84	0.00048908
3.845	0.005547
3.85	0.0067382
3.855	0.0065258
3.86	0.0079726
3.865	0.010088
3.87	0.010388
3.875	0.0082853
3.88	0.0036949
3.885	-0.00036494
3.89	-0.0033537
3.895	-0.011108
3.9	-0.016465
3.905	-0.016359
3.91	-0.013114
3.915	-0.0085614
3.92	-0.0037821
3.925	0.00073257
3.93	0.0064352
3.935	0.011861
3.94	0.014415
3.945	0.013825
3.95	0.011716
3.955	0.0090171
3.96	0.0054473
3.965	0.0012514
3.97	-0.0023805
3.975	-0.0061069
3.98	-0.0091305
3.985	-0.011941
3.99	-0.011782
3.995	-0.0098132
4	-0.0064889
4.005	-0.0028625
4.01	0.00077376
4.015	0.0041983
4.02	0.0068415
4.025	0.008102
4.03	0.0066058
4.035	0.0045366
4.04	0.0027784
4.045	0.00092109
4.05	-0.0010138
4.055	-0.002941
4.06	-0.0042965
4.065	-0.0020538
4.07	0.0011346
4.075	0.003515
4.08	0.0056293
4.085	0.0061672
4.09	0.0070103
4.095	0.008863
4.1	0.0093301
4.105	0.0079795
4.11	0.0050735
4.115	0.0032619
4.12	0.00095908
4.125	-0.0013372
4.13	-0.0049741
4.135	-0.008665
4.14	-0.0087756
4.145	-0.0068109
4.15	-0.0049949
4.155	-0.0045261
4.16	-0.002928
4.165	0.0012394
4.17	0.0065786
4.175	0.007834
4.18	0.0050465
4.185	-0.00059524
4.19	-0.0091443
4.195	-0.015539
4.2	-0.018689
4.205	-0.019162
4.21	-0.018514
4.215	-0.016884
4.22	-0.015496
4.225	-0.014421
4.23	-0.01157
4.235	-0.0054464
4.24	-0.00026764
4.245	0.00094088
4.25	0.0049741
4.255	0.0079036
4.26	0.0072982
4.265	0.0062429
4.27	0.0061679
4.275	0.0063739
4.28	0.0028689
4.285	-0.0045358
4.29	-0.0092783
4.295	-0.011201
4.3	-0.010346
4.305	-0.0096912
4.31	-0.0097195
4.315	-0.0091717
4.32	-0.0068655
4.325	-0.0034418
4.33	0.00034848
4.335	0.0031929
4.34	0.0047597
4.345	0.0030736
4.35	-0.0021281
4.355	-0.010291
4.36	-0.020379
4.365	-0.028461
4.37	-0.03673
4.375	-0.056425
4.38	-0.073863
4.385	-0.085731
4.39	-0.093805
4.395	-0.10289
4.4	-0.1059
4.405	-0.1009
4.41	-0.092586
4.415	-0.081169
4.42	-0.065031
4.425	-0.045727
4.43	-0.029027
4.435	-0.013686
4.44	0.0015155
4.445	0.020473
4.45	0.03784
4.455	0.054217
4.46	0.085358
4.465	0.11567
4.47	0.13744
4.475	0.17498
4.48	0.20169
4.485	0.2017
4.49	0.19901
4.495	0.19691
4.5	0.19362
4.505	0.1803
4.51	0.15214
4.515	0.1192
4.52	0.093674
4.525	0.069337
4.53	0.050152
4.535	0.037284
4.54	0.028405
4.545	0.021397
4.55	0.014764
4.555	0.0091251
4.56	0.0045409
4.565	-0.003647
4.57	-0.01773
4.575	-0.033016
4.58	-0.053873
4.585	-0.081945
4.59	-0.099043
4.595	-0.12157
4.6	-0.13595
4.605	-0.13336
4.61	-0.1277
4.615	-0.12722
4.62	-0.12827
4.625	-0.12331
4.63	-0.12107
4.635	-0.12396
4.64	-0.12288
4.645	-0.11673
4.65	-0.109
4.655	-0.10013
4.66	-0.087329
4.665	-0.070374
4.67	-0.05062
4.675	-0.033123
4.68	-0.010841
4.685	0.0021203
4.69	0.011479
4.695	0.02531
4.7	0.042373
4.705	0.043511
4.71	0.040594
4.715	0.040868
4.72	0.036887
4.725	0.030224
4.73	0.026091
4.735	0.029765
4.74	0.04131
4.745	0.055773
4.75	0.066262
4.755	0.065919
4.76	0.0614
4.765	0.055177
4.77	0.043185
4.775	0.032053
4.78	0.023235
4.785	0.018837
4.79	0.012382
4.795	0.0046724
4.8	-0.00018967
4.805	0.0020663
4.81	0.0091354
4.815	0.017707
4.82	0.034073
4.825	0.040249
4.83	0.044125
4.835	0.046234
4.84	0.04959
4.845	0.05227
4.85	0.04968
4.855	0.044205
4.86	0.037951
4.865	0.030898
4.87	0.023816
4.875	0.018282
4.88	0.011739
4.885	0.0056774
4.89	-0.0018996
4.895	-0.0080799
4.9	-0.0097553
4.905	-0.0098461
4.91	-0.010079
4.915	-0.011161
4.92	-0.01167
4.925	-0.011517
4.93	-0.010309
4.935	-0.007968
4.94	-0.0069088
4.945	-0.0086934
4.95	-0.012861
4.955	-0.011899
4.96	-0.0084945
4.965	-0.0090382
4.97	-0.013134
4.975	-0.020458
4.98	-0.027284
4.985	-0.029104
4.99	-0.028731
4.995	-0.027014
5	-0.025229
5.005	-0.023386
5.01	-0.02432
5.015	-0.027203
5.02	-0.029295
5.025	-0.026601
5.03	-0.018862
5.035	-0.0080326
5.04	0.0031534
5.045	0.0079323
5.05	0.0094699
5.055	0.012485
5.06	0.015838
5.065	0.018749
5.07	0.023986
5.075	0.025574
5.08	0.023163
5.085	0.020834
5.09	0.015655
5.095	0.0080454
5.1	0.0036577
5.105	0.0023381
5.11	0.0037651
5.115	0.0052702
5.12	0.0040047
5.125	-0.00078
5.13	-0.007761
5.135	-0.015213
5.14	-0.019795
5.145	-0.022056
5.15	-0.024769
5.155	-0.024414
5.16	-0.021992
5.165	-0.018411
5.17	-0.01496
5.175	-0.01297
5.18	-0.012899
5.185	-0.01624
5.19	-0.019874
5.195	-0.021469
5.2	-0.020996
5.205	-0.018488
5.21	-0.013254
5.215	-0.0027062
5.22	0.0087509
5.225	0.017944
5.23	0.022171
5.235	0.023957
5.24	0.022326
5.245	0.015867
5.25	0.0045473
5.255	-0.0097113
5.26	-0.025138
5.265	-0.031677
5.27	-0.033778
5.275	-0.033311
5.28	-0.031334
5.285	-0.02943
5.29	-0.027699
5.295	-0.02874
5.3	-0.032385
5.305	-0.03878
5.31	-0.042005
5.315	-0.040855
5.32	-0.037983
5.325	-0.034102
5.33	-0.024246
5.335	0.00092214
5.34	0.023756
5.345	0.046271
5.35	0.058753
5.355	0.052832
5.36	0.044244
5.365	0.029964
5.37	0.010884
5.375	-0.001811
5.38	-0.0034657
5.385	0.0021146
5.39	0.0085379
5.395	0.010875
5.4	0.011759
5.405	0.012403
5.41	0.013248
5.415	0.01324
5.42	0.0087319
5.425	0.0046924
5.43	0.0034747
5.435	-0.0010625
5.44	-0.0042122
5.445	-0.0064828
5.45	-0.0096376
5.455	-0.015997
5.46	-0.024002
5.465	-0.027642
5.47	-0.028012
5.475	-0.025514
5.48	-0.020618
5.485	-0.012653
5.49	-0.0067097
5.495	-0.0027297
5.5	-0.0017475
5.505	-0.0037709
5.51	-0.0077226
5.515	-0.010663
5.52	-0.010691
5.525	-0.012015
5.53	-0.011325
5.535	-0.0082229
5.54	-0.0028404
5.545	0.0066797
5.55	0.016271
5.555	0.024694
5.56	0.028773
5.565	0.027065
5.57	0.018426
5.575	-0.00088796
5.58	-0.018889
5.585	-0.02771
5.59	-0.027634
5.595	-0.020882
5.6	-0.014628
5.605	-0.0045374
5.61	0.014011
5.615	0.029611
5.62	0.036762
5.625	0.049213
5.63	0.0595
5.635	0.059167
5.64	0.054928
5.645	0.055877
5.65	0.060485
5.655	0.064272
5.66	0.067286
5.665	0.068903
5.67	0.068058
5.675	0.066066
5.68	0.06193
5.685	0.053737
5.69	0.037835
5.695	0.019796
5.7	0.001851
5.705	-0.020323
5.71	-0.035157
5.715	-0.045206
5.72	-0.049586
5.725	-0.048301
5.73	-0.040474
5.735	-0.025289
5.74	-0.0031526
5.745	0.012896
5.75	0.026289
5.755	0.039512
5.76	0.045503
5.765	0.04693
5.77	0.051949
5.775	0.056444
5.78	0.056859
5.785	0.053207
5.79	0.044781
5.795	0.031116
5.8	0.013723
5.805	-3.8823e-05
5.81	-0.0054965
5.815	-0.0084638
5.82	-0.008439
5.825	-0.0069052
5.83	-0.0051424
5.835	-0.00074677
5.84	0.0010406
5.845	-0.00012033
5.85	-0.00030686
5.855	-0.0026439
5.86	-0.012131
5.865	-0.018703
5.87	-0.029487
5.875	-0.040344
5.88	-0.044796
5.885	-0.05341
5.89	-0.060867
5.895	-0.068365
5.9	-0.068601
5.905	-0.063625
5.91	-0.061508
5.915	-0.058534
5.92	-0.053711
5.925	-0.043735
5.93	-0.021767
5.935	-0.0014676
5.94	0.001979
5.945	0.00031179
5.95	-0.0047518
5.955	-0.013812
5.96	-0.019755
5.965	-0.022189
5.97	-0.022881
5.975	-0.024803
5.98	-0.024357
5.985	-0.021742
5.99	-0.017962
5.995	-0.013207
6	-0.010344
6.005	-0.009762
6.01	-0.013053
6.015	-0.015941
6.02	-0.014014
6.025	-0.0069876
6.03	0.0052439
6.035	0.013061
6.04	0.021382
6.045	0.026326
6.05	0.026322
6.055	0.021437
6.06	0.0083854
6.065	-0.0051749
6.07	-0.012273
6.075	-0.013482
6.08	-0.012972
6.085	-0.014373
6.09	-0.01624
6.095	-0.015271
6.1	-0.010215
6.105	-0.0015468
6.11	0.0086412
6.115	0.017906
6.12	0.02701
6.125	0.035354
6.13	0.038575
6.135	0.041368
6.14	0.040309
6.145	0.032031
6.15	0.017498
6.155	0.004102
6.16	-0.009153
6.165	-0.021234
6.17	-0.02728
6.175	-0.034737
6.18	-0.042229
6.185	-0.042782
6.19	-0.04373
6.195	-0.042564
6.2	-0.035701
6.205	-0.023283
6.21	-0.0075269
6.215	0.014805
6.22	0.029003
6.225	0.024144
6.23	0.017206
6.235	0.0099887
6.24	0.004568
6.245	0.0012807
6.25	0.0030006
6.255	0.0060452
6.26	0.0069255
6.265	0.0089926
6.27	0.011864
6.275	0.016111
6.28	0.017362
6.285	0.014999
6.29	0.0083868
6.295	0.0015037
6.3	-0.0033929
6.305	-0.00822
6.31	-0.012102
6.315	-0.011143
6.32	-0.010407
6.325	-0.0082485
6.33	0.0001808
6.335	0.0090819
6.34	0.012847
6.345	0.014371
6.35	0.015078
6.355	0.013042
6.36	0.0091371
6.365	0.0048883
6.37	-0.0050998
6.375	-0.015031
6.38	-0.017934
6.385	-0.015151
6.39	-0.0079001
6.395	0.0036519
6.4	0.0086053
6.405	0.013885
6.41	0.018162
6.415	0.02794
6.42	0.038613
6.425	0.040483
6.43	0.038531
6.435	0.035564
6.44	0.029246
6.445	0.019657
6.45	0.0062573
6.455	-0.0034711
6.46	-0.012001
6.465	-0.014525
6.47	-0.014341
6.475	-0.012687
6.48	-0.0085954
6.485	-0.0016806
6.49	0.0036195
6.495	0.0027342
6.5	-0.0008637
6.505	-0.004372
6.51	-0.014065
6.515	-0.020937
6.52	-0.027163
6.525	-0.030208
6.53	-0.031981
6.535	-0.02991
6.54	-0.025539
6.545	-0.021271
6.55	-0.012627
6.555	0.0004747
6.56	0.01388
6.565	0.020384
6.57	0.014814
6.575	0.0047126
6.58	-0.0036903
6.585	-0.012122
6.59	-0.0078711
6.595	0.00085299
6.6	0.0075338
6.605	0.0098246
6.61	0.010165
6.615	0.010308
6.62	0.010874
6.625	0.013066
6.63	0.015458
6.635	0.014148
6.64	0.0063614
6.645	-0.0078303
6.65	-0.019051
6.655	-0.02155
6.66	-0.019441
6.665	-0.018227
6.67	-0.018064
6.675	-0.017921
6.68	-0.017236
6.685	-0.017102
6.69	-0.018885
6.695	-0.018701
6.7	-0.017155
6.705	-0.016551
6.71	-0.013642
6.715	-0.0063088
6.72	0.0045922
6.725	0.012443
6.73	0.017234
6.735	0.015644
6.74	0.010511
6.745	0.0080121
6.75	0.0047745
6.755	0.0039622
6.76	0.008862
6.765	0.012097
6.77	0.014481
6.775	0.017323
6.78	0.01935
6.785	0.027538
6.79	0.032332
6.795	0.038449
6.8	0.037224
6.805	0.026733
6.81	0.015238
6.815	0.0061485
6.82	0.0042245
6.825	0.0083295
6.83	0.010183
6.835	0.011187
6.84	0.012238
6.845	0.018315
6.85	0.026937
6.855	0.030785
6.86	0.028757
6.865	0.021122
6.87	0.0058831
6.875	-0.013767
6.88	-0.026057
6.885	-0.030443
6.89	-0.031327
6.895	-0.030209
6.9	-0.025214
6.905	-0.014994
6.91	-0.0084609
6.915	-0.0040938
6.92	-0.0025599
6.925	-0.0028222
6.93	-0.00012109
6.935	0.0036985
6.94	0.0028583
6.945	-0.001354
6.95	-0.0030572
6.955	-0.0012789
6.96	0.00042451
6.965	-0.0011771
6.97	-0.0069738
6.975	-0.010377
6.98	-0.0093841
6.985	-0.0036031
6.99	0.0030368
6.995	0.0070942
7	0.0096393
7.005	0.011251
7.01	0.012528
7.015	0.014548
7.02	0.01669
7.025	0.017268
7.03	0.015528
7.035	0.013075
7.04	0.01162
7.045	0.010778
7.05	0.0077161
7.055	-0.0029886
7.06	-0.0068137
7.065	-0.0058672
7.07	-0.0044402
7.075	-0.0020131
7.08	0.0022835
7.085	0.0072393
7.09	0.0075567
7.095	0.0065185
7.1	0.006016
7.105	0.0053507
7.11	0.0049389
7.115	0.0030127
7.12	0.0024878
7.125	0.0042939
7.13	0.0068715
7.135	0.011058
7.14	0.014645
7.145	0.013585
7.15	0.0079992
7.155	-5.0976e-05
7.16	-0.0030058
7.165	-0.0021784
7.17	-0.0067466
7.175	-0.014364
7.18	-0.024094
7.185	-0.035415
7.19	-0.042382
7.195	-0.041828
7.2	-0.038035
7.205	-0.035877
7.21	-0.0362
7.215	-0.036021
7.22	-0.032233
7.225	-0.025196
7.23	-0.018795
7.235	-0.0096726
7.24	0.0019092
7.245	0.00051925
7.25	-0.0065144
7.255	-0.0076972
7.26	-0.0042009
7.265	0.0020149
7.27	0.015133
7.275	0.026704
7.28	0.025091
7.285	0.020101
7.29	0.013399
7.295	0.0067324
7.3	-0.0028008
7.305	-0.010467
7.31	-0.015805
7.315	-0.01917
7.32	-0.020734
7.325	-0.021228
7.33	-0.017504
7.335	-0.013354
7.34	-0.0063765
7.345	0.0052454
7.35	0.020008
7.355	0.02457
7.36	0.02281
7.365	0.02308
7.37	0.021074
7.375	0.015034
7.38	0.0071337
7.385	-0.004241
7.39	-0.018803
7.395	-0.029699
7.4	-0.031312
7.405	-0.02861
7.41	-0.027633
7.415	-0.028166
7.42	-0.028787
7.425	-0.025713
7.43	-0.017432
7.435	-0.0070152
7.44	0.0005616
7.445	0.0054795
7.45	0.0096209
7.455	0.013265
7.46	0.017647
7.465	0.019482
7.47	0.022518
7.475	0.027492
7.48	0.028096
7.485	0.026752
7.49	0.027225
7.495	0.028203
7.5	0.027607
7.505	0.021903
7.51	0.011859
7.515	0.0051001
7.52	0.0034359
7.525	0.00033785
7.53	-0.0076463
7.535	-0.019492
7.54	-0.02606
7.545	-0.02695
7.55	-0.025511
7.555	-0.02097
7.56	-0.012523
7.565	0.0043143
7.57	0.021609
7.575	0.036148
7.58	0.03868
7.585	0.038547
7.59	0.037233
7.595	0.034328
7.6	0.030941
7.605	0.030396
7.61	0.032197
7.615	0.032739
7.62	0.028323
7.625	0.020675
7.63	0.017322
7.635	0.0106
7.64	0.0044867
7.645	-0.001404
7.65	-0.0041495
7.655	-0.00033134
7.66	0.0041995
7.665	0.004457
7.67	-0.001987
7.675	-0.013381
7.68	-0.022031
7.685	-0.024498
7.69	-0.022372
7.695	-0.018974
7.7	-0.016527
7.705	-0.014282
7.71	-0.011588
7.715	-0.0075714
7.72	-0.0027523
7.725	0.0016711
7.73	0.0019275
7.735	0.00016828
7.74	-0.0011007
7.745	-0.0037701
7.75	-0.0099651
7.755	-0.018702
7.76	-0.027911
7.765	-0.032465
7.77	-0.034155
7.775	-0.034612
7.78	-0.032975
7.785	-0.029159
7.79	-0.023384
7.795	-0.016348
7.8	-0.013925
7.805	-0.016976
7.81	-0.024567
7.815	-0.027734
7.82	-0.023955
7.825	-0.014268
7.83	0.00044594
7.835	0.016057
7.84	0.019362
7.845	0.013084
7.85	0.0066462
7.855	-0.0048518
7.86	-0.01432
7.865	-0.016461
7.87	-0.016887
7.875	-0.016372
7.88	-0.011177
7.885	-0.001842
7.89	0.011514
7.895	0.02353
7.9	0.022875
7.905	0.017098
7.91	0.0092692
7.915	0.0018831
7.92	9.6617e-05
7.925	0.0050337
7.93	0.011042
7.935	0.015591
7.94	0.014119
7.945	0.0040614
7.95	-0.010355
7.955	-0.019559
7.96	-0.024768
7.965	-0.025465
7.97	-0.01939
7.975	-0.0095899
7.98	0.0017438
7.985	0.0076894
7.99	0.011353
7.995	0.018115
8	0.026457
8.005	0.028306
8.01	0.025352
8.015	0.017202
8.02	0.0047184
8.025	-0.0017431
8.03	0.0056106
8.035	0.014791
8.04	0.019917
8.045	0.01805
8.05	0.01006
8.055	-0.0036428
8.06	-0.016182
8.065	-0.022338
8.07	-0.020378
8.075	-0.014685
8.08	-0.0082124
8.085	-0.00035062
8.09	0.0091805
8.095	0.017673
8.1	0.01884
8.105	0.015106
8.11	0.012062
8.115	0.012227
8.12	0.015017
8.125	0.020804
8.13	0.02207
8.135	0.016483
8.14	0.0067909
8.145	0.00084115
8.15	-3.8191e-05
8.155	-0.0015339
8.16	-0.0059582
8.165	-0.0091008
8.17	-0.005952
8.175	-0.00039461
8.18	0.001342
8.185	-0.0014341
8.19	-0.0048411
8.195	-0.0057869
8.2	-0.0080701
8.205	-0.011107
8.21	-0.0097238
8.215	-0.0034827
8.22	0.0078417
8.225	0.021092
8.23	0.03032
8.235	0.030917
8.24	0.027431
8.245	0.026649
8.25	0.025963
8.255	0.019072
8.26	0.0086755
8.265	0.0017511
8.27	0.0013007
8.275	0.0051056
8.28	0.0096926
8.285	0.01442
8.29	0.018192
8.295	0.018935
8.3	0.017426
8.305	0.015256
8.31	0.012953
8.315	0.011437
8.32	0.0099566
8.325	0.0027884
8.33	-0.0059634
8.335	-0.011474
8.34	-0.01398
8.345	-0.010957
8.35	-0.0047503
8.355	0.0033638
8.36	0.0066872
8.365	0.0041679
8.37	0.00093125
8.375	-0.00028449
8.38	0.0011217
8.385	0.0048671
8.39	0.0067207
8.395	0.0043374
8.4	-0.0049309
8.405	-0.021492
8.41	-0.034118
8.415	-0.036964
8.42	-0.02923
8.425	-0.019385
8.43	-0.01287
8.435	-0.010715
8.44	-0.013045
8.445	-0.016918
8.45	-0.014187
8.455	-0.0051247
8.46	0.0085314
8.465	0.015757
8.47	0.014994
8.475	0.011148
8.48	0.0061357
8.485	0.00040614
8.49	-0.0029776
8.495	-0.0046665
8.5	-0.0081501
8.505	-0.012854
8.51	-0.015315
8.515	-0.015382
8.52	-0.016355
8.525	-0.013639
8.53	-0.010114
8.535	-0.0072369
8.54	-0.0035286
8.545	-0.00062874
8.55	-0.00027766
8.555	-0.0011228
8.56	-0.00020359
8.565	0.0027139
8.57	0.0048733
8.575	-0.0018907
8.58	-0.01453
8.585	-0.027727
8.59	-0.038657
8.595	-0.038458
8.6	-0.033117
8.605	-0.028997
8.61	-0.024793
8.615	-0.020514
8.62	-0.018569
8.625	-0.021235
8.63	-0.024495
8.635	-0.025671
8.64	-0.02263
8.645	-0.017985
8.65	-0.015465
8.655	-0.015381
8.66	-0.016278
8.665	-0.01351
8.67	-0.0075022
8.675	-0.0013069
8.68	0.0031495
8.685	0.0045095
8.69	0.0051798
8.695	0.0074248
8.7	0.013145
8.705	0.023688
8.71	0.030247
8.715	0.028401
8.72	0.023958
8.725	0.019495
8.73	0.016568
8.735	0.011568
8.74	0.0090378
8.745	0.0081434
8.75	0.0043879
8.755	0.0026924
8.76	0.0047956
8.765	0.0093255
8.77	0.010367
8.775	0.012682
8.78	0.015241
8.785	0.0098425
8.79	0.0077376
8.795	0.010607
8.8	0.012585
8.805	0.013163
8.81	0.013166
8.815	0.010701
8.82	0.0060127
8.825	0.0017308
8.83	-0.004515
8.835	-0.0078567
8.84	-0.0049006
8.845	-0.00024681
8.85	0.0061661
8.855	0.010824
8.86	0.012436
8.865	0.012942
8.87	0.016035
8.875	0.021685
8.88	0.026173
8.885	0.027168
8.89	0.025018
8.895	0.017058
8.9	0.0055229
8.905	-0.002893
8.91	-0.0046044
8.915	-0.0020313
8.92	-0.0010744
8.925	-0.0041441
8.93	-0.015167
8.935	-0.026439
8.94	-0.038611
8.945	-0.043602
8.95	-0.036825
8.955	-0.027271
8.96	-0.015411
8.965	-0.0056602
8.97	0.0014984
8.975	0.0044053
8.98	0.010754
8.985	0.014936
8.99	0.012512
8.995	0.0016579
9	-0.016882
9.005	-0.029112
9.01	-0.03381
9.015	-0.030239
9.02	-0.021225
9.025	-0.0097254
9.03	0.0011812
9.035	0.0079785
9.04	0.0034697
9.045	-0.0040198
9.05	-0.0048952
9.055	-0.0050516
9.06	-0.0082478
9.065	-0.010615
9.07	-0.011974
9.075	-0.0076656
9.08	-0.001459
9.085	0.0052613
9.09	0.015157
9.095	0.020752
9.1	0.030176
9.105	0.043627
9.11	0.051806
9.115	0.052875
9.12	0.049922
9.125	0.042576
9.13	0.024882
9.135	0.00028354
9.14	-0.016595
9.145	-0.025387
9.15	-0.022988
9.155	-0.016612
9.16	-0.013431
9.165	-0.0069978
9.17	0.0063129
9.175	0.014415
9.18	0.019231
9.185	0.018403
9.19	0.019145
9.195	0.022495
9.2	0.023287
9.205	0.021217
9.21	0.017501
9.215	0.012995
9.22	0.0087097
9.225	0.0055877
9.23	0.0030766
9.235	0.0034905
9.24	0.0048673
9.245	0.005665
9.25	0.0080606
9.255	0.011943
9.26	0.014677
9.265	0.015766
9.27	0.013447
9.275	0.0073965
9.28	-0.0014932
9.285	-0.0090791
9.29	-0.011563
9.295	-0.013472
9.3	-0.016877
9.305	-0.022247
9.31	-0.025621
9.315	-0.028425
9.32	-0.02779
9.325	-0.023774
9.33	-0.019379
9.335	-0.013854
9.34	-0.0082172
9.345	-0.00078139
9.35	0.0062088
9.355	0.013882
9.36	0.015696
9.365	0.012666
9.37	0.0091237
9.375	0.0063996
9.38	-3.3636e-05
9.385	-0.0064895
9.39	-0.0079019
9.395	-0.0069261
9.4	-0.005293
9.405	-0.0024402
9.41	0.0013512
9.415	0.001158
9.42	-0.001275
9.425	-0.0043425
9.43	-0.010235
9.435	-0.014104
9.44	-0.01615
9.445	-0.016193
9.45	-0.016844
9.455	-0.019239
9.46	-0.020576
9.465	-0.025637
9.47	-0.02974
9.475	-0.032397
9.48	-0.03243
9.485	-0.024655
9.49	-0.012834
9.495	-0.0039814
9.5	0.0021878
9.505	0.0071682
9.51	0.013688
9.515	0.015673
9.52	0.017742
9.525	0.023522
9.53	0.026226
9.535	0.028454
9.54	0.029031
9.545	0.025706
9.55	0.016805
9.555	0.0048218
9.56	-0.011096
9.565	-0.02632
9.57	-0.035609
9.575	-0.042817
9.58	-0.042683
9.585	-0.036438
9.59	-0.031311
9.595	-0.027309
9.6	-0.021687
9.605	-0.011518
9.61	0.0016575
9.615	0.010091
9.62	0.014183
9.625	0.018581
9.63	0.018753
9.635	0.012017
9.64	0.0072087
9.645	0.0048813
9.65	-0.00050978
9.655	-0.0022792
9.66	-5.9873e-05
9.665	0.0037184
9.67	0.010473
9.675	0.019598
9.68	0.026743
9.685	0.030017
9.69	0.027691
9.695	0.023095
9.7	0.01978
9.705	0.013593
9.71	0.0051806
9.715	-0.00034702
9.72	-0.0007388
9.725	-0.00030352
9.73	-0.0021059
9.735	-0.0037603
9.74	-0.00016932
9.745	0.010234
9.75	0.023697
9.755	0.02601
9.76	0.020141
9.765	0.012632
9.77	0.0029843
9.775	-0.0084206
9.78	-0.01778
9.785	-0.019227
9.79	-0.016338
9.795	-0.011343
9.8	-0.0056611
9.805	0.00027346
9.81	0.0076263
9.815	0.014755
9.82	0.019353
9.825	0.023929
9.83	0.024103
9.835	0.018709
9.84	0.0065312
9.845	-0.0083694
9.85	-0.021746
9.855	-0.024433
9.86	-0.016757
9.865	-0.0040102
9.87	0.012013
9.875	0.025425
9.88	0.029414
9.885	0.023464
9.89	0.012971
9.895	0.0021318
9.9	-0.011734
9.905	-0.02035
9.91	-0.020648
9.915	-0.015999
9.92	-0.011557
9.925	-0.0073912
9.93	0.0043286
9.935	0.017097
9.94	0.019648
9.945	0.014522
9.95	0.0084333
9.955	0.002197
9.96	-0.0053543
9.965	-0.014426
9.97	-0.019122
9.975	-0.019583
9.98	-0.017876
9.985	-0.014609
9.99	-0.010727
9.995	-0.0061228
10	-0.0040938
10.005	-0.0033369
10.01	-0.004385
10.015	-0.0057483
10.02	-0.0088614
10.025	-0.010085
10.03	-0.0095112
10.035	-0.0057983
10.04	0.0017433
10.045	0.0087727
10.05	0.013473
10.055	0.012695
10.06	0.0042561
10.065	-0.010622
10.07	-0.023793
10.075	-0.030054
10.08	-0.033375
10.085	-0.032396
10.09	-0.028307
10.095	-0.023284
10.1	-0.016592
10.105	-0.008698
10.11	-0.0040932
10.115	-0.0029782
10.12	-0.0027878
10.125	-0.0030845
10.13	-0.0047509
10.135	-0.003818
10.14	0.002967
10.145	0.01601
10.15	0.029182
10.155	0.03892
10.16	0.039651
10.165	0.034755
10.17	0.026707
10.175	0.011786
10.18	-0.0055314
10.185	-0.012322
10.19	-0.010365
10.195	-0.0062957
10.2	-0.001412
10.205	0.0052607
10.21	0.01148
10.215	0.013941
10.22	0.012863
10.225	0.012339
10.23	0.011676
10.235	0.0097462
10.24	0.0056047
10.245	0.0040779
10.25	0.0035454
10.255	0.0032726
10.26	0.0049625
10.265	0.0065271
10.27	0.0078177
10.275	0.0096731
10.28	0.0080285
10.285	0.0016871
10.29	-0.0059149
10.295	-0.0098836
10.3	-0.0099432
10.305	-0.0090217
10.31	-0.010556
10.315	-0.012985
10.32	-0.011827
10.325	-0.0066949
10.33	0.0019131
10.335	0.0079703
10.34	0.010289
10.345	0.010917
10.35	0.010311
10.355	0.0096804
10.36	0.0089478
10.365	0.008628
10.37	0.0091064
10.375	0.009912
10.38	0.010516
10.385	0.010427
10.39	0.010297
10.395	0.0088098
10.4	0.0063384
10.405	0.0043064
10.41	0.0025572
10.415	0.0012813
10.42	-0.00042214
10.425	-0.0024663
10.43	-0.0037988
10.435	-0.0060766
10.44	-0.0075673
10.445	-0.0080486
10.45	-0.0091507
10.455	-0.0094597
10.46	-0.009073
10.465	-0.0080439
10.47	-0.0048655
10.475	0.00067154
10.48	0.0077559
10.485	0.011364
10.49	0.010364
10.495	0.009223
10.5	0.0088177
10.505	0.0071784
10.51	0.0029639
10.515	-0.0013025
10.52	-0.0049771
10.525	-0.011411
10.53	-0.019177
10.535	-0.025545
10.54	-0.02714
10.545	-0.024433
10.55	-0.019746
10.555	-0.012538
10.56	-0.0036022
10.565	0.003969
10.57	0.0068182
10.575	0.0065827
10.58	0.0042719
10.585	-0.0013824
10.59	-0.0076017
10.595	-0.010936
10.6	-0.012352
10.605	-0.011936
10.61	-0.0099369
10.615	-0.0040452
10.62	0.0012482
10.625	0.0032429
10.63	0.002287
10.635	0.0018687
10.64	0.0016034
10.645	0.00043087
10.65	-0.0017938
10.655	-0.0048199
10.66	-0.008281
10.665	-0.012783
10.67	-0.014151
10.675	-0.012706
10.68	-0.0082377
10.685	0.0014491
10.69	0.0061266
10.695	0.004278
10.7	0.0026785
10.705	0.0025481
10.71	0.0005637
10.715	-0.0033598
10.72	-0.0044695
10.725	-0.0021055
10.73	-0.00080779
10.735	-0.00038961
10.74	0.00068781
10.745	0.0014242
10.75	0.0007651
10.755	-0.00047033
10.76	0.00044894
10.765	0.0041802
10.77	0.0072072
10.775	0.0072853
10.78	0.0060696
10.785	0.0056551
10.79	0.0055578
10.795	0.0044424
10.8	0.0027014
10.805	0.0010345
10.81	0.00049849
10.815	0.00054802
10.82	0.00070742
10.825	0.00074622
10.83	0.00068607
10.835	0.00076401
10.84	0.0011984
10.845	0.0018158
10.85	0.0025464
10.855	0.0031658
10.86	0.0033405
10.865	0.0029332
10.87	0.0020141
10.875	0.0011292
10.88	0.0005653
10.885	-4.2682e-05
10.89	-0.00050234
10.895	-0.0006382
10.9	-0.00033111
10.905	2.7088e-05
10.91	0.00032268
10.915	0.00047626
10.92	0.00051202
10.925	0.00062331
10.93	0.00082099
10.935	0.0010777
10.94	0.0013
10.945	0.00132
10.95	0.0011932
10.955	0.00098228
10.96	0.00073974
10.965	0.00052726
10.97	0.00044906
10.975	0.00049029
10.98	0.0005622
10.985	0.00059535
10.99	0.00064785
10.995	0.00073622
11	0.00084374
11.005	0.00089246
11.01	0.00087498
11.015	0.00081078
11.02	0.00073126
11.025	0.000637
11.03	0.00053956
11.035	0.00047117
11.04	0.00044226
11.045	0.00041459
11.05	0.00038612
11.055	0.00037772
11.06	0.00036291
11.065	0.00032557
11.07	0.00028104
11.075	0.00023944
11.08	0.00020427
11.085	0.00017699
11.09	0.00014895
11.095	0.00012129
11.1	9.3273e-05
11.105	6.4236e-05
11.11	3.5495e-05
11.115	6.7427e-06
11.12	-2.1824e-05
11.125	-4.9788e-05
11.13	-7.6945e-05
11.135	-0.00010325
11.14	-0.00012866
11.145	-0.00015306
11.15	-0.00017631
11.155	-0.00019806
11.16	-0.00021822
11.165	-0.00023688
11.17	-0.00025405
11.175	-0.00026973
11.18	-0.00028391
