0	-0.00078122
0.01	-0.00093028
0.02	-0.0010993
0.03	-0.0011524
0.04	-0.00080373
0.05	-0.00094091
0.06	-0.0022053
0.07	-0.0023385
0.08	-0.0010767
0.09	0.00032925
0.1	-0.00010891
0.11	-0.0048655
0.12	-0.0063887
0.13	0.0043107
0.14	0.01124
0.15	-0.0086676
0.16	-0.029163
0.17	-0.013738
0.18	0.0072738
0.19	0.0036336
0.2	-0.010689
0.21	-0.019123
0.22	0.0012481
0.23	0.036202
0.24	0.040937
0.25	0.025041
0.26	0.034935
0.27	0.075845
0.28	0.079617
0.29	0.023631
0.3	-0.0039969
0.31	0.030534
0.32	0.060558
0.33	0.061099
0.34	0.028493
0.35	-0.065249
0.36	-0.11809
0.37	-0.053235
0.38	-0.044222
0.39	-0.13028
0.4	-0.12229
0.41	-0.048727
0.42	-0.058633
0.43	-0.078184
0.44	-0.016303
0.45	0.026653
0.46	-0.010036
0.47	-0.021505
0.48	0.03433
0.49	0.052523
0.5	0.012484
0.51	0.014822
0.52	0.065339
0.53	0.059906
0.54	0.010696
0.55	0.031702
0.56	0.092254
0.57	0.054802
0.58	-0.033317
0.59	-0.0092945
0.6	0.081721
0.61	0.098098
0.62	0.04656
0.63	0.02695
0.64	0.054826
0.65	0.037522
0.66	-0.039717
0.67	-0.065974
0.68	-0.02411
0.69	-0.00053107
0.7	0.013842
0.71	0.051528
0.72	0.052086
0.73	0.0072208
0.74	0.00091059
0.75	0.032332
0.76	0.023781
0.77	-0.032151
0.78	-0.045288
0.79	0.021024
0.8	0.040775
0.81	-0.062086
0.82	-0.13059
0.83	-0.064394
0.84	-0.0041971
0.85	-0.0042426
0.86	0.014257
0.87	0.034216
0.88	0.015145
0.89	0.011228
0.9	0.046208
0.91	0.031622
0.92	-0.030232
0.93	-0.014185
0.94	0.080932
0.95	0.11711
0.96	0.042708
0.97	-0.035618
0.98	-0.026473
0.99	0.0164
1	-0.023122
1.01	-0.10416
1.02	-0.054927
1.03	0.063911
1.04	0.050677
1.05	-0.045679
1.06	-0.082048
1.07	-0.08608
1.08	-0.11174
1.09	-0.095472
1.1	-0.057981
1.11	-0.12556
1.12	-0.19836
1.13	-0.13156
1.14	0.0020468
1.15	0.10701
1.16	0.10225
1.17	0.022666
1.18	0.01917
1.19	0.08731
1.2	0.13585
1.21	0.1157
1.22	-0.00010527
1.23	-0.13884
1.24	-0.15365
1.25	-0.041623
1.26	0.038717
1.27	0.012522
1.28	-0.034857
1.29	-0.030399
1.3	-0.0063735
1.31	0.0061467
1.32	0.017926
1.33	0.038778
1.34	0.07324
1.35	0.097258
1.36	0.067412
1.37	-0.0016147
1.38	-0.023953
1.39	0.0015259
1.4	-0.037313
1.41	-0.10467
1.42	-0.07526
1.43	-0.024803
1.44	-0.042655
1.45	-0.023384
1.46	0.054144
1.47	0.067432
1.48	0.01331
1.49	-0.050113
1.5	-0.062432
1.51	-0.0044007
1.52	0.017538
1.53	-0.037787
1.54	-0.089567
1.55	-0.090484
1.56	-0.067362
1.57	-0.026612
1.58	0.034926
1.59	0.074332
1.6	0.10376
1.61	0.091143
1.62	0.017608
1.63	0.036321
1.64	0.14153
1.65	0.15144
1.66	0.068526
1.67	0.00062188
1.68	-0.019768
1.69	-0.0065245
1.7	-0.044318
1.71	-0.11327
1.72	-0.082694
1.73	0.012197
1.74	0.066011
1.75	0.045369
1.76	-0.0079231
1.77	-0.024
1.78	0.00070619
1.79	0.031397
1.8	0.023144
1.81	-0.0087409
1.82	0.028405
1.83	0.08013
1.84	0.023836
1.85	-0.040916
1.86	-0.0079442
1.87	0.021545
1.88	-0.029525
1.89	-0.089091
1.9	-0.099348
1.91	-0.10954
1.92	-0.1294
1.93	-0.08632
1.94	-0.015404
1.95	0.0066016
1.96	0.026661
1.97	0.08664
1.98	0.12953
1.99	0.097443
2	0.053715
2.01	0.053579
2.02	0.046436
2.03	0.040734
2.04	0.057929
2.05	0.046343
2.06	0.0093481
2.07	-0.012291
2.08	-0.010576
2.09	0.040531
2.1	0.094867
2.11	0.053904
2.12	-0.052567
2.13	-0.10706
2.14	-0.040059
2.15	0.0722
2.16	0.11145
2.17	0.071698
2.18	0.0030686
2.19	-0.017702
2.2	0.018159
2.21	-0.0096852
2.22	-0.12555
2.23	-0.1906
2.24	-0.15098
2.25	-0.087827
2.26	-0.029446
2.27	0.021281
2.28	-0.024679
2.29	-0.11171
2.3	-0.075842
2.31	0.0039531
2.32	0.025783
2.33	0.046664
2.34	0.072884
2.35	0.0686
2.36	0.052834
2.37	0.052921
2.38	0.059707
2.39	0.068209
2.4	0.076446
2.41	0.057973
2.42	0.036345
2.43	0.064934
2.44	0.087875
2.45	0.052048
2.46	0.011791
2.47	0.014139
2.48	0.042861
2.49	0.041837
2.5	-0.028572
2.51	-0.107
2.52	-0.10259
2.53	-0.067655
2.54	-0.077057
2.55	-0.086853
2.56	-0.047074
2.57	0.0021908
2.58	0.0098371
2.59	-0.013225
2.6	-0.039931
2.61	-0.052277
2.62	-0.035241
2.63	0.0033978
2.64	0.0050179
2.65	-0.034417
2.66	-0.049492
2.67	-0.039806
2.68	-0.024506
2.69	0.0013473
2.7	0.019236
2.71	0.020744
2.72	0.021303
2.73	0.015481
2.74	-0.0075031
2.75	-0.016848
2.76	-0.00076388
2.77	-0.011375
2.78	-0.034831
2.79	-0.0070206
2.8	0.031703
2.81	0.032459
2.82	0.0023412
2.83	-0.037461
2.84	-0.011107
2.85	0.070334
2.86	0.105
2.87	0.078638
2.88	0.03826
2.89	0.021024
2.9	-0.0045361
2.91	-0.0688
2.92	-0.099138
2.93	-0.048764
2.94	-0.0010323
2.95	-0.017618
2.96	-0.043843
2.97	-0.043676
2.98	-0.03314
2.99	-0.0087495
3	0.0076944
3.01	-0.021698
3.02	-0.057039
3.03	-0.025272
3.04	0.043584
3.05	0.053344
3.06	0.015255
3.07	0.011101
3.08	0.052547
3.09	0.071385
3.1	0.024211
3.11	0.011097
3.12	0.078804
3.13	0.10296
3.14	0.038163
3.15	-0.044923
3.16	-0.074957
3.17	-0.059169
3.18	-0.05535
3.19	-0.059817
3.2	-0.053648
3.21	-0.043417
3.22	-0.031919
3.23	-0.016377
3.24	0.0066004
3.25	0.019608
3.26	0.0058946
3.27	0.0070741
3.28	0.049523
3.29	0.077562
3.3	0.06426
3.31	0.039367
3.32	0.025602
3.33	0.034653
3.34	0.027342
3.35	-0.020286
3.36	-0.037633
3.37	-0.014292
3.38	-0.010915
3.39	-0.015777
3.4	-0.011631
3.41	-0.027427
3.42	-0.062819
3.43	-0.068153
3.44	-0.031136
3.45	-0.00079306
3.46	0.013546
3.47	0.025574
3.48	0.040755
3.49	0.070334
3.5	0.10613
3.51	0.112
3.52	0.057408
3.53	-0.0057153
3.54	-0.0037932
3.55	0.023757
3.56	0.0069145
3.57	-0.016324
3.58	-0.010231
3.59	-0.0089566
3.6	-0.012852
3.61	-0.0096285
3.62	-0.0064681
3.63	-0.0096138
3.64	-0.028072
3.65	-0.054902
3.66	-0.062044
3.67	-0.043184
3.68	-0.029151
3.69	-0.023386
3.7	-0.0015655
3.71	0.032721
3.72	0.049031
3.73	0.026733
3.74	-0.0028349
3.75	0.0017504
3.76	0.017529
3.77	0.012274
3.78	0.0012923
3.79	-0.001704
3.8	-0.0079697
3.81	-0.021164
3.82	-0.038232
3.83	-0.063697
3.84	-0.048044
3.85	0.026268
3.86	0.057063
3.87	0.02589
3.88	0.0042804
3.89	-0.0050677
3.9	-0.0028602
3.91	0.0039414
3.92	-0.013929
3.93	-0.029129
3.94	-0.021266
3.95	-0.018056
3.96	-0.026904
3.97	-0.016119
3.98	0.013836
3.99	0.020666
4	0.0012513
4.01	-0.0097818
4.02	-0.0078214
4.03	-0.0017019
4.04	0.0094258
4.05	0.019576
4.06	0.031348
4.07	0.028026
4.08	0.0046721
4.09	-0.021738
4.1	-0.035519
4.11	-0.002027
4.12	0.051733
4.13	0.05058
4.14	0.0078535
4.15	0.011367
4.16	0.055798
4.17	0.063629
4.18	0.030863
4.19	-0.00057514
4.2	0.0084139
4.21	0.046619
4.22	0.045274
4.23	-0.0074511
4.24	-0.043529
4.25	-0.023219
4.26	-0.014033
4.27	-0.056328
4.28	-0.069891
4.29	-0.030593
4.3	0.0070725
4.31	0.023696
4.32	0.019107
4.33	0.018411
4.34	0.047879
4.35	0.047821
4.36	0.0048764
4.37	-0.0077263
4.38	0.0052563
4.39	0.0089906
4.4	0.009826
4.41	0.008794
4.42	-0.00072661
4.43	-0.012787
4.44	-0.0081197
4.45	0.028235
4.46	0.04884
4.47	-0.009612
4.48	-0.073007
4.49	-0.061431
4.5	-0.036407
4.51	-0.025356
4.52	-0.015673
4.53	-0.031309
4.54	-0.039975
4.55	-0.013419
4.56	0.0051777
4.57	-0.0060801
4.58	-0.029227
4.59	-0.027415
4.6	0.0027524
4.61	0.0096129
4.62	-0.0044402
4.63	0.0038732
4.64	0.0059061
4.65	-0.023745
4.66	-0.027005
4.67	0.017215
4.68	0.041409
4.69	0.011278
4.7	-0.018074
4.71	-0.0071406
4.72	0.00057618
4.73	-0.018781
4.74	-0.013998
4.75	0.013767
4.76	0.021208
4.77	0.031993
4.78	0.050102
4.79	0.036757
4.8	-0.0010468
4.81	-0.015044
4.82	0.0088758
4.83	0.0038257
4.84	-0.048664
4.85	-0.079776
4.86	-0.074201
4.87	-0.053243
4.88	-0.020267
4.89	0.0061254
4.9	0.0044966
4.91	-0.0066922
4.92	0.0032876
4.93	0.026616
4.94	0.036026
4.95	0.022286
4.96	0.00097326
4.97	-0.012742
4.98	-0.018156
4.99	-0.0093252
5	0.0055026
5.01	-0.0076336
5.02	-0.030876
5.03	-0.012936
5.04	0.012223
5.05	0.00064716
5.06	-0.0081156
5.07	0.010331
5.08	0.023439
5.09	0.014504
5.1	0.011879
5.11	0.033206
5.12	0.036773
5.13	0.010903
5.14	-0.006303
5.15	-0.0058315
5.16	0.00043448
5.17	-0.017302
5.18	-0.042133
5.19	-0.010587
5.2	0.046676
5.21	0.058252
5.22	0.033892
5.23	0.014668
5.24	0.011385
5.25	0.009255
5.26	0.011468
5.27	0.012414
5.28	-0.006573
5.29	-0.022422
5.3	-0.023864
5.31	-0.019516
5.32	0.00047198
5.33	0.022648
5.34	0.014086
5.35	-0.010603
5.36	-0.014999
5.37	0.0066667
5.38	0.039309
5.39	0.038055
5.4	-0.0041536
5.41	-0.0096067
5.42	0.028154
5.43	0.0382
5.44	0.032807
5.45	0.03767
5.46	0.029332
5.47	0.011746
5.48	-0.0082267
5.49	-0.033334
5.5	-0.050023
5.51	-0.047661
5.52	-0.024933
5.53	0.0067743
5.54	0.03748
5.55	0.033125
5.56	-0.025066
5.57	-0.037626
5.58	0.014625
5.59	0.016482
5.6	-0.010692
5.61	0.011229
5.62	0.03479
5.63	0.015088
5.64	-0.0053408
5.65	-0.0067128
5.66	-0.010196
5.67	-0.017718
5.68	-0.012905
5.69	0.011855
5.7	0.025617
5.71	0.0096412
5.72	0.0088017
5.73	0.033162
5.74	0.023232
5.75	-0.014273
5.76	-0.031044
5.77	-0.01822
5.78	0.006985
5.79	-0.0013479
5.8	-0.017111
5.81	0.0087655
5.82	0.016596
5.83	-0.012813
5.84	-0.013986
5.85	0.0072129
5.86	-0.0039768
5.87	-0.024131
5.88	-0.0068781
5.89	0.0097726
5.9	-0.010453
5.91	-0.032848
5.92	-0.03043
5.93	-0.011467
5.94	0.011851
5.95	0.016948
5.96	-0.0081516
5.97	-0.035087
5.98	-0.030758
5.99	-0.0098868
6	-0.016712
6.01	-0.031931
6.02	-0.0089824
6.03	0.015441
6.04	-0.0071637
6.05	-0.042315
6.06	-0.041668
6.07	-0.018518
6.08	-0.007144
6.09	-0.014283
6.1	-0.029917
6.11	-0.028499
6.12	0.0023843
6.13	0.022501
6.14	0.0020065
6.15	-0.0056257
6.16	0.024089
6.17	0.024058
6.18	-0.0067161
6.19	-0.018743
6.2	-0.0087193
6.21	0.011382
6.22	0.030322
6.23	0.037922
6.24	0.024748
6.25	0.0062308
6.26	-0.0051386
6.27	-0.018315
6.28	-0.021013
6.29	-0.012296
6.3	-0.0060422
6.31	0.0063871
6.32	0.02682
6.33	0.023043
6.34	0.00090722
6.35	0.012064
6.36	0.034923
6.37	0.030332
6.38	0.020169
6.39	0.01574
6.4	0.010752
6.41	0.011165
6.42	0.020294
6.43	0.031584
6.44	0.036258
6.45	0.025361
6.46	0.004194
6.47	-0.0094162
6.48	-0.0056429
6.49	0.0014167
6.5	-0.0021364
6.51	-0.0080845
6.52	-0.014354
6.53	-0.018977
6.54	-0.023403
6.55	-0.034422
6.56	-0.03264
6.57	-0.017788
6.58	-0.020384
6.59	-0.029996
6.6	-0.020882
6.61	-0.0046665
6.62	-0.0073742
6.63	-0.020753
6.64	-0.012475
6.65	0.0034825
6.66	0.0053559
6.67	0.0097492
6.68	0.016177
6.69	0.013001
6.7	0.0054743
6.71	0.0016621
6.72	0.0045908
6.73	0.0077863
6.74	0.0044972
6.75	-0.00061833
6.76	-0.00042552
6.77	0.0048722
6.78	0.010616
6.79	0.010346
6.8	0.0034601
6.81	-0.00034758
6.82	-0.0040794
6.83	-0.0008164
6.84	0.030021
6.85	0.04913
6.86	0.022639
6.87	-0.0010989
6.88	0.006009
6.89	0.014948
6.9	0.01115
6.91	0.0046693
6.92	0.0076788
6.93	0.016397
6.94	0.010495
6.95	-0.0033801
6.96	-0.0064903
6.97	-0.002581
6.98	0.0025651
6.99	0.0075729
7	0.0063692
7.01	-0.0080211
7.02	-0.023902
7.03	-0.017788
7.04	0.0054786
7.05	0.020167
7.06	0.021361
7.07	0.014686
7.08	0.013133
7.09	0.014335
7.1	-0.0013816
7.11	-0.0165
7.12	-0.012431
7.13	0.0016018
7.14	0.0080981
7.15	-0.0046484
7.16	-0.025923
7.17	-0.031125
7.18	-0.012041
7.19	-0.0039664
7.2	-0.026426
7.21	-0.03575
7.22	-0.007559
7.23	0.017604
7.24	0.012025
7.25	-0.0017716
7.26	-0.017088
7.27	-0.03291
7.28	-0.0248
7.29	-0.010017
7.3	-0.010663
7.31	-0.011709
7.32	-0.014702
7.33	-0.016137
7.34	-0.010057
7.35	-0.010793
7.36	-0.015401
7.37	-0.013489
7.38	-0.0076215
7.39	-0.0025022
7.4	0.00071814
7.41	0.0048196
7.42	0.0082894
7.43	0.0077943
7.44	0.0091712
7.45	0.013685
7.46	0.013358
7.47	0.012056
7.48	0.016855
7.49	0.023604
7.5	0.020616
7.51	0.00026468
7.52	-0.015661
7.53	-0.012912
7.54	-0.012307
7.55	-0.017889
7.56	-0.01816
7.57	-0.015611
7.58	-0.012251
7.59	-0.011033
7.6	-0.013107
7.61	-0.0060771
7.62	0.0065973
7.63	0.010491
7.64	0.011018
7.65	0.014283
7.66	0.016359
7.67	0.017649
7.68	0.019622
7.69	0.021457
7.7	0.020618
7.71	0.015427
7.72	0.011165
7.73	0.011301
7.74	0.013573
7.75	0.013664
7.76	0.0083266
7.77	0.0042876
7.78	0.0069986
7.79	0.0091205
7.8	0.008816
7.81	0.0098725
7.82	0.0080412
7.83	0.00066448
7.84	-0.011116
7.85	-0.01544
7.86	0.00020124
7.87	0.0095552
7.88	-0.0069263
7.89	-0.020769
7.9	-0.011271
7.91	0.0025373
7.92	-0.00025781
7.93	-0.0060367
7.94	-0.0045498
7.95	-0.010823
7.96	-0.014929
7.97	0.006168
7.98	0.026521
7.99	0.016021
8	-0.0012125
8.01	-0.0055243
8.02	-0.0080992
8.03	-0.0084948
8.04	-0.0054308
8.05	-0.004775
8.06	-0.0020847
8.07	-0.0034975
8.08	-0.019973
8.09	-0.016903
8.1	0.024119
8.11	0.035816
8.12	0.0048303
8.13	-0.004582
8.14	0.0065103
8.15	0.0056743
8.16	-0.0033335
8.17	-0.0088805
8.18	-0.012158
8.19	-0.014658
8.2	-0.0086845
8.21	0.00031068
8.22	0.0063227
8.23	0.005546
8.24	-0.0086169
8.25	-0.017115
8.26	-0.01117
8.27	-0.0047794
8.28	-0.00094322
8.29	0.0045764
8.3	0.012204
8.31	0.02247
8.32	0.026526
8.33	0.0039739
8.34	-0.026456
8.35	-0.014467
8.36	0.022137
8.37	0.030998
8.38	0.017685
8.39	0.0034979
8.4	-0.0039533
8.41	-0.0090265
8.42	-0.0066776
8.43	-0.0024971
8.44	-0.01795
8.45	-0.022123
8.46	-0.010393
8.47	-0.019639
8.48	-0.022772
8.49	-0.0042939
8.5	0.0051445
8.51	0.0027492
8.52	-0.0094635
8.53	-0.01188
8.54	0.013144
8.55	0.027882
8.56	0.0044702
8.57	-0.027477
8.58	-0.022601
8.59	0.0051088
8.6	0.015377
8.61	0.013723
8.62	0.010821
8.63	0.0035189
8.64	-0.0039771
8.65	-0.0081247
8.66	-0.011218
8.67	-0.015243
8.68	-0.016698
8.69	-0.01161
8.7	-0.0016554
8.71	0.00096769
8.72	-0.0069392
8.73	-0.003449
8.74	0.010682
8.75	0.011773
8.76	0.0013953
8.77	-0.0076818
8.78	-0.013225
8.79	-0.010383
8.8	0.0034707
8.81	0.012267
8.82	-0.0037476
8.83	-0.018212
8.84	0.0039723
8.85	0.027898
8.86	0.029932
8.87	0.018275
8.88	0.00064431
8.89	0.013459
8.9	0.041932
8.91	0.033346
8.92	0.008233
8.93	0.0078055
8.94	0.011613
8.95	-0.0039198
8.96	-0.01076
8.97	0.006037
8.98	0.022258
8.99	0.019134
9	0.0042278
9.01	-0.0076735
9.02	-0.017868
9.03	-0.018233
9.04	-0.0084349
9.05	-0.0065116
9.06	-0.0054553
9.07	0.0049911
9.08	0.012678
9.09	0.0035362
9.1	-0.011668
9.11	-0.0077398
9.12	0.011987
9.13	0.02218
9.14	0.0048251
9.15	-0.020427
9.16	-0.022518
9.17	-0.0080847
9.18	0.0071988
9.19	-0.0035374
9.2	-0.028773
9.21	-0.013763
9.22	0.017302
9.23	0.0093286
9.24	-0.019143
9.25	-0.027182
9.26	-0.013804
9.27	0.0039539
9.28	0.012859
9.29	0.0034134
9.3	-0.0073188
9.31	0.004289
9.32	0.017054
9.33	0.0072706
9.34	-0.0064906
9.35	-0.0090855
9.36	-0.0071415
9.37	-0.0025781
9.38	0.0077846
9.39	0.017439
9.4	0.008248
9.41	-0.0086103
9.42	-0.012616
9.43	-0.014589
9.44	-0.0090991
9.45	0.0043827
9.46	0.013961
9.47	0.0243
9.48	0.027738
9.49	0.019384
9.5	0.0056603
9.51	-0.013729
9.52	-0.023989
9.53	-0.0087396
9.54	0.0019902
9.55	-0.020376
9.56	-0.03131
9.57	-0.0037725
9.58	0.014358
9.59	0.013091
9.6	0.0065383
9.61	-0.0021555
9.62	0.0088917
9.63	0.02501
9.64	0.012983
9.65	-0.018477
9.66	-0.027121
9.67	-0.0063058
9.68	-0.001545
9.69	-0.015371
9.7	-0.0076993
9.71	0.014652
9.72	0.0083718
9.73	-0.015821
9.74	-0.011056
9.75	0.0095943
9.76	0.012346
9.77	0.0042728
9.78	-0.0056621
9.79	-0.01517
9.8	-0.023232
9.81	-0.030162
9.82	-0.012587
9.83	0.019115
9.84	0.012387
9.85	-0.0037428
9.86	0.019249
9.87	0.037899
9.88	0.026826
9.89	0.010178
9.9	0.00046982
9.91	-0.00079094
9.92	-0.0016683
9.93	-0.0046677
9.94	-0.007438
9.95	-0.0094469
9.96	-0.0096549
9.97	-0.01405
9.98	-0.024748
9.99	-0.025128
10	-0.0058302
10.01	0.011391
10.02	0.0091963
10.03	0.0012409
10.04	0.0051617
10.05	0.010698
10.06	0.0052627
10.07	-0.00052563
10.08	-0.0024653
10.09	-0.0037679
10.1	-0.0070418
10.11	-0.0089049
10.12	0.0017471
10.13	0.014066
10.14	0.017313
10.15	0.0054772
10.16	-0.01667
10.17	-0.01212
10.18	0.004813
10.19	-0.0042347
10.2	-0.0084236
10.21	0.0085683
10.22	0.012548
10.23	-0.004401
10.24	-0.015719
10.25	-0.0060482
10.26	0.0035185
10.27	0.0015162
10.28	0.0013117
10.29	-0.0026095
10.3	-0.0060992
10.31	0.0058286
10.32	0.0178
10.33	0.013811
10.34	0.0024373
10.35	-0.0016331
10.36	-0.002404
10.37	-0.0062461
10.38	-0.012515
10.39	-0.018124
10.4	-0.010916
10.41	-0.0034973
10.42	-0.0085442
10.43	-0.01369
10.44	-0.015227
10.45	-0.012274
10.46	-0.0055328
10.47	-0.00063312
10.48	0.0060733
10.49	0.014872
10.5	0.012664
10.51	6.4206e-05
10.52	-0.010059
10.53	-0.017445
10.54	-0.022209
10.55	-0.016285
10.56	0.001615
10.57	0.015537
10.58	0.0086694
10.59	-0.0035154
10.6	-0.00044515
10.61	0.0077466
10.62	0.0095278
10.63	-0.0017844
10.64	-0.01521
10.65	-0.0080517
10.66	0.012987
10.67	0.026797
10.68	0.017618
10.69	0.0026173
10.7	0.0026713
10.71	-0.00073805
10.72	-0.0066829
10.73	-0.00089169
10.74	-0.0012219
10.75	-0.020613
10.76	-0.026999
10.77	-0.0021004
10.78	0.006013
10.79	-0.012945
10.8	-0.012194
10.81	0.0052123
10.82	0.0032905
10.83	-0.019159
10.84	-0.018834
10.85	0.0087551
10.86	0.015651
10.87	0.0027156
10.88	-0.0069469
10.89	-0.009437
10.9	-0.0071812
10.91	-0.0046769
10.92	-0.00036893
10.93	0.0058523
10.94	0.0092967
10.95	0.0061353
10.96	0.0048657
10.97	0.006712
10.98	-0.00085462
10.99	-0.0033486
11	0.014096
11.01	0.026247
11.02	0.017051
11.03	0.0020839
11.04	-0.0014451
11.05	0.0063619
11.06	0.014787
11.07	0.024177
11.08	0.028848
11.09	0.015418
11.1	0.00090522
11.11	0.0033939
11.12	0.0066674
11.13	0.0034967
11.14	0.0041297
11.15	0.0066709
11.16	0.0076077
11.17	0.009076
11.18	0.005202
11.19	-0.0078645
11.2	-0.018647
11.21	-0.011459
11.22	0.0065748
11.23	0.010717
11.24	0.0055548
11.25	0.0065233
11.26	0.0082282
11.27	0.0071522
11.28	0.0063414
11.29	0.0054336
11.3	0.004944
11.31	0.006537
11.32	0.006351
11.33	0.0036068
11.34	0.0028969
11.35	0.0031149
11.36	0.0021555
11.37	0.0017011
11.38	0.0025037
11.39	0.0044522
11.4	0.0048778
11.41	-0.0051574
11.42	-0.020222
11.43	-0.016253
11.44	-0.0036391
11.45	-0.0082292
11.46	-0.01369
11.47	-0.0083636
11.48	-0.0068283
11.49	-0.0099078
11.5	-0.010681
11.51	-0.010274
11.52	-0.0095045
11.53	-0.0078874
11.54	-0.006386
11.55	-0.0041983
11.56	-0.002967
11.57	-0.0030177
11.58	0.00039988
11.59	0.0049718
11.6	0.0049899
11.61	0.002172
11.62	0.00074512
11.63	0.00031794
11.64	5.2983e-06
11.65	0.0015978
11.66	0.0032394
11.67	0.0031381
11.68	0.0035754
11.69	0.0048736
11.7	0.006112
11.71	0.0073602
11.72	0.0090579
11.73	0.0096287
11.74	0.0064924
11.75	0.0046284
11.76	0.0071204
11.77	0.0066034
11.78	0.0024781
11.79	-0.00010725
11.8	-0.0027064
11.81	-0.0056231
11.82	-0.0055441
11.83	-0.0022004
11.84	0.00082773
11.85	0.0018999
11.86	-0.00017961
11.87	-0.0050262
11.88	-0.0062408
11.89	-0.0042927
11.9	-0.0035812
11.91	-0.0045722
11.92	-0.0079277
11.93	-0.011046
11.94	-0.011797
11.95	-0.01239
11.96	-0.01425
11.97	-0.013177
11.98	-0.0041358
11.99	0.0093627
12	0.020517
12.01	0.023397
12.02	0.021977
12.03	0.022141
12.04	0.014398
12.05	-0.001669
12.06	-0.0059713
12.07	0.0052818
12.08	0.010298
12.09	0.0074437
12.1	0.0070966
12.11	0.0062257
12.12	0.0097418
12.13	0.019198
12.14	0.021576
12.15	0.014266
12.16	0.0073499
12.17	0.0034529
12.18	-9.1132e-05
12.19	-0.0030214
12.2	-0.006862
12.21	-0.0099889
12.22	-0.0084324
12.23	-0.0098392
12.24	-0.016161
12.25	-0.014244
12.26	-0.0068764
12.27	-0.0071125
12.28	-0.01143
12.29	-0.0095323
12.3	-0.0032061
12.31	-0.00030089
12.32	0.00081376
12.33	0.0034903
12.34	0.0058674
12.35	0.0079541
12.36	0.0087647
12.37	0.0064869
12.38	0.0043211
12.39	0.0041331
12.4	0.0035462
12.41	0.0019093
12.42	4.9301e-05
12.43	-0.0012527
12.44	-0.0018042
12.45	-0.0020099
12.46	-0.00089729
12.47	0.0012746
12.48	0.0036134
12.49	0.0064215
12.5	0.0089293
12.51	0.011888
12.52	0.011587
12.53	0.0030274
12.54	-0.012671
12.55	-0.020709
12.56	-0.0068005
12.57	0.0051722
12.58	0.00077345
12.59	-0.0037345
12.6	-0.0059886
12.61	-0.010449
12.62	-0.015669
12.63	-0.014968
12.64	-0.015252
12.65	-0.024681
12.66	-0.033014
12.67	-0.036312
12.68	-0.029793
12.69	-0.013881
12.7	-0.0027887
12.71	0.0043381
12.72	0.018056
12.73	0.031607
12.74	0.027414
12.75	0.013415
12.76	0.0039976
12.77	-0.001965
12.78	0.004205
12.79	0.018458
12.8	0.025617
12.81	0.023919
12.82	0.0157
12.83	0.0091198
12.84	0.0045439
12.85	-0.0030621
12.86	-0.011673
12.87	-0.016328
12.88	-0.0094169
12.89	0.0024358
12.9	0.0092259
12.91	0.018571
12.92	0.023004
12.93	0.0090066
12.94	-0.0055881
12.95	-0.008905
12.96	-0.0055924
12.97	0.0036753
12.98	0.013983
12.99	0.015152
13	-0.00077341
13.01	-0.015671
13.02	-0.0053676
13.03	0.017152
13.04	0.021582
13.05	0.0052325
13.06	-0.0093051
13.07	-0.0089441
13.08	-0.0020602
13.09	-0.0022016
13.1	-0.0041901
13.11	-0.0019888
13.12	-0.00085808
13.13	-0.00011456
13.14	0.0018607
13.15	0.0039532
13.16	0.0069305
13.17	0.009252
13.18	0.0060452
13.19	-0.0018037
13.2	-0.012813
13.21	-0.016811
13.22	-0.0014496
13.23	0.011279
13.24	0.0064177
13.25	0.0045104
13.26	0.011433
13.27	0.0091349
13.28	-0.0032762
13.29	-0.010398
13.3	-0.010019
13.31	-0.0038741
13.32	-0.0014115
13.33	-0.014754
13.34	-0.02865
13.35	-0.021336
13.36	-0.005786
13.37	-1.2667e-05
13.38	0.004212
13.39	0.0068809
13.4	0.0083861
13.41	0.015923
13.42	0.018148
13.43	0.010603
13.44	0.0057744
13.45	0.0045232
13.46	-0.00073276
13.47	-0.0075891
13.48	-0.011366
13.49	-0.01248
13.5	-0.011895
13.51	-0.010389
13.52	-0.0080966
13.53	-0.0047146
13.54	-0.0026867
13.55	-0.0015272
13.56	0.00041951
13.57	-0.0028033
13.58	-0.0086146
13.59	-0.0064998
13.6	-0.0035841
13.61	-0.0063863
13.62	-0.0057586
13.63	-0.0011538
13.64	0.00098412
13.65	0.0017275
13.66	0.0035636
13.67	0.0051337
13.68	0.0057452
13.69	0.0057447
13.7	0.0041151
13.71	0.0021327
13.72	0.0020756
13.73	0.0024518
13.74	0.0014272
13.75	0.00030939
13.76	0.0021285
13.77	0.0059425
13.78	0.0041603
13.79	-0.0044354
13.8	-0.0092612
13.81	-0.004341
13.82	0.0044814
13.83	0.0090066
13.84	0.0017901
13.85	-0.0090164
13.86	-0.0076585
13.87	-0.00055338
13.88	0.00048108
13.89	-0.0079231
13.9	-0.012694
13.91	-0.0068635
13.92	-0.0060687
13.93	-0.0080827
13.94	-0.0058021
13.95	-0.0044052
13.96	-0.0036934
13.97	-0.002055
13.98	-0.0026487
13.99	-0.0066857
14	-0.0055531
14.01	0.0017847
14.02	0.0064265
14.03	0.0084824
14.04	0.0065564
14.05	0.0011027
14.06	-0.0018088
14.07	-0.004604
14.08	-0.0095669
14.09	-0.014878
14.1	-0.020819
14.11	-0.024739
14.12	-0.019879
14.13	-0.0046752
14.14	0.011393
14.15	0.0060573
14.16	-0.013917
14.17	-0.0096229
14.18	0.0074774
14.19	0.0058766
14.2	-0.0023105
14.21	-0.0032759
14.22	0.00292
14.23	0.01171
14.24	0.012598
14.25	0.006826
14.26	0.0055249
14.27	0.0096332
14.28	0.0099531
14.29	0.0040048
14.3	0.0017515
14.31	0.0060615
14.32	0.0077153
14.33	0.0071362
14.34	0.008453
14.35	0.0070303
14.36	0.0023311
14.37	-0.0052548
14.38	-0.011737
14.39	-0.0063068
14.4	0.001811
14.41	-0.00027889
14.42	-0.0043388
14.43	-0.0047405
14.44	-0.0032912
14.45	-0.0011677
14.46	-0.00017371
14.47	0.00032801
14.48	0.0012823
14.49	0.002121
14.5	0.0028138
14.51	0.0027986
14.52	0.00034626
14.53	-0.0029779
14.54	-0.0047738
14.55	-0.006713
14.56	-0.0081497
14.57	-0.0066503
14.58	-0.0044283
14.59	-0.0035451
14.6	-0.002567
14.61	-0.0020601
14.62	-0.003002
14.63	-0.0021005
14.64	0.00087664
14.65	0.0025921
14.66	0.0034986
14.67	0.0028832
14.68	-0.0001394
14.69	-0.0011703
14.7	0.00054261
14.71	0.0011477
14.72	0.0013144
14.73	0.0028761
14.74	0.003341
14.75	0.001049
14.76	-0.0010074
14.77	-0.0015678
14.78	-0.0024517
14.79	-0.0030401
14.8	-0.0035629
14.81	-0.0050588
14.82	-0.004803
14.83	-0.0026714
14.84	-0.0016384
14.85	-0.00081287
14.86	0.00049894
14.87	0.00023415
14.88	-0.00087964
14.89	0.00024196
14.9	0.0029154
14.91	0.0059536
14.92	0.0099203
14.93	0.010788
14.94	0.0080295
14.95	0.0078856
14.96	0.010339
14.97	0.010204
14.98	0.0055646
14.99	0.0012325
15	0.00096156
15.01	0.00028367
15.02	-0.0021741
15.03	-0.0025498
15.04	-0.00013763
15.05	0.0012982
15.06	-0.00077059
15.07	-0.0032036
15.08	-0.0044264
15.09	-0.0050528
15.1	-0.0043132
15.11	-0.0067278
15.12	-0.010637
15.13	-0.006626
15.14	-0.00080787
15.15	0.00060242
15.16	0.0026447
15.17	0.0041531
15.18	0.0025282
15.19	-0.00087695
15.2	-0.0043696
15.21	-0.0052229
15.22	-0.00498
15.23	-0.0073569
15.24	-0.0052663
15.25	0.0021845
15.26	0.0043663
15.27	0.003515
15.28	0.0020013
15.29	-0.0017127
15.3	-0.0030248
15.31	-0.0039621
15.32	-0.007312
15.33	-0.010163
15.34	-0.011769
15.35	-0.013269
15.36	-0.011882
15.37	-0.0061207
15.38	-0.0023379
15.39	-0.0010936
15.4	0.0015585
15.41	0.0039548
15.42	0.0066079
15.43	0.0086315
15.44	0.0078102
15.45	0.009675
15.46	0.014202
15.47	0.015747
15.48	0.016162
15.49	0.015764
15.5	0.012919
15.51	0.0075973
15.52	0.001884
15.53	-0.00060721
15.54	-0.0036325
15.55	-0.0067742
15.56	-0.0050032
15.57	-0.0027995
15.58	-0.0024367
15.59	-0.00088916
15.6	0.0012984
15.61	0.0033756
15.62	0.0056107
15.63	0.00837
15.64	0.010706
15.65	0.0089246
15.66	0.0048812
15.67	0.003544
15.68	0.0025833
15.69	0.0012603
15.7	0.0023621
15.71	0.0039405
15.72	0.0022708
15.73	-0.0022698
15.74	-0.0035772
15.75	-0.0012079
15.76	-0.00045633
15.77	-0.00022822
15.78	0.00069619
15.79	0.00085598
15.8	0.00093786
15.81	0.00080083
15.82	-9.519e-06
15.83	-0.00052755
15.84	-0.00057147
15.85	-7.1165e-05
15.86	-0.002132
15.87	-0.011094
15.88	-0.021567
15.89	-0.027147
15.9	-0.02487
15.91	-0.016039
15.92	-0.012007
15.93	-0.01226
15.94	-0.0084585
15.95	-0.0046126
15.96	-0.0027878
15.97	-0.0013808
15.98	-0.0025158
15.99	-0.0045662
16	-0.0050184
16.01	-0.0054913
16.02	-0.0062136
16.03	-0.0057434
16.04	-0.0048191
16.05	-0.0042012
16.06	-0.0028297
16.07	-0.0010393
16.08	0.0022845
16.09	0.007623
16.1	0.0095035
16.11	0.0071782
16.12	0.0051761
16.13	0.0059328
16.14	0.0092895
16.15	0.012053
16.16	0.014646
16.17	0.017375
16.18	0.015184
16.19	0.010185
16.2	0.0075093
16.21	0.0039046
16.22	-0.001366
16.23	-0.0052439
16.24	-0.0078232
16.25	-0.0093939
16.26	-0.0078191
16.27	-0.0029236
16.28	0.00092101
16.29	0.0037736
16.3	0.0084843
16.31	0.010279
16.32	0.0046723
16.33	-0.0010765
16.34	-0.0024763
16.35	-0.0044776
16.36	-0.0047308
16.37	-0.00070884
16.38	0.0020262
16.39	0.0033923
16.4	0.0061569
16.41	0.0084476
16.42	0.0093371
16.43	0.01042
16.44	0.012086
16.45	0.012464
16.46	0.011062
16.47	0.009912
16.48	0.0087911
16.49	0.0066127
16.5	0.0050146
16.51	0.0051541
16.52	0.005731
16.53	0.0057578
16.54	0.0061462
16.55	0.0070376
16.56	0.0078426
16.57	0.0082576
16.58	0.0070087
16.59	0.0047919
16.6	0.0032338
16.61	0.00097385
16.62	-0.0021558
16.63	-0.0041046
16.64	-0.0041623
16.65	-0.0028743
16.66	-0.001966
16.67	-0.003001
16.68	-0.0034301
16.69	-0.00063169
16.7	0.0024567
16.71	0.003497
16.72	0.002128
16.73	-0.0014226
16.74	-0.0033054
16.75	-0.0027063
16.76	-0.0024505
16.77	-0.0025013
16.78	-0.00226
16.79	-0.0019969
16.8	-0.0018394
16.81	-0.0024392
16.82	-0.0032487
16.83	-0.002456
16.84	-0.0010145
16.85	-0.00057804
16.86	-0.001768
16.87	-0.0046108
16.88	-0.0064634
16.89	-0.0075015
16.9	-0.0087986
16.91	-0.006362
16.92	-0.00057469
16.93	0.0042917
16.94	0.0065635
16.95	0.0057021
16.96	0.00344
16.97	0.0011758
16.98	5.0947e-05
16.99	-0.00032095
17	-0.0025407
17.01	-0.0044263
17.02	-0.0031881
17.03	-0.0014654
17.04	-0.00040696
17.05	0.0013979
17.06	0.0036101
17.07	0.0052289
17.08	0.0036804
17.09	-0.0011253
17.1	-0.004471
17.11	-0.0032747
17.12	1.4739e-05
17.13	3.4626e-05
17.14	-0.0018355
17.15	-0.00142
17.16	-0.00035344
17.17	7.5497e-05
17.18	-0.00052597
17.19	-0.0012818
17.2	0.00025809
17.21	0.002264
17.22	0.0029311
17.23	0.0037018
17.24	0.0047119
17.25	0.0036227
17.26	0.00022618
17.27	-0.0018855
17.28	-0.0024474
17.29	-0.0028105
17.3	-0.0020525
17.31	-0.0012002
17.32	-0.00057118
17.33	0.0010464
17.34	0.002893
17.35	0.003886
17.36	0.0041626
17.37	0.0046622
17.38	0.0044235
17.39	0.001908
17.4	-0.0010051
17.41	-0.0037398
17.42	-0.0054753
17.43	-0.0040237
17.44	-0.0025231
17.45	-0.00168
17.46	0.00073621
17.47	0.0015415
17.48	-3.1459e-05
17.49	-0.0006429
17.5	-0.00082634
17.51	-0.0018355
17.52	-0.0027126
17.53	-0.0034236
17.54	-0.0043048
17.55	-0.0051935
17.56	-0.0059967
17.57	-0.0058414
17.58	-0.0045942
17.59	-0.0036652
17.6	-0.0034831
17.61	-0.0048388
17.62	-0.0068524
17.63	-0.0058798
17.64	-0.0032641
17.65	-0.0020647
17.66	-0.00022748
17.67	0.0030435
17.68	0.0037341
17.69	0.0015003
17.7	0.00069643
17.71	0.00042666
17.72	-0.0012962
17.73	-0.0018483
17.74	-0.0010349
17.75	-0.00092769
17.76	-0.00090536
17.77	-0.00019078
17.78	0.0004659
17.79	0.00095803
17.8	0.0016692
17.81	0.0025129
17.82	0.0032444
17.83	0.0044151
17.84	0.0045405
17.85	-0.00096637
17.86	-0.007105
17.87	-0.0071644
17.88	-0.0079298
17.89	-0.010882
17.9	-0.010357
17.91	-0.0081162
17.92	-0.0070604
17.93	-0.0058024
17.94	-0.003709
17.95	-0.001456
17.96	0.0010046
17.97	0.0023132
17.98	0.0012345
17.99	-0.00044916
18	-0.0019878
18.01	-0.0044545
18.02	-0.0051195
18.03	-0.003248
18.04	-0.0024391
18.05	-0.0021637
18.06	-0.00062261
18.07	0.0015069
18.08	0.0037928
18.09	0.0054968
18.1	0.0048307
18.11	0.0029034
18.12	0.0022223
18.13	0.0014848
18.14	0.00055747
18.15	0.0010575
18.16	0.0016754
18.17	0.0017084
18.18	0.0020565
18.19	0.0025624
18.2	0.0030443
18.21	0.0037473
18.22	0.0038734
18.23	0.0027146
18.24	0.0013533
18.25	0.00020145
18.26	-0.00083534
18.27	-0.0011185
18.28	-0.0014559
18.29	-0.0015985
18.3	-0.0002974
18.31	0.0011107
18.32	0.001679
18.33	0.0022463
18.34	0.0030256
18.35	0.0038225
18.36	0.004203
18.37	0.0031161
18.38	0.0016951
18.39	0.0023052
18.4	0.0035509
18.41	0.0035602
18.42	0.0035939
18.43	0.004199
18.44	0.0046981
18.45	0.0052835
18.46	0.0057349
18.47	0.0046932
18.48	0.0027002
18.49	0.0008241
18.5	-0.0019142
18.51	-0.004504
18.52	-0.0042554
18.53	-0.0011594
18.54	0.0016827
18.55	0.0021662
18.56	0.00086225
18.57	-0.00072724
18.58	-0.0012594
18.59	-0.0015031
18.6	-0.0018993
18.61	-0.0013223
18.62	-0.0011001
18.63	-0.0024203
18.64	-0.0022831
18.65	0.00020675
18.66	0.0017789
18.67	0.0021191
18.68	0.0029019
18.69	0.0042317
18.7	0.0058478
18.71	0.0081206
18.72	0.0090188
18.73	0.0075803
18.74	0.0090209
18.75	0.011742
18.76	0.010256
18.77	0.0081713
18.78	0.0069393
18.79	0.0040509
18.8	0.00078411
18.81	-0.0033343
18.82	-0.0073376
18.83	-0.0077856
18.84	-0.0071515
18.85	-0.0070816
18.86	-0.0062874
18.87	-0.0053611
18.88	-0.0046256
18.89	-0.0041493
18.9	-0.0036216
18.91	-0.0026327
18.92	-0.0013697
18.93	-0.0012607
18.94	-0.0050237
18.95	-0.010429
18.96	-0.013255
18.97	-0.013164
18.98	-0.011065
18.99	-0.0093958
19	-0.0085519
19.01	-0.0054002
19.02	0.00021545
19.03	0.0036322
19.04	0.0044108
19.05	0.0056165
19.06	0.00641
19.07	0.0063381
19.08	0.0057866
19.09	0.0050384
19.1	0.0045028
19.11	0.0035529
19.12	0.0023006
19.13	0.0022498
19.14	0.0037439
19.15	0.0046549
19.16	0.0039629
19.17	0.0032119
19.18	0.002118
19.19	-0.00081655
19.2	-0.0038925
19.21	-0.0061291
19.22	-0.0083747
19.23	-0.0099275
19.24	-0.01012
19.25	-0.0091308
19.26	-0.007215
19.27	-0.0041201
19.28	0.00015508
19.29	0.0029219
19.3	0.0021496
19.31	0.00037652
19.32	-0.00058932
19.33	-0.0012141
19.34	0.00061274
19.35	0.0041529
19.36	0.0053917
19.37	0.0069101
19.38	0.008873
19.39	0.0069732
19.4	0.0046468
19.41	0.0040808
19.42	0.0023005
19.43	-0.00029547
19.44	-0.003359
19.45	-0.006098
19.46	-0.0052086
19.47	-0.0028311
19.48	-0.0017057
19.49	0.00018465
19.5	0.0022664
19.51	0.0033662
19.52	0.0041044
19.53	0.0046702
19.54	0.0046895
19.55	0.0033084
19.56	0.0014861
19.57	0.00012251
19.58	-0.0015457
19.59	-0.0024094
19.6	-0.0017345
19.61	-0.0013428
19.62	-0.0010572
19.63	0.00011149
19.64	0.0013978
19.65	0.0026921
19.66	0.0029875
19.67	0.0017928
19.68	0.0020211
19.69	0.0039657
19.7	0.0051377
19.71	0.0046074
19.72	0.0028226
19.73	0.0014726
19.74	0.00020036
19.75	-0.0010173
19.76	0.0013545
19.77	0.0040923
19.78	0.0022627
19.79	0.0009682
19.8	0.00096825
19.81	-0.0011755
19.82	-0.00155
19.83	0.00041804
19.84	0.00084401
19.85	0.00083865
19.86	0.001088
19.87	-0.0004311
19.88	-0.0012094
19.89	0.00076291
19.9	0.0021379
19.91	0.0026014
19.92	0.0030205
19.93	0.0012704
19.94	0.00055081
19.95	0.0037417
19.96	0.0062478
19.97	0.006463
19.98	0.0056134
19.99	0.002258
20	-0.0016181
20.01	-0.0027406
20.02	-0.0033137
20.03	-0.0044731
20.04	-0.0039319
20.05	-0.002622
20.06	-0.00067048
20.07	0.0040195
20.08	0.0062391
20.09	0.0034394
20.1	0.0022636
20.11	0.002939
20.12	0.0020209
20.13	0.00096541
20.14	0.00053876
20.15	0.00015556
20.16	8.101e-05
20.17	3.2638e-05
20.18	-0.00018133
20.19	-0.00021969
20.2	-0.00013681
20.21	-0.00014481
20.22	-0.00016518
20.23	0.0001929
20.24	0.0010117
20.25	0.0014793
20.26	0.0009991
20.27	0.00026376
20.28	-0.00032287
20.29	-0.00075821
20.3	-0.00011591
20.31	0.0010881
20.32	0.0016091
20.33	0.0019581
20.34	0.0020839
20.35	0.0017445
20.36	0.0017319
20.37	0.0014323
20.38	-0.0002987
20.39	-0.0024134
20.4	-0.0043145
20.41	-0.0069457
20.42	-0.0091157
20.43	-0.0095679
20.44	-0.0091472
20.45	-0.0071627
20.46	-0.0042908
20.47	-0.0033637
20.48	-0.0029155
20.49	-0.0014742
20.5	-0.0013755
20.51	-0.0025632
20.52	-0.0030912
20.53	-0.0027842
20.54	-0.002068
20.55	-0.0014763
20.56	-0.0010207
20.57	-0.00038
20.58	0.00028964
20.59	0.0012306
20.6	0.0026828
20.61	0.00365
20.62	0.0025382
20.63	0.00035984
20.64	-0.00065427
20.65	-0.0012449
20.66	-0.0023915
20.67	-0.0034419
20.68	-0.0042365
20.69	-0.0050824
20.7	-0.006104
20.71	-0.0064761
20.72	-0.0053783
20.73	-0.0040263
20.74	-0.0033137
20.75	-0.0027702
20.76	-0.0025126
20.77	-0.0032725
20.78	-0.0040047
20.79	-0.0030688
20.8	-0.0020967
20.81	-0.0017608
20.82	-0.0008211
20.83	-4.2437e-05
20.84	0.00021363
20.85	0.00054454
20.86	-0.00013299
20.87	-0.0020116
20.88	-0.0023635
20.89	-0.00095472
20.9	-0.00040382
20.91	-0.0004735
20.92	5.4831e-05
20.93	0.0006981
20.94	0.0014571
20.95	0.0024733
20.96	0.0033831
20.97	0.0038374
20.98	0.003928
20.99	0.0033823
21	0.00067919
21.01	-0.002461
21.02	-0.0027314
21.03	-0.0016807
21.04	-0.00081099
21.05	0.00081964
21.06	0.00238
21.07	0.0034306
21.08	0.0040327
21.09	0.0032828
21.1	0.002051
21.11	0.001935
21.12	0.0027914
21.13	0.0033679
21.14	0.0027483
21.15	0.0015293
21.16	0.00095362
21.17	0.00065854
21.18	-0.001077
21.19	-0.0036795
21.2	-0.0053007
21.21	-0.0064155
21.22	-0.0053029
21.23	-0.001479
21.24	0.00034895
21.25	0.00063983
21.26	0.00255
21.27	0.0038457
21.28	0.0027433
21.29	0.0014277
21.3	0.00098205
21.31	0.00020282
21.32	-0.00088407
21.33	-0.001694
21.34	-0.0025027
21.35	-0.0034477
21.36	-0.0044245
21.37	-0.0052854
21.38	-0.0059321
21.39	-0.0065868
21.4	-0.0081583
21.41	-0.0092987
21.42	-0.0080887
21.43	-0.0070208
21.44	-0.0069646
21.45	-0.005785
21.46	-0.0036351
21.47	-0.00090412
21.48	0.0034008
21.49	0.0079192
21.5	0.0093252
21.51	0.0076817
21.52	0.0059375
21.53	0.0048354
21.54	0.0031537
21.55	0.00084814
21.56	-0.0016333
21.57	-0.0034124
21.58	-0.0041676
21.59	-0.0057226
21.6	-0.0063382
21.61	-0.0011535
21.62	0.0043271
21.63	0.0027508
21.64	5.5996e-05
21.65	0.00020124
21.66	-0.00021891
21.67	-0.001472
21.68	-0.0023152
21.69	-0.0031528
21.7	-0.0039445
21.71	-0.002784
21.72	-0.00043354
21.73	0.0002239
21.74	0.00055398
21.75	0.001862
21.76	0.0024714
21.77	0.0018038
21.78	0.0008658
21.79	0.00033545
21.8	-0.00030036
21.81	-0.0011643
21.82	-0.0018996
21.83	-0.0025972
21.84	-0.0033378
21.85	-0.0041284
21.86	-0.0050027
21.87	-0.006052
21.88	-0.0065281
21.89	-0.0049622
21.9	-0.0025583
21.91	-0.0012405
21.92	6.2193e-05
21.93	0.0019443
21.94	0.0036568
21.95	0.0054273
21.96	0.0065305
21.97	0.0057644
21.98	0.0047016
21.99	0.0043843
22	0.0037158
22.01	0.0027881
22.02	0.0016869
22.03	2.3232e-05
22.04	-0.001386
22.05	-0.0021104
22.06	-0.0028643
22.07	-0.0040072
22.08	-0.004342
22.09	-0.002616
22.1	-0.00039033
22.11	0.0010866
22.12	0.0028119
22.13	0.0041819
22.14	0.0046914
22.15	0.0055043
22.16	0.0064532
22.17	0.0070414
22.18	0.0076982
22.19	0.0086806
22.2	0.0079129
22.21	0.0040533
22.22	0.0013397
22.23	0.0011193
22.24	-0.00028903
22.25	-0.0019107
22.26	-0.0011149
22.27	0.00030425
22.28	0.00067987
22.29	0.00099283
22.3	0.0016074
22.31	0.0021769
22.32	0.0025611
22.33	0.0022675
22.34	0.0016312
22.35	0.0018606
22.36	0.0027015
22.37	0.0031834
22.38	0.0036608
22.39	0.0041044
22.4	0.0038912
22.41	0.0036356
22.42	0.0039347
22.43	0.0042732
22.44	0.0039885
22.45	0.0033317
22.46	0.0029325
22.47	0.0024326
22.48	0.0015357
22.49	0.00066535
22.5	2.4585e-05
22.51	-0.00014765
22.52	-9.8998e-05
22.53	0.00024929
22.54	0.0017945
22.55	0.0033337
22.56	0.0030667
22.57	0.0021622
22.58	0.0017552
22.59	0.00038895
22.6	-0.00049841
22.61	0.0015038
22.62	0.003356
22.63	0.0034536
22.64	0.0035741
22.65	0.0032897
22.66	0.0024077
22.67	0.0019405
22.68	0.0016824
22.69	0.0018234
22.7	0.0024248
22.71	0.001564
22.72	-0.00020607
22.73	-5.3711e-05
22.74	0.0011267
22.75	0.00079682
22.76	-0.00064113
22.77	-0.0015347
22.78	-0.0014541
22.79	-0.0009354
22.8	-0.00060557
22.81	-0.00013492
22.82	0.000703
22.83	0.00060755
22.84	-0.00071659
22.85	-0.0016912
22.86	-0.0020755
22.87	-0.0025598
22.88	-0.0025328
22.89	-0.0017799
22.9	-0.001285
22.91	-0.0014757
22.92	-0.0019344
22.93	-0.0022638
22.94	-0.0025442
22.95	-0.0022756
22.96	-0.0013029
22.97	-0.00085022
22.98	-0.00094658
22.99	-0.0013288
23	-0.0021646
23.01	-0.0033308
23.02	-0.0053678
23.03	-0.0074872
23.04	-0.0087157
23.05	-0.0096394
23.06	-0.0093469
23.07	-0.0077857
23.08	-0.0062533
23.09	-0.0038349
23.1	-0.0014675
23.11	-0.00051066
23.12	0.00085672
23.13	0.0030915
23.14	0.0038999
23.15	0.0026087
23.16	0.0016472
23.17	0.0014391
23.18	0.00078322
23.19	0.00011272
23.2	-0.00041946
23.21	-0.0011511
23.22	-0.0017452
23.23	-0.0016285
23.24	-0.0011812
23.25	-0.0010365
23.26	-0.00092669
23.27	-0.00077784
23.28	-0.00070178
23.29	-0.00056027
23.3	-0.00043067
23.31	-0.00035062
23.32	-0.00024809
23.33	-0.00015363
23.34	0.00022545
23.35	-0.00045256
23.36	-0.0025942
23.37	-0.0025258
23.38	-0.0010605
23.39	-0.0012042
23.4	-0.0010689
23.41	-0.00018512
23.42	-0.00022765
23.43	-0.001105
23.44	-0.001796
23.45	-0.0021653
23.46	-0.002518
23.47	-0.0028599
23.48	-0.0031824
23.49	-0.0032938
23.5	-0.0032972
23.51	-0.0033668
23.52	-0.0030241
23.53	-0.0022675
23.54	-0.0016758
23.55	-0.0012252
23.56	-0.00078064
23.57	-0.00036317
23.58	9.7779e-05
23.59	0.00068088
23.6	0.0014245
23.61	0.0017134
23.62	0.0012297
23.63	0.0008246
23.64	0.00084457
23.65	0.00099483
23.66	0.0011555
23.67	0.0010985
23.68	0.00074525
23.69	0.00045071
23.7	0.00021011
23.71	-0.00064355
23.72	-0.0016748
23.73	-0.0018599
23.74	-0.0018994
23.75	-0.0024349
23.76	-0.0027337
23.77	-0.0011577
23.78	0.0014676
23.79	0.0022476
23.8	0.00293
23.81	0.0037065
23.82	0.002037
23.83	0.00040224
23.84	-0.00016948
23.85	-0.001429
23.86	-0.0028812
23.87	-0.0042248
23.88	-0.0053153
23.89	-0.0050808
23.9	-0.0042637
23.91	-0.0040306
23.92	-0.0037292
23.93	-0.0034072
23.94	-0.0034158
23.95	-0.0032944
23.96	-0.0031328
23.97	-0.0030613
23.98	-0.0029104
23.99	-0.0027678
24	-0.0025942
24.01	-0.0022718
24.02	-0.0019735
24.03	-0.0016965
24.04	-0.0012148
24.05	-0.00063831
24.06	-0.00013014
24.07	0.00034984
24.08	0.0006835
24.09	0.00088923
24.1	0.0012046
24.11	0.0018015
24.12	0.002599
24.13	0.0032546
24.14	0.0043086
24.15	0.0057716
24.16	0.0059329
24.17	0.0052995
24.18	0.0054281
24.19	0.0053757
24.2	0.0047964
24.21	0.0044446
24.22	0.004099
24.23	0.0038144
24.24	0.0039524
24.25	0.0041353
24.26	0.0041469
24.27	0.0037616
24.28	0.0028449
24.29	0.0020497
24.3	0.00137
24.31	0.00039179
24.32	-0.00043773
24.33	-0.00033587
24.34	0.00034058
24.35	0.00065886
24.36	0.00097739
24.37	0.0014433
24.38	0.0014886
24.39	0.0014061
24.4	0.0015088
24.41	0.0015652
24.42	0.0013313
24.43	0.00076878
24.44	0.0002352
24.45	-0.00012679
24.46	-0.00040677
24.47	-0.00061602
24.48	-0.00084978
24.49	-0.0010576
24.5	-0.0013353
24.51	-0.0018779
24.52	-0.0024532
24.53	-0.0029524
24.54	-0.0036715
24.55	-0.0032519
24.56	-0.0010279
24.57	-7.8743e-05
24.58	-0.00055021
24.59	3.2933e-05
24.6	0.00073414
24.61	0.00084587
24.62	0.0011679
24.63	0.0015225
24.64	0.0016564
24.65	0.0018223
24.66	0.0019415
24.67	0.001625
24.68	0.0011217
24.69	0.00081334
24.7	0.0004563
24.71	-8.0028e-05
24.72	0.00041747
24.73	0.0018467
24.74	0.0020779
24.75	0.0019972
24.76	0.0024583
24.77	0.0020983
24.78	0.0015109
24.79	0.0012951
24.8	0.00098694
24.81	0.00084556
24.82	0.00088386
24.83	0.00082087
24.84	0.00080089
24.85	0.00085661
24.86	0.00078861
24.87	0.00054384
24.88	0.00030539
24.89	9.8007e-05
24.9	-8.9273e-05
24.91	3.4523e-05
24.92	0.00035909
24.93	0.00049984
24.94	0.00069755
24.95	0.0015801
24.96	0.0023839
24.97	0.0016059
24.98	0.00039267
24.99	0.00022251
25	0.00017077
25.01	-0.0002847
25.02	-0.00064007
25.03	-0.00056932
25.04	-0.00015041
25.05	0.00025657
25.06	0.00095201
25.07	0.0011782
25.08	-0.0001035
25.09	-0.00083476
25.1	-3.6712e-05
25.11	0.00045785
25.12	0.00043892
25.13	0.00075304
25.14	0.0011812
25.15	0.0010702
25.16	0.00041115
25.17	-0.0001081
25.18	-0.00047497
25.19	-0.0010501
25.2	-0.0016445
25.21	-0.0022293
25.22	-0.002765
25.23	-0.0024859
25.24	-0.0014643
25.25	-0.00077345
25.26	-0.00019165
25.27	0.00079296
25.28	0.0018244
25.29	0.002862
25.3	0.0031838
25.31	0.0020189
25.32	0.00077255
25.33	0.00021726
25.34	-0.00039137
25.35	-0.0011043
25.36	-0.00174
25.37	-0.0021728
25.38	-0.0024325
25.39	-0.0028113
25.4	-0.0030597
25.41	-0.0028552
25.42	-0.0025977
25.43	-0.0025858
25.44	-0.0027029
25.45	-0.0028396
25.46	-0.0029599
25.47	-0.0030589
25.48	-0.0032461
25.49	-0.0039001
25.5	-0.0050049
25.51	-0.0049366
25.52	-0.0024896
25.53	-5.5351e-05
25.54	0.00030422
25.55	0.00045613
25.56	0.0015328
25.57	0.001881
25.58	0.0011888
25.59	0.00077549
25.6	0.00059633
25.61	0.00014162
25.62	-0.0003136
25.63	-0.00068375
25.64	-0.0011153
25.65	-0.0014331
25.66	-0.0014055
25.67	-0.0012845
25.68	-0.0012954
25.69	-0.0012562
25.7	-0.0011592
25.71	-0.0010856
25.72	-0.00099182
25.73	-0.00090152
25.74	-0.00083192
25.75	-0.00073837
25.76	-0.00056744
25.77	-0.00035439
25.78	-0.00017722
25.79	4.9763e-05
25.8	0.00020815
25.81	-0.00016227
25.82	-0.00082119
25.83	-0.0012498
25.84	-0.0017641
25.85	-0.001947
25.86	-0.0012205
25.87	-0.00057732
25.88	-0.00047581
25.89	-0.00036699
25.9	-0.00010762
25.91	-0.00016874
25.92	-0.00084741
25.93	-0.001511
25.94	-0.0018619
25.95	-0.0023639
25.96	-0.0025788
25.97	-0.0018201
25.98	-0.00091852
25.99	-0.00036503
26	0.0002579
26.01	0.00068053
26.02	0.00094899
26.03	0.0013223
26.04	0.0014145
26.05	0.0013195
26.06	0.0013949
26.07	0.001238
26.08	0.00068881
26.09	0.0002685
26.1	-0.00010065
26.11	-0.0012201
26.12	-0.0023699
26.13	-0.001689
26.14	-0.0002619
26.15	0.00021088
26.16	0.00069485
26.17	0.0015679
26.18	0.0022957
26.19	0.0028827
26.2	0.0033131
26.21	0.003727
26.22	0.0042085
26.23	0.0045504
26.24	0.004793
26.25	0.0051761
26.26	0.0053935
26.27	0.0047024
26.28	0.0035418
26.29	0.0027469
26.3	0.002131
26.31	0.0017048
26.32	0.0013396
26.33	0.0011773
26.34	0.0017863
26.35	0.0024808
26.36	0.0029793
26.37	0.0038038
26.38	0.0040647
26.39	0.0033399
26.4	0.0028496
26.41	0.0026322
26.42	0.0021039
26.43	0.001544
26.44	0.0010287
26.45	0.00047135
26.46	-6.1515e-05
26.47	-0.0005951
26.48	-0.0011481
26.49	-0.0017662
26.5	-0.0020131
26.51	-0.0013707
26.52	-0.00059105
26.53	-0.00017068
26.54	0.00041314
26.55	0.0011116
26.56	0.0018592
26.57	0.0028643
26.58	0.0028844
26.59	0.0014022
26.6	0.0001588
26.61	-0.00026346
26.62	-0.00023078
26.63	-5.7261e-05
26.64	-0.00012261
26.65	6.8144e-05
26.66	0.00078365
26.67	0.0015038
26.68	0.0012729
26.69	0.00017178
26.7	-0.00139
26.71	-0.0043076
26.72	-0.0053586
26.73	-0.002826
26.74	-0.0015745
26.75	-0.0015486
26.76	-0.00034178
26.77	0.00079465
26.78	0.0015056
26.79	0.0023326
26.8	0.0032089
26.81	0.0039863
26.82	0.0046797
26.83	0.0054641
26.84	0.0058034
26.85	0.0049842
26.86	0.0040108
26.87	0.0036587
26.88	0.0019548
26.89	-0.001536
26.9	-0.003198
26.91	-0.003308
26.92	-0.0046386
26.93	-0.0048459
26.94	-0.0032421
26.95	-0.002387
26.96	-0.0019194
26.97	-0.001141
26.98	-0.00033774
26.99	0.00083541
27	0.0023319
27.01	0.0029169
27.02	0.0013972
27.03	-0.00029488
27.04	-0.00034364
27.05	-0.00063178
27.06	-0.0014166
27.07	-0.0011806
27.08	-0.00067753
27.09	-0.00058776
27.1	-0.00033837
27.11	4.066e-05
27.12	0.00036729
27.13	0.00054315
27.14	0.00011759
27.15	-0.00064288
27.16	-0.00089773
27.17	-0.00052489
27.18	-0.00010777
27.19	0.0001821
27.2	0.00035264
27.21	-0.00025743
27.22	-0.001321
27.23	-0.0019708
27.24	-0.0025515
27.25	-0.0033043
27.26	-0.0040352
27.27	-0.0041404
27.28	-0.0033754
27.29	-0.0027813
27.3	-0.0025993
27.31	-0.0022745
27.32	-0.0018826
27.33	-0.0015635
27.34	-0.0012551
27.35	-0.00093778
27.36	-0.00064876
27.37	-0.00040849
27.38	-1.3842e-06
27.39	0.00014617
27.4	-0.0019113
27.41	-0.0045998
27.42	-0.0053188
27.43	-0.0059188
27.44	-0.0055383
27.45	-0.0036191
27.46	-0.0025128
27.47	-0.0012521
27.48	0.00072774
27.49	0.0020362
27.5	0.0028616
27.51	0.0033592
27.52	0.0023523
27.53	0.00065477
27.54	-0.00033915
27.55	-0.0013213
27.56	-0.002613
27.57	-0.003141
27.58	-0.0024968
27.59	-0.0020186
27.6	-0.0016846
27.61	-0.00038905
27.62	0.0010226
27.63	0.0017581
27.64	0.0023854
27.65	0.0032229
27.66	0.0040614
27.67	0.0047503
27.68	0.0049716
27.69	0.0048851
27.7	0.0049811
27.71	0.004384
27.72	0.0027671
27.73	0.0016538
27.74	0.001392
27.75	0.00097759
27.76	0.00028782
27.77	2.8933e-05
27.78	0.00026791
27.79	0.00038371
27.8	0.00043378
27.81	0.00038928
27.82	-0.00036053
27.83	-0.0013591
27.84	-0.0020236
27.85	-0.0028647
27.86	-0.003593
27.87	-0.002914
27.88	-0.0021053
27.89	-0.0026997
27.9	-0.0025841
27.91	-0.001621
27.92	-0.0016895
27.93	-0.0020052
27.94	-0.0016821
27.95	-0.0011102
27.96	-0.00060014
27.97	0.0001714
27.98	0.0014658
27.99	0.0027196
28	0.0037856
28.01	0.0049678
28.02	0.0061785
28.03	0.0074198
28.04	0.007875
28.05	0.0067403
28.06	0.0058661
28.07	0.0066369
28.08	0.0075599
28.09	0.0074931
28.1	0.0068085
28.11	0.0061714
28.12	0.0056877
28.13	0.0050499
28.14	0.0043581
28.15	0.0036409
28.16	0.0026916
28.17	0.0017121
28.18	0.0011039
28.19	0.00084013
28.2	0.00048593
28.21	4.3657e-05
28.22	-0.00026221
28.23	-0.00052458
28.24	-0.00081271
28.25	-0.0011034
28.26	-0.0013872
28.27	-0.0016723
28.28	-0.0018336
28.29	-0.0017971
28.3	-0.0017947
28.31	-0.0018618
28.32	-0.0018584
28.33	-0.0018462
28.34	-0.0018636
28.35	-0.0018712
28.36	-0.0018731
28.37	-0.001913
28.38	-0.0019112
28.39	-0.0016296
28.4	-0.0011591
28.41	-0.00085277
28.42	-0.00097817
28.43	-0.0014501
28.44	-0.0017637
28.45	-0.0017086
28.46	-0.0015186
28.47	-0.0014434
28.48	-0.0013308
28.49	-0.00093336
28.5	-0.00046026
28.51	-0.00017641
28.52	-4.0639e-05
28.53	0.00023059
28.54	0.00095354
28.55	0.0020207
28.56	0.001935
28.57	-0.00016228
28.58	-0.002123
28.59	-0.0024496
28.6	-0.0023762
28.61	-0.0028957
28.62	-0.0036778
28.63	-0.0043851
28.64	-0.0051251
28.65	-0.0054149
28.66	-0.0045577
28.67	-0.0035172
28.68	-0.0030442
28.69	-0.0022448
28.7	-0.0016521
28.71	-0.002881
28.72	-0.0050201
28.73	-0.0053784
28.74	-0.0036244
28.75	-0.0022167
28.76	-0.0020382
28.77	-0.0024078
28.78	-0.0026784
28.79	-0.0016316
28.8	-0.00029194
28.81	0.0001553
28.82	0.00091338
28.83	0.0011929
28.84	5.799e-05
28.85	-0.00043271
28.86	8.6299e-05
28.87	-0.0001656
28.88	-0.0011511
28.89	-0.0018831
28.9	-0.002572
28.91	-0.0032511
28.92	-0.0024409
28.93	-0.00068732
28.94	-0.00022247
28.95	-6.9693e-05
28.96	0.00050881
28.97	0.00023946
28.98	6.8565e-05
28.99	0.00060723
29	0.00010724
29.01	-0.0013804
29.02	-0.0016392
29.03	-0.00054636
29.04	3.2658e-05
29.05	-2.5034e-05
29.06	0.00012298
29.07	0.000341
29.08	3.8659e-05
29.09	-0.00069567
29.1	-0.00013788
29.11	0.0017158
29.12	0.0021477
29.13	0.00085361
29.14	-3.2236e-06
29.15	0.00052905
29.16	0.0013509
29.17	0.0018907
29.18	0.0032153
29.19	0.0045326
29.2	0.0038486
29.21	0.0022614
29.22	0.002069
29.23	0.0028901
29.24	0.0031172
29.25	0.0019415
29.26	0.00015618
29.27	-0.00015495
29.28	0.00084803
29.29	0.0014319
29.3	0.001863
29.31	0.0026014
29.32	0.003364
29.33	0.0037103
29.34	0.0029394
29.35	0.0018125
29.36	0.0012123
29.37	0.00061566
29.38	-0.00013001
29.39	-0.00080935
29.4	-0.001475
29.41	-0.002168
29.42	-0.0027399
29.43	-0.0029515
29.44	-0.0031125
29.45	-0.0033787
29.46	-0.0028949
29.47	-0.0016989
29.48	-0.00078924
29.49	-0.00024936
29.5	9.9326e-05
29.51	0.00043306
29.52	0.00093736
29.53	0.0011703
29.54	0.00048107
29.55	-0.00065098
29.56	-0.001505
29.57	-0.0016519
29.58	-0.00049582
29.59	0.00092837
29.6	0.0011992
29.61	0.00021608
29.62	-0.0006782
29.63	0.00079983
29.64	0.0031631
29.65	0.0027561
29.66	0.0014382
29.67	0.0014828
29.68	0.0010328
29.69	0.00020739
29.7	0.00021277
29.71	0.00029164
29.72	9.5425e-05
29.73	6.8259e-05
29.74	0.00011829
29.75	6.8928e-05
29.76	2.172e-05
29.77	-9.3122e-07
29.78	-4.4493e-05
29.79	5.5131e-05
29.8	0.00047329
29.81	0.00093143
29.82	0.00127
29.83	0.0016891
29.84	0.0022138
29.85	0.0023771
29.86	0.0017824
29.87	0.0010684
29.88	0.00065639
29.89	0.00011965
29.9	-0.00045094
29.91	-0.0008637
29.92	-0.0011877
29.93	-0.0008242
29.94	8.5104e-05
29.95	0.00031978
29.96	-0.00022984
29.97	-0.0011275
29.98	-0.0012812
29.99	-6.0681e-05
30	0.00061131
30.01	-1.3448e-05
30.02	0.00025664
30.03	0.0020054
30.04	0.0034517
30.05	0.0038124
30.06	0.0030537
30.07	0.0022627
30.08	0.0023261
30.09	0.0021441
30.1	0.0015236
30.11	0.00089129
30.12	0.00023612
30.13	9.6122e-05
30.14	0.00041559
30.15	0.00053338
30.16	0.00036979
30.17	-9.2247e-06
30.18	-0.00038373
30.19	-0.00073707
30.2	-0.0013183
30.21	-0.0018518
30.22	-0.0022382
30.23	-0.0026505
30.24	-0.0022623
30.25	-0.00086541
30.26	0.00024647
30.27	0.0012789
30.28	0.0021858
30.29	0.0012029
30.3	-0.00065205
30.31	-0.0017241
30.32	-0.0028174
30.33	-0.003185
30.34	-0.0024868
30.35	-0.0021842
30.36	-0.0017658
30.37	-0.00073494
30.38	0.00039978
30.39	0.0017218
30.4	0.0026796
30.41	0.0022795
30.42	0.0013624
30.43	0.0010107
30.44	0.00064799
30.45	0.00016055
30.46	-0.00019072
30.47	-0.00059854
30.48	-0.00099148
30.49	-0.001302
30.5	-0.0016422
30.51	-0.0018971
30.52	-0.0019011
30.53	-0.0018795
30.54	-0.0018045
30.55	-0.0014501
30.56	-0.0010626
30.57	-0.0010053
30.58	-0.0013367
30.59	-0.0016605
30.6	-0.0018288
30.61	-0.0021155
30.62	-0.0024726
30.63	-0.0027833
30.64	-0.003106
30.65	-0.0034119
30.66	-0.0036898
30.67	-0.0040407
30.68	-0.0040378
30.69	-0.0032323
30.7	-0.0027064
30.71	-0.0034471
30.72	-0.0037853
30.73	-0.0019053
30.74	0.00034592
30.75	0.00079619
30.76	0.00090263
30.77	0.0017642
30.78	0.0020355
30.79	0.001596
30.8	0.0014586
30.81	0.0013339
30.82	0.00083733
30.83	0.0003822
30.84	3.3364e-05
30.85	-0.00041674
30.86	-0.00092038
30.87	-0.0013853
30.88	-0.0019018
30.89	-0.0026435
30.9	-0.002925
30.91	-0.0022524
30.92	-0.0016881
30.93	-0.001454
30.94	-0.00093181
30.95	-0.00036469
30.96	6.093e-05
30.97	0.00043336
30.98	0.00078093
30.99	0.0011488
31	0.0015501
31.01	0.0019171
31.02	0.0016233
31.03	0.00043733
31.04	-0.00013558
31.05	0.001066
31.06	0.0021498
31.07	0.0014652
31.08	0.00081319
31.09	0.00092733
31.1	0.00081614
31.11	0.00068955
31.12	0.00079009
31.13	0.001202
31.14	0.0018526
31.15	0.0021825
31.16	0.0021255
31.17	0.0021488
31.18	0.0020656
31.19	0.0013919
31.2	0.00059337
31.21	-7.2856e-05
31.22	-0.0010334
31.23	-0.0016064
31.24	-0.00085641
31.25	0.00026629
31.26	0.00071328
31.27	0.00072045
31.28	0.00067188
31.29	0.001069
31.3	0.0019015
31.31	0.002402
31.32	0.0025556
31.33	0.0027118
31.34	0.0021888
31.35	0.00087277
31.36	0.00022947
31.37	0.0010205
31.38	0.0022295
31.39	0.0025703
31.4	0.0017473
31.41	0.00064005
31.42	-7.8429e-05
31.43	0.00011876
31.44	0.001245
31.45	0.0022775
31.46	0.0023876
31.47	0.001536
31.48	0.00058116
31.49	0.0002448
31.5	0.0003716
31.51	0.00062995
31.52	0.00046886
31.53	-0.00013705
31.54	-0.00063314
31.55	-0.0011379
31.56	-0.0015159
31.57	-0.00044951
31.58	0.0015664
31.59	0.0027336
31.6	0.0029072
31.61	0.0027828
31.62	0.0028906
31.63	0.0027642
31.64	0.0021611
31.65	0.0017036
31.66	0.0014057
31.67	0.0012057
31.68	0.0011114
31.69	0.0010059
31.7	0.00049029
31.71	-0.0007122
31.72	-0.0018691
31.73	-0.0027886
31.74	-0.0036215
31.75	-0.0040708
31.76	-0.0046147
31.77	-0.0047349
31.78	-0.0033659
31.79	-0.0017336
31.8	-0.00091547
31.81	-0.00047049
31.82	-3.3382e-05
31.83	0.00054074
31.84	0.0010904
31.85	0.00059021
31.86	-0.0012854
31.87	-0.0021197
31.88	-0.0012026
31.89	-0.00082135
31.9	-0.0011952
31.91	-0.0015128
31.92	-0.0018155
31.93	-0.0014472
31.94	-0.00020855
31.95	0.00090741
31.96	0.0016283
31.97	0.0015709
31.98	0.00073517
31.99	0.0001819
32	0.00028852
32.01	0.0010394
32.02	0.0017867
32.03	0.0023776
32.04	0.0024962
32.05	0.0012077
32.06	-0.00036987
32.07	-0.00052196
32.08	0.00067653
32.09	0.00067933
32.1	-0.00094131
32.11	-0.00082656
32.12	0.000859
32.13	0.00044164
32.14	-0.0017966
32.15	-0.0015041
32.16	0.0009123
32.17	0.0011184
32.18	-0.00015702
32.19	-0.00043483
32.2	-0.0005913
32.21	-0.0012304
32.22	-0.0011038
32.23	-0.00013679
32.24	0.00057753
32.25	0.0010581
32.26	0.0010151
32.27	0.00019217
32.28	-0.00034927
32.29	-0.00035398
32.3	-0.00034966
32.31	-0.00047
32.32	-6.4724e-05
32.33	0.0011198
32.34	0.0022512
32.35	0.0027945
32.36	0.0022458
32.37	0.0011582
32.38	0.00055724
32.39	-2.9414e-06
32.4	-0.00057097
32.41	-0.00093284
32.42	-0.001398
32.43	-0.0017875
32.44	-0.0019321
32.45	-0.0020738
32.46	-0.0023402
32.47	-0.0023175
32.48	-0.0015644
32.49	-0.00054232
32.5	-0.0001101
32.51	-0.00078191
32.52	-0.0016138
32.53	-0.00085617
32.54	0.00070404
32.55	0.001416
32.56	0.0011507
32.57	0.00031098
32.58	-5.4169e-05
32.59	0.00017241
32.6	0.00050459
32.61	0.0013853
32.62	0.00193
32.63	0.00060916
32.64	-0.00035295
32.65	0.0010165
32.66	0.001166
32.67	-0.00039651
32.68	0.00028436
32.69	0.0013391
32.7	0.00010898
32.71	-0.00085168
32.72	-0.00014871
32.73	0.0015824
32.74	0.0024139
32.75	0.00087803
32.76	-0.00086891
32.77	-0.0017977
32.78	-0.0024401
32.79	-0.0019547
32.8	-0.00115
32.81	-0.00104
32.82	-0.0010159
32.83	-0.00094855
32.84	-0.00090917
32.85	-0.00075945
32.86	-0.00049866
32.87	-0.00027835
32.88	0.00018577
32.89	0.00096677
32.9	0.0010255
32.91	0.00035975
32.92	0.00013501
32.93	0.00046487
32.94	0.00084426
32.95	0.0010961
32.96	0.0014469
32.97	0.0013292
32.98	0.00010419
32.99	-0.00080074
33	-0.00020234
33.01	0.0007156
33.02	0.0005143
33.03	-0.00028061
33.04	-0.00064836
33.05	-0.00098644
33.06	-0.0014676
33.07	-0.0012118
33.08	-0.00042958
33.09	4.2911e-05
33.1	0.00042593
33.11	0.00043799
33.12	-0.00014702
33.13	-0.00053638
33.14	-0.0005954
33.15	-0.00059031
33.16	-0.00058448
33.17	-0.00052389
33.18	-0.00036718
33.19	-0.00023268
33.2	-0.00014818
33.21	-0.00024566
33.22	-0.00050476
33.23	-0.00059256
33.24	-0.00045369
33.25	-0.00023834
33.26	6.1556e-06
33.27	0.00014765
33.28	-1.1466e-05
33.29	-0.00029529
33.3	-0.00042643
33.31	-0.00040743
33.32	-0.00030322
33.33	-0.00022158
33.34	-0.00023352
33.35	-0.00033302
33.36	-0.00043605
33.37	-0.00053096
33.38	-0.00051445
33.39	-0.00011977
33.4	0.00042679
33.41	0.00054645
33.42	0.00014582
33.43	-0.00028166
33.44	-0.00045636
33.45	-0.00037939
33.46	-0.00016683
33.47	-0.00010204
33.48	-0.00010635
33.49	-9.8167e-06
33.5	2.2302e-05
33.51	-0.00012823
33.52	-0.00032106
33.53	-0.00036966
33.54	-0.00023647
33.55	-7.2207e-05
33.56	1.0512e-05
33.57	4.0223e-05
33.58	3.2867e-05
33.59	3.2329e-05
33.6	4.3592e-05
33.61	3.675e-05
33.62	3.1705e-05
33.63	4.448e-05
33.64	2.7774e-05
33.65	-0.00013913
33.66	-0.00038079
33.67	-0.00034731
33.68	-4.2542e-05
33.69	0.00014745
33.7	9.2405e-05
33.71	-7.4119e-05
33.72	-0.00015717
33.73	-5.6567e-05
33.74	7.2887e-05
33.75	-4.7241e-05
33.76	-0.00025758
33.77	-0.0001399
33.78	8.8317e-05
33.79	4.1469e-05
33.8	-9.1891e-05
33.81	-0.00012682
33.82	-0.0001534
33.83	-7.2647e-05
33.84	0.00015078
33.85	0.000312
33.86	0.00027014
33.87	5.6407e-05
33.88	-0.00012241
33.89	-0.00011673
33.9	4.0845e-05
33.91	0.00011155
33.92	-1.219e-05
33.93	-0.00012474
33.94	-0.00011877
33.95	-4.6128e-05
33.96	2.15e-05
33.97	5.8604e-05
33.98	5.4046e-05
33.99	8.9931e-07
34	-4.3217e-05
34.01	-4.7758e-05
34.02	-1.2078e-05
34.03	3.7784e-05
34.04	6.1391e-05
34.05	6.3706e-05
34.06	5.8793e-05
34.07	5.8312e-05
34.08	5.8454e-05
34.09	5.3401e-05
34.1	4.9329e-05
34.11	4.4737e-05
34.12	3.9277e-05
34.13	3.5198e-05
34.14	3.1267e-05
34.15	2.7683e-05
34.16	2.5601e-05
34.17	2.3912e-05
34.18	2.2015e-05
34.19	2.051e-05
34.2	1.9276e-05
34.21	1.8134e-05
34.22	1.7547e-05
34.23	1.7555e-05
34.24	1.7296e-05
34.25	1.6267e-05
34.26	1.5504e-05
34.27	1.5765e-05
34.28	1.6081e-05
34.29	1.6143e-05
34.3	1.6433e-05
34.31	1.683e-05
34.32	1.7234e-05
34.33	1.7671e-05
34.34	1.8354e-05
34.35	1.8011e-05
34.36	1.5558e-05
34.37	1.2901e-05
34.38	1.8581e-05
34.39	3.5231e-05
34.4	4.128e-05
34.41	2.8243e-05
34.42	2.0049e-05
34.43	2.83e-05
34.44	3.9309e-05
34.45	4.3469e-05
34.46	4.2095e-05
34.47	3.7822e-05
34.48	3.5489e-05
34.49	3.9931e-05
34.5	4.9609e-05
34.51	5.4429e-05
34.52	4.9445e-05
34.53	4.3753e-05
34.54	4.3354e-05
34.55	4.4419e-05
34.56	4.5213e-05
34.57	4.662e-05
34.58	4.9647e-05
34.59	5.3836e-05
34.6	5.7152e-05
34.61	6.0197e-05
34.62	6.3506e-05
34.63	6.6298e-05
34.64	6.7852e-05
34.65	6.833e-05
34.66	6.9548e-05
34.67	7.1792e-05
34.68	7.4041e-05
34.69	7.6587e-05
34.7	8.0127e-05
34.71	8.4042e-05
34.72	8.7203e-05
34.73	9.0098e-05
34.74	9.3357e-05
34.75	9.6597e-05
34.76	9.9779e-05
34.77	0.00010309
34.78	0.00010649
34.79	0.00010994
34.8	0.00011344
34.81	0.00011697
34.82	0.00012054
34.83	0.00012415
34.84	0.00012779
34.85	0.00013146
34.86	0.00013517
34.87	0.00013893
34.88	0.00014272
