0	7.35e-06
0.005	1.5072e-05
0.01	6.7011e-06
0.015	1.4746e-05
0.02	1.0563e-05
0.025	2.41e-05
0.03	2.1916e-05
0.035	3.9288e-05
0.04	4.593e-05
0.045	7.4463e-05
0.05	9.2694e-05
0.055	9.0305e-05
0.06	1.6457e-06
0.065	-0.00010988
0.07	-0.0002196
0.075	-0.00025232
0.08	-0.00024018
0.085	-0.00014904
0.09	-0.0001077
0.095	-0.00011287
0.1	-0.00016733
0.105	-0.0002165
0.11	-0.00031306
0.115	-0.00027227
0.12	-5.3531e-05
0.125	0.00023742
0.13	0.00041611
0.135	0.00039817
0.14	0.00010647
0.145	-0.00021718
0.15	-0.00049135
0.155	-0.00063958
0.16	-0.00051784
0.165	-5.7679e-05
0.17	0.00036305
0.175	0.00060989
0.18	0.00070411
0.185	0.00075611
0.19	0.00073083
0.195	0.00054726
0.2	8.3432e-05
0.205	-0.0005197
0.21	-0.00071436
0.215	-0.00027597
0.22	0.00017639
0.225	7.0958e-05
0.23	-0.00070263
0.235	-0.0016172
0.24	-0.0020347
0.245	-0.0018379
0.25	-0.0013764
0.255	-0.00034687
0.26	0.00099774
0.265	0.0019385
0.27	0.0019598
0.275	0.0012901
0.28	0.00032409
0.285	-0.00067301
0.29	-0.00070424
0.295	0.00021122
0.3	0.0010458
0.305	0.0014292
0.31	0.00085629
0.315	-0.00032482
0.32	-0.0016041
0.325	-0.0021544
0.33	-0.0019977
0.335	-0.0018586
0.34	-0.0023164
0.345	-0.0027555
0.35	-0.0037829
0.355	-0.0050258
0.36	-0.0054812
0.365	-0.0046325
0.37	-0.0025201
0.375	0.00017549
0.38	0.0024537
0.385	0.0030374
0.39	0.0023707
0.395	0.0012679
0.4	-0.00068502
0.405	-0.0033845
0.41	-0.0051821
0.415	-0.0052809
0.42	-0.0043536
0.425	-0.0039419
0.43	-0.0038606
0.435	-0.0029793
0.44	-0.0018428
0.445	-0.00034235
0.45	0.0010725
0.455	0.001352
0.46	-0.00029376
0.465	-0.0034212
0.47	-0.005823
0.475	-0.0051806
0.48	-0.0028668
0.485	-0.0020429
0.49	-0.0026768
0.495	-0.0018672
0.5	0.00058608
0.505	0.0023302
0.51	0.00061013
0.515	-0.0043232
0.52	-0.009051
0.525	-0.011232
0.53	-0.0094602
0.535	-0.0054072
0.54	-0.0027672
0.545	-0.0027052
0.55	-0.0056435
0.555	-0.0098772
0.56	-0.013496
0.565	-0.014285
0.57	-0.010702
0.575	-0.0048172
0.58	0.00048832
0.585	0.0052204
0.59	0.008589
0.595	0.010882
0.6	0.011627
0.605	0.011781
0.61	0.012605
0.615	0.013397
0.62	0.011551
0.625	0.0081047
0.63	0.003214
0.635	-0.0035068
0.64	-0.0090271
0.645	-0.012635
0.65	-0.01406
0.655	-0.013551
0.66	-0.013012
0.665	-0.012376
0.67	-0.011187
0.675	-0.0081485
0.68	-0.0025769
0.685	0.0054272
0.69	0.013263
0.695	0.017551
0.7	0.016554
0.705	0.010261
0.71	0.0012661
0.715	-0.0092414
0.72	-0.01851
0.725	-0.025519
0.73	-0.030252
0.735	-0.030734
0.74	-0.027192
0.745	-0.021348
0.75	-0.013856
0.755	-0.0069744
0.76	-0.0031998
0.765	2.4074e-05
0.77	0.0054549
0.775	0.0096851
0.78	0.0086107
0.785	0.0040443
0.79	0.0017867
0.795	0.0032728
0.8	0.0057344
0.805	0.0080763
0.81	0.0091621
0.815	0.01112
0.82	0.012502
0.825	0.012288
0.83	0.011913
0.835	0.012312
0.84	0.012672
0.845	0.0099258
0.85	0.0044549
0.855	-0.0016272
0.86	-0.0054767
0.865	-0.0060185
0.87	-0.0039951
0.875	-0.00039642
0.88	0.0016523
0.885	0.0013979
0.89	-0.0014248
0.895	-0.0046475
0.9	-0.0081215
0.905	-0.009839
0.91	-0.0067494
0.915	0.0014546
0.92	0.014115
0.925	0.029466
0.93	0.039849
0.935	0.041456
0.94	0.037863
0.945	0.03183
0.95	0.026969
0.955	0.024931
0.96	0.023564
0.965	0.017968
0.97	0.009605
0.975	0.00045627
0.98	-0.0071083
0.985	-0.0088726
0.99	-0.007459
0.995	-0.0063244
1	-0.0063356
1.005	-0.0071279
1.01	-0.0083911
1.015	-0.0097916
1.02	-0.010003
1.025	-0.0053914
1.03	0.0037227
1.035	0.013831
1.04	0.024759
1.045	0.038331
1.05	0.051241
1.055	0.058488
1.06	0.056303
1.065	0.047097
1.07	0.035839
1.075	0.027833
1.08	0.023938
1.085	0.019465
1.09	0.013255
1.095	0.0043148
1.1	-0.0050976
1.105	-0.014129
1.11	-0.02316
1.115	-0.028425
1.12	-0.027576
1.125	-0.022929
1.13	-0.019163
1.135	-0.017191
1.14	-0.017844
1.145	-0.021103
1.15	-0.024352
1.155	-0.023732
1.16	-0.013827
1.165	0.0044649
1.17	0.022651
1.175	0.031018
1.18	0.027123
1.185	0.018772
1.19	0.013166
1.195	0.014319
1.2	0.022032
1.205	0.029107
1.21	0.029798
1.215	0.024632
1.22	0.014866
1.225	0.0026393
1.23	-0.0089577
1.235	-0.017838
1.24	-0.020919
1.245	-0.020211
1.25	-0.018466
1.255	-0.013725
1.26	-0.0057239
1.265	0.002675
1.27	0.0093769
1.275	0.011562
1.28	0.011382
1.285	0.012866
1.29	0.018518
1.295	0.031318
1.3	0.045977
1.305	0.058664
1.31	0.06589
1.315	0.061762
1.32	0.047838
1.325	0.028872
1.33	0.011712
1.335	0.0021019
1.34	0.001029
1.345	0.0030395
1.35	0.0025608
1.355	-0.0006411
1.36	-0.0056604
1.365	-0.010423
1.37	-0.01154
1.375	-0.0095912
1.38	-0.0043866
1.385	0.0014832
1.39	0.0088326
1.395	0.014241
1.4	0.014768
1.405	0.012191
1.41	0.0083195
1.415	0.00082602
1.42	-0.0091089
1.425	-0.020588
1.43	-0.032524
1.435	-0.039773
1.44	-0.039051
1.445	-0.035881
1.45	-0.035637
1.455	-0.040005
1.46	-0.048163
1.465	-0.058994
1.47	-0.068123
1.475	-0.069304
1.48	-0.062057
1.485	-0.051299
1.49	-0.043493
1.495	-0.035336
1.5	-0.024386
1.505	-0.018488
1.51	-0.014895
1.515	-0.010368
1.52	-0.0073689
1.525	-0.0064933
1.53	-0.0088797
1.535	-0.014493
1.54	-0.018378
1.545	-0.017511
1.55	-0.010705
1.555	-0.0036837
1.56	0.0024608
1.565	0.0061605
1.57	0.00057974
1.575	-0.010674
1.58	-0.023433
1.585	-0.031369
1.59	-0.027667
1.595	-0.014329
1.6	-0.0043736
1.605	-0.0037565
1.61	-0.012089
1.615	-0.021983
1.62	-0.027347
1.625	-0.02962
1.63	-0.029821
1.635	-0.027083
1.64	-0.021256
1.645	-0.008917
1.65	0.0084926
1.655	0.026696
1.66	0.04599
1.665	0.066264
1.67	0.079828
1.675	0.079255
1.68	0.066357
1.685	0.04861
1.69	0.032986
1.695	0.022594
1.7	0.016197
1.705	0.0060471
1.71	-0.010403
1.715	-0.027504
1.72	-0.043606
1.725	-0.057077
1.73	-0.067407
1.735	-0.076586
1.74	-0.08238
1.745	-0.082214
1.75	-0.07538
1.755	-0.06374
1.76	-0.054604
1.765	-0.050187
1.77	-0.049587
1.775	-0.04781
1.78	-0.044281
1.785	-0.03858
1.79	-0.027943
1.795	-0.012999
1.8	0.0070036
1.805	0.02995
1.81	0.045321
1.815	0.04559
1.82	0.034
1.825	0.013964
1.83	-0.010337
1.835	-0.032283
1.84	-0.048247
1.845	-0.057635
1.85	-0.056616
1.855	-0.045831
1.86	-0.030292
1.865	-0.007896
1.87	0.024105
1.875	0.059709
1.88	0.088205
1.885	0.10667
1.89	0.11829
1.895	0.12633
1.9	0.12706
1.905	0.12234
1.91	0.11595
1.915	0.10917
1.92	0.10255
1.925	0.097641
1.93	0.09108
1.935	0.082612
1.94	0.075185
1.945	0.069543
1.95	0.065583
1.955	0.061782
1.96	0.056942
1.965	0.050767
1.97	0.038811
1.975	0.020569
1.98	-0.0025427
1.985	-0.028593
1.99	-0.05135
1.995	-0.070379
2	-0.084401
2.005	-0.092012
2.01	-0.093635
2.015	-0.093579
2.02	-0.09376
2.025	-0.092624
2.03	-0.087756
2.035	-0.0758
2.04	-0.057714
2.045	-0.040081
2.05	-0.029959
2.055	-0.028415
2.06	-0.031412
2.065	-0.037441
2.07	-0.046096
2.075	-0.057168
2.08	-0.06682
2.085	-0.073355
2.09	-0.075955
2.095	-0.073139
2.1	-0.069157
2.105	-0.065326
2.11	-0.059252
2.115	-0.055848
2.12	-0.058021
2.125	-0.059369
2.13	-0.055691
2.135	-0.046405
2.14	-0.031833
2.145	-0.013634
2.15	0.0054768
2.155	0.022108
2.16	0.034567
2.165	0.039506
2.17	0.038652
2.175	0.039872
2.18	0.043979
2.185	0.042192
2.19	0.030691
2.195	0.015834
2.2	0.0095098
2.205	0.013928
2.21	0.028233
2.215	0.050049
2.22	0.074952
2.225	0.096786
2.23	0.10792
2.235	0.10545
2.24	0.092197
2.245	0.070355
2.25	0.046739
2.255	0.027812
2.26	0.014288
2.265	0.0055839
2.27	-0.00029371
2.275	-0.0033131
2.28	-0.0031286
2.285	0.0049794
2.29	0.020998
2.295	0.038817
2.3	0.052512
2.305	0.061115
2.31	0.067425
2.315	0.07458
2.32	0.082723
2.325	0.090014
2.33	0.089496
2.335	0.078892
2.34	0.06073
2.345	0.039112
2.35	0.014994
2.355	-0.0098372
2.36	-0.0327
2.365	-0.044946
2.37	-0.044291
2.375	-0.035192
2.38	-0.020381
2.385	-0.0035018
2.39	0.01009
2.395	0.018001
2.4	0.02024
2.405	0.015718
2.41	0.0082492
2.415	0.0050468
2.42	0.0082688
2.425	0.016177
2.43	0.025749
2.435	0.035661
2.44	0.041874
2.445	0.038547
2.45	0.028084
2.455	0.013982
2.46	-0.0016585
2.465	-0.012704
2.47	-0.019779
2.475	-0.027274
2.48	-0.033694
2.485	-0.039212
2.49	-0.045052
2.495	-0.050118
2.5	-0.049115
2.505	-0.043054
2.51	-0.042246
2.515	-0.049642
2.52	-0.055371
2.525	-0.05645
2.53	-0.052604
2.535	-0.043257
2.54	-0.032904
2.545	-0.02379
2.55	-0.016271
2.555	-0.0067189
2.56	0.0041732
2.565	0.012377
2.57	0.01649
2.575	0.013981
2.58	0.0069865
2.585	0.0036405
2.59	0.0081172
2.595	0.019215
2.6	0.03437
2.605	0.051577
2.61	0.06292
2.615	0.062369
2.62	0.053891
2.625	0.041419
2.63	0.028527
2.635	0.013929
2.64	-0.0050468
2.645	-0.027646
2.65	-0.049711
2.655	-0.069265
2.66	-0.084749
2.665	-0.091042
2.67	-0.086446
2.675	-0.074701
2.68	-0.062045
2.685	-0.053673
2.69	-0.045735
2.695	-0.037528
2.7	-0.033767
2.705	-0.038697
2.71	-0.051323
2.715	-0.069776
2.72	-0.092693
2.725	-0.1134
2.73	-0.12306
2.735	-0.11741
2.74	-0.097171
2.745	-0.068607
2.75	-0.042209
2.755	-0.023766
2.76	-0.013673
2.765	-0.0098721
2.77	-0.012838
2.775	-0.0227
2.78	-0.040515
2.785	-0.062856
2.79	-0.084012
2.795	-0.10056
2.8	-0.11053
2.805	-0.11276
2.81	-0.10206
2.815	-0.081132
2.82	-0.054828
2.825	-0.026724
2.83	0.0011008
2.835	0.027681
2.84	0.054166
2.845	0.082003
2.85	0.10822
2.855	0.12686
2.86	0.13484
2.865	0.13296
2.87	0.12499
2.875	0.11792
2.88	0.11493
2.885	0.10888
2.89	0.092034
2.895	0.065638
2.9	0.035604
2.905	0.01004
2.91	-0.0068015
2.915	-0.014971
2.92	-0.018646
2.925	-0.024283
2.93	-0.031195
2.935	-0.033815
2.94	-0.022937
2.945	-5.9782e-05
2.95	0.024764
2.955	0.036642
2.96	0.028699
2.965	0.0037286
2.97	-0.029927
2.975	-0.061245
2.98	-0.079976
2.985	-0.085847
2.99	-0.083677
2.995	-0.073988
3	-0.054731
3.005	-0.030598
3.01	-0.0020567
3.015	0.033192
3.02	0.066644
3.025	0.090895
3.03	0.1001
3.035	0.092075
3.04	0.068277
3.045	0.036242
3.05	0.0058143
3.055	-0.016139
3.06	-0.028405
3.065	-0.033371
3.07	-0.030702
3.075	-0.01737
3.08	0.0092358
3.085	0.047318
3.09	0.0897
3.095	0.12682
3.1	0.15341
3.105	0.16545
3.11	0.16243
3.115	0.14664
3.12	0.12294
3.125	0.098018
3.13	0.075232
3.135	0.058635
3.14	0.049329
3.145	0.041598
3.15	0.035618
3.155	0.031649
3.16	0.027382
3.165	0.021556
3.17	0.013474
3.175	0.0011196
3.18	-0.015873
3.185	-0.031519
3.19	-0.037931
3.195	-0.034452
3.2	-0.022364
3.205	-0.0011678
3.21	0.022611
3.215	0.046004
3.22	0.069053
3.225	0.088313
3.23	0.10045
3.235	0.10394
3.24	0.096716
3.245	0.075656
3.25	0.042488
3.255	0.0069783
3.26	-0.023211
3.265	-0.050127
3.27	-0.076608
3.275	-0.10047
3.28	-0.11846
3.285	-0.13
3.29	-0.1364
3.295	-0.13627
3.3	-0.13067
3.305	-0.12441
3.31	-0.11846
3.315	-0.11358
3.32	-0.11022
3.325	-0.10726
3.33	-0.099333
3.335	-0.083799
3.34	-0.05937
3.345	-0.033724
3.35	-0.014019
3.355	-0.0022608
3.36	0.0045548
3.365	0.010992
3.37	0.019357
3.375	0.029359
3.38	0.04239
3.385	0.057751
3.39	0.07103
3.395	0.080421
3.4	0.084501
3.405	0.081902
3.41	0.074212
3.415	0.06714
3.42	0.062118
3.425	0.06368
3.43	0.074928
3.435	0.092126
3.44	0.11174
3.445	0.13464
3.45	0.15496
3.455	0.17161
3.46	0.18382
3.465	0.19202
3.47	0.19184
3.475	0.17986
3.48	0.15692
3.485	0.125
3.49	0.091849
3.495	0.067584
3.5	0.053693
3.505	0.046031
3.51	0.036368
3.515	0.020164
3.52	-0.0019148
3.525	-0.025868
3.53	-0.046566
3.535	-0.065915
3.54	-0.080477
3.545	-0.086232
3.55	-0.081175
3.555	-0.067077
3.56	-0.051168
3.565	-0.043804
3.57	-0.051122
3.575	-0.072561
3.58	-0.10064
3.585	-0.12666
3.59	-0.14555
3.595	-0.15487
3.6	-0.15466
3.605	-0.14945
3.61	-0.14344
3.615	-0.1394
3.62	-0.13634
3.625	-0.1274
3.63	-0.11143
3.635	-0.091006
3.64	-0.068056
3.645	-0.048397
3.65	-0.035124
3.655	-0.029492
3.66	-0.029903
3.665	-0.031546
3.67	-0.030833
3.675	-0.024825
3.68	-0.017599
3.685	-0.012241
3.69	-0.010744
3.695	-0.013285
3.7	-0.018403
3.705	-0.02118
3.71	-0.017005
3.715	-0.0027239
3.72	0.018864
3.725	0.040592
3.73	0.057222
3.735	0.067394
3.74	0.075698
3.745	0.082198
3.75	0.081478
3.755	0.075687
3.76	0.067796
3.765	0.058689
3.77	0.050745
3.775	0.047166
3.78	0.047
3.785	0.04598
3.79	0.044308
3.795	0.041767
3.8	0.036611
3.805	0.027912
3.81	0.014276
3.815	-0.0072163
3.82	-0.037552
3.825	-0.077034
3.83	-0.12254
3.835	-0.16793
3.84	-0.20351
3.845	-0.22418
3.85	-0.22653
3.855	-0.2148
3.86	-0.19495
3.865	-0.17235
3.87	-0.14735
3.875	-0.1191
3.88	-0.096268
3.885	-0.080491
3.89	-0.06754
3.895	-0.056432
3.9	-0.04877
3.905	-0.048246
3.91	-0.056358
3.915	-0.068728
3.92	-0.077521
3.925	-0.07778
3.93	-0.073328
3.935	-0.069761
3.94	-0.067981
3.945	-0.068041
3.95	-0.071124
3.955	-0.073914
3.96	-0.072635
3.965	-0.06462
3.97	-0.051404
3.975	-0.034688
3.98	-0.011749
3.985	0.01305
3.99	0.031689
3.995	0.04146
4	0.042663
4.005	0.033986
4.01	0.019104
4.015	0.010389
4.02	0.017531
4.025	0.042379
4.03	0.076886
4.035	0.11118
4.04	0.13784
4.045	0.157
4.05	0.16986
4.055	0.1713
4.06	0.15796
4.065	0.1373
4.07	0.11014
4.075	0.075246
4.08	0.036545
4.085	0.00031875
4.09	-0.026231
4.095	-0.0425
4.1	-0.048441
4.105	-0.047631
4.11	-0.04297
4.115	-0.033044
4.12	-0.01633
4.125	0.0044868
4.13	0.031689
4.135	0.063674
4.14	0.090632
4.145	0.10475
4.15	0.10838
4.155	0.10871
4.16	0.10735
4.165	0.10294
4.17	0.091132
4.175	0.071284
4.18	0.051792
4.185	0.038394
4.19	0.028541
4.195	0.018606
4.2	0.0049901
4.205	-0.014113
4.21	-0.03582
4.215	-0.053293
4.22	-0.061965
4.225	-0.063036
4.23	-0.057607
4.235	-0.045069
4.24	-0.0235
4.245	0.0020912
4.25	0.024874
4.255	0.038347
4.26	0.042017
4.265	0.039039
4.27	0.034678
4.275	0.036623
4.28	0.048122
4.285	0.060962
4.29	0.069117
4.295	0.070818
4.3	0.06756
4.305	0.061998
4.31	0.056457
4.315	0.051184
4.32	0.046681
4.325	0.041087
4.33	0.031204
4.335	0.01628
4.34	0.0034846
4.345	0.00063461
4.35	0.0076506
4.355	0.0199
4.36	0.029331
4.365	0.030504
4.37	0.030861
4.375	0.034381
4.38	0.037767
4.385	0.040526
4.39	0.044154
4.395	0.052791
4.4	0.066382
4.405	0.081086
4.41	0.095523
4.415	0.10646
4.42	0.10952
4.425	0.10497
4.43	0.092622
4.435	0.077362
4.44	0.066057
4.445	0.057515
4.45	0.045141
4.455	0.026132
4.46	0.0063557
4.465	-0.0097846
4.47	-0.022882
4.475	-0.033332
4.48	-0.041418
4.485	-0.045043
4.49	-0.043485
4.495	-0.035621
4.5	-0.026553
4.505	-0.023521
4.51	-0.030211
4.515	-0.045509
4.52	-0.063912
4.525	-0.079521
4.53	-0.088836
4.535	-0.092385
4.54	-0.09302
4.545	-0.085731
4.55	-0.069249
4.555	-0.05393
4.56	-0.04335
4.565	-0.039459
4.57	-0.039992
4.575	-0.038625
4.58	-0.029783
4.585	-0.012865
4.59	0.0090645
4.595	0.031523
4.6	0.052008
4.605	0.071805
4.61	0.087389
4.615	0.10063
4.62	0.11067
4.625	0.11379
4.63	0.11516
4.635	0.12089
4.64	0.13291
4.645	0.14961
4.65	0.16797
4.655	0.18514
4.66	0.19702
4.665	0.20119
4.67	0.20097
4.675	0.19917
4.68	0.19622
4.685	0.18996
4.69	0.17692
4.695	0.15822
4.7	0.13869
4.705	0.12094
4.71	0.10783
4.715	0.10143
4.72	0.10109
4.725	0.10288
4.73	0.10471
4.735	0.10382
4.74	0.096887
4.745	0.083259
4.75	0.06865
4.755	0.055
4.76	0.040733
4.765	0.03303
4.77	0.035973
4.775	0.044626
4.78	0.053523
4.785	0.063786
4.79	0.073795
4.795	0.080193
4.8	0.079019
4.805	0.063141
4.81	0.034349
4.815	0.0015303
4.82	-0.030836
4.825	-0.059619
4.83	-0.079147
4.835	-0.086598
4.84	-0.0838
4.845	-0.079945
4.85	-0.083287
4.855	-0.091018
4.86	-0.099692
4.865	-0.10538
4.87	-0.10744
4.875	-0.10495
4.88	-0.10035
4.885	-0.099931
4.89	-0.10632
4.895	-0.11491
4.9	-0.12291
4.905	-0.12599
4.91	-0.1245
4.915	-0.1231
4.92	-0.12291
4.925	-0.12512
4.93	-0.12861
4.935	-0.12702
4.94	-0.12311
4.945	-0.1213
4.95	-0.12035
4.955	-0.11851
4.96	-0.11337
4.965	-0.099694
4.97	-0.079483
4.975	-0.0597
4.98	-0.053029
4.985	-0.074388
4.99	-0.13867
4.995	-0.24814
5	-0.38168
5.005	-0.50759
5.01	-0.59907
5.015	-0.6421
5.02	-0.63616
5.025	-0.58854
5.03	-0.51803
5.035	-0.44914
5.04	-0.39698
5.045	-0.36887
5.05	-0.36055
5.055	-0.36527
5.06	-0.37629
5.065	-0.3888
5.07	-0.3992
5.075	-0.40138
5.08	-0.39523
5.085	-0.38461
5.09	-0.37103
5.095	-0.35755
5.1	-0.3455
5.105	-0.33276
5.11	-0.32029
5.115	-0.31268
5.12	-0.31289
5.125	-0.31748
5.13	-0.31998
5.135	-0.31945
5.14	-0.31203
5.145	-0.29462
5.15	-0.27431
5.155	-0.25751
5.16	-0.24409
5.165	-0.23254
5.17	-0.21958
5.175	-0.19927
5.18	-0.16645
5.185	-0.11304
5.19	-0.032153
5.195	0.076246
5.2	0.20124
5.205	0.32215
5.21	0.41967
5.215	0.47876
5.22	0.49451
5.225	0.47497
5.23	0.43592
5.235	0.39368
5.24	0.35538
5.245	0.32652
5.25	0.30485
5.255	0.28454
5.26	0.26482
5.265	0.24928
5.27	0.24244
5.275	0.24537
5.28	0.25597
5.285	0.26576
5.29	0.26447
5.295	0.25215
5.3	0.23648
5.305	0.22147
5.31	0.20743
5.315	0.19684
5.32	0.18728
5.325	0.17596
5.33	0.16357
5.335	0.14964
5.34	0.13923
5.345	0.13357
5.35	0.12941
5.355	0.12382
5.36	0.1157
5.365	0.10631
5.37	0.10016
5.375	0.099531
5.38	0.10841
5.385	0.13027
5.39	0.16421
5.395	0.2066
5.4	0.24938
5.405	0.28399
5.41	0.30531
5.415	0.31374
5.42	0.31585
5.425	0.31036
5.43	0.29823
5.435	0.2807
5.44	0.26393
5.445	0.25277
5.45	0.24572
5.455	0.23676
5.46	0.22179
5.465	0.20387
5.47	0.18445
5.475	0.15932
5.48	0.12991
5.485	0.10106
5.49	0.069984
5.495	0.03809
5.5	0.00912
5.505	-0.019409
5.51	-0.043152
5.515	-0.059167
5.52	-0.068444
5.525	-0.07344
5.53	-0.077683
5.535	-0.07762
5.54	-0.076143
5.545	-0.078766
5.55	-0.086085
5.555	-0.096707
5.56	-0.10989
5.565	-0.1242
5.57	-0.13807
5.575	-0.15094
5.58	-0.15411
5.585	-0.14262
5.59	-0.12439
5.595	-0.10859
5.6	-0.097437
5.605	-0.089342
5.61	-0.082779
5.615	-0.077071
5.62	-0.069507
5.625	-0.058778
5.63	-0.047094
5.635	-0.03393
5.64	-0.014917
5.645	0.0088463
5.65	0.031249
5.655	0.046411
5.66	0.055663
5.665	0.055648
5.67	0.051003
5.675	0.049949
5.68	0.051464
5.685	0.053634
5.69	0.055979
5.695	0.0596
5.7	0.065422
5.705	0.072758
5.71	0.078056
5.715	0.080282
5.72	0.086233
5.725	0.096717
5.73	0.1038
5.735	0.1051
5.74	0.10341
5.745	0.1011
5.75	0.10109
5.755	0.10764
5.76	0.11877
5.765	0.13185
5.77	0.14529
5.775	0.15655
5.78	0.16078
5.785	0.15356
5.79	0.13664
5.795	0.11294
5.8	0.083407
5.805	0.050256
5.81	0.021291
5.815	0.0084728
5.82	0.01992
5.825	0.061189
5.83	0.13013
5.835	0.21372
5.84	0.29707
5.845	0.36685
5.85	0.40763
5.855	0.415
5.86	0.39654
5.865	0.36219
5.87	0.32053
5.875	0.28067
5.88	0.25206
5.885	0.23875
5.89	0.24381
5.895	0.26537
5.9	0.29935
5.905	0.34209
5.91	0.39021
5.915	0.43907
5.92	0.4833
5.925	0.51876
5.93	0.54397
5.935	0.5577
5.94	0.56041
5.945	0.54911
5.95	0.52215
5.955	0.48256
5.96	0.43831
5.965	0.396
5.97	0.36063
5.975	0.33408
5.98	0.32152
5.985	0.32096
5.99	0.3196
5.995	0.30474
6	0.27636
6.005	0.24191
6.01	0.20638
6.015	0.17501
6.02	0.14503
6.025	0.11524
6.03	0.086022
6.035	0.055157
6.04	0.023536
6.045	-0.00066318
6.05	-0.0099274
6.055	-0.0082413
6.06	-0.0031391
6.065	-0.0011292
6.07	-0.0074355
6.075	-0.021697
6.08	-0.039934
6.085	-0.059602
6.09	-0.075465
6.095	-0.082149
6.1	-0.080142
6.105	-0.076451
6.11	-0.077313
6.115	-0.084694
6.12	-0.098262
6.125	-0.11508
6.13	-0.13251
6.135	-0.15117
6.14	-0.17208
6.145	-0.19328
6.15	-0.21229
6.155	-0.22556
6.16	-0.23061
6.165	-0.22948
6.17	-0.22674
6.175	-0.23358
6.18	-0.25129
6.185	-0.27332
6.19	-0.29775
6.195	-0.32727
6.2	-0.35993
6.205	-0.39363
6.21	-0.42645
6.215	-0.45667
6.22	-0.47852
6.225	-0.49137
6.23	-0.50252
6.235	-0.51648
6.24	-0.53262
6.245	-0.5494
6.25	-0.56468
6.255	-0.57497
6.26	-0.57963
6.265	-0.57915
6.27	-0.57667
6.275	-0.57939
6.28	-0.5887
6.285	-0.60034
6.29	-0.61655
6.295	-0.63819
6.3	-0.66404
6.305	-0.68989
6.31	-0.71094
6.315	-0.72567
6.32	-0.72951
6.325	-0.72397
6.33	-0.71599
6.335	-0.70764
6.34	-0.703
6.345	-0.70328
6.35	-0.70233
6.355	-0.69608
6.36	-0.68331
6.365	-0.66501
6.37	-0.6408
6.375	-0.61413
6.38	-0.59399
6.385	-0.58628
6.39	-0.58548
6.395	-0.58242
6.4	-0.57333
6.405	-0.56242
6.41	-0.55344
6.415	-0.547
6.42	-0.54212
6.425	-0.54026
6.43	-0.5414
6.435	-0.54171
6.44	-0.53769
6.445	-0.52481
6.45	-0.50812
6.455	-0.4956
6.46	-0.48399
6.465	-0.46961
6.47	-0.45277
6.475	-0.4317
6.48	-0.41115
6.485	-0.39458
6.49	-0.38111
6.495	-0.36584
6.5	-0.34694
6.505	-0.32601
6.51	-0.30242
6.515	-0.27511
6.52	-0.24612
6.525	-0.21999
6.53	-0.19814
6.535	-0.17756
6.54	-0.15803
6.545	-0.13815
6.55	-0.12083
6.555	-0.10608
6.56	-0.087878
6.565	-0.066892
6.57	-0.048801
6.575	-0.039588
6.58	-0.037968
6.585	-0.034661
6.59	-0.02483
6.595	-0.0094539
6.6	0.011945
6.605	0.04211
6.61	0.078202
6.615	0.11196
6.62	0.1389
6.625	0.16244
6.63	0.18928
6.635	0.21832
6.64	0.24435
6.645	0.2654
6.65	0.28556
6.655	0.30824
6.66	0.3346
6.665	0.36456
6.67	0.39584
6.675	0.42624
6.68	0.45424
6.685	0.47825
6.69	0.49843
6.695	0.51982
6.7	0.54202
6.705	0.55917
6.71	0.56719
6.715	0.57021
6.72	0.5687
6.725	0.56794
6.73	0.57028
6.735	0.57697
6.74	0.59226
6.745	0.61141
6.75	0.63165
6.755	0.65384
6.76	0.67405
6.765	0.69
6.77	0.70785
6.775	0.73039
6.78	0.75619
6.785	0.78568
6.79	0.81942
6.795	0.85337
6.8	0.88013
6.805	0.8935
6.81	0.89448
6.815	0.88625
6.82	0.87321
6.825	0.85917
6.83	0.84498
6.835	0.83128
6.84	0.81654
6.845	0.79693
6.85	0.7726
6.855	0.74627
6.86	0.71754
6.865	0.68938
6.87	0.66785
6.875	0.65282
6.88	0.641
6.885	0.63076
6.89	0.62198
6.895	0.61378
6.9	0.60324
6.905	0.58544
6.91	0.56166
6.915	0.53767
6.92	0.51529
6.925	0.49066
6.93	0.45816
6.935	0.42042
6.94	0.38297
6.945	0.34825
6.95	0.31635
6.955	0.28858
6.96	0.26841
6.965	0.25229
6.97	0.23832
6.975	0.22523
6.98	0.20955
6.985	0.18954
6.99	0.16355
6.995	0.13982
7	0.12051
7.005	0.11202
7.01	0.11503
7.015	0.12526
7.02	0.13665
7.025	0.1443
7.03	0.14154
7.035	0.12641
7.04	0.10078
7.045	0.071231
7.05	0.045389
7.055	0.026129
7.06	0.014113
7.065	0.0082272
7.07	0.0075376
7.075	0.013911
7.08	0.026814
7.085	0.039867
7.09	0.051216
7.095	0.060047
7.1	0.066429
7.105	0.071023
7.11	0.069654
7.115	0.060104
7.12	0.047795
7.125	0.041798
7.13	0.042658
7.135	0.044629
7.14	0.045388
7.145	0.048195
7.15	0.056942
7.155	0.071086
7.16	0.091493
7.165	0.11762
7.17	0.1441
7.175	0.16585
7.18	0.17776
7.185	0.17861
7.19	0.17658
7.195	0.17421
7.2	0.16477
7.205	0.13717
7.21	0.086559
7.215	0.0196
7.22	-0.052179
7.225	-0.12228
7.23	-0.18387
7.235	-0.23385
7.24	-0.27295
7.245	-0.30545
7.25	-0.34273
7.255	-0.38906
7.26	-0.4417
7.265	-0.50593
7.27	-0.58735
7.275	-0.67866
7.28	-0.76926
7.285	-0.85659
7.29	-0.93652
7.295	-1.0004
7.3	-1.0403
7.305	-1.0518
7.31	-1.0306
7.315	-0.97293
7.32	-0.8824
7.325	-0.76755
7.33	-0.64243
7.335	-0.5298
7.34	-0.44809
7.345	-0.40732
7.35	-0.4083
7.355	-0.4435
7.36	-0.5006
7.365	-0.56489
7.37	-0.62112
7.375	-0.65281
7.38	-0.65052
7.385	-0.61627
7.39	-0.56134
7.395	-0.49265
7.4	-0.41667
7.405	-0.34477
7.41	-0.29002
7.415	-0.26273
7.42	-0.26338
7.425	-0.28495
7.43	-0.32
7.435	-0.35448
7.44	-0.3751
7.445	-0.37604
7.45	-0.36266
7.455	-0.3441
7.46	-0.33232
7.465	-0.33352
7.47	-0.34506
7.475	-0.36362
7.48	-0.38504
7.485	-0.39854
7.49	-0.39474
7.495	-0.37775
7.5	-0.35348
7.505	-0.32254
7.51	-0.28847
7.515	-0.25696
7.52	-0.23165
7.525	-0.21566
7.53	-0.21551
7.535	-0.22733
7.54	-0.23854
7.545	-0.24143
7.55	-0.23887
7.555	-0.23472
7.56	-0.22783
7.565	-0.21832
7.57	-0.20776
7.575	-0.19563
7.58	-0.17805
7.585	-0.15524
7.59	-0.1289
7.595	-0.099018
7.6	-0.06591
7.605	-0.033735
7.61	-0.0035209
7.615	0.023391
7.62	0.050136
7.625	0.072882
7.63	0.089352
7.635	0.098228
7.64	0.098274
7.645	0.084544
7.65	0.054435
7.655	0.013769
7.66	-0.027254
7.665	-0.062644
7.67	-0.090444
7.675	-0.10737
7.68	-0.1095
7.685	-0.097051
7.69	-0.07497
7.695	-0.043278
7.7	-0.0060325
7.705	0.030646
7.71	0.058748
7.715	0.07402
7.72	0.078056
7.725	0.075769
7.73	0.071349
7.735	0.068789
7.74	0.066541
7.745	0.062608
7.75	0.062512
7.755	0.069595
7.76	0.078888
7.765	0.087732
7.77	0.096388
7.775	0.10508
7.78	0.11537
7.785	0.12579
7.79	0.1359
7.795	0.14411
7.8	0.14643
7.805	0.14205
7.81	0.13436
7.815	0.12843
7.82	0.12327
7.825	0.11683
7.83	0.10837
7.835	0.10074
7.84	0.097922
7.845	0.10342
7.85	0.11532
7.855	0.13105
7.86	0.1481
7.865	0.16404
7.87	0.17404
7.875	0.17721
7.88	0.18042
7.885	0.18273
7.89	0.18201
7.895	0.17904
7.9	0.17751
7.905	0.1769
7.91	0.17762
7.915	0.18267
7.92	0.19176
7.925	0.1996
7.93	0.2049
7.935	0.20852
7.94	0.20573
7.945	0.19403
7.95	0.17744
7.955	0.1627
7.96	0.15177
7.965	0.14422
7.97	0.13751
7.975	0.12835
7.98	0.11778
7.985	0.10612
7.99	0.092722
7.995	0.081252
8	0.077051
8.005	0.081068
8.01	0.089679
8.015	0.099589
8.02	0.10641
8.025	0.10803
8.03	0.10657
8.035	0.10082
8.04	0.086787
8.045	0.067457
8.05	0.051477
8.055	0.042736
8.06	0.042209
8.065	0.049269
8.07	0.06308
8.075	0.074223
8.08	0.074604
8.085	0.065655
8.09	0.051808
8.095	0.041203
8.1	0.038581
8.105	0.041642
8.11	0.048214
8.115	0.057007
8.12	0.070752
8.125	0.090574
8.13	0.11354
8.135	0.13726
8.14	0.16412
8.145	0.19321
8.15	0.23067
8.155	0.28131
8.16	0.33637
8.165	0.38498
8.17	0.41733
8.175	0.42653
8.18	0.41214
8.185	0.3813
8.19	0.33996
8.195	0.29291
8.2	0.24633
8.205	0.21006
8.21	0.18709
8.215	0.17656
8.22	0.17947
8.225	0.19791
8.23	0.22219
8.235	0.24109
8.24	0.24966
8.245	0.24763
8.25	0.23323
8.255	0.20768
8.26	0.17641
8.265	0.1463
8.27	0.12786
8.275	0.12894
8.28	0.14453
8.285	0.16483
8.29	0.18246
8.295	0.19292
8.3	0.19429
8.305	0.18983
8.31	0.1867
8.315	0.18903
8.32	0.19804
8.325	0.21148
8.33	0.22358
8.335	0.22837
8.34	0.22403
8.345	0.21495
8.35	0.20629
8.355	0.19764
8.36	0.19024
8.365	0.18297
8.37	0.17361
8.375	0.1628
8.38	0.15547
8.385	0.15256
8.39	0.15306
8.395	0.15747
8.4	0.16255
8.405	0.16284
8.41	0.15603
8.415	0.14343
8.42	0.1267
8.425	0.10413
8.43	0.07632
8.435	0.051448
8.44	0.037662
8.445	0.035742
8.45	0.042745
8.455	0.054017
8.46	0.058896
8.465	0.055821
8.47	0.048
8.475	0.039784
8.48	0.030677
8.485	0.019157
8.49	0.0070499
8.495	-0.0029834
8.5	-0.0083376
8.505	-0.0075714
8.51	-0.0025177
8.515	0.0030706
8.52	0.0061676
8.525	0.004716
8.53	-0.00804
8.535	-0.03381
8.54	-0.065523
8.545	-0.092729
8.55	-0.10806
8.555	-0.11321
8.56	-0.11052
8.565	-0.10081
8.57	-0.086945
8.575	-0.07209
8.58	-0.05965
8.585	-0.047417
8.59	-0.034394
8.595	-0.023126
8.6	-0.020782
8.605	-0.028411
8.61	-0.040899
8.615	-0.054487
8.62	-0.065097
8.625	-0.072874
8.63	-0.08254
8.635	-0.094718
8.64	-0.10768
8.645	-0.1196
8.65	-0.13039
8.655	-0.14076
8.66	-0.15249
8.665	-0.16566
8.67	-0.1844
8.675	-0.20927
8.68	-0.23548
8.685	-0.25971
8.69	-0.28055
8.695	-0.29535
8.7	-0.3009
8.705	-0.29965
8.71	-0.30028
8.715	-0.3052
8.72	-0.31392
8.725	-0.32845
8.73	-0.34542
8.735	-0.35973
8.74	-0.36981
8.745	-0.37481
8.75	-0.37281
8.755	-0.36303
8.76	-0.34939
8.765	-0.33649
8.77	-0.32192
8.775	-0.30422
8.78	-0.28781
8.785	-0.27313
8.79	-0.26227
8.795	-0.25872
8.8	-0.26267
8.805	-0.2727
8.81	-0.28418
8.815	-0.2904
8.82	-0.28698
8.825	-0.27552
8.83	-0.25856
8.835	-0.2386
8.84	-0.21823
8.845	-0.20287
8.85	-0.19485
8.855	-0.19208
8.86	-0.19388
8.865	-0.19626
8.87	-0.1945
8.875	-0.19151
8.88	-0.18964
8.885	-0.18892
8.89	-0.18488
8.895	-0.1779
8.9	-0.17137
8.905	-0.1604
8.91	-0.14267
8.915	-0.12459
8.92	-0.11413
8.925	-0.10774
8.93	-0.099705
8.935	-0.092357
8.94	-0.083033
8.945	-0.069945
8.95	-0.057569
8.955	-0.04921
8.96	-0.039681
8.965	-0.026394
8.97	-0.016018
8.975	-0.012348
8.98	-0.016584
8.985	-0.029058
8.99	-0.042666
8.995	-0.048837
9	-0.046615
9.005	-0.038821
9.01	-0.030062
9.015	-0.022472
9.02	-0.014728
9.025	-0.0021906
9.03	0.014974
9.035	0.033142
9.04	0.049467
9.045	0.058809
9.05	0.059869
9.055	0.054335
9.06	0.045548
9.065	0.036598
9.07	0.026862
9.075	0.017451
9.08	0.0095881
9.085	0.0073739
9.09	0.011444
9.095	0.023463
9.1	0.036652
9.105	0.04262
9.11	0.042458
9.115	0.04284
9.12	0.0452
9.125	0.048886
9.13	0.056857
9.135	0.073653
9.14	0.097047
9.145	0.11843
9.15	0.1299
9.155	0.12803
9.16	0.11475
9.165	0.099769
9.17	0.087828
9.175	0.078428
9.18	0.0737
9.185	0.072027
9.19	0.071278
9.195	0.072547
9.2	0.079781
9.205	0.086108
9.21	0.086841
9.215	0.086768
9.22	0.08691
9.225	0.084008
9.23	0.076605
9.235	0.069649
9.24	0.070242
9.245	0.078618
9.25	0.091111
9.255	0.1017
9.26	0.10809
9.265	0.10834
9.27	0.1016
9.275	0.089581
9.28	0.076966
9.285	0.069567
9.29	0.069602
9.295	0.073852
9.3	0.07935
9.305	0.079549
9.31	0.074467
9.315	0.067285
9.32	0.057574
9.325	0.045241
9.33	0.033996
9.335	0.030532
9.34	0.033921
9.345	0.03849
9.35	0.045147
9.355	0.05742
9.36	0.068937
9.365	0.075875
9.37	0.0815
9.375	0.083894
9.38	0.081076
9.385	0.080632
9.39	0.08536
9.395	0.09409
9.4	0.10535
9.405	0.11501
9.41	0.11948
9.415	0.11871
9.42	0.1157
9.425	0.11543
9.43	0.12072
9.435	0.13001
9.44	0.13667
9.445	0.13611
9.45	0.1275
9.455	0.11578
9.46	0.10177
9.465	0.086993
9.47	0.073446
9.475	0.059706
9.48	0.045097
9.485	0.031089
9.49	0.019896
9.495	0.012206
9.5	0.0073929
9.505	0.0052687
9.51	2.7593e-05
9.515	-0.01367
9.52	-0.033
9.525	-0.04967
9.53	-0.061316
9.535	-0.070303
9.54	-0.077541
9.545	-0.083508
9.55	-0.086372
9.555	-0.085754
9.56	-0.083223
9.565	-0.080181
9.57	-0.078745
9.575	-0.080388
9.58	-0.086047
9.585	-0.092257
9.59	-0.091671
9.595	-0.083245
9.6	-0.074923
9.605	-0.074079
9.61	-0.080009
9.615	-0.09236
9.62	-0.10825
9.625	-0.11404
9.63	-0.10682
9.635	-0.091125
9.64	-0.075165
9.645	-0.065398
9.65	-0.062893
9.655	-0.064581
9.66	-0.067959
9.665	-0.068826
9.67	-0.064506
9.675	-0.054524
9.68	-0.04226
9.685	-0.034958
9.69	-0.036747
9.695	-0.043269
9.7	-0.053096
9.705	-0.06018
9.71	-0.054952
9.715	-0.043915
9.72	-0.034859
9.725	-0.028255
9.73	-0.019356
9.735	-0.0094443
9.74	-0.003358
9.745	-0.0022934
9.75	-0.0058513
9.755	-0.013268
9.76	-0.020787
9.765	-0.024405
9.77	-0.020595
9.775	-0.01003
9.78	0.007052
9.785	0.020617
9.79	0.021812
9.795	0.01363
9.8	0.0026323
9.805	-0.0044025
9.81	-0.0060121
9.815	-0.0031014
9.82	0.0037461
9.825	0.013716
9.83	0.027763
9.835	0.041506
9.84	0.049908
9.845	0.053272
9.85	0.051679
9.855	0.048074
9.86	0.045283
9.865	0.044775
9.87	0.050103
9.875	0.059229
9.88	0.067277
9.885	0.075841
9.89	0.085028
9.895	0.092667
9.9	0.097188
9.905	0.098462
9.91	0.094623
9.915	0.088335
9.92	0.082126
9.925	0.080267
9.93	0.081206
9.935	0.082453
9.94	0.0809
9.945	0.078018
9.95	0.076244
9.955	0.074748
9.96	0.072843
9.965	0.07402
9.97	0.081246
9.975	0.089059
9.98	0.090133
9.985	0.087615
9.99	0.085046
9.995	0.078674
10	0.066641
10.005	0.0546
10.01	0.049414
10.015	0.051381
10.02	0.056866
10.025	0.061352
10.03	0.064042
10.035	0.063833
10.04	0.059136
10.045	0.053652
10.05	0.054184
10.055	0.062713
10.06	0.078342
10.065	0.096014
10.07	0.10751
10.075	0.11014
10.08	0.10683
10.085	0.099254
10.09	0.088849
10.095	0.076612
10.1	0.065325
10.105	0.058989
10.11	0.056725
10.115	0.055756
10.12	0.055124
10.125	0.053874
10.13	0.050726
10.135	0.044543
10.14	0.037339
10.145	0.030509
10.15	0.025177
10.155	0.023106
10.16	0.025303
10.165	0.030426
10.17	0.032379
10.175	0.030672
10.18	0.024503
10.185	0.016021
10.19	0.0075374
10.195	0.0013153
10.2	2.6584e-05
10.205	-0.0012301
10.21	-0.0022762
10.215	-0.004319
10.22	-0.0091581
10.225	-0.016756
10.23	-0.028846
10.235	-0.041337
10.24	-0.048655
10.245	-0.048734
10.25	-0.045296
10.255	-0.044388
10.26	-0.049421
10.265	-0.059043
10.27	-0.068236
10.275	-0.073646
10.28	-0.077823
10.285	-0.083856
10.29	-0.090077
10.295	-0.090398
10.3	-0.089131
10.305	-0.091064
10.31	-0.092596
10.315	-0.092561
10.32	-0.090906
10.325	-0.088444
10.33	-0.081944
10.335	-0.07326
10.34	-0.064604
10.345	-0.053606
10.35	-0.041511
10.355	-0.031688
10.36	-0.021587
10.365	-0.0089462
10.37	0.003271
10.375	0.013318
10.38	0.021618
10.385	0.025282
10.39	0.022526
10.395	0.018775
10.4	0.015957
10.405	0.011646
10.41	0.0080648
10.415	0.0083499
10.42	0.0093158
10.425	0.0076573
10.43	0.0056026
10.435	0.0034096
10.44	0.0003338
10.445	-0.0033058
10.45	-0.008295
10.455	-0.014662
10.46	-0.020548
10.465	-0.023874
10.47	-0.024827
10.475	-0.022939
10.48	-0.017173
10.485	-0.0094128
10.49	-0.0068696
10.495	-0.012201
10.5	-0.022146
10.505	-0.030029
10.51	-0.034924
10.515	-0.038236
10.52	-0.040085
10.525	-0.039254
10.53	-0.033489
10.535	-0.020903
10.54	-0.0049637
10.545	0.010331
10.55	0.021182
10.555	0.028094
10.56	0.035019
10.565	0.042142
10.57	0.047994
10.575	0.054775
10.58	0.061597
10.585	0.067932
10.59	0.071815
10.595	0.071489
10.6	0.069864
10.605	0.072211
10.61	0.076923
10.615	0.077445
10.62	0.073038
10.625	0.062173
10.63	0.047541
10.635	0.036237
10.64	0.031639
10.645	0.029295
10.65	0.029369
10.655	0.032259
10.66	0.037219
10.665	0.041928
10.67	0.049117
10.675	0.058685
10.68	0.067844
10.685	0.071802
10.69	0.071583
10.695	0.068484
10.7	0.061511
10.705	0.053491
10.71	0.046587
10.715	0.039954
10.72	0.032791
10.725	0.023351
10.73	0.012773
10.735	0.0053443
10.74	0.0061524
10.745	0.012986
10.75	0.019013
10.755	0.020509
10.76	0.020255
10.765	0.021237
10.77	0.023783
10.775	0.030014
10.78	0.036783
10.785	0.03864
10.79	0.037767
10.795	0.035561
10.8	0.031755
10.805	0.028922
10.81	0.030848
10.815	0.035929
10.82	0.040277
10.825	0.041934
10.83	0.042777
10.835	0.043018
10.84	0.04356
10.845	0.041771
10.85	0.034623
10.855	0.019263
10.86	-0.0048887
10.865	-0.036508
10.87	-0.070766
10.875	-0.098573
10.88	-0.11483
10.885	-0.12204
10.89	-0.12443
10.895	-0.12025
10.9	-0.11061
10.905	-0.098925
10.91	-0.089491
10.915	-0.083121
10.92	-0.07794
10.925	-0.072655
10.93	-0.070689
10.935	-0.07627
10.94	-0.088279
10.945	-0.10191
10.95	-0.1084
10.955	-0.10229
10.96	-0.088875
10.965	-0.074181
10.97	-0.066418
10.975	-0.067787
10.98	-0.077666
10.985	-0.094426
10.99	-0.10727
10.995	-0.10946
11	-0.10575
11.005	-0.10233
11.01	-0.1042
11.015	-0.10768
11.02	-0.11019
11.025	-0.1129
11.03	-0.11546
11.035	-0.121
11.04	-0.13367
11.045	-0.15399
11.05	-0.17886
11.055	-0.20632
11.06	-0.23191
11.065	-0.24892
11.07	-0.25803
11.075	-0.25924
11.08	-0.25258
11.085	-0.24051
11.09	-0.22556
11.095	-0.21264
11.1	-0.20403
11.105	-0.19917
11.11	-0.19648
11.115	-0.1958
11.12	-0.19201
11.125	-0.18313
11.13	-0.17094
11.135	-0.15655
11.14	-0.14442
11.145	-0.14186
11.15	-0.14837
11.155	-0.15768
11.16	-0.16299
11.165	-0.16159
11.17	-0.1537
11.175	-0.14018
11.18	-0.1214
11.185	-0.10464
11.19	-0.094433
11.195	-0.088029
11.2	-0.0859
11.205	-0.088947
11.21	-0.092012
11.215	-0.095907
11.22	-0.097792
11.225	-0.095767
11.23	-0.088105
11.235	-0.071186
11.24	-0.050814
11.245	-0.036802
11.25	-0.031823
11.255	-0.029201
11.26	-0.025865
11.265	-0.025059
11.27	-0.02731
11.275	-0.032388
11.28	-0.038367
11.285	-0.040566
11.29	-0.040589
11.295	-0.036415
11.3	-0.029178
11.305	-0.020106
11.31	-0.0087076
11.315	0.0032722
11.32	0.015618
11.325	0.024849
11.33	0.02593
11.335	0.023131
11.34	0.02108
11.345	0.021916
11.35	0.027723
11.355	0.037741
11.36	0.049438
11.365	0.061929
11.37	0.071152
11.375	0.070778
11.38	0.059316
11.385	0.040145
11.39	0.027024
11.395	0.028771
11.4	0.045532
11.405	0.071318
11.41	0.095228
11.415	0.10629
11.42	0.10062
11.425	0.083685
11.43	0.06273
11.435	0.042698
11.44	0.031416
11.445	0.033338
11.45	0.04376
11.455	0.055629
11.46	0.063716
11.465	0.065533
11.47	0.059501
11.475	0.05098
11.48	0.048752
11.485	0.053015
11.49	0.062275
11.495	0.076045
11.5	0.09109
11.505	0.10327
11.51	0.11073
11.515	0.11524
11.52	0.11936
11.525	0.11915
11.53	0.11169
11.535	0.099873
11.54	0.09186
11.545	0.090881
11.55	0.091173
11.555	0.093467
11.56	0.10058
11.565	0.10887
11.57	0.1184
11.575	0.13227
11.58	0.15016
11.585	0.16641
11.59	0.1762
11.595	0.17926
11.6	0.1777
11.605	0.17275
11.61	0.17056
11.615	0.17388
11.62	0.18065
11.625	0.19103
11.63	0.20252
11.635	0.20771
11.64	0.20689
11.645	0.20475
11.65	0.20274
11.655	0.19975
11.66	0.19619
11.665	0.19236
11.67	0.18829
11.675	0.18398
11.68	0.17916
11.685	0.17114
11.69	0.16198
11.695	0.15725
11.7	0.1566
11.705	0.15768
11.71	0.16055
11.715	0.16477
11.72	0.16548
11.725	0.15825
11.73	0.14818
11.735	0.14447
11.74	0.14832
11.745	0.15796
11.75	0.17396
11.755	0.19368
11.76	0.20987
11.765	0.21558
11.77	0.21064
11.775	0.19546
11.78	0.17739
11.785	0.16282
11.79	0.15467
11.795	0.15246
11.8	0.1517
11.805	0.15172
11.81	0.15042
11.815	0.14877
11.82	0.14584
11.825	0.13959
11.83	0.13611
11.835	0.13408
11.84	0.12803
11.845	0.11608
11.85	0.10458
11.855	0.097338
11.86	0.096618
11.865	0.10003
11.87	0.099531
11.875	0.094038
11.88	0.089484
11.885	0.085693
11.89	0.078233
11.895	0.062982
11.9	0.043924
11.905	0.02387
11.91	0.0055366
11.915	-0.0046316
11.92	-0.0047417
11.925	0.0034739
11.93	0.016671
11.935	0.029731
11.94	0.0377
11.945	0.039564
11.95	0.038408
11.955	0.031722
11.96	0.023715
11.965	0.019973
11.97	0.022612
11.975	0.027516
11.98	0.030549
11.985	0.031705
11.99	0.030237
11.995	0.028484
12	0.028785
12.005	0.0303
12.01	0.02461
12.015	0.010581
12.02	-0.0046772
12.025	-0.013623
12.03	-0.018672
12.035	-0.028145
12.04	-0.041501
12.045	-0.057955
12.05	-0.075549
12.055	-0.088261
12.06	-0.098267
12.065	-0.10654
12.07	-0.10845
12.075	-0.10143
12.08	-0.090487
12.085	-0.080064
12.09	-0.074243
12.095	-0.075848
12.1	-0.082835
12.105	-0.089742
12.11	-0.096636
12.115	-0.10763
12.12	-0.12776
12.125	-0.1546
12.13	-0.17965
12.135	-0.19623
12.14	-0.20434
12.145	-0.21278
12.15	-0.22593
12.155	-0.23763
12.16	-0.23981
12.165	-0.23038
12.17	-0.21614
12.175	-0.20147
12.18	-0.19092
12.185	-0.18844
12.19	-0.1927
12.195	-0.1999
12.2	-0.20972
12.205	-0.21896
12.21	-0.22591
12.215	-0.22771
12.22	-0.21815
12.225	-0.19852
12.23	-0.18035
12.235	-0.17063
12.24	-0.1652
12.245	-0.15841
12.25	-0.15137
12.255	-0.14526
12.26	-0.14007
12.265	-0.13544
12.27	-0.13249
12.275	-0.12813
12.28	-0.12477
12.285	-0.12614
12.29	-0.13101
12.295	-0.13414
12.3	-0.12926
12.305	-0.12024
12.31	-0.1089
12.315	-0.097012
12.32	-0.088008
12.325	-0.084019
12.33	-0.087073
12.335	-0.09175
12.34	-0.091685
12.345	-0.085329
12.35	-0.07612
12.355	-0.067836
12.36	-0.060831
12.365	-0.056125
12.37	-0.053475
12.375	-0.053268
12.38	-0.054721
12.385	-0.057328
12.39	-0.05867
12.395	-0.052893
12.4	-0.0414
12.405	-0.031955
12.41	-0.029641
12.415	-0.031328
12.42	-0.031738
12.425	-0.028082
12.43	-0.02279
12.435	-0.020601
12.44	-0.021863
12.445	-0.025604
12.45	-0.032912
12.455	-0.043054
12.46	-0.054467
12.465	-0.0629
12.47	-0.066193
12.475	-0.065426
12.48	-0.059649
12.485	-0.051196
12.49	-0.045137
12.495	-0.044673
12.5	-0.04766
12.505	-0.049489
12.51	-0.049423
12.515	-0.045778
12.52	-0.038421
12.525	-0.031306
12.53	-0.026877
12.535	-0.02431
12.54	-0.02603
12.545	-0.028818
12.55	-0.025274
12.555	-0.018786
12.56	-0.011845
12.565	-0.0014952
12.57	0.014983
12.575	0.034065
12.58	0.04562
12.585	0.048206
12.59	0.044052
12.595	0.032164
12.6	0.015462
12.605	0.00029403
12.61	-0.0081432
12.615	-0.010005
12.62	-0.0047309
12.625	0.0045248
12.63	0.012705
12.635	0.018984
12.64	0.024565
12.645	0.028479
12.65	0.029629
12.655	0.033743
12.66	0.041624
12.665	0.047717
12.67	0.051446
12.675	0.054788
12.68	0.0596
12.685	0.066383
12.69	0.07237
12.695	0.075863
12.7	0.077978
12.705	0.077923
12.71	0.075072
12.715	0.073419
12.72	0.075323
12.725	0.080596
12.73	0.084751
12.735	0.089262
12.74	0.091407
12.745	0.085315
12.75	0.075019
12.755	0.06758
12.76	0.068186
12.765	0.078177
12.77	0.091836
12.775	0.099311
12.78	0.096379
12.785	0.086814
12.79	0.07731
12.795	0.068039
12.8	0.057524
12.805	0.050167
12.81	0.046891
12.815	0.044007
12.82	0.039858
12.825	0.035013
12.83	0.030221
12.835	0.029338
12.84	0.033472
12.845	0.037526
12.85	0.036678
12.855	0.03069
12.86	0.022205
12.865	0.013686
12.87	0.011186
12.875	0.014054
12.88	0.016595
12.885	0.017141
12.89	0.016608
12.895	0.018141
12.9	0.023319
12.905	0.028301
12.91	0.030087
12.915	0.027729
12.92	0.021929
12.925	0.017068
12.93	0.014332
12.935	0.015793
12.94	0.021122
12.945	0.026925
12.95	0.030666
12.955	0.030146
12.96	0.025942
12.965	0.020479
12.97	0.017265
12.975	0.01993
12.98	0.025211
12.985	0.030565
12.99	0.03577
12.995	0.04126
13	0.045798
13.005	0.048993
13.01	0.047486
13.015	0.040526
13.02	0.033233
13.025	0.029372
13.03	0.029365
13.035	0.034031
13.04	0.045443
13.045	0.060202
13.05	0.07057
13.055	0.070839
13.06	0.061662
13.065	0.050784
13.07	0.044788
13.075	0.04761
13.08	0.05657
13.085	0.063692
13.09	0.062926
13.095	0.056696
13.1	0.045208
13.105	0.03047
13.11	0.020214
13.115	0.016989
13.12	0.01728
13.125	0.016522
13.13	0.015836
13.135	0.01771
13.14	0.024295
13.145	0.03104
13.15	0.035361
13.155	0.0354
13.16	0.029498
13.165	0.019505
13.17	0.010669
13.175	0.0041628
13.18	0.0033327
13.185	0.0060812
13.19	0.0094656
13.195	0.014839
13.2	0.022031
13.205	0.0299
13.21	0.035196
13.215	0.037529
13.22	0.035275
13.225	0.029331
13.23	0.026023
13.235	0.02508
13.24	0.01854
13.245	0.0048209
13.25	-0.0051627
13.255	-0.011914
13.26	-0.020308
13.265	-0.031403
13.27	-0.041212
13.275	-0.047523
13.28	-0.04995
13.285	-0.052206
13.29	-0.061432
13.295	-0.078155
13.3	-0.097234
13.305	-0.10854
13.31	-0.10543
13.315	-0.088365
13.32	-0.064713
13.325	-0.046368
13.33	-0.041704
13.335	-0.05105
13.34	-0.069245
13.345	-0.084261
13.35	-0.089961
13.355	-0.085168
13.36	-0.072193
13.365	-0.058485
13.37	-0.04543
13.375	-0.0382
13.38	-0.039911
13.385	-0.046743
13.39	-0.054617
13.395	-0.060704
13.4	-0.063661
13.405	-0.063238
13.41	-0.060938
13.415	-0.059733
13.42	-0.060712
13.425	-0.060045
13.43	-0.058604
13.435	-0.058054
13.44	-0.055244
13.445	-0.044968
13.45	-0.029312
13.455	-0.013597
13.46	0.00031
13.465	0.010579
13.47	0.014211
13.475	0.010849
13.48	0.006202
13.485	0.0049785
13.49	0.0052731
13.495	0.0019109
13.5	-0.0035129
13.505	-0.0055793
13.51	-0.001503
13.515	0.0010977
13.52	-0.0056966
13.525	-0.020247
13.53	-0.038185
13.535	-0.049921
13.54	-0.053188
13.545	-0.054543
13.55	-0.05571
13.555	-0.051386
13.56	-0.036706
13.565	-0.018955
13.57	-0.011845
13.575	-0.019541
13.58	-0.033864
13.585	-0.043617
13.59	-0.041395
13.595	-0.026785
13.6	-0.0061341
13.605	0.0093863
13.61	0.013806
13.615	0.0076742
13.62	-0.0043301
13.625	-0.015547
13.63	-0.017056
13.635	-0.0072405
13.64	0.004879
13.645	0.012509
13.65	0.015524
13.655	0.013758
13.66	0.0068748
13.665	-0.0043579
13.67	-0.016301
13.675	-0.029151
13.68	-0.039575
13.685	-0.044233
13.69	-0.042441
13.695	-0.039255
13.7	-0.038943
13.705	-0.040219
13.71	-0.042241
13.715	-0.044224
13.72	-0.046486
13.725	-0.04751
13.73	-0.048669
13.735	-0.051347
13.74	-0.055232
13.745	-0.059008
13.75	-0.061688
13.755	-0.061605
13.76	-0.055181
13.765	-0.042386
13.77	-0.023577
13.775	-0.0070819
13.78	-0.00047302
13.785	-0.002881
13.79	-0.011493
13.795	-0.016205
13.8	-0.010965
13.805	-0.0016038
13.81	0.0081934
13.815	0.021756
13.82	0.0358
13.825	0.043783
13.83	0.046059
13.835	0.044538
13.84	0.040696
13.845	0.035545
13.85	0.032247
13.855	0.033903
13.86	0.039328
13.865	0.047355
13.87	0.054022
13.875	0.057921
13.88	0.059841
13.885	0.060815
13.89	0.060282
13.895	0.057618
13.9	0.055054
13.905	0.052586
13.91	0.048483
13.915	0.04021
13.92	0.028808
13.925	0.020652
13.93	0.018831
13.935	0.028808
13.94	0.049143
13.945	0.069551
13.95	0.079545
13.955	0.077326
13.96	0.064331
13.965	0.042697
13.97	0.022635
13.975	0.012645
13.98	0.01275
13.985	0.017402
13.99	0.018697
13.995	0.014486
14	0.0072616
14.005	0.0016558
14.01	0.0019051
14.015	0.010086
14.02	0.022536
14.025	0.034518
14.03	0.041333
14.035	0.041216
14.04	0.037332
14.045	0.032845
14.05	0.02721
14.055	0.01907
14.06	0.0093127
14.065	0.0062776
14.07	0.016011
14.075	0.032422
14.08	0.049664
14.085	0.061542
14.09	0.066391
14.095	0.065198
14.1	0.058513
14.105	0.049414
14.11	0.041229
14.115	0.033664
14.12	0.02564
14.125	0.018291
14.13	0.012145
14.135	0.0077558
14.14	0.007971
14.145	0.011981
14.15	0.016342
14.155	0.021172
14.16	0.02343
14.165	0.02306
14.17	0.02214
14.175	0.021607
14.18	0.018106
14.185	0.014614
14.19	0.014586
14.195	0.019704
14.2	0.028811
14.205	0.036679
14.21	0.03952
14.215	0.0381
14.22	0.0358
14.225	0.036365
14.23	0.040443
14.235	0.044528
14.24	0.043696
14.245	0.037796
14.25	0.029799
14.255	0.024228
14.26	0.024635
14.265	0.028786
14.27	0.034403
14.275	0.040824
14.28	0.048898
14.285	0.059222
14.29	0.070119
14.295	0.079303
14.3	0.083242
14.305	0.07967
14.31	0.072694
14.315	0.068418
14.32	0.067109
14.325	0.069771
14.33	0.074913
14.335	0.074984
14.34	0.069743
14.345	0.059212
14.35	0.047803
14.355	0.039751
14.36	0.035682
14.365	0.033975
14.37	0.034096
14.375	0.034961
14.38	0.035079
14.385	0.033445
14.39	0.030993
14.395	0.030818
14.4	0.031398
14.405	0.029868
14.41	0.02716
14.415	0.022433
14.42	0.015283
14.425	0.0089417
14.43	0.0082512
14.435	0.012962
14.44	0.022321
14.445	0.031613
14.45	0.036503
14.455	0.033788
14.46	0.021177
14.465	0.0070247
14.47	-0.001545
14.475	-0.0066596
14.48	-0.010446
14.485	-0.012184
14.49	-0.0097451
14.495	-0.0038791
14.5	0.00263
14.505	0.0040992
14.51	-0.0024183
14.515	-0.008774
14.52	-0.0092631
14.525	-0.0088736
14.53	-0.011627
14.535	-0.016361
14.54	-0.023823
14.545	-0.033553
14.55	-0.041779
14.555	-0.046338
14.56	-0.049521
14.565	-0.047929
14.57	-0.04068
14.575	-0.034544
14.58	-0.033702
14.585	-0.035849
14.59	-0.036294
14.595	-0.033647
14.6	-0.026749
14.605	-0.019042
14.61	-0.012698
14.615	-0.010212
14.62	-0.0050027
14.625	0.0016277
14.63	0.0047188
14.635	0.0038558
14.64	-0.0018943
14.645	-0.01386
14.65	-0.027151
14.655	-0.03511
14.66	-0.03621
14.665	-0.041207
14.67	-0.049367
14.675	-0.052164
14.68	-0.047993
14.685	-0.040301
14.69	-0.037046
14.695	-0.039921
14.7	-0.046417
14.705	-0.050125
14.71	-0.048248
14.715	-0.042694
14.72	-0.035138
14.725	-0.028656
14.73	-0.026657
14.735	-0.03398
14.74	-0.050502
14.745	-0.065705
14.75	-0.074453
14.755	-0.075006
14.76	-0.068132
14.765	-0.057864
14.77	-0.0477
14.775	-0.039915
14.78	-0.040105
14.785	-0.05133
14.79	-0.066306
14.795	-0.081278
14.8	-0.092056
14.805	-0.09022
14.81	-0.07448
14.815	-0.052332
14.82	-0.031962
14.825	-0.018947
14.83	-0.018573
14.835	-0.031515
14.84	-0.0476
14.845	-0.055568
14.85	-0.053735
14.855	-0.045222
14.86	-0.038125
14.865	-0.03908
14.87	-0.048197
14.875	-0.061856
14.88	-0.076503
14.885	-0.086087
14.89	-0.084564
14.895	-0.074479
14.9	-0.063938
14.905	-0.057755
14.91	-0.052134
14.915	-0.051616
14.92	-0.059481
14.925	-0.069718
14.93	-0.081461
14.935	-0.092982
14.94	-0.099836
14.945	-0.09975
14.95	-0.0947
14.955	-0.088089
14.96	-0.081311
14.965	-0.076214
14.97	-0.069729
14.975	-0.062877
14.98	-0.057304
14.985	-0.055522
14.99	-0.05901
14.995	-0.065454
15	-0.070178
15.005	-0.067874
15.01	-0.059916
15.015	-0.052018
15.02	-0.04461
15.025	-0.036694
15.03	-0.026417
15.035	-0.014285
15.04	-0.0021167
15.045	0.01174
15.05	0.024526
15.055	0.032857
15.06	0.033424
15.065	0.029401
15.07	0.025819
15.075	0.02338
15.08	0.023317
15.085	0.02058
15.09	0.015126
15.095	0.012761
15.1	0.013918
15.105	0.011912
15.11	0.0076288
15.115	0.0049674
15.12	0.0076205
15.125	0.014615
15.13	0.025348
15.135	0.035261
15.14	0.037398
15.145	0.030732
15.15	0.017986
15.155	0.0064609
15.16	0.0022245
15.165	0.0070626
15.17	0.016302
15.175	0.021124
15.18	0.014804
15.185	0.00086568
15.19	-0.01177
15.195	-0.017739
15.2	-0.014549
15.205	-0.0025433
15.21	0.016052
15.215	0.038643
15.22	0.056664
15.225	0.063025
15.23	0.057013
15.235	0.038622
15.24	0.016032
15.245	-0.0052272
15.25	-0.019313
15.255	-0.022873
15.26	-0.01706
15.265	-0.0074128
15.27	-0.0021407
15.275	-0.0020562
15.28	-0.0024065
15.285	-0.0035998
15.29	-0.0063563
15.295	-0.012534
15.3	-0.016258
15.305	-0.0097278
15.31	0.0047687
15.315	0.022614
15.32	0.036528
15.325	0.043219
15.33	0.048291
15.335	0.058387
15.34	0.072076
15.345	0.083421
15.35	0.088184
15.355	0.087461
15.36	0.080753
15.365	0.068798
15.37	0.057293
15.375	0.05373
15.38	0.056687
15.385	0.061763
15.39	0.065328
15.395	0.066781
15.4	0.066991
15.405	0.070918
15.41	0.075931
15.415	0.075645
15.42	0.068884
15.425	0.057141
15.43	0.045259
15.435	0.040308
15.44	0.040787
15.445	0.040479
15.45	0.037544
15.455	0.032763
15.46	0.025326
15.465	0.017553
15.47	0.0098827
15.475	0.0036137
15.48	-0.0016128
15.485	-0.0025038
15.49	0.0021014
15.495	0.0067304
15.5	0.0040705
15.505	-0.0078624
15.51	-0.025676
15.515	-0.042406
15.52	-0.051322
15.525	-0.050008
15.53	-0.042786
15.535	-0.034905
15.54	-0.030622
15.545	-0.034345
15.55	-0.040465
15.555	-0.040109
15.56	-0.033156
15.565	-0.022825
15.57	-0.01489
15.575	-0.013547
15.58	-0.02105
15.585	-0.030076
15.59	-0.033058
15.595	-0.033228
15.6	-0.032314
15.605	-0.030023
15.61	-0.024458
15.615	-0.019555
15.62	-0.016768
15.625	-0.012962
15.63	-0.0097197
15.635	-0.01017
15.64	-0.014466
15.645	-0.02122
15.65	-0.027468
15.655	-0.028468
15.66	-0.020008
15.665	-0.0064203
15.67	0.007144
15.675	0.021273
15.68	0.031868
15.685	0.038013
15.69	0.043436
15.695	0.046485
15.7	0.045634
15.705	0.042341
15.71	0.038818
15.715	0.034778
15.72	0.034587
15.725	0.040349
15.73	0.047017
15.735	0.049477
15.74	0.045203
15.745	0.036914
15.75	0.033172
15.755	0.036708
15.76	0.04628
15.765	0.054327
15.77	0.055783
15.775	0.053787
15.78	0.051256
15.785	0.04719
15.79	0.046825
15.795	0.048027
15.8	0.04806
15.805	0.048105
15.81	0.045809
15.815	0.03926
15.82	0.029873
15.825	0.020623
15.83	0.01342
15.835	0.0088559
15.84	0.013234
15.845	0.02669
15.85	0.039786
15.855	0.049001
15.86	0.054128
15.865	0.057106
15.87	0.057607
15.875	0.052561
15.88	0.044476
15.885	0.035085
15.89	0.024859
15.895	0.015675
15.9	0.0098478
15.905	0.0087546
15.91	0.012386
15.915	0.016486
15.92	0.016844
15.925	0.011583
15.93	0.0071267
15.935	0.0080444
15.94	0.010145
15.945	0.015181
15.95	0.02446
15.955	0.036614
15.96	0.046012
15.965	0.04447
15.97	0.031212
15.975	0.017669
15.98	0.006431
15.985	0.0013758
15.99	0.0010571
15.995	0.0013971
16	0.0024686
16.005	-3.8957e-05
16.01	-0.0053897
16.015	-0.011231
16.02	-0.018369
16.025	-0.028081
16.03	-0.039945
16.035	-0.046029
16.04	-0.044786
16.045	-0.042617
16.05	-0.038924
16.055	-0.031005
16.06	-0.020633
16.065	-0.0098257
16.07	7.3002e-05
16.075	0.0056891
16.08	0.0037548
16.085	-0.0014499
16.09	-0.0034584
16.095	-0.0012673
16.1	0.0048307
16.105	0.011808
16.11	0.016207
16.115	0.016131
16.12	0.015598
16.125	0.015412
16.13	0.013173
16.135	0.0088695
16.14	0.0047773
16.145	9.1891e-05
16.15	-0.006429
16.155	-0.01591
16.16	-0.0263
16.165	-0.036254
16.17	-0.041629
16.175	-0.042092
16.18	-0.040846
16.185	-0.041209
16.19	-0.042776
16.195	-0.046854
16.2	-0.055274
16.205	-0.064939
16.21	-0.072533
16.215	-0.078292
16.22	-0.084669
16.225	-0.093037
16.23	-0.10388
16.235	-0.11355
16.24	-0.11668
16.245	-0.10843
16.25	-0.092628
16.255	-0.076377
16.26	-0.065292
16.265	-0.060872
16.27	-0.064032
16.275	-0.070758
16.28	-0.077141
16.285	-0.084474
16.29	-0.089461
16.295	-0.091696
16.3	-0.092959
16.305	-0.087986
16.31	-0.076968
16.315	-0.066259
16.32	-0.057329
16.325	-0.050589
16.33	-0.047136
16.335	-0.043099
16.34	-0.034889
16.345	-0.023363
16.35	-0.013785
16.355	-0.012038
16.36	-0.022512
16.365	-0.040731
16.37	-0.061383
16.375	-0.078317
16.38	-0.088135
16.385	-0.088417
16.39	-0.07822
16.395	-0.060952
16.4	-0.044255
16.405	-0.03384
16.41	-0.031355
16.415	-0.032778
16.42	-0.029042
16.425	-0.018358
16.43	-0.0034866
16.435	0.0087936
16.44	0.014332
16.445	0.015243
16.45	0.015018
16.455	0.017308
16.46	0.021856
16.465	0.023389
16.47	0.019481
16.475	0.01073
16.48	-0.00049485
16.485	-0.0077478
16.49	-0.0015302
16.495	0.01368
16.5	0.025322
16.505	0.02705
16.51	0.024133
16.515	0.021325
16.52	0.020264
16.525	0.024456
16.53	0.030544
16.535	0.034506
16.54	0.03329
16.545	0.025491
16.55	0.016322
16.555	0.0082364
16.56	0.0050057
16.565	0.008449
16.57	0.015366
16.575	0.022697
16.58	0.030087
16.585	0.03739
16.59	0.044111
16.595	0.048807
16.6	0.050683
16.605	0.052017
16.61	0.055357
16.615	0.057717
16.62	0.057464
16.625	0.054437
16.63	0.049252
16.635	0.046159
16.64	0.043948
16.645	0.038072
16.65	0.032069
16.655	0.028143
16.66	0.026931
16.665	0.031768
16.67	0.039322
16.675	0.046443
16.68	0.052462
16.685	0.055426
16.69	0.05422
16.695	0.051739
16.7	0.04886
16.705	0.045261
16.71	0.041893
16.715	0.041302
16.72	0.045733
16.725	0.053464
16.73	0.059088
16.735	0.05984
16.74	0.053785
16.745	0.040781
16.75	0.023109
16.755	0.0083878
16.76	0.0016649
16.765	0.0051628
16.77	0.01531
16.775	0.028147
16.78	0.038587
16.785	0.044986
16.79	0.047304
16.795	0.047766
16.8	0.050945
16.805	0.057703
16.81	0.06838
16.815	0.082898
16.82	0.099292
16.825	0.11392
16.83	0.12079
16.835	0.1181
16.84	0.11128
16.845	0.10166
16.85	0.091397
16.855	0.082001
16.86	0.072053
16.865	0.064825
16.87	0.06184
16.875	0.06527
16.88	0.066929
16.885	0.062872
16.89	0.055044
16.895	0.045332
16.9	0.037466
16.905	0.034198
16.91	0.038958
16.915	0.04854
16.92	0.057259
16.925	0.062163
16.93	0.060164
16.935	0.051225
16.94	0.039277
16.945	0.026513
16.95	0.013363
16.955	0.0028503
16.96	-0.0030589
16.965	-0.0044049
16.97	-0.0012674
16.975	0.0069657
16.98	0.0148
16.985	0.019748
16.99	0.022588
16.995	0.022789
17	0.018531
17.005	0.013387
17.01	0.012481
17.015	0.01517
17.02	0.022145
17.025	0.031541
17.03	0.038873
17.035	0.041423
17.04	0.035359
17.045	0.024594
17.05	0.015627
17.055	0.010666
17.06	0.0079578
17.065	0.0061681
17.07	0.0065277
17.075	0.0063642
17.08	0.0053296
17.085	0.0051244
17.09	0.0014703
17.095	-0.0084519
17.1	-0.024509
17.105	-0.041358
17.11	-0.048591
17.115	-0.044147
17.12	-0.031338
17.125	-0.012834
17.13	0.0053902
17.135	0.014482
17.14	0.0080224
17.145	-0.007217
17.15	-0.021738
17.155	-0.032202
17.16	-0.035643
17.165	-0.032679
17.17	-0.027551
17.175	-0.020328
17.18	-0.013502
17.185	-0.011335
17.19	-0.014777
17.195	-0.021644
17.2	-0.031639
17.205	-0.044503
17.21	-0.057556
17.215	-0.062999
17.22	-0.057212
17.225	-0.043662
17.23	-0.02746
17.235	-0.016721
17.24	-0.013
17.245	-0.015711
17.25	-0.025647
17.255	-0.041129
17.26	-0.0583
17.265	-0.074834
17.27	-0.088688
17.275	-0.092888
17.28	-0.085771
17.285	-0.070664
17.29	-0.056518
17.295	-0.048582
17.3	-0.046007
17.305	-0.046281
17.31	-0.049166
17.315	-0.051195
17.32	-0.048325
17.325	-0.04151
17.33	-0.035083
17.335	-0.031195
17.34	-0.030764
17.345	-0.036381
17.35	-0.043748
17.355	-0.051594
17.36	-0.060077
17.365	-0.064957
17.37	-0.065636
17.375	-0.067158
17.38	-0.069506
17.385	-0.068864
17.39	-0.064871
17.395	-0.060992
17.4	-0.060263
17.405	-0.061243
17.41	-0.064888
17.415	-0.072648
17.42	-0.08336
17.425	-0.093132
17.43	-0.098228
17.435	-0.099857
17.44	-0.10114
17.445	-0.1022
17.45	-0.097476
17.455	-0.083553
17.46	-0.061978
17.465	-0.039876
17.47	-0.026492
17.475	-0.02446
17.48	-0.034869
17.485	-0.054394
17.49	-0.073211
17.495	-0.082214
17.5	-0.078616
17.505	-0.064818
17.51	-0.049915
17.515	-0.039438
17.52	-0.028835
17.525	-0.015452
17.53	-0.0072147
17.535	-0.009518
17.54	-0.017291
17.545	-0.022967
17.55	-0.025749
17.555	-0.025709
17.56	-0.024907
17.565	-0.020127
17.57	-0.011922
17.575	-0.005485
17.58	-0.005091
17.585	-0.0097351
17.59	-0.010218
17.595	-0.0035205
17.6	0.0053464
17.605	0.012718
17.61	0.016137
17.615	0.014821
17.62	0.01133
17.625	0.013451
17.63	0.021602
17.635	0.032478
17.64	0.043163
17.645	0.049788
17.65	0.052357
17.655	0.052262
17.66	0.04901
17.665	0.037459
17.67	0.019584
17.675	0.0042577
17.68	-0.0054723
17.685	-0.010717
17.69	-0.011557
17.695	-0.0094301
17.7	-0.005761
17.705	-2.5432e-05
17.71	0.009032
17.715	0.017874
17.72	0.023307
17.725	0.02458
17.73	0.023006
17.735	0.014327
17.74	0.00071479
17.745	-0.0066668
17.75	-0.0051369
17.755	-0.0016353
17.76	-0.00064935
17.765	-0.005623
17.77	-0.012986
17.775	-0.017315
17.78	-0.01173
17.785	0.0014366
17.79	0.016331
17.795	0.030414
17.8	0.043459
17.805	0.055008
17.81	0.06154
17.815	0.058931
17.82	0.048827
17.825	0.032915
17.83	0.011895
17.835	-0.010764
17.84	-0.026551
17.845	-0.027177
17.85	-0.01271
17.855	0.01135
17.86	0.034918
17.865	0.053554
17.87	0.067194
17.875	0.071782
17.88	0.068405
17.885	0.060135
17.89	0.047241
17.895	0.034401
17.9	0.019508
17.905	0.0036482
17.91	-0.0075369
17.915	-0.0087401
17.92	-0.0022417
17.925	0.0077818
17.93	0.018827
17.935	0.031276
17.94	0.042174
17.945	0.046386
17.95	0.041824
17.955	0.032252
17.96	0.022373
17.965	0.016472
17.97	0.010014
17.975	-0.0023929
17.98	-0.014889
17.985	-0.01634
17.99	-0.0050888
17.995	0.012778
18	0.029997
18.005	0.036797
18.01	0.03399
18.015	0.025451
18.02	0.016162
18.025	0.010107
18.03	0.0089423
18.035	0.012711
18.04	0.014238
18.045	0.0082415
18.05	0.00012022
18.055	-0.0069607
18.06	-0.014689
18.065	-0.022225
18.07	-0.02719
18.075	-0.026996
18.08	-0.0247
18.085	-0.022236
18.09	-0.019038
18.095	-0.017296
18.1	-0.017778
18.105	-0.016476
18.11	-0.013558
18.115	-0.01542
18.12	-0.021358
18.125	-0.022634
18.13	-0.017258
18.135	-0.006882
18.14	-0.00028371
18.145	0.00060698
18.15	-0.0059825
18.155	-0.016703
18.16	-0.023624
18.165	-0.022517
18.17	-0.012011
18.175	0.0030719
18.18	0.013152
18.185	0.013838
18.19	0.0056368
18.195	-0.0036398
18.2	-0.0048323
18.205	0.0060573
18.21	0.02351
18.215	0.037037
18.22	0.038712
18.225	0.027139
18.23	0.011335
18.235	0.00036597
18.24	-0.0026639
18.245	-0.00054331
18.25	0.00023656
18.255	-0.0021555
18.26	-0.0043861
18.265	-0.0036029
18.27	3.1596e-05
18.275	0.0017538
18.28	-0.001903
18.285	-0.0068622
18.29	-0.0056888
18.295	0.0013091
18.3	0.014131
18.305	0.030087
18.31	0.040943
18.315	0.042564
18.32	0.038422
18.325	0.028443
18.33	0.015989
18.335	0.0081169
18.34	0.0078087
18.345	0.011815
18.35	0.018819
18.355	0.027743
18.36	0.036518
18.365	0.042253
18.37	0.038264
18.375	0.023179
18.38	-0.0027249
18.385	-0.034671
18.39	-0.06334
18.395	-0.080503
18.4	-0.08264
18.405	-0.070827
18.41	-0.050587
18.415	-0.032297
18.42	-0.025014
18.425	-0.027544
18.43	-0.03698
18.435	-0.046083
18.44	-0.050257
18.445	-0.044793
18.45	-0.032716
18.455	-0.019316
18.46	-0.0067988
18.465	0.001299
18.47	0.0019457
18.475	-0.00024149
18.48	-0.0014967
18.485	-0.0030096
18.49	-0.0058305
18.495	-0.0091849
18.5	-0.011106
18.505	-0.012805
18.51	-0.011722
18.515	-0.0095588
18.52	-0.010482
18.525	-0.014281
18.53	-0.021097
18.535	-0.029857
18.54	-0.03536
18.545	-0.030332
18.55	-0.015281
18.555	0.0025476
18.56	0.017201
18.565	0.02403
18.57	0.021661
18.575	0.017324
18.58	0.014326
18.585	0.01371
18.59	0.014136
18.595	0.013689
18.6	0.0087019
18.605	0.00065886
18.61	-0.0085456
18.615	-0.020098
18.62	-0.031265
18.625	-0.040142
18.63	-0.043769
18.635	-0.040393
18.64	-0.03005
18.645	-0.01754
18.65	-0.0077916
18.655	-0.0073609
18.66	-0.012034
18.665	-0.014985
18.67	-0.015161
18.675	-0.015841
18.68	-0.01352
18.685	-0.005502
18.69	0.0040373
18.695	0.011973
18.7	0.014395
18.705	0.0086345
18.71	-0.00039504
18.715	-0.0052021
18.72	-0.0036731
18.725	0.0031986
18.73	0.014701
18.735	0.031128
18.74	0.048126
18.745	0.060361
18.75	0.067497
18.755	0.068508
18.76	0.064454
18.765	0.058927
18.77	0.054519
18.775	0.051559
18.78	0.051301
18.785	0.057027
18.79	0.065828
18.795	0.076002
18.8	0.089013
18.805	0.10125
18.81	0.10759
18.815	0.10878
18.82	0.10928
18.825	0.10766
18.83	0.10438
18.835	0.098545
18.84	0.088127
18.845	0.071957
18.85	0.054343
18.855	0.041363
18.86	0.039038
18.865	0.049137
18.87	0.06499
18.875	0.073913
18.88	0.070603
18.885	0.058992
18.89	0.041213
18.895	0.022845
18.9	0.012355
18.905	0.010181
18.91	0.013027
18.915	0.019454
18.92	0.029218
18.925	0.037663
18.93	0.036946
18.935	0.029025
18.94	0.018962
18.945	0.011347
18.95	0.0057694
18.955	0.0001944
18.96	-0.0071012
18.965	-0.016527
18.97	-0.027325
18.975	-0.037109
18.98	-0.042201
18.985	-0.043335
18.99	-0.04024
18.995	-0.035409
19	-0.034177
19.005	-0.033767
19.01	-0.031311
19.015	-0.024874
19.02	-0.015746
19.025	-0.011306
19.03	-0.015824
19.035	-0.031276
19.04	-0.052369
19.045	-0.068297
19.05	-0.076046
19.055	-0.07377
19.06	-0.060645
19.065	-0.040951
19.07	-0.019018
19.075	2.7112e-05
19.08	0.012199
19.085	0.015955
19.09	0.013264
19.095	0.0088068
19.1	0.0065633
19.105	0.0074087
19.11	0.01368
19.115	0.022455
19.12	0.028011
19.125	0.03036
19.13	0.033924
19.135	0.038263
19.14	0.043901
19.145	0.047312
19.15	0.050473
19.155	0.052246
19.16	0.05008
19.165	0.043571
19.17	0.038254
19.175	0.036701
19.18	0.038779
19.185	0.040891
19.19	0.039132
19.195	0.035386
19.2	0.03703
19.205	0.045584
19.21	0.055719
19.215	0.062765
19.22	0.06232
19.225	0.05595
19.23	0.047037
19.235	0.033351
19.24	0.017562
19.245	0.0062883
19.25	-0.00034958
19.255	-0.0043528
19.26	-0.0037451
19.265	0.0024875
19.27	0.0128
19.275	0.025412
19.28	0.036341
19.285	0.03824
19.29	0.028802
19.295	0.01154
19.3	-0.0061143
19.305	-0.016498
19.31	-0.01876
19.315	-0.015827
19.32	-0.012156
19.325	-0.010302
19.33	-0.011521
19.335	-0.016155
19.34	-0.022128
19.345	-0.022243
19.35	-0.017813
19.355	-0.015376
19.36	-0.016142
19.365	-0.019664
19.37	-0.023765
19.375	-0.029291
19.38	-0.032164
19.385	-0.029565
19.39	-0.024601
19.395	-0.019834
19.4	-0.019447
19.405	-0.025518
19.41	-0.035069
19.415	-0.041872
19.42	-0.043206
19.425	-0.040037
19.43	-0.032419
19.435	-0.024361
19.44	-0.016926
19.445	-0.012087
19.45	-0.012051
19.455	-0.015881
19.46	-0.024429
19.465	-0.033437
19.47	-0.038699
19.475	-0.041937
19.48	-0.041234
19.485	-0.035751
19.49	-0.031936
19.495	-0.034659
19.5	-0.04308
19.505	-0.054875
19.51	-0.069314
19.515	-0.081166
19.52	-0.08701
19.525	-0.087937
19.53	-0.085271
19.535	-0.08162
19.54	-0.078548
19.545	-0.075688
19.55	-0.070764
19.555	-0.062368
19.56	-0.05409
19.565	-0.048323
19.57	-0.044727
19.575	-0.04529
19.58	-0.051511
19.585	-0.058299
19.59	-0.060255
19.595	-0.061352
19.6	-0.061454
19.605	-0.05938
19.61	-0.055925
19.615	-0.050194
19.62	-0.041043
19.625	-0.033012
19.63	-0.03041
19.635	-0.033053
19.64	-0.040225
19.645	-0.047263
19.65	-0.050501
19.655	-0.048606
19.66	-0.042596
19.665	-0.041268
19.67	-0.048871
19.675	-0.063063
19.68	-0.077284
19.685	-0.083322
19.69	-0.077042
19.695	-0.065533
19.7	-0.057427
19.705	-0.056464
19.71	-0.059424
19.715	-0.058242
19.72	-0.047727
19.725	-0.029526
19.73	-0.01462
19.735	-0.011711
19.74	-0.020851
19.745	-0.036457
19.75	-0.052074
19.755	-0.059441
19.76	-0.05016
19.765	-0.026179
19.77	0.0050355
19.775	0.0332
19.78	0.049104
19.785	0.049631
19.79	0.041391
19.795	0.02896
19.8	0.018742
19.805	0.014345
19.81	0.016025
19.815	0.019586
19.82	0.022939
19.825	0.027884
19.83	0.033735
19.835	0.039929
19.84	0.048318
19.845	0.056827
19.85	0.06123
19.855	0.060122
19.86	0.0568
19.865	0.054889
19.87	0.056719
19.875	0.060754
19.88	0.060988
19.885	0.057798
19.89	0.056219
19.895	0.055031
19.9	0.052436
19.905	0.048225
19.91	0.045953
19.915	0.041322
19.92	0.034466
19.925	0.028468
19.93	0.023485
19.935	0.017024
19.94	0.0058665
19.945	-0.0036491
19.95	-0.0057532
19.955	-0.0047668
19.96	-0.0013453
19.965	0.007547
19.97	0.021976
19.975	0.037048
19.98	0.046856
19.985	0.048747
19.99	0.043746
19.995	0.035198
20	0.023597
20.005	0.0088638
20.01	-0.0063136
20.015	-0.019909
20.02	-0.0287
20.025	-0.032139
20.03	-0.033315
20.035	-0.0336
20.04	-0.027331
20.045	-0.015637
20.05	-0.0024603
20.055	0.0096002
20.06	0.012747
20.065	0.0056417
20.07	-0.0091396
20.075	-0.024503
20.08	-0.031454
20.085	-0.027891
20.09	-0.02135
20.095	-0.014468
20.1	-0.0029685
20.105	0.013982
20.11	0.030305
20.115	0.037408
20.12	0.033
20.125	0.024624
20.13	0.02065
20.135	0.02065
20.14	0.019775
20.145	0.017397
20.15	0.015363
20.155	0.013879
20.16	0.01468
20.165	0.018123
20.17	0.022421
20.175	0.025172
20.18	0.024836
20.185	0.022567
20.19	0.01595
20.195	0.0034772
20.2	-0.012264
20.205	-0.02582
20.21	-0.03253
20.215	-0.033218
20.22	-0.02876
20.225	-0.019598
20.23	-0.0093397
20.235	-0.0034267
20.24	-0.0024935
20.245	0.0012638
20.25	0.013185
20.255	0.027828
20.26	0.035833
20.265	0.034824
20.27	0.029356
20.275	0.024358
20.28	0.017741
20.285	0.0091867
20.29	0.0002133
20.295	-0.0059267
20.3	-0.0087307
20.305	-0.010977
20.31	-0.011693
20.315	-0.0098712
20.32	-0.0016669
20.325	0.0092156
20.33	0.01597
20.335	0.017121
20.34	0.01428
20.345	0.0092295
20.35	0.0043488
20.355	0.0026019
20.36	0.0075623
20.365	0.016053
20.37	0.021086
20.375	0.018851
20.38	0.0089713
20.385	-0.0029644
20.39	-0.011863
20.395	-0.013652
20.4	-0.0096775
20.405	-0.001174
20.41	0.0080344
20.415	0.011206
20.42	0.0083189
20.425	0.0025924
20.43	-0.0021475
20.435	-0.0026441
20.44	0.0034308
20.445	0.01123
20.45	0.01522
20.455	0.013612
20.46	0.0059651
20.465	-0.0059587
20.47	-0.019461
20.475	-0.031793
20.48	-0.040543
20.485	-0.044661
20.49	-0.042988
20.495	-0.031857
20.5	-0.017287
20.505	-0.0024254
20.51	0.0090984
20.515	0.010014
20.52	0.00067857
20.525	-0.012099
20.53	-0.021931
20.535	-0.022471
20.54	-0.010761
20.545	0.0048221
20.55	0.014822
20.555	0.01771
20.56	0.013607
20.565	0.0051152
20.57	-0.0048277
20.575	-0.014304
20.58	-0.021631
20.585	-0.026758
20.59	-0.02837
20.595	-0.027062
20.6	-0.023612
20.605	-0.017372
20.61	-0.0093264
20.615	-0.0034813
20.62	-0.0010809
20.625	-0.00054607
20.63	0.00077758
20.635	0.0023338
20.64	0.0033382
20.645	0.0040028
20.65	0.0033998
20.655	0.0015166
20.66	0.00082079
20.665	0.0041978
20.67	0.013009
20.675	0.020627
20.68	0.02275
20.685	0.020368
20.69	0.014926
20.695	0.0094611
20.7	0.0055574
20.705	0.0044139
20.71	0.0061134
20.715	0.0098746
20.72	0.013067
20.725	0.014642
20.73	0.015435
20.735	0.015763
20.74	0.015721
20.745	0.016496
20.75	0.017367
20.755	0.015705
20.76	0.012217
20.765	0.010426
20.77	0.010703
20.775	0.013246
20.78	0.016319
20.785	0.018942
20.79	0.018574
20.795	0.015406
20.8	0.013136
20.805	0.013882
20.81	0.016121
20.815	0.01626
20.82	0.014079
20.825	0.011267
20.83	0.010847
20.835	0.012504
20.84	0.015765
20.845	0.021139
20.85	0.025653
20.855	0.026488
20.86	0.022998
20.865	0.01756
20.87	0.012103
20.875	0.010785
20.88	0.015919
20.885	0.025299
20.89	0.033821
20.895	0.040225
20.9	0.045023
20.905	0.046414
20.91	0.043542
20.915	0.038225
20.92	0.034185
20.925	0.031929
20.93	0.028666
20.935	0.023893
20.94	0.016736
20.945	0.0099982
20.95	0.0061028
20.955	0.0035712
20.96	0.0022623
20.965	0.0036591
20.97	0.0077721
20.975	0.011941
20.98	0.013576
20.985	0.015052
20.99	0.016561
20.995	0.015403
21	0.0099753
21.005	0.00059335
21.01	-0.0094352
21.015	-0.016262
21.02	-0.016904
21.025	-0.014653
21.03	-0.011915
21.035	-0.0081638
21.04	-0.0059023
21.045	-0.0068151
21.05	-0.0091936
21.055	-0.011164
21.06	-0.011506
21.065	-0.011954
21.07	-0.012251
21.075	-0.013679
21.08	-0.016396
21.085	-0.018926
21.09	-0.019317
21.095	-0.018581
21.1	-0.017145
21.105	-0.014424
21.11	-0.010943
21.115	-0.0080869
21.12	-0.0057784
21.125	-0.0067795
21.13	-0.012295
21.135	-0.018636
21.14	-0.022268
21.145	-0.023048
21.15	-0.021708
21.155	-0.018892
21.16	-0.014861
21.165	-0.011863
21.17	-0.010689
21.175	-0.0097624
21.18	-0.0081826
21.185	-0.0061321
21.19	-0.0034397
21.195	-0.0031004
21.2	-0.0071381
21.205	-0.01401
21.21	-0.021251
21.215	-0.026944
21.22	-0.030428
21.225	-0.02973
21.23	-0.023894
21.235	-0.014294
21.24	-0.0040966
21.245	0.0030728
21.25	0.0064472
21.255	0.0066017
21.26	0.0032222
21.265	-0.0028567
21.27	-0.0098296
21.275	-0.01473
21.28	-0.015392
21.285	-0.011857
21.29	-0.0060422
21.295	-0.00065672
21.3	0.0024028
21.305	0.0033625
21.31	0.0035605
21.315	0.0033503
21.32	0.0025077
21.325	0.0014353
21.33	0.00084272
21.335	0.0010991
21.34	0.0019825
21.345	0.0026827
21.35	0.0029829
21.355	0.0028506
21.36	0.002859
21.365	0.0035213
21.37	0.0045293
21.375	0.0053975
21.38	0.0048819
21.385	0.0027812
21.39	4.1227e-05
21.395	-0.0021141
21.4	-0.003448
21.405	-0.0049702
21.41	-0.00595
21.415	-0.0054484
21.42	-0.0043563
21.425	-0.0033478
21.43	-0.0021317
21.435	-0.00011152
21.44	0.002176
21.445	0.0038566
21.45	0.0042871
21.455	0.0030654
21.46	0.0011224
21.465	-0.00049846
21.47	-0.0016873
21.475	-0.0023003
21.48	-0.0022003
21.485	-0.0021398
21.49	-0.0025687
21.495	-0.0029464
21.5	-0.0027246
21.505	-0.0019855
21.51	-0.0014847
21.515	-0.0014994
21.52	-0.0020677
21.525	-0.0027875
21.53	-0.0034393
21.535	-0.0039401
21.54	-0.0040217
21.545	-0.003684
21.55	-0.0031632
21.555	-0.0030614
21.56	-0.003542
21.565	-0.0044167
21.57	-0.0052385
21.575	-0.0055152
21.58	-0.0050504
21.585	-0.0043562
21.59	-0.0038132
21.595	-0.0032512
21.6	-0.0025589
21.605	-0.0020942
21.61	-0.0019722
21.615	-0.0019377
21.62	-0.0018907
21.625	-0.0018369
21.63	-0.0017975
21.635	-0.0020526
21.64	-0.0026122
21.645	-0.0030047
21.65	-0.0028982
21.655	-0.0025604
21.66	-0.0022298
21.665	-0.0019191
21.67	-0.0016701
21.675	-0.0015403
21.68	-0.001619
21.685	-0.0018514
21.69	-0.0021901
21.695	-0.0024938
21.7	-0.0025368
21.705	-0.0023269
21.71	-0.0020879
21.715	-0.0017593
21.72	-0.0013756
21.725	-0.0011047
21.73	-0.00099573
21.735	-0.00091057
21.74	-0.0007775
21.745	-0.00070286
21.75	-0.00062205
21.755	-0.00045808
21.76	-0.00028628
21.765	-0.00015698
21.77	-9.0758e-05
21.775	-4.5001e-05
21.78	-1.0108e-05
21.785	2.5009e-05
21.79	6.9385e-05
21.795	0.00011663
21.8	0.00015939
21.805	0.00019072
21.81	0.00021613
21.815	0.00026724
21.82	0.00042665
21.825	0.00065884
21.83	0.00084833
21.835	0.00095932
21.84	0.0010072
21.845	0.0010335
21.85	0.0010541
21.855	0.0010678
21.86	0.0010685
21.865	0.0010776
21.87	0.001117
21.875	0.0011844
21.88	0.0012582
21.885	0.0013185
21.89	0.001341
21.895	0.0013302
21.9	0.001316
21.905	0.0013221
21.91	0.0013464
21.915	0.0013725
21.92	0.0013926
21.925	0.0014069
21.93	0.001406
21.935	0.0013891
21.94	0.0013635
21.945	0.0013413
21.95	0.001331
21.955	0.0013302
21.96	0.0013286
21.965	0.0013193
21.97	0.0012991
21.975	0.0012693
21.98	0.0012335
21.985	0.0011968
21.99	0.0011627
21.995	0.0011334
22	0.0011071
22.005	0.0010803
22.01	0.0010495
22.015	0.0010138
22.02	0.00097419
22.025	0.00093248
22.03	0.0008892
22.035	0.0008449
22.04	0.00080025
22.045	0.00075577
22.05	0.00071146
22.055	0.00066721
22.06	0.00062287
22.065	0.00057844
22.07	0.00053389
22.075	0.00048937
22.08	0.00044497
22.085	0.0004008
22.09	0.0003569
22.095	0.00031335
22.1	0.00027018
22.105	0.00022743
22.11	0.00018514
22.115	0.00014333
22.12	0.00010203
