0	0.00037427
0.01	0.00063047
0.02	0.0010295
0.03	0.001196
0.04	0.0014176
0.05	0.0019453
0.06	0.0026559
0.07	0.0022921
0.08	0.00040363
0.09	-0.00080793
0.1	0.00014817
0.11	0.0019171
0.12	0.0021384
0.13	0.00067091
0.14	-0.00017864
0.15	-0.0005921
0.16	-0.00071623
0.17	0.0016405
0.18	0.0044383
0.19	0.0064564
0.2	0.0070447
0.21	-0.00090212
0.22	-0.010407
0.23	-0.0053034
0.24	0.0056565
0.25	0.0083724
0.26	0.005226
0.27	-0.00057926
0.28	-0.003165
0.29	0.0028524
0.3	0.01012
0.31	0.0066951
0.32	-0.0066311
0.33	-0.0094619
0.34	0.0021323
0.35	0.0024753
0.36	-0.0011174
0.37	0.010338
0.38	0.0057643
0.39	-0.019454
0.4	-0.023011
0.41	-0.0073197
0.42	0.00027994
0.43	0.0077848
0.44	0.022925
0.45	0.025132
0.46	0.0087617
0.47	-0.0088373
0.48	-0.017993
0.49	-0.010609
0.5	0.0057326
0.51	0.0051101
0.52	-0.0053836
0.53	-0.001435
0.54	0.00062243
0.55	-0.0084051
0.56	-0.0018445
0.57	0.0051732
0.58	-0.015214
0.59	-0.026048
0.6	-0.0018332
0.61	0.020557
0.62	0.016685
0.63	0.00037176
0.64	-0.00027599
0.65	0.0065248
0.66	-0.0074322
0.67	-0.0084211
0.68	0.016307
0.69	0.016135
0.7	-0.0070934
0.71	-0.013243
0.72	-0.0086087
0.73	-0.012025
0.74	-0.013484
0.75	-0.0053808
0.76	0.00069411
0.77	0.0050347
0.78	0.015529
0.79	0.0097302
0.8	-0.010222
0.81	-0.006517
0.82	0.0066531
0.83	0.00053805
0.84	-0.0099651
0.85	-0.0092195
0.86	0.0020277
0.87	0.011753
0.88	0.0078688
0.89	0.00080846
0.9	0.0015058
0.91	0.0046806
0.92	0.0018334
0.93	-0.0050158
0.94	-0.0065002
0.95	-0.0036825
0.96	0.0029706
0.97	0.010686
0.98	0.0083965
0.99	0.003768
1	0.0080364
1.01	-0.00053951
1.02	-0.028343
1.03	-0.035505
1.04	-0.012587
1.05	0.0046967
1.06	-0.0028645
1.07	-0.010487
1.08	0.0079982
1.09	0.026531
1.1	0.014548
1.11	-0.010879
1.12	-0.018077
1.13	-0.0056862
1.14	-2.7911e-05
1.15	-0.0064314
1.16	-0.0015087
1.17	0.015023
1.18	0.01436
1.19	-0.0090331
1.2	-0.016868
1.21	0.0073593
1.22	0.021131
1.23	0.0034429
1.24	-0.009721
1.25	0.00038908
1.26	0.0066978
1.27	-0.0036761
1.28	-0.0088618
1.29	-0.001363
1.3	0.00093965
1.31	-0.0080403
1.32	-0.014765
1.33	-0.011394
1.34	0.0011259
1.35	0.01957
1.36	0.018895
1.37	-0.010326
1.38	-0.022689
1.39	-0.0019346
1.4	0.014876
1.41	0.015174
1.42	0.010855
1.43	0.0088529
1.44	0.0033153
1.45	-0.017206
1.46	-0.024003
1.47	0.0076061
1.48	0.031246
1.49	0.0076427
1.5	-0.026473
1.51	-0.017787
1.52	0.017941
1.53	0.023628
1.54	-0.00032848
1.55	0.0025445
1.56	0.028651
1.57	0.016569
1.58	-0.022298
1.59	-0.032437
1.6	-0.013343
1.61	0.001718
1.62	-0.0052603
1.63	-0.016715
1.64	-0.0095543
1.65	0.0028724
1.66	0.0085036
1.67	0.0057029
1.68	-0.0080264
1.69	-0.001206
1.7	0.02928
1.71	0.028723
1.72	0.0016653
1.73	-0.0078689
1.74	-0.010875
1.75	-0.010268
1.76	0.0061047
1.77	0.012534
1.78	0.0012382
1.79	-0.0078386
1.8	-0.0099623
1.81	-0.0027314
1.82	0.0078632
1.83	0.012913
1.84	0.016338
1.85	0.0059792
1.86	-0.014444
1.87	-0.014166
1.88	-0.0039163
1.89	-0.0025772
1.9	0.00040562
1.91	-0.0027108
1.92	-0.013142
1.93	-0.01822
1.94	-0.019815
1.95	-0.0080025
1.96	0.016131
1.97	0.023653
1.98	0.010481
1.99	0.0033608
2	0.017923
2.01	0.034724
2.02	0.020062
2.03	-0.0085851
2.04	-0.014049
2.05	-0.015906
2.06	-0.029834
2.07	-0.034079
2.08	-0.022978
2.09	-0.011168
2.1	-0.010134
2.11	-0.015016
2.12	-0.017051
2.13	-0.018834
2.14	-0.018399
2.15	-0.018496
2.16	-0.030045
2.17	-0.038098
2.18	-0.022552
2.19	0.0048759
2.2	0.027926
2.21	0.035152
2.22	0.018465
2.23	-0.0027692
2.24	-0.0079966
2.25	0.0093061
2.26	0.047064
2.27	0.069347
2.28	0.054334
2.29	0.03452
2.3	0.023042
2.31	0.013979
2.32	0.01249
2.33	0.015608
2.34	0.029412
2.35	0.047045
2.36	0.041812
2.37	0.014766
2.38	-0.010974
2.39	-0.021767
2.4	-0.016511
2.41	-0.0031379
2.42	0.0020726
2.43	-0.012151
2.44	-0.037113
2.45	-0.053063
2.46	-0.0413
2.47	-0.010091
2.48	0.018058
2.49	0.04283
2.5	0.041978
2.51	0.0038098
2.52	-0.030061
2.53	-0.034492
2.54	-0.017863
2.55	-0.0091411
2.56	-0.018511
2.57	-0.020086
2.58	-0.021768
2.59	-0.046902
2.6	-0.071812
2.61	-0.064727
2.62	-0.030888
2.63	0.0074848
2.64	0.033174
2.65	0.040648
2.66	0.032802
2.67	-0.0016586
2.68	-0.045655
2.69	-0.042048
2.7	-0.0026721
2.71	0.015539
2.72	0.015363
2.73	0.018758
2.74	0.022445
2.75	0.025585
2.76	0.04262
2.77	0.077993
2.78	0.10167
2.79	0.080501
2.8	0.032249
2.81	-0.0036343
2.82	-0.02277
2.83	-0.03607
2.84	-0.043349
2.85	-0.04181
2.86	-0.032237
2.87	-0.015321
2.88	-0.003303
2.89	-0.012077
2.9	-0.025054
2.91	-0.016387
2.92	0.0011234
2.93	-0.0015353
2.94	-0.024727
2.95	-0.055382
2.96	-0.076872
2.97	-0.059792
2.98	-0.019018
2.99	0.0060791
3	0.019933
3.01	0.027796
3.02	0.028459
3.03	0.02906
3.04	0.023633
3.05	0.020848
3.06	0.033676
3.07	0.045521
3.08	0.039784
3.09	0.018002
3.1	-0.011384
3.11	-0.035086
3.12	-0.035637
3.13	-0.020006
3.14	-0.01752
3.15	-0.022467
3.16	-0.0087997
3.17	0.014937
3.18	0.032767
3.19	0.05047
3.2	0.070806
3.21	0.077405
3.22	0.058491
3.23	0.021058
3.24	-0.022789
3.25	-0.057898
3.26	-0.078082
3.27	-0.083556
3.28	-0.066445
3.29	-0.029227
3.3	0.0039561
3.31	0.02098
3.32	0.023877
3.33	0.0034042
3.34	-0.025139
3.35	-0.026861
3.36	-0.0099129
3.37	-0.0020187
3.38	0.0032378
3.39	0.01518
3.4	0.026362
3.41	0.032476
3.42	0.032531
3.43	0.031903
3.44	0.032293
3.45	0.0316
3.46	0.034478
3.47	0.037627
3.48	0.032163
3.49	0.01808
3.5	0.0037835
3.51	-0.0054419
3.52	-0.0013241
3.53	0.02214
3.54	0.045764
3.55	0.045753
3.56	0.018755
3.57	-0.017641
3.58	-0.046905
3.59	-0.065723
3.6	-0.068761
3.61	-0.044769
3.62	0.007195
3.63	0.0552
3.64	0.070013
3.65	0.063667
3.66	0.049557
3.67	0.033299
3.68	0.01742
3.69	-0.0075608
3.7	-0.030138
3.71	-0.032043
3.72	-0.0305
3.73	-0.029389
3.74	-0.0075548
3.75	0.014386
3.76	0.0079335
3.77	0.00020568
3.78	0.021142
3.79	0.045136
3.8	0.039757
3.81	0.0064943
3.82	-0.03789
3.83	-0.067697
3.84	-0.075294
3.85	-0.089361
3.86	-0.11636
3.87	-0.12112
3.88	-0.09757
3.89	-0.071367
3.9	-0.036682
3.91	0.010388
3.92	0.035921
3.93	0.024717
3.94	0.0065776
3.95	0.003232
3.96	-0.0057303
3.97	-0.023474
3.98	-0.021
3.99	-0.00284
4	0.01463
4.01	0.035232
4.02	0.051118
4.03	0.0579
4.04	0.052168
4.05	0.025262
4.06	-0.0064492
4.07	-0.022551
4.08	-0.013607
4.09	0.0056222
4.1	0.0085589
4.11	0.0074012
4.12	0.0090706
4.13	-0.004531
4.14	-0.021171
4.15	-0.023258
4.16	-0.015345
4.17	-0.0014104
4.18	0.0046076
4.19	-0.0014676
4.2	5.9941e-08
4.21	-3.0003e-05
4.22	-0.0078383
4.23	0.0048785
4.24	0.037898
4.25	0.065315
4.26	0.075737
4.27	0.064237
4.28	0.03535
4.29	0.0067865
4.3	-0.022009
4.31	-0.058993
4.32	-0.082073
4.33	-0.066338
4.34	-0.025906
4.35	0.011426
4.36	0.041502
4.37	0.058388
4.38	0.051388
4.39	0.026296
4.4	-0.0094267
4.41	-0.042489
4.42	-0.05165
4.43	-0.043187
4.44	-0.039174
4.45	-0.037957
4.46	-0.034791
4.47	-0.036183
4.48	-0.040668
4.49	-0.030284
4.5	0.0030522
4.51	0.036916
4.52	0.044897
4.53	0.035494
4.54	0.036154
4.55	0.029049
4.56	-0.0036594
4.57	-0.029901
4.58	-0.029203
4.59	-0.0055988
4.6	0.021453
4.61	0.032016
4.62	0.042733
4.63	0.066333
4.64	0.074957
4.65	0.057459
4.66	0.040572
4.67	0.025759
4.68	0.0006675
4.69	-0.015377
4.7	-0.0128
4.71	-0.010124
4.72	-0.013114
4.73	-0.011718
4.74	-0.0063406
4.75	-0.0037965
4.76	-0.0063008
4.77	-0.0068674
4.78	0.0067441
4.79	0.022009
4.8	0.0085505
4.81	-0.02252
4.82	-0.039341
4.83	-0.047194
4.84	-0.046068
4.85	-0.01686
4.86	0.027974
4.87	0.061794
4.88	0.077905
4.89	0.06467
4.9	0.019617
4.91	-0.013654
4.92	-0.010946
4.93	-0.0050625
4.94	-0.0046423
4.95	0.012284
4.96	0.02369
4.97	0.007589
4.98	-0.0066449
4.99	-0.00087258
5	0.0088209
5.01	0.011909
5.02	0.014096
5.03	0.017175
5.04	0.0074255
5.05	-0.028524
5.06	-0.070477
5.07	-0.08475
5.08	-0.068076
5.09	-0.032247
5.1	-0.00067935
5.11	0.0037636
5.12	-0.0036345
5.13	-0.0043229
5.14	-0.01005
5.15	-0.017081
5.16	-0.0042458
5.17	0.01877
5.18	0.017185
5.19	-0.01123
5.2	-0.027427
5.21	-0.022855
5.22	-0.014934
5.23	-0.0049961
5.24	0.0061516
5.25	0.014352
5.26	0.022661
5.27	0.037721
5.28	0.043996
5.29	0.027052
5.3	0.012464
5.31	0.013516
5.32	0.0091767
5.33	-0.0010417
5.34	-0.0034485
5.35	-0.010157
5.36	-0.026544
5.37	-0.02556
5.38	-0.0036489
5.39	0.0097811
5.4	0.010771
5.41	0.0049689
5.42	-0.011901
5.43	-0.021009
5.44	-0.0080901
5.45	-0.00054821
5.46	-0.012383
5.47	-0.011969
5.48	0.0068836
5.49	0.019464
5.5	0.017972
5.51	0.001209
5.52	-0.016598
5.53	-0.01783
5.54	-0.011018
5.55	-0.0026298
5.56	0.010164
5.57	0.020958
5.58	0.018767
5.59	0.0033398
5.6	-0.01485
5.61	-0.031612
5.62	-0.03562
5.63	-0.010063
5.64	0.02723
5.65	0.0497
5.66	0.050646
5.67	0.02704
5.68	-0.0015387
5.69	-0.0097034
5.7	-0.012556
5.71	-0.019283
5.72	-0.0061627
5.73	0.016538
5.74	0.017323
5.75	0.0037936
5.76	-0.007319
5.77	-0.02095
5.78	-0.028712
5.79	-0.017639
5.8	-0.0073711
5.81	-0.010304
5.82	-0.0133
5.83	-0.015657
5.84	-0.016914
5.85	-0.0083554
5.86	0.0036643
5.87	0.010482
5.88	0.0077063
5.89	-0.0052479
5.9	-0.011592
5.91	-0.0028805
5.92	0.0098291
5.93	0.027268
5.94	0.045284
5.95	0.039911
5.96	0.014948
5.97	-0.0013777
5.98	-0.012993
5.99	-0.027914
6	-0.026194
6.01	-0.0095141
6.02	4.5788e-05
6.03	-0.00061283
6.04	-0.0023119
6.05	0.0044284
6.06	0.017527
6.07	0.027668
6.08	0.028363
6.09	0.011814
6.1	-0.014125
6.11	-0.034419
6.12	-0.047253
6.13	-0.048398
6.14	-0.037466
6.15	-0.023889
6.16	-0.0037839
6.17	0.021238
6.18	0.035219
6.19	0.038514
6.2	0.036254
6.21	0.029157
6.22	0.024204
6.23	0.021662
6.24	0.017765
6.25	0.010285
6.26	-0.0050225
6.27	-0.023286
6.28	-0.030991
6.29	-0.023554
6.3	-0.010882
6.31	0.0053826
6.32	0.026353
6.33	0.03771
6.34	0.035673
6.35	0.024168
6.36	0.0053798
6.37	-0.0069886
6.38	-0.011405
6.39	-0.014378
6.4	-0.011555
6.41	-0.0077899
6.42	-0.010202
6.43	-0.0119
6.44	-0.0034068
6.45	0.013799
6.46	0.024534
6.47	0.02124
6.48	0.016743
6.49	0.011884
6.5	-0.0031164
6.51	-0.013744
6.52	-0.0076045
6.53	-0.00096459
6.54	-0.0076037
6.55	-0.021788
6.56	-0.030583
6.57	-0.02769
6.58	-0.025035
6.59	-0.028901
6.6	-0.022321
6.61	-0.0060459
6.62	-0.0012619
6.63	-0.0017233
6.64	0.0081886
6.65	0.013847
6.66	0.0013504
6.67	-0.01189
6.68	-0.0044874
6.69	0.014536
6.7	0.020177
6.71	0.012123
6.72	0.0047008
6.73	-0.0022138
6.74	-0.0077356
6.75	-0.010566
6.76	-0.014064
6.77	-0.0075657
6.78	0.010436
6.79	0.023497
6.8	0.025936
6.81	0.023797
6.82	0.023146
6.83	0.022618
6.84	0.015766
6.85	0.0022957
6.86	-0.010323
6.87	-0.018075
6.88	-0.026069
6.89	-0.030826
6.9	-0.022891
6.91	-0.013903
6.92	-0.011809
6.93	-0.0030483
6.94	0.014546
6.95	0.019359
6.96	0.00080623
6.97	-0.014279
6.98	-0.017955
6.99	-0.024183
7	-0.018286
7.01	-0.00027351
7.02	0.014588
7.03	0.022516
7.04	0.012409
7.05	-0.003508
7.06	-0.00066181
7.07	0.0084015
7.08	0.0083795
7.09	0.0082214
7.1	0.010464
7.11	0.0076541
7.12	-0.002004
7.13	-0.012063
7.14	-0.011732
7.15	-0.0028252
7.16	0.0038825
7.17	0.0056351
7.18	0.0046753
7.19	0.0062111
7.2	0.009997
7.21	0.010669
7.22	0.010066
7.23	0.0066253
7.24	-0.0039998
7.25	-0.013441
7.26	-0.015285
7.27	-0.012052
7.28	-0.0040333
7.29	0.0035536
7.3	0.0050411
7.31	0.0068157
7.32	0.015711
7.33	0.019105
7.34	0.0045108
7.35	-0.0097565
7.36	-0.010704
7.37	-0.013825
7.38	-0.024953
7.39	-0.032477
7.4	-0.032662
7.41	-0.030225
7.42	-0.02116
7.43	-0.0032797
7.44	0.014164
7.45	0.028419
7.46	0.03533
7.47	0.02852
7.48	0.019605
7.49	0.020137
7.5	0.019579
7.51	0.0060781
7.52	-0.0075549
7.53	-0.01174
7.54	-0.01774
7.55	-0.02704
7.56	-0.027251
7.57	-0.014461
7.58	-0.0027376
7.59	-0.00048165
7.6	0.0012996
7.61	0.0057267
7.62	0.0092019
7.63	0.0094997
7.64	0.0049901
7.65	3.0504e-05
7.66	0.00037573
7.67	0.0039746
7.68	0.0028987
7.69	-0.003573
7.7	-0.0048824
7.71	-2.3908e-05
7.72	0.0022237
7.73	0.0060311
7.74	0.013216
7.75	0.010835
7.76	-0.0029941
7.77	-0.013147
7.78	-0.0094734
7.79	0.00032011
7.8	0.0018221
7.81	-0.003957
7.82	-0.0035018
7.83	0.0028722
7.84	0.0034049
7.85	0.0010102
7.86	0.0079549
7.87	0.0133
7.88	0.0022307
7.89	-0.0088718
7.9	-0.011315
7.91	-0.017726
7.92	-0.020957
7.93	-0.0055405
7.94	0.018459
7.95	0.035866
7.96	0.038505
7.97	0.024163
7.98	0.011075
7.99	0.0095742
8	0.0092263
8.01	0.0035976
8.02	-0.0023021
8.03	-0.0037424
8.04	-0.0087623
8.05	-0.020446
8.06	-0.019982
8.07	0.0011367
8.08	0.021252
8.09	0.027094
8.1	0.024492
8.11	0.013468
8.12	-0.0018552
8.13	-0.008807
8.14	-0.0087974
8.15	-0.0058416
8.16	0.0019663
8.17	0.0056683
8.18	0.0034761
8.19	0.0041837
8.2	0.0022665
8.21	-0.0069183
8.22	-0.011566
8.23	-0.0059871
8.24	0.0022382
8.25	0.0083214
8.26	0.0089065
8.27	0.0067355
8.28	0.0092643
8.29	0.0061138
8.3	-0.0069184
8.31	-0.013855
8.32	-0.013685
8.33	-0.020224
8.34	-0.032418
8.35	-0.031816
8.36	-0.020501
8.37	-0.020275
8.38	-0.02166
8.39	-0.0075918
8.4	0.0047483
8.41	0.0033805
8.42	-0.00070968
8.43	0.00093968
8.44	0.0042988
8.45	-0.0011086
8.46	-0.0078927
8.47	0.001104
8.48	0.013019
8.49	0.0037642
8.5	-0.01512
8.51	-0.020206
8.52	-0.018414
8.53	-0.019744
8.54	-0.013139
8.55	0.0047517
8.56	0.017779
8.57	0.012926
8.58	0.0022659
8.59	0.0087062
8.6	0.023379
8.61	0.018867
8.62	0.0015093
8.63	-0.010084
8.64	-0.01777
8.65	-0.019071
8.66	-0.010549
8.67	0.0022306
8.68	0.017334
8.69	0.028699
8.7	0.026117
8.71	0.014235
8.72	0.0050162
8.73	0.0018182
8.74	0.0046823
8.75	0.0059107
8.76	0.00081772
8.77	-0.0011843
8.78	0.003058
8.79	0.0075841
8.8	0.0052355
8.81	-0.0014192
8.82	0.0041593
8.83	0.019298
8.84	0.021015
8.85	0.009539
8.86	0.00046649
8.87	-0.0071249
8.88	-0.018492
8.89	-0.03023
8.9	-0.032829
8.91	-0.021216
8.92	-0.0091845
8.93	-0.0063904
8.94	0.0011383
8.95	0.019825
8.96	0.028297
8.97	0.011756
8.98	-0.0040726
8.99	0.0028864
9	0.0076154
9.01	-0.0037972
9.02	-0.0069306
9.03	-8.3624e-05
9.04	-0.0042415
9.05	-0.013854
9.06	-0.012417
9.07	-0.0074734
9.08	-0.011601
9.09	-0.01418
9.1	-0.0059675
9.11	0.0023314
9.12	0.0051853
9.13	0.0057592
9.14	0.0028676
9.15	-0.0029525
9.16	-0.0052514
9.17	-0.0023707
9.18	-0.0019616
9.19	-0.002455
9.2	0.006184
9.21	0.013582
9.22	0.0046181
9.23	-0.0069142
9.24	-0.0068832
9.25	-0.0080612
9.26	-0.015862
9.27	-0.017897
9.28	-0.010764
9.29	-0.0038787
9.3	-0.0027841
9.31	-0.0035685
9.32	0.00010241
9.33	0.010154
9.34	0.016061
9.35	0.010765
9.36	0.006312
9.37	0.0063014
9.38	-0.0029646
9.39	-0.015944
9.4	-0.013039
9.41	0.0017809
9.42	0.008974
9.43	0.0064362
9.44	0.0087974
9.45	0.014282
9.46	0.013399
9.47	0.013049
9.48	0.0095124
9.49	-0.0015559
9.5	-0.0015703
9.51	0.0083517
9.52	0.0074138
9.53	-0.0023012
9.54	-0.0063993
9.55	-0.0014101
9.56	0.0063728
9.57	0.0090527
9.58	0.0053713
9.59	0.0022139
9.6	0.0033011
9.61	0.0037488
9.62	-0.00010843
9.63	-0.0070421
9.64	-0.01325
9.65	-0.0099931
9.66	0.0017185
9.67	0.0069348
9.68	0.0027397
9.69	-0.0060787
9.7	-0.013673
9.71	-0.010371
9.72	-0.00065222
9.73	0.0065335
9.74	0.010984
9.75	0.011238
9.76	0.010149
9.77	0.010333
9.78	0.0027545
9.79	-0.0080613
9.8	-0.0033956
9.81	0.0077438
9.82	0.0042014
9.83	-0.0076508
9.84	-0.016689
9.85	-0.018564
9.86	-0.009003
9.87	0.0018694
9.88	0.0061372
9.89	0.0069921
9.9	0.0035703
9.91	-0.0035076
9.92	-0.0087138
9.93	-0.0090781
9.94	-0.005671
9.95	0.0012419
9.96	0.0066955
9.97	0.002281
9.98	-0.0060002
9.99	-0.0071181
10	-0.0048807
10.01	-0.0069047
10.02	-0.00858
10.03	-0.0044014
10.04	-0.00056337
10.05	-0.00073604
10.06	0.0023725
10.07	0.012635
10.08	0.01937
10.09	0.014557
10.1	0.0070779
10.11	0.0034251
10.12	0.0018932
10.13	0.0044587
10.14	0.0096529
10.15	0.010155
10.16	0.0048848
10.17	-0.0017919
10.18	-0.0043696
10.19	-0.00086253
10.2	0.0011544
10.21	-0.001243
10.22	-0.0024287
10.23	-0.0037034
10.24	-0.0068392
10.25	-0.009109
10.26	-0.0079417
10.27	-0.0020179
10.28	0.0033498
10.29	0.0046487
10.3	0.002634
10.31	-0.0045693
10.32	-0.014955
10.33	-0.02279
10.34	-0.019896
10.35	-0.0046211
10.36	0.011397
10.37	0.014794
10.38	-0.00014781
10.39	-0.014442
10.4	-0.010334
10.41	-0.0048854
10.42	-0.0064692
10.43	-0.0017432
10.44	0.0047673
10.45	0.0011686
10.46	-0.0070557
10.47	-0.0090968
10.48	-0.0019326
10.49	0.0065312
10.5	0.010349
10.51	0.01551
10.52	0.017114
10.53	0.0047735
10.54	-0.009742
10.55	-0.012061
10.56	-0.0076069
10.57	-0.0055745
10.58	-0.0053212
10.59	-0.0016221
10.6	0.006524
10.61	0.012362
10.62	0.012437
10.63	0.011046
10.64	0.0065478
10.65	-0.0014368
10.66	-0.0055141
10.67	-0.007359
10.68	-0.0084172
10.69	-0.0036535
10.7	3.9876e-05
10.71	-0.0036888
10.72	-0.0042095
10.73	0.0032145
10.74	0.013182
10.75	0.023942
10.76	0.025281
10.77	0.013631
10.78	0.0024494
10.79	-0.0057068
10.8	-0.012459
10.81	-0.010351
10.82	-0.0023176
10.83	-0.0023687
10.84	-0.0089098
10.85	-0.011958
10.86	-0.010605
10.87	-0.0029638
10.88	0.0091594
10.89	0.015107
10.9	0.010957
10.91	0.0033028
10.92	-0.0068294
10.93	-0.019529
10.94	-0.022511
10.95	-0.012874
10.96	-0.0025376
10.97	0.0028567
10.98	0.00018012
10.99	-0.0065542
11	-0.003866
11.01	0.0056968
11.02	0.0087326
11.03	0.0073077
11.04	0.0075124
11.05	0.0028977
11.06	-0.0071605
11.07	-0.0096063
11.08	0.00016732
11.09	0.0089935
11.1	0.006881
11.11	0.0017551
11.12	0.0011964
11.13	0.00074171
11.14	-0.00121
11.15	-0.0037251
11.16	-0.0081114
11.17	-0.00728
11.18	0.00023259
11.19	0.0045418
11.2	0.0058409
11.21	0.0081362
11.22	0.0072367
11.23	0.00033014
11.24	-0.008299
11.25	-0.0094352
11.26	0.00010749
11.27	0.010111
11.28	0.012421
11.29	0.0090998
11.3	0.0063403
11.31	0.0040216
11.32	-0.0018904
11.33	-0.0033012
11.34	0.0046224
11.35	0.010173
11.36	0.011062
11.37	0.012266
11.38	0.0088092
11.39	0.001352
11.4	-0.0046954
11.41	-0.0054685
11.42	0.00011086
11.43	0.0052519
11.44	0.0059326
11.45	0.0016499
11.46	-0.0045226
11.47	-0.0053759
11.48	-0.002261
11.49	-0.0011763
11.5	0.00064482
11.51	0.0071421
11.52	0.012857
11.53	0.011335
11.54	0.005249
11.55	0.003385
11.56	0.0057192
11.57	0.0017193
11.58	-0.0068368
11.59	-0.0078835
11.6	-0.0056958
11.61	-0.0088229
11.62	-0.011898
11.63	-0.0098004
11.64	-0.0043713
11.65	-0.0019033
11.66	-0.0055852
11.67	-0.0054995
11.68	0.0026574
11.69	0.0068101
11.7	0.0030369
11.71	-0.00063155
11.72	-3.0536e-05
11.73	0.0019178
11.74	-0.00018623
11.75	-0.004097
11.76	-0.0040635
11.77	-0.0039268
11.78	-0.0056096
11.79	-0.0038371
11.8	0.0010684
11.81	0.0067741
11.82	0.011452
11.83	0.01121
11.84	0.0076285
11.85	0.0055586
11.86	0.0039561
11.87	-0.00049387
11.88	-0.0066955
11.89	-0.0080006
11.9	-0.0034613
11.91	-0.0028389
11.92	-0.0068364
11.93	-0.0084175
11.94	-0.0090939
11.95	-0.0097869
11.96	-0.0055328
11.97	0.0018775
11.98	0.0024199
11.99	-0.0021805
12	0.00023055
12.01	0.0073224
12.02	0.011735
12.03	0.013774
12.04	0.011733
12.05	0.0055267
12.06	-0.0023973
12.07	-0.0095953
12.08	-0.0092206
12.09	-0.001753
12.1	0.0037104
12.11	0.0077599
12.12	0.013444
12.13	0.011639
12.14	0.00032552
12.15	-0.0073524
12.16	-0.010027
12.17	-0.014963
12.18	-0.017411
12.19	-0.011993
12.2	-0.0044844
12.21	-0.001123
12.22	-0.0030617
12.23	-0.0061123
12.24	-0.0036557
12.25	0.00073654
12.26	0.0018603
12.27	0.0034289
12.28	0.0069343
12.29	0.0066297
12.3	-0.00030142
12.31	-0.0073186
12.32	-0.0076444
12.33	-0.0027169
12.34	0.00093579
12.35	0.0019902
12.36	0.003882
12.37	0.0062237
12.38	0.0062079
12.39	0.0031282
12.4	-0.0019835
12.41	-0.0037121
12.42	0.00089912
12.43	0.0019182
12.44	-0.0022805
12.45	0.00034542
12.46	0.0072672
12.47	0.0073368
12.48	0.0038568
12.49	0.0049758
12.5	0.0092574
12.51	0.011819
12.52	0.01145
12.53	0.0083795
12.54	0.0043535
12.55	0.0017802
12.56	-0.00043407
12.57	-0.0036321
12.58	-0.0064529
12.59	-0.0077023
12.6	-0.0075579
12.61	-0.0060884
12.62	-0.0029154
12.63	0.0011714
12.64	0.0041585
12.65	0.0043042
12.66	0.0037883
12.67	0.0075456
12.68	0.011815
12.69	0.0086849
12.7	0.0032491
12.71	0.0012866
12.72	-0.0033946
12.73	-0.010654
12.74	-0.012746
12.75	-0.009256
12.76	-0.0069291
12.77	-0.0082513
12.78	-0.0067865
12.79	-0.0016129
12.8	0.0017472
12.81	0.0033162
12.82	0.0057324
12.83	0.0074716
12.84	0.0032213
12.85	-0.0063311
12.86	-0.012583
12.87	-0.0084767
12.88	0.0028134
12.89	0.01036
12.9	0.011646
12.91	0.0092825
12.92	0.00045525
12.93	-0.0125
12.94	-0.017039
12.95	-0.0094225
12.96	-0.00083283
12.97	0.004624
12.98	0.0065589
12.99	0.0032522
13	0.0055291
13.01	0.015712
13.02	0.020293
13.03	0.013629
13.04	0.0019523
13.05	-0.0035325
13.06	-0.0035117
13.07	-0.0085715
13.08	-0.011905
13.09	-0.0037798
13.1	0.00464
13.11	0.0030022
13.12	-0.0039006
13.13	-0.0063251
13.14	-0.0024662
13.15	-0.0019416
13.16	-0.0082376
13.17	-0.012722
13.18	-0.010671
13.19	-0.0061234
13.2	-0.0053771
13.21	-0.0045669
13.22	0.0047333
13.23	0.013376
13.24	0.0095894
13.25	-5.5554e-05
13.26	-0.003277
13.27	0.0026098
13.28	0.0072465
13.29	0.00246
13.3	-0.0019474
13.31	-0.00024232
13.32	-0.0029889
13.33	-0.0098739
13.34	-0.0098283
13.35	-0.0055045
13.36	-0.0044617
13.37	-0.0015935
13.38	0.0070617
13.39	0.015303
13.4	0.017025
13.41	0.012105
13.42	0.0064649
13.43	0.0042293
13.44	0.0044282
13.45	0.0045643
13.46	0.0040887
13.47	0.0044086
13.48	0.0045728
13.49	0.0012912
13.5	-0.0041403
13.51	-0.0057964
13.52	-0.0033143
13.53	-0.0004981
13.54	-0.0017147
13.55	-0.0077361
13.56	-0.011645
13.57	-0.011158
13.58	-0.010528
13.59	-0.0086823
13.6	-0.0040914
13.61	-0.0017148
13.62	-0.0032905
13.63	-0.0055351
13.64	-0.0060389
13.65	-0.0033005
13.66	0.00053422
13.67	0.0021424
13.68	0.0027303
13.69	0.0030517
13.7	-0.00035623
13.71	-0.0060259
13.72	-0.0080634
13.73	-0.007591
13.74	-0.0046019
13.75	0.0043727
13.76	0.0092916
13.77	0.0017912
13.78	-0.002805
13.79	0.0047738
13.8	0.0069018
13.81	-0.002696
13.82	-0.0075936
13.83	-0.0058094
13.84	-0.0067676
13.85	-0.0087306
13.86	-0.0064154
13.87	-5.2645e-05
13.88	0.0058533
13.89	0.0074591
13.9	0.0065074
13.91	0.0071651
13.92	0.0072995
13.93	0.0041298
13.94	0.0029669
13.95	0.0049003
13.96	0.0017262
13.97	-0.0056279
13.98	-0.0086303
13.99	-0.0080445
14	-0.0067348
14.01	-0.0033369
14.02	0.0014996
14.03	0.0064195
14.04	0.0090496
14.05	0.0068005
14.06	0.0032153
14.07	0.0036115
14.08	0.0078513
14.09	0.009459
14.1	0.0057168
14.11	0.0040112
14.12	0.006145
14.13	0.0063275
14.14	0.0068107
14.15	0.010648
14.16	0.012846
14.17	0.011461
14.18	0.0080309
14.19	0.0010085
14.2	-0.0065716
14.21	-0.0090949
14.22	-0.0075582
14.23	-0.0022264
14.24	0.0045544
14.25	0.005419
14.26	0.0020917
14.27	0.00015302
14.28	-0.0017636
14.29	-0.0011962
14.3	0.004415
14.31	0.0087074
14.32	0.0094718
14.33	0.0099333
14.34	0.0078768
14.35	0.0011674
14.36	-0.0076595
14.37	-0.013808
14.38	-0.014685
14.39	-0.016705
14.4	-0.019147
14.41	-0.013894
14.42	-0.0070198
14.43	-0.0080962
14.44	-0.012548
14.45	-0.0098063
14.46	-0.0013455
14.47	0.0047987
14.48	0.0076434
14.49	0.010308
14.5	0.01435
14.51	0.013535
14.52	0.0046162
14.53	-0.0047729
14.54	-0.0092578
14.55	-0.0096359
14.56	-0.0095768
14.57	-0.01008
14.58	-0.0074277
14.59	-0.00079282
14.6	0.0062888
14.61	0.011584
14.62	0.010319
14.63	0.0019828
14.64	-0.0041488
14.65	-0.0032923
14.66	0.00034777
14.67	0.0012559
14.68	0.0024313
14.69	0.00785
14.7	0.01176
14.71	0.010843
14.72	0.009246
14.73	0.006297
14.74	0.000134
14.75	-0.0074496
14.76	-0.01527
14.77	-0.020211
14.78	-0.01947
14.79	-0.015847
14.8	-0.016119
14.81	-0.01644
14.82	-0.010971
14.83	-0.006555
14.84	-0.0019259
14.85	0.0086375
14.86	0.014716
14.87	0.01052
14.88	0.0061044
14.89	0.0036827
14.9	0.0032757
14.91	0.0090157
14.92	0.013234
14.93	0.011769
14.94	0.01123
14.95	0.011189
14.96	0.0070719
14.97	-0.0005909
14.98	-0.0048394
14.99	-0.0022681
15	-0.001832
15.01	-0.0057186
15.02	-0.005994
15.03	-0.0037526
15.04	0.00069755
15.05	0.0099225
15.06	0.018475
15.07	0.02107
15.08	0.016684
15.09	0.0095878
15.1	0.0015312
15.11	-0.0094136
15.12	-0.017985
15.13	-0.019941
15.14	-0.019518
15.15	-0.019438
15.16	-0.015964
15.17	-0.010114
15.18	-0.007089
15.19	-0.0037308
15.2	0.0031878
15.21	0.0096529
15.22	0.012046
15.23	0.010366
15.24	0.0080622
15.25	0.0043857
15.26	-0.0046461
15.27	-0.014016
15.28	-0.01536
15.29	-0.010592
15.3	-0.0060595
15.31	-0.0011232
15.32	0.0037001
15.33	0.0044949
15.34	0.0063011
15.35	0.012692
15.36	0.017013
15.37	0.018566
15.38	0.020373
15.39	0.017658
15.4	0.0096811
15.41	-0.00052035
15.42	-0.013559
15.43	-0.022005
15.44	-0.022602
15.45	-0.019653
15.46	-0.012079
15.47	-0.0048341
15.48	-0.0011869
15.49	0.0010474
15.5	0.00097716
15.51	0.002174
15.52	0.0044027
15.53	0.0013662
15.54	-0.0042384
15.55	-0.0046943
15.56	-0.00063873
15.57	0.0016105
15.58	0.0024186
15.59	0.0043873
15.6	0.0042101
15.61	0.0016645
15.62	-4.3054e-05
15.63	-0.00012247
15.64	0.0019779
15.65	0.0033484
15.66	-0.00038067
15.67	-0.0068564
15.68	-0.0099834
15.69	-0.0073879
15.7	-0.0019731
15.71	0.0041834
15.72	0.0095627
15.73	0.0090678
15.74	0.0046616
15.75	0.0018823
15.76	-0.0020591
15.77	-0.0051756
15.78	-0.0027395
15.79	-0.00030303
15.8	-0.00050287
15.81	0.0013644
15.82	0.0050634
15.83	0.0052341
15.84	0.0016073
15.85	0.0006865
15.86	0.0041573
15.87	0.00644
15.88	0.0041809
15.89	0.00018925
15.9	-0.0027763
15.91	-0.0051544
15.92	-0.00509
15.93	-0.0026238
15.94	-0.0012593
15.95	-0.0014673
15.96	-0.0021493
15.97	-0.002297
15.98	-0.0028889
15.99	-0.0054738
16	-0.0078574
16.01	-0.0061106
16.02	-0.00054734
16.03	0.0025186
16.04	0.0015038
16.05	0.0029674
16.06	0.0062804
16.07	0.0022073
16.08	-0.0065684
16.09	-0.0070625
16.1	-0.00088312
16.11	0.00075214
16.12	0.0010239
16.13	0.0070949
16.14	0.014387
16.15	0.017169
16.16	0.015051
16.17	0.011822
16.18	0.0093685
16.19	0.0055688
16.2	-0.00028471
16.21	-0.0072438
16.22	-0.01259
16.23	-0.011654
16.24	-0.0051298
16.25	0.00097389
16.26	0.0074976
16.27	0.012544
16.28	0.010195
16.29	0.0056183
16.3	0.00077861
16.31	-0.0053564
16.32	-0.007037
16.33	-0.0063573
16.34	-0.0064099
16.35	-0.0049779
16.36	-0.0050588
16.37	-0.0073747
16.38	-0.0083984
16.39	-0.0069752
16.4	-0.0040989
16.41	-0.0026881
16.42	-0.0018262
16.43	0.0019005
16.44	0.0068528
16.45	0.0093876
16.46	0.00829
16.47	0.0061237
16.48	0.0050804
16.49	0.0043581
16.5	0.0037289
16.51	0.0016735
16.52	-0.002448
16.53	-0.0044779
16.54	-0.0037896
16.55	-0.0032398
16.56	-0.00046333
16.57	0.0046493
16.58	0.0081723
16.59	0.0085278
16.6	0.0046634
16.61	-0.0010019
16.62	-0.0044207
16.63	-0.0060717
16.64	-0.0061834
16.65	-0.0029138
16.66	0.00057823
16.67	-0.0011711
16.68	-0.0067758
16.69	-0.0095308
16.7	-0.008889
16.71	-0.010353
16.72	-0.012082
16.73	-0.0075943
16.74	0.00039887
16.75	0.0059111
16.76	0.0076679
16.77	0.0068443
16.78	0.0064014
16.79	0.0055943
16.8	0.0029099
16.81	0.0011407
16.82	0.001856
16.83	0.0031416
16.84	0.0026496
16.85	0.0007589
16.86	0.0010006
16.87	0.0044297
16.88	0.0077364
16.89	0.0084433
16.9	0.0068158
16.91	0.0051702
16.92	0.003962
16.93	0.0022653
16.94	0.0020907
16.95	0.0039479
16.96	0.0040157
16.97	0.0014279
16.98	-0.0010022
16.99	-0.0015038
17	0.0010708
17.01	0.004022
17.02	0.0029976
17.03	2.3418e-05
17.04	-0.0017874
17.05	-0.004339
17.06	-0.0075856
17.07	-0.0067982
17.08	-0.0015962
17.09	0.00070428
17.1	-0.0029009
17.11	-0.0058906
17.12	-0.0035037
17.13	-0.00024508
17.14	-0.00026045
17.15	0.00019954
17.16	0.00097375
17.17	-0.0023819
17.18	-0.0078683
17.19	-0.0089782
17.2	-0.0039129
17.21	0.0010113
17.22	0.0010022
17.23	-0.0014657
17.24	-0.0024686
17.25	-0.0027603
17.26	-0.0035473
17.27	-0.0012842
17.28	0.0031287
17.29	0.0047807
17.3	0.0059269
17.31	0.0072814
17.32	0.0051578
17.33	0.0032256
17.34	0.0049406
17.35	0.006761
17.36	0.0075449
17.37	0.007036
17.38	0.0039463
17.39	0.0017501
17.4	0.0018191
17.41	0.0021394
17.42	0.0031236
17.43	0.0019431
17.44	-0.0026321
17.45	-0.005799
17.46	-0.0060709
17.47	-0.0043768
17.48	-0.0017593
17.49	0.00017879
17.5	0.00050596
17.51	-0.00068016
17.52	-0.0010104
17.53	0.00050261
17.54	0.0015405
17.55	0.0013729
17.56	0.0013659
17.57	5.8596e-06
17.58	-0.0038837
17.59	-0.0071889
17.6	-0.0058859
17.61	-0.00042629
17.62	0.0043427
17.63	0.0055093
17.64	0.0038967
17.65	0.0021998
17.66	-0.00010446
17.67	-0.0044812
17.68	-0.0078703
17.69	-0.0076379
17.7	-0.0062468
17.71	-0.006679
17.72	-0.0061462
17.73	-0.0034252
17.74	-0.0030652
17.75	-0.0036097
17.76	-0.0012629
17.77	-0.0013145
17.78	-0.0054907
17.79	-0.0088301
17.8	-0.010493
17.81	-0.0097576
17.82	-0.0072388
17.83	-0.0057967
17.84	-0.0044897
17.85	-0.0026723
17.86	-0.0002877
17.87	0.0044943
17.88	0.009255
17.89	0.008042
17.9	0.0019961
17.91	-0.0042995
17.92	-0.010195
17.93	-0.01242
17.94	-0.0081356
17.95	-0.00094084
17.96	0.0052871
17.97	0.0082997
17.98	0.0073192
17.99	0.006545
18	0.0077351
18.01	0.0073272
18.02	0.0046976
18.03	0.0022015
18.04	0.00051138
18.05	-0.0014484
18.06	-0.0047878
18.07	-0.0093525
18.08	-0.010309
18.09	-0.0054152
18.1	-0.00059695
18.11	0.00067924
18.12	-0.0010038
18.13	-0.0041289
18.14	-0.0071874
18.15	-0.0074254
18.16	-0.0014885
18.17	0.0056448
18.18	0.0099452
18.19	0.011365
18.2	0.0076905
18.21	0.0027232
18.22	0.0011776
18.23	0.0022009
18.24	0.0035308
18.25	0.0052286
18.26	0.0080432
18.27	0.0089398
18.28	0.0065292
18.29	0.0043826
18.3	0.0048024
18.31	0.0068236
18.32	0.0068742
18.33	0.0030229
18.34	-0.0012803
18.35	-0.0045171
18.36	-0.0084598
18.37	-0.013035
18.38	-0.015029
18.39	-0.01267
18.4	-0.0098335
18.41	-0.0068642
18.42	-0.0014908
18.43	0.004208
18.44	0.010418
18.45	0.016694
18.46	0.016894
18.47	0.011748
18.48	0.0080197
18.49	0.0042478
18.5	-0.00092848
18.51	-0.0042829
18.52	-0.0065695
18.53	-0.0076934
18.54	-0.0066221
18.55	-0.0069754
18.56	-0.0077361
18.57	-0.0044092
18.58	0.00011031
18.59	0.0011529
18.6	-0.0006778
18.61	-0.0023959
18.62	-0.003365
18.63	-0.001965
18.64	0.002873
18.65	0.0072664
18.66	0.0091011
18.67	0.01002
18.68	0.010287
18.69	0.0080198
18.7	0.0045208
18.71	0.0032688
18.72	0.0037489
18.73	0.0037653
18.74	0.0037272
18.75	0.0039912
18.76	0.0023557
18.77	-0.0013767
18.78	-0.0051392
18.79	-0.0085895
18.8	-0.0090557
18.81	-0.0053897
18.82	-0.0028424
18.83	-0.0030107
18.84	-0.0031981
18.85	-0.0032527
18.86	-0.0042453
18.87	-0.0058072
18.88	-0.0057117
18.89	-0.0031578
18.9	-0.0013702
18.91	-0.0015069
18.92	0.0002072
18.93	0.00383
18.94	0.0042232
18.95	0.0016561
18.96	0.00078232
18.97	0.0010341
18.98	-9.7771e-05
18.99	-0.0017726
19	-0.0031231
19.01	-0.004559
19.02	-0.0043248
19.03	-0.0012595
19.04	0.0013476
19.05	0.00081293
19.06	-0.00096932
19.07	-0.0012149
19.08	-0.00079989
19.09	-0.00085109
19.1	0.0004307
19.11	0.0022219
19.12	0.0010491
19.13	-0.0015542
19.14	-0.0016741
19.15	-0.00093673
19.16	-0.0023692
19.17	-0.0025601
19.18	0.0012771
19.19	0.0054119
19.2	0.0080727
19.21	0.0085409
19.22	0.0065293
19.23	0.0045647
19.24	0.0013892
19.25	-0.0040033
19.26	-0.0063205
19.27	-0.0025884
19.28	4.8768e-05
19.29	-0.0023822
19.3	-0.0023008
19.31	0.00067705
19.32	-0.00039298
19.33	-0.002674
19.34	-0.0013259
19.35	2.1881e-05
19.36	-0.001996
19.37	-0.0041581
19.38	-0.0041738
19.39	-0.0033577
19.4	-0.0013092
19.41	0.0021657
19.42	0.0046052
19.43	0.0039313
19.44	0.0018681
19.45	0.0021211
19.46	0.0035487
19.47	0.0027786
19.48	0.0011104
19.49	0.00080929
19.5	0.0010027
19.51	-0.00030356
19.52	-0.0031468
19.53	-0.0055046
19.54	-0.0054082
19.55	-0.0032098
19.56	-0.0010381
19.57	-0.00070574
19.58	-0.0032961
19.59	-0.0066498
19.6	-0.0084537
19.61	-0.0074593
19.62	-0.0032177
19.63	0.0015917
19.64	0.004088
19.65	0.0027823
19.66	0.00050899
19.67	-0.00043731
19.68	-1.2504e-05
19.69	0.004745
19.7	0.0094087
19.71	0.0062543
19.72	-0.00020403
19.73	-0.0035366
19.74	-0.0038494
19.75	-0.0031806
19.76	-0.0026349
19.77	-0.001893
19.78	-0.0030619
19.79	-0.0064496
19.8	-0.0068169
19.81	-0.0028008
19.82	0.00079337
19.83	0.0033885
19.84	0.006107
19.85	0.0053014
19.86	0.001862
19.87	-0.00039204
19.88	-0.0011946
19.89	0.00096028
19.9	0.0045125
19.91	0.004391
19.92	0.0015571
19.93	-7.9415e-05
19.94	-0.0010158
19.95	-0.0029819
19.96	-0.0047311
19.97	-0.0034002
19.98	-0.00031023
19.99	0.00019173
20	-0.00060679
20.01	-0.00093192
20.02	-0.0016079
20.03	0.0001707
20.04	0.0042427
20.05	0.0075897
20.06	0.0095105
20.07	0.0074819
20.08	0.0030706
20.09	0.0010606
20.1	-2.7825e-05
20.11	-0.0024193
20.12	-0.0050375
20.13	-0.0057146
20.14	-0.0034633
20.15	-0.0010935
20.16	9.8332e-05
20.17	0.00015296
20.18	-0.0024261
20.19	-0.0052303
20.2	-0.0056055
20.21	-0.0055487
20.22	-0.0061526
20.23	-0.0050873
20.24	-0.0019162
20.25	0.00075139
20.26	0.0024656
20.27	0.0044514
20.28	0.0068198
20.29	0.0091545
20.3	0.0092938
20.31	0.0064666
20.32	0.0037682
20.33	0.001962
20.34	-0.000333
20.35	-0.0008972
20.36	0.0024275
20.37	0.0049924
20.38	0.0028113
20.39	-0.00047737
20.4	-0.0027199
20.41	-0.004005
20.42	-0.0024523
20.43	-0.00047005
20.44	-0.0014526
20.45	-0.0036185
20.46	-0.0038472
20.47	-0.0013633
20.48	0.0017849
20.49	0.0042312
20.5	0.0060654
20.51	0.0072563
20.52	0.0083884
20.53	0.0077385
20.54	0.004139
20.55	0.00094939
20.56	-0.0011188
20.57	-0.002617
20.58	-0.0017373
20.59	0.00015803
20.6	0.00042638
20.61	-0.00084055
20.62	-0.0022491
20.63	-0.0034007
20.64	-0.0049294
20.65	-0.0068222
20.66	-0.0076919
20.67	-0.0061443
20.68	-0.0039191
20.69	-0.0033231
20.7	-0.0023105
20.71	0.00098411
20.72	0.0043295
20.73	0.0071428
20.74	0.0091818
20.75	0.008776
20.76	0.0080125
20.77	0.008085
20.78	0.0060598
20.79	0.001728
20.8	-0.0022308
20.81	-0.0051356
20.82	-0.0067281
20.83	-0.005562
20.84	-0.0016368
20.85	0.0014156
20.86	0.00075805
20.87	-0.00099988
20.88	-0.0016093
20.89	-0.0017921
20.9	-0.0019119
20.91	-0.002584
20.92	-0.003676
20.93	-0.0045359
20.94	-0.0058758
20.95	-0.0067882
20.96	-0.0046985
20.97	-0.00061797
20.98	0.0010191
20.99	-0.00090858
21	-0.0030773
21.01	-0.0038147
21.02	-0.0013148
21.03	0.0053699
21.04	0.0095215
21.05	0.0077267
21.06	0.0046449
21.07	0.0027009
21.08	0.0024663
21.09	0.0039431
21.1	0.00562
21.11	0.006759
21.12	0.0055766
21.13	0.0013069
21.14	-0.0027333
21.15	-0.0050181
21.16	-0.0057586
21.17	-0.0037582
21.18	8.3146e-05
21.19	0.0017966
21.2	-0.0013716
21.21	-0.0045057
21.22	-0.0022721
21.23	0.00030493
21.24	-0.0010878
21.25	-0.0030614
21.26	-0.0032908
21.27	-0.0027074
21.28	-0.0019727
21.29	-0.00011021
21.3	0.0033867
21.31	0.0053376
21.32	0.0034699
21.33	0.0012609
21.34	0.0015139
21.35	0.0013382
21.36	-0.00049162
21.37	-0.00079944
21.38	-8.1085e-05
21.39	-0.00091865
21.4	-0.001947
21.41	-0.00060401
21.42	0.0020756
21.43	0.0028663
21.44	0.0016261
21.45	0.00022984
21.46	-0.0010779
21.47	-0.0020916
21.48	-0.0013724
21.49	0.00095835
21.5	0.0030254
21.51	0.0028979
21.52	-1.8334e-05
21.53	-0.0023987
21.54	-0.00094743
21.55	0.0017446
21.56	0.0020825
21.57	0.0012714
21.58	0.0013684
21.59	0.0016735
21.6	0.00090838
21.61	-0.00098255
21.62	-0.0033662
21.63	-0.0049723
21.64	-0.0033431
21.65	0.00052489
21.66	0.0011168
21.67	-0.0016511
21.68	-0.0028108
21.69	-0.0020152
21.7	-0.00081673
21.71	0.0014054
21.72	0.0037271
21.73	0.0044342
21.74	0.0038306
21.75	0.0029071
21.76	0.0023019
21.77	0.0025126
21.78	0.0026365
21.79	0.0016026
21.8	0.00071611
21.81	0.0002484
21.82	-0.0012646
21.83	-0.0027651
21.84	-0.0021557
21.85	-0.00010042
21.86	0.0011714
21.87	0.0002715
21.88	-0.0020266
21.89	-0.0037094
21.9	-0.0033526
21.91	-0.0010076
21.92	0.0014285
21.93	0.0035758
21.94	0.0046753
21.95	0.0024214
21.96	-0.00091194
21.97	-0.0017491
21.98	-0.0013859
21.99	-0.0024428
22	-0.0039296
22.01	-0.003303
22.02	-0.00093299
22.03	0.00044668
22.04	0.00049936
22.05	0.0017148
22.06	0.0037693
22.07	0.004012
22.08	0.0024149
22.09	0.00041544
22.1	-0.0012246
22.11	-0.0016738
22.12	-0.00081731
22.13	0.00029317
22.14	0.001337
22.15	0.0025346
22.16	0.0032589
22.17	0.0023334
22.18	0.00010258
22.19	-0.0017523
22.2	-0.0028769
22.21	-0.0025531
22.22	-0.00028607
22.23	0.0013802
22.24	-6.0468e-05
22.25	-0.0031383
22.26	-0.0045855
22.27	-0.0046426
22.28	-0.0057639
22.29	-0.006791
22.3	-0.0045343
22.31	-0.00048453
22.32	0.002117
22.33	0.0034535
22.34	0.0040511
22.35	0.0030071
22.36	0.00089463
22.37	-0.00026184
22.38	-0.00054997
22.39	-0.0015562
22.4	-0.0030885
22.41	-0.0041089
22.42	-0.0042464
22.43	-0.0022813
22.44	0.001273
22.45	0.0034085
22.46	0.004002
22.47	0.0044728
22.48	0.0036971
22.49	0.00054143
22.5	-0.0021451
22.51	-0.00087784
22.52	0.0021241
22.53	0.0035818
22.54	0.0037174
22.55	0.0018627
22.56	-0.0011068
22.57	-0.0026943
22.58	-0.0037214
22.59	-0.003875
22.6	-0.0022151
22.61	-0.00096352
22.62	-0.00071636
22.63	-0.0010708
22.64	-0.002156
22.65	-0.0014978
22.66	0.00069635
22.67	0.0013348
22.68	0.00071373
22.69	0.00023379
22.7	0.00097664
22.71	0.0017647
22.72	0.0004154
22.73	-0.00042481
22.74	0.00082158
22.75	0.0016761
22.76	0.0018334
22.77	0.0027406
22.78	0.0037853
22.79	0.0024113
22.8	-0.00097424
22.81	-0.0025245
22.82	-0.0015861
22.83	-0.00084603
22.84	-0.0014444
22.85	-0.0026355
22.86	-0.0033247
22.87	-0.0031989
22.88	-0.0024984
22.89	-0.00051447
22.9	0.002877
22.91	0.0064896
22.92	0.0072244
22.93	0.0033241
22.94	-0.00063581
22.95	-0.0023258
22.96	-0.0028694
22.97	-0.00014776
22.98	0.0043174
22.99	0.0045861
23	0.00056108
23.01	-0.0019738
23.02	-0.0010887
23.03	0.00031611
23.04	0.0013499
23.05	0.0024775
23.06	0.0019718
23.07	-0.0010206
23.08	-0.0042273
23.09	-0.0045953
23.1	-0.0015423
23.11	0.0014821
23.12	0.0020834
23.13	0.0017721
23.14	0.0013891
23.15	4.9275e-05
23.16	-0.0014821
23.17	-0.00070976
23.18	0.0020091
23.19	0.0044377
23.2	0.0053034
23.21	0.0032818
23.22	-0.00048107
23.23	-0.0031183
23.24	-0.00306
23.25	-0.0010927
23.26	0.00035476
23.27	0.00054389
23.28	-0.00042687
23.29	-0.0010916
23.3	0.00061989
23.31	0.0029722
23.32	0.0038108
23.33	0.0029858
23.34	0.00064503
23.35	-0.0019841
23.36	-0.00416
23.37	-0.0054352
23.38	-0.0043263
23.39	-0.0016311
23.4	8.7064e-05
23.41	0.00059361
23.42	0.00053242
23.43	-0.00048783
23.44	-0.0014317
23.45	-0.00053767
23.46	0.0012023
23.47	0.0018866
23.48	0.0020495
23.49	0.0025463
23.5	0.0024252
23.51	0.0016611
23.52	0.0018614
23.53	0.0017244
23.54	-0.000725
23.55	-0.0029266
23.56	-0.0032015
23.57	-0.0025119
23.58	-0.00093422
23.59	0.00032619
23.6	0.00031998
23.61	-0.00016171
23.62	-0.0013381
23.63	-0.0033656
23.64	-0.0051476
23.65	-0.0057845
23.66	-0.0051804
23.67	-0.0037983
23.68	-0.002185
23.69	-0.00072429
23.7	0.0004466
23.71	0.0011932
23.72	0.0014515
23.73	0.0025115
23.74	0.0048877
23.75	0.0055422
23.76	0.0023855
23.77	-0.0012595
23.78	-0.002151
23.79	-0.0027045
23.8	-0.004644
23.81	-0.0057691
23.82	-0.0041082
23.83	-0.001148
23.84	-6.6594e-05
23.85	0.00032029
23.86	0.001936
23.87	0.0031844
23.88	0.0021973
23.89	-0.00072831
23.9	-0.0036827
23.91	-0.0047054
23.92	-0.0030469
23.93	-0.00037322
23.94	0.0022376
23.95	0.004781
23.96	0.0054672
23.97	0.0036942
23.98	0.0027171
23.99	0.0041252
24	0.0048356
24.01	0.0036475
24.02	0.002167
24.03	0.00035761
24.04	-0.0016349
24.05	-0.00223
24.06	-0.0015015
24.07	-0.0014066
24.08	-0.002549
24.09	-0.0035582
24.1	-0.0040219
24.11	-0.0047342
24.12	-0.0054212
24.13	-0.0053594
24.14	-0.0043138
24.15	-0.0024425
24.16	-0.00065021
24.17	0.0005401
24.18	0.0020124
24.19	0.0048259
24.2	0.0074183
24.21	0.0069624
24.22	0.0041111
24.23	0.0015147
24.24	0.00014728
24.25	-0.00084901
24.26	-0.0022647
24.27	-0.0028307
24.28	-0.0018578
24.29	-0.0011866
24.3	-0.0010862
24.31	-0.0002018
24.32	0.00042574
24.33	-0.00025609
24.34	-0.0010251
24.35	-0.0015429
24.36	-0.0023065
24.37	-0.0030387
24.38	-0.003008
24.39	-0.001813
24.4	-0.0011217
24.41	-0.0014555
24.42	0.0001646
24.43	0.0036738
24.44	0.0060912
24.45	0.0069296
24.46	0.0054016
24.47	0.0014512
24.48	-0.0018595
24.49	-0.0034557
24.5	-0.0041811
24.51	-0.0039089
24.52	-0.0027159
24.53	-0.0011478
24.54	0.00041639
24.55	0.0019596
24.56	0.002833
24.57	0.002494
24.58	0.0026107
24.59	0.0039189
24.6	0.0035954
24.61	0.00035015
24.62	-0.0024874
24.63	-0.0026289
24.64	-0.0015304
24.65	-0.00071189
24.66	-0.00014597
24.67	0.00079635
24.68	0.0017799
24.69	0.0020729
24.7	0.0022773
24.71	0.0029537
24.72	0.0031156
24.73	0.0022114
24.74	0.0016067
24.75	0.0023015
24.76	0.0025056
24.77	0.0004139
24.78	-0.0023056
24.79	-0.0037911
24.8	-0.003421
24.81	-0.0014694
24.82	-7.5774e-05
24.83	0.00038746
24.84	0.0010095
24.85	0.0014953
24.86	0.0017675
24.87	0.0019646
24.88	0.0016693
24.89	0.00071298
24.9	-0.00054847
24.91	-0.0014818
24.92	-0.0014387
24.93	-0.00095248
24.94	-0.0011766
24.95	-0.00026492
24.96	0.0030964
24.97	0.006281
24.98	0.008263
24.99	0.0086463
25	0.005819
25.01	0.0014788
25.02	-0.0016143
25.03	-0.0040789
25.04	-0.0071579
25.05	-0.0095902
25.06	-0.0092047
25.07	-0.0065374
25.08	-0.0036593
25.09	-0.0012383
25.1	0.00014917
25.11	0.00025263
25.12	-0.00048467
25.13	-0.0016266
25.14	-0.0024084
25.15	-0.0018038
25.16	-7.1506e-05
25.17	0.0010677
25.18	0.0017
25.19	0.0028937
25.2	0.0033878
25.21	0.0020444
25.22	0.0006747
25.23	0.00031249
25.24	-0.00056201
25.25	-0.001276
25.26	-0.00010304
25.27	0.0014907
25.28	0.0022441
25.29	0.0020708
25.3	0.00057882
25.31	-0.0010088
25.32	-0.0016767
25.33	-0.0014575
25.34	-0.00018866
25.35	0.00090271
25.36	0.0011368
25.37	0.0014827
25.38	0.0018416
25.39	0.0016372
25.4	0.00075472
25.41	0.00010229
25.42	0.00071164
25.43	0.0013326
25.44	0.00095949
25.45	0.00062719
25.46	0.00035315
25.47	-0.00083423
25.48	-0.0016101
25.49	0.00012337
25.5	0.0032765
25.51	0.0051861
25.52	0.0050431
25.53	0.003726
25.54	0.0022034
25.55	0.00059658
25.56	-0.00090115
25.57	-0.0018819
25.58	-0.0023448
25.59	-0.0021263
25.6	-0.0015089
25.61	-0.0010165
25.62	-0.001008
25.63	-0.0010254
25.64	4.3819e-05
25.65	0.00059875
25.66	-0.00062837
25.67	-0.0015993
25.68	-0.0020318
25.69	-0.0028562
25.7	-0.0035559
25.71	-0.004105
25.72	-0.0048864
25.73	-0.0054928
25.74	-0.0045525
25.75	-0.0015334
25.76	0.0017965
25.77	0.0030562
25.78	0.0016029
25.79	-0.00043516
25.8	-0.00057369
25.81	0.00075113
25.82	0.0014179
25.83	0.0015495
25.84	0.0022235
25.85	0.002354
25.86	0.0011835
25.87	6.2201e-05
25.88	-0.00018077
25.89	-0.00064256
25.9	-0.0021832
25.91	-0.0032183
25.92	-0.0025945
25.93	-0.0019835
25.94	-0.0019822
25.95	-0.0022126
25.96	-0.00256
25.97	-0.0019323
25.98	-0.00084356
25.99	-0.00029668
26	0.00029873
26.01	0.0010256
26.02	0.0012371
26.03	0.00042472
26.04	-0.00036815
26.05	3.3405e-05
26.06	0.00053751
26.07	0.0006961
26.08	0.00038284
26.09	-0.0014269
26.1	-0.0039389
26.11	-0.0048643
26.12	-0.0032745
26.13	-0.0010325
26.14	0.0002416
26.15	0.00036894
26.16	-0.0010431
26.17	-0.0028686
26.18	-0.002879
26.19	-0.00094298
26.2	0.00089345
26.21	0.0016848
26.22	0.0021085
26.23	0.0023042
26.24	0.0023635
26.25	0.0025997
26.26	0.0026262
26.27	0.0011377
26.28	-0.0017384
26.29	-0.0043158
26.3	-0.0051106
26.31	-0.002925
26.32	0.00029294
26.33	0.002252
26.34	0.0026584
26.35	0.0008487
26.36	-0.0013742
26.37	-0.0012994
26.38	0.0010207
26.39	0.003402
26.4	0.0032963
26.41	0.0016922
26.42	0.0008077
26.43	-0.00026179
26.44	-0.0019266
26.45	-0.0013628
26.46	0.0021108
26.47	0.0043814
26.48	0.0047058
26.49	0.0055695
26.5	0.0064211
26.51	0.0054996
26.52	0.0025208
26.53	-0.00038563
26.54	-0.0014935
26.55	-0.0020957
26.56	-0.003069
26.57	-0.0034598
26.58	-0.0030359
26.59	-0.0017228
26.6	0.00035265
26.61	0.0016021
26.62	0.0022076
26.63	0.0034381
26.64	0.0035963
26.65	0.0021724
26.66	0.0010212
26.67	2.4889e-05
26.68	-0.0011051
26.69	-0.0012113
26.7	-0.0008174
26.71	-0.0018548
26.72	-0.0034422
26.73	-0.0026438
26.74	0.00014445
26.75	0.0015367
26.76	0.0010295
26.77	0.00062624
26.78	0.00047077
26.79	-0.00043528
26.8	-0.0013763
26.81	-0.00059597
26.82	0.00081773
26.83	0.00048727
26.84	0.00012545
26.85	0.0013319
26.86	0.0024034
26.87	0.0032186
26.88	0.0045577
26.89	0.0056805
26.9	0.005183
26.91	0.0029668
26.92	0.00072574
26.93	-0.00089841
26.94	-0.0020964
26.95	-0.0025229
26.96	-0.0018661
26.97	-0.00085228
26.98	-0.0012095
26.99	-0.0019295
27	9.6586e-05
27.01	0.0032976
27.02	0.0042094
27.03	0.0043385
27.04	0.0047582
27.05	0.0032276
27.06	0.00034166
27.07	-0.00079249
27.08	-7.9595e-06
27.09	0.00033873
27.1	-3.1253e-05
27.11	5.2569e-05
27.12	0.00035348
27.13	-0.00013114
27.14	-0.00096953
27.15	-0.00020228
27.16	0.0014161
27.17	0.0007886
27.18	-0.0016496
27.19	-0.0029561
27.2	-0.0026075
27.21	-0.0019867
27.22	-0.0014953
27.23	-0.00051398
27.24	0.0012408
27.25	0.0016734
27.26	-0.00083977
27.27	-0.0030378
27.28	-0.0033165
27.29	-0.0037918
27.3	-0.0036806
27.31	-0.0011791
27.32	0.0018175
27.33	0.0026561
27.34	0.0019247
27.35	0.0014711
27.36	0.0015141
27.37	0.0016778
27.38	0.0022324
27.39	0.0021742
27.4	0.00058611
27.41	-0.0011082
27.42	-0.0019133
27.43	-0.0015984
27.44	-0.00060051
27.45	-0.00035534
27.46	-0.00026905
27.47	0.0004822
27.48	0.00029036
27.49	-0.00073021
27.5	-0.0009399
27.51	-0.0010247
27.52	-0.0016024
27.53	-0.001918
27.54	-0.00090224
27.55	0.0010742
27.56	0.0013753
27.57	0.00028886
27.58	0.00032748
27.59	0.00088064
27.6	0.00053718
27.61	0.00043638
27.62	0.0017997
27.63	0.003171
27.64	0.0027915
27.65	0.00098569
27.66	-0.00090794
27.67	-0.0023585
27.68	-0.0037472
27.69	-0.0049898
27.7	-0.0046138
27.71	-0.0026393
27.72	-0.0019483
27.73	-0.002809
27.74	-0.0028691
27.75	-0.00197
27.76	-0.0014655
27.77	-0.0020317
27.78	-0.0027859
27.79	-0.0022885
27.8	-0.0010814
27.81	-0.00043128
27.82	-0.00010261
27.83	8.1998e-06
27.84	-0.00057715
27.85	-0.0013411
27.86	-0.0013034
27.87	-0.0011932
27.88	-0.0022405
27.89	-0.0032472
27.9	-0.0031
27.91	-0.0029876
27.92	-0.0033681
27.93	-0.0025818
27.94	0.00042808
27.95	0.003665
27.96	0.0048126
27.97	0.0044785
27.98	0.0030408
27.99	0.0001977
28	-0.0013656
28.01	-0.00016315
28.02	0.0011709
28.03	0.0018146
28.04	0.0020773
28.05	0.0012046
28.06	0.0003202
28.07	-0.00058841
28.08	-0.0025004
28.09	-0.0031374
28.1	-0.0016477
28.11	-0.00051964
28.12	-0.00085475
28.13	-0.0020174
28.14	-0.0031586
28.15	-0.0043518
28.16	-0.0049137
28.17	-0.0032987
28.18	-0.00074844
28.19	0.00082309
28.2	0.0014971
28.21	0.001708
28.22	0.0012335
28.23	0.00018232
28.24	-0.00020724
28.25	0.0010751
28.26	0.0030204
28.27	0.0043706
28.28	0.0047627
28.29	0.0038277
28.3	0.0026874
28.31	0.0021675
28.32	0.0015535
28.33	0.0011524
28.34	0.0014616
28.35	0.0011138
28.36	-0.0007099
28.37	-0.0026772
28.38	-0.0041335
28.39	-0.0042987
28.4	-0.0025979
28.41	-0.00083951
28.42	5.2605e-05
28.43	0.0006251
28.44	0.001263
28.45	0.0023151
28.46	0.0034039
28.47	0.0038138
28.48	0.00265
28.49	0.00085591
28.5	0.00064091
28.51	0.0013008
28.52	0.0015462
28.53	0.0017065
28.54	0.001401
28.55	-0.00028405
28.56	-0.0023007
28.57	-0.0031425
28.58	-0.0032555
28.59	-0.0025193
28.6	-0.00049435
28.61	0.00063774
28.62	-0.00015678
28.63	-0.00098711
28.64	-0.0012186
28.65	-0.001183
28.66	-0.0007602
28.67	0.0001469
28.68	0.0017108
28.69	0.0033632
28.7	0.0038036
28.71	0.0029529
28.72	0.0021884
28.73	0.0020713
28.74	0.0018423
28.75	0.00097689
28.76	-0.00014753
28.77	-0.0011194
28.78	-0.0019636
28.79	-0.0025603
28.8	-0.0023923
28.81	-0.0013947
28.82	-0.00035381
28.83	-5.8769e-05
28.84	-0.00064739
28.85	-0.0013234
28.86	-0.0015847
28.87	-0.0012626
28.88	-0.00027119
28.89	0.00035934
28.9	0.00020725
28.91	0.00019032
28.92	0.00077154
28.93	0.0013711
28.94	0.0013213
28.95	0.00073605
28.96	6.162e-05
28.97	0.00013803
28.98	0.0013102
28.99	0.0021439
29	0.001699
29.01	0.00074914
29.02	0.00010301
29.03	-0.0005018
29.04	-0.0012235
29.05	-0.0010046
29.06	0.00014009
29.07	0.00033168
29.08	-0.00070891
29.09	-0.00065528
29.1	0.00061817
29.11	0.00040881
29.12	-0.00085643
29.13	-0.001033
29.14	-0.00083685
29.15	-0.0012759
29.16	-0.0016551
29.17	-0.00076882
29.18	0.001067
29.19	0.0023503
29.2	0.002568
29.21	0.0018256
29.22	0.00089585
29.23	0.0010273
29.24	0.0022701
29.25	0.0027495
29.26	0.0017909
29.27	0.00090993
29.28	0.00021631
29.29	-0.00064857
29.3	-0.00106
29.31	-0.0010438
29.32	-0.00089327
29.33	-0.00015309
29.34	0.00041313
29.35	-0.00021814
29.36	-0.00030036
29.37	0.00078748
29.38	0.0015964
29.39	0.0020372
29.4	0.0018008
29.41	0.0007854
29.42	-0.00015147
29.43	-0.00081565
29.44	-0.00057727
29.45	0.00050811
29.46	0.0011338
29.47	0.0008571
29.48	0.00017147
29.49	-0.00034307
29.5	-0.00095127
29.51	-0.0013152
29.52	-0.00037994
29.53	0.00098543
29.54	0.0010511
29.55	3.4173e-05
29.56	-0.00084026
29.57	-0.0010263
29.58	-0.0004341
29.59	0.00055335
29.6	0.0019867
29.61	0.002844
29.62	0.0014097
29.63	-0.00083757
29.64	-0.0024652
29.65	-0.0033423
29.66	-0.002276
29.67	0.00045643
29.68	0.0027844
29.69	0.0030454
29.7	0.002051
29.71	0.001505
29.72	0.00094709
29.73	-2.7082e-05
29.74	-0.00088378
29.75	-0.0010921
29.76	-0.00051101
29.77	-0.00032112
29.78	-0.001103
29.79	-0.0014704
29.8	-0.00057473
29.81	0.00060453
29.82	0.0013219
29.83	0.0020704
29.84	0.0027902
29.85	0.0022428
29.86	0.0004601
29.87	-0.0010671
29.88	-0.0016796
29.89	-0.0013392
29.9	-0.00052275
29.91	4.5473e-05
29.92	0.0001295
29.93	-0.00055353
29.94	-0.0017848
29.95	-0.0020302
29.96	-0.00025269
29.97	0.0022188
29.98	0.0032596
29.99	0.0020185
30	-0.00012523
30.01	-0.0013682
30.02	-0.0017964
30.03	-0.0019541
30.04	-0.0019671
30.05	-0.0017042
30.06	-0.0011315
30.07	-0.0007132
30.08	-0.00050117
30.09	-0.00021487
30.1	0.00018663
30.11	0.0003628
30.12	-9.6601e-05
30.13	-0.00075042
30.14	-0.0011856
30.15	-0.0012125
30.16	-0.00031705
30.17	0.00099716
30.18	0.0019856
30.19	0.0022848
30.2	0.0015123
30.21	0.0011074
30.22	0.0021433
30.23	0.0027801
30.24	0.0025234
30.25	0.0025729
30.26	0.0026303
30.27	0.0021062
30.28	0.00089476
30.29	-0.00055024
30.3	-0.0012882
30.31	-0.0015562
30.32	-0.0016208
30.33	-0.001326
30.34	-0.0017218
30.35	-0.0026976
30.36	-0.0027084
30.37	-0.0019131
30.38	-0.001609
30.39	-0.001761
30.4	-0.0013115
30.41	2.0684e-05
30.42	0.0017288
30.43	0.0031698
30.44	0.0038759
30.45	0.0034886
30.46	0.0020762
30.47	0.00044235
30.48	-0.0010195
30.49	-0.0023285
30.5	-0.0026744
30.51	-0.0015009
30.52	-0.00036157
30.53	-0.00026854
30.54	1.8179e-05
30.55	0.0011768
30.56	0.0026002
30.57	0.0032211
30.58	0.0032143
30.59	0.0031601
30.6	0.0018663
30.61	-0.00039001
30.62	-0.0020961
30.63	-0.0028247
30.64	-0.0020745
30.65	-0.00054183
30.66	0.00051985
30.67	0.00098598
30.68	0.0005929
30.69	-0.00022259
30.7	-0.00036198
30.71	-0.00010789
30.72	-0.00032474
30.73	-0.00089679
30.74	-0.00073191
30.75	-0.00042269
30.76	-0.0014036
30.77	-0.0025951
30.78	-0.0031885
30.79	-0.0033669
30.8	-0.0023855
30.81	-0.00010398
30.82	0.0017202
30.83	0.001794
30.84	0.0011919
30.85	0.00051586
30.86	-0.0004516
30.87	-0.0010263
30.88	-0.00066
30.89	0.00026724
30.9	0.00085987
30.91	0.00035734
30.92	-0.00087494
30.93	-0.001834
30.94	-0.0022089
30.95	-0.0015185
30.96	6.2112e-05
30.97	0.0012774
30.98	0.0016234
30.99	0.0014934
31	0.0013317
31.01	0.0015101
31.02	0.0020303
31.03	0.0019955
31.04	0.0013837
31.05	0.00068247
31.06	-0.00040135
31.07	-0.0016382
31.08	-0.0021296
31.09	-0.0017587
31.1	-0.0017385
31.11	-0.0021901
31.12	-0.0013833
31.13	0.00051859
31.14	0.001282
31.15	0.00080747
31.16	0.00040589
31.17	-3.4941e-05
31.18	-0.0011741
31.19	-0.0018527
31.2	-0.00064005
31.21	0.0002082
31.22	-0.0009808
31.23	-0.0014049
31.24	-1.6302e-06
31.25	0.00092178
31.26	0.00074091
31.27	0.00053239
31.28	0.00054363
31.29	0.00042146
31.3	0.00025558
31.31	3.0835e-05
31.32	-0.00068128
31.33	-0.0010373
31.34	-0.00025584
31.35	0.00015265
31.36	-0.00033232
31.37	-0.00047226
31.38	-5.0128e-05
31.39	-7.2834e-05
31.4	-0.0013016
31.41	-0.002524
31.42	-0.0025089
31.43	-0.0021806
31.44	-0.0021602
31.45	-0.0017485
31.46	-0.0010768
31.47	-0.00086851
31.48	-0.00090448
31.49	-0.00077446
31.5	-0.0006613
31.51	-0.00074952
31.52	-0.0008872
31.53	-0.00059884
31.54	0.00020672
31.55	0.001014
31.56	0.0015697
31.57	0.0015086
31.58	0.00057706
31.59	-0.00062261
31.6	-0.0015877
31.61	-0.002164
31.62	-0.001595
31.63	2.1413e-05
31.64	0.00090789
31.65	0.00047798
31.66	-0.00031941
31.67	-0.0011101
31.68	-0.0020755
31.69	-0.0031537
31.7	-0.0033251
31.71	-0.0019828
31.72	-0.00065095
31.73	-1.0694e-05
31.74	0.00030819
31.75	-0.00045558
31.76	-0.0019723
31.77	-0.0020999
31.78	-0.00030121
31.79	0.0012368
31.8	0.0011692
31.81	0.00024208
31.82	-6.5146e-05
31.83	0.00015855
31.84	-0.00066773
31.85	-0.0016114
31.86	-0.0011064
31.87	-0.00061211
31.88	-0.0011256
31.89	-0.00075477
31.9	0.00086636
31.91	0.0016524
31.92	0.0014954
31.93	0.0017347
31.94	0.0021804
31.95	0.00213
31.96	0.0018637
31.97	0.0012698
31.98	5.1724e-06
31.99	-0.0011573
32	-0.0020062
32.01	-0.002573
32.02	-0.0022607
32.03	-0.0015069
32.04	-0.00094406
32.05	-0.00034738
32.06	0.00041474
32.07	0.0010758
32.08	0.0011548
32.09	0.00063861
32.1	2.8336e-05
32.11	-0.00054133
32.12	-0.00099897
32.13	-0.0013557
32.14	-0.0013217
32.15	-0.00033242
32.16	0.00092534
32.17	0.0015359
32.18	0.0017338
32.19	0.00213
32.2	0.0032927
32.21	0.0040166
32.22	0.0025593
32.23	0.0008966
32.24	0.00062136
32.25	0.00011007
32.26	-0.00090488
32.27	-0.0009608
32.28	-7.6527e-05
32.29	0.00063283
32.3	0.0011548
32.31	0.0016882
32.32	0.0018973
32.33	0.001759
32.34	0.0015208
32.35	0.0011144
32.36	0.00050728
32.37	0.00055952
32.38	0.0014014
32.39	0.0018808
32.4	0.0019266
32.41	0.0015007
32.42	-0.00015709
32.43	-0.0019336
32.44	-0.0015207
32.45	-0.00013839
32.46	-0.00030128
32.47	-0.00052797
32.48	0.00030452
32.49	0.0010204
32.5	0.0014022
32.51	0.0018057
32.52	0.0021051
32.53	0.0021011
32.54	0.001705
32.55	0.00053563
32.56	-0.001111
32.57	-0.0021419
32.58	-0.0019478
32.59	-0.00061113
32.6	0.00093277
32.61	0.001463
32.62	0.0008692
32.63	0.0001987
32.64	0.00047598
32.65	0.0012945
32.66	0.0017087
32.67	0.0019156
32.68	0.001983
32.69	0.0014058
32.7	-0.00012767
32.71	-0.0014227
32.72	-0.00075899
32.73	0.00045777
32.74	0.00076141
32.75	0.00088515
32.76	0.00028877
32.77	-0.0010347
32.78	-0.0010873
32.79	-0.00011054
32.8	1.3436e-05
32.81	-0.00039198
32.82	-0.000615
32.83	-0.0012482
32.84	-0.0020208
32.85	-0.001923
32.86	-0.0014846
32.87	-0.0016056
32.88	-0.0012885
32.89	-5.4721e-05
32.9	0.00094582
32.91	0.001433
32.92	0.0021387
32.93	0.0031124
32.94	0.0028772
32.95	0.0009295
32.96	-0.00062269
32.97	-0.0004858
32.98	0.00011324
32.99	0.00024509
33	0.00011467
33.01	-0.00065355
33.02	-0.0021965
33.03	-0.0037623
33.04	-0.0048531
33.05	-0.0052241
33.06	-0.0048996
33.07	-0.004342
33.08	-0.0038609
33.09	-0.003337
33.1	-0.0023479
33.11	-0.00099551
33.12	0.00039248
33.13	0.0021875
33.14	0.0038375
33.15	0.0040601
33.16	0.0032727
33.17	0.0027921
33.18	0.0026086
33.19	0.0017577
33.2	0.00028024
33.21	-0.00048999
33.22	-0.00029329
33.23	-0.00084795
33.24	-0.0023608
33.25	-0.0023652
33.26	-0.00081324
33.27	3.1122e-05
33.28	0.0003778
33.29	0.0011867
33.3	0.0012867
33.31	-1.3297e-05
33.32	-0.0012009
33.33	-0.00096823
33.34	-4.7488e-05
33.35	0.00044376
33.36	0.00086144
33.37	0.0014245
33.38	0.0016247
33.39	0.0012858
33.4	0.0013295
33.41	0.0025672
33.42	0.0035186
33.43	0.0030217
33.44	0.0018672
33.45	0.0007873
33.46	-0.00045494
33.47	-0.0016123
33.48	-0.0014217
33.49	-0.00029629
33.5	0.00058714
33.51	0.0011043
33.52	0.0010206
33.53	0.00073955
33.54	0.00091065
33.55	0.0013127
33.56	0.0015881
33.57	0.0017592
33.58	0.0018989
33.59	0.0018052
33.6	0.0012551
33.61	0.00014615
33.62	-0.00093803
33.63	-0.00098686
33.64	-0.00011081
33.65	0.00015131
33.66	-0.00077689
33.67	-0.0011946
33.68	-0.00066551
33.69	-0.0010306
33.7	-0.0017846
33.71	-0.00072088
33.72	0.00092715
33.73	0.0010043
33.74	0.0011963
33.75	0.0023975
33.76	0.0017809
33.77	-0.00028566
33.78	-0.00035908
33.79	0.0006624
33.8	-2.4023e-05
33.81	-0.0016374
33.82	-0.0021975
33.83	-0.0019052
33.84	-0.0018375
33.85	-0.0015851
33.86	-0.0005501
33.87	0.00050089
33.88	0.00074503
33.89	0.00036419
33.9	-8.8582e-05
33.91	-0.00053632
33.92	-0.00099282
33.93	-0.0014233
33.94	-0.0014416
33.95	-0.00065912
33.96	0.00016938
33.97	0.00068435
33.98	0.0012277
33.99	0.0015922
34	0.0014641
34.01	0.00082354
34.02	-3.3504e-06
34.03	-0.0004882
34.04	-0.00046524
34.05	-0.00045424
34.06	-0.00056448
34.07	-0.00017848
34.08	0.00023768
34.09	-0.0003303
34.1	-0.00094436
34.11	-0.00040367
34.12	0.00031079
34.13	2.5829e-05
34.14	-0.00086909
34.15	-0.0015543
34.16	-0.0017584
34.17	-0.0015829
34.18	-0.0010913
34.19	-0.00018118
34.2	0.00092278
34.21	0.0016713
34.22	0.0018005
34.23	0.0014604
34.24	0.00099828
34.25	0.00064861
34.26	0.00025218
34.27	-2.4236e-05
34.28	0.00062383
34.29	0.001637
34.3	0.0011413
34.31	-0.00033685
34.32	-0.00074534
34.33	-0.00057547
34.34	-0.00088201
34.35	-0.00093275
34.36	-0.0004976
34.37	-0.00054448
34.38	-0.0012376
34.39	-0.0013822
34.4	-0.00069972
34.41	-0.00065146
34.42	-0.0013705
34.43	-0.0012826
34.44	-0.00038959
34.45	0.00025223
34.46	0.00048861
34.47	0.00042987
34.48	0.00042569
34.49	0.00043738
34.5	-0.0001382
34.51	-0.00042256
34.52	0.00030363
34.53	0.00070736
34.54	0.00061373
34.55	0.0010658
34.56	0.001181
34.57	0.00010359
34.58	-0.00077608
34.59	-0.00030438
34.6	0.00054817
34.61	0.00063909
34.62	0.00061911
34.63	0.00069339
34.64	8.5969e-05
34.65	-0.00053537
34.66	-0.00040865
34.67	-4.0143e-05
34.68	0.00017471
34.69	0.00020511
34.7	0.00014037
34.71	-0.00018392
34.72	-0.0010989
34.73	-0.0014825
34.74	-0.00056453
34.75	-0.00022383
34.76	-0.0011862
34.77	-0.001708
34.78	-0.0013718
34.79	-0.0010818
34.8	-0.00091858
34.81	-0.00058434
34.82	-0.00039172
34.83	-0.00054069
34.84	-0.00067346
34.85	-0.00072303
34.86	-0.00096764
34.87	-0.0012998
34.88	-0.00094495
34.89	6.9318e-05
34.9	0.00074269
34.91	0.0008938
34.92	0.0007067
34.93	0.00062698
34.94	0.0009882
34.95	0.00080395
34.96	-0.00018064
34.97	-0.0010137
34.98	-0.00093109
34.99	-0.00019349
35	8.5012e-05
35.01	-6.0323e-06
35.02	2.1506e-06
35.03	3.249e-06
35.04	7.7447e-06
35.05	1.2665e-05
35.06	1.2481e-05
35.07	1.2355e-05
35.08	1.5728e-05
35.09	1.6122e-05
35.1	1.2478e-05
35.11	1.1939e-05
35.12	1.4353e-05
35.13	1.514e-05
35.14	1.5452e-05
35.15	1.7408e-05
35.16	1.9766e-05
35.17	2.2917e-05
35.18	2.8171e-05
35.19	3.2845e-05
35.2	3.6228e-05
35.21	3.89e-05
35.22	3.9111e-05
35.23	3.8117e-05
35.24	3.7772e-05
35.25	3.7346e-05
35.26	3.6492e-05
35.27	3.6007e-05
35.28	3.7e-05
35.29	3.9467e-05
35.3	4.2189e-05
35.31	4.4575e-05
35.32	4.6496e-05
35.33	4.8372e-05
35.34	4.9185e-05
35.35	4.7573e-05
35.36	4.5571e-05
35.37	4.5106e-05
35.38	4.564e-05
35.39	4.5733e-05
35.4	4.4014e-05
35.41	4.3501e-05
35.42	4.7918e-05
35.43	5.2358e-05
35.44	5.3555e-05
35.45	5.5459e-05
35.46	5.8206e-05
35.47	5.869e-05
35.48	5.7494e-05
35.49	5.6697e-05
35.5	5.6191e-05
35.51	5.5758e-05
35.52	5.6002e-05
35.53	5.6861e-05
35.54	5.7872e-05
35.55	5.9158e-05
35.56	6.0754e-05
35.57	6.1016e-05
35.58	5.9826e-05
35.59	5.9417e-05
35.6	5.978e-05
35.61	6.091e-05
35.62	6.4043e-05
35.63	6.7154e-05
35.64	6.6451e-05
35.65	6.428e-05
35.66	6.4697e-05
35.67	6.5133e-05
35.68	6.3925e-05
35.69	6.2914e-05
35.7	6.247e-05
35.71	6.2036e-05
35.72	6.1689e-05
35.73	6.1796e-05
35.74	6.2451e-05
35.75	6.4082e-05
35.76	6.6246e-05
35.77	6.7387e-05
35.78	6.6764e-05
35.79	6.4732e-05
35.8	6.2598e-05
35.81	6.1814e-05
35.82	6.2405e-05
35.83	6.3004e-05
35.84	6.2374e-05
35.85	6.1166e-05
35.86	6.0459e-05
35.87	5.9962e-05
35.88	5.9659e-05
35.89	6.0011e-05
35.9	6.1315e-05
35.91	6.2171e-05
35.92	6.0904e-05
35.93	5.9206e-05
35.94	5.8443e-05
35.95	5.7861e-05
35.96	5.7959e-05
35.97	5.8629e-05
35.98	5.8004e-05
35.99	5.6475e-05
36	5.5781e-05
36.01	5.5485e-05
36.02	5.4998e-05
36.03	5.4837e-05
36.04	5.4681e-05
36.05	5.379e-05
36.06	5.2656e-05
36.07	5.1929e-05
36.08	5.086e-05
36.09	4.9174e-05
36.1	4.7742e-05
36.11	4.6706e-05
36.12	4.5515e-05
36.13	4.4187e-05
36.14	4.3684e-05
36.15	4.4147e-05
36.16	4.4192e-05
36.17	4.3196e-05
36.18	4.197e-05
36.19	4.1007e-05
36.2	4.0172e-05
36.21	3.9644e-05
36.22	3.9428e-05
36.23	3.9126e-05
36.24	3.8506e-05
36.25	3.7501e-05
36.26	3.6186e-05
36.27	3.4796e-05
36.28	3.346e-05
36.29	3.2125e-05
36.3	3.0645e-05
36.31	2.9077e-05
36.32	2.7568e-05
36.33	2.5994e-05
36.34	2.4547e-05
36.35	2.3621e-05
36.36	2.2996e-05
36.37	2.2234e-05
36.38	2.1359e-05
36.39	2.066e-05
36.4	2.0086e-05
36.41	1.9262e-05
36.42	1.8176e-05
36.43	1.7282e-05
36.44	1.657e-05
36.45	1.5481e-05
36.46	1.4101e-05
36.47	1.2927e-05
36.48	1.1874e-05
36.49	1.0764e-05
36.5	9.8025e-06
36.51	9.0634e-06
36.52	8.2715e-06
36.53	7.2567e-06
36.54	6.1745e-06
36.55	5.1871e-06
36.56	4.2363e-06
36.57	3.2934e-06
36.58	2.4136e-06
36.59	1.6066e-06
36.6	7.7213e-07
36.61	-1.4243e-07
36.62	-9.8761e-07
36.63	-1.6957e-06
36.64	-2.356e-06
36.65	-3.0275e-06
36.66	-3.6918e-06
36.67	-4.3609e-06
36.68	-5.0829e-06
36.69	-5.8068e-06
36.7	-6.473e-06
36.71	-7.0842e-06
36.72	-7.6417e-06
36.73	-8.1653e-06
36.74	-8.6694e-06
36.75	-9.1405e-06
36.76	-9.5703e-06
36.77	-9.9601e-06
36.78	-1.0311e-05
36.79	-1.0619e-05
36.8	-1.0886e-05
36.81	-1.1113e-05
36.82	-1.1301e-05
36.83	-1.1449e-05
36.84	-1.1548e-05
36.85	-1.1592e-05
36.86	-1.1583e-05
36.87	-1.152e-05
36.88	-1.1401e-05
