0	-1.5244e-05
0.01	2.791e-05
0.02	-2.7378e-06
0.03	2.5506e-05
0.04	-2.7232e-05
0.05	9.1444e-06
0.06	1.5535e-08
0.07	0.0001138
0.08	0.00013883
0.09	0.00016285
0.1	3.9839e-05
0.11	1.7454e-05
0.12	-7.3307e-06
0.13	9.4803e-05
0.14	0.0002358
0.15	0.000577
0.16	0.00030524
0.17	-0.00053619
0.18	-0.0011312
0.19	-0.00029571
0.2	0.00095455
0.21	0.00043024
0.22	-0.00016873
0.23	0.00021063
0.24	-0.00034614
0.25	-0.0012926
0.26	-0.0002058
0.27	0.00019742
0.28	0.00026415
0.29	0.0011598
0.3	0.00074535
0.31	-0.0014909
0.32	-0.004064
0.33	-0.0036498
0.34	-3.3148e-05
0.35	0.0022041
0.36	0.0016995
0.37	0.00095928
0.38	0.00016605
0.39	1.6215e-05
0.4	0.0010586
0.41	0.0030873
0.42	0.0044616
0.43	0.0035959
0.44	-0.0018924
0.45	-0.0086722
0.46	-0.0091966
0.47	-0.0032718
0.48	0.0056593
0.49	0.0087046
0.5	0.00077205
0.51	-0.0099965
0.52	-0.010289
0.53	0.00042352
0.54	0.012447
0.55	0.013429
0.56	0.0033833
0.57	-0.0046438
0.58	-0.0049046
0.59	-0.001707
0.6	0.0036416
0.61	0.010005
0.62	0.0064476
0.63	-0.0043841
0.64	-0.011504
0.65	-0.00048224
0.66	0.024157
0.67	0.038145
0.68	0.01776
0.69	-0.015579
0.7	-0.034609
0.71	-0.028992
0.72	-0.0088183
0.73	0.0054452
0.74	0.0038515
0.75	-0.001666
0.76	0.0085414
0.77	0.022081
0.78	0.0087288
0.79	-0.018253
0.8	-0.030659
0.81	-0.019821
0.82	-0.0024274
0.83	0.0032074
0.84	0.0012773
0.85	0.0055985
0.86	0.012384
0.87	0.011249
0.88	-0.0068069
0.89	-0.01387
0.9	0.003728
0.91	0.025399
0.92	0.017809
0.93	-0.011174
0.94	-0.03168
0.95	-0.019318
0.96	-0.00010391
0.97	0.0056139
0.98	0.0060017
0.99	0.0041421
1	0.0079268
1.01	0.016504
1.02	0.015152
1.03	-0.0012244
1.04	-0.012847
1.05	-0.0097341
1.06	-0.0087395
1.07	-0.013151
1.08	-0.015542
1.09	-0.0028128
1.1	0.020459
1.11	0.027126
1.12	0.0092307
1.13	-0.016239
1.14	-0.031362
1.15	-0.032857
1.16	-0.021133
1.17	-0.0097813
1.18	-0.011418
1.19	0.0016944
1.2	0.020078
1.21	0.02307
1.22	0.017082
1.23	0.017664
1.24	0.010671
1.25	-0.0050683
1.26	-0.0077323
1.27	0.0095904
1.28	0.015081
1.29	-0.0014167
1.3	-0.02795
1.31	-0.045714
1.32	-0.044122
1.33	-0.018643
1.34	0.016426
1.35	0.048637
1.36	0.064612
1.37	0.054324
1.38	0.0013724
1.39	-0.049783
1.4	-0.058642
1.41	-0.036946
1.42	-0.011871
1.43	0.010129
1.44	0.020831
1.45	0.036052
1.46	0.058437
1.47	0.067847
1.48	0.056297
1.49	0.015643
1.5	-0.02856
1.51	-0.046947
1.52	-0.021996
1.53	4.1678e-05
1.54	0.007349
1.55	0.01394
1.56	0.029792
1.57	0.026148
1.58	-0.0046693
1.59	-0.031411
1.6	-0.039344
1.61	-0.027454
1.62	-0.011047
1.63	-0.017018
1.64	-0.024787
1.65	-0.019234
1.66	-0.011142
1.67	-0.012255
1.68	-0.014567
1.69	0.0017686
1.7	0.047474
1.71	0.074336
1.72	0.057329
1.73	0.022163
1.74	-0.010444
1.75	-0.029632
1.76	-0.034917
1.77	-0.044691
1.78	-0.044286
1.79	-0.0062313
1.8	0.041017
1.81	0.064443
1.82	0.066542
1.83	0.030057
1.84	-0.019747
1.85	-0.036608
1.86	-0.03705
1.87	-0.033352
1.88	-0.0076363
1.89	0.012071
1.9	0.012848
1.91	0.015231
1.92	0.016318
1.93	0.010193
1.94	-0.016091
1.95	-0.02916
1.96	-0.023454
1.97	-0.01458
1.98	-0.0068748
1.99	-0.0076259
2	-0.0087775
2.01	0.0094253
2.02	0.038407
2.03	0.04521
2.04	0.022295
2.05	-0.009003
2.06	-0.050333
2.07	-0.057076
2.08	-0.0075262
2.09	0.04194
2.1	0.039067
2.11	-0.00040069
2.12	-0.012254
2.13	-0.00018136
2.14	0.007741
2.15	0.015543
2.16	0.0079124
2.17	-0.010808
2.18	-0.025614
2.19	-0.036327
2.2	-0.02673
2.21	-0.012837
2.22	-0.028797
2.23	-0.044786
2.24	-0.037454
2.25	-0.018863
2.26	-0.00049118
2.27	0.0017853
2.28	-0.0094443
2.29	-0.025867
2.3	-0.027357
2.31	0.00061938
2.32	0.041931
2.33	0.044264
2.34	0.010697
2.35	-0.0035116
2.36	0.016492
2.37	0.046091
2.38	0.048948
2.39	0.029522
2.4	0.020925
2.41	0.02124
2.42	0.021538
2.43	0.01403
2.44	-0.01537
2.45	-0.044987
2.46	-0.046915
2.47	-0.046905
2.48	-0.060314
2.49	-0.069167
2.5	-0.0605
2.51	-0.041177
2.52	-0.020997
2.53	-0.029252
2.54	-0.027269
2.55	0.0038814
2.56	0.054477
2.57	0.094866
2.58	0.11376
2.59	0.12058
2.6	0.13531
2.61	0.13888
2.62	0.10569
2.63	0.058934
2.64	0.033946
2.65	0.041692
2.66	0.06307
2.67	0.070456
2.68	0.068882
2.69	0.063017
2.7	0.058137
2.71	0.055411
2.72	0.040365
2.73	0.017796
2.74	0.0024118
2.75	-0.042994
2.76	-0.11586
2.77	-0.18529
2.78	-0.20474
2.79	-0.18749
2.8	-0.16481
2.81	-0.14717
2.82	-0.14686
2.83	-0.1653
2.84	-0.1485
2.85	-0.10059
2.86	-0.067825
2.87	-0.053177
2.88	-0.053673
2.89	-0.050294
2.9	-0.066953
2.91	-0.03836
2.92	0.055688
2.93	0.089852
2.94	0.050033
2.95	0.006568
2.96	-0.018393
2.97	-0.028641
2.98	-0.017897
2.99	0.021827
3	0.034519
3.01	0.027967
3.02	0.068822
3.03	0.11329
3.04	0.12116
3.05	0.11206
3.06	0.13001
3.07	0.14487
3.08	0.1403
3.09	0.14168
3.1	0.15417
3.11	0.14402
3.12	0.12159
3.13	0.070652
3.14	-0.033202
3.15	-0.14738
3.16	-0.17109
3.17	-0.10276
3.18	0.0294
3.19	0.10363
3.2	0.11131
3.21	0.10185
3.22	0.062027
3.23	-0.015162
3.24	-0.065869
3.25	-0.038175
3.26	0.04622
3.27	0.12045
3.28	0.14196
3.29	0.15113
3.3	0.15928
3.31	0.15562
3.32	0.13669
3.33	0.11153
3.34	0.0556
3.35	-0.0036013
3.36	-0.03669
3.37	-0.07047
3.38	-0.14894
3.39	-0.22897
3.4	-0.26398
3.41	-0.26063
3.42	-0.23194
3.43	-0.20665
3.44	-0.19824
3.45	-0.21055
3.46	-0.22225
3.47	-0.20876
3.48	-0.17474
3.49	-0.14496
3.5	-0.12693
3.51	-0.11063
3.52	-0.10296
3.53	-0.10154
3.54	-0.098901
3.55	-0.05033
3.56	0.034278
3.57	0.061771
3.58	0.058681
3.59	0.049049
3.6	0.030283
3.61	0.012129
3.62	-0.0048719
3.63	-0.011137
3.64	0.0045225
3.65	0.035618
3.66	0.062647
3.67	0.06847
3.68	0.058985
3.69	0.057453
3.7	0.080419
3.71	0.10896
3.72	0.13253
3.73	0.13938
3.74	0.13842
3.75	0.15413
3.76	0.21049
3.77	0.25892
3.78	0.26271
3.79	0.25102
3.8	0.20578
3.81	0.16088
3.82	0.12328
3.83	0.047108
3.84	-0.04697
3.85	-0.094452
3.86	-0.093939
3.87	-0.071473
3.88	-0.041006
3.89	-0.065942
3.9	-0.15431
3.91	-0.23602
3.92	-0.28438
3.93	-0.30863
3.94	-0.30968
3.95	-0.28559
3.96	-0.26263
3.97	-0.26895
3.98	-0.2897
3.99	-0.27295
4	-0.16094
4.01	0.0099315
4.02	0.10356
4.03	0.13721
4.04	0.1687
4.05	0.20072
4.06	0.23947
4.07	0.27881
4.08	0.31372
4.09	0.31937
4.1	0.2929
4.11	0.267
4.12	0.26068
4.13	0.26689
4.14	0.27628
4.15	0.3036
4.16	0.30777
4.17	0.28144
4.18	0.22388
4.19	0.13093
4.2	0.036631
4.21	-0.057008
4.22	-0.16461
4.23	-0.22769
4.24	-0.24858
4.25	-0.26972
4.26	-0.32048
4.27	-0.37962
4.28	-0.45078
4.29	-0.40291
4.3	-0.24929
4.31	-0.1813
4.32	-0.17528
4.33	-0.16445
4.34	-0.11713
4.35	-0.043524
4.36	0.02902
4.37	0.093727
4.38	0.13744
4.39	0.16551
4.4	0.18972
4.41	0.23269
4.42	0.28352
4.43	0.29801
4.44	0.33331
4.45	0.4146
4.46	0.46586
4.47	0.4571
4.48	0.42969
4.49	0.4159
4.5	0.4
4.51	0.34985
4.52	0.27597
4.53	0.1979
4.54	0.12508
4.55	0.089077
4.56	0.057065
4.57	-1.6924e-05
4.58	-0.078636
4.59	-0.15773
4.6	-0.21052
4.61	-0.25193
4.62	-0.30262
4.63	-0.37775
4.64	-0.47188
4.65	-0.55585
4.66	-0.63628
4.67	-0.68516
4.68	-0.68437
4.69	-0.6421
4.7	-0.58898
4.71	-0.53694
4.72	-0.48484
4.73	-0.38941
4.74	-0.28822
4.75	-0.22811
4.76	-0.18932
4.77	-0.16572
4.78	-0.17036
4.79	-0.15603
4.8	-0.11578
4.81	-0.073477
4.82	-0.033677
4.83	0.0069544
4.84	0.033227
4.85	0.046778
4.86	0.045908
4.87	0.036637
4.88	0.043747
4.89	0.07454
4.9	0.11454
4.91	0.13079
4.92	0.13887
4.93	0.15787
4.94	0.17128
4.95	0.17981
4.96	0.19159
4.97	0.18576
4.98	0.17568
4.99	0.20019
5	0.25074
5.01	0.30654
5.02	0.34364
5.03	0.3368
5.04	0.23232
5.05	0.080756
5.06	-0.0049566
5.07	-0.040605
5.08	-0.083023
5.09	-0.12458
5.1	-0.1121
5.11	0.058346
5.12	0.28233
5.13	0.38178
5.14	0.42687
5.15	0.44101
5.16	0.4304
5.17	0.46837
5.18	0.55068
5.19	0.60062
5.2	0.61282
5.21	0.50459
5.22	0.37674
5.23	0.33501
5.24	0.33563
5.25	0.30661
5.26	0.24605
5.27	0.19352
5.28	0.12878
5.29	0.063228
5.3	-0.023228
5.31	-0.1023
5.32	-0.188
5.33	-0.26929
5.34	-0.38552
5.35	-0.48161
5.36	-0.53089
5.37	-0.55436
5.38	-0.58199
5.39	-0.58338
5.4	-0.60398
5.41	-0.59831
5.42	-0.70427
5.43	-0.78212
5.44	-1.1601
5.45	-1.2108
5.46	-0.73179
5.47	-0.41439
5.48	-0.29385
5.49	-0.21972
5.5	-0.15003
5.51	-0.10709
5.52	-0.072231
5.53	-0.042027
5.54	-0.0062079
5.55	0.022739
5.56	0.036242
5.57	0.041227
5.58	0.058009
5.59	0.072091
5.6	0.092052
5.61	0.13788
5.62	0.2091
5.63	0.2386
5.64	0.23976
5.65	0.26219
5.66	0.3024
5.67	0.29774
5.68	0.27014
5.69	0.27627
5.7	0.31286
5.71	0.32065
5.72	0.31475
5.73	0.3039
5.74	0.27733
5.75	0.25742
5.76	0.26111
5.77	0.27133
5.78	0.26172
5.79	0.24551
5.8	0.25506
5.81	0.27302
5.82	0.27744
5.83	0.28315
5.84	0.32807
5.85	0.40638
5.86	0.53936
5.87	0.61996
5.88	0.58647
5.89	0.39421
5.9	0.2189
5.91	0.16022
5.92	0.096987
5.93	0.041661
5.94	0.0067377
5.95	-0.033656
5.96	-0.073819
5.97	-0.14391
5.98	-0.22959
5.99	-0.33241
6	-0.41402
6.01	-0.48139
6.02	-0.5227
6.03	-0.54538
6.04	-0.55508
6.05	-0.54701
6.06	-0.46466
6.07	-0.25142
6.08	-0.081225
6.09	-0.012375
6.1	0.023526
6.11	0.014693
6.12	0.023076
6.13	0.08971
6.14	0.12746
6.15	0.13125
6.16	0.12585
6.17	0.083267
6.18	-0.0025594
6.19	-0.060619
6.2	-0.090314
6.21	-0.11852
6.22	-0.10865
6.23	-0.097326
6.24	-0.10492
6.25	-0.11268
6.26	-0.102
6.27	-0.075667
6.28	0.023205
6.29	0.13985
6.3	0.20286
6.31	0.24556
6.32	0.28262
6.33	0.29383
6.34	0.26722
6.35	0.22879
6.36	0.18673
6.37	0.16996
6.38	0.16936
6.39	0.18339
6.4	0.18287
6.41	0.14095
6.42	0.077742
6.43	0.016895
6.44	-0.057523
6.45	-0.122
6.46	-0.18971
6.47	-0.25281
6.48	-0.31328
6.49	-0.36657
6.5	-0.41017
6.51	-0.42946
6.52	-0.44897
6.53	-0.46468
6.54	-0.46787
6.55	-0.47057
6.56	-0.47878
6.57	-0.48655
6.58	-0.53576
6.59	-0.61374
6.6	-0.52964
6.61	-0.30391
6.62	-0.20331
6.63	-0.17862
6.64	-0.10214
6.65	-0.017451
6.66	0.048789
6.67	0.10422
6.68	0.14643
6.69	0.16138
6.7	0.15353
6.71	0.12932
6.72	0.08607
6.73	0.047234
6.74	0.031424
6.75	0.0049687
6.76	-0.00118
6.77	0.029981
6.78	0.066971
6.79	0.13332
6.8	0.19876
6.81	0.19879
6.82	0.17929
6.83	0.16527
6.84	0.1565
6.85	0.15603
6.86	0.15716
6.87	0.14332
6.88	0.11679
6.89	0.093196
6.9	0.070476
6.91	0.049856
6.92	0.031528
6.93	0.02959
6.94	0.036311
6.95	0.083654
6.96	0.21061
6.97	0.28664
6.98	0.28466
6.99	0.28308
7	0.27848
7.01	0.26697
7.02	0.25878
7.03	0.26586
7.04	0.27338
7.05	0.28167
7.06	0.28902
7.07	0.30075
7.08	0.31808
7.09	0.36167
7.1	0.39316
7.11	0.3831
7.12	0.36632
7.13	0.35287
7.14	0.32544
7.15	0.26828
7.16	0.19338
7.17	0.14468
7.18	0.10424
7.19	0.060542
7.2	0.017441
7.21	-0.024164
7.22	-0.066494
7.23	-0.12919
7.24	-0.19978
7.25	-0.25448
7.26	-0.30058
7.27	-0.344
7.28	-0.38952
7.29	-0.41798
7.3	-0.44293
7.31	-0.47633
7.32	-0.52632
7.33	-0.50367
7.34	-0.40617
7.35	-0.25723
7.36	-0.11646
7.37	0.0018538
7.38	0.098639
7.39	0.15445
7.4	0.17268
7.41	0.17491
7.42	0.17545
7.43	0.16384
7.44	0.15411
7.45	0.15407
7.46	0.15595
7.47	0.1543
7.48	0.14295
7.49	0.10221
7.5	0.043991
7.51	-0.018576
7.52	-0.06926
7.53	-0.12725
7.54	-0.23196
7.55	-0.30154
7.56	-0.31914
7.57	-0.3263
7.58	-0.33528
7.59	-0.36545
7.6	-0.40419
7.61	-0.39455
7.62	-0.35983
7.63	-0.23605
7.64	-0.059852
7.65	0.060043
7.66	0.13074
7.67	0.14782
7.68	0.1467
7.69	0.1348
7.7	0.12133
7.71	0.11425
7.72	0.1133
7.73	0.1105
7.74	0.10123
7.75	0.08775
7.76	0.068572
7.77	0.053026
7.78	0.045569
7.79	0.070157
7.8	0.087534
7.81	0.071552
7.82	0.0628
7.83	0.058098
7.84	0.060464
7.85	0.063462
7.86	0.07936
7.87	0.11273
7.88	0.14567
7.89	0.15212
7.9	0.14756
7.91	0.14542
7.92	0.14013
7.93	0.12213
7.94	0.099452
7.95	0.065082
7.96	0.022286
7.97	-0.030513
7.98	-0.091311
7.99	-0.14623
8	-0.19797
8.01	-0.23827
8.02	-0.27527
8.03	-0.30062
8.04	-0.32367
8.05	-0.34567
8.06	-0.35883
8.07	-0.38776
8.08	-0.41411
8.09	-0.4302
8.1	-0.4216
8.11	-0.41974
8.12	-0.44597
8.13	-0.47646
8.14	-0.44796
8.15	-0.36153
8.16	-0.24854
8.17	-0.13765
8.18	-0.043842
8.19	0.032189
8.2	0.082906
8.21	0.11459
8.22	0.15201
8.23	0.1926
8.24	0.23454
8.25	0.25577
8.26	0.25471
8.27	0.23818
8.28	0.22124
8.29	0.21334
8.3	0.21008
8.31	0.2106
8.32	0.22022
8.33	0.22996
8.34	0.23533
8.35	0.24027
8.36	0.24441
8.37	0.25159
8.38	0.27077
8.39	0.29227
8.4	0.31045
8.41	0.3204
8.42	0.31494
8.43	0.29209
8.44	0.25595
8.45	0.21932
8.46	0.19892
8.47	0.2027
8.48	0.21017
8.49	0.2151
8.5	0.21666
8.51	0.20205
8.52	0.16273
8.53	0.10186
8.54	0.045238
8.55	0.010302
8.56	0.019389
8.57	0.041165
8.58	0.057215
8.59	0.051449
8.6	0.021124
8.61	-0.026104
8.62	-0.069169
8.63	-0.10569
8.64	-0.13206
8.65	-0.16154
8.66	-0.18568
8.67	-0.21033
8.68	-0.22547
8.69	-0.23113
8.7	-0.21849
8.71	-0.1808
8.72	-0.12808
8.73	-0.081677
8.74	-0.057592
8.75	-0.049664
8.76	-0.052105
8.77	-0.046986
8.78	-0.02991
8.79	0.018599
8.8	0.063301
8.81	0.081523
8.82	0.088259
8.83	0.090846
8.84	0.091886
8.85	0.093538
8.86	0.089895
8.87	0.081349
8.88	0.060593
8.89	0.024469
8.9	-0.01067
8.91	-0.036308
8.92	-0.038052
8.93	-0.017765
8.94	0.003163
8.95	0.021012
8.96	0.021459
8.97	0.012339
8.98	-0.0097023
8.99	-0.038447
9	-0.063884
9.01	-0.073161
9.02	-0.061599
9.03	-0.029153
9.04	0.0034524
9.05	0.026418
9.06	0.023884
9.07	0.011779
9.08	-0.0020589
9.09	-0.019603
9.1	-0.038358
9.11	-0.053529
9.12	-0.066578
9.13	-0.080143
9.14	-0.087506
9.15	-0.092331
9.16	-0.097195
9.17	-0.10066
9.18	-0.099439
9.19	-0.095323
9.2	-0.090689
9.21	-0.093344
9.22	-0.10198
9.23	-0.12158
9.24	-0.1402
9.25	-0.15528
9.26	-0.16253
9.27	-0.16097
9.28	-0.15543
9.29	-0.14993
9.3	-0.14294
9.31	-0.1344
9.32	-0.12291
9.33	-0.094074
9.34	-0.049219
9.35	-0.0099158
9.36	0.012335
9.37	0.023926
9.38	0.037789
9.39	0.061087
9.4	0.088559
9.41	0.10345
9.42	0.098098
9.43	0.072074
9.44	0.036866
9.45	0.0047823
9.46	-0.0079259
9.47	-0.00056233
9.48	0.016057
9.49	0.031843
9.5	0.041502
9.51	0.047048
9.52	0.053815
9.53	0.060111
9.54	0.065003
9.55	0.064424
9.56	0.055057
9.57	0.038479
9.58	0.018036
9.59	0.0065944
9.6	0.012362
9.61	0.036505
9.62	0.070579
9.63	0.092394
9.64	0.098102
9.65	0.098351
9.66	0.096983
9.67	0.095012
9.68	0.093675
9.69	0.092166
9.7	0.090583
9.71	0.088547
9.72	0.085919
9.73	0.081396
9.74	0.075634
9.75	0.06785
9.76	0.060688
9.77	0.060824
9.78	0.062996
9.79	0.062613
9.8	0.056101
9.81	0.037805
9.82	0.0075069
9.83	-0.03613
9.84	-0.069783
9.85	-0.098099
9.86	-0.12045
9.87	-0.13824
9.88	-0.15346
9.89	-0.1656
9.9	-0.17354
9.91	-0.17061
9.92	-0.15378
9.93	-0.13045
9.94	-0.10471
9.95	-0.084396
9.96	-0.072266
9.97	-0.058149
9.98	-0.037489
9.99	-0.0081898
10	0.02464
10.01	0.048779
10.02	0.060487
10.03	0.062989
10.04	0.065582
10.05	0.063454
10.06	0.052201
10.07	0.043341
10.08	0.034087
10.09	0.018216
10.1	0.002745
10.11	-0.0029242
10.12	-0.001862
10.13	0.0022223
10.14	0.0072781
10.15	0.0093652
10.16	0.0066167
10.17	2.1942e-06
10.18	-0.011045
10.19	-0.023567
10.2	-0.040511
10.21	-0.060075
10.22	-0.066889
10.23	-0.063482
10.24	-0.051728
10.25	-0.032571
10.26	-0.014014
10.27	0.0061317
10.28	0.027765
10.29	0.04616
10.3	0.063001
10.31	0.072266
10.32	0.078311
10.33	0.086115
10.34	0.094284
10.35	0.10098
10.36	0.1051
10.37	0.10221
10.38	0.090869
10.39	0.073935
10.4	0.057582
10.41	0.046728
10.42	0.040577
10.43	0.034967
10.44	0.025084
10.45	0.008551
10.46	-0.0043517
10.47	-0.012233
10.48	-0.019858
10.49	-0.028261
10.5	-0.040016
10.51	-0.053457
10.52	-0.063599
10.53	-0.066542
10.54	-0.061796
10.55	-0.051806
10.56	-0.026446
10.57	0.0088762
10.58	0.038033
10.59	0.05158
10.6	0.056847
10.61	0.057638
10.62	0.054299
10.63	0.0493
10.64	0.049425
10.65	0.054486
10.66	0.057136
10.67	0.048935
10.68	0.027449
10.69	-0.0043274
10.7	-0.032793
10.71	-0.04419
10.72	-0.040724
10.73	-0.02289
10.74	-0.0021434
10.75	0.0065563
10.76	0.0036103
10.77	-0.0017353
10.78	-0.0082681
10.79	-0.014475
10.8	-0.017597
10.81	-0.021526
10.82	-0.028117
10.83	-0.034805
10.84	-0.035145
10.85	-0.029436
10.86	-0.020922
10.87	-0.014834
10.88	-0.011815
10.89	-0.01226
10.9	-0.013341
10.91	-0.011081
10.92	-0.0084562
10.93	-0.0081361
10.94	-0.013323
10.95	-0.02726
10.96	-0.046257
10.97	-0.056633
10.98	-0.054247
10.99	-0.041874
11	-0.027271
11.01	-0.018282
11.02	-0.014343
11.03	-0.015558
11.04	-0.018592
11.05	-0.017541
11.06	-0.012214
11.07	-0.0020489
11.08	0.008734
11.09	0.013734
11.1	0.012891
11.11	0.0070534
11.12	-0.0084592
11.13	-0.032991
11.14	-0.056767
11.15	-0.070853
11.16	-0.076161
11.17	-0.079202
11.18	-0.080766
11.19	-0.082355
11.2	-0.084083
11.21	-0.089161
11.22	-0.096241
11.23	-0.098788
11.24	-0.095148
11.25	-0.084285
11.26	-0.066445
11.27	-0.039341
11.28	-0.00099697
11.29	0.034937
11.3	0.066178
11.31	0.086234
11.32	0.093643
11.33	0.096913
11.34	0.095795
11.35	0.09265
11.36	0.08518
11.37	0.076063
11.38	0.064731
11.39	0.051053
11.4	0.029352
11.41	0.009024
11.42	0.00030441
11.43	-0.00088176
11.44	0.0015426
11.45	0.0043756
11.46	0.0049206
11.47	0.0033413
11.48	0.0023422
11.49	0.0048172
11.5	0.0083677
11.51	0.012407
11.52	0.015829
11.53	0.022217
11.54	0.031963
11.55	0.048676
11.56	0.067616
11.57	0.078532
11.58	0.080108
11.59	0.076437
11.6	0.072923
11.61	0.0707
11.62	0.070302
11.63	0.073061
11.64	0.075052
11.65	0.083819
11.66	0.096738
11.67	0.10793
11.68	0.11759
11.69	0.12297
11.7	0.12686
11.71	0.1287
11.72	0.12732
11.73	0.12528
11.74	0.12182
11.75	0.11417
11.76	0.10041
11.77	0.081378
11.78	0.057437
11.79	0.030172
11.8	0.00038585
11.81	-0.027402
11.82	-0.050819
11.83	-0.069364
11.84	-0.086375
11.85	-0.11393
11.86	-0.14852
11.87	-0.17792
11.88	-0.20209
11.89	-0.21272
11.9	-0.21659
11.91	-0.21866
11.92	-0.2207
11.93	-0.2226
11.94	-0.21509
11.95	-0.1981
11.96	-0.17583
11.97	-0.14765
11.98	-0.11839
11.99	-0.095505
12	-0.074586
12.01	-0.052107
12.02	-0.027898
12.03	-0.0056136
12.04	0.010821
12.05	0.016173
12.06	0.014784
12.07	0.011787
12.08	0.014872
12.09	0.024426
12.1	0.040576
12.11	0.055652
12.12	0.064696
12.13	0.064855
12.14	0.06197
12.15	0.055334
12.16	0.044132
12.17	0.016896
12.18	-0.021697
12.19	-0.046334
12.2	-0.050092
12.21	-0.045907
12.22	-0.034687
12.23	-0.016391
12.24	0.0073246
12.25	0.033117
12.26	0.055221
12.27	0.075355
12.28	0.080338
12.29	0.069957
12.3	0.061539
12.31	0.057331
12.32	0.060192
12.33	0.068986
12.34	0.069966
12.35	0.065401
12.36	0.060972
12.37	0.058161
12.38	0.054505
12.39	0.048701
12.4	0.03768
12.41	0.026879
12.42	0.011534
12.43	-0.012309
12.44	-0.034371
12.45	-0.050115
12.46	-0.053825
12.47	-0.05069
12.48	-0.043029
12.49	-0.033026
12.5	-0.022677
12.51	-0.013229
12.52	-0.0047924
12.53	0.0030908
12.54	0.015064
12.55	0.025123
12.56	0.028844
12.57	0.028639
12.58	0.023064
12.59	0.014787
12.6	0.012044
12.61	0.013923
12.62	0.0173
12.63	0.020082
12.64	0.019925
12.65	0.01627
12.66	0.0067764
12.67	-0.010003
12.68	-0.026753
12.69	-0.03259
12.7	-0.032547
12.71	-0.027727
12.72	-0.019321
12.73	-0.0059371
12.74	0.0095012
12.75	0.019373
12.76	0.020785
12.77	0.012969
12.78	0.0013297
12.79	-0.0070776
12.8	-0.010206
12.81	-0.0031856
12.82	0.014741
12.83	0.031867
12.84	0.047777
12.85	0.055445
12.86	0.047255
12.87	0.030707
12.88	0.012708
12.89	4.9242e-05
12.9	-0.0037129
12.91	-0.0021294
12.92	0.0029299
12.93	0.0077504
12.94	0.0063568
12.95	-0.0041411
12.96	-0.019664
12.97	-0.032457
12.98	-0.038911
12.99	-0.043105
13	-0.04385
13.01	-0.043764
13.02	-0.042526
13.03	-0.040845
13.04	-0.035059
13.05	-0.023177
13.06	-0.0070778
13.07	0.0092902
13.08	0.024081
13.09	0.032916
13.1	0.036865
13.11	0.036661
13.12	0.031892
13.13	0.022936
13.14	0.011786
13.15	0.0055601
13.16	0.0093864
13.17	0.016626
13.18	0.024486
13.19	0.028341
13.2	0.021576
13.21	0.006452
13.22	-0.0093161
13.23	-0.020501
13.24	-0.025283
13.25	-0.024761
13.26	-0.018102
13.27	-0.0096522
13.28	-0.0030771
13.29	0.0030685
13.3	0.010225
13.31	0.021137
13.32	0.03244
13.33	0.037029
13.34	0.038447
13.35	0.035939
13.36	0.031909
13.37	0.029745
13.38	0.026642
13.39	0.021268
13.4	0.013487
13.41	0.0053462
13.42	-0.00038354
13.43	0.00042206
13.44	0.0040333
13.45	0.00807
13.46	0.010088
13.47	0.0078133
13.48	-0.0022628
13.49	-0.016864
13.5	-0.033803
13.51	-0.048796
13.52	-0.057549
13.53	-0.061102
13.54	-0.058144
13.55	-0.051387
13.56	-0.043385
13.57	-0.037591
13.58	-0.037238
13.59	-0.040349
13.6	-0.046781
13.61	-0.053058
13.62	-0.058632
13.63	-0.063925
13.64	-0.070027
13.65	-0.070313
13.66	-0.064813
13.67	-0.053879
13.68	-0.038335
13.69	-0.023684
13.7	-0.016532
13.71	-0.017418
13.72	-0.018931
13.73	-0.019536
13.74	-0.017724
13.75	-0.014152
13.76	-0.0043429
13.77	0.0091886
13.78	0.018631
13.79	0.024675
13.8	0.028091
13.81	0.027505
13.82	0.026784
13.83	0.026344
13.84	0.026367
13.85	0.025804
13.86	0.025483
13.87	0.02623
13.88	0.035674
13.89	0.047714
13.9	0.055451
13.91	0.061666
13.92	0.069663
13.93	0.072063
13.94	0.068327
13.95	0.056718
13.96	0.032769
13.97	0.0080718
13.98	-0.012883
13.99	-0.02099
14	-0.011841
14.01	-0.003058
14.02	-0.0030945
14.03	-0.011338
14.04	-0.026202
14.05	-0.033828
14.06	-0.036394
14.07	-0.035384
14.08	-0.034638
14.09	-0.035774
14.1	-0.039387
14.11	-0.043057
14.12	-0.041222
14.13	-0.033071
14.14	-0.024544
14.15	-0.01565
14.16	-0.0093205
14.17	-0.0032357
14.18	0.0016428
14.19	0.0079109
14.2	0.016737
14.21	0.030584
14.22	0.045791
14.23	0.058136
14.24	0.070179
14.25	0.080154
14.26	0.085022
14.27	0.082404
14.28	0.07707
14.29	0.072914
14.3	0.07222
14.31	0.072073
14.32	0.07009
14.33	0.067005
14.34	0.058758
14.35	0.046418
14.36	0.029559
14.37	0.0082592
14.38	-0.012328
14.39	-0.029109
14.4	-0.039246
14.41	-0.044525
14.42	-0.04749
14.43	-0.05118
14.44	-0.055722
14.45	-0.059816
14.46	-0.060422
14.47	-0.057264
14.48	-0.054074
14.49	-0.051554
14.5	-0.046522
14.51	-0.036905
14.52	-0.018563
14.53	0.0060945
14.54	0.027775
14.55	0.037702
14.56	0.044463
14.57	0.048938
14.58	0.052282
14.59	0.052593
14.6	0.047705
14.61	0.034463
14.62	0.011903
14.63	-0.017157
14.64	-0.040566
14.65	-0.052667
14.66	-0.05955
14.67	-0.066798
14.68	-0.073783
14.69	-0.076254
14.7	-0.076563
14.71	-0.073011
14.72	-0.063535
14.73	-0.044625
14.74	-0.019444
14.75	0.0051425
14.76	0.017901
14.77	0.026525
14.78	0.028837
14.79	0.026521
14.8	0.021692
14.81	0.01364
14.82	0.0029417
14.83	-0.00017434
14.84	0.0068685
14.85	0.022531
14.86	0.035721
14.87	0.038516
14.88	0.036463
14.89	0.029472
14.9	0.019838
14.91	0.011885
14.92	0.0064515
14.93	0.0018258
14.94	0.0024834
14.95	0.0055543
14.96	0.0079059
14.97	0.010145
14.98	0.011632
14.99	0.012195
15	0.012136
15.01	0.0078258
15.02	0.004049
15.03	-0.0011403
15.04	-0.0036765
15.05	-0.0047312
15.06	-0.0069607
15.07	-0.0052494
15.08	-0.0022338
15.09	-0.00014016
15.1	-0.0024437
15.11	-0.0065675
15.12	-0.011635
15.13	-0.016695
15.14	-0.017121
15.15	-0.015306
15.16	-0.013737
15.17	-0.014251
15.18	-0.013117
15.19	-0.0091568
15.2	0.0018563
15.21	0.0096404
15.22	0.011482
15.23	0.0059956
15.24	0.0034748
15.25	0.0030493
15.26	0.0039244
15.27	0.0058935
15.28	0.0050507
15.29	0.0053914
15.3	0.0068574
15.31	0.0081666
15.32	0.006176
15.33	0.00092539
15.34	-0.0060843
15.35	-0.012027
15.36	-0.017024
15.37	-0.022504
15.38	-0.029924
15.39	-0.034779
15.4	-0.036455
15.41	-0.036374
15.42	-0.033849
15.43	-0.03062
15.44	-0.02766
15.45	-0.027763
15.46	-0.028909
15.47	-0.026842
15.48	-0.019117
15.49	-0.007811
15.5	0.003552
15.51	0.010355
15.52	0.014565
15.53	0.014188
15.54	0.011271
15.55	0.0098026
15.56	0.012129
15.57	0.018922
15.58	0.026413
15.59	0.030026
15.6	0.028701
15.61	0.024293
15.62	0.014485
15.63	0.0028296
15.64	-0.010874
15.65	-0.019603
15.66	-0.021202
15.67	-0.02235
15.68	-0.019391
15.69	-0.015653
15.7	-0.007411
15.71	0.0012576
15.72	0.0077889
15.73	0.010802
15.74	0.012429
15.75	0.017052
15.76	0.022316
15.77	0.024307
15.78	0.020412
15.79	0.016309
15.8	0.01548
15.81	0.019014
15.82	0.027754
15.83	0.038125
15.84	0.048303
15.85	0.053473
15.86	0.0557
15.87	0.055988
15.88	0.050473
15.89	0.041114
15.9	0.028702
15.91	0.010879
15.92	-0.0079869
15.93	-0.016295
15.94	-0.019744
15.95	-0.022641
15.96	-0.02321
15.97	-0.02198
15.98	-0.022014
15.99	-0.016827
16	-0.0068599
16.01	0.0014589
16.02	0.010203
16.03	0.018939
16.04	0.029052
16.05	0.037685
16.06	0.043981
16.07	0.049102
16.08	0.048787
16.09	0.042574
16.1	0.034825
16.11	0.031053
16.12	0.028898
16.13	0.026857
16.14	0.022441
16.15	0.019136
16.16	0.011753
16.17	2.8773e-05
16.18	-0.018363
16.19	-0.036209
16.2	-0.05177
16.21	-0.066389
16.22	-0.079159
16.23	-0.090227
16.24	-0.096817
16.25	-0.096116
16.26	-0.089031
16.27	-0.077878
16.28	-0.064346
16.29	-0.051187
16.3	-0.039183
16.31	-0.030773
16.32	-0.027301
16.33	-0.025918
16.34	-0.023072
16.35	-0.018386
16.36	-0.014019
16.37	-0.012899
16.38	-0.012878
16.39	-0.010302
16.4	-0.0038573
16.41	0.0057556
16.42	0.017072
16.43	0.024176
16.44	0.02705
16.45	0.031679
16.46	0.038183
16.47	0.041607
16.48	0.040702
16.49	0.036426
16.5	0.027474
16.51	0.015206
16.52	0.0032911
16.53	-0.0050113
16.54	-0.01178
16.55	-0.016576
16.56	-0.021125
16.57	-0.021716
16.58	-0.013078
16.59	-0.0010408
16.6	0.0071618
16.61	0.0090515
16.62	0.0062617
16.63	0.0036953
16.64	0.00088034
16.65	0.0015491
16.66	0.0073901
16.67	0.011515
16.68	0.011762
16.69	0.013535
16.7	0.019148
16.71	0.027801
16.72	0.034198
16.73	0.033781
16.74	0.030781
16.75	0.025571
16.76	0.016307
16.77	0.0048107
16.78	-0.0064941
16.79	-0.010618
16.8	-0.012049
16.81	-0.017051
16.82	-0.022619
16.83	-0.02677
16.84	-0.031016
16.85	-0.035826
16.86	-0.037964
16.87	-0.038595
16.88	-0.035447
16.89	-0.031246
16.9	-0.022982
16.91	-0.010576
16.92	0.0022171
16.93	0.011316
16.94	0.01542
16.95	0.018151
16.96	0.021551
16.97	0.024746
16.98	0.02901
16.99	0.032361
17	0.033599
17.01	0.033376
17.02	0.030251
17.03	0.024873
17.04	0.021169
17.05	0.01662
17.06	0.010403
17.07	0.0028575
17.08	-0.0054327
17.09	-0.011939
17.1	-0.015064
17.11	-0.01568
17.12	-0.01779
17.13	-0.021235
17.14	-0.02574
17.15	-0.030727
17.16	-0.032793
17.17	-0.03152
17.18	-0.02762
17.19	-0.024157
17.2	-0.015324
17.21	-0.0037902
17.22	0.010525
17.23	0.024104
17.24	0.034128
17.25	0.037029
17.26	0.038123
17.27	0.037096
17.28	0.035895
17.29	0.035075
17.3	0.032985
17.31	0.032099
17.32	0.03235
17.33	0.030873
17.34	0.029271
17.35	0.025883
17.36	0.020329
17.37	0.012683
17.38	0.0026456
17.39	-0.0048984
17.4	-0.0067495
17.41	-0.0064135
17.42	-0.0052834
17.43	-0.0073802
17.44	-0.013993
17.45	-0.02499
17.46	-0.038168
17.47	-0.046801
17.48	-0.050358
17.49	-0.049602
17.5	-0.047869
17.51	-0.046716
17.52	-0.04676
17.53	-0.046755
17.54	-0.046002
17.55	-0.043623
17.56	-0.039814
17.57	-0.034858
17.58	-0.029245
17.59	-0.020739
17.6	-0.001837
17.61	0.018804
17.62	0.037454
17.63	0.048704
17.64	0.048532
17.65	0.043986
17.66	0.039185
17.67	0.03601
17.68	0.031418
17.69	0.030599
17.7	0.030895
17.71	0.034886
17.72	0.03775
17.73	0.039649
17.74	0.039645
17.75	0.038557
17.76	0.035133
17.77	0.031266
17.78	0.023584
17.79	0.016373
17.8	0.0072983
17.81	-0.0033632
17.82	-0.018388
17.83	-0.02785
17.84	-0.026748
17.85	-0.02112
17.86	-0.013092
17.87	-0.007424
17.88	-0.0080746
17.89	-0.011398
17.9	-0.012216
17.91	-0.01035
17.92	-0.0070767
17.93	-0.0020552
17.94	0.002073
17.95	0.0046133
17.96	0.0051215
17.97	0.0035599
17.98	-0.0015984
17.99	-0.0081078
18	-0.0087154
18.01	-0.0080532
18.02	-0.0044565
18.03	-0.0002267
18.04	0.0047812
18.05	0.010291
18.06	0.016419
18.07	0.02557
18.08	0.033126
18.09	0.033628
18.1	0.029764
18.11	0.024889
18.12	0.022387
18.13	0.024064
18.14	0.022943
18.15	0.018592
18.16	0.0089803
18.17	-0.0061777
18.18	-0.024773
18.19	-0.042108
18.2	-0.057215
18.21	-0.064786
18.22	-0.068168
18.23	-0.068007
18.24	-0.062841
18.25	-0.055943
18.26	-0.043943
18.27	-0.028247
18.28	-0.014158
18.29	-0.0015399
18.3	0.0075928
18.31	0.016317
18.32	0.021869
18.33	0.024399
18.34	0.025175
18.35	0.024185
18.36	0.021328
18.37	0.016399
18.38	0.011004
18.39	0.0050598
18.4	-0.0051174
18.41	-0.023262
18.42	-0.032364
18.43	-0.034974
18.44	-0.037801
18.45	-0.038297
18.46	-0.038608
18.47	-0.037859
18.48	-0.035636
18.49	-0.032053
18.5	-0.027181
18.51	-0.021699
18.52	-0.015003
18.53	-0.0042276
18.54	0.010782
18.55	0.023077
18.56	0.030009
18.57	0.033011
18.58	0.037678
18.59	0.038568
18.6	0.038127
18.61	0.033784
18.62	0.026987
18.63	0.01858
18.64	0.012019
18.65	0.0095526
18.66	0.0064533
18.67	0.0026724
18.68	0.00030322
18.69	-0.003058
18.7	-0.003322
18.71	-0.0044218
18.72	-0.010071
18.73	-0.018983
18.74	-0.024623
18.75	-0.031092
18.76	-0.03496
18.77	-0.037389
18.78	-0.03924
18.79	-0.035837
18.8	-0.029727
18.81	-0.023323
18.82	-0.018083
18.83	-0.013181
18.84	-0.0075898
18.85	0.0017237
18.86	0.012953
18.87	0.026041
18.88	0.036792
18.89	0.044711
18.9	0.049788
18.91	0.052633
18.92	0.052101
18.93	0.048737
18.94	0.042999
18.95	0.034244
18.96	0.024599
18.97	0.013468
18.98	0.006035
18.99	0.0038297
19	0.0065444
19.01	0.0090374
19.02	0.010344
19.03	0.011831
19.04	0.013452
19.05	0.016058
19.06	0.021671
19.07	0.023035
19.08	0.020204
19.09	0.012551
19.1	0.0050731
19.11	0.0022036
19.12	0.0015773
19.13	0.0009701
19.14	-0.0018843
19.15	-0.0079744
19.16	-0.011835
19.17	-0.011242
19.18	-0.007163
19.19	-0.0012391
19.2	0.006497
19.21	0.014447
19.22	0.023839
19.23	0.028678
19.24	0.028994
19.25	0.026495
19.26	0.019239
19.27	0.011748
19.28	0.0016646
19.29	-0.012772
19.3	-0.024845
19.31	-0.033425
19.32	-0.04108
19.33	-0.049512
19.34	-0.055595
19.35	-0.05449
19.36	-0.045253
19.37	-0.029287
19.38	-0.013062
19.39	-0.00048982
19.4	0.0028071
19.41	0.003127
19.42	0.003111
19.43	-0.0003499
19.44	-0.0045481
19.45	-0.0093865
19.46	-0.012289
19.47	-0.010683
19.48	-0.0039089
19.49	0.0057029
19.5	0.01599
19.51	0.027822
19.52	0.037238
19.53	0.041731
19.54	0.043111
19.55	0.038501
19.56	0.03067
19.57	0.025579
19.58	0.02251
19.59	0.019109
19.6	0.0162
19.61	0.012093
19.62	0.0054604
19.63	-0.001869
19.64	-0.012586
19.65	-0.02659
19.66	-0.036771
19.67	-0.04311
19.68	-0.048135
19.69	-0.049743
19.7	-0.047367
19.71	-0.0412
19.72	-0.03372
19.73	-0.020526
19.74	-0.0060477
19.75	0.0068261
19.76	0.017469
19.77	0.020713
19.78	0.018732
19.79	0.016859
19.8	0.015209
19.81	0.01428
19.82	0.016348
19.83	0.016068
19.84	0.016624
19.85	0.016572
19.86	0.015342
19.87	0.013425
19.88	0.008439
19.89	-0.0033137
19.9	-0.019026
19.91	-0.031757
19.92	-0.036002
19.93	-0.034283
19.94	-0.02964
19.95	-0.025948
19.96	-0.020585
19.97	-0.016828
19.98	-0.012232
19.99	-0.0083379
20	-0.0080095
20.01	-0.0069875
20.02	-0.0066333
20.03	-0.0032562
20.04	0.0033065
20.05	0.010133
20.06	0.012701
20.07	0.013458
20.08	0.012466
20.09	0.0091536
20.1	0.0062431
20.11	0.0054394
20.12	0.0048224
20.13	0.0053628
20.14	0.0032073
20.15	-0.0018526
20.16	-0.0046981
20.17	-0.0045164
20.18	-0.0029548
20.19	0.00069497
20.2	0.0007449
20.21	-0.00020216
20.22	-0.0046675
20.23	-0.0077398
20.24	-0.010814
20.25	-0.011957
20.26	-0.013994
20.27	-0.019225
20.28	-0.028077
20.29	-0.034663
20.3	-0.036898
20.31	-0.033737
20.32	-0.02817
20.33	-0.022499
20.34	-0.018248
20.35	-0.013803
20.36	-0.0080944
20.37	-0.0043107
20.38	-0.00093703
20.39	0.0038235
20.4	0.0070831
20.41	0.011567
20.42	0.016858
20.43	0.021156
20.44	0.026158
20.45	0.032541
20.46	0.034652
20.47	0.03427
20.48	0.0336
20.49	0.029289
20.5	0.025695
20.51	0.023986
20.52	0.021548
20.53	0.017252
20.54	0.0099087
20.55	0.0027298
20.56	-0.0025985
20.57	-0.005804
20.58	-0.0045197
20.59	-0.0021409
20.6	-0.00099315
20.61	-0.00069573
20.62	0.0020943
20.63	0.0032592
20.64	0.0029601
20.65	0.0028153
20.66	0.0034279
20.67	0.0037336
20.68	0.0033365
20.69	0.0063798
20.7	0.010974
20.71	0.015246
20.72	0.019815
20.73	0.023029
20.74	0.022691
20.75	0.022592
20.76	0.02426
20.77	0.026105
20.78	0.025742
20.79	0.021966
20.8	0.02054
20.81	0.019663
20.82	0.017209
20.83	0.012402
20.84	0.0064888
20.85	-0.001725
20.86	-0.007683
20.87	-0.012227
20.88	-0.014294
20.89	-0.017122
20.9	-0.020774
20.91	-0.025069
20.92	-0.029725
20.93	-0.032073
20.94	-0.032156
20.95	-0.030611
20.96	-0.028165
20.97	-0.026152
20.98	-0.023869
20.99	-0.024269
21	-0.025052
21.01	-0.026764
21.02	-0.029109
21.03	-0.031923
21.04	-0.032021
21.05	-0.028789
21.06	-0.02212
21.07	-0.013086
21.08	-4.0264e-05
21.09	0.015323
21.1	0.028481
21.11	0.034624
21.12	0.037891
21.13	0.036841
21.14	0.033767
21.15	0.031162
21.16	0.028045
21.17	0.022405
21.18	0.015377
21.19	0.009213
21.2	0.0039157
21.21	0.00065259
21.22	-0.0034684
21.23	-0.0078632
21.24	-0.011131
21.25	-0.014434
21.26	-0.014281
21.27	-0.010474
21.28	-0.0087484
21.29	-0.0099268
21.3	-0.010472
21.31	-0.012141
21.32	-0.013164
21.33	-0.011844
21.34	-0.012867
21.35	-0.014386
21.36	-0.013658
21.37	-0.015021
21.38	-0.014832
21.39	-0.01113
21.4	-0.0035441
21.41	0.005711
21.42	0.016439
21.43	0.025009
21.44	0.0286
21.45	0.02977
21.46	0.029168
21.47	0.027374
21.48	0.025187
21.49	0.023106
21.5	0.021085
21.51	0.019152
21.52	0.016792
21.53	0.012778
21.54	0.0087428
21.55	0.0018488
21.56	-0.0064259
21.57	-0.014362
21.58	-0.017126
21.59	-0.016443
21.6	-0.015094
21.61	-0.009186
21.62	-0.0017313
21.63	0.0055012
21.64	0.0096034
21.65	0.011569
21.66	0.012121
21.67	0.014316
21.68	0.014864
21.69	0.016013
21.7	0.016781
21.71	0.01488
21.72	0.01317
21.73	0.0080586
21.74	0.00094065
21.75	-0.01048
21.76	-0.019955
21.77	-0.024152
21.78	-0.025182
21.79	-0.018428
21.8	-0.0074205
21.81	-2.8791e-06
21.82	0.0039316
21.83	0.0072601
21.84	0.0099568
21.85	0.011103
21.86	0.0098461
21.87	0.0058924
21.88	0.0011295
21.89	-0.0011266
21.9	-0.0027745
21.91	-0.0063614
21.92	-0.010573
21.93	-0.013891
21.94	-0.013694
21.95	-0.01304
21.96	-0.010033
21.97	-0.0086323
21.98	-0.0093412
21.99	-0.0090069
22	-0.0071063
22.01	-0.0039992
22.02	0.00060941
22.03	0.005296
22.04	0.0070168
22.05	0.0048051
22.06	-0.001707
22.07	-0.0082282
22.08	-0.011715
22.09	-0.010434
22.1	-0.0076528
22.11	-0.0025331
22.12	0.0013316
22.13	0.0030688
22.14	0.0031454
22.15	0.0018486
22.16	3.6932e-06
22.17	-0.0018065
22.18	-0.0058293
22.19	-0.00772
22.2	-0.0076249
22.21	-0.0076088
22.22	-0.0079476
22.23	-0.01117
22.24	-0.014659
22.25	-0.018055
22.26	-0.022342
22.27	-0.0215
22.28	-0.02188
22.29	-0.020716
22.3	-0.01792
22.31	-0.01383
22.32	-0.011324
22.33	-0.0065773
22.34	-0.0035516
22.35	-0.0010492
22.36	0.00098604
22.37	0.0038753
22.38	0.0047607
22.39	0.0085875
22.4	0.010783
22.41	0.01088
22.42	0.0098822
22.43	0.0066767
22.44	0.0029359
22.45	0.001539
22.46	-0.0015713
22.47	-0.0033175
22.48	-0.0058641
22.49	-0.0076497
22.5	-0.0069525
22.51	-0.0091067
22.52	-0.0096803
22.53	-0.0085347
22.54	-0.0078612
22.55	-0.0052518
22.56	-0.003058
22.57	-0.0011436
22.58	0.0026921
22.59	0.0060951
22.6	0.008365
22.61	0.013406
22.62	0.018625
22.63	0.022331
22.64	0.026086
22.65	0.02976
22.66	0.032154
22.67	0.033199
22.68	0.032722
22.69	0.028494
22.7	0.023757
22.71	0.019421
22.72	0.013637
22.73	0.0057211
22.74	-0.00083236
22.75	-0.0050569
22.76	-0.008169
22.77	-0.011483
22.78	-0.015344
22.79	-0.017167
22.8	-0.01289
22.81	-0.0093119
22.82	-0.0054664
22.83	-0.0016212
22.84	-0.0013888
22.85	-0.0042985
22.86	-0.0061361
22.87	-0.006991
22.88	-0.007793
22.89	-0.0075669
22.9	-0.0062424
22.91	-0.0019608
22.92	0.0026252
22.93	0.007988
22.94	0.012528
22.95	0.015293
22.96	0.015886
22.97	0.016792
22.98	0.018251
22.99	0.018118
23	0.01919
23.01	0.019817
23.02	0.018373
23.03	0.015308
23.04	0.011017
23.05	0.0060461
23.06	-0.000212
23.07	-0.0057245
23.08	-0.0096598
23.09	-0.011962
23.1	-0.014594
23.11	-0.017155
23.12	-0.019231
23.13	-0.020098
23.14	-0.019887
23.15	-0.017667
23.16	-0.013477
23.17	-0.0099976
23.18	-0.0082986
23.19	-0.0067223
23.2	-0.0032898
23.21	0.0015017
23.22	0.0052522
23.23	0.0073752
23.24	0.005765
23.25	0.0034356
23.26	0.0025271
23.27	0.00086387
23.28	-0.0023418
23.29	-0.0052865
23.3	-0.0085176
23.31	-0.0082441
23.32	-0.0061495
23.33	-0.0025221
23.34	-0.0010156
23.35	0.00047643
23.36	0.0020964
23.37	0.0039721
23.38	0.0052272
23.39	0.0068523
23.4	0.0079425
23.41	0.0073434
23.42	0.0046648
23.43	0.0022723
23.44	-0.00018003
23.45	-0.0015589
23.46	-0.0019271
23.47	-0.0013447
23.48	-0.00083115
23.49	0.0020165
23.5	0.0047745
23.51	0.0063238
23.52	0.0077151
23.53	0.0086465
23.54	0.0079215
23.55	0.0053433
23.56	0.0015537
23.57	-0.0017039
23.58	-0.0030492
23.59	-0.0024707
23.6	-0.00090729
23.61	0.0017297
23.62	0.0038347
23.63	0.0051277
23.64	0.0053488
23.65	0.0053911
23.66	0.0045478
23.67	0.0033755
23.68	0.0020135
23.69	-0.0014674
23.7	-0.0053737
23.71	-0.0096687
23.72	-0.013044
23.73	-0.014518
23.74	-0.014393
23.75	-0.011819
23.76	-0.0089914
23.77	-0.0060448
23.78	-0.003506
23.79	-0.00066866
23.8	0.0031824
23.81	0.0059529
23.82	0.007112
23.83	0.0064471
23.84	0.0047146
23.85	0.0030409
23.86	0.00061415
23.87	-0.0022243
23.88	-0.004877
23.89	-0.0081595
23.9	-0.010273
23.91	-0.010687
23.92	-0.010011
23.93	-0.008778
23.94	-0.0077136
23.95	-0.0069402
23.96	-0.0057487
23.97	-0.0050271
23.98	-0.004643
23.99	-0.0039855
24	-0.0027626
24.01	-0.00072327
24.02	0.001393
24.03	0.0033136
24.04	0.0046185
24.05	0.0050315
24.06	0.0056381
24.07	0.0057844
24.08	0.0062248
24.09	0.0063713
24.1	0.0064901
24.11	0.0064159
24.12	0.0063155
24.13	0.0055816
24.14	0.0047507
24.15	0.0040842
24.16	0.0033706
24.17	0.002567
24.18	0.0016056
24.19	0.00092765
24.2	0.00020944
24.21	-0.0006981
24.22	-0.001622
24.23	-0.0022136
24.24	-0.0024991
24.25	-0.0022704
24.26	-0.0019025
24.27	-0.0016482
24.28	-0.0011529
24.29	-0.00051348
24.3	0.00030692
24.31	0.000874
24.32	0.0012546
24.33	0.0012831
24.34	0.00099099
24.35	0.00072013
24.36	0.00049351
24.37	0.00029424
24.38	0.00018898
24.39	5.5166e-05
24.4	-7.8834e-05
24.41	-0.00013267
24.42	-0.00026748
24.43	-0.00045603
24.44	-0.00073865
24.45	-0.0010744
24.46	-0.0013094
24.47	-0.0013362
24.48	-0.0012188
24.49	-0.0010705
24.5	-0.00092281
24.51	-0.000785
24.52	-0.00065598
24.53	-0.00053997
24.54	-0.00047241
24.55	-0.00039194
24.56	-0.00028046
24.57	-0.00020011
24.58	-8.1617e-05
24.59	4.0977e-05
24.6	0.0001318
24.61	0.00017459
24.62	0.00020623
24.63	0.00021262
24.64	0.0002106
24.65	0.00022048
24.66	0.00022157
24.67	0.00020635
24.68	0.00019001
24.69	0.00018332
24.7	0.00019882
24.71	0.00021293
24.72	0.00022834
24.73	0.00023193
24.74	0.00023489
24.75	0.0002414
24.76	0.00024992
24.77	0.00025509
24.78	0.00025625
24.79	0.00025382
24.8	0.00024769
24.81	0.00023787
24.82	0.0002276
24.83	0.00021667
24.84	0.00020483
24.85	0.00019166
24.86	0.0001779
24.87	0.00016259
24.88	0.00014656
24.89	0.00012974
24.9	0.00011274
24.91	9.534e-05
24.92	7.7882e-05
24.93	6.0204e-05
24.94	4.2485e-05
24.95	2.4688e-05
24.96	6.9172e-06
24.97	-1.0804e-05
24.98	-2.8411e-05
