0	3.1071e-06
0.01	-5.7266e-06
0.02	1.9055e-06
0.03	-1.2925e-05
0.04	-4.8131e-06
0.05	-7.4105e-06
0.06	1.203e-05
0.07	4.9179e-07
0.08	-6.6281e-06
0.09	-2.6993e-05
0.1	-9.371e-06
0.11	9.4261e-06
0.12	3.0346e-05
0.13	1.5113e-05
0.14	-4.1622e-06
0.15	-2.7929e-05
0.16	2.1127e-05
0.17	3.1751e-05
0.18	3.3923e-05
0.19	2.6133e-05
0.2	9.6833e-06
0.21	-5.2537e-05
0.22	-0.00012195
0.23	-0.00016392
0.24	-9.3724e-05
0.25	5.0065e-05
0.26	0.00034864
0.27	0.00042846
0.28	9.0271e-05
0.29	-0.00035815
0.3	-0.0003757
0.31	0.00010121
0.32	0.00042332
0.33	0.00040759
0.34	0.00011601
0.35	-0.00012853
0.36	2.8799e-05
0.37	3.0261e-05
0.38	-0.00017369
0.39	-0.00040662
0.4	-0.00072009
0.41	-0.00093406
0.42	-0.00084546
0.43	-0.00064997
0.44	-0.00067826
0.45	-0.00062494
0.46	-0.00064246
0.47	-0.0011569
0.48	-0.0010971
0.49	-0.00035069
0.5	0.00021533
0.51	0.00094162
0.52	0.0011135
0.53	0.00045311
0.54	-0.00036946
0.55	-0.00078057
0.56	-0.00061574
0.57	-0.00050966
0.58	-0.00012153
0.59	0.00085125
0.6	0.0014202
0.61	0.0009334
0.62	0.00072363
0.63	-0.00026724
0.64	-0.0011136
0.65	-4.2723e-05
0.66	0.0023441
0.67	0.0025453
0.68	0.00063959
0.69	-0.00080235
0.7	-0.0013254
0.71	-0.00015854
0.72	0.0011242
0.73	0.0008822
0.74	-0.00045075
0.75	-0.0023032
0.76	-0.0030655
0.77	-0.00083003
0.78	0.00086331
0.79	0.0013176
0.8	0.00070564
0.81	-0.0023478
0.82	-0.0044653
0.83	-0.0022967
0.84	0.00088549
0.85	0.002787
0.86	0.0045858
0.87	0.0054888
0.88	0.0039112
0.89	0.0023273
0.9	0.0014484
0.91	0.0018895
0.92	0.0036061
0.93	0.0036383
0.94	0.0024903
0.95	0.000884
0.96	-0.00035079
0.97	-0.0018429
0.98	-0.0031583
0.99	-0.0044152
1	-0.003176
1.01	0.00023277
1.02	0.0030429
1.03	0.0023701
1.04	-0.00066797
1.05	-0.0020526
1.06	-0.0023358
1.07	-0.00077363
1.08	4.662e-05
1.09	0.00019438
1.1	0.00057084
1.11	-0.00036886
1.12	-0.0017238
1.13	-0.0034749
1.14	-0.0038996
1.15	-0.0013761
1.16	0.0017163
1.17	0.0026992
1.18	0.0026561
1.19	0.00066133
1.2	-0.0014662
1.21	-0.0026252
1.22	-0.0034744
1.23	-0.0048846
1.24	-0.0040034
1.25	-0.00047292
1.26	0.0039063
1.27	0.0079127
1.28	0.0069095
1.29	0.0019293
1.3	-0.0025669
1.31	-0.0036899
1.32	-0.0036189
1.33	-0.0019855
1.34	0.0021939
1.35	0.0013935
1.36	-0.0021137
1.37	-0.0049676
1.38	-0.0064707
1.39	-0.0025814
1.4	0.0041208
1.41	0.0069422
1.42	0.0063997
1.43	0.006713
1.44	0.0076282
1.45	0.0023358
1.46	-0.0032908
1.47	-0.0050152
1.48	-0.0053499
1.49	-0.0064232
1.5	-0.0054488
1.51	-0.003266
1.52	-0.0013904
1.53	0.0018541
1.54	0.0045599
1.55	0.0062021
1.56	0.0051573
1.57	0.0031569
1.58	0.0011004
1.59	0.00035492
1.6	0.00011917
1.61	-0.0004459
1.62	-0.00022686
1.63	-0.00067797
1.64	-0.0024462
1.65	0.00018626
1.66	0.0054944
1.67	0.007234
1.68	0.0070805
1.69	0.0047446
1.7	-0.00061289
1.71	-0.004507
1.72	-0.0060952
1.73	-0.0066591
1.74	-0.0071393
1.75	-0.0080054
1.76	-0.0088502
1.77	-0.0077639
1.78	-0.0052331
1.79	-0.0021008
1.8	6.8104e-05
1.81	0.00083839
1.82	-0.00020063
1.83	-0.0026873
1.84	-0.0039015
1.85	-0.0033221
1.86	-0.0016223
1.87	-0.0015316
1.88	-0.0030373
1.89	-0.005015
1.9	-0.0058051
1.91	-0.0036905
1.92	-0.001412
1.93	-0.0012762
1.94	-0.0010169
1.95	0.0024767
1.96	0.0061721
1.97	0.0086731
1.98	0.0081488
1.99	0.0032282
2	-0.005336
2.01	-0.0064173
2.02	-0.0006295
2.03	0.0022555
2.04	0.0028237
2.05	0.0049668
2.06	0.0065705
2.07	0.0072036
2.08	0.0092055
2.09	0.0087579
2.1	0.0039791
2.11	0.0014439
2.12	0.0016598
2.13	-0.0010801
2.14	-0.0063337
2.15	-0.0072992
2.16	-0.0035104
2.17	-0.0022335
2.18	-0.0048842
2.19	-0.0061974
2.2	-0.0036534
2.21	-4.773e-05
2.22	0.0061555
2.23	0.012422
2.24	0.015306
2.25	0.011936
2.26	0.0083793
2.27	0.0052517
2.28	0.0016701
2.29	-1.744e-05
2.3	0.0010938
2.31	0.0024538
2.32	0.00065232
2.33	0.0021003
2.34	0.0018585
2.35	-0.00087821
2.36	0.00058371
2.37	0.0031304
2.38	0.0067152
2.39	0.0028391
2.4	0.0020587
2.41	0.0064478
2.42	0.0022799
2.43	-0.0052291
2.44	-0.0066673
2.45	-0.011225
2.46	-0.012387
2.47	-0.0067858
2.48	-0.0008286
2.49	0.0025888
2.5	0.003469
2.51	0.0017566
2.52	7.0834e-06
2.53	-0.0035011
2.54	-0.0072857
2.55	-0.0070711
2.56	-0.0018862
2.57	-0.00073807
2.58	0.0021143
2.59	0.0033232
2.6	0.0056106
2.61	0.0088715
2.62	0.0093809
2.63	0.012409
2.64	0.0067559
2.65	0.0059537
2.66	0.0059121
2.67	0.00045511
2.68	-0.005877
2.69	-0.012113
2.7	-0.016987
2.71	-0.013882
2.72	-0.011565
2.73	-0.017007
2.74	-0.014813
2.75	-0.0058749
2.76	0.00055159
2.77	0.0031862
2.78	-0.0012126
2.79	-0.0074666
2.8	-0.01059
2.81	-0.0058345
2.82	0.002045
2.83	0.0049766
2.84	0.00090938
2.85	-0.001563
2.86	0.0035782
2.87	0.0096974
2.88	0.0084574
2.89	0.0032096
2.9	0.002632
2.91	0.0045226
2.92	0.0088538
2.93	0.014683
2.94	0.015992
2.95	0.010536
2.96	0.0027157
2.97	-0.0039534
2.98	-0.0089789
2.99	-0.011657
3	-0.011339
3.01	-0.012122
3.02	-0.012339
3.03	-0.0079402
3.04	-0.0012918
3.05	0.0024047
3.06	-0.00072112
3.07	-0.0034483
3.08	-0.00059303
3.09	0.0065637
3.1	0.010227
3.11	0.003809
3.12	-0.00095768
3.13	-0.0017864
3.14	-0.0021222
3.15	-8.5245e-05
3.16	0.00423
3.17	0.0073643
3.18	0.01021
3.19	0.010173
3.2	0.0058946
3.21	5.905e-06
3.22	-0.0060688
3.23	-0.010837
3.24	-0.008209
3.25	-0.0019482
3.26	0.002962
3.27	0.0058019
3.28	0.0061294
3.29	0.0049694
3.3	0.0011861
3.31	-0.0038747
3.32	-0.0046029
3.33	-0.0017132
3.34	0.00032075
3.35	0.0051289
3.36	0.0066371
3.37	0.0039067
3.38	0.0007084
3.39	-0.0012948
3.4	-0.0021226
3.41	-0.0044496
3.42	-0.0047346
3.43	-0.0031771
3.44	-0.0013775
3.45	-0.0037897
3.46	-0.0051645
3.47	-0.0047696
3.48	-0.001163
3.49	0.0024907
3.5	9.901e-05
3.51	-0.0022308
3.52	0.0010526
3.53	0.0044813
3.54	0.0031456
3.55	-0.005087
3.56	-0.0095298
3.57	-0.003452
3.58	0.0041189
3.59	0.0037215
3.6	-0.0038963
3.61	-0.010109
3.62	-0.0081376
3.63	-0.00030047
3.64	0.0035881
3.65	0.0037722
3.66	0.0053691
3.67	0.0054509
3.68	0.00071693
3.69	-0.0021152
3.7	0.00025791
3.71	0.0030663
3.72	0.0051697
3.73	0.0064475
3.74	0.011311
3.75	0.013736
3.76	0.010836
3.77	0.0090204
3.78	0.0028703
3.79	-0.00018776
3.8	0.00092202
3.81	-0.0032758
3.82	-0.014216
3.83	-0.020166
3.84	-0.014803
3.85	-0.0044531
3.86	-0.0027312
3.87	-0.0075755
3.88	-0.011051
3.89	-0.01701
3.9	-0.017153
3.91	-0.013332
3.92	-0.018023
3.93	-0.025977
3.94	-0.027632
3.95	-0.026098
3.96	-0.027911
3.97	-0.033641
3.98	-0.038803
3.99	-0.046404
4	-0.047244
4.01	-0.04329
4.02	-0.048224
4.03	-0.053365
4.04	-0.051732
4.05	-0.046419
4.06	-0.034116
4.07	-0.022345
4.08	0.0035875
4.09	0.041784
4.1	0.071832
4.11	0.086874
4.12	0.099675
4.13	0.096447
4.14	0.098762
4.15	0.10049
4.16	0.090223
4.17	0.081185
4.18	0.082963
4.19	0.090004
4.2	0.092136
4.21	0.087459
4.22	0.062994
4.23	0.0055335
4.24	-0.0377
4.25	-0.045086
4.26	-0.0093521
4.27	0.026489
4.28	0.026717
4.29	0.03471
4.3	0.055303
4.31	0.056505
4.32	0.045616
4.33	0.023508
4.34	0.0062041
4.35	0.00080918
4.36	-0.002302
4.37	-0.0074106
4.38	-0.027209
4.39	-0.050628
4.4	-0.053521
4.41	-0.041399
4.42	-0.037368
4.43	-0.043781
4.44	-0.058942
4.45	-0.073011
4.46	-0.071129
4.47	-0.059149
4.48	-0.046746
4.49	-0.044511
4.5	-0.052578
4.51	-0.063679
4.52	-0.074965
4.53	-0.09636
4.54	-0.1134
4.55	-0.10921
4.56	-0.091059
4.57	-0.070844
4.58	-0.050515
4.59	-0.036247
4.6	-0.0084736
4.61	0.043861
4.62	0.094864
4.63	0.11318
4.64	0.10557
4.65	0.092718
4.66	0.083823
4.67	0.078525
4.68	0.076423
4.69	0.075821
4.7	0.070842
4.71	0.064347
4.72	0.056184
4.73	0.040093
4.74	0.011008
4.75	-0.024015
4.76	-0.057897
4.77	-0.075843
4.78	-0.073627
4.79	-0.05834
4.8	-0.043682
4.81	-0.02652
4.82	-0.0066482
4.83	0.0068352
4.84	0.0079497
4.85	0.0024816
4.86	-0.0032068
4.87	-0.0046589
4.88	-0.0040135
4.89	0.0019899
4.9	0.0082567
4.91	0.0048231
4.92	-0.01204
4.93	-0.036368
4.94	-0.064343
4.95	-0.082482
4.96	-0.097804
4.97	-0.10808
4.98	-0.10532
4.99	-0.086705
5	-0.064609
5.01	-0.053028
5.02	-0.046316
5.03	-0.041297
5.04	-0.034762
5.05	-0.0068183
5.06	0.039882
5.07	0.075544
5.08	0.087825
5.09	0.092884
5.1	0.096383
5.11	0.10167
5.12	0.1075
5.13	0.10912
5.14	0.11165
5.15	0.10933
5.16	0.098694
5.17	0.074924
5.18	0.034562
5.19	0.0085343
5.2	0.0085349
5.21	0.014314
5.22	0.019562
5.23	0.043803
5.24	0.086835
5.25	0.12062
5.26	0.13544
5.27	0.12805
5.28	0.090674
5.29	0.037521
5.3	-0.020312
5.31	-0.073082
5.32	-0.092763
5.33	-0.092874
5.34	-0.081577
5.35	-0.059575
5.36	-0.051639
5.37	-0.060301
5.38	-0.073652
5.39	-0.078922
5.4	-0.084352
5.41	-0.088475
5.42	-0.085831
5.43	-0.085716
5.44	-0.091661
5.45	-0.092647
5.46	-0.073026
5.47	-0.045299
5.48	-0.020069
5.49	-0.0064483
5.5	0.00082292
5.51	0.0054801
5.52	0.0070477
5.53	0.011435
5.54	0.02478
5.55	0.042634
5.56	0.051431
5.57	0.049148
5.58	0.044402
5.59	0.042615
5.6	0.044779
5.61	0.048126
5.62	0.046872
5.63	0.043908
5.64	0.04127
5.65	0.038622
5.66	0.037168
5.67	0.041117
5.68	0.047608
5.69	0.046773
5.7	0.038759
5.71	0.025008
5.72	0.015579
5.73	0.0059873
5.74	-0.016734
5.75	-0.04302
5.76	-0.054754
5.77	-0.044245
5.78	-0.034096
5.79	-0.033099
5.8	-0.039204
5.81	-0.057643
5.82	-0.075963
5.83	-0.093083
5.84	-0.097765
5.85	-0.091309
5.86	-0.084089
5.87	-0.07757
5.88	-0.063784
5.89	-0.045103
5.9	-0.014097
5.91	0.020156
5.92	0.029852
5.93	0.028341
5.94	0.029348
5.95	0.031619
5.96	0.032968
5.97	0.031407
5.98	0.027481
5.99	0.021127
6	0.013085
6.01	0.0097214
6.02	0.010291
6.03	0.018343
6.04	0.031076
6.05	0.04658
6.06	0.063951
6.07	0.079707
6.08	0.091097
6.09	0.091075
6.1	0.075073
6.11	0.056214
6.12	0.045028
6.13	0.033387
6.14	0.018048
6.15	0.0041203
6.16	-0.0083644
6.17	-0.014751
6.18	-0.017999
6.19	-0.020052
6.2	-0.01628
6.21	-0.010393
6.22	-0.015581
6.23	-0.021068
6.24	-0.019088
6.25	-0.015701
6.26	-0.022133
6.27	-0.035431
6.28	-0.05287
6.29	-0.068707
6.3	-0.073919
6.31	-0.067701
6.32	-0.044782
6.33	-0.018644
6.34	-0.0020362
6.35	-0.00015175
6.36	-0.0090188
6.37	-0.029073
6.38	-0.041781
6.39	-0.046945
6.4	-0.053275
6.41	-0.048967
6.42	-0.016257
6.43	0.022812
6.44	0.056215
6.45	0.079352
6.46	0.088334
6.47	0.084277
6.48	0.071661
6.49	0.061132
6.5	0.050717
6.51	0.045645
6.52	0.046431
6.53	0.055628
6.54	0.057539
6.55	0.043332
6.56	0.017082
6.57	-0.0092471
6.58	-0.021922
6.59	-0.025617
6.6	-0.029634
6.61	-0.033239
6.62	-0.033241
6.63	-0.025679
6.64	-0.016809
6.65	-0.019244
6.66	-0.030739
6.67	-0.036504
6.68	-0.034398
6.69	-0.029185
6.7	-0.024478
6.71	-0.016915
6.72	-0.0045279
6.73	0.0070136
6.74	0.010669
6.75	0.0066868
6.76	-0.010708
6.77	-0.03125
6.78	-0.048469
6.79	-0.05383
6.8	-0.049559
6.81	-0.04299
6.82	-0.032412
6.83	-0.016966
6.84	-0.0019601
6.85	0.0060195
6.86	0.0083225
6.87	0.0064785
6.88	0.0034569
6.89	0.00048464
6.9	-0.0022013
6.91	-0.004629
6.92	-0.0099617
6.93	-0.024972
6.94	-0.036207
6.95	-0.037912
6.96	-0.037757
6.97	-0.025715
6.98	-0.0037294
6.99	0.010533
7	0.031237
7.01	0.056448
7.02	0.07041
7.03	0.071009
7.04	0.064868
7.05	0.047369
7.06	0.023865
7.07	0.0080257
7.08	0.0059433
7.09	0.0051981
7.1	0.00011127
7.11	-0.0035027
7.12	-0.0060195
7.13	-0.014852
7.14	-0.015435
7.15	0.0049237
7.16	0.0284
7.17	0.0491
7.18	0.063785
7.19	0.063773
7.2	0.052843
7.21	0.034369
7.22	0.024144
7.23	0.022689
7.24	0.019543
7.25	0.0090885
7.26	-0.0020922
7.27	-0.0081166
7.28	-0.017704
7.29	-0.028819
7.3	-0.035867
7.31	-0.039916
7.32	-0.039185
7.33	-0.035557
7.34	-0.029848
7.35	-0.021208
7.36	-0.0021752
7.37	0.017452
7.38	0.035558
7.39	0.047231
7.4	0.051486
7.41	0.048602
7.42	0.042146
7.43	0.03538
7.44	0.027685
7.45	0.013395
7.46	-0.0057194
7.47	-0.025182
7.48	-0.041408
7.49	-0.052623
7.5	-0.057719
7.51	-0.049581
7.52	-0.041135
7.53	-0.037546
7.54	-0.034508
7.55	-0.032038
7.56	-0.030537
7.57	-0.027701
7.58	-0.024157
7.59	-0.025911
7.6	-0.03433
7.61	-0.046867
7.62	-0.053239
7.63	-0.055778
7.64	-0.058763
7.65	-0.0546
7.66	-0.033731
7.67	-0.0022232
7.68	0.027209
7.69	0.040069
7.7	0.038077
7.71	0.034887
7.72	0.032112
7.73	0.026864
7.74	0.016247
7.75	0.0077931
7.76	0.0079417
7.77	0.013306
7.78	0.018801
7.79	0.027873
7.8	0.037205
7.81	0.037864
7.82	0.026899
7.83	0.015896
7.84	0.0060466
7.85	-0.00060406
7.86	-0.0035829
7.87	-0.0013941
7.88	0.0069339
7.89	0.015242
7.9	0.017149
7.91	0.014192
7.92	0.011534
7.93	0.0088526
7.94	0.0077809
7.95	0.0080556
7.96	0.0096875
7.97	0.014557
7.98	0.017112
7.99	0.014236
8	0.0023205
8.01	-0.0052934
8.02	-0.0018484
8.03	0.0023681
8.04	0.003856
8.05	0.0058211
8.06	0.0094293
8.07	0.014121
8.08	0.018431
8.09	0.01956
8.1	0.020969
8.11	0.020964
8.12	0.019278
8.13	0.014742
8.14	0.0035906
8.15	-0.0088006
8.16	-0.016994
8.17	-0.019792
8.18	-0.020178
8.19	-0.017086
8.2	-0.010396
8.21	-0.0010618
8.22	0.0094721
8.23	0.011592
8.24	0.0078595
8.25	0.006507
8.26	0.0096619
8.27	0.012797
8.28	0.014851
8.29	0.021228
8.3	0.033587
8.31	0.040595
8.32	0.0352
8.33	0.017292
8.34	-0.0013202
8.35	-0.015059
8.36	-0.024599
8.37	-0.03154
8.38	-0.038355
8.39	-0.043358
8.4	-0.042451
8.41	-0.031381
8.42	-0.019854
8.43	-0.017025
8.44	-0.020077
8.45	-0.026248
8.46	-0.037934
8.47	-0.051664
8.48	-0.064974
8.49	-0.07286
8.5	-0.076077
8.51	-0.071226
8.52	-0.061576
8.53	-0.054258
8.54	-0.043828
8.55	-0.031559
8.56	-0.013764
8.57	0.0079637
8.58	0.027755
8.59	0.033179
8.6	0.029081
8.61	0.022905
8.62	0.012065
8.63	0.0024094
8.64	0.00028332
8.65	0.0056082
8.66	0.022326
8.67	0.04283
8.68	0.052922
8.69	0.050994
8.7	0.042504
8.71	0.027762
8.72	0.0064908
8.73	-0.019677
8.74	-0.042389
8.75	-0.059614
8.76	-0.064599
8.77	-0.050481
8.78	-0.013215
8.79	0.029999
8.8	0.061248
8.81	0.081006
8.82	0.085435
8.83	0.085677
8.84	0.088475
8.85	0.089777
8.86	0.088996
8.87	0.091407
8.88	0.087363
8.89	0.068507
8.9	0.040589
8.91	0.020113
8.92	0.0037056
8.93	-0.004599
8.94	-2.1718e-05
8.95	0.021255
8.96	0.029061
8.97	0.01969
8.98	-0.016905
8.99	-0.052963
9	-0.078459
9.01	-0.08802
9.02	-0.078823
9.03	-0.063108
9.04	-0.045985
9.05	-0.032102
9.06	-0.022885
9.07	-0.018516
9.08	-0.015636
9.09	-0.015068
9.1	-0.020334
9.11	-0.025925
9.12	-0.022579
9.13	-0.018567
9.14	-0.014714
9.15	-0.0091179
9.16	-0.0044606
9.17	0.0019944
9.18	0.021035
9.19	0.03092
9.2	0.031397
9.21	0.034724
9.22	0.038495
9.23	0.036745
9.24	0.025137
9.25	0.00095899
9.26	-0.020995
9.27	-0.022635
9.28	-0.013075
9.29	-0.0082188
9.3	-0.0046252
9.31	0.0020931
9.32	0.011162
9.33	0.019759
9.34	0.022527
9.35	0.015508
9.36	-0.0022054
9.37	-0.022008
9.38	-0.027671
9.39	-0.024119
9.4	-0.0090722
9.41	0.010014
9.42	0.01752
9.43	0.0053263
9.44	-0.01466
9.45	-0.033484
9.46	-0.050991
9.47	-0.06852
9.48	-0.075751
9.49	-0.071043
9.5	-0.052731
9.51	-0.02882
9.52	-0.0057516
9.53	0.013712
9.54	0.022169
9.55	0.020533
9.56	0.015772
9.57	0.0095352
9.58	-0.0069819
9.59	-0.025049
9.6	-0.025744
9.61	-0.011033
9.62	0.010302
9.63	0.015708
9.64	0.0074639
9.65	0.0086261
9.66	0.018162
9.67	0.02248
9.68	0.021625
9.69	0.021786
9.7	0.027225
9.71	0.033394
9.72	0.039169
9.73	0.043443
9.74	0.046219
9.75	0.046475
9.76	0.043905
9.77	0.039233
9.78	0.037249
9.79	0.043001
9.8	0.054
9.81	0.065154
9.82	0.070823
9.83	0.065434
9.84	0.052061
9.85	0.029036
9.86	0.0043954
9.87	-0.025453
9.88	-0.061196
9.89	-0.086027
9.9	-0.087889
9.91	-0.066079
9.92	-0.034179
9.93	-0.022259
9.94	-0.02337
9.95	-0.02671
9.96	-0.034736
9.97	-0.04608
9.98	-0.057434
9.99	-0.060838
10	-0.054959
10.01	-0.048309
10.02	-0.045286
10.03	-0.049929
10.04	-0.052147
10.05	-0.048739
10.06	-0.030895
10.07	0.00045915
10.08	0.028883
10.09	0.041692
10.1	0.041161
10.11	0.037606
10.12	0.02464
10.13	0.0033774
10.14	-0.026082
10.15	-0.047546
10.16	-0.055881
10.17	-0.05725
10.18	-0.051964
10.19	-0.015165
10.2	0.022624
10.21	0.04713
10.22	0.058016
10.23	0.05335
10.24	0.028389
10.25	0.0065026
10.26	0.0044452
10.27	0.0044917
10.28	0.0050485
10.29	0.0081822
10.3	0.010877
10.31	0.0067845
10.32	-0.0023566
10.33	-0.010992
10.34	-0.015109
10.35	-0.015076
10.36	-0.013925
10.37	-0.011775
10.38	-0.0070907
10.39	-0.00058368
10.4	0.0020117
10.41	-0.0037773
10.42	-0.011376
10.43	-0.018915
10.44	-0.022367
10.45	-0.020629
10.46	-0.01636
10.47	-0.0035114
10.48	0.018379
10.49	0.027934
10.5	0.02717
10.51	0.023204
10.52	0.011993
10.53	-0.0011854
10.54	-0.0050416
10.55	0.0049349
10.56	0.03608
10.57	0.066354
10.58	0.083479
10.59	0.094024
10.6	0.095781
10.61	0.084245
10.62	0.063921
10.63	0.049336
10.64	0.041783
10.65	0.038971
10.66	0.03472
10.67	0.032166
10.68	0.033573
10.69	0.032669
10.7	0.024018
10.71	0.01297
10.72	0.0044684
10.73	0.0013015
10.74	-0.0030636
10.75	-0.0093949
10.76	-0.015665
10.77	-0.022931
10.78	-0.038347
10.79	-0.055157
10.8	-0.05854
10.81	-0.053387
10.82	-0.046481
10.83	-0.041965
10.84	-0.042154
10.85	-0.045104
10.86	-0.050834
10.87	-0.054384
10.88	-0.055192
10.89	-0.053248
10.9	-0.04071
10.91	-0.016073
10.92	0.0080178
10.93	0.027303
10.94	0.035088
10.95	0.033926
10.96	0.026178
10.97	0.01491
10.98	0.008307
10.99	0.004122
11	-0.00094533
11.01	-0.0029806
11.02	-0.00041602
11.03	0.0036566
11.04	0.0027206
11.05	-0.0026805
11.06	-0.011256
11.07	-0.020495
11.08	-0.023561
11.09	-0.020884
11.1	-0.0088358
11.11	0.0081337
11.12	0.022109
11.13	0.025175
11.14	0.006334
11.15	-0.020748
11.16	-0.031202
11.17	-0.023999
11.18	-0.016142
11.19	-0.013712
11.2	-0.010354
11.21	-0.00068662
11.22	0.0094289
11.23	0.015667
11.24	0.015537
11.25	0.010769
11.26	0.005075
11.27	0.0036048
11.28	0.0064671
11.29	0.0076161
11.3	0.0088
11.31	0.0087845
11.32	0.0046681
11.33	-0.0048959
11.34	-0.014106
11.35	-0.015452
11.36	-0.010012
11.37	-0.0015006
11.38	0.0034973
11.39	0.0021423
11.4	-0.00097256
11.41	-0.0076823
11.42	-0.015146
11.43	-0.01694
11.44	-0.012842
11.45	-6.8214e-05
11.46	0.017377
11.47	0.028056
11.48	0.029252
11.49	0.025549
11.5	0.014428
11.51	-0.0046541
11.52	-0.023499
11.53	-0.034479
11.54	-0.030657
11.55	-0.016109
11.56	0.0034296
11.57	0.015474
11.58	0.016582
11.59	0.008497
11.6	-0.003157
11.61	-0.007598
11.62	-0.0024635
11.63	0.012061
11.64	0.03002
11.65	0.038463
11.66	0.035061
11.67	0.019254
11.68	0.0028461
11.69	-0.0048384
11.7	-0.0067064
11.71	-0.005825
11.72	0.00086669
11.73	0.0093415
11.74	0.014529
11.75	0.0087478
11.76	-0.0037492
11.77	-0.018728
11.78	-0.032115
11.79	-0.039188
11.8	-0.044001
11.81	-0.044166
11.82	-0.036826
11.83	-0.027326
11.84	-0.019255
11.85	-0.010951
11.86	-0.0039518
11.87	0.0024729
11.88	0.0082358
11.89	0.012831
11.9	0.012649
11.91	0.006545
11.92	-0.0039589
11.93	-0.014195
11.94	-0.017966
11.95	-0.013939
11.96	-0.0059159
11.97	0.0071562
11.98	0.021539
11.99	0.030954
12	0.03013
12.01	0.024895
12.02	0.020538
12.03	0.019287
12.04	0.020686
12.05	0.023527
12.06	0.023386
12.07	0.02216
12.08	0.020722
12.09	0.016934
12.1	0.0084294
12.11	3.9202e-05
12.12	-0.0053491
12.13	-0.0063617
12.14	-0.0049385
12.15	0.0010466
12.16	0.0056376
12.17	0.0089014
12.18	0.010852
12.19	0.010239
12.2	0.0039619
12.21	-0.010102
12.22	-0.021026
12.23	-0.019839
12.24	-0.0098293
12.25	0.0070726
12.26	0.019789
12.27	0.026036
12.28	0.027853
12.29	0.023447
12.3	0.012809
12.31	0.0014641
12.32	-0.0089359
12.33	-0.016617
12.34	-0.019451
12.35	-0.01839
12.36	-0.014754
12.37	-0.010803
12.38	-0.0061571
12.39	-0.00023332
12.4	0.0053473
12.41	0.0058109
12.42	0.0018334
12.43	-0.0022696
12.44	-0.0052629
12.45	-0.0074497
12.46	-0.0077564
12.47	-0.004204
12.48	0.001133
12.49	0.0082769
12.5	0.012405
12.51	0.016609
12.52	0.020642
12.53	0.023559
12.54	0.025586
12.55	0.024795
12.56	0.014393
12.57	-0.0045372
12.58	-0.023275
12.59	-0.038367
12.6	-0.04596
12.61	-0.047251
12.62	-0.043695
12.63	-0.031462
12.64	-0.011758
12.65	0.0040848
12.66	0.014559
12.67	0.019044
12.68	0.01918
12.69	0.013893
12.7	0.0029246
12.71	-0.0097243
12.72	-0.017332
12.73	-0.017806
12.74	-0.012798
12.75	-0.0084832
12.76	-0.0067275
12.77	-0.0071198
12.78	-0.008194
12.79	-0.012313
12.8	-0.013691
12.81	-0.010923
12.82	-0.0062899
12.83	-0.0044361
12.84	-0.0064948
12.85	-0.012272
12.86	-0.015166
12.87	-0.011913
12.88	-0.005996
12.89	0.0018521
12.9	0.0098225
12.91	0.016842
12.92	0.016546
12.93	0.0079307
12.94	-0.0042879
12.95	-0.016885
12.96	-0.022722
12.97	-0.023205
12.98	-0.019995
12.99	-0.015469
13	-0.0096658
13.01	-0.0057401
13.02	-0.0027268
13.03	0.0040103
13.04	0.011189
13.05	0.013519
13.06	0.014407
13.07	0.018354
13.08	0.028109
13.09	0.034064
13.1	0.037588
13.11	0.039331
13.12	0.032968
13.13	0.015588
13.14	0.0020259
13.15	-0.0019751
13.16	-0.0040063
13.17	-0.0044278
13.18	-0.0014931
13.19	0.0043928
13.2	0.010132
13.21	0.015616
13.22	0.021095
13.23	0.024104
13.24	0.022714
13.25	0.017983
13.26	0.003872
13.27	-0.010992
13.28	-0.022019
13.29	-0.024693
13.3	-0.02045
13.31	-0.0086309
13.32	0.010423
13.33	0.023307
13.34	0.024756
13.35	0.02007
13.36	0.01148
13.37	0.005452
13.38	0.0048985
13.39	0.01032
13.4	0.014412
13.41	0.015032
13.42	0.012056
13.43	0.0066684
13.44	-0.0012622
13.45	-0.010038
13.46	-0.017908
13.47	-0.020615
13.48	-0.015848
13.49	-0.0089763
13.5	-0.0055455
13.51	-0.0030526
13.52	-0.00058716
13.53	0.00019581
13.54	0.0021435
13.55	0.0059978
13.56	0.0079735
13.57	0.0043954
13.58	-0.0047205
13.59	-0.012587
13.6	-0.016109
13.61	-0.016502
13.62	-0.014747
13.63	-0.012069
13.64	-0.0070738
13.65	-0.00018891
13.66	0.006064
13.67	0.012063
13.68	0.017927
13.69	0.020096
13.7	0.019627
13.71	0.01803
13.72	0.014388
13.73	0.0079947
13.74	0.0021623
13.75	-0.0020894
13.76	-0.0056677
13.77	-0.010167
13.78	-0.015
13.79	-0.019193
13.8	-0.020898
13.81	-0.019376
13.82	-0.01613
13.83	-0.014077
13.84	-0.012031
13.85	-0.0085905
13.86	-0.0040045
13.87	0.0021121
13.88	0.0071101
13.89	0.0084327
13.9	0.0069178
13.91	0.001104
13.92	-0.004538
13.93	-0.0060706
13.94	-0.0050884
13.95	-0.004232
13.96	-0.0043473
13.97	-0.0045723
13.98	-0.0053824
13.99	-0.0058165
14	-0.0050002
14.01	-0.0039548
14.02	-0.0036851
14.03	-0.003737
14.04	-0.0031827
14.05	-0.0015839
14.06	0.001673
14.07	0.0056471
14.08	0.0062819
14.09	0.0043342
14.1	0.0041204
14.11	0.0052736
14.12	0.0038566
14.13	0.0010657
14.14	-0.0028967
14.15	-0.0065695
14.16	-0.01174
14.17	-0.016613
14.18	-0.020956
14.19	-0.0279
14.2	-0.03492
14.21	-0.041019
14.22	-0.045768
14.23	-0.046782
14.24	-0.04569
14.25	-0.03895
14.26	-0.027094
14.27	-0.015176
14.28	-0.0035974
14.29	0.0055086
14.3	0.008029
14.31	0.0065999
14.32	0.0025189
14.33	-0.0035189
14.34	-0.008649
14.35	-0.01079
14.36	-0.0081496
14.37	-0.0032638
14.38	0.0029812
14.39	0.0077069
14.4	0.012968
14.41	0.020465
14.42	0.027693
14.43	0.032617
14.44	0.032367
14.45	0.029373
14.46	0.02562
14.47	0.021027
14.48	0.017149
14.49	0.014621
14.5	0.013645
14.51	0.01369
14.52	0.016873
14.53	0.022392
14.54	0.027105
14.55	0.032057
14.56	0.033782
14.57	0.03374
14.58	0.032049
14.59	0.025689
14.6	0.015755
14.61	0.0073383
14.62	0.00085643
14.63	-0.0019047
14.64	-0.0039277
14.65	-0.0040389
14.66	-0.0020347
14.67	0.00033393
14.68	-0.0005877
14.69	-0.0052214
14.7	-0.010905
14.71	-0.016629
14.72	-0.020273
14.73	-0.021361
14.74	-0.019471
14.75	-0.014151
14.76	-0.0086287
14.77	-0.0048727
14.78	-0.0055389
14.79	-0.0078834
14.8	-0.01158
14.81	-0.017575
14.82	-0.021112
14.83	-0.020275
14.84	-0.015152
14.85	-0.010116
14.86	-0.0060741
14.87	-0.0018973
14.88	-5.7915e-05
14.89	0.00011109
14.9	0.0003385
14.91	0.0008261
14.92	0.0029387
14.93	0.0047546
14.94	0.0031203
14.95	0.00089952
14.96	-0.0002974
14.97	0.00055406
14.98	0.0021192
14.99	0.0031469
15	0.001164
15.01	-0.0016438
15.02	-0.0033987
15.03	-0.0032813
15.04	-0.00087502
15.05	0.0023088
15.06	0.0043381
15.07	0.0061098
15.08	0.0066673
15.09	0.0057586
15.1	0.0034783
15.11	-0.00010971
15.12	-0.0044184
15.13	-0.0086039
15.14	-0.0095465
15.15	-0.004522
15.16	0.001825
15.17	0.0077442
15.18	0.012719
15.19	0.016618
15.2	0.017692
15.21	0.016059
15.22	0.013544
15.23	0.01265
15.24	0.010521
15.25	0.0058798
15.26	0.0030377
15.27	0.0010316
15.28	-0.0012428
15.29	-0.0022075
15.3	-0.00028408
15.31	0.0011027
15.32	0.00079842
15.33	0.0010566
15.34	0.00040222
15.35	-0.00057457
15.36	0.00026001
15.37	0.0031212
15.38	0.0060123
15.39	0.0075155
15.4	0.0062838
15.41	0.0044366
15.42	0.00067709
15.43	-0.0035513
15.44	-0.0070512
15.45	-0.0078913
15.46	-0.0061031
15.47	-0.0050183
15.48	-0.0022034
15.49	0.0017225
15.5	0.0055515
15.51	0.0070013
15.52	0.0057088
15.53	0.0035088
15.54	-2.0149e-05
15.55	-0.0020039
15.56	-0.0038377
15.57	-0.0071519
15.58	-0.011091
15.59	-0.013171
15.6	-0.012924
15.61	-0.011626
15.62	-0.0098329
15.63	-0.0069645
15.64	-0.0029992
15.65	0.00061935
15.66	0.0011269
15.67	-0.00094025
15.68	-0.0043071
15.69	-0.0074793
15.7	-0.0091749
15.71	-0.010153
15.72	-0.010831
15.73	-0.0099342
15.74	-0.0086436
15.75	-0.0054239
15.76	-0.0033978
15.77	-0.0026546
15.78	-0.0014554
15.79	0.001139
15.8	0.0053625
15.81	0.010425
15.82	0.013889
15.83	0.015344
15.84	0.015079
15.85	0.014282
15.86	0.013091
15.87	0.011971
15.88	0.010408
15.89	0.0083803
15.9	0.0051552
15.91	0.0017627
15.92	-0.00060371
15.93	0.00058016
15.94	0.0049018
15.95	0.011671
15.96	0.018731
15.97	0.025288
15.98	0.027756
15.99	0.02339
16	0.017966
16.01	0.013494
16.02	0.0095416
16.03	0.0047779
16.04	0.00043162
16.05	-0.0023035
16.06	-0.0027218
16.07	-0.00044154
16.08	0.00062419
16.09	0.0020853
16.1	0.0040915
16.11	0.0050795
16.12	0.0011607
16.13	-0.0065986
16.14	-0.014603
16.15	-0.020562
16.16	-0.021997
16.17	-0.019672
16.18	-0.0151
16.19	-0.010874
16.2	-0.0075145
16.21	-0.0040689
16.22	-0.0008153
16.23	0.002888
16.24	0.0063326
16.25	0.0096313
16.26	0.013962
16.27	0.017698
16.28	0.017855
16.29	0.016133
16.3	0.01434
16.31	0.012451
16.32	0.012663
16.33	0.012388
16.34	0.011181
16.35	0.009762
16.36	0.0063497
16.37	0.0048428
16.38	0.0038461
16.39	0.0020516
16.4	-0.00027686
16.41	-0.0030502
16.42	-0.0058363
16.43	-0.0079772
16.44	-0.0090051
16.45	-0.010424
16.46	-0.010659
16.47	-0.0081194
16.48	-0.0067666
16.49	-0.0066224
16.5	-0.0081327
16.51	-0.010306
16.52	-0.012483
16.53	-0.014389
16.54	-0.017445
16.55	-0.019664
16.56	-0.020233
16.57	-0.017331
16.58	-0.013639
16.59	-0.0078675
16.6	-0.0030117
16.61	-0.00094817
16.62	-0.00069339
16.63	-0.00085339
16.64	0.00045743
16.65	0.0035588
16.66	0.0055845
16.67	0.0058981
16.68	0.0044485
16.69	0.00074845
16.7	-0.0050989
16.71	-0.010078
16.72	-0.012349
16.73	-0.01007
16.74	-0.0060751
16.75	-0.0031153
16.76	6.8569e-05
16.77	0.002605
16.78	0.0040849
16.79	0.0052659
16.8	0.0033649
16.81	0.00023607
16.82	-0.002761
16.83	-0.0065385
16.84	-0.0096556
16.85	-0.011945
16.86	-0.011956
16.87	-0.0094643
16.88	-0.0063659
16.89	-0.0036637
16.9	-0.0019739
16.91	-0.0016271
16.92	-0.0018303
16.93	-0.00041059
16.94	0.00049275
16.95	0.0013742
16.96	0.002587
16.97	0.0034682
16.98	0.0035101
16.99	0.0031793
17	0.0013049
17.01	-0.0010448
17.02	-0.0027813
17.03	-0.0028881
17.04	-0.0024425
17.05	-0.0030336
17.06	-0.0040859
17.07	-0.0062952
17.08	-0.010158
17.09	-0.013779
17.1	-0.015953
17.11	-0.015452
17.12	-0.014406
17.13	-0.01186
17.14	-0.0083229
17.15	-0.0057866
17.16	-0.0045368
17.17	-0.0061165
17.18	-0.0091256
17.19	-0.011838
17.2	-0.012599
17.21	-0.011131
17.22	-0.0089596
17.23	-0.0072003
17.24	-0.0039676
17.25	0.00071895
17.26	0.0055369
17.27	0.0093231
17.28	0.010852
17.29	0.010875
17.3	0.0099071
17.31	0.0086166
17.32	0.0050503
17.33	0.00036716
17.34	-0.0033099
17.35	-0.0052913
17.36	-0.0064775
17.37	-0.007698
17.38	-0.0075861
17.39	-0.0091564
17.4	-0.0091
17.41	-0.0077373
17.42	-0.0048404
17.43	-0.0019361
17.44	0.0018023
17.45	0.0063891
17.46	0.0089159
17.47	0.010311
17.48	0.011782
17.49	0.014558
17.5	0.019118
17.51	0.02369
17.52	0.027813
17.53	0.02953
17.54	0.027161
17.55	0.023709
17.56	0.018718
17.57	0.012086
17.58	0.0060406
17.59	0.0024762
17.6	1.9296e-05
17.61	-0.0018834
17.62	-0.0042283
17.63	-0.0067955
17.64	-0.0073827
17.65	-0.0053893
17.66	9.0414e-05
17.67	0.0064393
17.68	0.010348
17.69	0.013603
17.7	0.014723
17.71	0.015217
17.72	0.015889
17.73	0.015861
17.74	0.014441
17.75	0.010614
17.76	0.0027839
17.77	-0.0055326
17.78	-0.011266
17.79	-0.015013
17.8	-0.015535
17.81	-0.014076
17.82	-0.013215
17.83	-0.012568
17.84	-0.011674
17.85	-0.010945
17.86	-0.010095
17.87	-0.0094977
17.88	-0.0083315
17.89	-0.0060278
17.9	-0.0021408
17.91	0.0014563
17.92	0.0034654
17.93	0.0015139
17.94	-0.0034379
17.95	-0.0081288
17.96	-0.011132
17.97	-0.011092
17.98	-0.0073617
17.99	-0.0016074
18	0.0038611
18.01	0.0072793
18.02	0.0073729
18.03	0.0072952
18.04	0.0070684
18.05	0.0082055
18.06	0.010163
18.07	0.011861
18.08	0.013425
18.09	0.013352
18.1	0.011502
18.11	0.0083449
18.12	0.0070442
18.13	0.008285
18.14	0.010018
18.15	0.011435
18.16	0.012442
18.17	0.010256
18.18	0.0052102
18.19	-0.0017389
18.2	-0.0070612
18.21	-0.0083652
18.22	-0.0053699
18.23	-0.00041122
18.24	0.0059501
18.25	0.010797
18.26	0.012244
18.27	0.010928
18.28	0.0065791
18.29	0.0012687
18.3	-0.0035878
18.31	-0.0061373
18.32	-0.0076812
18.33	-0.0080964
18.34	-0.0078546
18.35	-0.0052965
18.36	-0.0028008
18.37	-0.00034307
18.38	0.0018317
18.39	0.0043768
18.4	0.0068228
18.41	0.0091852
18.42	0.0094336
18.43	0.0083529
18.44	0.0065728
18.45	0.0045048
18.46	0.0014666
18.47	-0.0031546
18.48	-0.0074942
18.49	-0.010648
18.5	-0.013295
18.51	-0.014359
18.52	-0.013887
18.53	-0.011017
18.54	-0.0073583
18.55	-0.0042017
18.56	-0.0024599
18.57	-0.0012892
18.58	-0.00032036
18.59	0.00021874
18.6	0.0017499
18.61	0.0039038
18.62	0.005142
18.63	0.0062303
18.64	0.0047629
18.65	0.0025832
18.66	0.00046369
18.67	-0.0029411
18.68	-0.0064267
18.69	-0.0098566
18.7	-0.013257
18.71	-0.015073
18.72	-0.015328
18.73	-0.013625
18.74	-0.011761
18.75	-0.011177
18.76	-0.0093915
18.77	-0.0061478
18.78	-0.0035468
18.79	-0.00072517
18.8	0.0021097
18.81	0.0058372
18.82	0.0085407
18.83	0.0086293
18.84	0.0055453
18.85	0.0015373
18.86	-0.002106
18.87	-0.0035693
18.88	-0.0043435
18.89	-0.0039653
18.9	-0.0042811
18.91	-0.005067
18.92	-0.0043899
18.93	-0.0020911
18.94	5.9765e-05
18.95	0.0030747
18.96	0.0057585
18.97	0.0061153
18.98	0.0034417
18.99	0.0023333
19	0.0015582
19.01	0.00079971
19.02	0.00067289
19.03	-0.00060211
19.04	-0.00096651
19.05	-0.0016419
19.06	-0.0022041
19.07	-0.0020299
19.08	-0.0009868
19.09	0.00019308
19.1	0.00017411
19.11	0.00035992
19.12	0.00021058
19.13	-0.00034874
19.14	-0.0018972
19.15	-0.0005378
19.16	0.0011465
19.17	0.0031602
19.18	0.0049679
19.19	0.0068705
19.2	0.007784
19.21	0.0075301
19.22	0.0073025
19.23	0.0067418
19.24	0.0062981
19.25	0.0069633
19.26	0.0096125
19.27	0.012155
19.28	0.010768
19.29	0.0079784
19.3	0.0045178
19.31	0.0015077
19.32	-0.00060769
19.33	-0.0013186
19.34	-0.0033172
19.35	-0.0052869
19.36	-0.0061189
19.37	-0.005994
19.38	-0.0040364
19.39	-0.00052739
19.4	0.0031456
19.41	0.0050438
19.42	0.0045241
19.43	0.0018863
19.44	-0.00063353
19.45	-0.0021474
19.46	-0.0040019
19.47	-0.0043913
19.48	-0.0040948
19.49	-0.0039789
19.5	-0.0038449
19.51	-0.0036663
19.52	-0.003472
19.53	-0.0033487
19.54	-0.0024062
19.55	0.00026489
19.56	0.0007108
19.57	0.00049593
19.58	-0.00065629
19.59	-0.0030073
19.6	-0.0057051
19.61	-0.0062869
19.62	-0.0057453
19.63	-0.0051389
19.64	-0.0038011
19.65	-0.0028236
19.66	-0.0021968
19.67	-0.0017594
19.68	-0.00096644
19.69	0.00095824
19.7	0.0032168
19.71	0.0046423
19.72	0.0055133
19.73	0.0032496
19.74	0.00076177
19.75	-0.0025163
19.76	-0.0052203
19.77	-0.0050274
19.78	-0.0048298
19.79	-0.0021968
19.8	0.001248
19.81	0.0022791
19.82	0.00037592
19.83	-0.0028857
19.84	-0.0062176
19.85	-0.0087563
19.86	-0.0088349
19.87	-0.0065633
19.88	-0.0052762
19.89	-0.0041408
19.9	-0.0038041
19.91	-0.0037528
19.92	-0.0019673
19.93	0.0017118
19.94	0.0052496
19.95	0.007589
19.96	0.0092167
19.97	0.0094309
19.98	0.0078033
19.99	0.0043746
20	0.00058648
20.01	-0.0025746
20.02	-0.0029202
20.03	-0.0022537
20.04	-9.6981e-05
20.05	0.0026819
20.06	0.0063742
20.07	0.0093982
20.08	0.011489
20.09	0.010753
20.1	0.0076729
20.11	0.0031896
20.12	-0.0024049
20.13	-0.006938
20.14	-0.0091614
20.15	-0.0077811
20.16	-0.00314
20.17	0.0019756
20.18	0.0048131
20.19	0.0043794
20.2	0.0017665
20.21	-0.0020084
20.22	-0.0042919
20.23	-0.0043895
20.24	-0.0030379
20.25	-0.0020362
20.26	-0.00097915
20.27	-0.00026894
20.28	-0.0018918
20.29	-0.0022533
20.3	-0.0018372
20.31	0.00035186
20.32	0.0031797
20.33	0.0047796
20.34	0.0044096
20.35	0.0013011
20.36	-0.003965
20.37	-0.0091805
20.38	-0.012277
20.39	-0.012248
20.4	-0.010403
20.41	-0.0067543
20.42	-0.0030034
20.43	9.06e-05
20.44	0.0013416
20.45	0.00051924
20.46	-0.00088999
20.47	-0.00089837
20.48	0.00085552
20.49	0.0026634
20.5	0.0051833
20.51	0.0066494
20.52	0.0077474
20.53	0.0059458
20.54	0.0033325
20.55	0.00051345
20.56	-0.0024636
20.57	-0.0045871
20.58	-0.0054639
20.59	-0.0043685
20.6	-0.0021554
20.61	0.00036924
20.62	0.0027584
20.63	0.0035762
20.64	0.003163
20.65	0.0025685
20.66	0.0024134
20.67	0.0028041
20.68	0.0043736
20.69	0.0073546
20.7	0.011266
20.71	0.013509
20.72	0.012292
20.73	0.0085578
20.74	0.0032972
20.75	0.00031096
20.76	-0.0002436
20.77	0.0012042
20.78	0.0013923
20.79	0.0011455
20.8	0.00040801
20.81	-0.00028784
20.82	-0.0006432
20.83	-0.0012354
20.84	-0.0039042
20.85	-0.0065275
20.86	-0.0094169
20.87	-0.01095
20.88	-0.011148
20.89	-0.0093471
20.9	-0.0080638
20.91	-0.0068222
20.92	-0.0060005
20.93	-0.0063538
20.94	-0.0060506
20.95	-0.005566
20.96	-0.0039899
20.97	-0.001493
20.98	-0.00082242
20.99	-0.0006233
21	-0.00036604
21.01	1.2225e-06
21.02	-7.8759e-06
21.03	0.0020076
21.04	0.0037109
21.05	0.0050462
21.06	0.0073061
21.07	0.0094744
21.08	0.010513
21.09	0.0097697
21.1	0.010381
21.11	0.011318
21.12	0.011713
21.13	0.011438
21.14	0.010788
21.15	0.011012
21.16	0.012664
21.17	0.01257
21.18	0.010674
21.19	0.0081468
21.2	0.0067398
21.21	0.006504
21.22	0.0043402
21.23	0.0012865
21.24	-0.0022081
21.25	-0.0052181
21.26	-0.0067579
21.27	-0.0072784
21.28	-0.008313
21.29	-0.0081897
21.3	-0.007529
21.31	-0.0056108
21.32	-0.0043546
21.33	-0.0036378
21.34	-0.0025108
21.35	-0.00024555
21.36	0.0021316
21.37	0.0037691
21.38	0.0029224
21.39	0.0010383
21.4	-3.5601e-05
21.41	-0.00037091
21.42	-0.0003081
21.43	-0.00050261
21.44	0.00068457
21.45	0.0017903
21.46	0.00086405
21.47	-0.00114
21.48	-0.0033723
21.49	-0.0055377
21.5	-0.0073259
21.51	-0.0075508
21.52	-0.0045427
21.53	-0.0030745
21.54	-0.0014241
21.55	-0.00063186
21.56	-0.00010233
21.57	0.00074354
21.58	0.0017017
21.59	0.00048443
21.6	-0.0016554
21.61	-0.0047483
21.62	-0.0067534
21.63	-0.0071953
21.64	-0.0069504
21.65	-0.0055726
21.66	-0.0018517
21.67	0.0012775
21.68	0.0017103
21.69	0.00015078
21.7	-0.0024461
21.71	-0.005201
21.72	-0.0063936
21.73	-0.0073955
21.74	-0.006243
21.75	-0.0038528
21.76	-0.0015459
21.77	0.0018809
21.78	0.0040671
21.79	0.0039026
21.8	0.0023747
21.81	-0.0012209
21.82	-0.0041985
21.83	-0.0047176
21.84	-0.0040994
21.85	-0.0026299
21.86	0.00095894
21.87	0.0047429
21.88	0.0067444
21.89	0.0065714
21.9	0.0038207
21.91	0.00080628
21.92	-0.0010696
21.93	-0.0022253
21.94	-0.0024945
21.95	-0.0011242
21.96	0.00041508
21.97	0.0027737
21.98	0.0032565
21.99	0.0041465
22	0.0054624
22.01	0.0047702
22.02	0.002858
22.03	1.7657e-05
22.04	-0.0023598
22.05	-0.0047793
22.06	-0.0035373
22.07	-0.0023212
22.08	-0.0019711
22.09	-0.0017997
22.1	-0.0016912
22.11	-0.0027619
22.12	-0.0049435
22.13	-0.0087183
22.14	-0.0117
22.15	-0.011813
22.16	-0.009453
22.17	-0.0070835
22.18	-0.0049086
22.19	-0.0048463
22.2	-0.0053653
22.21	-0.0059799
22.22	-0.0054202
22.23	-0.0039839
22.24	-0.0011909
22.25	0.00057356
22.26	0.0015954
22.27	0.0021068
22.28	0.0016751
22.29	0.00087584
22.3	0.0011703
22.31	0.0030217
22.32	0.0040851
22.33	0.004892
22.34	0.0064798
22.35	0.0071188
22.36	0.0069557
22.37	0.0050395
22.38	0.00282
22.39	0.00052914
22.4	-0.00069016
22.41	-0.00047914
22.42	-0.00014577
22.43	-5.4559e-05
22.44	0.00067051
22.45	0.0016359
22.46	0.00081147
22.47	-1.9314e-05
22.48	0.00012872
22.49	0.0013482
22.5	0.0031872
22.51	0.0037836
22.52	0.0034728
22.53	0.0034526
22.54	0.0028071
22.55	0.0020301
22.56	0.0011035
22.57	0.0012553
22.58	0.0026117
22.59	0.0041309
22.6	0.0057453
22.61	0.006443
22.62	0.0058757
22.63	0.0039588
22.64	0.0021243
22.65	0.0021908
22.66	0.002616
22.67	0.00192
22.68	0.00065959
22.69	-0.00062664
22.7	-0.00092778
22.71	-0.00068977
22.72	3.709e-05
22.73	0.00065036
22.74	0.001505
22.75	0.0026636
22.76	0.0048908
22.77	0.0053226
22.78	0.0043018
22.79	0.0028817
22.8	0.0010086
22.81	-4.8284e-05
22.82	-0.002164
22.83	-0.0034159
22.84	-0.0054642
22.85	-0.0062085
22.86	-0.0066517
22.87	-0.0070873
22.88	-0.0078981
22.89	-0.007206
22.9	-0.0056182
22.91	-0.0045439
22.92	-0.0044239
22.93	-0.0027143
22.94	-0.0019729
22.95	-0.00045659
22.96	0.0019932
22.97	0.003511
22.98	0.0037874
22.99	0.0039841
23	0.002567
23.01	0.00086203
23.02	0.00025831
23.03	0.0015073
23.04	0.0021339
23.05	0.002149
23.06	0.0024312
23.07	0.0028762
23.08	0.0022764
23.09	0.0013344
23.1	-0.00094036
23.11	-0.0019475
23.12	-0.0020532
23.13	-0.0013056
23.14	-0.0008698
23.15	0.00047882
23.16	0.0027717
23.17	0.0033787
23.18	0.0040678
23.19	0.0050942
23.2	0.0061145
23.21	0.0061809
23.22	0.0059834
23.23	0.0053224
23.24	0.0040298
23.25	0.0017132
23.26	0.00040664
23.27	-0.00045383
23.28	-0.0010175
23.29	-0.00012226
23.3	0.0022473
23.31	0.0043553
23.32	0.0059974
23.33	0.0068435
23.34	0.0057461
23.35	0.0021861
23.36	-0.00127
23.37	-0.0037957
23.38	-0.0053571
23.39	-0.0054583
23.4	-0.0041315
23.41	-0.0032587
23.42	-0.0040772
23.43	-0.0046379
23.44	-0.0043743
23.45	-0.0025078
23.46	-0.0011904
23.47	0.0009679
23.48	0.0037513
23.49	0.0050204
23.5	0.0056503
23.51	0.0056177
23.52	0.0052724
23.53	0.0049334
23.54	0.0037801
23.55	0.0023775
23.56	0.0012613
23.57	0.00048538
23.58	-0.00070431
23.59	-0.0024705
23.6	-0.003481
23.61	-0.0042355
23.62	-0.0054689
23.63	-0.0053667
23.64	-0.0050375
23.65	-0.004175
23.66	-0.001772
23.67	-0.00044349
23.68	0.0004471
23.69	0.0014276
23.7	0.00149
23.71	0.0021424
23.72	0.0024918
23.73	0.0040279
23.74	0.0056408
23.75	0.0074806
23.76	0.0086664
23.77	0.0094334
23.78	0.0081288
23.79	0.005672
23.8	0.0036861
23.81	0.0032362
23.82	0.0030375
23.83	0.0023725
23.84	0.00055039
23.85	-0.0025192
23.86	-0.0053562
23.87	-0.007133
23.88	-0.0070787
23.89	-0.0059017
23.9	-0.0028671
23.91	-0.0011454
23.92	-0.0010785
23.93	-0.00034713
23.94	0.00083254
23.95	0.0020178
23.96	0.0021201
23.97	0.0017166
23.98	0.0010263
23.99	-0.0008395
24	-0.002149
24.01	-0.0029754
24.02	-0.0037468
24.03	-0.0045101
24.04	-0.0036633
24.05	-0.0025011
24.06	-0.0018186
24.07	-0.0025255
24.08	-0.0048225
24.09	-0.0055418
24.1	-0.0059805
24.11	-0.0053474
24.12	-0.0044716
24.13	-0.0038911
24.14	-0.0033128
24.15	-0.0016535
24.16	0.00041207
24.17	0.00078947
24.18	-1.0736e-05
24.19	-0.00030904
24.2	-0.00018848
24.21	-0.00058157
24.22	-0.0018754
24.23	-0.0029896
24.24	-0.0035051
24.25	-0.0036893
24.26	-0.0034465
24.27	-0.0041597
24.28	-0.0052934
24.29	-0.0051497
24.3	-0.0036941
24.31	-0.0026609
24.32	-0.00097567
24.33	0.0014597
24.34	0.003729
24.35	0.0048118
24.36	0.0039633
24.37	0.002145
24.38	0.00025276
24.39	-0.0011003
24.4	-0.00096649
24.41	0.0003338
24.42	0.00082477
24.43	0.001603
24.44	0.0026329
24.45	0.0022108
24.46	0.0016686
24.47	0.00079073
24.48	0.0011226
24.49	0.0012441
24.5	0.0020392
24.51	0.0025357
24.52	0.0025435
24.53	0.0019758
24.54	0.0012902
24.55	0.0011982
24.56	0.0014563
24.57	0.0020756
24.58	0.0031637
24.59	0.0030047
24.6	0.0011272
24.61	-0.00029217
24.62	-0.002147
24.63	-0.0021048
24.64	-0.0016764
24.65	-0.001014
24.66	0.00092272
24.67	0.0026333
24.68	0.0023939
24.69	0.00096024
24.7	-0.00087278
24.71	-0.0024213
24.72	-0.0030142
24.73	-0.0020225
24.74	-0.00052428
24.75	0.0007698
24.76	0.0017494
24.77	0.0012327
24.78	-0.0013128
24.79	-0.0038109
24.8	-0.0063943
24.81	-0.0079509
24.82	-0.008383
24.83	-0.0088222
24.84	-0.0083114
24.85	-0.008252
24.86	-0.0064377
24.87	-0.0053349
24.88	-0.0044147
24.89	-0.004065
24.9	-0.0047233
24.91	-0.0042357
24.92	-0.003522
24.93	-0.0024989
24.94	-0.0010391
24.95	1.4338e-05
24.96	0.00063105
24.97	0.00069694
24.98	0.00070332
24.99	0.00073539
25	0.00045256
25.01	-0.00015934
25.02	-0.0011421
25.03	-0.0016392
25.04	-0.0015851
25.05	0.00012448
25.06	0.00055214
25.07	0.00052053
25.08	7.0138e-05
25.09	-0.0003604
25.1	-0.00094836
25.11	-0.00030593
25.12	0.0011652
25.13	0.0036925
25.14	0.0045713
25.15	0.005352
25.16	0.0053311
25.17	0.0043752
25.18	0.0036325
25.19	0.0029485
25.2	0.0025005
25.21	0.0024623
25.22	0.0033706
25.23	0.003454
25.24	0.003656
25.25	0.0033866
25.26	0.0033007
25.27	0.0029694
25.28	0.0016386
25.29	0.0012405
25.3	0.0028946
25.31	0.0045069
25.32	0.0053784
25.33	0.0068857
25.34	0.0065042
25.35	0.0052366
25.36	0.0029318
25.37	0.0011812
25.38	-0.001219
25.39	-0.0029926
25.4	-0.0043824
25.41	-0.0051469
25.42	-0.0065252
25.43	-0.0076864
25.44	-0.0076718
25.45	-0.007482
25.46	-0.0071085
25.47	-0.0067505
25.48	-0.0063068
25.49	-0.0059912
25.5	-0.0056077
25.51	-0.0052082
25.52	-0.0042343
25.53	-0.0031804
25.54	-0.0022968
25.55	-0.00082879
25.56	-0.00027855
25.57	-0.00036431
25.58	-0.00017978
25.59	-0.00016297
25.6	0.00032596
25.61	0.00042074
25.62	0.0005356
25.63	0.00098827
25.64	0.00040318
25.65	7.9596e-05
25.66	0.0014416
25.67	0.003003
25.68	0.0035482
25.69	0.0037194
25.7	0.0033649
25.71	0.0023919
25.72	0.00046955
25.73	-0.00014343
25.74	-0.00013654
25.75	0.0011075
25.76	0.0038108
25.77	0.0061296
25.78	0.0065902
25.79	0.0061917
25.8	0.0058699
25.81	0.0064268
25.82	0.007098
25.83	0.0067192
25.84	0.00579
25.85	0.004027
25.86	0.0020889
25.87	-0.0002531
25.88	-0.0023747
25.89	-0.0032689
25.9	-0.0031348
25.91	-0.002483
25.92	-0.00028322
25.93	0.0010851
25.94	0.00063907
25.95	0.00051909
25.96	0.00016865
25.97	-0.0015251
25.98	-0.00296
25.99	-0.0026827
26	-0.0017029
26.01	-0.00042766
26.02	0.00090242
26.03	0.0018571
26.04	0.0013182
26.05	0.00075371
26.06	0.00043988
26.07	-0.00024805
26.08	-0.0019186
26.09	-0.0019801
26.1	-0.0021901
26.11	-0.0023158
26.12	-0.0024706
26.13	-0.002477
26.14	-0.0040313
26.15	-0.0050201
26.16	-0.003984
26.17	-0.0038491
26.18	-0.0043621
26.19	-0.0040777
26.2	-0.0032032
26.21	-0.0017747
26.22	-0.0010599
26.23	-0.00055368
26.24	-0.00082436
26.25	-0.0013957
26.26	-0.0011645
26.27	0.00061792
26.28	0.001682
26.29	0.0024325
26.3	0.0033108
26.31	0.004418
26.32	0.0049274
26.33	0.0046684
26.34	0.0045422
26.35	0.0043809
26.36	0.0042097
26.37	0.0043398
26.38	0.0049598
26.39	0.0054141
26.4	0.0052188
26.41	0.0048887
26.42	0.0050226
26.43	0.0057148
26.44	0.0061816
26.45	0.0071865
26.46	0.008592
26.47	0.0082689
26.48	0.0076595
26.49	0.0072719
26.5	0.0067853
26.51	0.0063185
26.52	0.0058247
26.53	0.0055214
26.54	0.0042746
26.55	0.0020258
26.56	0.00073854
26.57	-0.0001947
26.58	-0.0011448
26.59	-0.0014476
26.6	-0.0023163
26.61	-0.0032295
26.62	-0.0031416
26.63	-0.0030383
26.64	-0.0032776
26.65	-0.0043096
26.66	-0.0047145
26.67	-0.0046055
26.68	-0.0056246
26.69	-0.0064164
26.7	-0.0074925
26.71	-0.0083784
26.72	-0.0080789
26.73	-0.0073666
26.74	-0.0060876
26.75	-0.0053292
26.76	-0.0049488
26.77	-0.0046239
26.78	-0.0045929
26.79	-0.0048016
26.8	-0.0028494
26.81	0.00040342
26.82	0.0019699
26.83	0.0019823
26.84	0.0024475
26.85	0.0024085
26.86	0.0016858
26.87	0.0011396
26.88	5.6901e-05
26.89	-0.0012716
26.9	-0.00079385
26.91	0.00013512
26.92	0.0015101
26.93	0.0017242
26.94	0.0033
26.95	0.0048424
26.96	0.0056781
26.97	0.0066807
26.98	0.0075779
26.99	0.0072453
27	0.0067251
27.01	0.0063576
27.02	0.0059216
27.03	0.0052182
27.04	0.0034912
27.05	0.0016953
27.06	0.00074854
27.07	0.0004576
27.08	0.00084453
27.09	0.0024479
27.1	0.0035831
27.11	0.0037956
27.12	0.0032316
27.13	0.0020729
27.14	-0.00063305
27.15	-0.0015549
27.16	-0.0015532
27.17	-0.001933
27.18	-0.001926
27.19	-0.0019051
27.2	-0.0023637
27.21	-0.0037406
27.22	-0.0046525
27.23	-0.0048866
27.24	-0.0047802
27.25	-0.004669
27.26	-0.0042461
27.27	-0.0042863
27.28	-0.0046453
27.29	-0.0051943
27.3	-0.0046348
27.31	-0.0039402
27.32	-0.003537
27.33	-0.003229
27.34	-0.0032883
27.35	-0.003201
27.36	-0.0028389
27.37	-0.0026826
27.38	-0.0025221
27.39	-0.0021742
27.4	-0.0022638
27.41	-0.0022183
27.42	-0.0026594
27.43	-0.0027589
27.44	-0.0019092
27.45	-0.0015454
27.46	-0.0015668
27.47	-0.0014329
27.48	-0.0012847
27.49	-0.001235
27.5	-0.0011718
27.51	-0.0010564
27.52	-0.00096601
27.53	-0.00087963
27.54	-0.00084852
27.55	0.00032414
27.56	0.0021758
27.57	0.0023665
27.58	0.0021287
27.59	0.0022161
27.6	0.0037364
27.61	0.0049361
27.62	0.0047682
27.63	0.004472
27.64	0.0040447
27.65	0.0029737
27.66	0.0013
27.67	0.00017711
27.68	-0.0008117
27.69	-0.0016041
27.7	-0.0015594
27.71	-0.0014498
27.72	-0.0014529
27.73	-0.001807
27.74	-0.0028183
27.75	-0.0027403
27.76	-0.0026072
27.77	-0.001766
27.78	-0.00028172
27.79	-9.5071e-05
27.8	0.00012876
27.81	0.00059212
27.82	0.00051135
27.83	0.00041242
27.84	0.00041052
27.85	0.0004274
27.86	0.00028572
27.87	0.00028216
27.88	0.00020423
27.89	0.00020808
27.9	0.00012626
27.91	4.6779e-05
27.92	-0.0004105
27.93	-0.00042992
27.94	-0.0011123
27.95	-0.0011857
27.96	-0.0017601
27.97	-0.0024906
27.98	-0.0026953
27.99	-0.0028081
28	-0.0031689
28.01	-0.0023465
28.02	-0.0012158
28.03	-6.1239e-05
28.04	0.0012485
28.05	0.0015688
28.06	0.0019972
28.07	0.0015688
28.08	0.0010847
28.09	0.0011263
28.1	0.0010082
28.11	0.0014282
28.12	0.0020515
28.13	0.0028218
28.14	0.0030313
28.15	0.0026568
28.16	0.0026286
28.17	0.0024324
28.18	0.001999
28.19	0.0018588
28.2	0.0012952
28.21	0.00081332
28.22	0.001128
28.23	0.00058913
28.24	-7.7541e-05
28.25	-0.00098022
28.26	-0.0013174
28.27	-0.0012013
28.28	-0.001134
28.29	-0.0011257
28.3	-0.0010575
28.31	-0.001053
28.32	-0.00034496
28.33	0.00028789
28.34	0.00070617
28.35	0.00076752
28.36	-1.2521e-05
28.37	-0.00031381
28.38	-0.00037391
28.39	-0.00031309
28.4	-0.00096973
28.41	-0.001423
28.42	-0.0013126
28.43	-0.0012226
28.44	-0.0011003
28.45	-0.00020363
28.46	0.00050124
28.47	0.00031699
28.48	-0.00073055
28.49	-0.001842
28.5	-0.002713
28.51	-0.0029035
28.52	-0.0032177
28.53	-0.0027522
28.54	-0.0023075
28.55	-0.0019463
28.56	-0.0017737
28.57	-0.0017456
28.58	-0.001532
28.59	-0.0013423
28.6	-0.00091791
28.61	-0.00053287
28.62	-0.00024546
28.63	0.00062252
28.64	0.0011491
28.65	0.0011113
28.66	0.0011359
28.67	0.0012222
28.68	0.00075003
28.69	-0.00016735
28.7	-0.00022646
28.71	5.0839e-05
28.72	0.00078334
28.73	0.0011985
28.74	0.0011731
28.75	0.0011463
28.76	0.0010965
28.77	0.0010695
28.78	0.00099723
28.79	0.0011267
28.8	0.0015468
28.81	0.0018598
28.82	0.0016997
28.83	0.0015474
28.84	0.0014158
28.85	0.0010114
28.86	0.0005439
28.87	0.00056799
28.88	0.00063368
28.89	0.00083895
28.9	0.00091208
28.91	0.00059515
28.92	0.00010238
28.93	-0.00011451
28.94	-0.00054695
28.95	-0.0010045
28.96	-0.0012229
28.97	-0.001145
28.98	-0.0007895
28.99	-0.00039943
29	-8.6984e-05
29.01	0.00023429
29.02	0.0002989
29.03	0.00014442
29.04	-2.6469e-05
29.05	1.0065e-06
29.06	6.0431e-05
29.07	8.7323e-06
29.08	-9.8105e-05
29.09	7.3741e-05
29.1	0.00021896
29.11	0.00021973
29.12	0.00025053
29.13	0.00039579
29.14	0.00046547
29.15	0.00056822
29.16	0.00059141
29.17	0.0006425
29.18	0.00054152
29.19	0.00039151
29.2	0.00023726
29.21	0.00015541
29.22	0.00015176
29.23	0.0001551
29.24	0.00016661
29.25	0.00025396
29.26	0.00029585
29.27	0.00033119
29.28	0.0003367
29.29	0.00028058
29.3	0.00025415
29.31	0.00025089
29.32	0.00022977
29.33	0.00019921
29.34	0.00012541
29.35	3.6316e-05
29.36	3.435e-06
29.37	-1.2627e-05
29.38	6.5722e-06
29.39	4.4739e-05
29.4	7.3128e-05
29.41	6.3328e-05
29.42	6.6032e-05
29.43	2.8255e-05
29.44	2.2373e-06
29.45	-1.9816e-06
29.46	1.1623e-05
29.47	1.805e-05
29.48	4.7024e-05
29.49	4.4351e-05
29.5	3.4011e-05
29.51	2.5641e-05
29.52	2.7705e-05
29.53	2.6333e-05
29.54	2.7186e-05
29.55	1.4085e-05
29.56	5.8613e-06
29.57	-2.8385e-07
29.58	8.6813e-06
29.59	2.0736e-05
29.6	2.2072e-05
29.61	2.1931e-05
29.62	2.2905e-05
29.63	1.8865e-05
29.64	1.3787e-05
29.65	2.7027e-06
29.66	-6.0363e-06
29.67	-1.5557e-05
29.68	-2.4406e-05
29.69	-3.3126e-05
29.7	-4e-05
29.71	-4.688e-05
29.72	-5.3427e-05
29.73	-6.0656e-05
29.74	-6.4772e-05
29.75	-6.829e-05
29.76	-6.9714e-05
29.77	-7.0847e-05
29.78	-7.143e-05
29.79	-7.2095e-05
29.8	-7.2211e-05
29.81	-7.2336e-05
29.82	-7.1837e-05
29.83	-7.1372e-05
29.84	-7.0627e-05
29.85	-6.9848e-05
29.86	-6.8594e-05
29.87	-6.7175e-05
29.88	-6.5328e-05
29.89	-6.3231e-05
29.9	-6.0778e-05
29.91	-5.8123e-05
29.92	-5.518e-05
29.93	-5.2027e-05
29.94	-4.8623e-05
29.95	-4.5009e-05
29.96	-4.1174e-05
29.97	-3.7139e-05
29.98	-3.291e-05
