0	-0.00014188
0.005	-0.00015758
0.01	-0.00016506
0.015	-0.00017149
0.02	-0.00017834
0.025	-0.0001854
0.03	-0.0001916
0.035	-0.00019554
0.04	-0.00019579
0.045	-0.00019093
0.05	-0.00018342
0.055	-0.00017711
0.06	-0.00017293
0.065	-0.0001733
0.07	-0.00017977
0.075	-0.00019097
0.08	-0.00020175
0.085	-0.00020928
0.09	-0.00021289
0.095	-0.00021175
0.1	-0.00021445
0.105	-0.00022937
0.11	-0.00026005
0.115	-0.00030439
0.12	-0.00035042
0.125	-0.0003907
0.13	-0.0004149
0.135	-0.00042157
0.14	-0.00040598
0.145	-0.00037093
0.15	-0.00033358
0.155	-0.00033251
0.16	-0.00037702
0.165	-0.00043807
0.17	-0.00048308
0.175	-0.00048827
0.18	-0.00044994
0.185	-0.00036936
0.19	-0.00025463
0.195	-0.00011892
0.2	3.2232e-05
0.205	0.00016376
0.21	0.00024035
0.215	0.00026651
0.22	0.00026919
0.225	0.00026729
0.23	0.00026634
0.235	0.00026247
0.24	0.00024637
0.245	0.00019685
0.25	0.00013154
0.255	8.6007e-05
0.26	7.2278e-05
0.265	8.1277e-05
0.27	9.2179e-05
0.275	5.4704e-05
0.28	-8.6631e-05
0.285	-0.000307
0.29	-0.00055754
0.295	-0.00075886
0.3	-0.00089598
0.305	-0.0010088
0.31	-0.001049
0.315	-0.00093245
0.32	-0.00069732
0.325	-0.00044488
0.33	-0.00024847
0.335	-0.00019718
0.34	-0.0003091
0.345	-0.00046429
0.35	-0.00054521
0.355	-0.0005262
0.36	-0.00040399
0.365	-0.00021641
0.37	-0.00011271
0.375	-0.00013896
0.38	-0.00019919
0.385	-0.00017089
0.39	-9.9026e-05
0.395	1.0246e-05
0.4	0.00019922
0.405	0.00039712
0.41	0.00051978
0.415	0.00054394
0.42	0.00044919
0.425	0.00030434
0.43	0.00023036
0.435	0.00032004
0.44	0.0005129
0.445	0.00074998
0.45	0.001032
0.455	0.0013275
0.46	0.0014558
0.465	0.001315
0.47	0.0010721
0.475	0.00094394
0.48	0.0010505
0.485	0.0012847
0.49	0.0014721
0.495	0.0016049
0.5	0.0016149
0.505	0.0015133
0.51	0.0014153
0.515	0.0013542
0.52	0.0011491
0.525	0.00080042
0.53	0.00033307
0.535	-9.7952e-05
0.54	-0.000334
0.545	-0.00047865
0.55	-0.00064796
0.555	-0.0010056
0.56	-0.0014448
0.565	-0.0017027
0.57	-0.0015792
0.575	-0.00098294
0.58	-2.4309e-05
0.585	0.0010674
0.59	0.0020462
0.595	0.0023856
0.6	0.0018174
0.605	0.00054966
0.61	-0.00090502
0.615	-0.0021277
0.62	-0.0028812
0.625	-0.0028439
0.63	-0.0018991
0.635	-0.00045029
0.64	0.001041
0.645	0.0020702
0.65	0.0024892
0.655	0.0022616
0.66	0.0015929
0.665	0.00086484
0.67	0.00032931
0.675	0.00025167
0.68	0.00068495
0.685	0.0014164
0.69	0.0023055
0.695	0.0031789
0.7	0.0038487
0.705	0.0040339
0.71	0.0036301
0.715	0.0027491
0.72	0.0017403
0.725	0.00091326
0.73	0.00030162
0.735	-0.00023348
0.74	-0.00079849
0.745	-0.0012685
0.75	-0.0015091
0.755	-0.0015606
0.76	-0.0016013
0.765	-0.0019984
0.77	-0.0026613
0.775	-0.0033245
0.78	-0.0037637
0.785	-0.0038721
0.79	-0.0036285
0.795	-0.0032382
0.8	-0.0028341
0.805	-0.0025371
0.81	-0.0024
0.815	-0.002218
0.82	-0.0019547
0.825	-0.0017766
0.83	-0.0018953
0.835	-0.002234
0.84	-0.0026384
0.845	-0.0027126
0.85	-0.0020033
0.855	-0.00044123
0.86	0.0012495
0.865	0.0020053
0.87	0.0013569
0.875	-0.00024966
0.88	-0.0019073
0.885	-0.003121
0.89	-0.0034498
0.895	-0.0025366
0.9	-0.00089101
0.905	0.00098139
0.91	0.0028756
0.915	0.0041967
0.92	0.0043982
0.925	0.0035008
0.93	0.0021356
0.935	0.00084562
0.94	9.872e-05
0.945	0.00020112
0.95	0.00099827
0.955	0.0021608
0.96	0.003094
0.965	0.0034183
0.97	0.003217
0.975	0.0024431
0.98	0.00095608
0.985	-0.00096909
0.99	-0.0030592
0.995	-0.0051793
1	-0.0069559
1.005	-0.0082039
1.01	-0.0084332
1.015	-0.0072498
1.02	-0.005001
1.025	-0.0024309
1.03	-0.00019579
1.035	0.0015955
1.04	0.0027425
1.045	0.0030829
1.05	0.0025653
1.055	0.0015002
1.06	0.00020993
1.065	-0.0011875
1.07	-0.0026184
1.075	-0.003875
1.08	-0.0047675
1.085	-0.0050044
1.09	-0.0044298
1.095	-0.00285
1.1	-0.00060902
1.105	0.0019218
1.11	0.0044011
1.115	0.006203
1.12	0.0067282
1.125	0.0058704
1.13	0.0040109
1.135	0.001903
1.14	0.00017853
1.145	-0.00070282
1.15	-0.00058434
1.155	0.00020394
1.16	0.0011543
1.165	0.0020295
1.17	0.0031329
1.175	0.0044997
1.18	0.0061093
1.185	0.0076049
1.19	0.0082577
1.195	0.0077631
1.2	0.0063298
1.205	0.0043572
1.21	0.0023902
1.215	0.0008569
1.22	7.5234e-05
1.225	-3.6348e-05
1.23	0.00024181
1.235	0.00083132
1.24	0.0013817
1.245	0.0015328
1.25	0.0011348
1.255	0.00034089
1.26	-0.00048852
1.265	-0.00084306
1.27	-0.00025262
1.275	0.0012617
1.28	0.0033217
1.285	0.0052329
1.29	0.0061057
1.295	0.0052857
1.3	0.0030215
1.305	0.00026596
1.31	-0.0015342
1.315	-0.0016631
1.32	-0.00067978
1.325	0.00028506
1.33	0.00059935
1.335	0.00035807
1.34	-0.00016762
1.345	-0.0014979
1.35	-0.0051096
1.355	-0.011338
1.36	-0.018398
1.365	-0.023131
1.37	-0.022189
1.375	-0.014033
1.38	-0.0010603
1.385	0.011374
1.39	0.018815
1.395	0.018759
1.4	0.01201
1.405	0.0021399
1.41	-0.0061996
1.415	-0.0095881
1.42	-0.0068546
1.425	0.00093233
1.43	0.011238
1.435	0.02108
1.44	0.02792
1.445	0.029572
1.45	0.025811
1.455	0.018179
1.46	0.009167
1.465	0.0011402
1.47	-0.0038611
1.475	-0.0045457
1.48	-0.0013402
1.485	0.0038033
1.49	0.0083958
1.495	0.010804
1.5	0.010667
1.505	0.0091349
1.51	0.0083812
1.515	0.010213
1.52	0.014885
1.525	0.021176
1.53	0.027229
1.535	0.031746
1.54	0.034303
1.545	0.035365
1.55	0.035737
1.555	0.035467
1.56	0.033378
1.565	0.027905
1.57	0.018926
1.575	0.0073646
1.58	-0.0049918
1.585	-0.016599
1.59	-0.026192
1.595	-0.033101
1.6	-0.03712
1.605	-0.037877
1.61	-0.035572
1.615	-0.031181
1.62	-0.026172
1.625	-0.021807
1.63	-0.01867
1.635	-0.016508
1.64	-0.014756
1.645	-0.012892
1.65	-0.011002
1.655	-0.009705
1.66	-0.0092589
1.665	-0.0092473
1.67	-0.0089752
1.675	-0.0086421
1.68	-0.0093288
1.685	-0.011776
1.69	-0.015486
1.695	-0.018833
1.7	-0.019833
1.705	-0.0174
1.71	-0.011719
1.715	-0.0045747
1.72	0.0020291
1.725	0.0071232
1.73	0.010819
1.735	0.014053
1.74	0.017719
1.745	0.022239
1.75	0.027382
1.755	0.032065
1.76	0.03502
1.765	0.034854
1.77	0.030948
1.775	0.023651
1.78	0.014293
1.785	0.0045617
1.79	-0.0032399
1.795	-0.0069891
1.8	-0.0069865
1.805	-0.0061999
1.81	-0.0078398
1.815	-0.012714
1.82	-0.019542
1.825	-0.025985
1.83	-0.030279
1.835	-0.031581
1.84	-0.030464
1.845	-0.028412
1.85	-0.026774
1.855	-0.026043
1.86	-0.025456
1.865	-0.024
1.87	-0.021334
1.875	-0.017944
1.88	-0.015072
1.885	-0.014502
1.89	-0.016793
1.895	-0.020762
1.9	-0.024822
1.905	-0.027421
1.91	-0.027478
1.915	-0.025075
1.92	-0.020668
1.925	-0.014681
1.93	-0.0073375
1.935	0.001506
1.94	0.011285
1.945	0.020812
1.95	0.027895
1.955	0.030347
1.96	0.027583
1.965	0.021212
1.97	0.013594
1.975	0.0068858
1.98	0.0021871
1.985	-0.00078217
1.99	-0.0028802
1.995	-0.0048489
2	-0.0073377
2.005	-0.010728
2.01	-0.014685
2.015	-0.018498
2.02	-0.0217
2.025	-0.023763
2.03	-0.023905
2.035	-0.021999
2.04	-0.018322
2.045	-0.013533
2.05	-0.0088465
2.055	-0.0049575
2.06	-0.0025362
2.065	-0.0020969
2.07	-0.0037712
2.075	-0.0068057
2.08	-0.009984
2.085	-0.012135
2.09	-0.012623
2.095	-0.011484
2.1	-0.0093131
2.105	-0.0070229
2.11	-0.0052611
2.115	-0.0037871
2.12	-0.0020796
2.125	0.00075773
2.13	0.0056702
2.135	0.01259
2.14	0.020239
2.145	0.026851
2.15	0.030451
2.155	0.029722
2.16	0.025002
2.165	0.017839
2.17	0.01008
2.175	0.0026912
2.18	-0.0039141
2.185	-0.009568
2.19	-0.014271
2.195	-0.017535
2.2	-0.019019
2.205	-0.019082
2.21	-0.018689
2.215	-0.018527
2.22	-0.018707
2.225	-0.019021
2.23	-0.01949
2.235	-0.020397
2.24	-0.021615
2.245	-0.022422
2.25	-0.021595
2.255	-0.017944
2.26	-0.01087
2.265	-0.00087973
2.27	0.010128
2.275	0.019865
2.28	0.025967
2.285	0.026773
2.29	0.022395
2.295	0.014774
2.3	0.0065514
2.305	0.00068146
2.31	-0.00081195
2.315	0.0021645
2.32	0.0079943
2.325	0.014352
2.33	0.019198
2.335	0.021693
2.34	0.021759
2.345	0.020151
2.35	0.018278
2.355	0.01713
2.36	0.016954
2.365	0.017604
2.37	0.018824
2.375	0.020317
2.38	0.021529
2.385	0.021918
2.39	0.021145
2.395	0.019572
2.4	0.018045
2.405	0.017209
2.41	0.017131
2.415	0.017951
2.42	0.019737
2.425	0.022365
2.43	0.025597
2.435	0.02874
2.44	0.030384
2.445	0.028674
2.45	0.023067
2.455	0.014569
2.46	0.0054436
2.465	-0.0011285
2.47	-0.0031278
2.475	-0.00067381
2.48	0.0041916
2.485	0.0088798
2.49	0.010701
2.495	0.0083169
2.5	0.0026487
2.505	-0.0044816
2.51	-0.011351
2.515	-0.016389
2.52	-0.018723
2.525	-0.018065
2.53	-0.014329
2.535	-0.007622
2.54	0.0016135
2.545	0.012065
2.55	0.021398
2.555	0.027864
2.56	0.030477
2.565	0.029157
2.57	0.024927
2.575	0.019051
2.58	0.012606
2.585	0.0067551
2.59	0.0022697
2.595	-0.00045892
2.6	-0.0014902
2.605	-0.0014306
2.61	-0.0014695
2.615	-0.0028394
2.62	-0.005975
2.625	-0.010074
2.63	-0.013966
2.635	-0.016872
2.64	-0.018147
2.645	-0.01743
2.65	-0.015139
2.655	-0.012249
2.66	-0.010147
2.665	-0.01004
2.67	-0.012061
2.675	-0.015434
2.68	-0.01886
2.685	-0.020693
2.69	-0.019663
2.695	-0.015546
2.7	-0.0090209
2.705	-0.0012863
2.71	0.0060512
2.715	0.011721
2.72	0.015218
2.725	0.016779
2.73	0.016857
2.735	0.015927
2.74	0.014563
2.745	0.013397
2.75	0.012922
2.755	0.013276
2.76	0.014385
2.765	0.015645
2.77	0.016177
2.775	0.015429
2.78	0.013306
2.785	0.010145
2.79	0.0066682
2.795	0.0036707
2.8	0.0014432
2.805	-6.0918e-05
2.81	-0.0011862
2.815	-0.0024392
2.82	-0.0040532
2.825	-0.006261
2.83	-0.0092326
2.835	-0.012355
2.84	-0.014936
2.845	-0.016895
2.85	-0.018151
2.855	-0.018405
2.86	-0.017544
2.865	-0.015826
2.87	-0.013486
2.875	-0.010684
2.88	-0.0077611
2.885	-0.0052287
2.89	-0.0034692
2.895	-0.0025897
2.9	-0.0025269
2.905	-0.0031528
2.91	-0.0040354
2.915	-0.0043184
2.92	-0.0034821
2.925	-0.0018484
2.93	-0.00044972
2.935	-0.00059179
2.94	-0.0026713
2.945	-0.0060987
2.95	-0.010086
2.955	-0.01363
2.96	-0.016118
2.965	-0.017281
2.97	-0.016898
2.975	-0.015115
2.98	-0.012484
2.985	-0.0095138
2.99	-0.0065915
2.995	-0.0039894
3	-0.0016717
3.005	0.00049065
3.01	0.0026375
3.015	0.0050624
3.02	0.0076813
3.025	0.010164
3.03	0.012092
3.035	0.01299
3.04	0.012224
3.045	0.0094467
3.05	0.0050266
3.055	-0.00010679
3.06	-0.0048469
3.065	-0.0085497
3.07	-0.010872
3.075	-0.012038
3.08	-0.01272
3.085	-0.013741
3.09	-0.015766
3.095	-0.018692
3.1	-0.021968
3.105	-0.024458
3.11	-0.02506
3.115	-0.023125
3.12	-0.018672
3.125	-0.012277
3.13	-0.0052264
3.135	0.0012258
3.14	0.0058964
3.145	0.0084414
3.15	0.00904
3.155	0.0082136
3.16	0.0067343
3.165	0.0051908
3.17	0.003675
3.175	0.0018004
3.18	-0.00086374
3.185	-0.004301
3.19	-0.0077571
3.195	-0.01008
3.2	-0.010295
3.205	-0.0081586
3.21	-0.0042107
3.215	0.00081292
3.22	0.0060132
3.225	0.010283
3.23	0.012575
3.235	0.012325
3.24	0.010047
3.245	0.0070074
3.25	0.0042138
3.255	0.0024095
3.26	0.002008
3.265	0.0028519
3.27	0.0043083
3.275	0.0060071
3.28	0.0076431
3.285	0.0089165
3.29	0.0093493
3.295	0.0085518
3.3	0.0065333
3.305	0.0035573
3.31	-5.1469e-05
3.315	-0.0039348
3.32	-0.0077363
3.325	-0.010899
3.33	-0.012658
3.335	-0.0125
3.34	-0.010343
3.345	-0.0066652
3.35	-0.0020663
3.355	0.0031172
3.36	0.0085171
3.365	0.013406
3.37	0.017077
3.375	0.018675
3.38	0.018049
3.385	0.01594
3.39	0.013481
3.395	0.011696
3.4	0.011077
3.405	0.011467
3.41	0.012591
3.415	0.014071
3.42	0.015489
3.425	0.016341
3.43	0.016077
3.435	0.014418
3.44	0.011637
3.445	0.008393
3.45	0.005388
3.455	0.0032542
3.46	0.002211
3.465	0.0021868
3.47	0.0028909
3.475	0.0037567
3.48	0.004637
3.485	0.0053734
3.49	0.0058297
3.495	0.005858
3.5	0.004878
3.505	0.0025581
3.51	-0.0011865
3.515	-0.0060581
3.52	-0.011764
3.525	-0.01774
3.53	-0.023148
3.535	-0.027421
3.54	-0.030346
3.545	-0.031947
3.55	-0.032243
3.555	-0.031464
3.56	-0.029703
3.565	-0.026912
3.57	-0.023046
3.575	-0.018431
3.58	-0.013576
3.585	-0.0089831
3.59	-0.0050011
3.595	-0.0016549
3.6	0.00088807
3.605	0.0029331
3.61	0.0052614
3.615	0.0083292
3.62	0.012022
3.625	0.015843
3.63	0.019402
3.635	0.022072
3.64	0.023211
3.645	0.022692
3.65	0.020577
3.655	0.01679
3.66	0.011645
3.665	0.0059104
3.67	7.3297e-06
3.675	-0.005387
3.68	-0.0095998
3.685	-0.012185
3.69	-0.013212
3.695	-0.012871
3.7	-0.011467
3.705	-0.0097854
3.71	-0.0087372
3.715	-0.0089926
3.72	-0.010677
3.725	-0.013495
3.73	-0.017311
3.735	-0.021802
3.74	-0.026631
3.745	-0.031554
3.75	-0.036239
3.755	-0.040645
3.76	-0.044603
3.765	-0.047785
3.77	-0.049697
3.775	-0.049171
3.78	-0.045454
3.785	-0.038738
3.79	-0.029626
3.795	-0.019266
3.8	-0.0091404
3.805	-0.00019545
3.81	0.0075327
3.815	0.014843
3.82	0.022371
3.825	0.030347
3.83	0.038815
3.835	0.047285
3.84	0.055774
3.845	0.064531
3.85	0.073434
3.855	0.081875
3.86	0.088593
3.865	0.092117
3.87	0.091234
3.875	0.085785
3.88	0.076845
3.885	0.065816
3.89	0.053526
3.895	0.041249
3.9	0.029811
3.905	0.019806
3.91	0.011294
3.915	0.0037615
3.92	-0.0030356
3.925	-0.0097948
3.93	-0.016834
3.935	-0.024151
3.94	-0.031075
3.945	-0.036696
3.95	-0.040307
3.955	-0.041213
3.96	-0.038837
3.965	-0.033313
3.97	-0.025618
3.975	-0.017244
3.98	-0.010162
3.985	-0.0056199
3.99	-0.0040699
3.995	-0.0054134
4	-0.0089073
4.005	-0.013272
4.01	-0.017493
4.015	-0.02071
4.02	-0.02207
4.025	-0.020933
4.03	-0.017454
4.035	-0.012895
4.04	-0.0088726
4.045	-0.0066777
4.05	-0.0073167
4.055	-0.010871
4.06	-0.016655
4.065	-0.023204
4.07	-0.028955
4.075	-0.032477
4.08	-0.032596
4.085	-0.029014
4.09	-0.02245
4.095	-0.014186
4.1	-0.0052383
4.105	0.0036361
4.11	0.012421
4.115	0.020825
4.12	0.028567
4.125	0.035493
4.13	0.041062
4.135	0.044691
4.14	0.046421
4.145	0.046806
4.15	0.046062
4.155	0.044061
4.16	0.040204
4.165	0.033793
4.17	0.02484
4.175	0.014227
4.18	0.0029039
4.185	-0.0079649
4.19	-0.016919
4.195	-0.022707
4.2	-0.024677
4.205	-0.02322
4.21	-0.019446
4.215	-0.01468
4.22	-0.0098568
4.225	-0.0056571
4.23	-0.002343
4.235	0.00016022
4.24	0.0020861
4.245	0.0037586
4.25	0.0054071
4.255	0.0070031
4.26	0.0082785
4.265	0.0087957
4.27	0.0080238
4.275	0.0060977
4.28	0.0033794
4.285	0.00049023
4.29	-0.0017591
4.295	-0.0029251
4.3	-0.0028695
4.305	-0.0017119
4.31	-0.00017828
4.315	0.0010769
4.32	0.0013249
4.325	-9.3227e-05
4.33	-0.0031033
4.335	-0.0068565
4.34	-0.010508
4.345	-0.013255
4.35	-0.014553
4.355	-0.014327
4.36	-0.012936
4.365	-0.010884
4.37	-0.0088099
4.375	-0.0073662
4.38	-0.0068882
4.385	-0.0076512
4.39	-0.0096293
4.395	-0.012483
4.4	-0.01577
4.405	-0.019201
4.41	-0.022318
4.415	-0.02447
4.42	-0.025235
4.425	-0.024616
4.43	-0.022773
4.435	-0.019935
4.44	-0.016111
4.445	-0.010978
4.45	-0.0047395
4.455	0.0017283
4.46	0.0075933
4.465	0.012019
4.47	0.014839
4.475	0.016377
4.48	0.016808
4.485	0.016182
4.49	0.014743
4.495	0.012756
4.5	0.010585
4.505	0.0086514
4.51	0.0072491
4.515	0.0065915
4.52	0.0065119
4.525	0.0067186
4.53	0.0071362
4.535	0.0078244
4.54	0.0087452
4.545	0.0096312
4.55	0.010454
4.555	0.010981
4.56	0.010945
4.565	0.010123
4.57	0.0088508
4.575	0.0076277
4.58	0.0062007
4.585	0.0043824
4.59	0.002445
4.595	0.00076516
4.6	-0.00022343
4.605	-0.00012016
4.61	0.0011431
4.615	0.0035407
4.62	0.0070644
4.625	0.011182
4.63	0.015121
4.635	0.018167
4.64	0.020171
4.645	0.021576
4.65	0.02276
4.655	0.023766
4.66	0.024724
4.665	0.025602
4.67	0.026648
4.675	0.027904
4.68	0.028783
4.685	0.028211
4.69	0.025318
4.695	0.019885
4.7	0.012186
4.705	0.0029241
4.71	-0.0064993
4.715	-0.015088
4.72	-0.021972
4.725	-0.026823
4.73	-0.029624
4.735	-0.030841
4.74	-0.030979
4.745	-0.030087
4.75	-0.028137
4.755	-0.025518
4.76	-0.022667
4.765	-0.020091
4.77	-0.018299
4.775	-0.017738
4.78	-0.018417
4.785	-0.019821
4.79	-0.021671
4.795	-0.023803
4.8	-0.026061
4.805	-0.028171
4.81	-0.029696
4.815	-0.03032
4.82	-0.029582
4.825	-0.027353
4.83	-0.024092
4.835	-0.020439
4.84	-0.017165
4.845	-0.014842
4.85	-0.013403
4.855	-0.012494
4.86	-0.011715
4.865	-0.010637
4.87	-0.0085778
4.875	-0.0049032
4.88	0.00059217
4.885	0.0076305
4.89	0.014977
4.895	0.021446
4.9	0.02629
4.905	0.029219
4.91	0.029886
4.915	0.028351
4.92	0.02519
4.925	0.021481
4.93	0.018306
4.935	0.015926
4.94	0.014016
4.945	0.01228
4.95	0.010362
4.955	0.0076504
4.96	0.0037301
4.965	-0.0013583
4.97	-0.0073513
4.975	-0.013187
4.98	-0.01756
4.985	-0.019837
4.99	-0.019977
4.995	-0.018269
5	-0.0157
5.005	-0.013274
5.01	-0.011464
5.015	-0.0099295
5.02	-0.0080504
5.025	-0.0058338
5.03	-0.0033484
5.035	-0.00052521
5.04	0.0024831
5.045	0.0052184
5.05	0.0074094
5.055	0.0091617
5.06	0.010446
5.065	0.01106
5.07	0.010437
5.075	0.0081963
5.08	0.0042447
5.085	-0.0012971
5.09	-0.0077247
5.095	-0.014474
5.1	-0.020717
5.105	-0.025795
5.11	-0.02911
5.115	-0.029997
5.12	-0.02834
5.125	-0.024426
5.13	-0.018716
5.135	-0.011974
5.14	-0.0053581
5.145	0.00036811
5.15	0.00458
5.155	0.0069106
5.16	0.0070214
5.165	0.0053221
5.17	0.0027434
5.175	0.00020584
5.18	-0.0013767
5.185	-0.0015903
5.19	-0.00056303
5.195	0.0011136
5.2	0.0030148
5.205	0.005123
5.21	0.0074404
5.215	0.010267
5.22	0.013509
5.225	0.016763
5.23	0.019535
5.235	0.021579
5.24	0.02301
5.245	0.023924
5.25	0.024267
5.255	0.024082
5.26	0.023561
5.265	0.022514
5.27	0.02065
5.275	0.017949
5.28	0.014758
5.285	0.011478
5.29	0.0084031
5.295	0.0057153
5.3	0.0033409
5.305	0.001154
5.31	-0.00080503
5.315	-0.0025512
5.32	-0.0042707
5.325	-0.0062402
5.33	-0.0084228
5.335	-0.010479
5.34	-0.01222
5.345	-0.013526
5.35	-0.014013
5.355	-0.013476
5.36	-0.012395
5.365	-0.01156
5.37	-0.011701
5.375	-0.013206
5.38	-0.01599
5.385	-0.019214
5.39	-0.02211
5.395	-0.023934
5.4	-0.02414
5.405	-0.02286
5.41	-0.020691
5.415	-0.018384
5.42	-0.016698
5.425	-0.016141
5.43	-0.016637
5.435	-0.017721
5.44	-0.019062
5.445	-0.020483
5.45	-0.021923
5.455	-0.023396
5.46	-0.024829
5.465	-0.025919
5.47	-0.026325
5.475	-0.025859
5.48	-0.02442
5.485	-0.021793
5.49	-0.017785
5.495	-0.012278
5.5	-0.0051853
5.505	0.002878
5.51	0.011255
5.515	0.019365
5.52	0.026101
5.525	0.030911
5.53	0.033759
5.535	0.035201
5.54	0.035767
5.545	0.035561
5.55	0.034086
5.555	0.031
5.56	0.026099
5.565	0.019625
5.57	0.011977
5.575	0.0041688
5.58	-0.0023309
5.585	-0.0061818
5.59	-0.0065845
5.595	-0.0036325
5.6	0.0021634
5.605	0.0095771
5.61	0.017473
5.615	0.024791
5.62	0.03067
5.625	0.034548
5.63	0.036272
5.635	0.036182
5.64	0.034983
5.645	0.033237
5.65	0.030964
5.655	0.027876
5.66	0.023478
5.665	0.017927
5.67	0.012041
5.675	0.0065032
5.68	0.0020661
5.685	-0.00098482
5.69	-0.0025676
5.695	-0.0028207
5.7	-0.0019945
5.705	-0.00056861
5.71	0.00098568
5.715	0.0022897
5.72	0.0030381
5.725	0.0031919
5.73	0.0025593
5.735	0.001327
5.74	0.00016897
5.745	-0.00037505
5.75	-0.00032606
5.755	0.00012993
5.76	0.0010723
5.765	0.0025476
5.77	0.0045295
5.775	0.006749
5.78	0.0089493
5.785	0.011088
5.79	0.012564
5.795	0.012925
5.8	0.012403
5.805	0.01126
5.81	0.0097789
5.815	0.008126
5.82	0.0063132
5.825	0.0045123
5.83	0.0029431
5.835	0.0018706
5.84	0.001423
5.845	0.0014189
5.85	0.0017335
5.855	0.0027336
5.86	0.0047361
5.865	0.0073488
5.87	0.0099064
5.875	0.011834
5.88	0.012753
5.885	0.012313
5.89	0.010408
5.895	0.007549
5.9	0.00429
5.905	0.0011416
5.91	-0.0017685
5.915	-0.0039382
5.92	-0.0049436
5.925	-0.0050562
5.93	-0.0050544
5.935	-0.0055587
5.94	-0.0062039
5.945	-0.0065016
5.95	-0.0065755
5.955	-0.0063825
5.96	-0.0055929
5.965	-0.004196
5.97	-0.0024993
5.975	-0.00080997
5.98	0.0006479
5.985	0.0015328
5.99	0.0014406
5.995	0.00034956
6	-0.0013029
6.005	-0.0030109
6.01	-0.0043726
6.015	-0.005207
6.02	-0.0057267
6.025	-0.0057632
6.03	-0.0051743
6.035	-0.003988
6.04	-0.0026274
6.045	-0.0017587
6.05	-0.0013687
6.055	-0.00077711
6.06	0.00033839
6.065	0.0016457
6.07	0.0026575
6.075	0.0030818
6.08	0.002867
6.085	0.0020243
6.09	0.00094167
6.095	0.00010849
6.1	-1.3889e-05
6.105	0.00085392
6.11	0.0025473
6.115	0.0048246
6.12	0.0073551
6.125	0.0094601
6.13	0.010468
6.135	0.0098952
6.14	0.0078455
6.145	0.0047719
6.15	0.0010268
6.155	-0.0033123
6.16	-0.0082448
6.165	-0.013432
6.17	-0.018229
6.175	-0.022348
6.18	-0.025764
6.185	-0.028359
6.19	-0.02968
6.195	-0.029435
6.2	-0.027844
6.205	-0.025131
6.21	-0.021628
6.215	-0.017315
6.22	-0.012234
6.225	-0.0067251
6.23	-0.0013249
6.235	0.0031542
6.24	0.0061414
6.245	0.0073319
6.25	0.0067639
6.255	0.0048743
6.26	0.0023171
6.265	-0.00010765
6.27	-0.0020555
6.275	-0.0033996
6.28	-0.0042158
6.285	-0.0047532
6.29	-0.0056253
6.295	-0.007378
6.3	-0.010089
6.305	-0.013288
6.31	-0.016163
6.315	-0.017957
6.32	-0.018449
6.325	-0.0179
6.33	-0.016826
6.335	-0.016002
6.34	-0.015871
6.345	-0.016429
6.35	-0.017469
6.355	-0.018897
6.36	-0.020447
6.365	-0.022096
6.37	-0.023742
6.375	-0.025086
6.38	-0.02597
6.385	-0.026299
6.39	-0.025951
6.395	-0.024772
6.4	-0.022476
6.405	-0.018805
6.41	-0.013838
6.415	-0.008023
6.42	-0.0021827
6.425	0.0027024
6.43	0.0059383
6.435	0.0073834
6.44	0.0077568
6.445	0.0078436
6.45	0.0080727
6.455	0.0085851
6.46	0.0091132
6.465	0.0093061
6.47	0.0089426
6.475	0.0080758
6.48	0.0068081
6.485	0.0052897
6.49	0.0036911
6.495	0.0021047
6.5	0.00055548
6.505	-0.0009906
6.51	-0.0026297
6.515	-0.0044985
6.52	-0.0065035
6.525	-0.0084878
6.53	-0.0099536
6.535	-0.01029
6.54	-0.009382
6.545	-0.0077151
6.55	-0.0057909
6.555	-0.0036712
6.56	-0.0014771
6.565	0.00083594
6.57	0.0031735
6.575	0.0055726
6.58	0.0078285
6.585	0.0098519
6.59	0.0119
6.595	0.013715
6.6	0.014993
6.605	0.015754
6.61	0.016035
6.615	0.015732
6.62	0.014897
6.625	0.013953
6.63	0.012881
6.635	0.01131
6.64	0.0090991
6.645	0.0063756
6.65	0.00364
6.655	0.0014762
6.66	0.00021037
6.665	-7.7177e-05
6.67	0.00061347
6.675	0.0018657
6.68	0.0028485
6.685	0.0031456
6.69	0.0029511
6.695	0.0025436
6.7	0.001725
6.705	0.00017417
6.71	-0.0020956
6.715	-0.0048571
6.72	-0.0077161
6.725	-0.010499
6.73	-0.012918
6.735	-0.014437
6.74	-0.015023
6.745	-0.014785
6.75	-0.013812
6.755	-0.01237
6.76	-0.010773
6.765	-0.0091276
6.77	-0.0070722
6.775	-0.0039092
6.78	0.00052489
6.785	0.0059155
6.79	0.01189
6.795	0.018046
6.8	0.023792
6.805	0.028471
6.81	0.032054
6.815	0.034632
6.82	0.036419
6.825	0.037598
6.83	0.038152
6.835	0.037891
6.84	0.036528
6.845	0.033984
6.85	0.03035
6.855	0.025656
6.86	0.02008
6.865	0.014246
6.87	0.0088931
6.875	0.0044306
6.88	0.00070215
6.885	-0.0030201
6.89	-0.0072295
6.895	-0.012223
6.9	-0.017928
6.905	-0.02364
6.91	-0.028743
6.915	-0.032882
6.92	-0.035688
6.925	-0.03706
6.93	-0.037101
6.935	-0.035991
6.94	-0.033846
6.945	-0.030974
6.95	-0.027819
6.955	-0.024664
6.96	-0.021521
6.965	-0.018254
6.97	-0.01506
6.975	-0.012247
6.98	-0.010045
6.985	-0.008623
6.99	-0.0080578
6.995	-0.0085217
7	-0.010057
7.005	-0.012275
7.01	-0.014418
7.015	-0.015651
7.02	-0.015564
7.025	-0.014094
7.03	-0.011202
7.035	-0.0067882
7.04	-0.00147
7.045	0.0038756
7.05	0.0082047
7.055	0.011069
7.06	0.012618
7.065	0.013214
7.07	0.013334
7.075	0.013387
7.08	0.013558
7.085	0.013947
7.09	0.014346
7.095	0.014347
7.1	0.013934
7.105	0.01307
7.11	0.011738
7.115	0.010099
7.12	0.00819
7.125	0.006025
7.13	0.0036958
7.135	0.0013424
7.14	-0.00074254
7.145	-0.002213
7.15	-0.0028624
7.155	-0.00272
7.16	-0.0021486
7.165	-0.00097452
7.17	0.0015093
7.175	0.0051707
7.18	0.0096752
7.185	0.014631
7.19	0.019645
7.195	0.023874
7.2	0.026593
7.205	0.027568
7.21	0.026587
7.215	0.023935
7.22	0.020204
7.225	0.016316
7.23	0.013101
7.235	0.010777
7.24	0.009549
7.245	0.0096852
7.25	0.010996
7.255	0.013217
7.26	0.016063
7.265	0.019174
7.27	0.022243
7.275	0.024885
7.28	0.027197
7.285	0.029078
7.29	0.030319
7.295	0.030903
7.3	0.03109
7.305	0.031495
7.31	0.032169
7.315	0.032671
7.32	0.032564
7.325	0.031564
7.33	0.029488
7.335	0.026502
7.34	0.022893
7.345	0.018747
7.35	0.013916
7.355	0.0081506
7.36	0.0017785
7.365	-0.0050362
7.37	-0.012111
7.375	-0.018783
7.38	-0.024464
7.385	-0.028966
7.39	-0.032158
7.395	-0.034304
7.4	-0.035363
7.405	-0.035269
7.41	-0.034237
7.415	-0.032449
7.42	-0.030001
7.425	-0.027177
7.43	-0.024076
7.435	-0.020694
7.44	-0.016927
7.445	-0.012615
7.45	-0.0078698
7.455	-0.0028329
7.46	0.0022795
7.465	0.0070676
7.47	0.011219
7.475	0.014096
7.48	0.015245
7.485	0.014865
7.49	0.01352
7.495	0.011886
7.5	0.010337
7.505	0.0087387
7.51	0.006764
7.515	0.0040892
7.52	0.00071789
7.525	-0.0031352
7.53	-0.0069056
7.535	-0.0098348
7.54	-0.011893
7.545	-0.013498
7.55	-0.014654
7.555	-0.015027
7.56	-0.014386
7.565	-0.012637
7.57	-0.010096
7.575	-0.0073727
7.58	-0.004748
7.585	-0.0024101
7.59	-0.00067676
7.595	0.00040898
7.6	0.0011687
7.605	0.0021088
7.61	0.0036701
7.615	0.0058913
7.62	0.0084293
7.625	0.010922
7.63	0.013069
7.635	0.014618
7.64	0.015548
7.645	0.015817
7.65	0.015242
7.655	0.01374
7.66	0.011351
7.665	0.0081505
7.67	0.0041915
7.675	-0.00052598
7.68	-0.0060051
7.685	-0.012071
7.69	-0.018197
7.695	-0.023597
7.7	-0.027601
7.705	-0.029938
7.71	-0.030842
7.715	-0.03097
7.72	-0.031096
7.725	-0.031538
7.73	-0.032189
7.735	-0.032777
7.74	-0.032999
7.745	-0.032533
7.75	-0.031073
7.755	-0.028415
7.76	-0.024408
7.765	-0.019142
7.77	-0.013161
7.775	-0.006906
7.78	-0.00069854
7.785	0.005154
7.79	0.010621
7.795	0.015498
7.8	0.019761
7.805	0.023478
7.81	0.026708
7.815	0.029764
7.82	0.032867
7.825	0.035907
7.83	0.038678
7.835	0.041276
7.84	0.043695
7.845	0.045713
7.85	0.047146
7.855	0.047701
7.86	0.047122
7.865	0.045283
7.87	0.042078
7.875	0.037556
7.88	0.031949
7.885	0.025354
7.89	0.017756
7.895	0.0092849
7.9	1.1557e-05
7.905	-0.0093387
7.91	-0.017705
7.915	-0.024693
7.92	-0.029919
7.925	-0.033144
7.93	-0.034748
7.935	-0.03519
7.94	-0.034702
7.945	-0.033542
7.95	-0.032029
7.955	-0.030266
7.96	-0.028264
7.965	-0.026365
7.97	-0.024819
7.975	-0.023469
7.98	-0.022217
7.985	-0.020989
7.99	-0.019784
7.995	-0.018734
8	-0.017914
8.005	-0.017535
8.01	-0.017637
8.015	-0.017938
8.02	-0.018435
8.025	-0.019049
8.03	-0.01943
8.035	-0.019294
8.04	-0.018494
8.045	-0.01722
8.05	-0.015466
8.055	-0.012986
8.06	-0.0097228
8.065	-0.0057514
8.07	-0.0014199
8.075	0.0028491
8.08	0.0070292
8.085	0.011184
8.09	0.015103
8.095	0.01861
8.1	0.021798
8.105	0.02485
8.11	0.02762
8.115	0.029951
8.12	0.031738
8.125	0.032685
8.13	0.032267
8.135	0.029763
8.14	0.025095
8.145	0.018719
8.15	0.011076
8.155	0.0026894
8.16	-0.0058284
8.165	-0.013424
8.17	-0.019249
8.175	-0.022929
8.18	-0.024566
8.185	-0.024454
8.19	-0.022555
8.195	-0.019159
8.2	-0.014646
8.205	-0.0094269
8.21	-0.0040417
8.215	0.00070715
8.22	0.0045676
8.225	0.0075763
8.23	0.0095707
8.235	0.010493
8.24	0.010711
8.245	0.010904
8.25	0.011466
8.255	0.01218
8.26	0.012852
8.265	0.013472
8.27	0.013905
8.275	0.01406
8.28	0.014024
8.285	0.013886
8.29	0.013415
8.295	0.012705
8.3	0.011774
8.305	0.010542
8.31	0.0092643
8.315	0.0082182
8.32	0.0074224
8.325	0.0067274
8.33	0.005991
8.335	0.0051065
8.34	0.003729
8.345	0.0016541
8.35	-0.0011041
8.355	-0.0044964
8.36	-0.0083324
8.365	-0.012284
8.37	-0.01594
8.375	-0.018908
8.38	-0.020793
8.385	-0.021292
8.39	-0.020504
8.395	-0.01905
8.4	-0.01782
8.405	-0.016947
8.41	-0.016061
8.415	-0.015234
8.42	-0.014534
8.425	-0.013804
8.43	-0.01281
8.435	-0.011609
8.44	-0.010247
8.445	-0.0085562
8.45	-0.0065635
8.455	-0.0041118
8.46	-0.0013533
8.465	0.0014112
8.47	0.0041381
8.475	0.0066847
8.48	0.008816
8.485	0.010535
8.49	0.012063
8.495	0.013664
8.5	0.015532
8.505	0.017509
8.51	0.019219
8.515	0.020192
8.52	0.020271
8.525	0.019516
8.53	0.018319
8.535	0.016903
8.54	0.015153
8.545	0.012957
8.55	0.010264
8.555	0.0071831
8.56	0.0039551
8.565	0.00083343
8.57	-0.0018798
8.575	-0.0038566
8.58	-0.0048346
8.585	-0.0049341
8.59	-0.0044525
8.595	-0.0037267
8.6	-0.0029902
8.605	-0.0024987
8.61	-0.0027955
8.615	-0.0040798
8.62	-0.0061275
8.625	-0.0084506
8.63	-0.010519
8.635	-0.012153
8.64	-0.013349
8.645	-0.01372
8.65	-0.01295
8.655	-0.011199
8.66	-0.0090662
8.665	-0.0068467
8.67	-0.0044432
8.675	-0.0019792
8.68	0.00019941
8.685	0.0019638
8.69	0.0033528
8.695	0.0042716
8.7	0.0049567
8.705	0.0058504
8.71	0.0070327
8.715	0.0086435
8.72	0.011092
8.725	0.014347
8.73	0.018023
8.735	0.021602
8.74	0.024854
8.745	0.027786
8.75	0.030312
8.755	0.032236
8.76	0.033298
8.765	0.033247
8.77	0.032171
8.775	0.030431
8.78	0.028149
8.785	0.025297
8.79	0.022077
8.795	0.018467
8.8	0.01481
8.805	0.011408
8.81	0.0082705
8.815	0.0053182
8.82	0.0026928
8.825	0.00067905
8.83	-0.00041286
8.835	-0.00053174
8.84	-0.00020021
8.845	0.00022449
8.85	0.00078321
8.855	0.0013271
8.86	0.0018794
8.865	0.0024426
8.87	0.0029173
8.875	0.0032313
8.88	0.0029985
8.885	0.0019824
8.89	0.00040246
8.895	-0.0013462
8.9	-0.003162
8.905	-0.0051186
8.91	-0.0067795
8.915	-0.0078909
8.92	-0.0085242
8.925	-0.0087912
8.93	-0.0089561
8.935	-0.0094657
8.94	-0.010607
8.945	-0.012321
8.95	-0.014451
8.955	-0.016687
8.96	-0.018653
8.965	-0.020271
8.97	-0.021703
8.975	-0.022871
8.98	-0.023268
8.985	-0.022677
8.99	-0.021258
8.995	-0.01949
9	-0.017667
9.005	-0.015863
9.01	-0.014305
9.015	-0.013197
9.02	-0.012687
9.025	-0.012898
9.03	-0.013625
9.035	-0.01451
9.04	-0.015306
9.045	-0.015855
9.05	-0.016066
9.055	-0.016036
9.06	-0.01569
9.065	-0.014731
9.07	-0.012862
9.075	-0.010083
9.08	-0.0071025
9.085	-0.0044703
9.09	-0.0023613
9.095	-0.00095522
9.1	-0.00036437
9.105	-0.0003147
9.11	-0.00040287
9.115	-0.00038282
9.12	-0.00012117
9.125	0.0004827
9.13	0.0014488
9.135	0.0027614
9.14	0.0042958
9.145	0.0058784
9.15	0.0071483
9.155	0.0074786
9.16	0.006606
9.165	0.0050891
9.17	0.0037374
9.175	0.0027752
9.18	0.0020868
9.185	0.0018595
9.19	0.0022701
9.195	0.0034748
9.2	0.0054739
9.205	0.0078652
9.21	0.010321
9.215	0.012642
9.22	0.014767
9.225	0.016441
9.23	0.017565
9.235	0.017911
9.24	0.017341
9.245	0.015861
9.25	0.013445
9.255	0.010125
9.26	0.0062984
9.265	0.0027147
9.27	3.7586e-05
9.275	-0.0017009
9.28	-0.0028469
9.285	-0.0037137
9.29	-0.0044195
9.295	-0.0052085
9.3	-0.0064433
9.305	-0.0083729
9.31	-0.010723
9.315	-0.012838
9.32	-0.014255
9.325	-0.014662
9.33	-0.013978
9.335	-0.012501
9.34	-0.010492
9.345	-0.0082686
9.35	-0.0060075
9.355	-0.0038292
9.36	-0.0020671
9.365	-0.00070031
9.37	0.00061001
9.375	0.0019081
9.38	0.0029041
9.385	0.003637
9.39	0.0042258
9.395	0.0045541
9.4	0.0046131
9.405	0.0045306
9.41	0.004457
9.415	0.004478
9.42	0.0045325
9.425	0.0042338
9.43	0.0032406
9.435	0.0016556
9.44	-0.00034152
9.445	-0.0027822
9.45	-0.0056771
9.455	-0.0088531
9.46	-0.012069
9.465	-0.015018
9.47	-0.017444
9.475	-0.019607
9.48	-0.021751
9.485	-0.023592
9.49	-0.024889
9.495	-0.025754
9.5	-0.026444
9.505	-0.027001
9.51	-0.027346
9.515	-0.027653
9.52	-0.028169
9.525	-0.028749
9.53	-0.029217
9.535	-0.029337
9.54	-0.029246
9.545	-0.028984
9.55	-0.028369
9.555	-0.027055
9.56	-0.024942
9.565	-0.022174
9.57	-0.018977
9.575	-0.015368
9.58	-0.011807
9.585	-0.0086448
9.59	-0.0057779
9.595	-0.0033277
9.6	-0.0013645
9.605	0.00048627
9.61	0.0025615
9.615	0.0047791
9.62	0.007231
9.625	0.010012
9.63	0.012719
9.635	0.015306
9.64	0.018062
9.645	0.021028
9.65	0.023734
9.655	0.025817
9.66	0.027366
9.665	0.028531
9.67	0.02947
9.675	0.030452
9.68	0.031309
9.685	0.031663
9.69	0.03115
9.695	0.029738
9.7	0.027462
9.705	0.024434
9.71	0.020674
9.715	0.016265
9.72	0.011534
9.725	0.0069993
9.73	0.0031494
9.735	0.00013573
9.74	-0.0023817
9.745	-0.0043788
9.75	-0.0056745
9.755	-0.0062988
9.76	-0.0066003
9.765	-0.0066608
9.77	-0.0065407
9.775	-0.006379
9.78	-0.0060684
9.785	-0.0055062
9.79	-0.0048785
9.795	-0.0042597
9.8	-0.003661
9.805	-0.0032476
9.81	-0.0031029
9.815	-0.0032014
9.82	-0.003466
9.825	-0.0035443
9.83	-0.0033818
9.835	-0.0031088
9.84	-0.0026832
9.845	-0.0020609
9.85	-0.0013534
9.855	-0.00078616
9.86	-0.00035774
9.865	-8.1924e-05
9.87	3.1392e-05
9.875	0.00010253
9.88	0.00041095
9.885	0.001237
9.89	0.0028857
9.895	0.0049928
9.9	0.0070783
9.905	0.0091811
9.91	0.011184
9.915	0.012936
9.92	0.014377
9.925	0.015338
9.93	0.015967
9.935	0.016456
9.94	0.016586
9.945	0.016129
9.95	0.015038
9.955	0.013511
9.96	0.011855
9.965	0.010328
9.97	0.0091549
9.975	0.0083947
9.98	0.0080457
9.985	0.0080595
9.99	0.0085565
9.995	0.0097227
10	0.011147
10.005	0.012375
10.01	0.013466
10.015	0.014555
10.02	0.015372
10.025	0.01584
10.03	0.01636
10.035	0.017049
10.04	0.017936
10.045	0.018693
10.05	0.019009
10.055	0.018761
10.06	0.017805
10.065	0.016204
10.07	0.014122
10.075	0.011899
10.08	0.0099209
10.085	0.0082663
10.09	0.0066775
10.095	0.0049662
10.1	0.003501
10.105	0.00253
10.11	0.0018045
10.115	0.00133
10.12	0.0011552
10.125	0.001364
10.13	0.0020236
10.135	0.0026937
10.14	0.0030298
10.145	0.003144
10.15	0.0034266
10.155	0.0038881
10.16	0.0042027
10.165	0.004425
10.17	0.0046686
10.175	0.0051178
10.18	0.0057231
10.185	0.0061713
10.19	0.0062251
10.195	0.005875
10.2	0.0053773
10.205	0.0048077
10.21	0.0041509
10.215	0.0034097
10.22	0.0026006
10.225	0.0016531
10.23	0.00038624
10.235	-0.0011963
10.24	-0.0029075
10.245	-0.0045815
10.25	-0.006164
10.255	-0.0077638
10.26	-0.0094526
10.265	-0.010992
10.27	-0.012393
10.275	-0.013627
10.28	-0.014383
10.285	-0.014513
10.29	-0.013973
10.295	-0.012903
10.3	-0.011649
10.305	-0.010236
10.31	-0.0086338
10.315	-0.0071135
10.32	-0.0057978
10.325	-0.0049411
10.33	-0.0047965
10.335	-0.0051597
10.34	-0.0057978
10.345	-0.0065356
10.35	-0.0072707
10.355	-0.00789
10.36	-0.008229
10.365	-0.0083853
10.37	-0.0086155
10.375	-0.008879
10.38	-0.0090493
10.385	-0.0090057
10.39	-0.008687
10.395	-0.0081697
10.4	-0.0074543
10.405	-0.0067824
10.41	-0.0061595
10.415	-0.0054878
10.42	-0.0048981
10.425	-0.0047174
10.43	-0.004855
10.435	-0.0050375
10.44	-0.005112
10.445	-0.0050859
10.45	-0.0050415
10.455	-0.0051207
10.46	-0.0055107
10.465	-0.0061216
10.47	-0.0067722
10.475	-0.0076772
10.48	-0.0089648
10.485	-0.010354
10.49	-0.011432
10.495	-0.012247
10.5	-0.012643
10.505	-0.012447
10.51	-0.011794
10.515	-0.010964
10.52	-0.01007
10.525	-0.0089391
10.53	-0.0073134
10.535	-0.0049903
10.54	-0.0022839
10.545	0.00037681
10.55	0.0027195
10.555	0.004622
10.56	0.0061165
10.565	0.0073295
10.57	0.0083975
10.575	0.0091068
10.58	0.0092795
10.585	0.0088746
10.59	0.0079925
10.595	0.0066411
10.6	0.0047707
10.605	0.0025976
10.61	0.00046325
10.615	-0.0016277
10.62	-0.0037356
10.625	-0.0058883
10.63	-0.0081928
10.635	-0.010372
10.64	-0.012296
10.645	-0.014041
10.65	-0.015435
10.655	-0.016448
10.66	-0.017148
10.665	-0.017508
10.67	-0.017501
10.675	-0.017212
10.68	-0.01693
10.685	-0.016723
10.69	-0.016478
10.695	-0.016131
10.7	-0.015565
10.705	-0.014792
10.71	-0.013919
10.715	-0.01293
10.72	-0.011706
10.725	-0.010491
10.73	-0.0096429
10.735	-0.0090334
10.74	-0.0082491
10.745	-0.0067612
10.75	-0.0045022
10.755	-0.0019091
10.76	0.00064367
10.765	0.0027464
10.77	0.0043627
10.775	0.0056412
10.78	0.006652
10.785	0.0073805
10.79	0.0077444
10.795	0.0077215
10.8	0.0075335
10.805	0.0075573
10.81	0.0077527
10.815	0.0079273
10.82	0.0078686
10.825	0.0073944
10.83	0.0065782
10.835	0.0056129
10.84	0.0044272
10.845	0.0027326
10.85	0.00077473
10.855	-0.00093067
10.86	-0.0022308
10.865	-0.0031588
10.87	-0.0038853
10.875	-0.0044754
10.88	-0.0048436
10.885	-0.0050992
10.89	-0.0053958
10.895	-0.0056332
10.9	-0.005619
10.905	-0.0053062
10.91	-0.0048331
10.915	-0.0041915
10.92	-0.0032352
10.925	-0.0018395
10.93	-0.00017714
10.935	0.0014885
10.94	0.002878
10.945	0.0038647
10.95	0.004588
10.955	0.005281
10.96	0.0062266
10.965	0.0075791
10.97	0.0092116
10.975	0.010875
10.98	0.012274
10.985	0.013239
10.99	0.01375
10.995	0.01389
11	0.013841
11.005	0.013621
11.01	0.013168
11.015	0.012633
11.02	0.012009
11.025	0.011319
11.03	0.010573
11.035	0.009803
11.04	0.0089625
11.045	0.0078072
11.05	0.0062915
11.055	0.0044514
11.06	0.0024599
11.065	0.00051806
11.07	-0.00097726
11.075	-0.0016568
11.08	-0.0016932
11.085	-0.0014873
11.09	-0.0010849
11.095	-0.00051632
11.1	0.00020017
11.105	0.0011031
11.11	0.0020239
11.115	0.0027261
11.12	0.0032186
11.125	0.0037469
11.13	0.0044523
11.135	0.0053017
11.14	0.0061889
11.145	0.0070145
11.15	0.0076112
11.155	0.0078627
11.16	0.007862
11.165	0.0077879
11.17	0.0077541
11.175	0.0077787
11.18	0.0077461
11.185	0.0072828
11.19	0.0064978
11.195	0.0054902
11.2	0.0042672
11.205	0.0032419
11.21	0.0025783
11.215	0.002081
11.22	0.0017414
11.225	0.0017338
11.23	0.0017835
11.235	0.0016707
11.24	0.0014819
11.245	0.0013147
11.25	0.0010878
11.255	0.00097274
11.26	0.00089714
11.265	0.0007654
11.27	0.00065311
11.275	0.00061372
11.28	0.00063633
11.285	0.00070205
11.29	0.00093797
11.295	0.0012668
11.3	0.0015154
11.305	0.0018076
11.31	0.0022906
11.315	0.002771
11.32	0.0030725
11.325	0.0034393
11.33	0.00354
11.335	0.003228
11.34	0.0028542
11.345	0.0026658
11.35	0.0025347
11.355	0.0025699
11.36	0.0028979
11.365	0.0036548
11.37	0.0046821
11.375	0.0057365
11.38	0.0067528
11.385	0.0074582
11.39	0.0077002
11.395	0.0075128
11.4	0.0067632
11.405	0.0054603
11.41	0.0037943
11.415	0.0018381
11.42	-0.0002917
11.425	-0.0022855
11.43	-0.0039271
11.435	-0.0051199
11.44	-0.0059083
11.445	-0.0063888
11.45	-0.0068458
11.455	-0.0074392
11.46	-0.0080233
11.465	-0.0085267
11.47	-0.0089009
11.475	-0.0091684
11.48	-0.009159
11.485	-0.0088701
11.49	-0.0083889
11.495	-0.0078439
11.5	-0.0071446
11.505	-0.0063887
11.51	-0.0055653
11.515	-0.004852
11.52	-0.0043766
11.525	-0.0042023
11.53	-0.0039322
11.535	-0.0035262
11.54	-0.0032296
11.545	-0.0032154
11.55	-0.0036159
11.555	-0.004455
11.56	-0.0056757
11.565	-0.0069031
11.57	-0.0077851
11.575	-0.008247
11.58	-0.0086273
11.585	-0.0091285
11.59	-0.0095791
11.595	-0.0098167
11.6	-0.0098482
11.605	-0.0096956
11.61	-0.0093488
11.615	-0.0089315
11.62	-0.0084784
11.625	-0.0079671
11.63	-0.0072497
11.635	-0.0064399
11.64	-0.005562
11.645	-0.0047306
11.65	-0.0037431
11.655	-0.0027093
11.66	-0.0022046
11.665	-0.0023577
11.67	-0.0029274
11.675	-0.0035854
11.68	-0.0043001
11.685	-0.0049023
11.69	-0.0054381
11.695	-0.0060439
11.7	-0.0067715
11.705	-0.007569
11.71	-0.008275
11.715	-0.0086588
11.72	-0.0087028
11.725	-0.008489
11.73	-0.0079952
11.735	-0.007181
11.74	-0.0059931
11.745	-0.004531
11.75	-0.002973
11.755	-0.0015301
11.76	-0.00034294
11.765	0.00061645
11.77	0.0011713
11.775	0.00131
11.78	0.0012241
11.785	0.00093475
11.79	0.00031866
11.795	-0.00029515
11.8	-0.00061944
11.805	-0.00066248
11.81	-0.00060421
11.815	-0.00048687
11.82	-0.00015976
11.825	0.00034977
11.83	0.00084773
11.835	0.0013904
11.84	0.0020774
11.845	0.0029021
11.85	0.0036989
11.855	0.0042069
11.86	0.0043672
11.865	0.0041651
11.87	0.0035604
11.875	0.0028057
11.88	0.0020058
11.885	0.0012828
11.89	0.00038464
11.895	-0.00069133
11.9	-0.0014791
11.905	-0.0019299
11.91	-0.0024248
11.915	-0.002893
11.92	-0.003248
11.925	-0.0037
11.93	-0.0043033
11.935	-0.0048059
11.94	-0.0051261
11.945	-0.0054075
11.95	-0.0055463
11.955	-0.005467
11.96	-0.005381
11.965	-0.0053142
11.97	-0.0053271
11.975	-0.0052381
11.98	-0.0050576
11.985	-0.0047316
11.99	-0.0041061
11.995	-0.0033398
12	-0.0025027
12.005	-0.0017283
12.01	-0.00077322
12.015	0.00044876
12.02	0.0016631
12.025	0.0027653
12.03	0.0038773
12.035	0.0049232
12.04	0.0057394
12.045	0.0062435
12.05	0.0066656
12.055	0.0070512
12.06	0.0072209
12.065	0.0074268
12.07	0.0079035
12.075	0.0085397
12.08	0.0090709
12.085	0.0094591
12.09	0.0097393
12.095	0.010041
12.1	0.010299
12.105	0.010529
12.11	0.010949
12.115	0.011733
12.12	0.012884
12.125	0.01409
12.13	0.015198
12.135	0.01631
12.14	0.017379
12.145	0.018331
12.15	0.01899
12.155	0.019123
12.16	0.018938
12.165	0.018643
12.17	0.018321
12.175	0.01813
12.18	0.018205
12.185	0.018519
12.19	0.018818
12.195	0.01906
12.2	0.019315
12.205	0.019376
12.21	0.019135
12.215	0.018822
12.22	0.018521
12.225	0.018083
12.23	0.017539
12.235	0.016921
12.24	0.016188
12.245	0.015433
12.25	0.014685
12.255	0.014189
12.26	0.013765
12.265	0.012897
12.27	0.011456
12.275	0.0097159
12.28	0.0079789
12.285	0.0063663
12.29	0.004734
12.295	0.0029502
12.3	0.0012819
12.305	4.4196e-05
12.31	-0.00077347
12.315	-0.0012661
12.32	-0.0012414
12.325	-0.00067326
12.33	3.5211e-05
12.335	0.00070057
12.34	0.0012132
12.345	0.0014445
12.35	0.0014402
12.355	0.0012282
12.36	0.00061833
12.365	-0.00040838
12.37	-0.001637
12.375	-0.002993
12.38	-0.0043157
12.385	-0.0053775
12.39	-0.0060733
12.395	-0.006484
12.4	-0.0068175
12.405	-0.0070882
12.41	-0.007382
12.415	-0.0077879
12.42	-0.0082944
12.425	-0.0089957
12.43	-0.0099657
12.435	-0.01098
12.44	-0.011887
12.445	-0.012612
12.45	-0.012996
12.455	-0.013194
12.46	-0.013245
12.465	-0.013113
12.47	-0.012947
12.475	-0.012817
12.48	-0.012414
12.485	-0.011439
12.49	-0.010252
12.495	-0.0092009
12.5	-0.0083987
12.505	-0.0077279
12.51	-0.0071042
12.515	-0.0067186
12.52	-0.0067821
12.525	-0.0073
12.53	-0.0078813
12.535	-0.0080196
12.54	-0.0076988
12.545	-0.0073035
12.55	-0.0071045
12.555	-0.0070987
12.56	-0.0070226
12.565	-0.0067685
12.57	-0.0065126
12.575	-0.0063945
12.58	-0.0064358
12.585	-0.0066952
12.59	-0.007107
12.595	-0.0075654
12.6	-0.0079397
12.605	-0.0079264
12.61	-0.0074176
12.615	-0.0067233
12.62	-0.0059998
12.625	-0.0053299
12.63	-0.004781
12.635	-0.0042335
12.64	-0.0037179
12.645	-0.003256
12.65	-0.0028617
12.655	-0.0025994
12.66	-0.0023421
12.665	-0.0022126
12.67	-0.0022379
12.675	-0.0020948
12.68	-0.0017646
12.685	-0.0014324
12.69	-0.0010678
12.695	-0.00073442
12.7	-0.00056268
12.705	-0.00058286
12.71	-0.00086203
12.715	-0.001243
12.72	-0.0015158
12.725	-0.0018155
12.73	-0.0023132
12.735	-0.0028172
12.74	-0.0030794
12.745	-0.0031658
12.75	-0.0035358
12.755	-0.0041457
12.76	-0.0046522
12.765	-0.0052206
12.77	-0.005837
12.775	-0.0063688
12.78	-0.0065742
12.785	-0.0066206
12.79	-0.006726
12.795	-0.0068372
12.8	-0.0067281
12.805	-0.0064498
12.81	-0.0062317
12.815	-0.0061738
12.82	-0.0062268
12.825	-0.0062972
12.83	-0.0063976
12.835	-0.0068481
12.84	-0.0075889
12.845	-0.0085878
12.85	-0.0098606
12.855	-0.01102
12.86	-0.012055
12.865	-0.013049
12.87	-0.013971
12.875	-0.01481
12.88	-0.015527
12.885	-0.015956
12.89	-0.016068
12.895	-0.016019
12.9	-0.015953
12.905	-0.015887
12.91	-0.015679
12.915	-0.015401
12.92	-0.015149
12.925	-0.014836
12.93	-0.014527
12.935	-0.014334
12.94	-0.014142
12.945	-0.013566
12.95	-0.012608
12.955	-0.011507
12.96	-0.010286
12.965	-0.0088971
12.97	-0.0073759
12.975	-0.0058117
12.98	-0.0043117
12.985	-0.0029547
12.99	-0.001534
12.995	-0.00016743
13	0.0009218
13.005	0.0017363
13.01	0.0023686
13.015	0.002764
13.02	0.0029047
13.025	0.002895
13.03	0.0028682
13.035	0.0030104
13.04	0.0035789
13.045	0.0043447
13.05	0.0050331
13.055	0.0054953
13.06	0.0058417
13.065	0.0061122
13.07	0.0062707
13.075	0.0063284
13.08	0.0063284
13.085	0.0063039
13.09	0.0061816
13.095	0.0058524
13.1	0.0054039
13.105	0.0049169
13.11	0.0046613
13.115	0.0047377
13.12	0.0048776
13.125	0.0050797
13.13	0.0053506
13.135	0.0057192
13.14	0.0060348
13.145	0.0063704
13.15	0.0071358
13.155	0.0082729
13.16	0.0091618
13.165	0.0095603
13.17	0.0097334
13.175	0.0099171
13.18	0.010165
13.185	0.010204
13.19	0.0099635
13.195	0.0095124
13.2	0.0091325
13.205	0.008981
13.21	0.0089132
13.215	0.0086103
13.22	0.008066
13.225	0.0076051
13.23	0.0074258
13.235	0.0074766
13.24	0.0076004
13.245	0.0077598
13.25	0.0079549
13.255	0.0080361
13.26	0.0081572
13.265	0.0083134
13.27	0.0083352
13.275	0.0080891
13.28	0.0077689
13.285	0.0074084
13.29	0.0068283
13.295	0.0061962
13.3	0.0055639
13.305	0.0049697
13.31	0.0044156
13.315	0.0037317
13.32	0.0030681
13.325	0.002615
13.33	0.0025985
13.335	0.0028394
13.34	0.0030473
13.345	0.0031005
13.35	0.0030457
13.355	0.0029815
13.36	0.0029585
13.365	0.0029683
13.37	0.0030806
13.375	0.0034746
13.38	0.0040782
13.385	0.0046275
13.39	0.0051565
13.395	0.0057858
13.4	0.006537
13.405	0.0072658
13.41	0.0077169
13.415	0.0079237
13.42	0.0080537
13.425	0.0079916
13.43	0.0077271
13.435	0.0072341
13.44	0.0066207
13.445	0.0060044
13.45	0.0052801
13.455	0.0045131
13.46	0.0036739
13.465	0.0030321
13.47	0.0026623
13.475	0.0023492
13.48	0.0019854
13.485	0.0015282
13.49	0.0011545
13.495	0.0009917
13.5	0.00099882
13.505	0.0010622
13.51	0.0011002
13.515	0.0010865
13.52	0.00087745
13.525	0.00031121
13.53	-0.00025702
13.535	-0.00068941
13.54	-0.001204
13.545	-0.001827
13.55	-0.002617
13.555	-0.0034344
13.56	-0.0042799
13.565	-0.0048976
13.57	-0.0051436
13.575	-0.0049473
13.58	-0.0043065
13.585	-0.0036976
13.59	-0.0034511
13.595	-0.0034215
13.6	-0.0031928
13.605	-0.0027528
13.61	-0.0024364
13.615	-0.0021967
13.62	-0.001926
13.625	-0.0014388
13.63	-0.00069171
13.635	0.00020436
13.64	0.0011924
13.645	0.0022117
13.65	0.0028961
13.655	0.0030072
13.66	0.0025316
13.665	0.0017874
13.67	0.0011749
13.675	0.00067328
13.68	0.00010468
13.685	-0.00061972
13.69	-0.0015399
13.695	-0.0025887
13.7	-0.0035247
13.705	-0.0045358
13.71	-0.0056469
13.715	-0.006532
13.72	-0.0071897
13.725	-0.0077206
13.73	-0.0080585
13.735	-0.0081878
13.74	-0.0081918
13.745	-0.0080813
13.75	-0.0077275
13.755	-0.0071854
13.76	-0.0067562
13.765	-0.0065043
13.77	-0.0061614
13.775	-0.0056443
13.78	-0.0052019
13.785	-0.0050043
13.79	-0.0050089
13.795	-0.0050762
13.8	-0.0051002
13.805	-0.0049705
13.81	-0.004521
13.815	-0.0037732
13.82	-0.0029098
13.825	-0.0019789
13.83	-0.00081004
13.835	0.0006278
13.84	0.0020434
13.845	0.0030932
13.85	0.003976
13.855	0.0048377
13.86	0.0056051
13.865	0.0060806
13.87	0.0064274
13.875	0.0069954
13.88	0.007576
13.885	0.0079077
13.89	0.0080658
13.895	0.008371
13.9	0.0088941
13.905	0.0093488
13.91	0.0095413
13.915	0.0095165
13.92	0.0094294
13.925	0.0093908
13.93	0.0093155
13.935	0.0089569
13.94	0.0081788
13.945	0.0071106
13.95	0.0061266
13.955	0.0052979
13.96	0.0048166
13.965	0.0046084
13.97	0.0042907
13.975	0.0037422
13.98	0.0032495
13.985	0.0030337
13.99	0.0030678
13.995	0.0031813
14	0.0032405
14.005	0.0032172
14.01	0.0031479
14.015	0.0029088
14.02	0.002315
14.025	0.0017119
14.03	0.0014229
14.035	0.0015239
14.04	0.001841
14.045	0.0019323
14.05	0.0017542
14.055	0.0013425
14.06	0.00065245
14.065	4.0913e-05
14.07	-0.0004115
14.075	-0.00097719
14.08	-0.0014973
14.085	-0.0017723
14.09	-0.0018136
14.095	-0.0017489
14.1	-0.0015985
14.105	-0.001221
14.11	-0.00084342
14.115	-0.00097083
14.12	-0.0013187
14.125	-0.0014543
14.13	-0.0014901
14.135	-0.0015115
14.14	-0.0015147
14.145	-0.0014072
14.15	-0.0010214
14.155	-0.00061924
14.16	-0.00075178
14.165	-0.0012301
14.17	-0.0016228
14.175	-0.0017442
14.18	-0.0016779
14.185	-0.0015849
14.19	-0.0015574
14.195	-0.0016034
14.2	-0.0016823
14.205	-0.0017459
14.21	-0.0017559
14.215	-0.001731
14.22	-0.0017049
14.225	-0.001679
14.23	-0.0016637
14.235	-0.0017436
14.24	-0.0019357
14.245	-0.0020336
14.25	-0.0020552
14.255	-0.0019048
14.26	-0.0016805
14.265	-0.0015192
14.27	-0.0014668
14.275	-0.0014895
14.28	-0.0015296
14.285	-0.0015349
14.29	-0.0015098
14.295	-0.0014835
14.3	-0.0014734
14.305	-0.0014774
14.31	-0.0014827
14.315	-0.0014685
14.32	-0.001258
14.325	-0.00065754
14.33	-2.7526e-05
14.335	0.00029165
14.34	0.00029442
14.345	0.00016461
14.35	-0.00010302
14.355	-0.00069
14.36	-0.0014591
14.365	-0.0023308
14.37	-0.0030593
14.375	-0.0036743
14.38	-0.004237
14.385	-0.0046162
14.39	-0.0046659
14.395	-0.0042811
14.4	-0.0036464
14.405	-0.0030798
14.41	-0.0025671
14.415	-0.0020624
14.42	-0.0016189
14.425	-0.0011107
14.43	-0.00052437
14.435	-8.9714e-07
14.44	0.00046645
14.445	0.00089465
14.45	0.0012966
14.455	0.0015572
14.46	0.0016538
14.465	0.0016638
14.47	0.0016601
14.475	0.0016679
14.48	0.0016894
14.485	0.0017243
14.49	0.0017563
14.495	0.0017845
14.5	0.0019307
14.505	0.0023684
14.51	0.0029512
14.515	0.0033386
14.52	0.0034174
14.525	0.0033134
14.53	0.0032001
14.535	0.003163
14.54	0.003188
14.545	0.003199
14.55	0.0029346
14.555	0.002267
14.56	0.0013886
14.565	0.00035136
14.57	-0.00065564
14.575	-0.0016378
14.58	-0.0027052
14.585	-0.0038453
14.59	-0.0050239
14.595	-0.0059639
14.6	-0.0066419
14.605	-0.007276
14.61	-0.007846
14.615	-0.0084318
14.62	-0.0088778
14.625	-0.0089117
14.63	-0.0086924
14.635	-0.0085002
14.64	-0.0084477
14.645	-0.0083539
14.65	-0.0078555
14.655	-0.0070932
14.66	-0.0065593
14.665	-0.0062646
14.67	-0.006025
14.675	-0.0055499
14.68	-0.0046598
14.685	-0.0033274
14.69	-0.0018487
14.695	-0.00064173
14.7	7.6634e-05
14.705	0.00030539
14.71	0.00025927
14.715	0.000182
14.72	0.00018734
14.725	0.00025678
14.73	0.00032071
14.735	0.00033613
14.74	0.00032751
14.745	0.00054812
14.75	0.001153
14.755	0.0019626
14.76	0.002824
14.765	0.0036036
14.77	0.0043316
14.775	0.004798
14.78	0.0050667
14.785	0.0054282
14.79	0.0056789
14.795	0.0054482
14.8	0.0050075
14.805	0.004592
14.81	0.0041353
14.815	0.0036595
14.82	0.0031342
14.825	0.002483
14.83	0.0018697
14.835	0.0012748
14.84	0.00075115
14.845	0.00047443
14.85	0.00046023
14.855	0.00056557
14.86	0.0006425
14.865	0.00054115
14.87	0.00022627
14.875	-0.00017954
14.88	-0.00057477
14.885	-0.0007962
14.89	-0.00095689
14.895	-0.0013377
14.9	-0.001894
14.905	-0.0023069
14.91	-0.0024326
14.915	-0.0023724
14.92	-0.0022663
14.925	-0.0019817
14.93	-0.0014017
14.935	-0.00090441
14.94	-0.00096539
14.945	-0.0016428
14.95	-0.0023367
14.955	-0.0026312
14.96	-0.0025641
14.965	-0.0024852
14.97	-0.0025404
14.975	-0.0025231
14.98	-0.0025342
14.985	-0.002627
14.99	-0.0027078
14.995	-0.0028846
15	-0.0030935
15.005	-0.0033527
15.01	-0.0037058
15.015	-0.0039899
15.02	-0.0041309
15.025	-0.0043806
15.03	-0.0048221
15.035	-0.0050414
15.04	-0.004854
15.045	-0.0042633
15.05	-0.0035624
15.055	-0.003023
15.06	-0.0026484
15.065	-0.0023402
15.07	-0.0018724
15.075	-0.0012927
15.08	-0.00088091
15.085	-0.00074498
15.09	-0.00078584
15.095	-0.00085354
15.1	-0.00090694
15.105	-0.0012195
15.11	-0.0018136
15.115	-0.0023469
15.12	-0.0028862
15.125	-0.0035268
15.13	-0.0042997
15.135	-0.0050911
15.14	-0.0055831
15.145	-0.0057188
15.15	-0.005714
15.155	-0.0060282
15.16	-0.0067302
15.165	-0.0075025
15.17	-0.0080844
15.175	-0.0084589
15.18	-0.0087127
15.185	-0.0088135
15.19	-0.0086328
15.195	-0.0081119
15.2	-0.0075197
15.205	-0.0071631
15.21	-0.0069336
15.215	-0.0065501
15.22	-0.0060464
15.225	-0.0055214
15.23	-0.0049162
15.235	-0.0042026
15.24	-0.0033971
15.245	-0.0024418
15.25	-0.0014928
15.255	-0.0006326
15.26	0.00013591
15.265	0.00088896
15.27	0.0016086
15.275	0.002071
15.28	0.0023629
15.285	0.0026136
15.29	0.0027711
15.295	0.0026996
15.3	0.0025495
15.305	0.0024382
15.31	0.0023169
15.315	0.0022484
15.32	0.0022594
15.325	0.0023168
15.33	0.00238
15.335	0.0024496
15.34	0.0026366
15.345	0.0028023
15.35	0.0027566
15.355	0.0026059
15.36	0.0025003
15.365	0.0024877
15.37	0.0025516
15.375	0.0027898
15.38	0.0032929
15.385	0.0038404
15.39	0.0041422
15.395	0.0042031
15.4	0.0044453
15.405	0.0050396
15.41	0.0058888
15.415	0.0067711
15.42	0.0075681
15.425	0.0082653
15.43	0.0089772
15.435	0.0098587
15.44	0.010788
15.445	0.011483
15.45	0.011769
15.455	0.011754
15.46	0.011658
15.465	0.011604
15.47	0.011452
15.475	0.011026
15.48	0.010455
15.485	0.0097729
15.49	0.0090484
15.495	0.0083992
15.5	0.0077961
15.505	0.0073536
15.51	0.0071356
15.515	0.0068772
15.52	0.0063344
15.525	0.0055937
15.53	0.0051659
15.535	0.0051864
15.54	0.0052449
15.545	0.0052945
15.55	0.0053907
15.555	0.0054653
15.56	0.0054862
15.565	0.0055057
15.57	0.0057422
15.575	0.0062864
15.58	0.0068382
15.585	0.0071001
15.59	0.0070067
15.595	0.0064203
15.6	0.0055955
15.605	0.0046997
15.61	0.0039871
15.615	0.0036284
15.62	0.0032527
15.625	0.0029081
15.63	0.0026312
15.635	0.0024048
15.64	0.002295
15.645	0.0023017
15.65	0.0023657
15.655	0.0024232
15.66	0.0023827
15.665	0.0019379
15.67	0.0012671
15.675	0.00077999
15.68	0.00042208
15.685	-3.3737e-05
15.69	-0.00047035
15.695	-0.00070498
15.7	-0.00073438
15.705	-0.00067389
15.71	-0.0006323
15.715	-0.00064752
15.72	-0.0006942
15.725	-0.0006751
15.73	-0.0003863
15.735	0.00016758
15.74	0.00066042
15.745	0.00097512
15.75	0.001418
15.755	0.0019102
15.76	0.0022067
15.765	0.0023146
15.77	0.0024216
15.775	0.002403
15.78	0.0022468
15.785	0.002028
15.79	0.0016385
15.795	0.0010666
15.8	0.00058191
15.805	0.00037566
15.81	0.00039637
15.815	0.00048487
15.82	0.00052673
15.825	0.00050756
15.83	0.00047777
15.835	0.00057516
15.84	0.00099907
15.845	0.0016568
15.85	0.0021925
15.855	0.0025995
15.86	0.0031708
15.865	0.0037355
15.87	0.0040657
15.875	0.0041403
15.88	0.0039187
15.885	0.0033197
15.89	0.0027317
15.895	0.0023753
15.9	0.0020301
15.905	0.0015673
15.91	0.0011679
15.915	0.00088451
15.92	0.00058202
15.925	0.00032201
15.93	0.00019568
15.935	0.00027781
15.94	0.00059709
15.945	0.00091207
15.95	0.00093698
15.955	0.00058432
15.96	6.3306e-05
15.965	-0.00042887
15.97	-0.00068028
15.975	-0.00068507
15.98	-0.00058811
15.985	-0.00052259
15.99	-0.00052801
15.995	-0.00057212
16	-0.00060759
16.005	-0.00059043
16.01	-0.00030495
16.015	0.00033393
16.02	0.00089912
16.025	0.001116
16.03	0.001067
16.035	0.0011828
16.04	0.0017209
16.045	0.0022954
16.05	0.0025719
16.055	0.0025463
16.06	0.0023762
16.065	0.0019987
16.07	0.0013583
16.075	0.00081194
16.08	0.00043247
16.085	-1.8534e-05
16.09	-0.00050292
16.095	-0.0008062
16.1	-0.00084552
16.105	-0.00060751
16.11	-0.00036432
16.115	-0.0003724
16.12	-0.00051752
16.125	-0.00061573
16.13	-0.00059987
16.135	-0.00053718
16.14	-0.00063857
16.145	-0.00095415
16.15	-0.0014067
16.155	-0.0018991
16.16	-0.0025391
16.165	-0.003442
16.17	-0.0044203
16.175	-0.0051525
16.18	-0.0054955
16.185	-0.0058171
16.19	-0.0062127
16.195	-0.0065551
16.2	-0.0068423
16.205	-0.006977
16.21	-0.0068035
16.215	-0.0064424
16.22	-0.006146
16.225	-0.0058653
16.23	-0.0056055
16.235	-0.0054606
16.24	-0.0054325
16.245	-0.0054545
16.25	-0.0054346
16.255	-0.0051956
16.26	-0.0048328
16.265	-0.0045804
16.27	-0.0044841
16.275	-0.0043485
16.28	-0.0043344
16.285	-0.0046773
16.29	-0.0051575
16.295	-0.0054848
16.3	-0.0057754
16.305	-0.0062266
16.31	-0.0066866
16.315	-0.0069278
16.32	-0.006869
16.325	-0.0063252
16.33	-0.0055746
16.335	-0.0050186
16.34	-0.0044604
16.345	-0.0039229
16.35	-0.0035498
16.355	-0.0032293
16.36	-0.0029063
16.365	-0.0025819
16.37	-0.0025658
16.375	-0.0029937
16.38	-0.0035059
16.385	-0.0037701
16.39	-0.0037746
16.395	-0.0036754
16.4	-0.0036128
16.405	-0.0036331
16.41	-0.003769
16.415	-0.0041516
16.42	-0.0047435
16.425	-0.005236
16.43	-0.0054334
16.435	-0.005402
16.44	-0.0053143
16.445	-0.0052851
16.45	-0.0053279
16.455	-0.0053945
16.46	-0.00544
16.465	-0.0054542
16.47	-0.0054514
16.475	-0.0054489
16.48	-0.005453
16.485	-0.0054602
16.49	-0.0054636
16.495	-0.0054622
16.5	-0.0054564
16.505	-0.0054451
16.51	-0.0054307
16.515	-0.0054253
16.52	-0.0056059
16.525	-0.0061722
16.53	-0.0067689
16.535	-0.0070584
16.54	-0.0070447
16.545	-0.0070158
16.55	-0.0073275
16.555	-0.0079439
16.56	-0.008472
16.565	-0.0086784
16.57	-0.0086343
16.575	-0.0086052
16.58	-0.008741
16.585	-0.0088636
16.59	-0.0089487
16.595	-0.0088338
16.6	-0.0086125
16.605	-0.0084543
16.61	-0.0083352
16.615	-0.0079908
16.62	-0.00742
16.625	-0.0067957
16.63	-0.0060647
16.635	-0.0052784
16.64	-0.004323
16.645	-0.0033132
16.65	-0.0022878
16.655	-0.0013215
16.66	-0.00061098
16.665	-3.6914e-05
16.67	0.00048535
16.675	0.0010634
16.68	0.0017809
16.685	0.0023386
16.69	0.0027892
16.695	0.0033417
16.7	0.0037953
16.705	0.0041189
16.71	0.0045372
16.715	0.0050435
16.72	0.0053896
16.725	0.005485
16.73	0.0054401
16.735	0.0053874
16.74	0.0054001
16.745	0.0055876
16.75	0.0060717
16.755	0.0066854
16.76	0.007095
16.765	0.0071981
16.77	0.0071383
16.775	0.0072133
16.78	0.0076699
16.785	0.0083473
16.79	0.0089672
16.795	0.0095408
16.8	0.010039
16.805	0.010319
16.81	0.010404
16.815	0.010634
16.82	0.011225
16.825	0.011805
16.83	0.012075
16.835	0.012053
16.84	0.011927
16.845	0.011853
16.85	0.011872
16.855	0.011915
16.86	0.011767
16.865	0.011283
16.87	0.010699
16.875	0.01035
16.88	0.01028
16.885	0.010183
16.89	0.0097719
16.895	0.0092016
16.9	0.0088132
16.905	0.0086769
16.91	0.0084086
16.915	0.0078719
16.92	0.0074008
16.925	0.0072107
16.93	0.007254
16.935	0.0073683
16.94	0.0074309
16.945	0.0074191
16.95	0.0074156
16.955	0.0077362
16.96	0.0083718
16.965	0.0089129
16.97	0.0092685
16.975	0.0095348
16.98	0.0098369
16.985	0.010165
16.99	0.010226
16.995	0.0099593
17	0.0095123
17.005	0.0090833
17.01	0.0088744
17.015	0.0088808
17.02	0.0089422
17.025	0.0088227
17.03	0.008662
17.035	0.0086861
17.04	0.008818
17.045	0.0089203
17.05	0.0089304
17.055	0.0089234
17.06	0.0091399
17.065	0.0096874
17.07	0.010221
17.075	0.010245
17.08	0.0096927
17.085	0.0090206
17.09	0.0086032
17.095	0.008159
17.1	0.0075676
17.105	0.0066904
17.11	0.0054215
17.115	0.0040759
17.12	0.0030024
17.125	0.0022304
17.13	0.0015494
17.135	0.00066717
17.14	-0.00019699
17.145	-0.00067409
17.15	-0.00074712
17.155	-0.00070223
17.16	-0.0010644
17.165	-0.0017484
17.17	-0.0022795
17.175	-0.002452
17.18	-0.0023843
17.185	-0.0022695
17.19	-0.0022249
17.195	-0.0022656
17.2	-0.0022578
17.205	-0.0018391
17.21	-0.0011563
17.215	-0.00054929
17.22	9.3967e-05
17.225	0.0006722
17.23	0.00097411
17.235	0.0010173
17.24	0.00095799
17.245	0.0009223
17.25	0.00088096
17.255	0.00061358
17.26	7.9041e-05
17.265	-0.00042128
17.27	-0.00076663
17.275	-0.001244
17.28	-0.0017708
17.285	-0.0022149
17.29	-0.0027907
17.295	-0.0033694
17.3	-0.0037647
17.305	-0.0041509
17.31	-0.0046806
17.315	-0.0051568
17.32	-0.0053841
17.325	-0.0053979
17.33	-0.0053372
17.335	-0.0053066
17.34	-0.0053314
17.345	-0.0053783
17.35	-0.0054107
17.355	-0.0054156
17.36	-0.0054014
17.365	-0.0053853
17.37	-0.0053759
17.375	-0.005375
17.38	-0.0053763
17.385	-0.0053675
17.39	-0.0052264
17.395	-0.0046957
17.4	-0.0040311
17.405	-0.0035064
17.41	-0.002941
17.415	-0.0023508
17.42	-0.0017223
17.425	-0.0010582
17.43	-0.00058845
17.435	-0.00041746
17.44	-0.00044033
17.445	-0.00049666
17.45	-0.0005116
17.455	-0.00065597
17.46	-0.0011719
17.465	-0.0017603
17.47	-0.0022535
17.475	-0.0028321
17.48	-0.0033084
17.485	-0.003506
17.49	-0.0034888
17.495	-0.0033994
17.5	-0.0033504
17.505	-0.0033657
17.51	-0.0034227
17.515	-0.0036556
17.52	-0.0042634
17.525	-0.0050731
17.53	-0.0059643
17.535	-0.0065837
17.54	-0.0067845
17.545	-0.0067335
17.55	-0.0068305
17.555	-0.0073907
17.56	-0.0080556
17.565	-0.0084293
17.57	-0.0084638
17.575	-0.0083435
17.58	-0.008253
17.585	-0.0082639
17.59	-0.0083469
17.595	-0.0085269
17.6	-0.008953
17.605	-0.0095547
17.61	-0.010009
17.615	-0.01016
17.62	-0.010111
17.625	-0.010128
17.63	-0.010499
17.635	-0.011128
17.64	-0.011453
17.645	-0.011059
17.65	-0.01027
17.655	-0.0095251
17.66	-0.0090464
17.665	-0.0087537
17.67	-0.0085849
17.675	-0.0082535
17.68	-0.0075708
17.685	-0.0066885
17.69	-0.0057483
17.695	-0.0049132
17.7	-0.0041606
17.705	-0.0036944
17.71	-0.003558
17.715	-0.0036033
17.72	-0.0036732
17.725	-0.0038154
17.73	-0.0042152
17.735	-0.0047669
17.74	-0.0051546
17.745	-0.0052635
17.75	-0.0051991
17.755	-0.005118
17.76	-0.0051035
17.765	-0.0051469
17.77	-0.0051982
17.775	-0.005221
17.78	-0.0052156
17.785	-0.0052004
17.79	-0.0051904
17.795	-0.0051896
17.8	-0.005195
17.805	-0.0052018
17.81	-0.0052082
17.815	-0.0051985
17.82	-0.0050411
17.825	-0.0045679
17.83	-0.0039229
17.835	-0.0032246
17.84	-0.0023553
17.845	-0.0014056
17.85	-0.00041292
17.855	0.00054394
17.86	0.0013718
17.865	0.0021271
17.87	0.0025965
17.875	0.002728
17.88	0.0026619
17.885	0.0025978
17.89	0.002735
17.895	0.0030927
17.9	0.0034288
17.905	0.0037191
17.91	0.0040143
17.915	0.0042062
17.92	0.0042639
17.925	0.004268
17.93	0.0044032
17.935	0.0045768
17.94	0.0047404
17.945	0.005097
17.95	0.0055605
17.955	0.0058674
17.96	0.0059322
17.965	0.0058558
17.97	0.0057728
17.975	0.0057388
17.98	0.0057429
17.985	0.0057593
17.99	0.0057682
17.995	0.0057606
18	0.0057447
18.005	0.0057311
18.01	0.0057469
18.015	0.0059028
18.02	0.0060376
18.025	0.005954
18.03	0.0057759
18.035	0.0057059
18.04	0.0060599
18.045	0.0067615
18.05	0.0073159
18.055	0.0074944
18.06	0.0074154
18.065	0.0072824
18.07	0.0072196
18.075	0.0072477
18.08	0.0072975
18.085	0.0071447
18.09	0.0066371
18.095	0.0060227
18.1	0.0056537
18.105	0.0056023
18.11	0.0057142
18.115	0.0058105
18.12	0.0058426
18.125	0.0059962
18.13	0.0064483
18.135	0.0070082
18.14	0.0073577
18.145	0.0074426
18.15	0.0075061
18.155	0.0075628
18.16	0.0074873
18.165	0.0073649
18.17	0.0072924
18.175	0.0072442
18.18	0.0069156
18.185	0.0062934
18.19	0.0057849
18.195	0.005541
18.2	0.0051556
18.205	0.0046001
18.21	0.0041911
18.215	0.0039959
18.22	0.0036105
18.225	0.0030409
18.23	0.0026285
18.235	0.0025104
18.24	0.0025832
18.245	0.002667
18.25	0.0026743
18.255	0.0026207
18.26	0.0025623
18.265	0.0025315
18.27	0.0025126
18.275	0.0024269
18.28	0.0019639
18.285	0.0012865
18.29	0.00083041
18.295	0.00073375
18.3	0.00084659
18.305	0.00095507
18.31	0.00096093
18.315	0.00086169
18.32	0.00053733
18.325	-5.839e-05
18.33	-0.00062454
18.335	-0.00088579
18.34	-0.0008656
18.345	-0.00078279
18.35	-0.0009787
18.355	-0.001575
18.36	-0.0022205
18.365	-0.0025582
18.37	-0.0025601
18.375	-0.0023546
18.38	-0.0018251
18.385	-0.0011874
18.39	-0.00081597
18.395	-0.00077758
18.4	-0.00089963
18.405	-0.00099519
18.41	-0.0009931
18.415	-0.00092519
18.42	-0.00082326
18.425	-0.00053762
18.43	4.0218e-06
18.435	0.00054503
18.44	0.00086022
18.445	0.0011301
18.45	0.0015926
18.455	0.002089
18.46	0.0025047
18.465	0.0030679
18.47	0.0036392
18.475	0.0039573
18.48	0.0040081
18.485	0.0040586
18.49	0.0045071
18.495	0.0051453
18.5	0.0055588
18.505	0.0056307
18.51	0.005503
18.515	0.0053054
18.52	0.0049449
18.525	0.0044067
18.53	0.0039465
18.535	0.0036806
18.54	0.0033634
18.545	0.0028553
18.55	0.0023816
18.555	0.0020194
18.56	0.0014963
18.565	0.00094203
18.57	0.00062779
18.575	0.00058717
18.58	0.00068051
18.585	0.00076294
18.59	0.00077854
18.595	0.00075181
18.6	0.00072693
18.605	0.00072507
18.61	0.00073256
18.615	0.00073932
18.62	0.00074143
18.625	0.00068227
18.63	0.00049074
18.635	0.00036729
18.64	0.00030669
18.645	0.0004114
18.65	0.00062645
18.655	0.00078078
18.66	0.00080026
18.665	0.00068248
18.67	0.0003709
18.675	3.8206e-05
18.68	-0.00019488
18.685	-0.00046693
18.69	-0.00074385
18.695	-0.00090959
18.7	-0.0010177
18.705	-0.0013287
18.71	-0.0018927
18.715	-0.0024145
18.72	-0.0027558
18.725	-0.0031366
18.73	-0.0036426
18.735	-0.0040606
18.74	-0.0043411
18.745	-0.0047218
18.75	-0.0052612
18.755	-0.00571
18.76	-0.0058985
18.765	-0.0058753
18.77	-0.0057907
18.775	-0.0057495
18.78	-0.0057694
18.785	-0.0058186
18.79	-0.0059498
18.795	-0.0063365
18.8	-0.0069113
18.805	-0.007345
18.81	-0.0074754
18.815	-0.0073954
18.82	-0.0072816
18.825	-0.0072388
18.83	-0.0072672
18.835	-0.0073147
18.84	-0.0073254
18.845	-0.0071184
18.85	-0.00651
18.855	-0.0058769
18.86	-0.0055653
18.865	-0.0055772
18.87	-0.005715
18.875	-0.0058033
18.88	-0.0057139
18.885	-0.0053822
18.89	-0.0050396
18.895	-0.0048809
18.9	-0.0049051
18.905	-0.0050033
18.91	-0.0051678
18.915	-0.0054786
18.92	-0.0057665
18.925	-0.0058904
18.93	-0.0058856
18.935	-0.0058462
18.94	-0.0058356
18.945	-0.0058603
18.95	-0.0058943
18.955	-0.0059119
18.96	-0.0058993
18.965	-0.0057612
18.97	-0.0053574
18.975	-0.004778
18.98	-0.0043346
18.985	-0.0041911
18.99	-0.0042676
18.995	-0.0043819
19	-0.0044187
19.005	-0.0043762
19.01	-0.0043097
19.015	-0.004266
19.02	-0.0042569
19.025	-0.0042634
19.03	-0.0042533
19.035	-0.0040959
19.04	-0.0036349
19.045	-0.0030375
19.05	-0.0026564
19.055	-0.0025867
19.06	-0.0026896
19.065	-0.0027903
19.07	-0.0028183
19.075	-0.0027892
19.08	-0.0027357
19.085	-0.0025761
19.09	-0.0021463
19.095	-0.0015777
19.1	-0.0011942
19.105	-0.0010933
19.11	-0.0010424
19.115	-0.0008104
19.12	-0.00040671
19.125	6.8312e-05
19.13	0.00038649
19.135	0.00059925
19.14	0.00099332
19.145	0.0016704
19.15	0.0025167
19.155	0.0032408
19.16	0.0035874
19.165	0.0036001
19.17	0.0035033
19.175	0.003591
19.18	0.0040636
19.185	0.0047203
19.19	0.0051769
19.195	0.0054163
19.2	0.0057486
19.205	0.0062265
19.21	0.0066193
19.215	0.006918
19.22	0.0073443
19.225	0.0078753
19.23	0.0082647
19.235	0.0085315
19.24	0.0089328
19.245	0.0094564
19.25	0.0098379
19.255	0.0099613
19.26	0.0099125
19.265	0.0098357
19.27	0.009811
19.275	0.0098238
19.28	0.009711
19.285	0.0092793
19.29	0.0086724
19.295	0.0082392
19.3	0.007986
19.305	0.0076255
19.31	0.0071178
19.315	0.0065911
19.32	0.0060032
19.325	0.0054239
19.33	0.0049376
19.335	0.0043997
19.34	0.0037088
19.345	0.0029087
19.35	0.0022007
19.355	0.0017102
19.36	0.0013532
19.365	0.0010341
19.37	0.00067573
19.375	0.00040916
19.38	0.00031171
19.385	0.00033818
19.39	0.00039655
19.395	0.00042729
19.4	0.00042211
19.405	0.00040352
19.41	0.00039377
19.415	0.00039927
19.42	0.00041446
19.425	0.00042836
19.43	0.00043607
19.435	0.00043894
19.44	0.00043972
19.445	0.00044075
19.45	0.00044154
19.455	0.00044207
19.46	0.0004428
19.465	0.00045399
19.47	0.00058911
19.475	0.00090042
19.48	0.0011969
19.485	0.001451
19.49	0.0017422
19.495	0.0019636
19.5	0.0020488
19.505	0.0020383
19.51	0.0019773
19.515	0.0016373
19.52	0.00083939
19.525	-0.00013221
19.53	-0.00089682
19.535	-0.0012099
19.54	-0.0011692
19.545	-0.0010384
19.55	-0.001
19.555	-0.0010785
19.56	-0.0013235
19.565	-0.0017063
19.57	-0.0021131
19.575	-0.0025018
19.58	-0.0027348
19.585	-0.002785
19.59	-0.0027425
19.595	-0.0027057
19.6	-0.0027127
19.605	-0.0027246
19.61	-0.0025765
19.615	-0.0022677
19.62	-0.002032
19.625	-0.0020958
19.63	-0.0023021
19.635	-0.0024571
19.64	-0.0024198
19.645	-0.0020229
19.65	-0.0014946
19.655	-0.0013417
19.66	-0.0017808
19.665	-0.0024585
19.67	-0.0028983
19.675	-0.0029397
19.68	-0.0026345
19.685	-0.0023314
19.69	-0.0022175
19.695	-0.0023063
19.7	-0.00257
19.705	-0.0028005
19.71	-0.0028807
19.715	-0.0028437
19.72	-0.0027823
19.725	-0.0027609
19.73	-0.0027912
19.735	-0.0028106
19.74	-0.0026421
19.745	-0.0022798
19.75	-0.0018219
19.755	-0.001411
19.76	-0.0012138
19.765	-0.001212
19.77	-0.0012714
19.775	-0.0012901
19.78	-0.0012698
19.785	-0.0012455
19.79	-0.0012128
19.795	-0.0010268
19.8	-0.00069347
19.805	-0.0004554
19.81	-0.00055306
19.815	-0.0009229
19.82	-0.0012686
19.825	-0.001557
19.83	-0.00184
19.835	-0.0021419
19.84	-0.0023321
19.845	-0.002422
19.85	-0.0025591
19.855	-0.0026986
19.86	-0.0027734
19.865	-0.0027822
19.87	-0.0027594
19.875	-0.0027381
19.88	-0.0027322
19.885	-0.0027376
19.89	-0.0027422
19.895	-0.0027376
19.9	-0.002729
19.905	-0.0027226
19.91	-0.0027182
19.915	-0.0027164
19.92	-0.0027169
19.925	-0.002718
19.93	-0.0027194
19.935	-0.0027179
19.94	-0.00269
19.945	-0.0024812
19.95	-0.0019734
19.955	-0.0013652
19.96	-0.00078982
19.965	-0.00021947
19.97	0.00026431
19.975	0.00071529
19.98	0.0012566
19.985	0.0017893
19.99	0.0023078
19.995	0.0029043
20	0.0034073
20.005	0.0036762
20.01	0.0039395
20.015	0.0044215
20.02	0.0049424
20.025	0.0052785
20.03	0.0055845
20.035	0.0060643
20.04	0.0065889
20.045	0.0070824
20.05	0.0074144
20.055	0.0073398
20.06	0.0069944
20.065	0.0066803
20.07	0.0063885
20.075	0.0061309
20.08	0.0059605
20.085	0.0057131
20.09	0.0054014
20.095	0.0051854
20.1	0.0051167
20.105	0.0051073
20.11	0.0049201
20.115	0.0045929
20.12	0.0043143
20.125	0.0040197
20.13	0.003734
20.135	0.0035739
20.14	0.0035477
20.145	0.0035822
20.15	0.0036047
20.155	0.0035594
20.16	0.0032706
20.165	0.0026545
20.17	0.0018642
20.175	0.0012303
20.18	0.00079924
20.185	0.00053743
20.19	0.00043869
20.195	0.00043169
20.2	0.0004083
20.205	0.00017468
20.21	-0.00021371
20.215	-0.0006755
20.22	-0.0010568
20.225	-0.0012157
20.23	-0.0011559
20.235	-0.00084803
20.24	-0.00046774
20.245	-0.00024985
20.25	-0.00023003
20.255	-0.00029958
20.26	-0.00034584
20.265	-0.00033076
20.27	-0.00028086
20.275	-0.00023758
20.28	-0.00022122
20.285	-0.00023334
20.29	-0.00031794
20.295	-0.00058782
20.3	-0.00090897
20.305	-0.0010938
20.31	-0.0011156
20.315	-0.0011201
20.32	-0.0013311
20.325	-0.0017139
20.33	-0.0021866
20.335	-0.0025515
20.34	-0.0026837
20.345	-0.0027055
20.35	-0.0028796
20.355	-0.003165
20.36	-0.0033712
20.365	-0.0033649
20.37	-0.0030676
20.375	-0.00269
20.38	-0.002412
20.385	-0.0021396
20.39	-0.0018923
20.395	-0.0016896
20.4	-0.0014009
20.405	-0.001096
20.41	-0.00091534
20.415	-0.0008856
20.42	-0.0010109
20.425	-0.0014116
20.43	-0.0020049
20.435	-0.0025351
20.44	-0.0030315
20.445	-0.003574
20.45	-0.0039819
20.455	-0.0041517
20.46	-0.0042397
20.465	-0.0044844
20.47	-0.004877
20.475	-0.0053537
20.48	-0.0056977
20.485	-0.0058044
20.49	-0.005751
20.495	-0.0056724
20.5	-0.0056485
20.505	-0.005673
20.51	-0.0056237
20.515	-0.0054541
20.52	-0.0054354
20.525	-0.005573
20.53	-0.005711
20.535	-0.0056708
20.54	-0.0053523
20.545	-0.004902
20.55	-0.0044311
20.555	-0.0041278
20.56	-0.0040502
20.565	-0.0041029
20.57	-0.0041626
20.575	-0.0041721
20.58	-0.0041348
20.585	-0.0040008
20.59	-0.0037012
20.595	-0.0035025
20.6	-0.0036605
20.605	-0.0039841
20.61	-0.0042058
20.615	-0.0042408
20.62	-0.0041598
20.625	-0.0039865
20.63	-0.0036743
20.635	-0.0033916
20.64	-0.003267
20.645	-0.0031895
20.65	-0.0029588
20.655	-0.0026813
20.66	-0.0025138
20.665	-0.0024856
20.67	-0.0025291
20.675	-0.0025676
20.68	-0.0025702
20.685	-0.0025494
20.69	-0.0025289
20.695	-0.0025243
20.7	-0.0026231
20.705	-0.0029205
20.71	-0.0032358
20.715	-0.0034842
20.72	-0.0037719
20.725	-0.0041084
20.73	-0.0045143
20.735	-0.0049258
20.74	-0.0054349
20.745	-0.0060144
20.75	-0.0064218
20.755	-0.0065581
20.76	-0.0066095
20.765	-0.0068296
20.77	-0.0071227
20.775	-0.0073149
20.78	-0.0073651
20.785	-0.0074168
20.79	-0.0075687
20.795	-0.007664
20.8	-0.0077175
20.805	-0.0075947
20.81	-0.0073851
20.815	-0.0072417
20.82	-0.0072138
20.825	-0.0072517
20.83	-0.0072817
20.835	-0.0071716
20.84	-0.0068417
20.845	-0.0065101
20.85	-0.0062487
20.855	-0.0059589
20.86	-0.0057233
20.865	-0.0054949
20.87	-0.0051763
20.875	-0.0047882
20.88	-0.0043584
20.885	-0.0039485
20.89	-0.0035523
20.895	-0.0031879
20.9	-0.002822
20.905	-0.0024552
20.91	-0.0020593
20.915	-0.0016439
20.92	-0.0010817
20.925	-0.00036323
20.93	0.00030665
20.935	0.00067437
20.94	0.00084529
20.945	0.0010642
20.95	0.0014072
20.955	0.0018525
20.96	0.002297
20.965	0.0027012
20.97	0.002934
20.975	0.0029906
20.98	0.0030773
20.985	0.0033471
20.99	0.0036328
20.995	0.003768
21	0.0036445
21.005	0.0033915
21.01	0.0032337
21.015	0.0030687
21.02	0.0028092
21.025	0.0024517
21.03	0.0023115
21.035	0.0026566
21.04	0.0032817
21.045	0.0037393
21.05	0.0038516
21.055	0.0037525
21.06	0.0037494
21.065	0.003905
21.07	0.004061
21.075	0.0042698
21.08	0.0044418
21.085	0.0045084
21.09	0.0044902
21.095	0.00445
21.1	0.0044423
21.105	0.0045873
21.11	0.004918
21.115	0.0052222
21.12	0.0054664
21.125	0.0057409
21.13	0.0059621
21.135	0.0061933
21.14	0.0066465
21.145	0.0073501
21.15	0.0080563
21.155	0.0084473
21.16	0.0084945
21.165	0.0083834
21.17	0.0083101
21.175	0.0084546
21.18	0.0088339
21.185	0.0091891
21.19	0.0094507
21.195	0.0097009
21.2	0.009889
21.205	0.010092
21.21	0.0104
21.215	0.010664
21.22	0.010779
21.225	0.01077
21.23	0.010719
21.235	0.010695
21.24	0.010695
21.245	0.010587
21.25	0.010293
21.255	0.010015
21.26	0.0098957
21.265	0.0099166
21.27	0.0099824
21.275	0.010019
21.28	0.010014
21.285	0.0099905
21.29	0.009986
21.295	0.010123
21.3	0.010446
21.305	0.010742
21.31	0.010864
21.315	0.01084
21.32	0.010773
21.325	0.01074
21.33	0.010756
21.335	0.010792
21.34	0.010814
21.345	0.010802
21.35	0.010652
21.355	0.010325
21.36	0.010022
21.365	0.009776
21.37	0.0094964
21.375	0.009161
21.38	0.0087709
21.385	0.0084833
21.39	0.0082598
21.395	0.0079827
21.4	0.0077564
21.405	0.0076598
21.41	0.0076671
21.415	0.0076969
21.42	0.0075841
21.425	0.007255
21.43	0.0068195
21.435	0.0063797
21.44	0.0061102
21.445	0.0059207
21.45	0.0055398
21.455	0.0050003
21.46	0.0045869
21.465	0.0043091
21.47	0.0039154
21.475	0.0034057
21.48	0.0030227
21.485	0.0027666
21.49	0.0025035
21.495	0.0022861
21.5	0.002061
21.505	0.0017512
21.51	0.0014989
21.515	0.0013893
21.52	0.001276
21.525	0.00102
21.53	0.000764
21.535	0.00062592
21.54	0.00048805
21.545	0.00020867
21.55	-0.00019554
21.555	-0.00076695
21.56	-0.0013744
21.565	-0.0018642
21.57	-0.002242
21.575	-0.0024548
21.58	-0.0026325
21.585	-0.0029202
21.59	-0.0032012
21.595	-0.0034714
21.6	-0.0037928
21.605	-0.0040477
21.61	-0.0042755
21.615	-0.0045705
21.62	-0.0048224
21.625	-0.0050556
21.63	-0.005354
21.635	-0.0055908
21.64	-0.0056825
21.645	-0.005663
21.65	-0.0056247
21.655	-0.0057353
21.66	-0.0060531
21.665	-0.0063666
21.67	-0.0066249
21.675	-0.0069034
21.68	-0.0071054
21.685	-0.0071886
21.69	-0.0073067
21.695	-0.0075852
21.7	-0.007873
21.705	-0.0081417
21.71	-0.008451
21.715	-0.0086945
21.72	-0.0089154
21.725	-0.0092108
21.73	-0.0094564
21.735	-0.0095751
21.74	-0.0097073
21.745	-0.0099814
21.75	-0.010246
21.755	-0.010385
21.76	-0.010507
21.765	-0.010644
21.77	-0.01072
21.775	-0.010873
21.78	-0.011046
21.785	-0.011159
21.79	-0.011314
21.795	-0.011595
21.8	-0.011741
21.805	-0.011676
21.81	-0.011561
21.815	-0.011368
21.82	-0.011201
21.825	-0.01114
21.83	-0.01116
21.835	-0.011201
21.84	-0.01122
21.845	-0.011211
21.85	-0.011192
21.855	-0.011179
21.86	-0.011181
21.865	-0.011192
21.87	-0.0112
21.875	-0.011188
21.88	-0.011029
21.885	-0.010703
21.89	-0.010429
21.895	-0.010328
21.9	-0.01036
21.905	-0.010422
21.91	-0.010443
21.915	-0.010395
21.92	-0.010175
21.925	-0.0098271
21.93	-0.0095463
21.935	-0.0092917
21.94	-0.0090143
21.945	-0.0087971
21.95	-0.0085529
21.955	-0.0082466
21.96	-0.0080218
21.965	-0.007946
21.97	-0.0079709
21.975	-0.0080147
21.98	-0.008029
21.985	-0.0080086
21.99	-0.0079575
21.995	-0.007763
22	-0.0074425
22.005	-0.0071757
22.01	-0.0069213
22.015	-0.0066398
22.02	-0.0064441
22.025	-0.0063727
22.03	-0.0063405
22.035	-0.0060044
22.04	-0.0053221
22.045	-0.004587
22.05	-0.0040346
22.055	-0.0036642
22.06	-0.0033661
22.065	-0.003029
22.07	-0.0026322
22.075	-0.0021982
22.08	-0.0017924
22.085	-0.0015421
22.09	-0.0013251
22.095	-0.0010555
22.1	-0.00084319
22.105	-0.00073491
22.11	-0.00058777
22.115	-0.00045954
22.12	-0.00036705
22.125	-0.00020541
22.13	-5.2612e-05
22.135	4.4556e-05
22.14	0.00022631
22.145	0.00055782
22.15	0.00099718
22.155	0.0014237
22.16	0.0016555
22.165	0.0016813
22.17	0.0016148
22.175	0.0015878
22.18	0.0017726
22.185	0.0021335
22.19	0.0024415
22.195	0.0027005
22.2	0.0029734
22.205	0.0033145
22.21	0.0036853
22.215	0.0039484
22.22	0.0041995
22.225	0.0044921
22.23	0.0047054
22.235	0.0047776
22.24	0.0047475
22.245	0.0046964
22.25	0.0046772
22.255	0.0046902
22.26	0.0047118
22.265	0.0047227
22.27	0.0047183
22.275	0.0047061
22.28	0.0046965
22.285	0.0046909
22.29	0.0046858
22.295	0.0046575
22.3	0.0044723
22.305	0.0041458
22.31	0.0038875
22.315	0.0038038
22.32	0.0038457
22.325	0.0039112
22.33	0.0039377
22.335	0.0039068
22.34	0.0037047
22.345	0.0033604
22.35	0.0031069
22.355	0.0030479
22.36	0.003109
22.365	0.0031761
22.37	0.0031913
22.375	0.0031719
22.38	0.0031533
22.385	0.0031486
22.39	0.0031526
22.395	0.0031345
22.4	0.0029673
22.405	0.002686
22.41	0.0026222
22.415	0.00284
22.42	0.0029602
22.425	0.0028004
22.43	0.0025678
22.435	0.0025912
22.44	0.0029025
22.445	0.0032544
22.45	0.0035976
22.455	0.0039485
22.46	0.0043416
22.465	0.00474
22.47	0.0050306
22.475	0.0054604
22.48	0.0060887
22.485	0.0065783
22.49	0.0067894
22.495	0.0069649
22.5	0.0073893
22.505	0.007951
22.51	0.0083428
22.515	0.0084573
22.52	0.0084058
22.525	0.0083234
22.53	0.008156
22.535	0.0079044
22.54	0.0077318
22.545	0.0077064
22.55	0.0077747
22.555	0.0078303
22.56	0.0076927
22.565	0.0073792
22.57	0.0071174
22.575	0.0070332
22.58	0.0071027
22.585	0.0071974
22.59	0.0070852
22.595	0.006791
22.6	0.0066763
22.605	0.0067244
22.61	0.0066969
22.615	0.0065748
22.62	0.0063576
22.625	0.006146
22.63	0.0057922
22.635	0.0053177
22.64	0.0049836
22.645	0.0049993
22.65	0.00523
22.655	0.0052867
22.66	0.005126
22.665	0.0046916
22.67	0.0039912
22.675	0.0034382
22.68	0.0032642
22.685	0.0033603
22.69	0.0035013
22.695	0.0035374
22.7	0.0033545
22.705	0.0029559
22.71	0.0024922
22.715	0.0020602
22.72	0.0017944
22.725	0.0014968
22.73	0.0010504
22.735	0.00069839
22.74	0.00042436
22.745	0.00026715
22.75	0.00024969
22.755	0.00054049
22.76	0.0011891
22.765	0.0017593
22.77	0.0019784
22.775	0.0019088
22.78	0.0017641
22.785	0.0017029
22.79	0.0017417
22.795	0.0018192
22.8	0.0018611
22.805	0.0018416
22.81	0.001663
22.815	0.0011899
22.82	0.00058709
22.825	0.0001948
22.83	0.00011465
22.835	0.00021347
22.84	0.00031471
22.845	0.00033471
22.85	0.00028946
22.855	0.00023657
22.86	0.00020373
22.865	6.7441e-05
22.87	-0.00035902
22.875	-0.00094309
22.88	-0.0013561
22.885	-0.0015802
22.89	-0.0016997
22.895	-0.0018521
22.9	-0.002294
22.905	-0.0027634
22.91	-0.0030038
22.915	-0.0030063
22.92	-0.0029086
22.925	-0.0028329
22.93	-0.0028221
22.935	-0.0028656
22.94	-0.0029143
22.945	-0.0029334
22.95	-0.0029227
22.955	-0.0029018
22.96	-0.0028878
22.965	-0.0028853
22.97	-0.0028887
22.975	-0.0028909
22.98	-0.0028903
22.985	-0.0029006
22.99	-0.0030463
22.995	-0.0034929
23	-0.0040902
23.005	-0.0044952
23.01	-0.0046146
23.015	-0.0046921
23.02	-0.0050562
23.025	-0.0056483
23.03	-0.0061082
23.035	-0.0062631
23.04	-0.006201
23.045	-0.0060948
23.05	-0.0060555
23.055	-0.0061006
23.06	-0.0063055
23.065	-0.0067884
23.07	-0.0073837
23.075	-0.0077627
23.08	-0.007835
23.085	-0.0077331
23.09	-0.0075201
23.095	-0.0072082
23.1	-0.0069622
23.105	-0.0067564
23.11	-0.0064836
23.115	-0.0062528
23.12	-0.0061451
23.125	-0.0061266
23.13	-0.0060059
23.135	-0.0055764
23.14	-0.0049728
23.145	-0.004417
23.15	-0.0038667
23.155	-0.0033576
23.16	-0.0030695
23.165	-0.003027
23.17	-0.0030977
23.175	-0.0031514
23.18	-0.0031317
23.185	-0.0029404
23.19	-0.0024567
23.195	-0.0018625
23.2	-0.0015006
23.205	-0.0014494
23.21	-0.0015366
23.215	-0.0013635
23.22	-0.00076215
23.225	-0.00026921
23.23	-0.00016289
23.235	-0.00016845
23.24	-0.00014778
23.245	-9.5873e-05
23.25	-5.2885e-05
23.255	-4.5887e-05
23.26	-7.5254e-05
23.265	-0.00022806
23.27	-0.0004121
23.275	-0.00052526
23.28	-0.00070175
23.285	-0.0010231
23.29	-0.0014165
23.295	-0.0016768
23.3	-0.0017408
23.305	-0.0016908
23.31	-0.0016357
23.315	-0.0016263
23.32	-0.0016551
23.325	-0.0016906
23.33	-0.001719
23.335	-0.0017382
23.34	-0.0017485
23.345	-0.0017638
23.35	-0.001788
23.355	-0.0018093
23.36	-0.0018191
23.365	-0.001822
23.37	-0.0018243
23.375	-0.0018296
23.38	-0.0018371
23.385	-0.0018456
23.39	-0.0018532
23.395	-0.0018593
23.4	-0.0018663
23.405	-0.0018736
23.41	-0.001879
23.415	-0.0018822
23.42	-0.0018837
23.425	-0.0018843
23.43	-0.0018853
23.435	-0.0018855
23.44	-0.0018838
23.445	-0.0018815
23.45	-0.001878
23.455	-0.0018748
23.46	-0.0018713
23.465	-0.0018674
23.47	-0.0018394
23.475	-0.0016329
23.48	-0.0011266
23.485	-0.00054339
23.49	-0.00017542
23.495	7.5237e-05
23.5	0.00047786
23.505	0.00099438
23.51	0.001485
23.515	0.0017199
23.52	0.001597
23.525	0.0013581
23.53	0.0012689
23.535	0.0016401
23.54	0.0023887
23.545	0.003161
23.55	0.0038366
23.555	0.0043064
23.56	0.0044933
23.565	0.0044859
23.57	0.004458
23.575	0.0046129
23.58	0.0048474
23.585	0.0051928
23.59	0.0056944
23.595	0.0060781
23.6	0.0062046
23.605	0.0061516
23.61	0.0060677
23.615	0.0060662
23.62	0.0063041
23.625	0.006857
23.63	0.0074648
23.635	0.0078027
23.64	0.0078249
23.645	0.0077732
23.65	0.0081305
23.655	0.0087684
23.66	0.0090311
23.665	0.0086346
23.67	0.0079846
23.675	0.0075757
23.68	0.007531
23.685	0.0076488
23.69	0.0075589
23.695	0.0072452
23.7	0.0069221
23.705	0.0066103
23.71	0.0064883
23.715	0.0064257
23.72	0.0062965
23.725	0.0061726
23.73	0.0061093
23.735	0.0061022
23.74	0.0061186
23.745	0.0061192
23.75	0.0061105
23.755	0.0060971
23.76	0.0060601
23.765	0.0058337
23.77	0.0054574
23.775	0.0049983
23.78	0.00461
23.785	0.0044273
23.79	0.004433
23.795	0.0045087
23.8	0.0045389
23.805	0.004501
23.81	0.0044415
23.815	0.0044062
23.82	0.0044051
23.825	0.00442
23.83	0.0044338
23.835	0.0044376
23.84	0.0044348
23.845	0.004432
23.85	0.0044332
23.855	0.0044262
23.86	0.0044229
23.865	0.0044209
23.87	0.0044153
23.875	0.0044105
23.88	0.0044106
23.885	0.0044151
23.89	0.0044162
23.895	0.0043674
23.9	0.0041168
23.905	0.0037234
23.91	0.0032588
23.915	0.0029429
23.92	0.0029166
23.925	0.0027414
23.93	0.0022963
23.935	0.0017136
23.94	0.0012671
23.945	0.0011089
23.95	0.0011567
23.955	0.0011812
23.96	0.000942
23.965	0.00052028
23.97	3.1507e-05
23.975	-0.00033448
23.98	-0.00048479
23.985	-0.00059967
23.99	-0.0010506
23.995	-0.0016534
24	-0.0020514
24.005	-0.0021429
24.01	-0.0020541
24.015	-0.00209
24.02	-0.002595
24.025	-0.003287
24.03	-0.0037176
24.035	-0.0037787
24.04	-0.0036412
24.045	-0.003514
24.05	-0.0034936
24.055	-0.003613
24.06	-0.0039824
24.065	-0.0045636
24.07	-0.0050475
24.075	-0.0052411
24.08	-0.0052251
24.085	-0.0051553
24.09	-0.0051203
24.095	-0.0051433
24.1	-0.0051815
24.105	-0.0051968
24.11	-0.0051913
24.115	-0.005189
24.12	-0.0051944
24.125	-0.0051979
24.13	-0.0051951
24.135	-0.005187
24.14	-0.0051798
24.145	-0.0051755
24.15	-0.0051723
24.155	-0.0051691
24.16	-0.005166
24.165	-0.005163
24.17	-0.0051607
24.175	-0.0051602
24.18	-0.0051615
24.185	-0.0051625
24.19	-0.0051634
24.195	-0.005164
24.2	-0.0051639
24.205	-0.0051633
24.21	-0.0051621
24.215	-0.0051615
24.22	-0.0051622
24.225	-0.0051645
24.23	-0.0051726
24.235	-0.0051933
24.24	-0.0052157
24.245	-0.0052259
24.25	-0.0052237
24.255	-0.005224
24.26	-0.0052314
24.265	-0.0052285
24.27	-0.0052249
24.275	-0.0052348
24.28	-0.0052368
24.285	-0.0050968
24.29	-0.0046624
24.295	-0.004201
24.3	-0.0041008
24.305	-0.0041721
24.31	-0.004195
24.315	-0.004164
24.32	-0.0039735
24.325	-0.0037543
24.33	-0.0036515
24.335	-0.003776
24.34	-0.0040135
24.345	-0.0041559
24.35	-0.0043016
24.355	-0.0044237
24.36	-0.0044808
24.365	-0.0044836
24.37	-0.0044561
24.375	-0.0043132
24.38	-0.0040048
24.385	-0.0037282
24.39	-0.0036156
24.395	-0.0036398
24.4	-0.003703
24.405	-0.0037335
24.41	-0.0037202
24.415	-0.0036891
24.42	-0.0036675
24.425	-0.0036417
24.43	-0.0034697
24.435	-0.0031336
24.44	-0.0027137
24.445	-0.0023271
24.45	-0.0021008
24.455	-0.0018785
24.46	-0.0014334
24.465	-0.00089447
24.47	-0.00054725
24.475	-0.00046912
24.48	-0.00054217
24.485	-0.00059567
24.49	-0.00042469
24.495	-8.1715e-05
24.5	6.222e-05
24.505	2.1272e-05
24.51	6.0726e-05
24.515	0.00026699
24.52	0.00028256
24.525	0.00011567
24.53	8.2674e-05
24.535	0.00037118
24.54	0.00079961
24.545	0.0010801
24.55	0.0011251
24.555	0.0010444
24.56	0.0009717
24.565	0.00095132
24.57	0.00097935
24.575	0.0010097
24.58	0.0010105
24.585	0.00098837
24.59	0.00096428
24.595	0.00094935
24.6	0.00094463
24.605	0.00094233
24.61	0.00093895
24.615	0.00093516
24.62	0.00099838
24.625	0.0014423
24.63	0.0021049
24.635	0.0025522
24.64	0.0026491
24.645	0.0026003
24.65	0.0028792
24.655	0.0033056
24.66	0.0036793
24.665	0.0039405
24.67	0.004036
24.675	0.004018
24.68	0.0040336
24.685	0.0042093
24.69	0.0042944
24.695	0.0042559
24.7	0.0043505
24.705	0.0045817
24.71	0.0048324
24.715	0.0051569
24.72	0.005458
24.725	0.0056076
24.73	0.0056096
24.735	0.0054963
24.74	0.0052739
24.745	0.0052152
24.75	0.0053077
24.755	0.0053013
24.76	0.0053231
24.765	0.0054279
24.77	0.0054631
24.775	0.0051821
24.78	0.0045931
24.785	0.0040606
24.79	0.0038466
24.795	0.00389
24.8	0.0039965
24.805	0.0040278
24.81	0.003984
24.815	0.0039268
24.82	0.0038896
24.825	0.0038887
24.83	0.0039177
24.835	0.0039442
24.84	0.0039627
24.845	0.0039712
24.85	0.0039728
24.855	0.0039672
24.86	0.0039563
24.865	0.0039529
24.87	0.0039532
24.875	0.0039611
24.88	0.0039673
24.885	0.0039725
24.89	0.0038794
24.895	0.0035743
24.9	0.0031684
24.905	0.0027332
24.91	0.002441
24.915	0.0023589
24.92	0.0024028
24.925	0.0024564
24.93	0.0024628
24.935	0.0024302
24.94	0.0023933
24.945	0.0023763
24.95	0.002381
24.955	0.0023958
24.96	0.0024075
24.965	0.0023987
24.97	0.0022473
24.975	0.0017918
24.98	0.0011724
24.985	0.00072746
24.99	0.00059843
24.995	0.0006759
25	0.00077801
25.005	0.00079242
25.01	0.00061258
25.015	0.00023018
25.02	-0.00021055
25.025	-0.00061441
25.03	-0.00083628
25.035	-0.00086556
25.04	-0.00080609
25.045	-0.00076009
25.05	-0.00077346
25.055	-0.00083096
25.06	-0.0008998
25.065	-0.0010559
25.07	-0.001181
25.075	-0.0012358
25.08	-0.0012039
25.085	-0.001027
25.09	-0.00084329
25.095	-0.00075837
25.1	-0.00076548
25.105	-0.00080429
25.11	-0.00082416
25.115	-0.00080544
25.12	-0.00077326
25.125	-0.00075801
25.13	-0.00076121
25.135	-0.00077006
25.14	-0.0007501
25.145	-0.00054279
25.15	-3.2092e-05
25.155	0.00055051
25.16	0.00086308
25.165	0.00068763
25.17	6.3912e-05
25.175	-0.00061026
25.18	-0.00095251
25.185	-0.00094287
25.19	-0.00078809
25.195	-0.00067598
25.2	-0.00067389
25.205	-0.00073967
25.21	-0.00080047
25.215	-0.00081735
25.22	-0.00079585
25.225	-0.00076427
25.23	-0.00074557
25.235	-0.00074382
25.24	-0.00074712
25.245	-0.00073646
25.25	-0.00071215
25.255	-0.00069693
25.26	-0.0006929
25.265	-0.00068618
25.27	-0.0006777
25.275	-0.00071419
25.28	-0.0010231
25.285	-0.0013322
25.29	-0.0013997
25.295	-0.0015342
25.3	-0.0016597
25.305	-0.0014457
25.31	-0.00098725
25.315	-0.00062935
25.32	-0.00052577
25.325	-0.0005976
25.33	-0.00069416
25.335	-0.00072579
25.34	-0.00069342
25.345	-0.00064249
25.35	-0.00059282
25.355	-0.0004498
25.36	-0.0003238
25.365	-0.00022142
25.37	0.00010097
25.375	0.00056273
25.38	0.00088632
25.385	0.00097039
25.39	0.00090429
25.395	0.00082553
25.4	0.00080712
25.405	0.00084068
25.41	0.00088448
25.415	0.00090593
25.42	0.00090351
25.425	0.00089266
25.43	0.00088642
25.435	0.00088709
25.44	0.00085855
25.445	0.00060778
25.45	8.6363e-05
25.455	-0.0002837
25.46	-0.00045098
25.465	-0.00055279
25.47	-0.000614
25.475	-0.00064493
25.48	-0.00065894
25.485	-0.00066449
25.49	-0.00066581
25.495	-0.00066334
25.5	-0.00065923
25.505	-0.00065581
25.51	-0.00065398
25.515	-0.00065578
25.52	-0.00072379
25.525	-0.0011709
25.53	-0.0018138
25.535	-0.0020254
25.54	-0.0015784
25.545	-0.00091063
25.55	-0.00051429
25.555	-0.00049347
25.56	-0.00069146
25.565	-0.0010154
25.57	-0.0011716
25.575	-0.001219
25.58	-0.0013025
25.585	-0.0013625
25.59	-0.0012337
25.595	-0.0011747
25.6	-0.0014593
25.605	-0.0016821
25.61	-0.0014292
25.615	-0.00091221
25.62	-0.00050322
25.625	-0.0001634
25.63	0.00021873
25.635	0.00014495
25.64	-0.0006631
25.645	-0.001303
25.65	-0.0012498
25.655	-0.00087124
25.66	-0.00080302
25.665	-0.0012986
25.67	-0.001975
25.675	-0.0023814
25.68	-0.0024231
25.685	-0.0022772
25.69	-0.0021493
25.695	-0.0021271
25.7	-0.0021793
25.705	-0.0022048
25.71	-0.0020063
25.715	-0.0016734
25.72	-0.0014331
25.725	-0.0013791
25.73	-0.0014808
25.735	-0.001777
25.74	-0.002079
25.745	-0.0019957
25.75	-0.001471
25.755	-0.0010963
25.76	-0.0013306
25.765	-0.001902
25.77	-0.0023269
25.775	-0.0024214
25.78	-0.0023009
25.785	-0.0021633
25.79	-0.0021211
25.795	-0.0021668
25.8	-0.0022353
25.805	-0.0022755
25.81	-0.0022777
25.815	-0.0022617
25.82	-0.0022544
25.825	-0.0023244
25.83	-0.0025951
25.835	-0.0029217
25.84	-0.0030965
25.845	-0.0030984
25.85	-0.0030848
25.855	-0.003223
25.86	-0.0032836
25.865	-0.0031199
25.87	-0.0027256
25.875	-0.0023327
25.88	-0.0021417
25.885	-0.002082
25.89	-0.0018409
25.895	-0.0013186
25.9	-0.00081792
25.905	-0.00058876
25.91	-0.00060991
25.915	-0.00071903
25.92	-0.00078275
25.925	-0.00076846
25.93	-0.00071693
25.935	-0.00067751
25.94	-0.00067088
25.945	-0.00068681
25.95	-0.0007048
25.955	-0.0007124
25.96	-0.00070975
25.965	-0.00070308
25.97	-0.00069935
25.975	-0.00069971
25.98	-0.00070335
25.985	-0.00070633
25.99	-0.00069775
25.995	-0.00056009
26	-4.0686e-05
26.005	0.00059794
26.01	0.00097032
26.015	0.001006
26.02	0.00081163
26.025	0.00039266
26.03	-5.642e-05
26.035	6.4028e-06
26.04	0.00042891
26.045	0.00066852
26.05	0.00067773
26.055	0.00039848
26.06	-8.6838e-05
26.065	-0.00038314
26.07	-0.00051289
26.075	-0.00053508
26.08	-0.00041097
26.085	-0.00039559
26.09	-0.00054538
26.095	-0.00072479
26.1	-0.00081999
26.105	-0.00080149
26.11	-0.00066933
26.115	-0.00036491
26.12	-4.0793e-05
26.125	0.00013168
26.13	0.00020211
26.135	0.00039535
26.14	0.00068231
26.145	0.0010443
26.15	0.0015661
26.155	0.0018727
26.16	0.0017587
26.165	0.0013103
26.17	0.00089439
26.175	0.00073982
26.18	0.0008041
26.185	0.00092646
26.19	0.00098684
26.195	0.00096587
26.2	0.00091103
26.205	0.00087254
26.21	0.00086809
26.215	0.00088542
26.22	0.00090297
26.225	0.00090906
26.23	0.00090478
26.235	0.00089752
26.24	0.0008939
26.245	0.00089694
26.25	0.00090399
26.255	0.00090854
26.26	0.00090924
26.265	0.00090742
26.27	0.00090574
26.275	0.00090515
26.28	0.00090579
26.285	0.0009083
26.29	0.00091243
26.295	0.00091602
26.3	0.00091734
26.305	0.00091687
26.31	0.00091614
26.315	0.00091745
26.32	0.00092159
26.325	0.00092551
26.33	0.00092767
26.335	0.00092741
26.34	0.00092625
26.345	0.00093019
26.35	0.0010423
26.355	0.0013629
26.36	0.0018006
26.365	0.0022502
26.37	0.002518
26.375	0.0025547
26.38	0.0023652
26.385	0.0020959
26.39	0.0018257
26.395	0.001379
26.4	0.00097533
26.405	0.00079444
26.41	0.00080469
26.415	0.0008749
26.42	0.00090832
26.425	0.00088685
26.43	0.00084157
26.435	0.00080888
26.44	0.00079532
26.445	0.00079486
26.45	0.00080015
26.455	0.00079125
26.46	0.00077363
26.465	0.00076025
26.47	0.00075641
26.475	0.00075903
26.48	0.00076336
26.485	0.00076721
26.49	0.00077045
26.495	0.00077245
26.5	0.00077362
26.505	0.00077576
26.51	0.00078006
26.515	0.00078366
26.52	0.00078658
26.525	0.00079127
26.53	0.00080934
26.535	0.00096197
26.54	0.0014059
26.545	0.001994
26.55	0.002399
26.555	0.0025027
26.56	0.0024203
26.565	0.0023137
26.57	0.0022831
26.575	0.0023316
26.58	0.0023984
26.585	0.0024329
26.59	0.0024288
26.595	0.0024093
26.6	0.0024182
26.605	0.0025971
26.61	0.0029049
26.615	0.0030087
26.62	0.0029251
26.625	0.0027579
26.63	0.0025174
26.635	0.0023345
26.64	0.0022821
26.645	0.0023515
26.65	0.002614
26.655	0.0030907
26.66	0.0032799
26.665	0.0029334
26.67	0.0024583
26.675	0.0022088
26.68	0.0022278
26.685	0.0023628
26.69	0.0024613
26.695	0.0024704
26.7	0.0024226
26.705	0.0023742
26.71	0.0023505
26.715	0.0023578
26.72	0.0023872
26.725	0.0024127
26.73	0.0024214
26.735	0.0024162
26.74	0.0024068
26.745	0.0023929
26.75	0.0023853
26.755	0.0023929
26.76	0.0023769
26.765	0.0022226
26.77	0.0020784
26.775	0.0021459
26.78	0.0023183
26.785	0.0024433
26.79	0.0024659
26.795	0.0024168
26.8	0.0023641
26.805	0.0023468
26.81	0.0023606
26.815	0.0023801
26.82	0.0023893
26.825	0.0023871
26.83	0.0023805
26.835	0.0023767
26.84	0.0023775
26.845	0.0023794
26.85	0.0023551
26.855	0.0021472
26.86	0.0016302
26.865	0.0010412
26.87	0.00070963
26.875	0.00068215
26.88	0.00079745
26.885	0.00088727
26.89	0.00088564
26.895	0.00078964
26.9	0.00055472
26.905	0.00037504
26.91	0.00026552
26.915	-4.5458e-05
26.92	-0.00048995
26.925	-0.00080676
26.93	-0.00090523
26.935	-0.00086231
26.94	-0.00079612
26.945	-0.00076558
26.95	-0.00078435
26.955	-0.0008275
26.96	-0.00085699
26.965	-0.00085702
26.97	-0.00082871
26.975	-0.0008061
26.98	-0.00080783
26.985	-0.00078882
26.99	-0.00080674
26.995	-0.00081468
27	-0.00081672
27.005	-0.00081958
27.01	-0.00082836
27.015	-0.0008742
27.02	-0.0011404
27.025	-0.0016883
27.03	-0.0022274
27.035	-0.0024675
27.04	-0.0022601
27.045	-0.001872
27.05	-0.0018117
27.055	-0.0020801
27.06	-0.002232
27.065	-0.0022923
27.07	-0.0023784
27.075	-0.0024534
27.08	-0.0025025
27.085	-0.0025298
27.09	-0.002542
27.095	-0.0025469
27.1	-0.0025508
27.105	-0.0025572
27.11	-0.0025653
27.115	-0.0025726
27.12	-0.0025773
27.125	-0.0025787
27.13	-0.0025782
27.135	-0.0025571
27.14	-0.0023549
27.145	-0.0020067
27.15	-0.0015674
27.155	-0.0011898
27.16	-0.0010561
27.165	-0.0012968
27.17	-0.0017499
27.175	-0.0022211
27.18	-0.0023745
27.185	-0.0021769
27.19	-0.001915
27.195	-0.0017973
27.2	-0.0018435
27.205	-0.0019088
27.21	-0.0017394
27.215	-0.0014008
27.22	-0.0011537
27.225	-0.0010984
27.23	-0.0011636
27.235	-0.0012163
27.24	-0.0010386
27.245	-0.00069932
27.25	-0.00040945
27.255	-0.00011681
27.26	0.00015706
27.265	0.00030708
27.27	0.00033121
27.275	0.00029932
27.28	0.00027617
27.285	0.00028399
27.29	0.00030814
27.295	0.00032696
27.3	0.00032931
27.305	0.00028684
27.31	2.4291e-05
27.315	-0.00053284
27.32	-0.0010808
27.325	-0.0013452
27.33	-0.00133
27.335	-0.001214
27.34	-0.001141
27.345	-0.0011578
27.35	-0.0012278
27.355	-0.0012951
27.36	-0.0013143
27.365	-0.0012893
27.37	-0.0012656
27.375	-0.0012561
27.38	-0.001263
27.385	-0.0012704
27.39	-0.0012772
27.395	-0.0012858
27.4	-0.0012904
27.405	-0.0012894
27.41	-0.0012848
27.415	-0.0012803
27.42	-0.001277
27.425	-0.0012749
27.43	-0.001273
27.435	-0.001271
27.44	-0.0012694
27.445	-0.0012675
27.45	-0.0012673
27.455	-0.0012978
27.46	-0.001477
27.465	-0.0016421
27.47	-0.0019575
27.475	-0.0023895
27.48	-0.002513
27.485	-0.0022877
27.49	-0.0019729
27.495	-0.0016286
27.5	-0.0013415
27.505	-0.0012122
27.51	-0.0011857
27.515	-0.0010554
27.52	-0.00097439
27.525	-0.001066
27.53	-0.0012108
27.535	-0.0012416
27.54	-0.00084762
27.545	-0.00021094
27.55	0.00022471
27.555	0.00030623
27.56	0.00022142
27.565	0.00027142
27.57	0.00037438
27.575	0.00053118
27.58	0.0006394
27.585	0.00049396
27.59	0.00021014
27.595	6.1502e-05
27.6	0.00018666
27.605	0.0002897
27.61	0.00021254
27.615	5.5928e-05
27.62	-5.6884e-05
27.625	-9.314e-05
27.63	-7.8969e-05
27.635	-5.4157e-05
27.64	-3.7549e-05
27.645	6.9561e-05
27.65	0.00044253
27.655	0.00068952
27.66	0.00048784
27.665	7.0817e-05
27.67	-0.00021683
27.675	-0.00026551
27.68	-0.00017207
27.685	-8.1727e-05
27.69	-7.3598e-05
27.695	-0.00012761
27.7	-0.00018443
27.705	-0.00020854
27.71	-0.0002016
27.715	-0.00018432
27.72	-0.0001782
27.725	-0.00019079
27.73	-0.00020099
27.735	-0.00019882
27.74	-0.0001514
27.745	1.3935e-06
27.75	9.9638e-05
27.755	0.00019909
27.76	0.00027251
27.765	0.00019525
27.77	0.0001147
27.775	4.8661e-05
27.78	7.1528e-05
27.785	9.9424e-05
27.79	0.00019393
27.795	0.00034141
27.8	0.00038861
27.805	0.00020306
27.81	-7.541e-05
27.815	-0.00024844
27.82	-0.0002685
27.825	-0.0002079
27.83	-0.00015443
27.835	-0.00015021
27.84	-0.00023624
27.845	-0.00041504
27.85	-0.00052868
27.855	-0.00072452
27.86	-0.0010665
27.865	-0.0012963
27.87	-0.0012667
27.875	-0.0012246
27.88	-0.0012645
27.885	-0.0013368
27.89	-0.0013086
27.895	-0.001091
27.9	-0.00090662
27.905	-0.00099805
27.91	-0.0012366
27.915	-0.0014093
27.92	-0.001434
27.925	-0.0012953
27.93	-0.00099849
27.935	-0.00066192
27.94	-0.00033096
27.945	-0.00011612
27.95	-6.4902e-05
27.955	-0.00010782
27.96	-0.0001535
27.965	-0.0001582
27.97	-0.0001314
27.975	-0.00010383
27.98	-9.9775e-05
27.985	-0.00018613
27.99	-0.00048801
27.995	-0.00093071
28	-0.0011944
28.005	-0.0011496
28.01	-0.0010765
28.015	-0.0011016
28.02	-0.0011842
28.025	-0.0012588
28.03	-0.0012855
28.035	-0.001267
28.04	-0.0012314
28.045	-0.0012034
28.05	-0.0011896
28.055	-0.0011834
28.06	-0.001177
28.065	-0.0011707
28.07	-0.0011698
28.075	-0.0011678
28.08	-0.0011636
28.085	-0.0011636
28.09	-0.001167
28.095	-0.001167
28.1	-0.0010863
28.105	-0.00085937
28.11	-0.0005719
28.115	-0.0002689
28.12	-6.5516e-05
28.125	-9.9553e-06
28.13	-4.8641e-05
28.135	-9.3605e-05
28.14	-9.7953e-05
28.145	-5.2275e-05
28.15	0.0001631
28.155	0.00059366
28.16	0.00095664
28.165	0.0010776
28.17	0.0010048
28.175	0.00073491
28.18	0.00029997
28.185	0.00012034
28.19	0.00040722
28.195	0.0008301
28.2	0.0010594
28.205	0.0010372
28.21	0.00090211
28.215	0.00080067
28.22	0.00078519
28.225	0.00082382
28.23	0.00086189
28.235	0.00086952
28.24	0.00085018
28.245	0.00082375
28.25	0.00080546
28.255	0.00079868
28.26	0.00079769
28.265	0.0007903
28.27	0.00077058
28.275	0.00074881
28.28	0.00073486
28.285	0.00074493
28.29	0.00091169
28.295	0.0012915
28.3	0.0016263
28.305	0.0017481
28.31	0.0016954
28.315	0.001595
28.32	0.0015374
28.325	0.0015357
28.33	0.0015624
28.335	0.0016452
28.34	0.0017953
28.345	0.0018411
28.35	0.0016911
28.355	0.0014882
28.36	0.0013668
28.365	0.0013464
28.37	0.0013723
28.375	0.0013867
28.38	0.0013686
28.385	0.0013301
28.39	0.0012927
28.395	0.0012679
28.4	0.0012535
28.405	0.0012418
28.41	0.0012271
28.415	0.0012075
28.42	0.0011848
28.425	0.0011622
28.43	0.0011419
28.435	0.0011233
28.44	0.001105
28.445	0.0010858
28.45	0.0010653
28.455	0.0010441
28.46	0.0010229
28.465	0.0010026
28.47	0.00098846
28.475	0.0010296
28.48	0.0010951
28.485	0.0010576
28.49	0.00095281
28.495	0.00086266
28.5	0.00082234
28.505	0.0008174
28.51	0.00081677
28.515	0.00078348
28.52	0.0006039
28.525	0.00027741
28.53	8.576e-06
28.535	-8.0209e-05
28.54	2.9741e-05
28.545	0.00022044
28.55	0.00026727
28.555	0.00012748
28.56	-4.7715e-05
28.565	-0.0001389
28.57	-0.00013633
28.575	-9.5439e-05
28.58	-6.9351e-05
28.585	-7.5982e-05
28.59	-0.00011195
28.595	-0.00021473
28.6	-0.0003651
28.605	-0.00047296
28.61	-0.00051163
28.615	-0.00056202
28.62	-0.00066097
28.625	-0.00074966
28.63	-0.00079127
28.635	-0.00079238
28.64	-0.00077526
28.645	-0.00074216
28.65	-0.00060381
28.655	-0.00043216
28.66	-0.00043128
28.665	-0.00059397
28.67	-0.00081329
28.675	-0.00099693
28.68	-0.0011187
28.685	-0.0011518
28.69	-0.0011383
28.695	-0.0011595
28.7	-0.0012006
28.705	-0.0012242
28.71	-0.0012174
28.715	-0.0011909
28.72	-0.0011614
28.725	-0.0011383
28.73	-0.0011213
28.735	-0.0011063
28.74	-0.0010899
28.745	-0.0010715
28.75	-0.0010595
28.755	-0.0010992
28.76	-0.001192
28.765	-0.0013031
28.77	-0.0013582
28.775	-0.0013535
28.78	-0.0013457
28.785	-0.0013018
28.79	-0.0012467
28.795	-0.0011948
28.8	-0.0011226
28.805	-0.0010558
28.81	-0.0010204
28.815	-0.0010478
28.82	-0.0010859
28.825	-0.0011012
28.83	-0.0011167
28.835	-0.0011207
28.84	-0.001105
28.845	-0.0010758
28.85	-0.0010438
28.855	-0.0010151
28.86	-0.00098966
28.865	-0.00096498
28.87	-0.00093873
28.875	-0.000911
28.88	-0.0008828
28.885	-0.00085528
28.89	-0.00082908
28.895	-0.00080333
28.9	-0.00077748
28.905	-0.00075666
28.91	-0.00077156
28.915	-0.00081231
28.92	-0.0008002
28.925	-0.00071796
28.93	-0.00063077
28.935	-0.00060716
28.94	-0.00061532
28.945	-0.00058953
28.95	-0.00053462
28.955	-0.00048052
28.96	-0.00044401
28.965	-0.000423
28.97	-0.00040712
28.975	-0.00038831
28.98	-0.00036454
28.985	-0.00033839
28.99	-0.00031312
28.995	-0.00029075
29	-0.00027289
29.005	-0.00025751
29.01	-0.00024063
29.015	-0.00022481
29.02	-0.00023676
29.025	-0.00029265
29.03	-0.00032897
29.035	-0.00027693
29.04	-0.00016823
29.045	-7.8339e-05
29.05	-3.9656e-05
29.055	-3.509e-05
29.06	-3.4203e-05
29.065	-2.1133e-05
29.07	3.0303e-06
29.075	3.2433e-05
29.08	7.8739e-05
29.085	0.00014048
29.09	0.00020857
29.095	0.00026994
29.1	0.00030548
29.105	0.00031587
29.11	0.00031852
29.115	0.00034488
29.12	0.00041153
29.125	0.00048695
29.13	0.00052996
29.135	0.00053438
29.14	0.00052023
29.145	0.00051291
29.15	0.00054732
29.155	0.00061479
29.16	0.00066256
29.165	0.00065482
29.17	0.00060626
29.175	0.00056134
29.18	0.00054344
29.185	0.00054713
29.19	0.00055533
29.195	0.00055469
29.2	0.00053464
29.205	0.00051331
29.21	0.00051002
29.215	0.00050595
29.22	0.00048897
29.225	0.00047361
29.23	0.00048945
29.235	0.00053307
29.24	0.00056739
29.245	0.000574
29.25	0.00056024
29.255	0.00054241
29.26	0.00053075
29.265	0.00052579
29.27	0.00052308
29.275	0.00051861
29.28	0.0005114
29.285	0.00050268
29.29	0.00049417
29.295	0.00048667
29.3	0.00047998
29.305	0.00047351
29.31	0.0004668
29.315	0.00045994
29.32	0.00045323
29.325	0.00044874
29.33	0.00045826
29.335	0.0004793
29.34	0.00049234
29.345	0.00048907
29.35	0.00047492
29.355	0.00045933
29.36	0.00044758
29.365	0.0004395
29.37	0.00043312
29.375	0.00043012
29.38	0.00042551
29.385	0.00041732
29.39	0.0004055
29.395	0.00038951
29.4	0.00037448
29.405	0.00036336
29.41	0.00035542
29.415	0.00034842
29.42	0.00034074
29.425	0.00033205
29.43	0.00032307
29.435	0.00031453
29.44	0.00030665
29.445	0.00029981
29.45	0.00029697
29.455	0.00029592
29.46	0.00029132
29.465	0.00027927
29.47	0.0002637
29.475	0.00025092
29.48	0.00024284
29.485	0.00023752
29.49	0.00023239
29.495	0.0002261
29.5	0.00021885
29.505	0.00021159
29.51	0.00020488
29.515	0.00019832
29.52	0.00018935
29.525	0.00017717
29.53	0.00016602
29.535	0.00016092
29.54	0.00016026
29.545	0.00015963
29.55	0.0001579
29.555	0.00015293
29.56	0.00014415
29.565	0.00013624
29.57	0.00013037
29.575	0.00012565
29.58	0.00012169
29.585	0.00011803
29.59	0.00011438
29.595	0.0001107
29.6	0.00010704
29.605	0.00010346
29.61	0.00010002
29.615	9.6661e-05
29.62	9.3236e-05
29.625	8.8998e-05
29.63	8.4317e-05
29.635	7.9635e-05
29.64	7.5629e-05
29.645	7.2808e-05
29.65	7.1426e-05
29.655	7.0868e-05
29.66	6.8808e-05
29.665	6.504e-05
29.67	6.1227e-05
29.675	5.8379e-05
29.68	5.6391e-05
29.685	5.4689e-05
29.69	5.2843e-05
29.695	5.0728e-05
29.7	4.8498e-05
29.705	4.634e-05
29.71	4.4326e-05
29.715	4.2406e-05
29.72	4.0505e-05
29.725	3.8606e-05
29.73	3.6694e-05
29.735	3.4799e-05
29.74	3.2969e-05
29.745	3.1197e-05
29.75	2.9465e-05
29.755	2.7724e-05
29.76	2.5893e-05
29.765	2.4082e-05
29.77	2.2429e-05
29.775	2.0982e-05
29.78	1.9675e-05
29.785	1.8338e-05
29.79	1.699e-05
29.795	1.566e-05
29.8	1.434e-05
29.805	1.3041e-05
29.81	1.1773e-05
29.815	1.0552e-05
29.82	9.377e-06
29.825	8.2461e-06
29.83	7.1578e-06
29.835	6.1133e-06
29.84	5.1121e-06
29.845	4.1527e-06
29.85	3.2364e-06
29.855	2.3703e-06
29.86	1.5568e-06
29.865	7.9265e-07
29.87	7.4379e-08
29.875	-6.0027e-07
29.88	-1.2312e-06
29.885	-1.8179e-06
29.89	-2.3579e-06
29.895	-2.8492e-06
29.9	-3.2925e-06
29.905	-3.6893e-06
29.91	-4.0386e-06
29.915	-4.342e-06
29.92	-4.5992e-06
29.925	-4.81e-06
29.93	-4.9751e-06
29.935	-5.0955e-06
29.94	-5.1719e-06
29.945	-5.2044e-06
29.95	-5.1932e-06
29.955	-5.1386e-06
29.96	-5.0407e-06
29.965	-4.8998e-06
29.97	-4.7163e-06
29.975	-4.4909e-06
