0	6.2934e-06
0.005	1.2905e-05
0.01	5.7378e-06
0.015	1.2626e-05
0.02	9.0447e-06
0.025	2.0636e-05
0.03	1.8766e-05
0.035	3.364e-05
0.04	3.9328e-05
0.045	6.3759e-05
0.05	7.937e-05
0.055	7.7324e-05
0.06	1.4092e-06
0.065	-9.4087e-05
0.07	-0.00018803
0.075	-0.00021605
0.08	-0.00020565
0.085	-0.00012762
0.09	-9.2222e-05
0.095	-9.6641e-05
0.1	-0.00014328
0.105	-0.00018538
0.11	-0.00026806
0.115	-0.00023313
0.12	-4.5836e-05
0.125	0.00020329
0.13	0.0003563
0.135	0.00034094
0.14	9.1166e-05
0.145	-0.00018596
0.15	-0.00042072
0.155	-0.00054764
0.16	-0.0004434
0.165	-4.9387e-05
0.17	0.00031086
0.175	0.00052222
0.18	0.00060289
0.185	0.00064742
0.19	0.00062577
0.195	0.00046859
0.2	7.1439e-05
0.205	-0.00044499
0.21	-0.00061167
0.215	-0.0002363
0.22	0.00015103
0.225	6.0758e-05
0.23	-0.00060163
0.235	-0.0013847
0.24	-0.0017422
0.245	-0.0015737
0.25	-0.0011785
0.255	-0.00029701
0.26	0.00085432
0.265	0.0016598
0.27	0.0016781
0.275	0.0011047
0.28	0.0002775
0.285	-0.00057626
0.29	-0.00060301
0.295	0.00018086
0.3	0.0008955
0.305	0.0012238
0.31	0.0007332
0.315	-0.00027813
0.32	-0.0013735
0.325	-0.0018447
0.33	-0.0017105
0.335	-0.0015915
0.34	-0.0019834
0.345	-0.0023594
0.35	-0.0032391
0.355	-0.0043033
0.36	-0.0046933
0.365	-0.0039666
0.37	-0.0021578
0.375	0.00015027
0.38	0.002101
0.385	0.0026008
0.39	0.0020299
0.395	0.0010856
0.4	-0.00058654
0.405	-0.0028979
0.41	-0.0044372
0.415	-0.0045218
0.42	-0.0037278
0.425	-0.0033752
0.43	-0.0033057
0.435	-0.002551
0.44	-0.0015779
0.445	-0.00029313
0.45	0.00091835
0.455	0.0011577
0.46	-0.00025153
0.465	-0.0029294
0.47	-0.0049859
0.475	-0.0044359
0.48	-0.0024547
0.485	-0.0017492
0.49	-0.002292
0.495	-0.0015988
0.5	0.00050183
0.505	0.0019953
0.51	0.00052243
0.515	-0.0037017
0.52	-0.0077499
0.525	-0.0096173
0.53	-0.0081003
0.535	-0.0046299
0.54	-0.0023695
0.545	-0.0023163
0.55	-0.0048323
0.555	-0.0084574
0.56	-0.011556
0.565	-0.012231
0.57	-0.0091633
0.575	-0.0041248
0.58	0.00041813
0.585	0.0044699
0.59	0.0073544
0.595	0.0093176
0.6	0.0099553
0.605	0.010087
0.61	0.010793
0.615	0.011471
0.62	0.0098902
0.625	0.0069396
0.63	0.002752
0.635	-0.0030027
0.64	-0.0077294
0.645	-0.010819
0.65	-0.012039
0.655	-0.011603
0.66	-0.011141
0.665	-0.010597
0.67	-0.0095788
0.675	-0.0069771
0.68	-0.0022065
0.685	0.0046471
0.69	0.011356
0.695	0.015028
0.7	0.014174
0.705	0.008786
0.71	0.0010841
0.715	-0.0079129
0.72	-0.015849
0.725	-0.02185
0.73	-0.025904
0.735	-0.026316
0.74	-0.023283
0.745	-0.018279
0.75	-0.011864
0.755	-0.0059719
0.76	-0.0027399
0.765	2.0614e-05
0.77	0.0046707
0.775	0.0082929
0.78	0.0073729
0.785	0.0034629
0.79	0.0015299
0.795	0.0028023
0.8	0.0049101
0.805	0.0069153
0.81	0.0078451
0.815	0.0095216
0.82	0.010705
0.825	0.010522
0.83	0.0102
0.835	0.010542
0.84	0.01085
0.845	0.008499
0.85	0.0038145
0.855	-0.0013932
0.86	-0.0046894
0.865	-0.0051534
0.87	-0.0034208
0.875	-0.00033943
0.88	0.0014148
0.885	0.001197
0.89	-0.00122
0.895	-0.0039795
0.9	-0.0069541
0.905	-0.0084246
0.91	-0.0057792
0.915	0.0012455
0.92	0.012086
0.925	0.02523
0.93	0.034121
0.935	0.035497
0.94	0.03242
0.945	0.027255
0.95	0.023092
0.955	0.021347
0.96	0.020177
0.965	0.015385
0.97	0.0082243
0.975	0.00039068
0.98	-0.0060865
0.985	-0.0075972
0.99	-0.0063867
0.995	-0.0054153
1	-0.0054249
1.005	-0.0061033
1.01	-0.0071849
1.015	-0.008384
1.02	-0.0085654
1.025	-0.0046164
1.03	0.0031876
1.035	0.011843
1.04	0.0212
1.045	0.032821
1.05	0.043875
1.055	0.05008
1.06	0.048209
1.065	0.040327
1.07	0.030687
1.075	0.023832
1.08	0.020497
1.085	0.016667
1.09	0.011349
1.095	0.0036945
1.1	-0.0043648
1.105	-0.012098
1.11	-0.01983
1.115	-0.024339
1.12	-0.023612
1.125	-0.019633
1.13	-0.016408
1.135	-0.01472
1.14	-0.015279
1.145	-0.018069
1.15	-0.020851
1.155	-0.020321
1.16	-0.01184
1.165	0.0038231
1.17	0.019395
1.175	0.026559
1.18	0.023224
1.185	0.016074
1.19	0.011273
1.195	0.012261
1.2	0.018865
1.205	0.024923
1.21	0.025515
1.215	0.021091
1.22	0.012729
1.225	0.0022599
1.23	-0.0076701
1.235	-0.015274
1.24	-0.017912
1.245	-0.017306
1.25	-0.015812
1.255	-0.011752
1.26	-0.0049011
1.265	0.0022905
1.27	0.008029
1.275	0.0099003
1.28	0.0097462
1.285	0.011016
1.29	0.015856
1.295	0.026816
1.3	0.039368
1.305	0.050231
1.31	0.056419
1.315	0.052884
1.32	0.040962
1.325	0.024721
1.33	0.010029
1.335	0.0017997
1.34	0.00088111
1.345	0.0026025
1.35	0.0021927
1.355	-0.00054894
1.36	-0.0048467
1.365	-0.0089248
1.37	-0.0098814
1.375	-0.0082125
1.38	-0.003756
1.385	0.00127
1.39	0.0075629
1.395	0.012194
1.4	0.012645
1.405	0.010438
1.41	0.0071236
1.415	0.00070728
1.42	-0.0077995
1.425	-0.017629
1.43	-0.027849
1.435	-0.034055
1.44	-0.033437
1.445	-0.030723
1.45	-0.030515
1.455	-0.034254
1.46	-0.041239
1.465	-0.050514
1.47	-0.05833
1.475	-0.059341
1.48	-0.053137
1.485	-0.043925
1.49	-0.037241
1.495	-0.030256
1.5	-0.020881
1.505	-0.01583
1.51	-0.012754
1.515	-0.0088772
1.52	-0.0063097
1.525	-0.0055599
1.53	-0.0076033
1.535	-0.01241
1.54	-0.015737
1.545	-0.014994
1.55	-0.0091661
1.555	-0.0031542
1.56	0.0021071
1.565	0.0052749
1.57	0.0004964
1.575	-0.00914
1.58	-0.020064
1.585	-0.026859
1.59	-0.02369
1.595	-0.012269
1.6	-0.0037449
1.605	-0.0032165
1.61	-0.010351
1.615	-0.018823
1.62	-0.023416
1.625	-0.025362
1.63	-0.025534
1.635	-0.02319
1.64	-0.018201
1.645	-0.0076352
1.65	0.0072718
1.655	0.022858
1.66	0.039379
1.665	0.056739
1.67	0.068353
1.675	0.067862
1.68	0.056818
1.685	0.041622
1.69	0.028244
1.695	0.019346
1.7	0.013869
1.705	0.0051778
1.71	-0.0089074
1.715	-0.02355
1.72	-0.037338
1.725	-0.048872
1.73	-0.057717
1.735	-0.065577
1.74	-0.070538
1.745	-0.070396
1.75	-0.064544
1.755	-0.054578
1.76	-0.046755
1.765	-0.042973
1.77	-0.042459
1.775	-0.040938
1.78	-0.037916
1.785	-0.033034
1.79	-0.023926
1.795	-0.011131
1.8	0.0059968
1.805	0.025644
1.81	0.038806
1.815	0.039037
1.82	0.029113
1.825	0.011956
1.83	-0.0088508
1.835	-0.027642
1.84	-0.041311
1.845	-0.04935
1.85	-0.048477
1.855	-0.039243
1.86	-0.025937
1.865	-0.0067609
1.87	0.02064
1.875	0.051126
1.88	0.075526
1.885	0.091338
1.89	0.10129
1.895	0.10817
1.9	0.10879
1.905	0.10476
1.91	0.099278
1.915	0.093478
1.92	0.087806
1.925	0.083605
1.93	0.077987
1.935	0.070737
1.94	0.064377
1.945	0.059546
1.95	0.056156
1.955	0.0529
1.96	0.048757
1.965	0.043469
1.97	0.033232
1.975	0.017612
1.98	-0.0021772
1.985	-0.024483
1.99	-0.043968
1.995	-0.060262
2	-0.072269
2.005	-0.078785
2.01	-0.080175
2.015	-0.080127
2.02	-0.080282
2.025	-0.079309
2.03	-0.075141
2.035	-0.064903
2.04	-0.049418
2.045	-0.034319
2.05	-0.025652
2.055	-0.02433
2.06	-0.026897
2.065	-0.032059
2.07	-0.03947
2.075	-0.04895
2.08	-0.057214
2.085	-0.06281
2.09	-0.065036
2.095	-0.062625
2.1	-0.059216
2.105	-0.055935
2.11	-0.050734
2.115	-0.04782
2.12	-0.04968
2.125	-0.050834
2.13	-0.047686
2.135	-0.039735
2.14	-0.027257
2.145	-0.011674
2.15	0.0046895
2.155	0.01893
2.16	0.029598
2.165	0.033827
2.17	0.033096
2.175	0.03414
2.18	0.037657
2.185	0.036127
2.19	0.026279
2.195	0.013558
2.2	0.0081427
2.205	0.011926
2.21	0.024174
2.215	0.042854
2.22	0.064177
2.225	0.082873
2.23	0.092409
2.235	0.090289
2.24	0.078943
2.245	0.060241
2.25	0.04002
2.255	0.023814
2.26	0.012234
2.265	0.0047812
2.27	-0.00025149
2.275	-0.0028368
2.28	-0.0026789
2.285	0.0042636
2.29	0.01798
2.295	0.033237
2.3	0.044964
2.305	0.05233
2.31	0.057733
2.315	0.06386
2.32	0.070831
2.325	0.077075
2.33	0.076631
2.335	0.067552
2.34	0.052
2.345	0.03349
2.35	0.012839
2.355	-0.0084231
2.36	-0.027999
2.365	-0.038485
2.37	-0.037924
2.375	-0.030133
2.38	-0.017451
2.385	-0.0029984
2.39	0.0086392
2.395	0.015413
2.4	0.017331
2.405	0.013459
2.41	0.0070634
2.415	0.0043213
2.42	0.0070802
2.425	0.013852
2.43	0.022048
2.435	0.030535
2.44	0.035855
2.445	0.033006
2.45	0.024047
2.455	0.011972
2.46	-0.0014201
2.465	-0.010878
2.47	-0.016936
2.475	-0.023353
2.48	-0.02885
2.485	-0.033575
2.49	-0.038575
2.495	-0.042914
2.5	-0.042054
2.505	-0.036865
2.51	-0.036173
2.515	-0.042506
2.52	-0.047411
2.525	-0.048336
2.53	-0.045042
2.535	-0.037039
2.54	-0.028174
2.545	-0.02037
2.55	-0.013932
2.555	-0.005753
2.56	0.0035733
2.565	0.010597
2.57	0.014119
2.575	0.011972
2.58	0.0059822
2.585	0.0031172
2.59	0.0069503
2.595	0.016453
2.6	0.029429
2.605	0.044163
2.61	0.053876
2.615	0.053404
2.62	0.046144
2.625	0.035465
2.63	0.024427
2.635	0.011927
2.64	-0.0043214
2.645	-0.023672
2.65	-0.042565
2.655	-0.059308
2.66	-0.072567
2.665	-0.077955
2.67	-0.074019
2.675	-0.063963
2.68	-0.053126
2.685	-0.045957
2.69	-0.039161
2.695	-0.032134
2.7	-0.028913
2.705	-0.033134
2.71	-0.043945
2.715	-0.059746
2.72	-0.079368
2.725	-0.097096
2.73	-0.10537
2.735	-0.10053
2.74	-0.083202
2.745	-0.058744
2.75	-0.036142
2.755	-0.02035
2.76	-0.011708
2.765	-0.008453
2.77	-0.010992
2.775	-0.019437
2.78	-0.034691
2.785	-0.053821
2.79	-0.071935
2.795	-0.086108
2.8	-0.094642
2.805	-0.096549
2.81	-0.087387
2.815	-0.069469
2.82	-0.046947
2.825	-0.022882
2.83	0.00094258
2.835	0.023702
2.84	0.04638
2.845	0.070215
2.85	0.092665
2.855	0.10863
2.86	0.11546
2.865	0.11385
2.87	0.10703
2.875	0.10097
2.88	0.098405
2.885	0.093232
2.89	0.078804
2.895	0.056202
2.9	0.030486
2.905	0.0085969
2.91	-0.0058238
2.915	-0.012819
2.92	-0.015966
2.925	-0.020792
2.93	-0.026711
2.935	-0.028954
2.94	-0.01964
2.945	-5.1188e-05
2.95	0.021204
2.955	0.031375
2.96	0.024573
2.965	0.0031926
2.97	-0.025625
2.975	-0.052441
2.98	-0.06848
2.985	-0.073506
2.99	-0.071649
2.995	-0.063353
3	-0.046864
3.005	-0.0262
3.01	-0.0017611
3.015	0.028421
3.02	0.057064
3.025	0.077829
3.03	0.085713
3.035	0.078839
3.04	0.058462
3.045	0.031033
3.05	0.0049785
3.055	-0.013819
3.06	-0.024322
3.065	-0.028574
3.07	-0.026289
3.075	-0.014873
3.08	0.0079081
3.085	0.040516
3.09	0.076806
3.095	0.10859
3.1	0.13136
3.105	0.14167
3.11	0.13908
3.115	0.12556
3.12	0.10527
3.125	0.083928
3.13	0.064417
3.135	0.050206
3.14	0.042238
3.145	0.035618
3.15	0.030498
3.155	0.0271
3.16	0.023446
3.165	0.018458
3.17	0.011537
3.175	0.00095868
3.18	-0.013591
3.185	-0.026988
3.19	-0.032479
3.195	-0.0295
3.2	-0.01915
3.205	-0.00099991
3.21	0.019361
3.215	0.039391
3.22	0.059127
3.225	0.075618
3.23	0.086008
3.235	0.088996
3.24	0.082813
3.245	0.06478
3.25	0.03638
3.255	0.0059752
3.26	-0.019874
3.265	-0.042921
3.27	-0.065596
3.275	-0.086024
3.28	-0.10143
3.285	-0.11131
3.29	-0.11679
3.295	-0.11668
3.3	-0.11189
3.305	-0.10653
3.31	-0.10143
3.315	-0.097253
3.32	-0.094375
3.325	-0.091842
3.33	-0.085054
3.335	-0.071753
3.34	-0.050835
3.345	-0.028876
3.35	-0.012003
3.355	-0.0019359
3.36	0.0039
3.365	0.0094116
3.37	0.016575
3.375	0.025139
3.38	0.036296
3.385	0.049449
3.39	0.060819
3.395	0.068861
3.4	0.072354
3.405	0.070129
3.41	0.063544
3.415	0.057488
3.42	0.053188
3.425	0.054526
3.43	0.064157
3.435	0.078883
3.44	0.09568
3.445	0.11528
3.45	0.13268
3.455	0.14694
3.46	0.1574
3.465	0.16442
3.47	0.16426
3.475	0.154
3.48	0.13437
3.485	0.10703
3.49	0.078646
3.495	0.057869
3.5	0.045974
3.505	0.039414
3.51	0.03114
3.515	0.017265
3.52	-0.0016396
3.525	-0.02215
3.53	-0.039872
3.535	-0.05644
3.54	-0.068909
3.545	-0.073836
3.55	-0.069506
3.555	-0.057435
3.56	-0.043812
3.565	-0.037508
3.57	-0.043773
3.575	-0.06213
3.58	-0.086174
3.585	-0.10846
3.59	-0.12463
3.595	-0.13261
3.6	-0.13243
3.605	-0.12797
3.61	-0.12282
3.615	-0.11937
3.62	-0.11674
3.625	-0.10908
3.63	-0.095409
3.635	-0.077924
3.64	-0.058273
3.645	-0.04144
3.65	-0.030075
3.655	-0.025252
3.66	-0.025605
3.665	-0.027011
3.67	-0.0264
3.675	-0.021257
3.68	-0.015069
3.685	-0.010481
3.69	-0.0091997
3.695	-0.011376
3.7	-0.015757
3.705	-0.018135
3.71	-0.01456
3.715	-0.0023323
3.72	0.016152
3.725	0.034757
3.73	0.048996
3.735	0.057706
3.74	0.064816
3.745	0.070382
3.75	0.069765
3.755	0.064807
3.76	0.058051
3.765	0.050253
3.77	0.043451
3.775	0.040386
3.78	0.040244
3.785	0.03937
3.79	0.037939
3.795	0.035763
3.8	0.031348
3.805	0.023899
3.81	0.012224
3.815	-0.006179
3.82	-0.032153
3.825	-0.065961
3.83	-0.10492
3.835	-0.14379
3.84	-0.17425
3.845	-0.19195
3.85	-0.19397
3.855	-0.18392
3.86	-0.16693
3.865	-0.14757
3.87	-0.12617
3.875	-0.10198
3.88	-0.08243
3.885	-0.068921
3.89	-0.057831
3.895	-0.04832
3.9	-0.041759
3.905	-0.041311
3.91	-0.048257
3.915	-0.058848
3.92	-0.066377
3.925	-0.0666
3.93	-0.062788
3.935	-0.059733
3.94	-0.058209
3.945	-0.05826
3.95	-0.0609
3.955	-0.063289
3.96	-0.062194
3.965	-0.055331
3.97	-0.044015
3.975	-0.029702
3.98	-0.01006
3.985	0.011174
3.99	0.027133
3.995	0.0355
4	0.03653
4.005	0.029101
4.01	0.016358
4.015	0.0088952
4.02	0.015011
4.025	0.036287
4.03	0.065834
4.035	0.095194
4.04	0.11803
4.045	0.13443
4.05	0.14545
4.055	0.14667
4.06	0.13525
4.065	0.11757
4.07	0.094311
4.075	0.064429
4.08	0.031291
4.085	0.00027293
4.09	-0.022461
4.095	-0.03639
4.1	-0.041477
4.105	-0.040784
4.11	-0.036793
4.115	-0.028294
4.12	-0.013982
4.125	0.0038418
4.13	0.027133
4.135	0.054521
4.14	0.077604
4.145	0.089691
4.15	0.092804
4.155	0.093081
4.16	0.091918
4.165	0.088141
4.17	0.078032
4.175	0.061037
4.18	0.044347
4.185	0.032875
4.19	0.024438
4.195	0.015931
4.2	0.0042728
4.205	-0.012085
4.21	-0.030671
4.215	-0.045632
4.22	-0.053057
4.225	-0.053975
4.23	-0.049326
4.235	-0.038591
4.24	-0.020122
4.245	0.0017906
4.25	0.021299
4.255	0.032834
4.26	0.035977
4.265	0.033427
4.27	0.029693
4.275	0.031358
4.28	0.041205
4.285	0.052199
4.29	0.059181
4.295	0.060638
4.3	0.057848
4.305	0.053086
4.31	0.048341
4.315	0.043826
4.32	0.039971
4.325	0.035181
4.33	0.026719
4.335	0.013939
4.34	0.0029837
4.345	0.00054339
4.35	0.0065508
4.355	0.017039
4.36	0.025115
4.365	0.026119
4.37	0.026424
4.375	0.029439
4.38	0.032338
4.385	0.0347
4.39	0.037807
4.395	0.045202
4.4	0.056839
4.405	0.06943
4.41	0.081791
4.415	0.091159
4.42	0.093779
4.425	0.089878
4.43	0.079308
4.435	0.066241
4.44	0.056561
4.445	0.049248
4.45	0.038652
4.455	0.022376
4.46	0.0054421
4.465	-0.0083781
4.47	-0.019593
4.475	-0.02854
4.48	-0.035464
4.485	-0.038568
4.49	-0.037234
4.495	-0.030501
4.5	-0.022736
4.505	-0.02014
4.51	-0.025868
4.515	-0.038967
4.52	-0.054725
4.525	-0.06809
4.53	-0.076066
4.535	-0.079104
4.54	-0.079649
4.545	-0.073407
4.55	-0.059295
4.555	-0.046177
4.56	-0.037118
4.565	-0.033787
4.57	-0.034243
4.575	-0.033073
4.58	-0.025502
4.585	-0.011016
4.59	0.0077615
4.595	0.026992
4.6	0.044532
4.605	0.061483
4.61	0.074827
4.615	0.086162
4.62	0.09476
4.625	0.097431
4.63	0.098603
4.635	0.10351
4.64	0.1138
4.645	0.1281
4.65	0.14383
4.655	0.15853
4.66	0.1687
4.665	0.17227
4.67	0.17208
4.675	0.17054
4.68	0.16802
4.685	0.16265
4.69	0.15149
4.695	0.13547
4.7	0.11876
4.705	0.10355
4.71	0.092332
4.715	0.086847
4.72	0.086562
4.725	0.088093
4.73	0.089657
4.735	0.0889
4.74	0.082959
4.745	0.071291
4.75	0.058781
4.755	0.047094
4.76	0.034878
4.765	0.028282
4.77	0.030802
4.775	0.038211
4.78	0.045829
4.785	0.054617
4.79	0.063187
4.795	0.068665
4.8	0.06766
4.805	0.054064
4.81	0.029412
4.815	0.0013104
4.82	-0.026404
4.825	-0.051049
4.83	-0.067769
4.835	-0.074149
4.84	-0.071754
4.845	-0.068453
4.85	-0.071314
4.855	-0.077934
4.86	-0.085361
4.865	-0.090227
4.87	-0.091992
4.875	-0.089867
4.88	-0.085922
4.885	-0.085566
4.89	-0.09104
4.895	-0.098395
4.9	-0.10524
4.905	-0.10788
4.91	-0.1066
4.915	-0.10541
4.92	-0.10524
4.925	-0.10713
4.93	-0.11012
4.935	-0.10876
4.94	-0.10541
4.945	-0.10386
4.95	-0.10305
4.955	-0.10147
4.96	-0.09707
4.965	-0.085363
4.97	-0.068057
4.975	-0.051118
4.98	-0.045406
4.985	-0.063695
4.99	-0.11874
4.995	-0.21247
5	-0.32681
5.005	-0.43462
5.01	-0.51296
5.015	-0.54979
5.02	-0.54471
5.025	-0.50393
5.03	-0.44356
5.035	-0.38458
5.04	-0.33992
5.045	-0.31585
5.05	-0.30872
5.055	-0.31276
5.06	-0.3222
5.065	-0.33291
5.07	-0.34181
5.075	-0.34368
5.08	-0.33842
5.085	-0.32932
5.09	-0.31769
5.095	-0.30615
5.1	-0.29583
5.105	-0.28493
5.11	-0.27425
5.115	-0.26773
5.12	-0.26791
5.125	-0.27185
5.13	-0.27399
5.135	-0.27353
5.14	-0.26718
5.145	-0.25227
5.15	-0.23488
5.155	-0.22049
5.16	-0.209
5.165	-0.19911
5.17	-0.18802
5.175	-0.17063
5.18	-0.14252
5.185	-0.096792
5.19	-0.027531
5.195	0.065285
5.2	0.17231
5.205	0.27584
5.21	0.35934
5.215	0.40994
5.22	0.42342
5.225	0.40669
5.23	0.37326
5.235	0.33708
5.24	0.30429
5.245	0.27958
5.25	0.26102
5.255	0.24364
5.26	0.22675
5.265	0.21344
5.27	0.20759
5.275	0.2101
5.28	0.21918
5.285	0.22756
5.29	0.22645
5.295	0.2159
5.3	0.20249
5.305	0.18964
5.31	0.17761
5.315	0.16854
5.32	0.16036
5.325	0.15067
5.33	0.14005
5.335	0.12813
5.34	0.11922
5.345	0.11437
5.35	0.11081
5.355	0.10602
5.36	0.099069
5.365	0.09103
5.37	0.08576
5.375	0.085224
5.38	0.092828
5.385	0.11154
5.39	0.1406
5.395	0.1769
5.4	0.21353
5.405	0.24316
5.41	0.26142
5.415	0.26864
5.42	0.27044
5.425	0.26574
5.43	0.25536
5.435	0.24035
5.44	0.22599
5.445	0.21644
5.45	0.2104
5.455	0.20272
5.46	0.18991
5.465	0.17457
5.47	0.15794
5.475	0.13642
5.48	0.11124
5.485	0.08653
5.49	0.059923
5.495	0.032614
5.5	0.007809
5.505	-0.016619
5.51	-0.036949
5.515	-0.050661
5.52	-0.058605
5.525	-0.062883
5.53	-0.066516
5.535	-0.066462
5.54	-0.065198
5.545	-0.067443
5.55	-0.07371
5.555	-0.082806
5.56	-0.094092
5.565	-0.10634
5.57	-0.11822
5.575	-0.12924
5.58	-0.13195
5.585	-0.12212
5.59	-0.10651
5.595	-0.092977
5.6	-0.08343
5.605	-0.076499
5.61	-0.070879
5.615	-0.065992
5.62	-0.059515
5.625	-0.050329
5.63	-0.040325
5.635	-0.029053
5.64	-0.012772
5.645	0.0075746
5.65	0.026757
5.655	0.039739
5.66	0.047661
5.665	0.047648
5.67	0.043672
5.675	0.042769
5.68	0.044066
5.685	0.045924
5.69	0.047932
5.695	0.051033
5.7	0.056018
5.705	0.062299
5.71	0.066835
5.715	0.068742
5.72	0.073837
5.725	0.082814
5.73	0.088876
5.735	0.089992
5.74	0.088542
5.745	0.086563
5.75	0.08656
5.755	0.092163
5.76	0.1017
5.765	0.1129
5.77	0.12441
5.775	0.13405
5.78	0.13767
5.785	0.13148
5.79	0.117
5.795	0.096708
5.8	0.071417
5.805	0.043031
5.81	0.018231
5.815	0.0072548
5.82	0.017056
5.825	0.052393
5.83	0.11143
5.835	0.183
5.84	0.25437
5.845	0.31411
5.85	0.34903
5.855	0.35534
5.86	0.33954
5.865	0.31012
5.87	0.27446
5.875	0.24032
5.88	0.21582
5.885	0.20443
5.89	0.20876
5.895	0.22722
5.9	0.25631
5.905	0.29291
5.91	0.33412
5.915	0.37595
5.92	0.41382
5.925	0.44419
5.93	0.46577
5.935	0.47753
5.94	0.47985
5.945	0.47017
5.95	0.44709
5.955	0.41319
5.96	0.3753
5.965	0.33908
5.97	0.30879
5.975	0.28606
5.98	0.2753
5.985	0.27482
5.99	0.27366
5.995	0.26093
6	0.23663
6.005	0.20713
6.01	0.17671
6.015	0.14985
6.02	0.12418
6.025	0.098678
6.03	0.073657
6.035	0.047228
6.04	0.020153
6.045	-0.00056785
6.05	-0.0085003
6.055	-0.0070566
6.06	-0.0026878
6.065	-0.00096688
6.07	-0.0063666
6.075	-0.018578
6.08	-0.034193
6.085	-0.051034
6.09	-0.064617
6.095	-0.07034
6.1	-0.068622
6.105	-0.065461
6.11	-0.0662
6.115	-0.072519
6.12	-0.084137
6.125	-0.098539
6.13	-0.11346
6.135	-0.12944
6.14	-0.14734
6.145	-0.1655
6.15	-0.18177
6.155	-0.19313
6.16	-0.19746
6.165	-0.1965
6.17	-0.19414
6.175	-0.2
6.18	-0.21517
6.185	-0.23403
6.19	-0.25495
6.195	-0.28022
6.2	-0.30819
6.205	-0.33705
6.21	-0.36514
6.215	-0.39102
6.22	-0.40973
6.225	-0.42074
6.23	-0.43028
6.235	-0.44224
6.24	-0.45606
6.245	-0.47042
6.25	-0.48351
6.255	-0.49231
6.26	-0.4963
6.265	-0.49589
6.27	-0.49377
6.275	-0.4961
6.28	-0.50408
6.285	-0.51404
6.29	-0.52792
6.295	-0.54645
6.3	-0.56859
6.305	-0.59072
6.31	-0.60874
6.315	-0.62136
6.32	-0.62464
6.325	-0.6199
6.33	-0.61307
6.335	-0.60592
6.34	-0.60194
6.345	-0.60219
6.35	-0.60137
6.355	-0.59601
6.36	-0.58508
6.365	-0.56941
6.37	-0.54868
6.375	-0.52585
6.38	-0.50861
6.385	-0.502
6.39	-0.50132
6.395	-0.4987
6.4	-0.49091
6.405	-0.48157
6.41	-0.47388
6.415	-0.46837
6.42	-0.46419
6.425	-0.4626
6.43	-0.46358
6.435	-0.46384
6.44	-0.4604
6.445	-0.44937
6.45	-0.43508
6.455	-0.42435
6.46	-0.41442
6.465	-0.4021
6.47	-0.38768
6.475	-0.36964
6.48	-0.35205
6.485	-0.33786
6.49	-0.32633
6.495	-0.31325
6.5	-0.29707
6.505	-0.27915
6.51	-0.25895
6.515	-0.23556
6.52	-0.21074
6.525	-0.18837
6.53	-0.16966
6.535	-0.15204
6.54	-0.13532
6.545	-0.11829
6.55	-0.10346
6.555	-0.090827
6.56	-0.075246
6.565	-0.057276
6.57	-0.041786
6.575	-0.033897
6.58	-0.03251
6.585	-0.029679
6.59	-0.02126
6.595	-0.0080949
6.6	0.010228
6.605	0.036056
6.61	0.066961
6.615	0.095866
6.62	0.11893
6.625	0.13909
6.63	0.16208
6.635	0.18694
6.64	0.20922
6.645	0.22725
6.65	0.24451
6.655	0.26393
6.66	0.2865
6.665	0.31215
6.67	0.33894
6.675	0.36497
6.68	0.38894
6.685	0.40951
6.69	0.42678
6.695	0.44509
6.7	0.4641
6.705	0.47879
6.71	0.48565
6.715	0.48824
6.72	0.48695
6.725	0.4863
6.73	0.4883
6.735	0.49403
6.74	0.50713
6.745	0.52352
6.75	0.54085
6.755	0.55985
6.76	0.57716
6.765	0.59082
6.77	0.60609
6.775	0.62539
6.78	0.64748
6.785	0.67273
6.79	0.70163
6.795	0.7307
6.8	0.75361
6.805	0.76506
6.81	0.7659
6.815	0.75885
6.82	0.74769
6.825	0.73566
6.83	0.72352
6.835	0.71178
6.84	0.69916
6.845	0.68237
6.85	0.66154
6.855	0.639
6.86	0.61439
6.865	0.59028
6.87	0.57184
6.875	0.55898
6.88	0.54885
6.885	0.54009
6.89	0.53257
6.895	0.52555
6.9	0.51653
6.905	0.50128
6.91	0.48092
6.915	0.46038
6.92	0.44122
6.925	0.42013
6.93	0.3923
6.935	0.35998
6.94	0.32792
6.945	0.29819
6.95	0.27087
6.955	0.24709
6.96	0.22983
6.965	0.21602
6.97	0.20406
6.975	0.19285
6.98	0.17943
6.985	0.16229
6.99	0.14004
6.995	0.11972
7	0.10319
7.005	0.09592
7.01	0.098492
7.015	0.10725
7.02	0.117
7.025	0.12356
7.03	0.1212
7.035	0.10824
7.04	0.086291
7.045	0.060992
7.05	0.038865
7.055	0.022373
7.06	0.012084
7.065	0.0070445
7.07	0.0064541
7.075	0.011911
7.08	0.022959
7.085	0.034136
7.09	0.043853
7.095	0.051415
7.1	0.05688
7.105	0.060813
7.11	0.059641
7.115	0.051464
7.12	0.040924
7.125	0.035789
7.13	0.036526
7.135	0.038214
7.14	0.038864
7.145	0.041267
7.15	0.048757
7.155	0.060867
7.16	0.078341
7.165	0.10071
7.17	0.12339
7.175	0.14201
7.18	0.15221
7.185	0.15293
7.19	0.1512
7.195	0.14917
7.2	0.14108
7.205	0.11745
7.21	0.074116
7.215	0.016783
7.22	-0.044678
7.225	-0.1047
7.23	-0.15744
7.235	-0.20023
7.24	-0.23371
7.245	-0.26154
7.25	-0.29346
7.255	-0.33313
7.26	-0.37821
7.265	-0.4332
7.27	-0.50292
7.275	-0.58111
7.28	-0.65868
7.285	-0.73346
7.29	-0.8019
7.295	-0.85658
7.3	-0.89079
7.305	-0.90058
7.31	-0.88248
7.315	-0.83307
7.32	-0.75556
7.325	-0.65722
7.33	-0.55008
7.335	-0.45364
7.34	-0.38368
7.345	-0.34876
7.35	-0.34961
7.355	-0.37975
7.36	-0.42864
7.365	-0.48369
7.37	-0.53184
7.375	-0.55897
7.38	-0.55701
7.385	-0.52768
7.39	-0.48065
7.395	-0.42183
7.4	-0.35677
7.405	-0.29521
7.41	-0.24833
7.415	-0.22496
7.42	-0.22552
7.425	-0.24399
7.43	-0.274
7.435	-0.30352
7.44	-0.32118
7.445	-0.32199
7.45	-0.31053
7.455	-0.29463
7.46	-0.28455
7.465	-0.28558
7.47	-0.29546
7.475	-0.31135
7.48	-0.32969
7.485	-0.34125
7.49	-0.338
7.495	-0.32344
7.5	-0.30267
7.505	-0.27617
7.51	-0.24701
7.515	-0.22003
7.52	-0.19835
7.525	-0.18466
7.53	-0.18453
7.535	-0.19465
7.54	-0.20425
7.545	-0.20673
7.55	-0.20453
7.555	-0.20098
7.56	-0.19508
7.565	-0.18693
7.57	-0.1779
7.575	-0.16751
7.58	-0.15245
7.585	-0.13293
7.59	-0.11037
7.595	-0.084784
7.6	-0.056436
7.605	-0.028886
7.61	-0.0030148
7.615	0.020029
7.62	0.042929
7.625	0.062405
7.63	0.076508
7.635	0.084108
7.64	0.084147
7.645	0.072391
7.65	0.04661
7.655	0.01179
7.66	-0.023336
7.665	-0.053639
7.67	-0.077443
7.675	-0.091935
7.68	-0.093763
7.685	-0.0831
7.69	-0.064193
7.695	-0.037057
7.7	-0.0051653
7.705	0.026241
7.71	0.050303
7.715	0.063379
7.72	0.066835
7.725	0.064877
7.73	0.061093
7.735	0.0589
7.74	0.056976
7.745	0.053608
7.75	0.053526
7.755	0.059591
7.76	0.067548
7.765	0.07512
7.77	0.082532
7.775	0.089977
7.78	0.098784
7.785	0.1077
7.79	0.11636
7.795	0.12339
7.8	0.12538
7.805	0.12163
7.81	0.11505
7.815	0.10996
7.82	0.10555
7.825	0.10004
7.83	0.092795
7.835	0.086257
7.84	0.083846
7.845	0.08855
7.85	0.098744
7.855	0.11221
7.86	0.12681
7.865	0.14046
7.87	0.14902
7.875	0.15174
7.88	0.15449
7.885	0.15646
7.89	0.15585
7.895	0.1533
7.9	0.15199
7.905	0.15147
7.91	0.15209
7.915	0.15641
7.92	0.16419
7.925	0.17091
7.93	0.17544
7.935	0.17855
7.94	0.17616
7.945	0.16614
7.95	0.15193
7.955	0.13931
7.96	0.12996
7.965	0.12349
7.97	0.11774
7.975	0.1099
7.98	0.10085
7.985	0.090868
7.99	0.079393
7.995	0.069572
8	0.065975
8.005	0.069414
8.01	0.076788
8.015	0.085273
8.02	0.091114
8.025	0.092505
8.03	0.091252
8.035	0.086329
8.04	0.074311
8.045	0.05776
8.05	0.044077
8.055	0.036593
8.06	0.036141
8.065	0.042187
8.07	0.054012
8.075	0.063553
8.08	0.06388
8.085	0.056217
8.09	0.044361
8.095	0.03528
8.1	0.033035
8.105	0.035656
8.11	0.041284
8.115	0.048812
8.12	0.060581
8.125	0.077554
8.13	0.097216
8.135	0.11753
8.14	0.14053
8.145	0.16544
8.15	0.19751
8.155	0.24087
8.16	0.28802
8.165	0.32964
8.17	0.35734
8.175	0.36522
8.18	0.3529
8.185	0.32649
8.19	0.29109
8.195	0.2508
8.2	0.21092
8.205	0.17987
8.21	0.16019
8.215	0.15118
8.22	0.15367
8.225	0.16946
8.23	0.19025
8.235	0.20643
8.24	0.21377
8.245	0.21203
8.25	0.19971
8.255	0.17782
8.26	0.15105
8.265	0.12527
8.27	0.10948
8.275	0.11041
8.28	0.12376
8.285	0.14113
8.29	0.15623
8.295	0.16519
8.3	0.16636
8.305	0.16254
8.31	0.15986
8.315	0.16186
8.32	0.16957
8.325	0.18108
8.33	0.19144
8.335	0.19554
8.34	0.19183
8.345	0.18405
8.35	0.17664
8.355	0.16923
8.36	0.1629
8.365	0.15667
8.37	0.14865
8.375	0.1394
8.38	0.13312
8.385	0.13063
8.39	0.13105
8.395	0.13484
8.4	0.13919
8.405	0.13943
8.41	0.1336
8.415	0.12281
8.42	0.10849
8.425	0.089158
8.43	0.065349
8.435	0.044053
8.44	0.032248
8.445	0.030604
8.45	0.0366
8.455	0.046252
8.46	0.05043
8.465	0.047797
8.47	0.0411
8.475	0.034065
8.48	0.026267
8.485	0.016403
8.49	0.0060365
8.495	-0.0025546
8.5	-0.007139
8.505	-0.006483
8.51	-0.0021558
8.515	0.0026292
8.52	0.005281
8.525	0.0040381
8.53	-0.0068843
8.535	-0.02895
8.54	-0.056104
8.545	-0.079399
8.55	-0.092526
8.555	-0.096932
8.56	-0.094634
8.565	-0.086321
8.57	-0.074447
8.575	-0.061727
8.58	-0.051076
8.585	-0.040601
8.59	-0.02945
8.595	-0.019802
8.6	-0.017795
8.605	-0.024327
8.61	-0.03502
8.615	-0.046654
8.62	-0.055739
8.625	-0.062398
8.63	-0.070675
8.635	-0.081103
8.64	-0.092203
8.645	-0.10241
8.65	-0.11165
8.655	-0.12053
8.66	-0.13057
8.665	-0.14185
8.67	-0.15789
8.675	-0.17919
8.68	-0.20163
8.685	-0.22237
8.69	-0.24022
8.695	-0.25289
8.7	-0.25764
8.705	-0.25657
8.71	-0.25711
8.715	-0.26133
8.72	-0.26879
8.725	-0.28123
8.73	-0.29576
8.735	-0.30802
8.74	-0.31665
8.745	-0.32093
8.75	-0.31922
8.755	-0.31085
8.76	-0.29916
8.765	-0.28812
8.77	-0.27565
8.775	-0.26048
8.78	-0.24644
8.785	-0.23386
8.79	-0.22457
8.795	-0.22152
8.8	-0.22491
8.805	-0.2335
8.81	-0.24333
8.815	-0.24866
8.82	-0.24572
8.825	-0.23591
8.83	-0.22139
8.835	-0.20431
8.84	-0.18686
8.845	-0.17371
8.85	-0.16684
8.855	-0.16447
8.86	-0.16601
8.865	-0.16805
8.87	-0.16654
8.875	-0.16398
8.88	-0.16238
8.885	-0.16177
8.89	-0.1583
8.895	-0.15233
8.9	-0.14674
8.905	-0.13735
8.91	-0.12216
8.915	-0.10668
8.92	-0.097728
8.925	-0.09225
8.93	-0.085372
8.935	-0.07908
8.94	-0.071097
8.945	-0.059891
8.95	-0.049294
8.955	-0.042136
8.96	-0.033977
8.965	-0.0226
8.97	-0.013715
8.975	-0.010573
8.98	-0.0142
8.985	-0.024881
8.99	-0.036533
8.995	-0.041816
9	-0.039914
9.005	-0.03324
9.01	-0.025741
9.015	-0.019242
9.02	-0.012611
9.025	-0.0018757
9.03	0.012822
9.035	0.028377
9.04	0.042356
9.045	0.050355
9.05	0.051263
9.055	0.046524
9.06	0.039001
9.065	0.031337
9.07	0.023001
9.075	0.014942
9.08	0.0082098
9.085	0.0063139
9.09	0.0097991
9.095	0.02009
9.1	0.031383
9.105	0.036493
9.11	0.036355
9.115	0.036682
9.12	0.038702
9.125	0.041859
9.13	0.048684
9.135	0.063065
9.14	0.083097
9.145	0.10141
9.15	0.11123
9.155	0.10963
9.16	0.098251
9.165	0.085427
9.17	0.075203
9.175	0.067154
9.18	0.063105
9.185	0.061673
9.19	0.061032
9.195	0.062119
9.2	0.068313
9.205	0.07373
9.21	0.074358
9.215	0.074295
9.22	0.074417
9.225	0.071932
9.23	0.065593
9.235	0.059637
9.24	0.060145
9.245	0.067317
9.25	0.078014
9.255	0.087079
9.26	0.092556
9.265	0.092762
9.27	0.086995
9.275	0.076704
9.28	0.065902
9.285	0.059566
9.29	0.059597
9.295	0.063236
9.3	0.067944
9.305	0.068114
9.31	0.063762
9.315	0.057612
9.32	0.049297
9.325	0.038738
9.33	0.029109
9.335	0.026143
9.34	0.029045
9.345	0.032957
9.35	0.038657
9.355	0.049165
9.36	0.059028
9.365	0.064968
9.37	0.069785
9.375	0.071834
9.38	0.069421
9.385	0.069041
9.39	0.07309
9.395	0.080565
9.4	0.090208
9.405	0.098475
9.41	0.10231
9.415	0.10165
9.42	0.099068
9.425	0.098834
9.43	0.10337
9.435	0.11132
9.44	0.11702
9.445	0.11654
9.45	0.10917
9.455	0.09914
9.46	0.087138
9.465	0.074488
9.47	0.062888
9.475	0.051123
9.48	0.038614
9.485	0.02662
9.49	0.017036
9.495	0.010451
9.5	0.0063301
9.505	0.0045113
9.51	2.3627e-05
9.515	-0.011705
9.52	-0.028256
9.525	-0.04253
9.53	-0.052501
9.535	-0.060197
9.54	-0.066395
9.545	-0.071504
9.55	-0.073956
9.555	-0.073427
9.56	-0.07126
9.565	-0.068655
9.57	-0.067425
9.575	-0.068833
9.58	-0.073677
9.585	-0.078995
9.59	-0.078493
9.595	-0.071279
9.6	-0.064152
9.605	-0.06343
9.61	-0.068508
9.615	-0.079083
9.62	-0.092692
9.625	-0.097647
9.63	-0.091468
9.635	-0.078026
9.64	-0.06436
9.645	-0.055997
9.65	-0.053852
9.655	-0.055298
9.66	-0.05819
9.665	-0.058933
9.67	-0.055233
9.675	-0.046686
9.68	-0.036186
9.685	-0.029933
9.69	-0.031464
9.695	-0.037049
9.7	-0.045463
9.705	-0.05153
9.71	-0.047053
9.715	-0.037602
9.72	-0.029848
9.725	-0.024193
9.73	-0.016573
9.735	-0.0080867
9.74	-0.0028753
9.745	-0.0019637
9.75	-0.0050102
9.755	-0.011361
9.76	-0.017799
9.765	-0.020897
9.77	-0.017634
9.775	-0.0085881
9.78	0.0060383
9.785	0.017654
9.79	0.018677
9.795	0.01167
9.8	0.0022539
9.805	-0.0037696
9.81	-0.0051479
9.815	-0.0026556
9.82	0.0032076
9.825	0.011744
9.83	0.023772
9.835	0.035539
9.84	0.042734
9.845	0.045614
9.85	0.04425
9.855	0.041163
9.86	0.038774
9.865	0.038338
9.87	0.042901
9.875	0.050715
9.88	0.057606
9.885	0.064939
9.89	0.072805
9.895	0.079346
9.9	0.083217
9.905	0.084308
9.91	0.081021
9.915	0.075637
9.92	0.07032
9.925	0.068729
9.93	0.069533
9.935	0.0706
9.94	0.069271
9.945	0.066803
9.95	0.065284
9.955	0.064003
9.96	0.062371
9.965	0.06338
9.97	0.069567
9.975	0.076257
9.98	0.077176
9.985	0.075021
9.99	0.07282
9.995	0.067365
10	0.057061
10.005	0.046751
10.01	0.042311
10.015	0.043995
10.02	0.048692
10.025	0.052533
10.03	0.054836
10.035	0.054657
10.04	0.050635
10.045	0.045939
10.05	0.046395
10.055	0.053698
10.06	0.067081
10.065	0.082212
10.07	0.092053
10.075	0.094306
10.08	0.091472
10.085	0.084987
10.09	0.076077
10.095	0.065599
10.1	0.055935
10.105	0.050509
10.11	0.048571
10.115	0.047741
10.12	0.0472
10.125	0.04613
10.13	0.043434
10.135	0.03814
10.14	0.031971
10.145	0.026123
10.15	0.021558
10.155	0.019785
10.16	0.021665
10.165	0.026052
10.17	0.027725
10.175	0.026263
10.18	0.020981
10.185	0.013718
10.19	0.0064539
10.195	0.0011262
10.2	2.2763e-05
10.205	-0.0010533
10.21	-0.001949
10.215	-0.0036982
10.22	-0.0078416
10.225	-0.014347
10.23	-0.024699
10.235	-0.035395
10.24	-0.041661
10.245	-0.041729
10.25	-0.038785
10.255	-0.038007
10.26	-0.042317
10.265	-0.050556
10.27	-0.058427
10.275	-0.06306
10.28	-0.066636
10.285	-0.071802
10.29	-0.077128
10.295	-0.077403
10.3	-0.076318
10.305	-0.077974
10.31	-0.079285
10.315	-0.079255
10.32	-0.077838
10.325	-0.07573
10.33	-0.070164
10.335	-0.062729
10.34	-0.055317
10.345	-0.0459
10.35	-0.035543
10.355	-0.027133
10.36	-0.018484
10.365	-0.0076601
10.37	0.0028008
10.375	0.011404
10.38	0.01851
10.385	0.021648
10.39	0.019288
10.395	0.016076
10.4	0.013663
10.405	0.009972
10.41	0.0069055
10.415	0.0071496
10.42	0.0079766
10.425	0.0065565
10.43	0.0047972
10.435	0.0029194
10.44	0.00028581
10.445	-0.0028306
10.45	-0.0071026
10.455	-0.012555
10.46	-0.017594
10.465	-0.020442
10.47	-0.021258
10.475	-0.019642
10.48	-0.014704
10.485	-0.0080597
10.49	-0.0058821
10.495	-0.010447
10.5	-0.018963
10.505	-0.025712
10.51	-0.029903
10.515	-0.03274
10.52	-0.034323
10.525	-0.033611
10.53	-0.028675
10.535	-0.017898
10.54	-0.0042502
10.545	0.0088456
10.55	0.018137
10.555	0.024056
10.56	0.029985
10.565	0.036084
10.57	0.041095
10.575	0.046901
10.58	0.052742
10.585	0.058167
10.59	0.061492
10.595	0.061213
10.6	0.059821
10.605	0.061831
10.61	0.065865
10.615	0.066312
10.62	0.062539
10.625	0.053236
10.63	0.040707
10.635	0.031028
10.64	0.027091
10.645	0.025084
10.65	0.025148
10.655	0.027622
10.66	0.031869
10.665	0.035901
10.67	0.042056
10.675	0.050249
10.68	0.058091
10.685	0.06148
10.69	0.061293
10.695	0.058639
10.7	0.052669
10.705	0.045802
10.71	0.03989
10.715	0.03421
10.72	0.028077
10.725	0.019994
10.73	0.010937
10.735	0.0045761
10.74	0.005268
10.745	0.011119
10.75	0.01628
10.755	0.017561
10.76	0.017343
10.765	0.018184
10.77	0.020364
10.775	0.025699
10.78	0.031495
10.785	0.033086
10.79	0.032338
10.795	0.030449
10.8	0.02719
10.805	0.024764
10.81	0.026413
10.815	0.030764
10.82	0.034487
10.825	0.035906
10.83	0.036628
10.835	0.036835
10.84	0.037298
10.845	0.035767
10.85	0.029646
10.855	0.016494
10.86	-0.0041859
10.865	-0.03126
10.87	-0.060593
10.875	-0.084403
10.88	-0.098324
10.885	-0.10449
10.89	-0.10654
10.895	-0.10297
10.9	-0.094707
10.905	-0.084705
10.91	-0.076627
10.915	-0.071172
10.92	-0.066736
10.925	-0.062211
10.93	-0.060527
10.935	-0.065306
10.94	-0.075589
10.945	-0.087261
10.95	-0.092819
10.955	-0.087585
10.96	-0.076099
10.965	-0.063518
10.97	-0.05687
10.975	-0.058043
10.98	-0.066502
10.985	-0.080853
10.99	-0.091846
10.995	-0.093729
11	-0.090547
11.005	-0.087621
11.01	-0.089223
11.015	-0.092202
11.02	-0.094353
11.025	-0.096672
11.03	-0.098859
11.035	-0.10361
11.04	-0.11445
11.045	-0.13185
11.05	-0.15315
11.055	-0.17666
11.06	-0.19858
11.065	-0.21314
11.07	-0.22094
11.075	-0.22197
11.08	-0.21627
11.085	-0.20594
11.09	-0.19313
11.095	-0.18207
11.1	-0.1747
11.105	-0.17054
11.11	-0.16823
11.115	-0.16765
11.12	-0.16441
11.125	-0.15681
11.13	-0.14637
11.135	-0.13405
11.14	-0.12366
11.145	-0.12147
11.15	-0.12704
11.155	-0.13501
11.16	-0.13956
11.165	-0.13836
11.17	-0.1316
11.175	-0.12003
11.18	-0.10395
11.185	-0.089596
11.19	-0.080859
11.195	-0.075375
11.2	-0.073551
11.205	-0.076161
11.21	-0.078785
11.215	-0.082121
11.22	-0.083734
11.225	-0.082001
11.23	-0.07544
11.235	-0.060953
11.24	-0.04351
11.245	-0.031512
11.25	-0.027249
11.255	-0.025003
11.26	-0.022147
11.265	-0.021456
11.27	-0.023384
11.275	-0.027732
11.28	-0.032852
11.285	-0.034735
11.29	-0.034754
11.295	-0.03118
11.3	-0.024983
11.305	-0.017216
11.31	-0.0074559
11.315	0.0028018
11.32	0.013373
11.325	0.021277
11.33	0.022203
11.335	0.019806
11.34	0.018049
11.345	0.018765
11.35	0.023738
11.355	0.032316
11.36	0.042331
11.365	0.053027
11.37	0.060924
11.375	0.060604
11.38	0.050789
11.385	0.034374
11.39	0.023139
11.395	0.024635
11.4	0.038987
11.405	0.061066
11.41	0.081539
11.415	0.091015
11.42	0.086156
11.425	0.071655
11.43	0.053713
11.435	0.03656
11.44	0.0269
11.445	0.028546
11.45	0.03747
11.455	0.047632
11.46	0.054557
11.465	0.056112
11.47	0.050948
11.475	0.043651
11.48	0.041744
11.485	0.045394
11.49	0.053323
11.495	0.065114
11.5	0.077996
11.505	0.088421
11.51	0.094813
11.515	0.098671
11.52	0.1022
11.525	0.10202
11.53	0.095638
11.535	0.085517
11.54	0.078655
11.545	0.077817
11.55	0.078067
11.555	0.080031
11.56	0.086124
11.565	0.093222
11.57	0.10138
11.575	0.11326
11.58	0.12858
11.585	0.14249
11.59	0.15087
11.595	0.15349
11.6	0.15215
11.605	0.14791
11.61	0.14604
11.615	0.14889
11.62	0.15468
11.625	0.16357
11.63	0.17341
11.635	0.17785
11.64	0.17715
11.645	0.17532
11.65	0.1736
11.655	0.17103
11.66	0.16799
11.665	0.16471
11.67	0.16123
11.675	0.15753
11.68	0.1534
11.685	0.14654
11.69	0.13869
11.695	0.13464
11.7	0.13408
11.705	0.13501
11.71	0.13747
11.715	0.14109
11.72	0.14169
11.725	0.1355
11.73	0.12688
11.735	0.1237
11.74	0.127
11.745	0.13525
11.75	0.14895
11.755	0.16584
11.76	0.1797
11.765	0.18459
11.77	0.18036
11.775	0.16736
11.78	0.15189
11.785	0.13941
11.79	0.13244
11.795	0.13054
11.8	0.12989
11.805	0.12991
11.81	0.1288
11.815	0.12739
11.82	0.12487
11.825	0.11952
11.83	0.11655
11.835	0.11481
11.84	0.10962
11.845	0.09939
11.85	0.089545
11.855	0.083345
11.86	0.082729
11.865	0.085653
11.87	0.085223
11.875	0.08052
11.88	0.07662
11.885	0.073375
11.89	0.066987
11.895	0.053928
11.9	0.03761
11.905	0.020439
11.91	0.0047407
11.915	-0.0039658
11.92	-0.0040601
11.925	0.0029746
11.93	0.014274
11.935	0.025457
11.94	0.032281
11.945	0.033876
11.95	0.032887
11.955	0.027162
11.96	0.020306
11.965	0.017102
11.97	0.019362
11.975	0.023561
11.98	0.026158
11.985	0.027148
11.99	0.025891
11.995	0.024389
12	0.024647
12.005	0.025944
12.01	0.021072
12.015	0.0090602
12.02	-0.0040049
12.025	-0.011664
12.03	-0.015988
12.035	-0.024099
12.04	-0.035535
12.045	-0.049624
12.05	-0.064689
12.055	-0.075574
12.06	-0.084141
12.065	-0.091224
12.07	-0.092862
12.075	-0.08685
12.08	-0.07748
12.085	-0.068555
12.09	-0.063571
12.095	-0.064945
12.1	-0.070927
12.105	-0.076842
12.11	-0.082745
12.115	-0.092155
12.12	-0.10939
12.125	-0.13238
12.13	-0.15383
12.135	-0.16802
12.14	-0.17496
12.145	-0.18219
12.15	-0.19346
12.155	-0.20347
12.16	-0.20534
12.165	-0.19726
12.17	-0.18507
12.175	-0.17251
12.18	-0.16347
12.185	-0.16135
12.19	-0.165
12.195	-0.17117
12.2	-0.17957
12.205	-0.18748
12.21	-0.19343
12.215	-0.19497
12.22	-0.18679
12.225	-0.16998
12.23	-0.15443
12.235	-0.1461
12.24	-0.14145
12.245	-0.13564
12.25	-0.12961
12.255	-0.12438
12.26	-0.11994
12.265	-0.11597
12.27	-0.11345
12.275	-0.10971
12.28	-0.10683
12.285	-0.10801
12.29	-0.11218
12.295	-0.11485
12.3	-0.11067
12.305	-0.10296
12.31	-0.093244
12.315	-0.083067
12.32	-0.075357
12.325	-0.071941
12.33	-0.074556
12.335	-0.078561
12.34	-0.078506
12.345	-0.073063
12.35	-0.065178
12.355	-0.058085
12.36	-0.052086
12.365	-0.048057
12.37	-0.045788
12.375	-0.04561
12.38	-0.046855
12.385	-0.049087
12.39	-0.050237
12.395	-0.04529
12.4	-0.035448
12.405	-0.027362
12.41	-0.02538
12.415	-0.026824
12.42	-0.027176
12.425	-0.024045
12.43	-0.019514
12.435	-0.01764
12.44	-0.01872
12.445	-0.021923
12.45	-0.028181
12.455	-0.036865
12.46	-0.046637
12.465	-0.053858
12.47	-0.056678
12.475	-0.056021
12.48	-0.051074
12.485	-0.043837
12.49	-0.038649
12.495	-0.038252
12.5	-0.040809
12.505	-0.042375
12.51	-0.042319
12.515	-0.039197
12.52	-0.032898
12.525	-0.026806
12.53	-0.023014
12.535	-0.020816
12.54	-0.022288
12.545	-0.024675
12.55	-0.021641
12.555	-0.016086
12.56	-0.010142
12.565	-0.0012802
12.57	0.012829
12.575	0.029169
12.58	0.039062
12.585	0.041277
12.59	0.03772
12.595	0.027541
12.6	0.013239
12.605	0.00025176
12.61	-0.0069726
12.615	-0.0085667
12.62	-0.0040509
12.625	0.0038744
12.63	0.010878
12.635	0.016255
12.64	0.021033
12.645	0.024385
12.65	0.02537
12.655	0.028893
12.66	0.03564
12.665	0.040857
12.67	0.04405
12.675	0.046912
12.68	0.051033
12.685	0.056841
12.69	0.061967
12.695	0.064958
12.7	0.066769
12.705	0.066722
12.71	0.06428
12.715	0.062865
12.72	0.064495
12.725	0.06901
12.73	0.072568
12.735	0.076431
12.74	0.078267
12.745	0.073051
12.75	0.064235
12.755	0.057865
12.76	0.058384
12.765	0.066939
12.77	0.078634
12.775	0.085035
12.78	0.082525
12.785	0.074334
12.79	0.066197
12.795	0.058259
12.8	0.049255
12.805	0.042956
12.81	0.040151
12.815	0.037681
12.82	0.034128
12.825	0.02998
12.83	0.025877
12.835	0.025121
12.84	0.02866
12.845	0.032132
12.85	0.031406
12.855	0.026278
12.86	0.019013
12.865	0.011718
12.87	0.0095784
12.875	0.012034
12.88	0.01421
12.885	0.014677
12.89	0.014221
12.895	0.015533
12.9	0.019967
12.905	0.024233
12.91	0.025762
12.915	0.023743
12.92	0.018776
12.925	0.014614
12.93	0.012272
12.935	0.013523
12.94	0.018086
12.945	0.023054
12.95	0.026258
12.955	0.025812
12.96	0.022213
12.965	0.017535
12.97	0.014783
12.975	0.017065
12.98	0.021587
12.985	0.026171
12.99	0.030628
12.995	0.035329
13	0.039215
13.005	0.041951
13.01	0.04066
13.015	0.0347
13.02	0.028456
13.025	0.02515
13.03	0.025144
13.035	0.029139
13.04	0.03891
13.045	0.051548
13.05	0.060426
13.055	0.060656
13.06	0.052798
13.065	0.043484
13.07	0.03835
13.075	0.040766
13.08	0.048438
13.085	0.054536
13.09	0.05388
13.095	0.048546
13.1	0.038709
13.105	0.02609
13.11	0.017308
13.115	0.014547
13.12	0.014796
13.125	0.014147
13.13	0.01356
13.135	0.015164
13.14	0.020803
13.145	0.026578
13.15	0.030278
13.155	0.030311
13.16	0.025257
13.165	0.016701
13.17	0.0091354
13.175	0.0035644
13.18	0.0028536
13.185	0.005207
13.19	0.0081049
13.195	0.012706
13.2	0.018864
13.205	0.025602
13.21	0.030137
13.215	0.032134
13.22	0.030204
13.225	0.025115
13.23	0.022282
13.235	0.021475
13.24	0.015875
13.245	0.0041279
13.25	-0.0044205
13.255	-0.010201
13.26	-0.017389
13.265	-0.026889
13.27	-0.035288
13.275	-0.040691
13.28	-0.04277
13.285	-0.044701
13.29	-0.052601
13.295	-0.066921
13.3	-0.083256
13.305	-0.092941
13.31	-0.090273
13.315	-0.075663
13.32	-0.055411
13.325	-0.039702
13.33	-0.035709
13.335	-0.043712
13.34	-0.059291
13.345	-0.072149
13.35	-0.077029
13.355	-0.072925
13.36	-0.061815
13.365	-0.050078
13.37	-0.038899
13.375	-0.032708
13.38	-0.034174
13.385	-0.040024
13.39	-0.046766
13.395	-0.051978
13.4	-0.05451
13.405	-0.054148
13.41	-0.052178
13.415	-0.051147
13.42	-0.051985
13.425	-0.051414
13.43	-0.05018
13.435	-0.049708
13.44	-0.047302
13.445	-0.038504
13.45	-0.025098
13.455	-0.011642
13.46	0.00026544
13.465	0.0090585
13.47	0.012168
13.475	0.0092897
13.48	0.0053104
13.485	0.0042629
13.49	0.0045151
13.495	0.0016362
13.5	-0.003008
13.505	-0.0047773
13.51	-0.0012869
13.515	0.00093987
13.52	-0.0048777
13.525	-0.017337
13.53	-0.032696
13.535	-0.042745
13.54	-0.045542
13.545	-0.046703
13.55	-0.047702
13.555	-0.043999
13.56	-0.03143
13.565	-0.016231
13.57	-0.010143
13.575	-0.016732
13.58	-0.028996
13.585	-0.037347
13.59	-0.035445
13.595	-0.022935
13.6	-0.0052523
13.605	0.008037
13.61	0.011822
13.615	0.0065711
13.62	-0.0037077
13.625	-0.013312
13.63	-0.014604
13.635	-0.0061997
13.64	0.0041776
13.645	0.010711
13.65	0.013293
13.655	0.01178
13.66	0.0058866
13.665	-0.0037315
13.67	-0.013957
13.675	-0.02496
13.68	-0.033886
13.685	-0.037875
13.69	-0.03634
13.695	-0.033612
13.7	-0.033345
13.705	-0.034437
13.71	-0.036169
13.715	-0.037867
13.72	-0.039804
13.725	-0.040681
13.73	-0.041673
13.735	-0.043966
13.74	-0.047292
13.745	-0.050525
13.75	-0.05282
13.755	-0.052749
13.76	-0.047249
13.765	-0.036293
13.77	-0.020188
13.775	-0.0060639
13.78	-0.00040503
13.785	-0.0024668
13.79	-0.0098405
13.795	-0.013875
13.8	-0.0093892
13.805	-0.0013733
13.81	0.0070156
13.815	0.018629
13.82	0.030654
13.825	0.037489
13.83	0.039438
13.835	0.038136
13.84	0.034846
13.845	0.030436
13.85	0.027612
13.855	0.029029
13.86	0.033675
13.865	0.040548
13.87	0.046257
13.875	0.049595
13.88	0.051239
13.885	0.052073
13.89	0.051617
13.895	0.049335
13.9	0.04714
13.905	0.045027
13.91	0.041513
13.915	0.03443
13.92	0.024667
13.925	0.017683
13.93	0.016124
13.935	0.024667
13.94	0.042079
13.945	0.059553
13.95	0.06811
13.955	0.06621
13.96	0.055083
13.965	0.03656
13.97	0.019382
13.975	0.010827
13.98	0.010917
13.985	0.0149
13.99	0.016009
13.995	0.012404
14	0.0062177
14.005	0.0014177
14.01	0.0016312
14.015	0.0086363
14.02	0.019297
14.025	0.029556
14.03	0.035391
14.035	0.035291
14.04	0.031966
14.045	0.028123
14.05	0.023298
14.055	0.016328
14.06	0.007974
14.065	0.0053752
14.07	0.01371
14.075	0.027762
14.08	0.042525
14.085	0.052695
14.09	0.056847
14.095	0.055826
14.1	0.050102
14.105	0.042311
14.11	0.035303
14.115	0.028825
14.12	0.021955
14.125	0.015662
14.13	0.010399
14.135	0.0066409
14.14	0.0068251
14.145	0.010259
14.15	0.013993
14.155	0.018129
14.16	0.020062
14.165	0.019745
14.17	0.018957
14.175	0.018501
14.18	0.015504
14.185	0.012513
14.19	0.012489
14.195	0.016872
14.2	0.02467
14.205	0.031406
14.21	0.033839
14.215	0.032623
14.22	0.030653
14.225	0.031138
14.23	0.034629
14.235	0.038127
14.24	0.037415
14.245	0.032363
14.25	0.025516
14.255	0.020745
14.26	0.021093
14.265	0.024648
14.27	0.029458
14.275	0.034956
14.28	0.041869
14.285	0.050709
14.29	0.060039
14.295	0.067903
14.3	0.071276
14.305	0.068218
14.31	0.062244
14.315	0.058583
14.32	0.057462
14.325	0.059741
14.33	0.064145
14.335	0.064205
14.34	0.059718
14.345	0.050701
14.35	0.040932
14.355	0.034037
14.36	0.030552
14.365	0.029091
14.37	0.029194
14.375	0.029936
14.38	0.030036
14.385	0.028638
14.39	0.026537
14.395	0.026388
14.4	0.026884
14.405	0.025574
14.41	0.023255
14.415	0.019209
14.42	0.013086
14.425	0.0076563
14.43	0.0070651
14.435	0.011099
14.44	0.019112
14.445	0.027069
14.45	0.031256
14.455	0.028931
14.46	0.018132
14.465	0.0060149
14.47	-0.0013229
14.475	-0.0057023
14.48	-0.0089443
14.485	-0.010433
14.49	-0.0083443
14.495	-0.0033215
14.5	0.0022519
14.505	0.0035099
14.51	-0.0020706
14.515	-0.0075128
14.52	-0.0079315
14.525	-0.007598
14.53	-0.009956
14.535	-0.014009
14.54	-0.020399
14.545	-0.02873
14.55	-0.035773
14.555	-0.039677
14.56	-0.042402
14.565	-0.04104
14.57	-0.034833
14.575	-0.029579
14.58	-0.028858
14.585	-0.030695
14.59	-0.031076
14.595	-0.02881
14.6	-0.022904
14.605	-0.016304
14.61	-0.010873
14.615	-0.0087444
14.62	-0.0042836
14.625	0.0013938
14.63	0.0040404
14.635	0.0033015
14.64	-0.001622
14.645	-0.011867
14.65	-0.023248
14.655	-0.030063
14.66	-0.031005
14.665	-0.035284
14.67	-0.042271
14.675	-0.044666
14.68	-0.041094
14.685	-0.034508
14.69	-0.031721
14.695	-0.034182
14.7	-0.039745
14.705	-0.042919
14.71	-0.041313
14.715	-0.036557
14.72	-0.030087
14.725	-0.024536
14.73	-0.022825
14.735	-0.029095
14.74	-0.043242
14.745	-0.05626
14.75	-0.06375
14.755	-0.064224
14.76	-0.058338
14.765	-0.049546
14.77	-0.040843
14.775	-0.034177
14.78	-0.03434
14.785	-0.043951
14.79	-0.056775
14.795	-0.069594
14.8	-0.078823
14.805	-0.077251
14.81	-0.063774
14.815	-0.044809
14.82	-0.027368
14.825	-0.016224
14.83	-0.015903
14.835	-0.026985
14.84	-0.040757
14.845	-0.04758
14.85	-0.04601
14.855	-0.038721
14.86	-0.032645
14.865	-0.033462
14.87	-0.041269
14.875	-0.052964
14.88	-0.065506
14.885	-0.073712
14.89	-0.072408
14.895	-0.063772
14.9	-0.054747
14.905	-0.049453
14.91	-0.04464
14.915	-0.044196
14.92	-0.050931
14.925	-0.059696
14.93	-0.069751
14.935	-0.079615
14.94	-0.085485
14.945	-0.085411
14.95	-0.081087
14.955	-0.075427
14.96	-0.069623
14.965	-0.065258
14.97	-0.059706
14.975	-0.053839
14.98	-0.049066
14.985	-0.04754
14.99	-0.050527
14.995	-0.056045
15	-0.06009
15.005	-0.058117
15.01	-0.051303
15.015	-0.044541
15.02	-0.038197
15.025	-0.031419
15.03	-0.022619
15.035	-0.012231
15.04	-0.0018124
15.045	0.010053
15.05	0.021
15.055	0.028134
15.06	0.028619
15.065	0.025174
15.07	0.022107
15.075	0.020019
15.08	0.019965
15.085	0.017622
15.09	0.012952
15.095	0.010927
15.1	0.011917
15.105	0.0102
15.11	0.0065322
15.115	0.0042534
15.12	0.0065251
15.125	0.012514
15.13	0.021704
15.135	0.030193
15.14	0.032022
15.145	0.026314
15.15	0.0154
15.155	0.0055322
15.16	0.0019047
15.165	0.0060473
15.17	0.013959
15.175	0.018088
15.18	0.012676
15.185	0.00074124
15.19	-0.010078
15.195	-0.015189
15.2	-0.012458
15.205	-0.0021777
15.21	0.013744
15.215	0.033088
15.22	0.048519
15.225	0.053965
15.23	0.048818
15.235	0.03307
15.24	0.013727
15.245	-0.0044758
15.25	-0.016537
15.255	-0.019585
15.26	-0.014607
15.265	-0.0063473
15.27	-0.0018329
15.275	-0.0017606
15.28	-0.0020606
15.285	-0.0030823
15.29	-0.0054426
15.295	-0.010733
15.3	-0.013921
15.305	-0.0083294
15.31	0.0040832
15.315	0.019363
15.32	0.031277
15.325	0.037006
15.33	0.041349
15.335	0.049994
15.34	0.061715
15.345	0.071429
15.35	0.075508
15.355	0.074888
15.36	0.069145
15.365	0.058908
15.37	0.049058
15.375	0.046006
15.38	0.048538
15.385	0.052884
15.39	0.055937
15.395	0.057181
15.4	0.057361
15.405	0.060723
15.41	0.065016
15.415	0.064771
15.42	0.058982
15.425	0.048927
15.43	0.038753
15.435	0.034513
15.44	0.034924
15.445	0.03466
15.45	0.032147
15.455	0.028053
15.46	0.021685
15.465	0.01503
15.47	0.0084621
15.475	0.0030942
15.48	-0.001381
15.485	-0.0021439
15.49	0.0017993
15.495	0.0057629
15.5	0.0034854
15.505	-0.0067322
15.51	-0.021985
15.515	-0.03631
15.52	-0.043944
15.525	-0.042819
15.53	-0.036635
15.535	-0.029887
15.54	-0.02622
15.545	-0.029408
15.55	-0.034648
15.555	-0.034343
15.56	-0.02839
15.565	-0.019544
15.57	-0.012749
15.575	-0.011599
15.58	-0.018024
15.585	-0.025753
15.59	-0.028306
15.595	-0.028452
15.6	-0.027669
15.605	-0.025708
15.61	-0.020942
15.615	-0.016744
15.62	-0.014358
15.625	-0.011099
15.63	-0.0083225
15.635	-0.0087083
15.64	-0.012386
15.645	-0.01817
15.65	-0.023519
15.655	-0.024375
15.66	-0.017132
15.665	-0.0054974
15.67	0.006117
15.675	0.018215
15.68	0.027287
15.685	0.032548
15.69	0.037192
15.695	0.039802
15.7	0.039074
15.705	0.036254
15.71	0.033238
15.715	0.029779
15.72	0.029615
15.725	0.034549
15.73	0.040258
15.735	0.042365
15.74	0.038705
15.745	0.031607
15.75	0.028403
15.755	0.031431
15.76	0.039628
15.765	0.046518
15.77	0.047764
15.775	0.046055
15.78	0.043888
15.785	0.040407
15.79	0.040094
15.795	0.041123
15.8	0.041151
15.805	0.04119
15.81	0.039224
15.815	0.033616
15.82	0.025578
15.825	0.017658
15.83	0.011491
15.835	0.0075828
15.84	0.011332
15.845	0.022853
15.85	0.034067
15.855	0.041957
15.86	0.046347
15.865	0.048897
15.87	0.049326
15.875	0.045005
15.88	0.038083
15.885	0.030042
15.89	0.021285
15.895	0.013422
15.9	0.0084322
15.905	0.0074961
15.91	0.010605
15.915	0.014116
15.92	0.014423
15.925	0.0099179
15.93	0.0061022
15.935	0.006888
15.94	0.0086868
15.945	0.012999
15.95	0.020943
15.955	0.031351
15.96	0.039398
15.965	0.038077
15.97	0.026725
15.975	0.015129
15.98	0.0055065
15.985	0.001178
15.99	0.00090515
15.995	0.0011963
16	0.0021138
16.005	-3.3357e-05
16.01	-0.004615
16.015	-0.0096161
16.02	-0.015728
16.025	-0.024045
16.03	-0.034203
16.035	-0.039413
16.04	-0.038348
16.045	-0.03649
16.05	-0.033328
16.055	-0.026548
16.06	-0.017667
16.065	-0.0084133
16.07	6.2508e-05
16.075	0.0048713
16.08	0.0032151
16.085	-0.0012415
16.09	-0.0029613
16.095	-0.0010852
16.1	0.0041363
16.105	0.01011
16.11	0.013877
16.115	0.013812
16.12	0.013355
16.125	0.013197
16.13	0.01128
16.135	0.0075945
16.14	0.0040905
16.145	7.8682e-05
16.15	-0.0055049
16.155	-0.013623
16.16	-0.022519
16.165	-0.031042
16.17	-0.035645
16.175	-0.036041
16.18	-0.034974
16.185	-0.035285
16.19	-0.036627
16.195	-0.040118
16.2	-0.047329
16.205	-0.055604
16.21	-0.062106
16.215	-0.067037
16.22	-0.072498
16.225	-0.079663
16.23	-0.088948
16.235	-0.097228
16.24	-0.099907
16.245	-0.092845
16.25	-0.079313
16.255	-0.065398
16.26	-0.055906
16.265	-0.052122
16.27	-0.054827
16.275	-0.060586
16.28	-0.066052
16.285	-0.072331
16.29	-0.076601
16.295	-0.078515
16.3	-0.079596
16.305	-0.075338
16.31	-0.065904
16.315	-0.056734
16.32	-0.049088
16.325	-0.043317
16.33	-0.04036
16.335	-0.036903
16.34	-0.029874
16.345	-0.020004
16.35	-0.011804
16.355	-0.010308
16.36	-0.019276
16.365	-0.034876
16.37	-0.052559
16.375	-0.067059
16.38	-0.075466
16.385	-0.075707
16.39	-0.066976
16.395	-0.05219
16.4	-0.037893
16.405	-0.028976
16.41	-0.026848
16.415	-0.028066
16.42	-0.024867
16.425	-0.015719
16.43	-0.0029854
16.435	0.0075295
16.44	0.012272
16.445	0.013052
16.45	0.012859
16.455	0.01482
16.46	0.018714
16.465	0.020027
16.47	0.01668
16.475	0.0091873
16.48	-0.00042371
16.485	-0.006634
16.49	-0.0013103
16.495	0.011713
16.5	0.021682
16.505	0.023161
16.51	0.020664
16.515	0.01826
16.52	0.017351
16.525	0.02094
16.53	0.026153
16.535	0.029546
16.54	0.028504
16.545	0.021827
16.55	0.013975
16.555	0.0070524
16.56	0.0042862
16.565	0.0072344
16.57	0.013157
16.575	0.019434
16.58	0.025762
16.585	0.032016
16.59	0.03777
16.595	0.041791
16.6	0.043397
16.605	0.04454
16.61	0.047399
16.615	0.04942
16.62	0.049204
16.625	0.046612
16.63	0.042172
16.635	0.039524
16.64	0.037631
16.645	0.032599
16.65	0.027459
16.655	0.024097
16.66	0.02306
16.665	0.027201
16.67	0.033669
16.675	0.039766
16.68	0.044921
16.685	0.047458
16.69	0.046426
16.695	0.044302
16.7	0.041836
16.705	0.038755
16.71	0.035871
16.715	0.035365
16.72	0.039159
16.725	0.045778
16.73	0.050594
16.735	0.051238
16.74	0.046054
16.745	0.034919
16.75	0.019787
16.755	0.0071821
16.76	0.0014256
16.765	0.0044206
16.77	0.013109
16.775	0.024101
16.78	0.03304
16.785	0.038519
16.79	0.040504
16.795	0.040899
16.8	0.043622
16.805	0.049408
16.81	0.05855
16.815	0.070982
16.82	0.085019
16.825	0.097547
16.83	0.10343
16.835	0.10112
16.84	0.095287
16.845	0.087044
16.85	0.078259
16.855	0.070213
16.86	0.061695
16.865	0.055506
16.87	0.052951
16.875	0.055887
16.88	0.057308
16.885	0.053834
16.89	0.047131
16.895	0.038816
16.9	0.03208
16.905	0.029282
16.91	0.033358
16.915	0.041563
16.92	0.049028
16.925	0.053227
16.93	0.051516
16.935	0.043861
16.94	0.033631
16.945	0.022702
16.95	0.011442
16.955	0.0024406
16.96	-0.0026192
16.965	-0.0037717
16.97	-0.0010852
16.975	0.0059643
16.98	0.012672
16.985	0.016909
16.99	0.019341
16.995	0.019513
17	0.015867
17.005	0.011463
17.01	0.010687
17.015	0.012989
17.02	0.018961
17.025	0.027007
17.03	0.033285
17.035	0.035468
17.04	0.030276
17.045	0.021059
17.05	0.01338
17.055	0.0091331
17.06	0.0068138
17.065	0.0052815
17.07	0.0055893
17.075	0.0054493
17.08	0.0045635
17.085	0.0043877
17.09	0.001259
17.095	-0.0072369
17.1	-0.020986
17.105	-0.035413
17.11	-0.041606
17.115	-0.037801
17.12	-0.026833
17.125	-0.010989
17.13	0.0046154
17.135	0.0124
17.14	0.0068692
17.145	-0.0061796
17.15	-0.018613
17.155	-0.027573
17.16	-0.030519
17.165	-0.027981
17.17	-0.023591
17.175	-0.017406
17.18	-0.011561
17.185	-0.0097052
17.19	-0.012653
17.195	-0.018533
17.2	-0.027091
17.205	-0.038106
17.21	-0.049282
17.215	-0.053943
17.22	-0.048988
17.225	-0.037386
17.23	-0.023513
17.235	-0.014318
17.24	-0.011132
17.245	-0.013453
17.25	-0.02196
17.255	-0.035217
17.26	-0.049919
17.265	-0.064076
17.27	-0.075939
17.275	-0.079535
17.28	-0.073441
17.285	-0.060506
17.29	-0.048393
17.295	-0.041598
17.3	-0.039393
17.305	-0.039628
17.31	-0.042099
17.315	-0.043835
17.32	-0.041378
17.325	-0.035543
17.33	-0.030039
17.335	-0.026711
17.34	-0.026341
17.345	-0.031151
17.35	-0.037459
17.355	-0.044177
17.36	-0.051441
17.365	-0.05562
17.37	-0.056201
17.375	-0.057504
17.38	-0.059514
17.385	-0.058965
17.39	-0.055546
17.395	-0.052224
17.4	-0.0516
17.405	-0.052439
17.41	-0.05556
17.415	-0.062205
17.42	-0.071377
17.425	-0.079745
17.43	-0.084108
17.435	-0.085503
17.44	-0.086605
17.445	-0.087511
17.45	-0.083464
17.455	-0.071542
17.46	-0.053069
17.465	-0.034144
17.47	-0.022684
17.475	-0.020944
17.48	-0.029856
17.485	-0.046575
17.49	-0.062687
17.495	-0.070396
17.5	-0.067315
17.505	-0.0555
17.51	-0.04274
17.515	-0.033769
17.52	-0.02469
17.525	-0.013231
17.53	-0.0061776
17.535	-0.0081497
17.54	-0.014805
17.545	-0.019665
17.55	-0.022048
17.555	-0.022014
17.56	-0.021326
17.565	-0.017234
17.57	-0.010208
17.575	-0.0046966
17.58	-0.0043592
17.585	-0.0083357
17.59	-0.0087489
17.595	-0.0030144
17.6	0.0045778
17.605	0.01089
17.61	0.013818
17.615	0.01269
17.62	0.009701
17.625	0.011518
17.63	0.018497
17.635	0.027809
17.64	0.036958
17.645	0.042631
17.65	0.044831
17.655	0.044749
17.66	0.041965
17.665	0.032074
17.67	0.016768
17.675	0.0036456
17.68	-0.0046857
17.685	-0.009176
17.69	-0.0098961
17.695	-0.0080745
17.7	-0.0049328
17.705	-2.1776e-05
17.71	0.0077336
17.715	0.015305
17.72	0.019957
17.725	0.021047
17.73	0.019699
17.735	0.012267
17.74	0.00061204
17.745	-0.0057085
17.75	-0.0043985
17.755	-0.0014002
17.76	-0.000556
17.765	-0.0048147
17.77	-0.011119
17.775	-0.014826
17.78	-0.010044
17.785	0.0012301
17.79	0.013983
17.795	0.026042
17.8	0.037212
17.805	0.047101
17.81	0.052693
17.815	0.05046
17.82	0.041808
17.825	0.028184
17.83	0.010185
17.835	-0.0092166
17.84	-0.022734
17.845	-0.023271
17.85	-0.010883
17.855	0.0097185
17.86	0.029898
17.865	0.045855
17.87	0.057535
17.875	0.061463
17.88	0.058572
17.885	0.05149
17.89	0.04045
17.895	0.029456
17.9	0.016704
17.905	0.0031237
17.91	-0.0064535
17.915	-0.0074837
17.92	-0.0019194
17.925	0.0066632
17.93	0.01612
17.935	0.02678
17.94	0.036112
17.945	0.039718
17.95	0.035812
17.955	0.027616
17.96	0.019157
17.965	0.014105
17.97	0.0085746
17.975	-0.0020489
17.98	-0.012748
17.985	-0.013991
17.99	-0.0043573
17.995	0.010941
18	0.025685
18.005	0.031507
18.01	0.029104
18.015	0.021792
18.02	0.013839
18.025	0.0086538
18.03	0.0076568
18.035	0.010884
18.04	0.012191
18.045	0.0070568
18.05	0.00010294
18.055	-0.0059601
18.06	-0.012577
18.065	-0.01903
18.07	-0.023282
18.075	-0.023116
18.08	-0.021149
18.085	-0.01904
18.09	-0.016302
18.095	-0.01481
18.1	-0.015222
18.105	-0.014108
18.11	-0.011609
18.115	-0.013203
18.12	-0.018288
18.125	-0.01938
18.13	-0.014777
18.135	-0.0058927
18.14	-0.00024292
18.145	0.00051973
18.15	-0.0051226
18.155	-0.014302
18.16	-0.020228
18.165	-0.01928
18.17	-0.010285
18.175	0.0026303
18.18	0.011262
18.185	0.011848
18.19	0.0048265
18.195	-0.0031166
18.2	-0.0041376
18.205	0.0051866
18.21	0.020131
18.215	0.031713
18.22	0.033147
18.225	0.023238
18.23	0.009706
18.235	0.00031336
18.24	-0.0022809
18.245	-0.00046521
18.25	0.00020256
18.255	-0.0018457
18.26	-0.0037556
18.265	-0.003085
18.27	2.7054e-05
18.275	0.0015017
18.28	-0.0016295
18.285	-0.0058758
18.29	-0.004871
18.295	0.0011209
18.3	0.012099
18.305	0.025762
18.31	0.035057
18.315	0.036445
18.32	0.032899
18.325	0.024355
18.33	0.01369
18.335	0.0069501
18.34	0.0066862
18.345	0.010117
18.35	0.016114
18.355	0.023755
18.36	0.031268
18.365	0.03618
18.37	0.032764
18.375	0.019847
18.38	-0.0023332
18.385	-0.029687
18.39	-0.054235
18.395	-0.06893
18.4	-0.070761
18.405	-0.060646
18.41	-0.043315
18.415	-0.027655
18.42	-0.021418
18.425	-0.023584
18.43	-0.031664
18.435	-0.039458
18.44	-0.043033
18.445	-0.038354
18.45	-0.028013
18.455	-0.016539
18.46	-0.0058214
18.465	0.0011123
18.47	0.001666
18.475	-0.00020678
18.48	-0.0012816
18.485	-0.002577
18.49	-0.0049924
18.495	-0.0078646
18.5	-0.0095094
18.505	-0.010964
18.51	-0.010037
18.515	-0.0081847
18.52	-0.0089756
18.525	-0.012228
18.53	-0.018065
18.535	-0.025565
18.54	-0.030277
18.545	-0.025972
18.55	-0.013085
18.555	0.0021814
18.56	0.014728
18.565	0.020576
18.57	0.018547
18.575	0.014834
18.58	0.012266
18.585	0.011739
18.59	0.012104
18.595	0.011721
18.6	0.007451
18.605	0.00056415
18.61	-0.0073172
18.615	-0.017209
18.62	-0.026771
18.625	-0.034372
18.63	-0.037477
18.635	-0.034587
18.64	-0.02573
18.645	-0.015019
18.65	-0.0066716
18.655	-0.0063028
18.66	-0.010304
18.665	-0.012831
18.67	-0.012981
18.675	-0.013564
18.68	-0.011576
18.685	-0.004711
18.69	0.0034569
18.695	0.010252
18.7	0.012325
18.705	0.0073933
18.71	-0.00033825
18.715	-0.0044543
18.72	-0.0031451
18.725	0.0027388
18.73	0.012588
18.735	0.026653
18.74	0.041208
18.745	0.051684
18.75	0.057794
18.755	0.05866
18.76	0.055189
18.765	0.050456
18.77	0.046682
18.775	0.044147
18.78	0.043926
18.785	0.04883
18.79	0.056365
18.795	0.065077
18.8	0.076217
18.805	0.086691
18.81	0.092126
18.815	0.093142
18.82	0.09357
18.825	0.092187
18.83	0.089372
18.835	0.084379
18.84	0.075459
18.845	0.061613
18.85	0.046531
18.855	0.035417
18.86	0.033426
18.865	0.042073
18.87	0.055648
18.875	0.063288
18.88	0.060454
18.885	0.050512
18.89	0.035288
18.895	0.019561
18.9	0.010579
18.905	0.0087174
18.91	0.011154
18.915	0.016658
18.92	0.025018
18.925	0.032249
18.93	0.031635
18.935	0.024852
18.94	0.016237
18.945	0.0097157
18.95	0.0049401
18.955	0.00016646
18.96	-0.0060804
18.965	-0.014151
18.97	-0.023397
18.975	-0.031775
18.98	-0.036135
18.985	-0.037105
18.99	-0.034456
18.995	-0.030319
19	-0.029264
19.005	-0.028913
19.01	-0.02681
19.015	-0.021298
19.02	-0.013483
19.025	-0.0096811
19.03	-0.01355
19.035	-0.02678
19.04	-0.044841
19.045	-0.05848
19.05	-0.065115
19.055	-0.063166
19.06	-0.051927
19.065	-0.035064
19.07	-0.016284
19.075	2.3214e-05
19.08	0.010446
19.085	0.013661
19.09	0.011358
19.095	0.0075408
19.1	0.0056198
19.105	0.0063437
19.11	0.011713
19.115	0.019227
19.12	0.023984
19.125	0.025996
19.13	0.029048
19.135	0.032763
19.14	0.03759
19.145	0.040511
19.15	0.043217
19.155	0.044736
19.16	0.042881
19.165	0.037307
19.17	0.032755
19.175	0.031425
19.18	0.033205
19.185	0.035013
19.19	0.033507
19.195	0.030299
19.2	0.031707
19.205	0.039032
19.21	0.047709
19.215	0.053743
19.22	0.053362
19.225	0.047908
19.23	0.040275
19.235	0.028557
19.24	0.015037
19.245	0.0053844
19.25	-0.00029933
19.255	-0.003727
19.26	-0.0032067
19.265	0.0021299
19.27	0.01096
19.275	0.021759
19.28	0.031117
19.285	0.032743
19.29	0.024662
19.295	0.0098809
19.3	-0.0052354
19.305	-0.014127
19.31	-0.016064
19.315	-0.013552
19.32	-0.010409
19.325	-0.0088211
19.33	-0.009865
19.335	-0.013833
19.34	-0.018947
19.345	-0.019045
19.35	-0.015252
19.355	-0.013165
19.36	-0.013822
19.365	-0.016837
19.37	-0.020349
19.375	-0.025081
19.38	-0.02754
19.385	-0.025315
19.39	-0.021064
19.395	-0.016983
19.4	-0.016651
19.405	-0.02185
19.41	-0.030028
19.415	-0.035853
19.42	-0.036995
19.425	-0.034282
19.43	-0.027759
19.435	-0.020859
19.44	-0.014493
19.445	-0.010349
19.45	-0.010319
19.455	-0.013598
19.46	-0.020917
19.465	-0.028631
19.47	-0.033136
19.475	-0.035909
19.48	-0.035307
19.485	-0.030612
19.49	-0.027345
19.495	-0.029676
19.5	-0.036887
19.505	-0.046986
19.51	-0.05935
19.515	-0.069498
19.52	-0.074502
19.525	-0.075296
19.53	-0.073014
19.535	-0.069887
19.54	-0.067257
19.545	-0.064808
19.55	-0.060591
19.555	-0.053402
19.56	-0.046314
19.565	-0.041377
19.57	-0.038298
19.575	-0.038779
19.58	-0.044106
19.585	-0.049918
19.59	-0.051594
19.595	-0.052533
19.6	-0.05262
19.605	-0.050845
19.61	-0.047886
19.615	-0.042979
19.62	-0.035143
19.625	-0.028267
19.63	-0.026039
19.635	-0.028302
19.64	-0.034443
19.645	-0.040469
19.65	-0.043242
19.655	-0.041619
19.66	-0.036473
19.665	-0.035336
19.67	-0.041846
19.675	-0.053998
19.68	-0.066174
19.685	-0.071344
19.69	-0.065968
19.695	-0.056113
19.7	-0.049171
19.705	-0.048347
19.71	-0.050882
19.715	-0.04987
19.72	-0.040866
19.725	-0.025281
19.73	-0.012518
19.735	-0.010027
19.74	-0.017853
19.745	-0.031216
19.75	-0.044588
19.755	-0.050897
19.76	-0.042949
19.765	-0.022416
19.77	0.0043117
19.775	0.028428
19.78	0.042046
19.785	0.042496
19.79	0.035441
19.795	0.024797
19.8	0.016048
19.805	0.012283
19.81	0.013721
19.815	0.016771
19.82	0.019642
19.825	0.023876
19.83	0.028886
19.835	0.034189
19.84	0.041372
19.845	0.048658
19.85	0.052428
19.855	0.05148
19.86	0.048635
19.865	0.046999
19.87	0.048565
19.875	0.052021
19.88	0.052221
19.885	0.049489
19.89	0.048137
19.895	0.04712
19.9	0.044899
19.905	0.041293
19.91	0.039347
19.915	0.035382
19.92	0.029511
19.925	0.024376
19.93	0.020109
19.935	0.014577
19.94	0.0050232
19.945	-0.0031245
19.95	-0.0049262
19.955	-0.0040816
19.96	-0.0011519
19.965	0.0064621
19.97	0.018817
19.975	0.031723
19.98	0.04012
19.985	0.04174
19.99	0.037458
19.995	0.030139
20	0.020205
20.005	0.0075896
20.01	-0.005406
20.015	-0.017047
20.02	-0.024574
20.025	-0.027519
20.03	-0.028526
20.035	-0.02877
20.04	-0.023402
20.045	-0.01339
20.05	-0.0021066
20.055	0.0082202
20.06	0.010915
20.065	0.0048307
20.07	-0.0078258
20.075	-0.020981
20.08	-0.026933
20.085	-0.023882
20.09	-0.018281
20.095	-0.012388
20.1	-0.0025417
20.105	0.011972
20.11	0.025949
20.115	0.03203
20.12	0.028257
20.125	0.021084
20.13	0.017681
20.135	0.017681
20.14	0.016933
20.145	0.014896
20.15	0.013155
20.155	0.011883
20.16	0.012569
20.165	0.015518
20.17	0.019198
20.175	0.021553
20.18	0.021266
20.185	0.019323
20.19	0.013657
20.195	0.0029773
20.2	-0.010501
20.205	-0.022109
20.21	-0.027853
20.215	-0.028443
20.22	-0.024625
20.225	-0.016781
20.23	-0.0079971
20.235	-0.0029341
20.24	-0.0021351
20.245	0.0010822
20.25	0.01129
20.255	0.023827
20.26	0.030682
20.265	0.029818
20.27	0.025136
20.275	0.020856
20.28	0.015191
20.285	0.0078661
20.29	0.00018264
20.295	-0.0050747
20.3	-0.0074757
20.305	-0.0093993
20.31	-0.010013
20.315	-0.0084522
20.32	-0.0014273
20.325	0.0078908
20.33	0.013674
20.335	0.01466
20.34	0.012228
20.345	0.0079027
20.35	0.0037237
20.355	0.0022279
20.36	0.0064752
20.365	0.013745
20.37	0.018055
20.375	0.016141
20.38	0.0076817
20.385	-0.0025383
20.39	-0.010158
20.395	-0.01169
20.4	-0.0082863
20.405	-0.0010052
20.41	0.0068795
20.415	0.0095954
20.42	0.007123
20.425	0.0022198
20.43	-0.0018388
20.435	-0.002264
20.44	0.0029377
20.445	0.0096153
20.45	0.013032
20.455	0.011655
20.46	0.0051076
20.465	-0.0051021
20.47	-0.016664
20.475	-0.027222
20.48	-0.034715
20.485	-0.038241
20.49	-0.036809
20.495	-0.027278
20.5	-0.014802
20.505	-0.0020768
20.51	0.0077905
20.515	0.0085746
20.52	0.00058103
20.525	-0.01036
20.53	-0.018779
20.535	-0.019241
20.54	-0.0092138
20.545	0.0041289
20.55	0.012691
20.555	0.015164
20.56	0.011651
20.565	0.0043799
20.57	-0.0041337
20.575	-0.012248
20.58	-0.018522
20.585	-0.022911
20.59	-0.024291
20.595	-0.023171
20.6	-0.020218
20.605	-0.014875
20.61	-0.0079857
20.615	-0.0029809
20.62	-0.0009255
20.625	-0.00046758
20.63	0.00066581
20.635	0.0019984
20.64	0.0028583
20.645	0.0034274
20.65	0.0029111
20.655	0.0012986
20.66	0.0007028
20.665	0.0035944
20.67	0.011139
20.675	0.017662
20.68	0.01948
20.685	0.01744
20.69	0.01278
20.695	0.0081011
20.7	0.0047585
20.705	0.0037794
20.71	0.0052346
20.715	0.0084552
20.72	0.011189
20.725	0.012537
20.73	0.013216
20.735	0.013497
20.74	0.013461
20.745	0.014124
20.75	0.014871
20.755	0.013448
20.76	0.010461
20.765	0.0089277
20.77	0.0091642
20.775	0.011342
20.78	0.013973
20.785	0.016219
20.79	0.015904
20.795	0.013191
20.8	0.011248
20.805	0.011886
20.81	0.013803
20.815	0.013923
20.82	0.012055
20.825	0.0096475
20.83	0.009288
20.835	0.010707
20.84	0.013499
20.845	0.018101
20.85	0.021965
20.855	0.02268
20.86	0.019692
20.865	0.015036
20.87	0.010363
20.875	0.0092343
20.88	0.01363
20.885	0.021662
20.89	0.02896
20.895	0.034442
20.9	0.038551
20.905	0.039742
20.91	0.037283
20.915	0.03273
20.92	0.029271
20.925	0.027339
20.93	0.024545
20.935	0.020459
20.94	0.01433
20.945	0.008561
20.95	0.0052255
20.955	0.0030578
20.96	0.0019371
20.965	0.0031331
20.97	0.0066549
20.975	0.010224
20.98	0.011624
20.985	0.012888
20.99	0.014181
20.995	0.013189
21	0.0085413
21.005	0.00050805
21.01	-0.0080789
21.015	-0.013924
21.02	-0.014474
21.025	-0.012547
21.03	-0.010202
21.035	-0.0069902
21.04	-0.0050539
21.045	-0.0058354
21.05	-0.007872
21.055	-0.0095592
21.06	-0.0098517
21.065	-0.010235
21.07	-0.01049
21.075	-0.011713
21.08	-0.014039
21.085	-0.016206
21.09	-0.01654
21.095	-0.01591
21.1	-0.01468
21.105	-0.012351
21.11	-0.0093697
21.115	-0.0069244
21.12	-0.0049477
21.125	-0.0058049
21.13	-0.010527
21.135	-0.015957
21.14	-0.019067
21.145	-0.019734
21.15	-0.018587
21.155	-0.016176
21.16	-0.012725
21.165	-0.010158
21.17	-0.0091525
21.175	-0.0083591
21.18	-0.0070064
21.185	-0.0052506
21.19	-0.0029452
21.195	-0.0026547
21.2	-0.006112
21.205	-0.011996
21.21	-0.018196
21.215	-0.023071
21.22	-0.026054
21.225	-0.025457
21.23	-0.020459
21.235	-0.012239
21.24	-0.0035077
21.245	0.002631
21.25	0.0055204
21.255	0.0056527
21.26	0.002759
21.265	-0.002446
21.27	-0.0084166
21.275	-0.012613
21.28	-0.01318
21.285	-0.010153
21.29	-0.0051737
21.295	-0.00056232
21.3	0.0020574
21.305	0.0028791
21.31	0.0030487
21.315	0.0028687
21.32	0.0021472
21.325	0.0012289
21.33	0.00072158
21.335	0.00094111
21.34	0.0016975
21.345	0.0022971
21.35	0.0025541
21.355	0.0024408
21.36	0.0024481
21.365	0.0030151
21.37	0.0038782
21.375	0.0046216
21.38	0.0041801
21.385	0.0023814
21.39	3.5301e-05
21.395	-0.0018102
21.4	-0.0029524
21.405	-0.0042557
21.41	-0.0050947
21.415	-0.0046652
21.42	-0.0037301
21.425	-0.0028666
21.43	-0.0018252
21.435	-9.5485e-05
21.44	0.0018632
21.445	0.0033022
21.45	0.0036708
21.455	0.0026247
21.46	0.00096106
21.465	-0.0004268
21.47	-0.0014448
21.475	-0.0019696
21.48	-0.001884
21.485	-0.0018322
21.49	-0.0021994
21.495	-0.0025228
21.5	-0.0023329
21.505	-0.0017001
21.51	-0.0012713
21.515	-0.0012839
21.52	-0.0017704
21.525	-0.0023868
21.53	-0.0029449
21.535	-0.0033737
21.54	-0.0034436
21.545	-0.0031544
21.55	-0.0027085
21.555	-0.0026213
21.56	-0.0030329
21.565	-0.0037818
21.57	-0.0044854
21.575	-0.0047223
21.58	-0.0043244
21.585	-0.00373
21.59	-0.003265
21.595	-0.0027839
21.6	-0.0021911
21.605	-0.0017931
21.61	-0.0016887
21.615	-0.0016592
21.62	-0.0016189
21.625	-0.0015728
21.63	-0.0015391
21.635	-0.0017576
21.64	-0.0022367
21.645	-0.0025728
21.65	-0.0024815
21.655	-0.0021923
21.66	-0.0019093
21.665	-0.0016432
21.67	-0.00143
21.675	-0.0013189
21.68	-0.0013862
21.685	-0.0015853
21.69	-0.0018753
21.695	-0.0021353
21.7	-0.0021721
21.705	-0.0019924
21.71	-0.0017878
21.715	-0.0015064
21.72	-0.0011778
21.725	-0.00094589
21.73	-0.00085259
21.735	-0.00077968
21.74	-0.00066573
21.745	-0.00060183
21.75	-0.00053263
21.755	-0.00039223
21.76	-0.00024513
21.765	-0.00013441
21.77	-7.7711e-05
21.775	-3.8532e-05
21.78	-8.655e-06
21.785	2.1414e-05
21.79	5.9411e-05
21.795	9.9862e-05
21.8	0.00013647
21.805	0.0001633
21.81	0.00018506
21.815	0.00022882
21.82	0.00036532
21.825	0.00056413
21.83	0.00072638
21.835	0.00082142
21.84	0.0008624
21.845	0.00088495
21.85	0.00090254
21.855	0.00091433
21.86	0.00091492
21.865	0.00092267
21.87	0.00095643
21.875	0.0010141
21.88	0.0010773
21.885	0.001129
21.89	0.0011483
21.895	0.001139
21.9	0.0011268
21.905	0.001132
21.91	0.0011529
21.915	0.0011752
21.92	0.0011924
21.925	0.0012046
21.93	0.0012039
21.935	0.0011894
21.94	0.0011675
21.945	0.0011485
21.95	0.0011396
21.955	0.001139
21.96	0.0011376
21.965	0.0011296
21.97	0.0011124
21.975	0.0010868
21.98	0.0010562
21.985	0.0010248
21.99	0.00099555
21.995	0.0009705
22	0.00094797
22.005	0.00092502
22.01	0.00089866
22.015	0.00086808
22.02	0.00083415
22.025	0.00079843
22.03	0.00076137
22.035	0.00072345
22.04	0.00068522
22.045	0.00064713
22.05	0.00060919
22.055	0.0005713
22.06	0.00053333
22.065	0.00049529
22.07	0.00045715
22.075	0.00041903
22.08	0.00038101
22.085	0.00034318
22.09	0.0003056
22.095	0.00026831
22.1	0.00023134
22.105	0.00019474
22.11	0.00015853
22.115	0.00012273
22.12	8.7366e-05
