0	4.7343e-06
0.01	3.6217e-05
0.02	-7.2743e-06
0.03	2.6543e-05
0.04	-6.6052e-06
0.05	3.1087e-05
0.06	-2.7165e-06
0.07	3.0706e-05
0.08	-2.6158e-05
0.09	-4.4071e-06
0.1	-4.0898e-05
0.11	4.327e-06
0.12	-4.9432e-05
0.13	-2.2067e-05
0.14	-4.376e-05
0.15	4.4684e-05
0.16	4.3781e-05
0.17	-3.1938e-05
0.18	-0.00013067
0.19	-2.8618e-05
0.2	-5.5353e-06
0.21	6.2615e-05
0.22	7.3271e-05
0.23	2.3096e-05
0.24	-0.00021288
0.25	-0.00036413
0.26	-0.00047086
0.27	-0.00028401
0.28	-0.0001038
0.29	-5.3706e-05
0.3	-0.00027414
0.31	-0.00077039
0.32	-0.0011981
0.33	-0.0013411
0.34	-0.001434
0.35	-0.0011714
0.36	-0.0010417
0.37	-0.0013464
0.38	-0.0016771
0.39	-0.0019457
0.4	-0.0023821
0.41	-0.0023681
0.42	-0.0016944
0.43	-0.0010246
0.44	-0.00080581
0.45	-0.001031
0.46	-0.0013922
0.47	-0.0011669
0.48	-0.001188
0.49	-0.001051
0.5	-0.00042781
0.51	0.00021447
0.52	0.00073328
0.53	0.00031551
0.54	-0.00011037
0.55	-0.00031737
0.56	-0.0009102
0.57	-0.0010944
0.58	-0.0017876
0.59	-0.0025038
0.6	-0.0025452
0.61	-0.001328
0.62	0.00033135
0.63	0.001874
0.64	0.0025362
0.65	0.0022451
0.66	0.0011908
0.67	-0.00079511
0.68	-0.0023356
0.69	-0.0027489
0.7	-0.0024882
0.71	-0.0030304
0.72	-0.0040894
0.73	-0.0045116
0.74	-0.0046783
0.75	-0.0033308
0.76	-0.0021993
0.77	-0.00062068
0.78	-2.8942e-05
0.79	-0.00066798
0.8	0.00031775
0.81	0.00089649
0.82	0.0027019
0.83	0.0046088
0.84	0.0047244
0.85	0.0051262
0.86	0.0025444
0.87	-0.00032233
0.88	0.00012043
0.89	0.0031929
0.9	0.0041874
0.91	0.003308
0.92	0.0013093
0.93	0.00020817
0.94	0.0014
0.95	0.0036641
0.96	0.0059541
0.97	0.006029
0.98	0.0070793
0.99	0.010469
1	0.011519
1.01	0.011667
1.02	0.012214
1.03	0.014873
1.04	0.01826
1.05	0.018546
1.06	0.014999
1.07	0.010622
1.08	0.0080321
1.09	0.009635
1.1	0.014103
1.11	0.015794
1.12	0.012136
1.13	0.0056992
1.14	0.0021937
1.15	0.0023433
1.16	0.0036237
1.17	0.0040963
1.18	0.0055067
1.19	0.0073877
1.2	0.0044193
1.21	0.0012229
1.22	-0.00020924
1.23	-0.00098561
1.24	0.0038708
1.25	0.0094165
1.26	0.010861
1.27	0.0091973
1.28	0.001911
1.29	-0.0045102
1.3	-0.0087221
1.31	-0.0070066
1.32	-0.0010431
1.33	0.0032994
1.34	0.0034234
1.35	-0.00050094
1.36	-0.0060579
1.37	-0.011479
1.38	-0.013536
1.39	-0.010072
1.4	-0.01274
1.41	-0.015278
1.42	-0.011996
1.43	-0.008593
1.44	-0.0095151
1.45	-0.012704
1.46	-0.01376
1.47	-0.011857
1.48	-0.0082137
1.49	-0.0085234
1.5	-0.0072331
1.51	-0.0071089
1.52	-0.011746
1.53	-0.017354
1.54	-0.016676
1.55	-0.010753
1.56	0.0002221
1.57	0.0076043
1.58	0.010018
1.59	0.0041465
1.6	-0.0043823
1.61	-0.013018
1.62	-0.020035
1.63	-0.018462
1.64	-0.011984
1.65	-0.0047106
1.66	0.00024042
1.67	0.00012942
1.68	0.0013924
1.69	0.0036014
1.7	0.0045783
1.71	0.0011955
1.72	0.0034117
1.73	0.0090553
1.74	0.009781
1.75	0.0059677
1.76	0.00052143
1.77	-0.002108
1.78	-0.0039433
1.79	-0.0045091
1.8	-0.0039612
1.81	-0.0018647
1.82	0.0039217
1.83	0.011385
1.84	0.008954
1.85	-0.0048854
1.86	-0.022393
1.87	-0.035876
1.88	-0.038447
1.89	-0.032742
1.9	-0.02897
1.91	-0.029382
1.92	-0.032109
1.93	-0.034499
1.94	-0.034463
1.95	-0.032832
1.96	-0.029507
1.97	-0.024615
1.98	-0.018585
1.99	-0.010757
2	-0.0070344
2.01	-0.008463
2.02	-0.01829
2.03	-0.036511
2.04	-0.046504
2.05	-0.057854
2.06	-0.076824
2.07	-0.095912
2.08	-0.10779
2.09	-0.10782
2.1	-0.087834
2.11	-0.039294
2.12	0.016729
2.13	0.047992
2.14	0.056835
2.15	0.059225
2.16	0.051966
2.17	0.036372
2.18	0.027911
2.19	0.038401
2.2	0.050971
2.21	0.048381
2.22	0.031177
2.23	0.016141
2.24	0.0067731
2.25	-0.0012284
2.26	-0.0083568
2.27	-0.012593
2.28	-0.011464
2.29	-0.0090561
2.3	-0.014162
2.31	-0.030197
2.32	-0.049282
2.33	-0.055272
2.34	-0.047044
2.35	-0.02259
2.36	0.0031557
2.37	0.016581
2.38	0.024095
2.39	0.026191
2.4	0.035673
2.41	0.05272
2.42	0.066896
2.43	0.073748
2.44	0.069265
2.45	0.067661
2.46	0.0754
2.47	0.099212
2.48	0.13003
2.49	0.15753
2.5	0.1721
2.51	0.18013
2.52	0.1803
2.53	0.17896
2.54	0.17442
2.55	0.16754
2.56	0.15085
2.57	0.13746
2.58	0.12144
2.59	0.092677
2.6	0.052182
2.61	0.021784
2.62	0.0059689
2.63	0.003043
2.64	0.0054439
2.65	0.0067967
2.66	0.0012047
2.67	-0.018277
2.68	-0.055277
2.69	-0.09686
2.7	-0.12584
2.71	-0.12042
2.72	-0.080657
2.73	-0.034121
2.74	-0.0094799
2.75	-0.01156
2.76	-0.02337
2.77	-0.031124
2.78	-0.022655
2.79	-0.0043039
2.8	0.012788
2.81	0.024593
2.82	0.029855
2.83	0.018042
2.84	-0.0048355
2.85	-0.023816
2.86	-0.037764
2.87	-0.044026
2.88	-0.045502
2.89	-0.043642
2.9	-0.025809
2.91	0.0017015
2.92	0.013
2.93	-0.00085248
2.94	-0.02131
2.95	-0.036159
2.96	-0.038349
2.97	-0.012702
2.98	0.024373
2.99	0.047565
3	0.061121
3.01	0.069381
3.02	0.073096
3.03	0.088657
3.04	0.11557
3.05	0.12968
3.06	0.12882
3.07	0.12143
3.08	0.11073
3.09	0.10177
3.1	0.087766
3.11	0.063556
3.12	0.036459
3.13	0.011056
3.14	-0.0075629
3.15	-0.014973
3.16	-0.019895
3.17	-0.025794
3.18	-0.034643
3.19	-0.051809
3.2	-0.076226
3.21	-0.10196
3.22	-0.12148
3.23	-0.13377
3.24	-0.14071
3.25	-0.13902
3.26	-0.13679
3.27	-0.14532
3.28	-0.16207
3.29	-0.17432
3.3	-0.18386
3.31	-0.18579
3.32	-0.18461
3.33	-0.18065
3.34	-0.17137
3.35	-0.15445
3.36	-0.13654
3.37	-0.12439
3.38	-0.11906
3.39	-0.1208
3.4	-0.12558
3.41	-0.12008
3.42	-0.10412
3.43	-0.082847
3.44	-0.061014
3.45	-0.031924
3.46	0.0085359
3.47	0.04216
3.48	0.068023
3.49	0.092918
3.5	0.12211
3.51	0.14805
3.52	0.15821
3.53	0.15614
3.54	0.14888
3.55	0.13544
3.56	0.13354
3.57	0.13867
3.58	0.13594
3.59	0.14153
3.6	0.15866
3.61	0.169
3.62	0.15775
3.63	0.13819
3.64	0.10602
3.65	0.071999
3.66	0.0471
3.67	0.038477
3.68	0.042831
3.69	0.041362
3.7	0.012309
3.71	-0.042534
3.72	-0.10342
3.73	-0.15309
3.74	-0.16827
3.75	-0.15753
3.76	-0.14812
3.77	-0.15168
3.78	-0.16753
3.79	-0.19009
3.8	-0.20701
3.81	-0.2115
3.82	-0.20888
3.83	-0.20346
3.84	-0.19699
3.85	-0.19227
3.86	-0.19461
3.87	-0.20166
3.88	-0.21434
3.89	-0.2294
3.9	-0.24434
3.91	-0.24926
3.92	-0.2483
3.93	-0.24385
3.94	-0.24233
3.95	-0.24216
3.96	-0.24595
3.97	-0.24721
3.98	-0.2484
3.99	-0.25198
4	-0.26173
4.01	-0.27822
4.02	-0.3016
4.03	-0.32693
4.04	-0.34825
4.05	-0.36538
4.06	-0.38412
4.07	-0.40732
4.08	-0.43776
4.09	-0.47939
4.1	-0.52902
4.11	-0.57754
4.12	-0.61258
4.13	-0.62657
4.14	-0.63389
4.15	-0.64871
4.16	-0.66927
4.17	-0.68804
4.18	-0.70992
4.19	-0.7303
4.2	-0.73261
4.21	-0.67381
4.22	-0.50823
4.23	-0.25029
4.24	0.0013195
4.25	0.23648
4.26	0.41723
4.27	0.50675
4.28	0.54633
4.29	0.58007
4.3	0.61925
4.31	0.64561
4.32	0.66893
4.33	0.69476
4.34	0.72365
4.35	0.73944
4.36	0.7507
4.37	0.76755
4.38	0.78919
4.39	0.81282
4.4	0.82986
4.41	0.85028
4.42	0.86834
4.43	0.89122
4.44	0.90862
4.45	0.9174
4.46	0.92971
4.47	0.944
4.48	0.93866
4.49	0.91859
4.5	0.89653
4.51	0.86623
4.52	0.82497
4.53	0.76123
4.54	0.6693
4.55	0.57035
4.56	0.45931
4.57	0.35318
4.58	0.26538
4.59	0.21801
4.6	0.21804
4.61	0.25094
4.62	0.29682
4.63	0.3007
4.64	0.29281
4.65	0.29282
4.66	0.29245
4.67	0.28824
4.68	0.28283
4.69	0.27835
4.7	0.25859
4.71	0.23221
4.72	0.20838
4.73	0.17873
4.74	0.16255
4.75	0.15969
4.76	0.16372
4.77	0.17501
4.78	0.17924
4.79	0.15977
4.8	0.13417
4.81	0.10746
4.82	0.077198
4.83	0.038054
4.84	-0.00010978
4.85	-0.038624
4.86	-0.085622
4.87	-0.14159
4.88	-0.19945
4.89	-0.26289
4.9	-0.32504
4.91	-0.37986
4.92	-0.42656
4.93	-0.4612
4.94	-0.48828
4.95	-0.51284
4.96	-0.5376
4.97	-0.56621
4.98	-0.59526
4.99	-0.62564
5	-0.65193
5.01	-0.6727
5.02	-0.68991
5.03	-0.6996
5.04	-0.69595
5.05	-0.68248
5.06	-0.66701
5.07	-0.64868
5.08	-0.63158
5.09	-0.61989
5.1	-0.60279
5.11	-0.56684
5.12	-0.51194
5.13	-0.45222
5.14	-0.38816
5.15	-0.3347
5.16	-0.33493
5.17	-0.41191
5.18	-0.53484
5.19	-0.58992
5.2	-0.51057
5.21	-0.35697
5.22	-0.21474
5.23	-0.11002
5.24	-0.036538
5.25	0.019919
5.26	0.050839
5.27	0.074441
5.28	0.11182
5.29	0.15759
5.3	0.20122
5.31	0.24669
5.32	0.29503
5.33	0.34684
5.34	0.39143
5.35	0.43046
5.36	0.46532
5.37	0.49414
5.38	0.51121
5.39	0.52401
5.4	0.52216
5.41	0.51271
5.42	0.49527
5.43	0.46965
5.44	0.43056
5.45	0.37222
5.46	0.28069
5.47	0.21187
5.48	0.19344
5.49	0.19244
5.5	0.19482
5.51	0.19719
5.52	0.1954
5.53	0.1905
5.54	0.19141
5.55	0.20363
5.56	0.21306
5.57	0.21984
5.58	0.23413
5.59	0.24911
5.6	0.25934
5.61	0.26332
5.62	0.26041
5.63	0.25906
5.64	0.25441
5.65	0.25183
5.66	0.24879
5.67	0.26834
5.68	0.27572
5.69	0.26676
5.7	0.26485
5.71	0.27036
5.72	0.27646
5.73	0.27686
5.74	0.26274
5.75	0.22427
5.76	0.14835
5.77	0.073537
5.78	0.029457
5.79	0.017268
5.8	0.024741
5.81	0.032372
5.82	0.020428
5.83	-0.0099417
5.84	-0.057045
5.85	-0.10435
5.86	-0.15169
5.87	-0.20523
5.88	-0.25405
5.89	-0.2934
5.9	-0.31425
5.91	-0.32141
5.92	-0.33796
5.93	-0.36459
5.94	-0.38389
5.95	-0.37512
5.96	-0.33103
5.97	-0.26862
5.98	-0.20215
5.99	-0.14727
6	-0.1252
6.01	-0.12932
6.02	-0.15048
6.03	-0.18182
6.04	-0.21178
6.05	-0.23259
6.06	-0.23606
6.07	-0.23845
6.08	-0.25111
6.09	-0.27839
6.1	-0.31571
6.11	-0.34674
6.12	-0.36833
6.13	-0.38946
6.14	-0.41202
6.15	-0.43129
6.16	-0.45412
6.17	-0.4791
6.18	-0.50382
6.19	-0.52229
6.2	-0.53206
6.21	-0.52728
6.22	-0.50354
6.23	-0.46178
6.24	-0.41385
6.25	-0.37594
6.26	-0.35937
6.27	-0.33642
6.28	-0.27837
6.29	-0.20859
6.3	-0.15333
6.31	-0.10739
6.32	-0.068858
6.33	-0.040791
6.34	-0.0093336
6.35	0.036901
6.36	0.090626
6.37	0.13277
6.38	0.16625
6.39	0.19985
6.4	0.23882
6.41	0.27769
6.42	0.31741
6.43	0.35275
6.44	0.38759
6.45	0.42035
6.46	0.42559
6.47	0.4192
6.48	0.41776
6.49	0.41361
6.5	0.40712
6.51	0.39754
6.52	0.39398
6.53	0.3885
6.54	0.38202
6.55	0.37202
6.56	0.35919
6.57	0.30052
6.58	0.16316
6.59	0.028716
6.6	-0.057332
6.61	-0.099745
6.62	-0.10949
6.63	-0.10081
6.64	-0.079171
6.65	-0.049243
6.66	-0.023216
6.67	-0.013975
6.68	-0.031255
6.69	-0.06463
6.7	-0.10355
6.71	-0.14186
6.72	-0.17595
6.73	-0.19556
6.74	-0.19699
6.75	-0.1604
6.76	-0.08452
6.77	0.0051891
6.78	0.058386
6.79	0.049166
6.8	-0.017122
6.81	-0.09096
6.82	-0.14491
6.83	-0.17308
6.84	-0.18799
6.85	-0.19405
6.86	-0.19223
6.87	-0.19039
6.88	-0.19509
6.89	-0.16788
6.9	-0.094111
6.91	-0.05
6.92	-0.065057
6.93	-0.089118
6.94	-0.089108
6.95	-0.078312
6.96	-0.078607
6.97	-0.085025
6.98	-0.082829
6.99	-0.077378
7	-0.070451
7.01	-0.056467
7.02	-0.040222
7.03	-0.026942
7.04	-0.025404
7.05	-0.050049
7.06	-0.082773
7.07	-0.10042
7.08	-0.092044
7.09	-0.055248
7.1	-0.010811
7.11	0.0099392
7.12	0.016054
7.13	0.028114
7.14	0.053993
7.15	0.078799
7.16	0.087647
7.17	0.074344
7.18	0.05943
7.19	0.049813
7.2	0.041285
7.21	0.038905
7.22	0.050161
7.23	0.064896
7.24	0.084536
7.25	0.12442
7.26	0.15977
7.27	0.15902
7.28	0.1149
7.29	0.046369
7.3	-0.0027678
7.31	-0.027311
7.32	-0.051322
7.33	-0.081966
7.34	-0.11574
7.35	-0.13476
7.36	-0.11673
7.37	-0.032074
7.38	0.076997
7.39	0.15157
7.4	0.1793
7.41	0.17824
7.42	0.16895
7.43	0.15462
7.44	0.13893
7.45	0.12025
7.46	0.10203
7.47	0.084636
7.48	0.060505
7.49	0.040466
7.5	0.023891
7.51	-0.0015942
7.52	-0.035183
7.53	-0.054135
7.54	-0.0079364
7.55	0.056307
7.56	0.092769
7.57	0.11371
7.58	0.11756
7.59	0.11918
7.6	0.1168
7.61	0.10787
7.62	0.099632
7.63	0.08338
7.64	0.053433
7.65	-0.0058718
7.66	-0.079211
7.67	-0.14291
7.68	-0.18812
7.69	-0.21424
7.7	-0.22763
7.71	-0.23171
7.72	-0.2258
7.73	-0.20996
7.74	-0.17811
7.75	-0.12887
7.76	-0.08707
7.77	-0.063982
7.78	-0.068427
7.79	-0.094675
7.8	-0.12756
7.81	-0.14289
7.82	-0.14353
7.83	-0.14091
7.84	-0.14209
7.85	-0.1446
7.86	-0.14586
7.87	-0.1428
7.88	-0.13429
7.89	-0.10302
7.9	-0.040874
7.91	0.04976
7.92	0.13416
7.93	0.19838
7.94	0.24358
7.95	0.26753
7.96	0.28058
7.97	0.29093
7.98	0.30429
7.99	0.31893
8	0.33126
8.01	0.35154
8.02	0.36887
8.03	0.37866
8.04	0.38289
8.05	0.38072
8.06	0.37723
8.07	0.37828
8.08	0.37932
8.09	0.38717
8.1	0.40353
8.11	0.4198
8.12	0.42318
8.13	0.42309
8.14	0.41647
8.15	0.40503
8.16	0.35868
8.17	0.25268
8.18	0.082752
8.19	-0.055701
8.2	-0.13077
8.21	-0.167
8.22	-0.1918
8.23	-0.21276
8.24	-0.22689
8.25	-0.23506
8.26	-0.24969
8.27	-0.27942
8.28	-0.32008
8.29	-0.36835
8.3	-0.42318
8.31	-0.47587
8.32	-0.5084
8.33	-0.51917
8.34	-0.51557
8.35	-0.50642
8.36	-0.4875
8.37	-0.46006
8.38	-0.42761
8.39	-0.38965
8.4	-0.33247
8.41	-0.23365
8.42	-0.12824
8.43	-0.048133
8.44	0.007367
8.45	0.025366
8.46	0.022907
8.47	0.0097703
8.48	-0.016789
8.49	-0.041017
8.5	-0.050464
8.51	-0.048096
8.52	-0.041227
8.53	-0.030845
8.54	-0.019141
8.55	-0.0087141
8.56	0.0058159
8.57	0.022201
8.58	0.037264
8.59	0.053313
8.6	0.064615
8.61	0.070749
8.62	0.072765
8.63	0.063711
8.64	0.051416
8.65	0.047651
8.66	0.051665
8.67	0.06867
8.68	0.09433
8.69	0.11939
8.7	0.14417
8.71	0.16219
8.72	0.17486
8.73	0.18723
8.74	0.19143
8.75	0.18616
8.76	0.17806
8.77	0.16362
8.78	0.14716
8.79	0.12547
8.8	0.096499
8.81	0.056077
8.82	0.016415
8.83	-0.013908
8.84	-0.035293
8.85	-0.046867
8.86	-0.04858
8.87	-0.036545
8.88	-0.0096555
8.89	0.0073773
8.9	-0.0014427
8.91	-0.031275
8.92	-0.062351
8.93	-0.081345
8.94	-0.090392
8.95	-0.091931
8.96	-0.095548
8.97	-0.091309
8.98	-0.071063
8.99	-0.05058
9	-0.044603
9.01	-0.050973
9.02	-0.054857
9.03	-0.052149
9.04	-0.04625
9.05	-0.045958
9.06	-0.043612
9.07	-0.041026
9.08	-0.041472
9.09	-0.044796
9.1	-0.056853
9.11	-0.076673
9.12	-0.094598
9.13	-0.10444
9.14	-0.093033
9.15	-0.051693
9.16	0.0029371
9.17	0.041959
9.18	0.05353
9.19	0.049137
9.2	0.038511
9.21	0.02652
9.22	0.019815
9.23	0.017086
9.24	0.014702
9.25	0.018065
9.26	0.033943
9.27	0.057584
9.28	0.082411
9.29	0.097652
9.3	0.10563
9.31	0.10915
9.32	0.10473
9.33	0.08573
9.34	0.060778
9.35	0.042934
9.36	0.02583
9.37	0.014571
9.38	0.0073853
9.39	-0.0024156
9.4	-0.010915
9.41	-0.021027
9.42	-0.023251
9.43	-0.025964
9.44	-0.034773
9.45	-0.044596
9.46	-0.053962
9.47	-0.057601
9.48	-0.057131
9.49	-0.055882
9.5	-0.055395
9.51	-0.054879
9.52	-0.061749
9.53	-0.069408
9.54	-0.070668
9.55	-0.070671
9.56	-0.068098
9.57	-0.058975
9.58	-0.054205
9.59	-0.053941
9.6	-0.059404
9.61	-0.064874
9.62	-0.072443
9.63	-0.080222
9.64	-0.08404
9.65	-0.085284
9.66	-0.085596
9.67	-0.083882
9.68	-0.065709
9.69	-0.033438
9.7	-0.007427
9.71	0.0044103
9.72	-0.0023846
9.73	-0.014763
9.74	-0.03022
9.75	-0.041219
9.76	-0.047702
9.77	-0.048051
9.78	-0.040075
9.79	-0.031058
9.8	-0.020692
9.81	-0.017493
9.82	-0.017521
9.83	-0.017333
9.84	-0.016022
9.85	-0.0092694
9.86	0.0092055
9.87	0.022993
9.88	0.024932
9.89	0.026056
9.9	0.029707
9.91	0.036633
9.92	0.04546
9.93	0.044316
9.94	0.0367
9.95	0.022463
9.96	0.0094176
9.97	0.0066138
9.98	0.012104
9.99	0.01689
10	0.020155
10.01	0.022335
10.02	0.022133
10.03	0.031608
10.04	0.044987
10.05	0.05395
10.06	0.060003
10.07	0.063798
10.08	0.069487
10.09	0.07935
10.1	0.086371
10.11	0.086223
10.12	0.077354
10.13	0.064849
10.14	0.052665
10.15	0.044842
10.16	0.040509
10.17	0.03852
10.18	0.045664
10.19	0.052151
10.2	0.060865
10.21	0.067358
10.22	0.066028
10.23	0.060558
10.24	0.05121
10.25	0.042448
10.26	0.042184
10.27	0.0558
10.28	0.068839
10.29	0.072675
10.3	0.067969
10.31	0.059461
10.32	0.047298
10.33	0.039037
10.34	0.037786
10.35	0.040115
10.36	0.043881
10.37	0.047394
10.38	0.046036
10.39	0.04369
10.4	0.03402
10.41	0.014933
10.42	-0.0087452
10.43	-0.02459
10.44	-0.025337
10.45	-0.023849
10.46	-0.023658
10.47	-0.02775
10.48	-0.026985
10.49	-0.020943
10.5	-0.0052282
10.51	0.011465
10.52	0.01426
10.53	0.017095
10.54	0.023869
10.55	0.030042
10.56	0.03097
10.57	0.030292
10.58	0.033297
10.59	0.034524
10.6	0.035232
10.61	0.030134
10.62	0.022977
10.63	0.015597
10.64	0.01164
10.65	0.010857
10.66	0.0057193
10.67	0.0035541
10.68	0.0059688
10.69	0.0085835
10.7	0.013888
10.71	0.021233
10.72	0.025611
10.73	0.020899
10.74	0.014837
10.75	0.012171
10.76	0.021766
10.77	0.044184
10.78	0.068326
10.79	0.074019
10.8	0.067835
10.81	0.061581
10.82	0.052246
10.83	0.037331
10.84	0.011513
10.85	-0.018756
10.86	-0.039309
10.87	-0.048523
10.88	-0.056275
10.89	-0.062709
10.9	-0.066885
10.91	-0.06545
10.92	-0.057665
10.93	-0.045956
10.94	-0.041633
10.95	-0.042164
10.96	-0.034115
10.97	-0.025146
10.98	-0.010784
10.99	0.0031983
11	0.013709
11.01	0.023868
11.02	0.028299
11.03	0.028538
11.04	0.027557
11.05	0.017507
11.06	0.0012296
11.07	-0.023668
11.08	-0.044125
11.09	-0.052697
11.1	-0.051876
11.11	-0.04745
11.12	-0.049705
11.13	-0.051099
11.14	-0.049684
11.15	-0.035289
11.16	-0.020057
11.17	-0.0090391
11.18	-0.0015005
11.19	0.0025253
11.2	0.0096975
11.21	0.018534
11.22	0.026168
11.23	0.034439
11.24	0.039652
11.25	0.041766
11.26	0.033488
11.27	0.021806
11.28	0.017485
11.29	0.02161
11.3	0.032979
11.31	0.040114
11.32	0.040814
11.33	0.040781
11.34	0.039834
11.35	0.039965
11.36	0.037849
11.37	0.033988
11.38	0.037708
11.39	0.044502
11.4	0.054911
11.41	0.063508
11.42	0.069016
11.43	0.066945
11.44	0.046627
11.45	0.014897
11.46	-0.01122
11.47	-0.027853
11.48	-0.034179
11.49	-0.029762
11.5	-0.021484
11.51	-0.0046099
11.52	0.01134
11.53	0.02534
11.54	0.030063
11.55	0.028155
11.56	0.018477
11.57	0.0028523
11.58	-0.012115
11.59	-0.018482
11.6	-0.014663
11.61	-0.0071972
11.62	-0.0050463
11.63	-0.0091136
11.64	-0.018864
11.65	-0.030674
11.66	-0.039112
11.67	-0.042007
11.68	-0.035524
11.69	-0.023842
11.7	-0.01085
11.71	-0.0031852
11.72	-0.0044244
11.73	-0.0079866
11.74	-0.0040669
11.75	0.0023071
11.76	0.010983
11.77	0.020025
11.78	0.028203
11.79	0.031369
11.8	0.03873
11.81	0.051189
11.82	0.059057
11.83	0.058437
11.84	0.043491
11.85	0.021704
11.86	-0.0049031
11.87	-0.026574
11.88	-0.033259
11.89	-0.033252
11.9	-0.027509
11.91	-0.019625
11.92	-0.011191
11.93	-0.0023657
11.94	0.010329
11.95	0.017397
11.96	0.015363
11.97	0.01135
11.98	0.0062158
11.99	-0.0016672
12	-0.0045024
12.01	0.0026484
12.02	0.0089438
12.03	0.015087
12.04	0.025032
12.05	0.031174
12.06	0.033685
12.07	0.034045
12.08	0.036581
12.09	0.038734
12.1	0.040615
12.11	0.038675
12.12	0.037821
12.13	0.03429
12.14	0.023878
12.15	0.006446
12.16	-0.0087337
12.17	-0.011201
12.18	-0.00041026
12.19	0.016244
12.2	0.031185
12.21	0.033053
12.22	0.025928
12.23	0.019229
12.24	0.010368
12.25	0.0058011
12.26	-0.0010645
12.27	-0.0056034
12.28	-0.011789
12.29	-0.018604
12.3	-0.02915
12.31	-0.041634
12.32	-0.048541
12.33	-0.050544
12.34	-0.046764
12.35	-0.039021
12.36	-0.026232
12.37	-0.015063
12.38	-0.011662
12.39	-0.012683
12.4	-0.017015
12.41	-0.027749
12.42	-0.040946
12.43	-0.045184
12.44	-0.043354
12.45	-0.035547
12.46	-0.024204
12.47	-0.018563
12.48	-0.016877
12.49	-0.014285
12.5	-0.0049228
12.51	0.0059657
12.52	0.012611
12.53	0.014797
12.54	0.0080459
12.55	-0.0077146
12.56	-0.033004
12.57	-0.054026
12.58	-0.063184
12.59	-0.062517
12.6	-0.057534
12.61	-0.05352
12.62	-0.046296
12.63	-0.040075
12.64	-0.029217
12.65	-0.024301
12.66	-0.021932
12.67	-0.01883
12.68	-0.010273
12.69	0.0013971
12.7	0.015025
12.71	0.02083
12.72	0.020764
12.73	0.012119
12.74	0.0014287
12.75	-0.0043657
12.76	-0.0098935
12.77	-0.015225
12.78	-0.020632
12.79	-0.023089
12.8	-0.018902
12.81	-0.011014
12.82	0.0016471
12.83	0.013756
12.84	0.020436
12.85	0.021697
12.86	0.02349
12.87	0.019186
12.88	0.010117
12.89	0.0043376
12.9	0.0010727
12.91	-0.0032367
12.92	-0.0072275
12.93	-0.0089158
12.94	-0.0059345
12.95	-0.0027498
12.96	0.0026459
12.97	0.010949
12.98	0.021268
12.99	0.027207
13	0.034778
13.01	0.036428
13.02	0.029294
13.03	0.028546
13.04	0.025613
13.05	0.027501
13.06	0.033977
13.07	0.042806
13.08	0.052425
13.09	0.058936
13.1	0.058515
13.11	0.049366
13.12	0.036389
13.13	0.021078
13.14	0.011834
13.15	0.0083446
13.16	0.0049079
13.17	0.0048629
13.18	0.0063326
13.19	0.01036
13.2	0.010503
13.21	0.0090913
13.22	0.0090242
13.23	0.0087942
13.24	0.0093649
13.25	0.015387
13.26	0.026628
13.27	0.032186
13.28	0.035759
13.29	0.039748
13.3	0.040673
13.31	0.039872
13.32	0.039456
13.33	0.032539
13.34	0.023873
13.35	0.010403
13.36	-0.0063641
13.37	-0.021642
13.38	-0.032911
13.39	-0.044622
13.4	-0.050351
13.41	-0.054113
13.42	-0.061881
13.43	-0.06361
13.44	-0.061061
13.45	-0.050427
13.46	-0.042006
13.47	-0.035915
13.48	-0.028494
13.49	-0.019486
13.5	-0.004285
13.51	0.01365
13.52	0.023267
13.53	0.028392
13.54	0.035055
13.55	0.034165
13.56	0.030488
13.57	0.023456
13.58	0.0096521
13.59	-0.0020096
13.6	-0.0085954
13.61	-0.014153
13.62	-0.013466
13.63	-0.0040169
13.64	0.011646
13.65	0.023158
13.66	0.021472
13.67	0.01358
13.68	0.0063414
13.69	0.0026893
13.7	-0.0034299
13.71	-0.006743
13.72	-0.0068905
13.73	-0.0020862
13.74	-0.00090349
13.75	-0.0019964
13.76	-0.009117
13.77	-0.02257
13.78	-0.035099
13.79	-0.04164
13.8	-0.048788
13.81	-0.054373
13.82	-0.060693
13.83	-0.068503
13.84	-0.067741
13.85	-0.06023
13.86	-0.052443
13.87	-0.045206
13.88	-0.038906
13.89	-0.033344
13.9	-0.024694
13.91	-0.02009
13.92	-0.016053
13.93	-0.012915
13.94	-0.011173
13.95	-0.011771
13.96	-0.019102
13.97	-0.030586
13.98	-0.037523
13.99	-0.033246
14	-0.024189
14.01	-0.017917
14.02	-0.013153
14.03	-0.0076514
14.04	0.0034279
14.05	0.017948
14.06	0.030382
14.07	0.039292
14.08	0.043987
14.09	0.051404
14.1	0.060552
14.11	0.068429
14.12	0.071045
14.13	0.071202
14.14	0.068322
14.15	0.066536
14.16	0.066302
14.17	0.061138
14.18	0.053991
14.19	0.043741
14.2	0.029491
14.21	0.020612
14.22	0.014099
14.23	0.010215
14.24	0.011261
14.25	0.011165
14.26	0.012425
14.27	0.0071773
14.28	0.0022104
14.29	-0.0044302
14.3	-0.008698
14.31	-0.018067
14.32	-0.024442
14.33	-0.028243
14.34	-0.030455
14.35	-0.028852
14.36	-0.025307
14.37	-0.027192
14.38	-0.030804
14.39	-0.036101
14.4	-0.038346
14.41	-0.036312
14.42	-0.039197
14.43	-0.047647
14.44	-0.056391
14.45	-0.060875
14.46	-0.063062
14.47	-0.065506
14.48	-0.067512
14.49	-0.071378
14.5	-0.069847
14.51	-0.064181
14.52	-0.055148
14.53	-0.046408
14.54	-0.035323
14.55	-0.0222
14.56	-0.0058838
14.57	0.0040121
14.58	0.017329
14.59	0.029092
14.6	0.041357
14.61	0.052932
14.62	0.05994
14.63	0.061867
14.64	0.063875
14.65	0.059352
14.66	0.049022
14.67	0.04268
14.68	0.038321
14.69	0.0351
14.7	0.034064
14.71	0.030096
14.72	0.023771
14.73	0.017259
14.74	0.0075357
14.75	-0.0055102
14.76	-0.011739
14.77	-0.015792
14.78	-0.016951
14.79	-0.013593
14.8	-0.0069494
14.81	0.002189
14.82	0.011884
14.83	0.014393
14.84	0.0096176
14.85	0.0063956
14.86	0.0027595
14.87	0.0043435
14.88	0.0081118
14.89	0.011953
14.9	0.016291
14.91	0.02054
14.92	0.021358
14.93	0.018327
14.94	0.015005
14.95	0.013847
14.96	0.010192
14.97	0.0075517
14.98	0.0041067
14.99	0.0007962
15	-0.0091943
15.01	-0.02028
15.02	-0.029015
15.03	-0.032396
15.04	-0.031042
15.05	-0.029141
15.06	-0.030166
15.07	-0.0306
15.08	-0.021731
15.09	-0.012213
15.1	-0.0023577
15.11	-0.0016623
15.12	-0.0054048
15.13	-0.011294
15.14	-0.013572
15.15	-0.010586
15.16	-0.011075
15.17	-0.013402
15.18	-0.018711
15.19	-0.023918
15.2	-0.024443
15.21	-0.026641
15.22	-0.032525
15.23	-0.039964
15.24	-0.041697
15.25	-0.038346
15.26	-0.025877
15.27	-0.0099448
15.28	-0.000198
15.29	0.0034558
15.3	0.0063552
15.31	0.0068181
15.32	0.0059566
15.33	0.0014205
15.34	-0.0014895
15.35	-0.0017285
15.36	-0.0032233
15.37	0.0031744
15.38	0.0074589
15.39	0.010965
15.4	0.013148
15.41	0.020092
15.42	0.031979
15.43	0.045362
15.44	0.050778
15.45	0.05221
15.46	0.044846
15.47	0.025626
15.48	-0.0023735
15.49	-0.019817
15.5	-0.0292
15.51	-0.037438
15.52	-0.036872
15.53	-0.028624
15.54	-0.017379
15.55	-0.016547
15.56	-0.021544
15.57	-0.028633
15.58	-0.034078
15.59	-0.032542
15.6	-0.027115
15.61	-0.018206
15.62	-0.0073675
15.63	0.0013672
15.64	0.0074034
15.65	0.0036982
15.66	-0.0056921
15.67	-0.017172
15.68	-0.023701
15.69	-0.022866
15.7	-0.018638
15.71	-0.016347
15.72	-0.016035
15.73	-0.015314
15.74	-0.014299
15.75	-0.016842
15.76	-0.025544
15.77	-0.031519
15.78	-0.029924
15.79	-0.022009
15.8	-0.012139
15.81	-0.0062581
15.82	-0.0047079
15.83	-0.0022821
15.84	-0.00094049
15.85	-0.00092427
15.86	-0.0019798
15.87	-0.0075091
15.88	-0.015628
15.89	-0.016298
15.9	-0.011012
15.91	-0.0016803
15.92	0.0093448
15.93	0.013249
15.94	0.013019
15.95	0.014388
15.96	0.013274
15.97	0.010709
15.98	0.0044127
15.99	-0.0020665
16	-0.006001
16.01	-0.011328
16.02	-0.01781
16.03	-0.02042
16.04	-0.018976
16.05	-0.023641
16.06	-0.026222
16.07	-0.027634
16.08	-0.024867
16.09	-0.022303
16.1	-0.021878
16.11	-0.027219
16.12	-0.031866
16.13	-0.032227
16.14	-0.028543
16.15	-0.028588
16.16	-0.026256
16.17	-0.025878
16.18	-0.022403
16.19	-0.014079
16.2	0.0035023
16.21	0.019323
16.22	0.029143
16.23	0.03313
16.24	0.03322
16.25	0.035854
16.26	0.040254
16.27	0.041321
16.28	0.043123
16.29	0.045949
16.3	0.044772
16.31	0.039685
16.32	0.036715
16.33	0.030176
16.34	0.016947
16.35	0.0035956
16.36	-0.0030746
16.37	-0.0070239
16.38	-0.0088835
16.39	-0.0060062
16.4	-0.0050889
16.41	-0.0031539
16.42	-0.0013283
16.43	-0.004978
16.44	-0.011517
16.45	-0.020119
16.46	-0.024705
16.47	-0.024873
16.48	-0.02383
16.49	-0.022061
16.5	-0.025207
16.51	-0.030639
16.52	-0.03803
16.53	-0.03886
16.54	-0.039219
16.55	-0.03865
16.56	-0.034468
16.57	-0.031302
16.58	-0.026172
16.59	-0.020605
16.6	-0.0098469
16.61	-0.0015134
16.62	0.001734
16.63	0.0025025
16.64	0.0023029
16.65	0.0048919
16.66	0.0019384
16.67	-0.003467
16.68	-0.011296
16.69	-0.015001
16.7	-0.011412
16.71	-0.0023525
16.72	0.0069401
16.73	0.0093182
16.74	0.013169
16.75	0.014599
16.76	0.012855
16.77	0.011658
16.78	0.011981
16.79	0.01406
16.8	0.017486
16.81	0.023081
16.82	0.026103
16.83	0.02873
16.84	0.030198
16.85	0.032263
16.86	0.032659
16.87	0.03603
16.88	0.037755
16.89	0.039355
16.9	0.040291
16.91	0.041045
16.92	0.038085
16.93	0.033836
16.94	0.026536
16.95	0.015855
16.96	0.010736
16.97	0.0089265
16.98	0.0077882
16.99	0.0071494
17	0.0074676
17.01	0.00644
17.02	0.0046746
17.03	0.0019019
17.04	0.0013999
17.05	-0.0041075
17.06	-0.0097819
17.07	-0.010648
17.08	-0.0066228
17.09	-0.0017443
17.1	0.0017502
17.11	0.0048695
17.12	0.0083789
17.13	0.0049975
17.14	0.0061045
17.15	0.011429
17.16	0.0089852
17.17	0.0020473
17.18	-0.0069066
17.19	-0.010348
17.2	-0.0096473
17.21	-0.0033636
17.22	0.0013325
17.23	-0.0028845
17.24	-0.010367
17.25	-0.017344
17.26	-0.022235
17.27	-0.024722
17.28	-0.023669
17.29	-0.024722
17.3	-0.025496
17.31	-0.022106
17.32	-0.015165
17.33	-0.014622
17.34	-0.018299
17.35	-0.019678
17.36	-0.018439
17.37	-0.014357
17.38	-0.010523
17.39	-0.010741
17.4	-0.0095472
17.41	-0.0098379
17.42	-0.013535
17.43	-0.017442
17.44	-0.013658
17.45	-0.012098
17.46	-0.010008
17.47	-0.0071465
17.48	-0.0070104
17.49	-0.0078985
17.5	-0.0076325
17.51	-0.0028219
17.52	0.0010091
17.53	0.0056857
17.54	0.0083349
17.55	0.0054712
17.56	0.0087409
17.57	0.015744
17.58	0.023485
17.59	0.026322
17.6	0.024865
17.61	0.027438
17.62	0.031493
17.63	0.032548
17.64	0.034195
17.65	0.033007
17.66	0.023247
17.67	0.013999
17.68	0.0087295
17.69	0.0041912
17.7	-0.002536
17.71	-0.0056665
17.72	-0.011159
17.73	-0.011786
17.74	-0.010358
17.75	-0.0059408
17.76	-0.0010974
17.77	0.0027544
17.78	0.0038775
17.79	0.005852
17.8	0.009189
17.81	0.012854
17.82	0.014309
17.83	0.013038
17.84	0.0095565
17.85	0.0035568
17.86	-0.00035329
17.87	0.0037513
17.88	0.0085578
17.89	0.015704
17.9	0.018081
17.91	0.017374
17.92	0.014799
17.93	0.011479
17.94	0.0075309
17.95	0.0046362
17.96	0.0014099
17.97	-0.0050632
17.98	-0.015149
17.99	-0.023319
18	-0.030271
18.01	-0.033984
18.02	-0.037036
18.03	-0.037891
18.04	-0.037072
18.05	-0.032205
18.06	-0.025625
18.07	-0.021786
18.08	-0.01799
18.09	-0.017228
18.1	-0.015822
18.11	-0.011009
18.12	-0.0086591
18.13	-0.0085922
18.14	-0.0085035
18.15	-0.010221
18.16	-0.013394
18.17	-0.010397
18.18	-0.0035424
18.19	0.0025395
18.2	0.0091477
18.21	0.011488
18.22	0.013975
18.23	0.014992
18.24	0.017292
18.25	0.018338
18.26	0.019501
18.27	0.022447
18.28	0.022101
18.29	0.01984
18.3	0.017844
18.31	0.010817
18.32	0.0032203
18.33	-0.0022659
18.34	-0.00019374
18.35	-0.0022993
18.36	0.00035248
18.37	0.00089843
18.38	0.0061413
18.39	0.01216
18.4	0.013241
18.41	0.012934
18.42	0.0076774
18.43	0.0067531
18.44	0.0080563
18.45	0.006278
18.46	0.010045
18.47	0.017119
18.48	0.023352
18.49	0.030629
18.5	0.033127
18.51	0.030069
18.52	0.023755
18.53	0.020645
18.54	0.021212
18.55	0.018888
18.56	0.013181
18.57	0.0098867
18.58	0.0037482
18.59	-0.0014886
18.6	-0.0076039
18.61	-0.0086928
18.62	-0.010337
18.63	-0.012844
18.64	-0.014106
18.65	-0.01185
18.66	-0.016866
18.67	-0.022752
18.68	-0.024788
18.69	-0.029217
18.7	-0.029291
18.71	-0.025297
18.72	-0.018491
18.73	-0.012039
18.74	-0.010379
18.75	-0.0088482
18.76	-0.0094926
18.77	-0.010295
18.78	-0.0053747
18.79	-0.002743
18.8	-0.0050957
18.81	-0.0068993
18.82	-0.0087327
18.83	-0.0028301
18.84	1.6928e-05
18.85	0.0051153
18.86	0.0091962
18.87	0.015607
18.88	0.017617
18.89	0.016931
18.9	0.01649
18.91	0.018279
18.92	0.028117
18.93	0.032752
18.94	0.038105
18.95	0.043728
18.96	0.047448
18.97	0.049337
18.98	0.049104
18.99	0.045688
19	0.040407
19.01	0.030724
19.02	0.026372
19.03	0.027637
19.04	0.028008
19.05	0.026989
19.06	0.02713
19.07	0.022727
19.08	0.018869
19.09	0.013807
19.1	0.0086333
19.11	0.0071593
19.12	0.0054493
19.13	0.0080872
19.14	0.013827
19.15	0.015691
19.16	0.013943
19.17	0.016157
19.18	0.018987
19.19	0.015606
19.2	0.014054
19.21	0.010789
19.22	0.0050272
19.23	0.0020019
19.24	-0.0034546
19.25	-0.0061323
19.26	-0.012984
19.27	-0.017605
19.28	-0.021421
19.29	-0.023385
19.3	-0.022776
19.31	-0.020328
19.32	-0.013237
19.33	-0.0038798
19.34	0.0013415
19.35	0.0043486
19.36	0.0044596
19.37	0.0044691
19.38	0.00060853
19.39	-0.0014036
19.4	-0.0026901
19.41	-0.0053206
19.42	-0.010855
19.43	-0.014086
19.44	-0.01609
19.45	-0.01728
19.46	-0.011542
19.47	-0.0028173
19.48	0.0020526
19.49	0.0036434
19.5	0.0006084
19.51	-0.0036624
19.52	-0.0079914
19.53	-0.011702
19.54	-0.01746
19.55	-0.018787
19.56	-0.016691
19.57	-0.012313
19.58	-0.0075109
19.59	-0.0060363
19.6	-0.0072407
19.61	-0.0095887
19.62	-0.010271
19.63	-0.0061514
19.64	-0.0030626
19.65	0.000306
19.66	0.0017813
19.67	0.0038559
19.68	0.0078465
19.69	0.01418
19.7	0.019491
19.71	0.02121
19.72	0.020576
19.73	0.01395
19.74	0.011661
19.75	0.014832
19.76	0.016107
19.77	0.011661
19.78	0.0032892
19.79	-0.00099411
19.8	-0.0070247
19.81	-0.013949
19.82	-0.015352
19.83	-0.01731
19.84	-0.022647
19.85	-0.029446
19.86	-0.030209
19.87	-0.027847
19.88	-0.026095
19.89	-0.022609
19.9	-0.017974
19.91	-0.016847
19.92	-0.010406
19.93	-5.1297e-05
19.94	0.012279
19.95	0.021716
19.96	0.023974
19.97	0.022563
19.98	0.019707
19.99	0.014504
20	0.0099926
20.01	0.0038472
20.02	-0.0010394
20.03	-0.0034901
20.04	-0.0030968
20.05	0.0017653
20.06	0.0099834
20.07	0.014008
20.08	0.013638
20.09	0.0072571
20.1	0.0024927
20.11	-0.0018495
20.12	-0.0021055
20.13	-0.0010036
20.14	0.00025769
20.15	0.0017596
20.16	0.0063515
20.17	0.0078685
20.18	0.0081222
20.19	0.0018812
20.2	-0.0029095
20.21	0.00064343
20.22	0.0075977
20.23	0.012065
20.24	0.013416
20.25	0.013252
20.26	0.011647
20.27	0.0093609
20.28	0.0055899
20.29	0.0022818
20.3	0.0014562
20.31	-0.0065176
20.32	-0.012592
20.33	-0.016961
20.34	-0.022891
20.35	-0.022911
20.36	-0.017754
20.37	-0.011359
20.38	-0.0069293
20.39	-0.0021665
20.4	0.0054512
20.41	0.013269
20.42	0.016814
20.43	0.016653
20.44	0.016995
20.45	0.014816
20.46	0.01523
20.47	0.014286
20.48	0.013294
20.49	0.012412
20.5	0.0078634
20.51	-0.00086769
20.52	-0.0076754
20.53	-0.010953
20.54	-0.011562
20.55	-0.0052404
20.56	-0.0011753
20.57	-3.9886e-05
20.58	0.00015884
20.59	-0.0026101
20.6	-0.0044421
20.61	-0.0044545
20.62	-0.0059232
20.63	-0.0084831
20.64	-0.0088804
20.65	-0.011898
20.66	-0.015761
20.67	-0.017604
20.68	-0.013923
20.69	-0.0087754
20.7	-0.0016842
20.71	-0.0010028
20.72	-0.001614
20.73	-0.0031907
20.74	-0.0010575
20.75	0.0050291
20.76	0.0079144
20.77	0.0082047
20.78	0.0054579
20.79	0.0021796
20.8	0.0042147
20.81	0.0051978
20.82	0.0016711
20.83	-0.0046166
20.84	-0.012631
20.85	-0.018547
20.86	-0.017443
20.87	-0.011172
20.88	-0.0019606
20.89	0.0080575
20.9	0.020001
20.91	0.025427
20.92	0.025115
20.93	0.021472
20.94	0.013056
20.95	0.0051993
20.96	0.0011275
20.97	0.00084404
20.98	0.0018529
20.99	0.00059075
21	-0.0010404
21.01	-0.0077688
21.02	-0.014252
21.03	-0.017445
21.04	-0.018683
21.05	-0.018317
21.06	-0.01406
21.07	-0.0071391
21.08	0.0024332
21.09	0.0067298
21.1	0.0048218
21.11	0.0011055
21.12	-0.0012225
21.13	-0.0016163
21.14	0.0018159
21.15	0.0085149
21.16	0.012411
21.17	0.012161
21.18	0.009945
21.19	0.0084434
21.2	0.0071016
21.21	0.0084524
21.22	0.012633
21.23	0.016159
21.24	0.015227
21.25	0.013745
21.26	0.010219
21.27	0.010006
21.28	0.0085358
21.29	0.0031224
21.3	-0.0022564
21.31	-0.0043897
21.32	-0.0036542
21.33	2.9577e-05
21.34	0.001746
21.35	0.0031269
21.36	0.0016241
21.37	-0.0050751
21.38	-0.011384
21.39	-0.018976
21.4	-0.025469
21.41	-0.027436
21.42	-0.026898
21.43	-0.023612
21.44	-0.018062
21.45	-0.013731
21.46	-0.0127
21.47	-0.010988
21.48	-0.011145
21.49	-0.013694
21.5	-0.013201
21.51	-0.01319
21.52	-0.014651
21.53	-0.011202
21.54	-0.0072669
21.55	-0.0074642
21.56	-0.0087952
21.57	-0.0075913
21.58	-0.0039926
21.59	-0.0032016
21.6	-0.0033134
21.61	-0.0041038
21.62	-0.0042937
21.63	-0.0041132
21.64	-0.0041013
21.65	-0.0040404
21.66	-0.0039237
21.67	-0.0034063
21.68	0.00084749
21.69	0.0052187
21.7	0.0058286
21.71	0.00094117
21.72	-0.0073045
21.73	-0.013923
21.74	-0.019679
21.75	-0.026077
21.76	-0.02983
21.77	-0.032112
21.78	-0.02841
21.79	-0.020222
21.8	-0.010003
21.81	-0.0059605
21.82	-0.0035674
21.83	-0.00018264
21.84	0.0056703
21.85	0.0094756
21.86	0.011778
21.87	0.012101
21.88	0.011461
21.89	0.0097967
21.9	0.0054907
21.91	0.0021256
21.92	-0.0035881
21.93	-0.0091789
21.94	-0.01302
21.95	-0.015688
21.96	-0.022574
21.97	-0.025937
21.98	-0.02594
21.99	-0.025002
22	-0.0235
22.01	-0.022013
22.02	-0.019307
22.03	-0.017252
22.04	-0.016233
22.05	-0.014043
22.06	-0.01183
22.07	-0.01017
22.08	-0.0071008
22.09	-0.0045931
22.1	0.00047163
22.11	0.0052725
22.12	0.013003
22.13	0.019346
22.14	0.021521
22.15	0.021684
22.16	0.020098
22.17	0.017202
22.18	0.014105
22.19	0.014189
22.2	0.01278
22.21	0.011502
22.22	0.011696
22.23	0.012585
22.24	0.0079772
22.25	0.0030998
22.26	0.0012861
22.27	0.0023697
22.28	0.0044477
22.29	0.0086627
22.3	0.013718
22.31	0.015204
22.32	0.019097
22.33	0.024607
22.34	0.027179
22.35	0.03165
22.36	0.030723
22.37	0.028247
22.38	0.025723
22.39	0.02253
22.4	0.020899
22.41	0.019022
22.42	0.019336
22.43	0.017656
22.44	0.01521
22.45	0.013171
22.46	0.014702
22.47	0.012956
22.48	0.012622
22.49	0.013831
22.5	0.013711
22.51	0.015796
22.52	0.012922
22.53	0.0098473
22.54	0.013332
22.55	0.017035
22.56	0.019559
22.57	0.019489
22.58	0.015672
22.59	0.008649
22.6	-1.5038e-05
22.61	-0.0063268
22.62	-0.0068758
22.63	-0.0068333
22.64	-0.0058225
22.65	-0.0049947
22.66	-0.0038576
22.67	-0.0024209
22.68	0.00099756
22.69	-0.00085816
22.7	-0.0041988
22.71	-0.0086006
22.72	-0.0094466
22.73	-0.012754
22.74	-0.017438
22.75	-0.018355
22.76	-0.022057
22.77	-0.024922
22.78	-0.027561
22.79	-0.028391
22.8	-0.029355
22.81	-0.027163
22.82	-0.023038
22.83	-0.018488
22.84	-0.0094696
22.85	-0.00029599
22.86	0.0076757
22.87	0.011053
22.88	0.012406
22.89	0.0090585
22.9	0.0035771
22.91	0.0019286
22.92	0.00037511
22.93	-0.0019776
22.94	-0.0019526
22.95	-0.004761
22.96	-0.0068197
22.97	-0.0066801
22.98	-0.0066173
22.99	-0.0072894
23	-0.0087394
23.01	-0.0083696
23.02	-0.0080068
23.03	-0.0041571
23.04	0.0011683
23.05	0.0036735
23.06	0.0050197
23.07	0.0039361
23.08	0.0014937
23.09	0.0019811
23.1	0.0019571
23.11	0.0014372
23.12	-0.0019755
23.13	-0.0017699
23.14	-0.00019786
23.15	-0.0010115
23.16	-0.0034951
23.17	-0.002486
23.18	-0.0029435
23.19	-0.0036185
23.2	-0.0019493
23.21	-0.0018967
23.22	-0.0035097
23.23	-0.0054931
23.24	-0.0081984
23.25	-0.0084878
23.26	-0.0069397
23.27	-0.0074952
23.28	-0.0062775
23.29	-0.0065605
23.3	-0.0070502
23.31	-0.0026201
23.32	0.0034451
23.33	0.0062036
23.34	0.0067488
23.35	0.0055759
23.36	0.0040177
23.37	0.0011644
23.38	-0.0014122
23.39	-0.0075014
23.4	-0.011566
23.41	-0.013887
23.42	-0.016826
23.43	-0.015525
23.44	-0.014673
23.45	-0.015476
23.46	-0.01594
23.47	-0.017881
23.48	-0.016159
23.49	-0.0081604
23.5	-0.0052659
23.51	-0.0058532
23.52	-0.0029358
23.53	0.0031619
23.54	0.0099566
23.55	0.013499
23.56	0.014179
23.57	0.013029
23.58	0.0096374
23.59	0.0072768
23.6	0.0049682
23.61	0.0032949
23.62	0.0035788
23.63	0.0012669
23.64	0.00078294
23.65	0.00053807
23.66	-0.0032394
23.67	-0.0060971
23.68	-0.0049592
23.69	-0.0041123
23.7	-0.0048402
23.71	-0.0062635
23.72	-0.0079144
23.73	-0.012413
23.74	-0.017143
23.75	-0.019919
23.76	-0.019261
23.77	-0.018364
23.78	-0.012403
23.79	-0.0079087
23.8	-0.0050392
23.81	-0.00276
23.82	-0.0040953
23.83	-0.005481
23.84	-0.0082469
23.85	-0.0090677
23.86	-0.0090379
23.87	-0.0074659
23.88	-0.0076243
23.89	-0.0064381
23.9	-0.0059955
23.91	-0.0053624
23.92	-0.0043699
23.93	-0.0022812
23.94	-1.1025e-05
23.95	0.0023444
23.96	0.0034141
23.97	0.0051294
23.98	0.012767
23.99	0.016698
24	0.014947
24.01	0.012712
24.02	0.0034242
24.03	-0.0053559
24.04	-0.011329
24.05	-0.015863
24.06	-0.017653
24.07	-0.013153
24.08	-0.011452
24.09	-0.011844
24.1	-0.01064
24.11	-0.010799
24.12	-0.0086806
24.13	-0.0065973
24.14	-0.0022293
24.15	0.0044926
24.16	0.0057543
24.17	0.0052823
24.18	0.0068929
24.19	0.0066425
24.2	0.0057697
24.21	0.0014466
24.22	-0.00042752
24.23	-0.0043911
24.24	-0.0039439
24.25	-0.0020419
24.26	-0.001374
24.27	0.001897
24.28	0.0038525
24.29	0.0015494
24.3	-0.0002556
24.31	-0.0011648
24.32	-0.0055261
24.33	-0.0065388
24.34	-0.0033173
24.35	-0.0025851
24.36	-0.0045265
24.37	-0.0044042
24.38	-0.0019836
24.39	0.00028344
24.4	0.0014094
24.41	0.0044282
24.42	0.0049527
24.43	0.0053073
24.44	0.0076238
24.45	0.0073141
24.46	0.0038505
24.47	0.0030841
24.48	-0.0028388
24.49	-0.009866
24.5	-0.014093
24.51	-0.017552
24.52	-0.023153
24.53	-0.024789
24.54	-0.021515
24.55	-0.020701
24.56	-0.018111
24.57	-0.016357
24.58	-0.01311
24.59	-0.010883
24.6	-0.01045
24.61	-0.0071442
24.62	-0.002795
24.63	0.0012448
24.64	0.0064071
24.65	0.0097236
24.66	0.010481
24.67	0.013883
24.68	0.013612
24.69	0.017061
24.7	0.018425
24.71	0.019088
24.72	0.018959
24.73	0.016067
24.74	0.017565
24.75	0.017806
24.76	0.017655
24.77	0.011608
24.78	0.0038555
24.79	-0.0028557
24.8	-0.0074293
24.81	-0.01178
24.82	-0.010269
24.83	-0.007235
24.84	-0.0068504
24.85	-0.0063034
24.86	-0.0042742
24.87	-0.0050481
24.88	-0.0062422
24.89	-0.0096642
24.9	-0.012412
24.91	-0.013602
24.92	-0.012203
24.93	-0.011938
24.94	-0.0085332
24.95	-0.0034587
24.96	-0.0016285
24.97	-0.0034751
24.98	-0.0023018
24.99	-0.00074624
25	0.0012486
25.01	0.0017889
25.02	0.005275
25.03	0.01072
25.04	0.017284
25.05	0.019933
25.06	0.017378
25.07	0.011705
25.08	0.0083244
25.09	0.0036833
25.1	0.0027503
25.11	0.0039868
25.12	0.0017584
25.13	-0.0031226
25.14	-0.0027822
25.15	-0.0014276
25.16	-0.0045856
25.17	-0.0044521
25.18	-0.0026156
25.19	0.00029846
25.2	0.0011777
25.21	0.0043367
25.22	0.0057049
25.23	0.006824
25.24	0.0050781
25.25	0.001418
25.26	-0.0020961
25.27	-0.009225
25.28	-0.0099091
25.29	-0.0091033
25.3	-0.0045319
25.31	-0.0012193
25.32	0.0007959
25.33	0.0035176
25.34	0.0040127
25.35	0.0022682
25.36	-0.00017462
25.37	-0.0017924
25.38	-0.0045621
25.39	-0.0093821
25.4	-0.009017
25.41	-0.0088967
25.42	-0.0096481
25.43	-0.0069893
25.44	-0.0080643
25.45	-0.009055
25.46	-0.0051456
25.47	-0.0051797
25.48	-0.0046577
25.49	-0.0035592
25.5	-0.0054546
25.51	-0.0026459
25.52	0.00079845
25.53	0.0064898
25.54	0.010708
25.55	0.012325
25.56	0.012812
25.57	0.01413
25.58	0.014999
25.59	0.013619
25.6	0.014485
25.61	0.016745
25.62	0.018879
25.63	0.021604
25.64	0.023104
25.65	0.025164
25.66	0.0207
25.67	0.01379
25.68	0.009646
25.69	0.0076055
25.7	0.0084515
25.71	0.0099963
25.72	0.013813
25.73	0.015066
25.74	0.017033
25.75	0.018857
25.76	0.019499
25.77	0.020048
25.78	0.019486
25.79	0.018746
25.8	0.015275
25.81	0.010796
25.82	0.0065463
25.83	0.0050221
25.84	0.003555
25.85	-0.00022385
25.86	-0.0030979
25.87	-0.0042254
25.88	-0.0034443
25.89	-0.0022281
25.9	0.001705
25.91	0.0057575
25.92	0.0064176
25.93	0.0067441
25.94	0.006972
25.95	0.0050204
25.96	0.0040725
25.97	0.006247
25.98	0.0060141
25.99	0.0059297
26	0.0066094
26.01	0.0079425
26.02	0.0072174
26.03	0.0082103
26.04	0.01176
26.05	0.010986
26.06	0.0088636
26.07	0.0057809
26.08	0.0050866
26.09	0.0065076
26.1	0.0059472
26.11	0.0037079
26.12	0.00037451
26.13	-0.0018173
26.14	0.0007568
26.15	3.6819e-05
26.16	0.0017164
26.17	0.0010822
26.18	0.0014814
26.19	0.0031792
26.2	0.0046245
26.21	0.0056661
26.22	0.004383
26.23	0.0024354
26.24	0.0017784
26.25	0.0033022
26.26	0.0040396
26.27	0.0044704
26.28	0.0010078
26.29	-0.0012909
26.3	-0.0025794
26.31	-0.0063397
26.32	-0.0073498
26.33	-0.0076533
26.34	-0.0081914
26.35	-0.0062509
26.36	-0.0028548
26.37	-0.00041924
26.38	-0.00034142
26.39	0.00015299
26.4	-0.0010091
26.41	-0.0032522
26.42	-0.0013628
26.43	0.000217
26.44	0.0025809
26.45	0.0062935
26.46	0.012166
26.47	0.015015
26.48	0.014414
26.49	0.01764
26.5	0.016701
26.51	0.0147
26.52	0.012655
26.53	0.014501
26.54	0.014877
26.55	0.011034
26.56	0.009261
26.57	0.0087551
26.58	0.0065018
26.59	0.0039235
26.6	0.0067927
26.61	0.0088608
26.62	0.0077797
26.63	0.0041809
26.64	0.0045426
26.65	0.00028595
26.66	-0.0036618
26.67	-0.0035517
26.68	-0.0023884
26.69	-0.004388
26.7	-0.0045891
26.71	-0.0065431
26.72	-0.0080279
26.73	-0.0067005
26.74	-0.0074846
26.75	-0.0050562
26.76	-0.0061213
26.77	-0.0051173
26.78	-0.005545
26.79	-0.0069106
26.8	-0.0063452
26.81	-0.0063266
26.82	-0.0030882
26.83	-0.00013014
26.84	-0.00062739
26.85	-0.00057032
26.86	-0.0017588
26.87	-0.0042169
26.88	-0.003782
26.89	-0.0026747
26.9	-0.0049329
26.91	-0.0069471
26.92	-0.0082701
26.93	-0.010385
26.94	-0.010376
26.95	-0.0098059
26.96	-0.009213
26.97	-0.0091634
26.98	-0.0074076
26.99	-0.0034975
27	-0.004061
27.01	-0.0043725
27.02	-0.0083254
27.03	-0.009938
27.04	-0.0059879
27.05	-0.0037193
27.06	-0.002213
27.07	0.0011544
27.08	0.0013141
27.09	0.0019718
27.1	0.0024651
27.11	0.0048554
27.12	0.0068084
27.13	0.0051845
27.14	0.0028644
27.15	0.002311
27.16	-0.0020748
27.17	-0.0078283
27.18	-0.0091109
27.19	-0.0089841
27.2	-0.0081117
27.21	-0.0090963
27.22	-0.0096631
27.23	-0.0078511
27.24	-0.0069012
27.25	-0.0070492
27.26	-0.0074431
27.27	-0.010554
27.28	-0.013708
27.29	-0.015232
27.3	-0.014577
27.31	-0.011447
27.32	-0.0084596
27.33	-0.0052102
27.34	-0.0030302
27.35	0.0025636
27.36	0.0050019
27.37	0.0037764
27.38	0.0045532
27.39	0.005006
27.4	0.0041636
27.41	0.0014293
27.42	-0.0026449
27.43	-0.0056303
27.44	-0.0067708
27.45	-0.005093
27.46	-0.0038306
27.47	-0.0024309
27.48	0.0011691
27.49	0.002536
27.5	0.0020935
27.51	0.0020056
27.52	0.0022532
27.53	0.004664
27.54	0.0085386
27.55	0.0098501
27.56	0.0088267
27.57	0.010723
27.58	0.01308
27.59	0.011156
27.6	0.0085436
27.61	0.0082609
27.62	0.0074472
27.63	0.0077915
27.64	0.010152
27.65	0.012172
27.66	0.012185
27.67	0.008313
27.68	0.0060899
27.69	0.006566
27.7	0.0049092
27.71	0.0040595
27.72	0.0028651
27.73	0.0025193
27.74	0.0046836
27.75	0.0046683
27.76	0.007304
27.77	0.0067874
27.78	0.006515
27.79	0.0043775
27.8	0.0034145
27.81	0.00087406
27.82	-0.00079479
27.83	-0.0030607
27.84	-0.0059583
27.85	-0.0080156
27.86	-0.0093017
27.87	-0.010367
27.88	-0.0097108
27.89	-0.0091576
27.9	-0.0056232
27.91	-0.0047856
27.92	-0.0018781
27.93	0.0034217
27.94	0.0050626
27.95	0.0055193
27.96	0.008346
27.97	0.0078116
27.98	0.0056597
27.99	0.004021
28	0.0012954
28.01	0.0011316
28.02	-0.0022617
28.03	-0.0018504
28.04	-0.0017793
28.05	-0.0023015
28.06	-0.0044433
28.07	-0.0092413
28.08	-0.0085412
28.09	-0.0070274
28.1	-0.0050479
28.11	-0.0026393
28.12	0.0015359
28.13	0.0041333
28.14	0.0060488
28.15	0.0069901
28.16	0.0066267
28.17	0.0072619
28.18	0.0024902
28.19	8.1286e-05
28.2	-0.0014821
28.21	-0.0045551
28.22	-0.0043859
28.23	-0.0012367
28.24	-0.00053076
28.25	-0.0031248
28.26	-0.0038362
28.27	-0.0031509
28.28	-0.0032007
28.29	-0.0032347
28.3	-0.0028114
28.31	-0.00051177
28.32	0.00042096
28.33	0.0029063
28.34	0.005758
28.35	0.0056788
28.36	0.0063864
28.37	0.0043524
28.38	0.0026559
28.39	0.001155
28.4	0.001329
28.41	0.0029071
28.42	0.0050265
28.43	0.0057835
28.44	0.0075641
28.45	0.0086325
28.46	0.0072887
28.47	0.0058885
28.48	0.0053989
28.49	0.0047741
28.5	0.0062043
28.51	0.0073945
28.52	0.007005
28.53	0.0096003
28.54	0.0096632
28.55	0.0099791
28.56	0.0081075
28.57	0.0086303
28.58	0.0056335
28.59	0.0051328
28.6	0.0028006
28.61	-0.0011126
28.62	-0.0040471
28.63	-0.0067493
28.64	-0.0066391
28.65	-0.0059322
28.66	-0.008433
28.67	-0.012017
28.68	-0.011775
28.69	-0.0091538
28.7	-0.0079299
28.71	-0.008031
28.72	-0.0059774
28.73	-0.004383
28.74	-0.0024429
28.75	-0.0024576
28.76	-0.001923
28.77	-0.002362
28.78	-0.0014634
28.79	0.0012038
28.8	0.00062859
28.81	0.0019421
28.82	0.0050319
28.83	0.0066536
28.84	0.0068453
28.85	0.011071
28.86	0.0077838
28.87	0.0058682
28.88	0.0066033
28.89	0.0065307
28.9	0.004982
28.91	0.0017759
28.92	-0.00030414
28.93	-0.00039731
28.94	0.00049443
28.95	-0.00067668
28.96	-0.0019181
28.97	-0.0037934
28.98	-0.0076439
28.99	-0.0054522
29	-0.0055099
29.01	-0.007418
29.02	-0.0051749
29.03	-0.0045094
29.04	-0.0028176
29.05	-0.0019797
29.06	-0.0036175
29.07	-0.00086362
29.08	0.0010575
29.09	-0.00042558
29.1	-0.0013056
29.11	9.7702e-05
29.12	-0.0025356
29.13	-0.0055055
29.14	-0.0043788
29.15	-0.0025629
29.16	-0.0050115
29.17	-0.0051917
29.18	-0.004886
29.19	-0.0036889
29.2	-0.0041335
29.21	-0.007081
29.22	-0.0092272
29.23	-0.010536
29.24	-0.0069219
29.25	-0.0070148
29.26	-0.0074323
29.27	-0.0057649
29.28	-0.007531
29.29	-0.0055102
29.3	-0.0041585
29.31	-0.0027653
29.32	-0.0019601
29.33	0.0028055
29.34	0.0025347
29.35	0.0031043
29.36	0.0031067
29.37	0.0024158
29.38	0.0012291
29.39	0.0034379
29.4	0.0029835
29.41	0.0024216
29.42	0.00091813
29.43	-0.0013067
29.44	-0.0030314
29.45	-0.0030646
29.46	-0.0034279
29.47	-0.0046424
29.48	-0.0037887
29.49	-0.0039697
29.5	-0.0038958
29.51	0.00074738
29.52	0.0027221
29.53	0.0066135
29.54	0.0092875
29.55	0.0069967
29.56	0.006529
29.57	0.0027034
29.58	0.0015697
29.59	2.141e-05
29.6	-0.0012757
29.61	-0.0031953
29.62	-0.003452
29.63	-0.0028264
29.64	-0.0019927
29.65	-0.0042506
29.66	-0.008927
29.67	-0.007473
29.68	-0.0078889
29.69	-0.0065545
29.7	-0.0024882
29.71	-0.0028043
29.72	-0.0045226
29.73	-0.0030709
29.74	-0.0023744
29.75	-0.0013478
29.76	0.00052806
29.77	0.0028378
29.78	0.0035543
29.79	0.0065719
29.8	0.010148
29.81	0.01003
29.82	0.008729
29.83	0.0063005
29.84	0.0052185
29.85	0.00022019
29.86	-0.0048571
29.87	-0.0034164
29.88	-0.0057604
29.89	-0.005546
29.9	-0.0049523
29.91	-0.0048948
29.92	-0.0066575
29.93	-0.0065243
29.94	-0.0040776
29.95	-0.0029891
29.96	-0.001355
29.97	-0.0011147
29.98	0.004245
29.99	0.0066806
30	0.005887
30.01	0.004778
30.02	0.0032749
30.03	0.0019946
30.04	0.0012497
30.05	8.1088e-05
30.06	0.0012196
30.07	-0.00066226
30.08	-0.0037856
30.09	-0.0054358
30.1	-0.010194
30.11	-0.0094734
30.12	-0.0083813
30.13	-0.0094528
30.14	-0.0063997
30.15	-0.0018805
30.16	-0.00081446
30.17	0.00081483
30.18	0.0030366
30.19	0.0065403
30.2	0.0077969
30.21	0.0085074
30.22	0.0085808
30.23	0.0087687
30.24	0.0065997
30.25	0.0068661
30.26	0.0074714
30.27	0.0077296
30.28	0.0070864
30.29	0.0074275
30.3	0.0079651
30.31	0.0061693
30.32	0.0053645
30.33	0.0035763
30.34	0.00072798
30.35	-0.0012658
30.36	-0.00094957
30.37	0.00031859
30.38	0.0022319
30.39	0.0016815
30.4	0.0019257
30.41	0.0012258
30.42	-0.0013071
30.43	-0.0043442
30.44	-0.0024636
30.45	-0.0037325
30.46	-0.0032518
30.47	-0.0031077
30.48	-0.0038078
30.49	-0.004947
30.5	-0.004518
30.51	-0.0039395
30.52	-0.006129
30.53	-0.0076014
30.54	-0.0044078
30.55	-0.0028414
30.56	-0.0043348
30.57	-0.0053292
30.58	-0.0070358
30.59	-0.0088637
30.6	-0.011702
30.61	-0.010816
30.62	-0.0069722
30.63	-0.0051476
30.64	-0.00070601
30.65	0.00087599
30.66	-0.0012458
30.67	-0.0018108
30.68	-0.00068694
30.69	-0.0015728
30.7	-0.0033522
30.71	-0.0020854
30.72	-0.0030769
30.73	-0.0025079
30.74	-0.0017471
30.75	-0.0020846
30.76	-0.001753
30.77	-0.00087478
30.78	-0.00098632
30.79	-0.0023464
30.8	0.0016097
30.81	0.0035536
30.82	0.0054909
30.83	0.0019812
30.84	0.00050319
30.85	-0.0017553
30.86	-0.0028665
30.87	-0.0041182
30.88	-0.0044082
30.89	-0.0061509
30.9	-0.0072268
30.91	-0.0060576
30.92	-0.0070407
30.93	-0.0079739
30.94	-0.0068128
30.95	-0.0061321
30.96	-0.0063303
30.97	-0.0062291
30.98	-0.0033914
30.99	-0.0051852
31	-0.004758
31.01	-0.007157
31.02	-0.01212
31.03	-0.0092829
31.04	-0.0058934
31.05	-0.0027746
31.06	0.00087112
31.07	0.0013757
31.08	0.00122
31.09	0.0036943
31.1	0.0026959
31.11	-0.00047001
31.12	-0.0035773
31.13	-0.0036605
31.14	-0.0018624
31.15	0.00093814
31.16	-0.0032411
31.17	-0.0011657
31.18	0.0020839
31.19	0.003002
31.2	0.0051075
31.21	0.0090014
31.22	0.0080811
31.23	0.0077546
31.24	0.0099875
31.25	0.0094612
31.26	0.0079736
31.27	0.0041823
31.28	0.0017943
31.29	-0.0002358
31.3	0.0014138
31.31	0.0014775
31.32	0.002589
31.33	0.0045024
31.34	0.0044999
31.35	0.003728
31.36	0.0018123
31.37	0.00054014
31.38	-0.0016302
31.39	0.00014681
31.4	-0.00077845
31.41	-0.00026494
31.42	-0.0016448
31.43	-0.0059368
31.44	-0.0064162
31.45	-0.0064046
31.46	-0.0067826
31.47	-0.0046346
31.48	-0.0033177
31.49	-0.00438
31.5	-0.0045793
31.51	-0.001081
31.52	-0.0014139
31.53	-0.0029491
31.54	0.0012518
31.55	0.0048348
31.56	0.0047945
31.57	0.0063387
31.58	0.0046955
31.59	0.0039074
31.6	0.0041142
31.61	0.0050422
31.62	0.0060101
31.63	0.0091929
31.64	0.010065
31.65	0.009462
31.66	0.0077035
31.67	0.0049622
31.68	0.0027975
31.69	0.00061646
31.7	0.00027772
31.71	-0.0010886
31.72	-0.0023963
31.73	-0.002966
31.74	-0.0021485
31.75	-0.0041486
31.76	-0.0057948
31.77	-0.0058576
31.78	-0.0059164
31.79	-0.0080176
31.8	-0.0063416
31.81	-0.0071112
31.82	-0.0070195
31.83	-0.0062522
31.84	-0.0066053
31.85	-0.0041825
31.86	-0.001182
31.87	0.002231
31.88	0.0064125
31.89	0.0044034
31.9	0.0042205
31.91	0.0046571
31.92	0.0052705
31.93	0.0057232
31.94	0.005556
31.95	0.0038959
31.96	0.0024225
31.97	0.0010357
31.98	0.00024004
31.99	0.0028312
32	0.0030963
32.01	0.0017828
32.02	-0.00036292
32.03	-0.00032828
32.04	0.00083187
32.05	0.0027571
32.06	0.00085592
32.07	-0.00072681
32.08	0.00097409
32.09	0.0016553
32.1	0.0033384
32.11	0.0043088
32.12	0.005372
32.13	0.0039737
32.14	0.0027759
32.15	0.0026865
32.16	-0.0014412
32.17	-0.0026169
32.18	-0.00091779
32.19	-0.0003374
32.2	-0.00058425
32.21	0.001193
32.22	0.0032413
32.23	0.004439
32.24	0.0030554
32.25	0.0039751
32.26	0.0037044
32.27	0.0043284
32.28	0.0038955
32.29	0.0033651
32.3	0.0043483
32.31	0.0033363
32.32	0.002779
32.33	0.0037042
32.34	0.0024995
32.35	0.0032023
32.36	0.0023267
32.37	-7.545e-05
32.38	-0.0010848
32.39	-0.00024736
32.4	4.3752e-05
32.41	3.4701e-05
32.42	-0.0015271
32.43	-0.0033883
32.44	-0.0057903
32.45	-0.0069295
32.46	-0.0067946
32.47	-0.0060712
32.48	-0.0065738
32.49	-0.0081065
32.5	-0.0075624
32.51	-0.0088297
32.52	-0.010151
32.53	-0.010169
32.54	-0.0091047
32.55	-0.0074115
32.56	-0.0056362
32.57	-0.0028906
32.58	-0.0015219
32.59	-0.00059266
32.6	0.0010511
32.61	0.0019524
32.62	0.0012133
32.63	-0.0014782
32.64	-0.00050498
32.65	0.00045052
32.66	-0.00038675
32.67	6.8606e-05
32.68	-0.00012845
32.69	0.0012227
32.7	-0.0013742
32.71	-0.0023321
32.72	-0.002346
32.73	-0.0049446
32.74	-0.0037409
32.75	-0.0013821
32.76	0.00047817
32.77	0.00036062
32.78	0.0020106
32.79	0.0022714
32.8	0.0005466
32.81	0.00040677
32.82	-0.00060222
32.83	-0.0010829
32.84	-0.0015643
32.85	-0.0014221
32.86	-0.0019657
32.87	-0.0025753
32.88	-0.0027805
32.89	-0.0032188
32.9	0.00024962
32.91	0.001055
32.92	0.00045021
32.93	0.0034463
32.94	0.0049194
32.95	0.0040698
32.96	0.0014046
32.97	-0.00048411
32.98	-0.0010727
32.99	-0.0023338
33	-0.0025657
33.01	-0.0030562
33.02	-0.0034531
33.03	-0.0026488
33.04	-0.0010446
33.05	-0.00051811
33.06	-0.00167
33.07	-0.0011347
33.08	-0.0018033
33.09	-0.0041474
33.1	-0.0051827
33.11	-0.0043378
33.12	-0.0052965
33.13	-0.0064206
33.14	-0.0063401
33.15	-0.00504
33.16	-0.0048522
33.17	-0.0057434
33.18	-0.0044779
33.19	-0.0035878
33.2	-0.0027988
33.21	-0.00022183
33.22	0.00045915
33.23	0.0016817
33.24	0.0011275
33.25	-0.0013711
33.26	-0.0054861
33.27	-0.0039109
33.28	-0.0040834
33.29	-0.0053937
33.3	-0.0074131
33.31	-0.0063771
33.32	-0.0059169
33.33	-0.00686
33.34	-0.0050924
33.35	-0.0060207
33.36	-0.0079381
33.37	-0.0093977
33.38	-0.0064418
33.39	-0.007077
33.4	-0.0061126
33.41	-0.0015446
33.42	-0.0020767
33.43	-0.00080795
33.44	0.0013218
33.45	3.8951e-06
33.46	0.0022125
33.47	0.001536
33.48	-0.00038159
33.49	-0.0013755
33.5	-0.00020837
33.51	-0.0015949
33.52	-0.0025307
33.53	-0.0017151
33.54	-0.0029625
33.55	-0.0066511
33.56	-0.0079941
33.57	-0.0066481
33.58	-0.0074633
33.59	-0.0065997
33.6	-0.0066313
33.61	-0.0062776
33.62	-0.0068751
33.63	-0.005229
33.64	-0.0041423
33.65	-0.0019273
33.66	-0.0010444
33.67	-0.0003733
33.68	-0.002044
33.69	-0.0011377
33.7	-0.00023017
33.71	-0.0013788
33.72	-0.0021458
33.73	-0.003055
33.74	-0.0009938
33.75	0.0021766
33.76	0.0018705
33.77	-0.00056767
33.78	-0.0008067
33.79	0.00026342
33.8	-0.00053443
33.81	-0.0011442
33.82	-0.001187
33.83	-0.0010934
33.84	-0.001988
33.85	-0.00097924
33.86	-0.0015616
33.87	-0.0020699
33.88	-0.0022601
33.89	-0.0040817
33.9	-0.005116
33.91	-0.0028734
33.92	-0.0020014
33.93	0.0032297
33.94	0.0035539
33.95	0.0058585
33.96	0.0087991
33.97	0.0087358
33.98	0.010407
33.99	0.010192
34	0.01152
34.01	0.0096933
34.02	0.0082396
34.03	0.0077002
34.04	0.0084444
34.05	0.0079606
34.06	0.0062481
34.07	0.006971
34.08	0.0074444
34.09	0.00839
34.1	0.0087167
34.11	0.0090306
34.12	0.0089873
34.13	0.0095501
34.14	0.010897
34.15	0.010564
34.16	0.0076406
34.17	0.0054992
34.18	0.003234
34.19	0.0031948
34.2	0.0012278
34.21	0.0013596
34.22	0.0015881
34.23	0.0018961
34.24	0.0043761
34.25	0.0048462
34.26	0.0034655
34.27	0.0036751
34.28	0.003779
34.29	0.0037017
34.3	0.0038219
34.31	0.0046972
34.32	0.0047954
34.33	0.0054875
34.34	0.003505
34.35	0.0040278
34.36	0.0042819
34.37	0.0068635
34.38	0.0079055
34.39	0.0098335
34.4	0.0097475
34.41	0.0079809
34.42	0.0072895
34.43	0.0053836
34.44	0.0036427
34.45	0.004457
34.46	0.0026207
34.47	0.0038121
34.48	0.0044325
34.49	0.0012077
34.5	0.0027618
34.51	0.0027034
34.52	-5.6068e-05
34.53	-0.00082007
34.54	0.0022809
34.55	0.0032004
34.56	0.0049185
34.57	0.0065596
34.58	0.0077506
34.59	0.0083591
34.6	0.0092962
34.61	0.010325
34.62	0.010094
34.63	0.008998
34.64	0.011337
34.65	0.010705
34.66	0.0075166
34.67	0.0053882
34.68	0.005314
34.69	0.0067239
34.7	0.0057301
34.71	0.0040064
34.72	0.0031925
34.73	0.0010397
34.74	0.00090472
34.75	-0.00017108
34.76	-4.2377e-05
34.77	-0.00035495
34.78	0.0018978
34.79	0.0033922
34.8	0.0040898
34.81	0.0061794
34.82	0.0058747
34.83	0.0046114
34.84	0.0033785
34.85	0.0026191
34.86	0.0029964
34.87	0.0021224
34.88	-0.00027052
34.89	-0.0014166
34.9	-0.0020755
34.91	-0.00078383
34.92	-0.0018069
34.93	-0.0017229
34.94	-0.00052759
34.95	0.00068805
34.96	-0.0010374
34.97	0.0020009
34.98	0.0038475
34.99	0.0037356
35	0.0039242
35.01	0.0046507
35.02	0.0016369
35.03	0.00031423
35.04	0.0014143
35.05	0.0012034
35.06	0.00021283
35.07	-0.0016179
35.08	-0.0016508
35.09	-0.0020264
35.1	-0.0021135
35.11	-0.001184
35.12	-0.00019435
35.13	-0.00071144
35.14	0.0030415
35.15	0.0047315
35.16	0.0002637
35.17	-0.0011394
35.18	-0.0014489
35.19	-0.0011706
35.2	-0.001936
35.21	-0.0022888
35.22	-0.0031021
35.23	-0.0034188
35.24	-0.0022226
35.25	-0.0021076
35.26	-0.0020867
35.27	-0.0004646
35.28	-0.00026098
35.29	0.0001052
35.3	-0.0005231
35.31	0.0024722
35.32	0.0031721
35.33	0.002287
35.34	0.0033348
35.35	0.0031784
35.36	0.0015326
35.37	0.00046408
35.38	0.00056174
35.39	8.7901e-05
35.4	0.00011665
35.41	0.00072952
35.42	-0.00089367
35.43	-0.00078774
35.44	-0.0024021
35.45	-0.0038696
35.46	-0.0059689
35.47	-0.0073273
35.48	-0.0061191
35.49	-0.0052368
35.5	-0.00521
35.51	-0.005996
35.52	-0.0053358
35.53	-0.0017773
35.54	-0.00063834
35.55	-0.00019073
35.56	-0.0021809
35.57	-0.0019971
35.58	-0.00026511
35.59	-7.5928e-06
35.6	-0.0024814
35.61	-0.0031365
35.62	-0.001004
35.63	-0.0014888
35.64	0.0015458
35.65	0.0055734
35.66	0.004805
35.67	0.0052585
35.68	0.0055459
35.69	0.0044579
35.7	0.0032596
35.71	0.0042014
35.72	0.0040362
35.73	0.0034976
35.74	0.0019716
35.75	0.0022498
35.76	0.0028162
35.77	0.0049584
35.78	0.0054235
35.79	0.0050929
35.8	0.002758
35.81	0.00081759
35.82	0.0012766
35.83	0.001919
35.84	0.0030283
35.85	0.0027633
35.86	0.0032432
35.87	0.00038453
35.88	3.6685e-05
35.89	2.4609e-05
35.9	-0.0001805
35.91	0.00027649
35.92	0.00022003
35.93	-7.0678e-05
35.94	0.00023306
35.95	-0.001054
35.96	-0.001646
35.97	-0.001371
35.98	-0.0013623
35.99	-0.0030761
36	-0.0056035
36.01	-0.0057435
36.02	-0.007254
36.03	-0.0051983
36.04	-0.0017999
36.05	-0.00014076
36.06	-0.0013291
36.07	-0.0017033
36.08	-0.00072775
36.09	0.0018621
36.1	0.00030926
36.11	-0.00095874
36.12	0.0018332
36.13	-0.0009322
36.14	-0.0011023
36.15	-0.0019466
36.16	-0.002522
36.17	-0.0054669
36.18	-0.006769
36.19	-0.0065899
36.2	-0.0072152
36.21	-0.0057175
36.22	-0.0055094
36.23	-0.0040638
36.24	-0.0032112
36.25	-0.0036505
36.26	-0.0036519
36.27	-0.0040023
36.28	-0.0063313
36.29	-0.0052671
36.3	-0.0055864
36.31	-0.0062281
36.32	-0.0056133
36.33	-0.0058159
36.34	-0.0047077
36.35	-0.0039026
36.36	-0.0042341
36.37	-0.0036684
36.38	-0.0036934
36.39	-0.0043047
36.4	-0.0043293
36.41	-0.0064723
36.42	-0.0065148
36.43	-0.0050321
36.44	-0.004111
36.45	-0.004428
36.46	-0.0013223
36.47	0.0006977
36.48	0.00036204
36.49	-1.8142e-05
36.5	-8.8957e-05
36.51	0.00080765
36.52	-5.7322e-05
36.53	-0.00062437
36.54	0.0025591
36.55	0.0043943
36.56	0.0036599
36.57	0.0025718
36.58	0.0020184
36.59	0.00042262
36.6	0.00027943
36.61	0.00084963
36.62	0.00017642
36.63	0.00037319
36.64	0.00046264
36.65	0.00050841
36.66	-0.0018587
36.67	0.00043737
36.68	-0.00067471
36.69	-0.0044962
36.7	-0.0044277
36.71	-0.0042769
36.72	-0.0047039
36.73	-0.0044801
36.74	-0.0047305
36.75	-0.0042167
36.76	-0.0019956
36.77	-0.0005549
36.78	0.0010999
36.79	0.0023149
36.8	0.0016737
36.81	0.0026206
36.82	0.0022238
36.83	0.00071629
36.84	0.0011184
36.85	0.0040383
36.86	0.0018222
36.87	0.0028785
36.88	0.0028658
36.89	0.0024777
36.9	0.0021153
36.91	0.0038879
36.92	0.0031603
36.93	0.0034832
36.94	0.0033469
36.95	0.0016653
36.96	-0.00021828
36.97	-0.0012978
36.98	-0.0028707
36.99	-0.0035217
37	-0.0027268
37.01	-0.0028966
37.02	-0.0053114
37.03	-0.0044458
37.04	-0.0026829
37.05	-0.0027292
37.06	-0.0040313
37.07	-0.0038491
37.08	-0.0035718
37.09	-0.0039717
37.1	-0.0044721
37.11	-0.0051668
37.12	-0.0050578
37.13	-0.0044368
37.14	-0.0021454
37.15	-0.003347
37.16	-0.0025486
37.17	-0.0018538
37.18	-0.002483
37.19	-0.0020137
37.2	-0.00067661
37.21	-0.00045487
37.22	-0.0012299
37.23	-0.0018114
37.24	-0.0017444
37.25	-0.0025803
37.26	-0.0032295
37.27	-0.0039938
37.28	-0.0031187
37.29	-0.0010213
37.3	-0.00029591
37.31	-0.00048876
37.32	-0.0014546
37.33	-0.00072084
37.34	-0.00061106
37.35	-0.00014379
37.36	-0.00037926
37.37	-0.00068507
37.38	0.00016119
37.39	-0.00010422
37.4	3.8491e-06
37.41	-0.0010027
37.42	-0.00063477
37.43	-0.00051301
37.44	-0.00096493
37.45	-0.0012987
37.46	-0.0018677
37.47	-0.00094185
37.48	-0.00056081
37.49	-0.0010701
37.5	-0.0010639
37.51	-0.0015419
37.52	-0.0032325
37.53	-0.0040903
37.54	-0.0018557
37.55	-0.001653
37.56	-0.0017933
37.57	-0.0030631
37.58	-0.0022831
37.59	-0.0022897
37.6	-0.0014877
37.61	-0.00056882
37.62	0.00058928
37.63	0.00063639
37.64	0.0015029
37.65	0.0026203
37.66	0.0010413
37.67	-0.00096548
37.68	-0.00053484
37.69	-0.00019544
37.7	0.00023639
37.71	-0.0006434
37.72	-0.0013774
37.73	-0.0016778
37.74	-0.0018923
37.75	-0.0014403
37.76	-0.00097301
37.77	-0.0016625
37.78	-0.00090582
37.79	-0.0015473
37.8	-0.0019124
37.81	-0.0014862
37.82	-0.0020869
37.83	-0.0021939
37.84	-0.0020217
37.85	-0.0016251
37.86	-0.0015534
37.87	-0.00081322
37.88	-0.00086567
37.89	-0.00032409
37.9	-0.00024082
37.91	5.2956e-05
37.92	0.0010394
37.93	0.0019833
37.94	0.0018536
37.95	0.001791
37.96	0.0012441
37.97	0.00084385
37.98	0.0011255
37.99	0.00095577
38	8.8424e-05
38.01	0.0010885
38.02	3.4148e-05
38.03	0.00013445
38.04	0.0008859
38.05	0.00069335
38.06	0.00047007
38.07	0.00089775
38.08	0.0012283
38.09	0.00077634
38.1	0.00099848
38.11	0.0007644
38.12	0.00059639
38.13	0.00065738
38.14	0.0013735
38.15	0.0019873
38.16	0.00096616
38.17	0.00095045
38.18	0.0022096
38.19	0.0042898
38.2	0.0058827
38.21	0.0068673
38.22	0.0068281
38.23	0.0046991
38.24	0.0031178
38.25	0.0020116
38.26	0.00012339
38.27	-7.2665e-05
38.28	0.0007495
38.29	0.0017389
38.3	0.002078
38.31	0.0019068
38.32	0.0018813
38.33	0.0019349
38.34	0.0015992
38.35	0.0015384
38.36	0.0019465
38.37	0.0023105
38.38	0.0028397
38.39	0.0025982
38.4	0.0024893
38.41	0.0014883
38.42	0.00081562
38.43	0.0010824
38.44	0.00090511
38.45	0.00088077
38.46	0.00052271
38.47	0.00088992
38.48	0.00035415
38.49	-0.0004196
38.5	-0.00039806
38.51	-0.0008282
38.52	-0.0013727
38.53	-0.00091903
38.54	-0.00060524
38.55	-0.00023649
38.56	0.00030685
38.57	0.00011214
38.58	0.00021851
38.59	0.00055866
38.6	0.00061592
38.61	0.00032747
38.62	0.00048043
38.63	0.00054372
38.64	0.00048188
38.65	0.00070045
38.66	0.0008497
38.67	0.00075175
38.68	0.00092503
38.69	0.00095316
38.7	0.0010718
38.71	0.00138
38.72	0.0015123
38.73	0.0013109
38.74	0.0014078
38.75	0.0014538
38.76	0.0012469
38.77	0.0013376
38.78	0.001345
38.79	0.0012538
38.8	0.0011779
38.81	0.00088384
38.82	0.00083275
38.83	0.00078816
38.84	0.00064262
38.85	0.00059751
38.86	0.0007007
38.87	0.00078298
38.88	0.00091672
38.89	0.00092091
38.9	0.00082069
38.91	0.00088528
38.92	0.0005096
38.93	0.00044806
38.94	0.00058492
38.95	0.0007069
38.96	0.00062599
38.97	0.00065687
38.98	0.00051944
38.99	0.00054708
39	0.00044552
39.01	0.00046723
39.02	0.00041762
39.03	0.00034221
39.04	0.00053538
39.05	0.00049534
39.06	0.00039471
39.07	0.00043896
39.08	0.000542
39.09	0.00044805
39.1	0.00050745
39.11	0.00051926
39.12	0.00043454
39.13	0.00037645
39.14	0.00034875
39.15	0.00023818
39.16	0.0001516
39.17	3.9339e-05
39.18	6.3905e-06
39.19	1.0381e-05
39.2	-4.8722e-06
39.21	-6.3155e-05
39.22	-8.1353e-05
39.23	-3.2401e-05
39.24	-4.8096e-05
39.25	-6.883e-05
39.26	-5.4542e-05
39.27	-5.3377e-05
39.28	-5.6578e-05
39.29	-6.0347e-05
39.3	-6.6319e-05
39.31	-7.0947e-05
39.32	-0.00010069
39.33	-0.00011514
39.34	-0.00011365
39.35	-0.00012175
39.36	-0.0001532
39.37	-0.00018109
39.38	-0.00018514
39.39	-0.00019395
39.4	-0.00020988
39.41	-0.00022588
39.42	-0.00023987
39.43	-0.00024355
39.44	-0.00024549
39.45	-0.00027219
39.46	-0.00027293
39.47	-0.00028306
39.48	-0.00028845
39.49	-0.00029067
39.5	-0.00029089
39.51	-0.00029585
39.52	-0.00029637
39.53	-0.00029408
39.54	-0.00029133
39.55	-0.000291
39.56	-0.00028884
39.57	-0.00028842
39.58	-0.00028892
39.59	-0.00029138
39.6	-0.0002873
39.61	-0.00028825
39.62	-0.0002866
39.63	-0.00028439
39.64	-0.00027934
39.65	-0.00027757
39.66	-0.00027412
39.67	-0.00026985
39.68	-0.00026536
39.69	-0.00026042
39.7	-0.00025586
39.71	-0.00025101
39.72	-0.00024561
39.73	-0.00024057
39.74	-0.00023498
39.75	-0.00022926
39.76	-0.00022296
39.77	-0.00021666
39.78	-0.00020997
39.79	-0.00020329
39.8	-0.00019635
39.81	-0.00018946
39.82	-0.00018231
39.83	-0.00017505
39.84	-0.0001676
39.85	-0.00016003
39.86	-0.00015228
39.87	-0.00014442
39.88	-0.00013641
39.89	-0.00012828
39.9	-0.00012003
