0	0.00058423
0.01	0.00073797
0.02	0.00091609
0.03	0.00089077
0.04	0.00093227
0.05	0.0010458
0.06	0.0011647
0.07	0.0011914
0.08	0.0011021
0.09	0.00096196
0.1	0.00086872
0.11	0.00079408
0.12	0.00063264
0.13	0.00041406
0.14	0.00024998
0.15	0.00016213
0.16	0.00011774
0.17	0.00010668
0.18	0.00013107
0.19	0.00016884
0.2	0.00012394
0.21	-0.00010507
0.22	-0.00051236
0.23	-0.00097903
0.24	-0.0013015
0.25	-0.0013433
0.26	-0.001263
0.27	-0.0014094
0.28	-0.0018112
0.29	-0.002108
0.3	-0.0020505
0.31	-0.001735
0.32	-0.0014573
0.33	-0.0013869
0.34	-0.0015352
0.35	-0.0018933
0.36	-0.0023314
0.37	-0.0027291
0.38	-0.0030967
0.39	-0.003148
0.4	-0.0024963
0.41	-0.0015457
0.42	-0.0010407
0.43	-0.0010253
0.44	-0.0012198
0.45	-0.0015857
0.46	-0.001907
0.47	-0.0017622
0.48	-0.0011873
0.49	-0.00048741
0.5	0.00011265
0.51	7.8972e-05
0.52	-0.00063227
0.53	-0.0011733
0.54	-0.00096838
0.55	-4.4788e-05
0.56	0.00106
0.57	0.0011801
0.58	-0.00041149
0.59	-0.002632
0.6	-0.003827
0.61	-0.0036123
0.62	-0.0027768
0.63	-0.0022153
0.64	-0.0022164
0.65	-0.0024643
0.66	-0.0023678
0.67	-0.0015471
0.68	7.899e-05
0.69	0.0017519
0.7	0.0015888
0.71	-0.001116
0.72	-0.0040568
0.73	-0.004668
0.74	-0.0032476
0.75	-0.001821
0.76	-0.0010711
0.77	8.2206e-05
0.78	0.0019562
0.79	0.0042268
0.8	0.0074879
0.81	0.011681
0.82	0.014624
0.83	0.014455
0.84	0.011673
0.85	0.0072003
0.86	0.0025501
0.87	0.00011047
0.88	-0.00049502
0.89	-0.0013446
0.9	-0.0019195
0.91	-0.00063788
0.92	0.0016521
0.93	0.0032036
0.94	0.0047852
0.95	0.0072041
0.96	0.0089023
0.97	0.0088889
0.98	0.0068177
0.99	0.0021408
1	-0.0030628
1.01	-0.0047316
1.02	-0.0018613
1.03	0.0029975
1.04	0.0078416
1.05	0.012133
1.06	0.014568
1.07	0.013314
1.08	0.0086105
1.09	0.0036705
1.1	0.0024
1.11	0.0050535
1.12	0.0058476
1.13	-0.00051272
1.14	-0.010158
1.15	-0.015283
1.16	-0.013823
1.17	-0.0089159
1.18	-0.0050359
1.19	-0.0055653
1.2	-0.0095841
1.21	-0.013785
1.22	-0.017609
1.23	-0.021129
1.24	-0.022962
1.25	-0.021418
1.26	-0.015729
1.27	-0.0085119
1.28	-0.0042278
1.29	-0.0038212
1.3	-0.003562
1.31	-0.00077355
1.32	0.0031288
1.33	0.0052685
1.34	0.0043604
1.35	0.0029424
1.36	0.004919
1.37	0.0069779
1.38	0.0017893
1.39	-0.0075432
1.4	-0.010651
1.41	-0.0043267
1.42	0.0040659
1.43	0.0055195
1.44	-0.00077535
1.45	-0.0093395
1.46	-0.01566
1.47	-0.017985
1.48	-0.016943
1.49	-0.013863
1.5	-0.0088755
1.51	-0.0046458
1.52	-0.0061701
1.53	-0.011426
1.54	-0.011027
1.55	0.0013859
1.56	0.021445
1.57	0.037256
1.58	0.043333
1.59	0.044068
1.6	0.042154
1.61	0.036575
1.62	0.026676
1.63	0.013033
1.64	0.0021687
1.65	0.0020634
1.66	0.0099878
1.67	0.017709
1.68	0.025826
1.69	0.03717
1.7	0.045864
1.71	0.044753
1.72	0.035329
1.73	0.026132
1.74	0.021027
1.75	0.016365
1.76	0.010793
1.77	0.0061295
1.78	0.0030169
1.79	0.0013026
1.8	0.0010242
1.81	0.0046599
1.82	0.01157
1.83	0.015452
1.84	0.014633
1.85	0.014568
1.86	0.018255
1.87	0.021722
1.88	0.022495
1.89	0.019371
1.9	0.011022
1.91	0.0023152
1.92	-0.0020484
1.93	-0.0016414
1.94	-0.0011217
1.95	-0.0062861
1.96	-0.013438
1.97	-0.016521
1.98	-0.017691
1.99	-0.01963
2	-0.018869
2.01	-0.016825
2.02	-0.022809
2.03	-0.039644
2.04	-0.061588
2.05	-0.078979
2.06	-0.081252
2.07	-0.069686
2.08	-0.057611
2.09	-0.053335
2.1	-0.053511
2.11	-0.053571
2.12	-0.053493
2.13	-0.048563
2.14	-0.032638
2.15	-0.012998
2.16	-0.0023157
2.17	-0.00027938
2.18	0.00049457
2.19	-0.00092732
2.2	-0.0061726
2.21	-0.009073
2.22	-0.0090371
2.23	-0.014719
2.24	-0.026703
2.25	-0.034137
2.26	-0.030957
2.27	-0.021373
2.28	-0.011208
2.29	-0.0036263
2.3	-0.0030846
2.31	-0.011039
2.32	-0.019622
2.33	-0.021865
2.34	-0.018712
2.35	-0.013355
2.36	-0.0097434
2.37	-0.011111
2.38	-0.013181
2.39	-0.01102
2.4	-0.010956
2.41	-0.016311
2.42	-0.019109
2.43	-0.015307
2.44	-0.0057682
2.45	0.0066343
2.46	0.015148
2.47	0.017125
2.48	0.01614
2.49	0.017824
2.5	0.028236
2.51	0.046865
2.52	0.066002
2.53	0.080062
2.54	0.088591
2.55	0.090929
2.56	0.084332
2.57	0.069719
2.58	0.054641
2.59	0.047351
2.6	0.045551
2.61	0.041047
2.62	0.038645
2.63	0.047239
2.64	0.059561
2.65	0.059729
2.66	0.046495
2.67	0.033987
2.68	0.026529
2.69	0.023577
2.7	0.028451
2.71	0.031348
2.72	0.018133
2.73	-0.0064891
2.74	-0.022457
2.75	-0.017467
2.76	0.0032385
2.77	0.027532
2.78	0.045552
2.79	0.050003
2.8	0.041014
2.81	0.03062
2.82	0.033145
2.83	0.046338
2.84	0.0508
2.85	0.044613
2.86	0.042468
2.87	0.035546
2.88	0.0072363
2.89	-0.030651
2.9	-0.053917
2.91	-0.056296
2.92	-0.052211
2.93	-0.054999
2.94	-0.056609
2.95	-0.042376
2.96	-0.017296
2.97	-2.1613e-05
2.98	-0.0034959
2.99	-0.023516
3	-0.04312
3.01	-0.05138
3.02	-0.048494
3.03	-0.044037
3.04	-0.048607
3.05	-0.05504
3.06	-0.048584
3.07	-0.035359
3.08	-0.032316
3.09	-0.042942
3.1	-0.057489
3.11	-0.062155
3.12	-0.054338
3.13	-0.046899
3.14	-0.047905
3.15	-0.048608
3.16	-0.04405
3.17	-0.047818
3.18	-0.064289
3.19	-0.074878
3.2	-0.070735
3.21	-0.062195
3.22	-0.055735
3.23	-0.051582
3.24	-0.05064
3.25	-0.048821
3.26	-0.039074
3.27	-0.022456
3.28	-0.0071647
3.29	0.003948
3.3	0.015505
3.31	0.028679
3.32	0.040467
3.33	0.044542
3.34	0.035691
3.35	0.022496
3.36	0.015471
3.37	0.018172
3.38	0.032664
3.39	0.050679
3.4	0.057178
3.41	0.052728
3.42	0.048046
3.43	0.046445
3.44	0.056818
3.45	0.081074
3.46	0.092749
3.47	0.074714
3.48	0.044637
3.49	0.019395
3.5	0.0020011
3.51	0.00096115
3.52	0.016913
3.53	0.0372
3.54	0.052772
3.55	0.056743
3.56	0.052082
3.57	0.054594
3.58	0.072097
3.59	0.098161
3.6	0.11658
3.61	0.12007
3.62	0.11472
3.63	0.098083
3.64	0.070513
3.65	0.047
3.66	0.035989
3.67	0.032725
3.68	0.032614
3.69	0.036531
3.7	0.045175
3.71	0.050283
3.72	0.041301
3.73	0.026146
3.74	0.016387
3.75	0.0085919
3.76	0.00088247
3.77	-0.0065858
3.78	-0.016602
3.79	-0.025543
3.8	-0.026795
3.81	-0.023939
3.82	-0.026674
3.83	-0.031547
3.84	-0.028574
3.85	-0.023617
3.86	-0.026796
3.87	-0.03286
3.88	-0.033963
3.89	-0.032499
3.9	-0.032225
3.91	-0.039202
3.92	-0.059222
3.93	-0.081002
3.94	-0.089065
3.95	-0.084939
3.96	-0.080042
3.97	-0.079814
3.98	-0.079861
3.99	-0.075685
4	-0.068908
4.01	-0.061352
4.02	-0.052453
4.03	-0.040949
4.04	-0.026778
4.05	-0.016042
4.06	-0.01755
4.07	-0.028316
4.08	-0.030664
4.09	-0.019586
4.1	-0.016539
4.11	-0.034742
4.12	-0.059855
4.13	-0.076863
4.14	-0.088286
4.15	-0.10217
4.16	-0.11224
4.17	-0.10621
4.18	-0.091509
4.19	-0.080828
4.2	-0.071152
4.21	-0.056636
4.22	-0.039506
4.23	-0.025034
4.24	-0.016077
4.25	-0.015641
4.26	-0.02238
4.27	-0.029521
4.28	-0.030979
4.29	-0.022785
4.3	-0.0088413
4.31	0.0051966
4.32	0.023574
4.33	0.053304
4.34	0.088675
4.35	0.11239
4.36	0.11638
4.37	0.11498
4.38	0.11968
4.39	0.11947
4.4	0.1131
4.41	0.11434
4.42	0.11794
4.43	0.11052
4.44	0.097708
4.45	0.089355
4.46	0.083545
4.47	0.078503
4.48	0.077119
4.49	0.072639
4.5	0.053539
4.51	0.027846
4.52	0.011287
4.53	-0.0014582
4.54	-0.020014
4.55	-0.039389
4.56	-0.056412
4.57	-0.072988
4.58	-0.080145
4.59	-0.066636
4.6	-0.039152
4.61	-0.011282
4.62	0.01251
4.63	0.031054
4.64	0.043762
4.65	0.051485
4.66	0.050986
4.67	0.039751
4.68	0.02349
4.69	0.0096167
4.7	0.0005576
4.71	-0.0062022
4.72	-0.012009
4.73	-0.013526
4.74	-0.014967
4.75	-0.028025
4.76	-0.05015
4.77	-0.065985
4.78	-0.068324
4.79	-0.064373
4.8	-0.068306
4.81	-0.082423
4.82	-0.094655
4.83	-0.099244
4.84	-0.099324
4.85	-0.094323
4.86	-0.08092
4.87	-0.060091
4.88	-0.035111
4.89	-0.011199
4.9	0.0023263
4.91	0.00044562
4.92	-0.0098389
4.93	-0.018713
4.94	-0.025085
4.95	-0.031329
4.96	-0.033211
4.97	-0.02412
4.98	-0.0046843
4.99	0.014836
5	0.023296
5.01	0.023964
5.02	0.028133
5.03	0.033302
5.04	0.030695
5.05	0.022904
5.06	0.016838
5.07	0.011665
5.08	0.0024054
5.09	-0.0062525
5.1	9.6486e-05
5.11	0.026325
5.12	0.058787
5.13	0.080833
5.14	0.087802
5.15	0.089524
5.16	0.095777
5.17	0.10373
5.18	0.10808
5.19	0.10916
5.2	0.11073
5.21	0.10946
5.22	0.097588
5.23	0.083975
5.24	0.083722
5.25	0.091007
5.26	0.09515
5.27	0.10162
5.28	0.11457
5.29	0.12188
5.3	0.11188
5.31	0.089608
5.32	0.06635
5.33	0.045799
5.34	0.022948
5.35	-0.003694
5.36	-0.027208
5.37	-0.042074
5.38	-0.047792
5.39	-0.047769
5.4	-0.046316
5.41	-0.044258
5.42	-0.037661
5.43	-0.026931
5.44	-0.024452
5.45	-0.03602
5.46	-0.046114
5.47	-0.041667
5.48	-0.028712
5.49	-0.013539
5.5	0.0058375
5.51	0.030584
5.52	0.055498
5.53	0.075759
5.54	0.093453
5.55	0.10725
5.56	0.11353
5.57	0.11136
5.58	0.10021
5.59	0.085521
5.6	0.06699
5.61	0.035423
5.62	-0.012489
5.63	-0.071434
5.64	-0.11804
5.65	-0.1337
5.66	-0.13435
5.67	-0.14062
5.68	-0.14867
5.69	-0.1473
5.7	-0.13953
5.71	-0.13452
5.72	-0.13549
5.73	-0.13634
5.74	-0.12424
5.75	-0.096857
5.76	-0.070666
5.77	-0.059834
5.78	-0.061437
5.79	-0.070369
5.8	-0.085398
5.81	-0.10392
5.82	-0.12274
5.83	-0.13537
5.84	-0.13504
5.85	-0.12193
5.86	-0.10328
5.87	-0.087722
5.88	-0.081169
5.89	-0.085626
5.9	-0.094882
5.91	-0.099614
5.92	-0.099355
5.93	-0.10235
5.94	-0.11282
5.95	-0.12813
5.96	-0.14637
5.97	-0.16095
5.98	-0.16109
5.99	-0.14754
6	-0.13242
6.01	-0.12168
6.02	-0.113
6.03	-0.1032
6.04	-0.086489
6.05	-0.060191
6.06	-0.032803
6.07	-0.016806
6.08	-0.014022
6.09	-0.015697
6.1	-0.020931
6.11	-0.030195
6.12	-0.026211
6.13	0.0019662
6.14	0.037643
6.15	0.057158
6.16	0.052948
6.17	0.036095
6.18	0.020237
6.19	0.0079002
6.2	-0.0016512
6.21	-0.0057645
6.22	-0.005605
6.23	-0.0059258
6.24	-0.0058421
6.25	0.0011676
6.26	0.018196
6.27	0.040289
6.28	0.056502
6.29	0.061756
6.3	0.056769
6.31	0.038545
6.32	0.017673
6.33	0.011624
6.34	0.018479
6.35	0.030691
6.36	0.044562
6.37	0.056256
6.38	0.068778
6.39	0.087535
6.4	0.10747
6.41	0.12007
6.42	0.12535
6.43	0.12692
6.44	0.12284
6.45	0.10712
6.46	0.079079
6.47	0.045089
6.48	0.01508
6.49	-0.0026461
6.5	-0.0076444
6.51	-0.0044904
6.52	0.0071662
6.53	0.02728
6.54	0.045616
6.55	0.056508
6.56	0.067268
6.57	0.077296
6.58	0.079431
6.59	0.075472
6.6	0.068261
6.61	0.057697
6.62	0.044977
6.63	0.0344
6.64	0.029787
6.65	0.03142
6.66	0.038318
6.67	0.050013
6.68	0.067526
6.69	0.091942
6.7	0.11735
6.71	0.13048
6.72	0.12541
6.73	0.10939
6.74	0.091046
6.75	0.072326
6.76	0.053255
6.77	0.040162
6.78	0.039819
6.79	0.048052
6.8	0.05758
6.81	0.066921
6.82	0.073536
6.83	0.07489
6.84	0.071841
6.85	0.069411
6.86	0.072995
6.87	0.075833
6.88	0.070181
6.89	0.060874
6.9	0.056462
6.91	0.06224
6.92	0.0747
6.93	0.080805
6.94	0.071184
6.95	0.046909
6.96	0.015036
6.97	-0.017296
6.98	-0.047084
6.99	-0.07642
7	-0.10766
7.01	-0.13473
7.02	-0.14695
7.03	-0.1418
7.04	-0.12226
7.05	-0.089472
7.06	-0.052055
7.07	-0.023493
7.08	-0.0065871
7.09	0.0050284
7.1	0.015117
7.11	0.016406
7.12	0.002243
7.13	-0.019943
7.14	-0.042488
7.15	-0.06271
7.16	-0.07668
7.17	-0.084679
7.18	-0.089731
7.19	-0.093178
7.2	-0.094938
7.21	-0.092022
7.22	-0.083286
7.23	-0.07347
7.24	-0.064856
7.25	-0.050087
7.26	-0.022887
7.27	0.010137
7.28	0.038487
7.29	0.060387
7.3	0.083292
7.31	0.10714
7.32	0.11918
7.33	0.11228
7.34	0.090994
7.35	0.066578
7.36	0.046144
7.37	0.027701
7.38	0.012767
7.39	0.0081642
7.4	0.017585
7.41	0.040421
7.42	0.067069
7.43	0.085849
7.44	0.097508
7.45	0.10481
7.46	0.10884
7.47	0.11333
7.48	0.11603
7.49	0.116
7.5	0.11442
7.51	0.10958
7.52	0.10643
7.53	0.1062
7.54	0.10065
7.55	0.084589
7.56	0.061614
7.57	0.039217
7.58	0.016541
7.59	-0.0068413
7.6	-0.026786
7.61	-0.046999
7.62	-0.068865
7.63	-0.083583
7.64	-0.086207
7.65	-0.082015
7.66	-0.077587
7.67	-0.074106
7.68	-0.069636
7.69	-0.063307
7.7	-0.055206
7.71	-0.045755
7.72	-0.037623
7.73	-0.03356
7.74	-0.030773
7.75	-0.024922
7.76	-0.018321
7.77	-0.013193
7.78	-0.0071786
7.79	-0.0019191
7.8	-0.0033755
7.81	-0.012305
7.82	-0.02371
7.83	-0.035296
7.84	-0.043574
7.85	-0.041143
7.86	-0.032352
7.87	-0.031924
7.88	-0.043888
7.89	-0.061714
7.9	-0.078931
7.91	-0.095535
7.92	-0.11593
7.93	-0.13824
7.94	-0.15535
7.95	-0.16389
7.96	-0.17151
7.97	-0.18729
7.98	-0.20616
7.99	-0.2165
8	-0.21708
8.01	-0.22062
8.02	-0.23485
8.03	-0.2492
8.04	-0.25167
8.05	-0.24133
8.06	-0.22625
8.07	-0.2161
8.08	-0.20583
8.09	-0.18323
8.1	-0.15476
8.11	-0.13324
8.12	-0.11411
8.13	-0.089202
8.14	-0.063703
8.15	-0.048216
8.16	-0.044431
8.17	-0.042942
8.18	-0.036073
8.19	-0.018482
8.2	0.013958
8.21	0.052611
8.22	0.08976
8.23	0.12999
8.24	0.17067
8.25	0.20245
8.26	0.22194
8.27	0.22592
8.28	0.21749
8.29	0.21026
8.3	0.20607
8.31	0.19675
8.32	0.18482
8.33	0.17066
8.34	0.1485
8.35	0.12352
8.36	0.10719
8.37	0.099849
8.38	0.088688
8.39	0.070311
8.4	0.058099
8.41	0.057203
8.42	0.058499
8.43	0.05517
8.44	0.047276
8.45	0.039037
8.46	0.032807
8.47	0.028812
8.48	0.030718
8.49	0.036004
8.5	0.040814
8.51	0.052434
8.52	0.074368
8.53	0.10166
8.54	0.1303
8.55	0.1564
8.56	0.17796
8.57	0.19404
8.58	0.19923
8.59	0.19558
8.6	0.18845
8.61	0.17076
8.62	0.1391
8.63	0.10372
8.64	0.074544
8.65	0.053748
8.66	0.047566
8.67	0.065948
8.68	0.097429
8.69	0.11419
8.7	0.11073
8.71	0.1051
8.72	0.10453
8.73	0.10125
8.74	0.09453
8.75	0.086116
8.76	0.067322
8.77	0.035
8.78	-0.0029141
8.79	-0.039048
8.8	-0.066953
8.81	-0.086423
8.82	-0.106
8.83	-0.13241
8.84	-0.16446
8.85	-0.19842
8.86	-0.2293
8.87	-0.24959
8.88	-0.26014
8.89	-0.2676
8.9	-0.27101
8.91	-0.26994
8.92	-0.26841
8.93	-0.26355
8.94	-0.25544
8.95	-0.25064
8.96	-0.24678
8.97	-0.23938
8.98	-0.23161
8.99	-0.22678
9	-0.22051
9.01	-0.20579
9.02	-0.1828
9.03	-0.15925
9.04	-0.14464
9.05	-0.13925
9.06	-0.13169
9.07	-0.1116
9.08	-0.077407
9.09	-0.030243
9.1	0.030303
9.11	0.10019
9.12	0.17084
9.13	0.23124
9.14	0.2786
9.15	0.3189
9.16	0.34073
9.17	0.33088
9.18	0.30416
9.19	0.27744
9.2	0.25501
9.21	0.23902
9.22	0.22377
9.23	0.20435
9.24	0.18434
9.25	0.16993
9.26	0.16619
9.27	0.17242
9.28	0.18683
9.29	0.205
9.3	0.2188
9.31	0.2219
9.32	0.20868
9.33	0.1826
9.34	0.1544
9.35	0.12716
9.36	0.095061
9.37	0.053755
9.38	0.0074828
9.39	-0.038123
9.4	-0.081863
9.41	-0.12492
9.42	-0.16425
9.43	-0.19048
9.44	-0.19887
9.45	-0.19154
9.46	-0.17421
9.47	-0.1548
9.48	-0.1359
9.49	-0.11776
9.5	-0.10562
9.51	-0.10486
9.52	-0.11713
9.53	-0.14005
9.54	-0.16902
9.55	-0.19959
9.56	-0.22516
9.57	-0.23841
9.58	-0.2345
9.59	-0.21333
9.6	-0.18091
9.61	-0.14649
9.62	-0.11829
9.63	-0.092594
9.64	-0.059695
9.65	-0.025479
9.66	-0.00040734
9.67	0.017203
9.68	0.027684
9.69	0.026417
9.7	0.020373
9.71	0.021363
9.72	0.030746
9.73	0.046319
9.74	0.061965
9.75	0.067801
9.76	0.068619
9.77	0.076315
9.78	0.094179
9.79	0.12194
9.8	0.15325
9.81	0.17589
9.82	0.18412
9.83	0.18022
9.84	0.163
9.85	0.13005
9.86	0.089077
9.87	0.053959
9.88	0.03205
9.89	0.020345
9.9	0.010187
9.91	-0.0053684
9.92	-0.022863
9.93	-0.034589
9.94	-0.041361
9.95	-0.043668
9.96	-0.039654
9.97	-0.036268
9.98	-0.04176
9.99	-0.058834
10	-0.086441
10.01	-0.11731
10.02	-0.14267
10.03	-0.15995
10.04	-0.17403
10.05	-0.19259
10.06	-0.21556
10.07	-0.23844
10.08	-0.25917
10.09	-0.27081
10.1	-0.2655
10.11	-0.24516
10.12	-0.21871
10.13	-0.19124
10.14	-0.16296
10.15	-0.13536
10.16	-0.10657
10.17	-0.074334
10.18	-0.042693
10.19	-0.016084
10.2	0.0086237
10.21	0.033564
10.22	0.050813
10.23	0.059459
10.24	0.0679
10.25	0.081231
10.26	0.10236
10.27	0.12689
10.28	0.14427
10.29	0.15042
10.3	0.15078
10.31	0.14864
10.32	0.14408
10.33	0.1467
10.34	0.16232
10.35	0.18199
10.36	0.19566
10.37	0.20176
10.38	0.20591
10.39	0.2144
10.4	0.22802
10.41	0.24007
10.42	0.24482
10.43	0.24498
10.44	0.24792
10.45	0.25381
10.46	0.25509
10.47	0.253
10.48	0.25742
10.49	0.27071
10.5	0.28065
10.51	0.27641
10.52	0.26524
10.53	0.2536
10.54	0.23755
10.55	0.21851
10.56	0.19904
10.57	0.17429
10.58	0.13806
10.59	0.091935
10.6	0.045329
10.61	0.0014647
10.62	-0.040814
10.63	-0.078097
10.64	-0.108
10.65	-0.13241
10.66	-0.1566
10.67	-0.18773
10.68	-0.22899
10.69	-0.27036
10.7	-0.29735
10.71	-0.30829
10.72	-0.31258
10.73	-0.31722
10.74	-0.31965
10.75	-0.31558
10.76	-0.30585
10.77	-0.29339
10.78	-0.28148
10.79	-0.27138
10.8	-0.26194
10.81	-0.25398
10.82	-0.25023
10.83	-0.25173
10.84	-0.25631
10.85	-0.25975
10.86	-0.25778
10.87	-0.24706
10.88	-0.22881
10.89	-0.20951
10.9	-0.19315
10.91	-0.17645
10.92	-0.15465
10.93	-0.1289
10.94	-0.10406
10.95	-0.080638
10.96	-0.056645
10.97	-0.032289
10.98	-0.0093456
10.99	0.0077799
11	0.018453
11.01	0.027705
11.02	0.037214
11.03	0.047261
11.04	0.059156
11.05	0.071574
11.06	0.08378
11.07	0.098736
11.08	0.11586
11.09	0.13018
11.1	0.14471
11.11	0.16675
11.12	0.1981
11.13	0.23383
11.14	0.26717
11.15	0.29245
11.16	0.3023
11.17	0.30511
11.18	0.31491
11.19	0.32524
11.2	0.32764
11.21	0.31613
11.22	0.29124
11.23	0.27086
11.24	0.25974
11.25	0.24408
11.26	0.22226
11.27	0.20136
11.28	0.17658
11.29	0.14014
11.3	0.096068
11.31	0.054995
11.32	0.024884
11.33	0.0040171
11.34	-0.012527
11.35	-0.026685
11.36	-0.043235
11.37	-0.062918
11.38	-0.079052
11.39	-0.086039
11.4	-0.083691
11.41	-0.077291
11.42	-0.071326
11.43	-0.062011
11.44	-0.044865
11.45	-0.02347
11.46	0.00028323
11.47	0.023914
11.48	0.03956
11.49	0.046338
11.5	0.047387
11.51	0.042467
11.52	0.032909
11.53	0.021587
11.54	0.0115
11.55	0.0030843
11.56	-0.0065995
11.57	-0.018654
11.58	-0.033021
11.59	-0.046782
11.6	-0.05542
11.61	-0.059363
11.62	-0.060469
11.63	-0.058418
11.64	-0.055934
11.65	-0.055754
11.66	-0.056011
11.67	-0.055941
11.68	-0.054092
11.69	-0.048527
11.7	-0.04507
11.71	-0.050472
11.72	-0.060319
11.73	-0.064879
11.74	-0.064073
11.75	-0.063931
11.76	-0.063544
11.77	-0.059105
11.78	-0.049211
11.79	-0.035831
11.8	-0.025419
11.81	-0.019471
11.82	-0.013556
11.83	-0.010695
11.84	-0.016697
11.85	-0.031077
11.86	-0.049432
11.87	-0.066276
11.88	-0.080881
11.89	-0.097297
11.9	-0.11804
11.91	-0.14127
11.92	-0.16381
11.93	-0.18388
11.94	-0.20163
11.95	-0.21405
11.96	-0.21637
11.97	-0.2107
11.98	-0.20011
11.99	-0.18479
12	-0.16345
12.01	-0.13321
12.02	-0.10098
12.03	-0.079238
12.04	-0.068804
12.05	-0.062876
12.06	-0.054734
12.07	-0.042368
12.08	-0.031597
12.09	-0.025688
12.1	-0.020619
12.11	-0.014873
12.12	-0.0083709
12.13	0.00037194
12.14	0.0086085
12.15	0.013993
12.16	0.019009
12.17	0.024696
12.18	0.028696
12.19	0.032355
12.2	0.039705
12.21	0.048231
12.22	0.055233
12.23	0.066158
12.24	0.083279
12.25	0.10169
12.26	0.11932
12.27	0.13506
12.28	0.14912
12.29	0.16021
12.3	0.1625
12.31	0.16051
12.32	0.16118
12.33	0.16142
12.34	0.15828
12.35	0.15084
12.36	0.14305
12.37	0.14072
12.38	0.13794
12.39	0.13331
12.4	0.13695
12.41	0.14742
12.42	0.15544
12.43	0.15726
12.44	0.15637
12.45	0.15602
12.46	0.15422
12.47	0.15221
12.48	0.15463
12.49	0.16131
12.5	0.16426
12.51	0.15601
12.52	0.13969
12.53	0.12502
12.54	0.11642
12.55	0.11073
12.56	0.10006
12.57	0.07622
12.58	0.03909
12.59	-0.00031244
12.6	-0.031918
12.61	-0.056373
12.62	-0.073676
12.63	-0.082891
12.64	-0.091972
12.65	-0.10472
12.66	-0.11427
12.67	-0.11717
12.68	-0.11547
12.69	-0.10922
12.7	-0.10058
12.71	-0.094284
12.72	-0.089691
12.73	-0.084454
12.74	-0.07828
12.75	-0.072931
12.76	-0.074609
12.77	-0.08384
12.78	-0.092522
12.79	-0.099119
12.8	-0.10482
12.81	-0.10584
12.82	-0.103
12.83	-0.099243
12.84	-0.094027
12.85	-0.088414
12.86	-0.084559
12.87	-0.082349
12.88	-0.081456
12.89	-0.081988
12.9	-0.082557
12.91	-0.085559
12.92	-0.094249
12.93	-0.10458
12.94	-0.11053
12.95	-0.11135
12.96	-0.10899
12.97	-0.10345
12.98	-0.096321
12.99	-0.09065
13	-0.086319
13.01	-0.078653
13.02	-0.063517
13.03	-0.043273
13.04	-0.023539
13.05	-0.0075208
13.06	0.0070923
13.07	0.020633
13.08	0.030826
13.09	0.04547
13.1	0.067035
13.11	0.086158
13.12	0.1025
13.13	0.1143
13.14	0.11639
13.15	0.11511
13.16	0.11563
13.17	0.11601
13.18	0.11594
13.19	0.11439
13.2	0.10948
13.21	0.10269
13.22	0.091707
13.23	0.075168
13.24	0.060475
13.25	0.050586
13.26	0.043205
13.27	0.036959
13.28	0.032692
13.29	0.035614
13.3	0.043034
13.31	0.044162
13.32	0.035208
13.33	0.021459
13.34	0.0092994
13.35	0.0014256
13.36	-0.0036139
13.37	-0.0094174
13.38	-0.016597
13.39	-0.021075
13.4	-0.02358
13.41	-0.031069
13.42	-0.042695
13.43	-0.052
13.44	-0.058746
13.45	-0.067033
13.46	-0.079215
13.47	-0.097375
13.48	-0.12173
13.49	-0.14505
13.5	-0.1621
13.51	-0.17512
13.52	-0.18472
13.53	-0.19118
13.54	-0.19612
13.55	-0.198
13.56	-0.19526
13.57	-0.1902
13.58	-0.18425
13.59	-0.17412
13.6	-0.15756
13.61	-0.1377
13.62	-0.12003
13.63	-0.10756
13.64	-0.098858
13.65	-0.091601
13.66	-0.085267
13.67	-0.078074
13.68	-0.065039
13.69	-0.048171
13.7	-0.036114
13.71	-0.027575
13.72	-0.015485
13.73	0.0021346
13.74	0.022978
13.75	0.042809
13.76	0.061133
13.77	0.080278
13.78	0.10155
13.79	0.11954
13.8	0.12833
13.81	0.13507
13.82	0.14421
13.83	0.15283
13.84	0.16199
13.85	0.17177
13.86	0.18351
13.87	0.2003
13.88	0.22093
13.89	0.24235
13.9	0.2593
13.91	0.26708
13.92	0.26763
13.93	0.26215
13.94	0.24904
13.95	0.23432
13.96	0.22694
13.97	0.22681
13.98	0.22645
13.99	0.22174
14	0.21541
14.01	0.20902
14.02	0.20363
14.03	0.20065
14.04	0.19694
14.05	0.18826
14.06	0.173
14.07	0.15136
14.08	0.12546
14.09	0.099878
14.1	0.077895
14.11	0.058276
14.12	0.040402
14.13	0.025524
14.14	0.0089323
14.15	-0.011226
14.16	-0.027952
14.17	-0.040627
14.18	-0.053463
14.19	-0.064853
14.2	-0.07278
14.21	-0.081647
14.22	-0.094172
14.23	-0.10491
14.24	-0.11126
14.25	-0.11535
14.26	-0.11686
14.27	-0.11855
14.28	-0.12204
14.29	-0.12511
14.3	-0.13018
14.31	-0.13838
14.32	-0.14601
14.33	-0.15
14.34	-0.1503
14.35	-0.14761
14.36	-0.14167
14.37	-0.1348
14.38	-0.12865
14.39	-0.12185
14.4	-0.11479
14.41	-0.10827
14.42	-0.099781
14.43	-0.087123
14.44	-0.07493
14.45	-0.068968
14.46	-0.06688
14.47	-0.064475
14.48	-0.060655
14.49	-0.053938
14.5	-0.044689
14.51	-0.03568
14.52	-0.028346
14.53	-0.024368
14.54	-0.024604
14.55	-0.024242
14.56	-0.018164
14.57	-0.0079466
14.58	0.0054131
14.59	0.023512
14.6	0.041256
14.61	0.053093
14.62	0.059634
14.63	0.064524
14.64	0.069635
14.65	0.071871
14.66	0.069255
14.67	0.062806
14.68	0.055664
14.69	0.051919
14.7	0.051821
14.71	0.052242
14.72	0.052037
14.73	0.052705
14.74	0.052047
14.75	0.045029
14.76	0.03027
14.77	0.010855
14.78	-0.006056
14.79	-0.016104
14.8	-0.022725
14.81	-0.029352
14.82	-0.035906
14.83	-0.042958
14.84	-0.052863
14.85	-0.065852
14.86	-0.076602
14.87	-0.080393
14.88	-0.080075
14.89	-0.080152
14.9	-0.080429
14.91	-0.07992
14.92	-0.08178
14.93	-0.08701
14.94	-0.091221
14.95	-0.091685
14.96	-0.08872
14.97	-0.083496
14.98	-0.078291
14.99	-0.075948
15	-0.077736
15.01	-0.082517
15.02	-0.085436
15.03	-0.082004
15.04	-0.075685
15.05	-0.074166
15.06	-0.079508
15.07	-0.088447
15.08	-0.098003
15.09	-0.10463
15.1	-0.10591
15.11	-0.10369
15.12	-0.10073
15.13	-0.099552
15.14	-0.098534
15.15	-0.09336
15.16	-0.082262
15.17	-0.063255
15.18	-0.037005
15.19	-0.0091323
15.2	0.013093
15.21	0.025961
15.22	0.031939
15.23	0.035571
15.24	0.039706
15.25	0.043453
15.26	0.042327
15.27	0.0361
15.28	0.031717
15.29	0.036829
15.3	0.053602
15.31	0.072508
15.32	0.083227
15.33	0.083807
15.34	0.073752
15.35	0.057705
15.36	0.043756
15.37	0.038073
15.38	0.040583
15.39	0.04282
15.4	0.040206
15.41	0.032454
15.42	0.021046
15.43	0.01371
15.44	0.015877
15.45	0.023358
15.46	0.02943
15.47	0.031719
15.48	0.028457
15.49	0.018288
15.5	0.0060772
15.51	-0.0027137
15.52	-0.0065674
15.53	-0.0033489
15.54	0.0080511
15.55	0.023614
15.56	0.038366
15.57	0.05097
15.58	0.058831
15.59	0.062654
15.6	0.06766
15.61	0.071292
15.62	0.068394
15.63	0.062638
15.64	0.063403
15.65	0.069232
15.66	0.070861
15.67	0.069927
15.68	0.069645
15.69	0.065103
15.7	0.055108
15.71	0.044312
15.72	0.034211
15.73	0.027124
15.74	0.027759
15.75	0.031928
15.76	0.032502
15.77	0.031103
15.78	0.032335
15.79	0.03703
15.8	0.04227
15.81	0.047062
15.82	0.050678
15.83	0.051261
15.84	0.053825
15.85	0.060019
15.86	0.062163
15.87	0.056502
15.88	0.045414
15.89	0.030748
15.9	0.013137
15.91	-0.0032105
15.92	-0.014536
15.93	-0.021046
15.94	-0.023513
15.95	-0.021034
15.96	-0.016001
15.97	-0.01563
15.98	-0.019714
15.99	-0.021961
16	-0.022607
16.01	-0.026666
16.02	-0.031552
16.03	-0.03163
16.04	-0.031971
16.05	-0.039693
16.06	-0.053587
16.07	-0.068589
16.08	-0.080803
16.09	-0.087083
16.1	-0.085382
16.11	-0.080382
16.12	-0.07544
16.13	-0.066503
16.14	-0.053949
16.15	-0.040476
16.16	-0.024135
16.17	-0.0059273
16.18	0.0081418
16.19	0.013423
16.2	0.010665
16.21	0.0041582
16.22	-0.0045368
16.23	-0.013121
16.24	-0.016033
16.25	-0.015138
16.26	-0.018318
16.27	-0.026343
16.28	-0.032991
16.29	-0.035123
16.3	-0.034396
16.31	-0.033165
16.32	-0.032735
16.33	-0.032516
16.34	-0.032188
16.35	-0.032053
16.36	-0.031143
16.37	-0.028898
16.38	-0.027275
16.39	-0.02906
16.4	-0.035264
16.41	-0.043753
16.42	-0.051524
16.43	-0.056428
16.44	-0.057046
16.45	-0.05701
16.46	-0.05976
16.47	-0.063157
16.48	-0.065212
16.49	-0.06557
16.5	-0.065404
16.51	-0.06546
16.52	-0.06603
16.53	-0.069409
16.54	-0.073068
16.55	-0.072117
16.56	-0.069031
16.57	-0.068053
16.58	-0.070036
16.59	-0.070739
16.6	-0.06686
16.61	-0.061844
16.62	-0.056583
16.63	-0.048057
16.64	-0.033977
16.65	-0.017017
16.66	-0.002575
16.67	0.011985
16.68	0.031383
16.69	0.05275
16.7	0.072948
16.71	0.092428
16.72	0.10915
16.73	0.1217
16.74	0.13095
16.75	0.136
16.76	0.14
16.77	0.14469
16.78	0.14913
16.79	0.15416
16.8	0.15506
16.81	0.1482
16.82	0.13753
16.83	0.12702
16.84	0.11706
16.85	0.10539
16.86	0.08986
16.87	0.071993
16.88	0.055145
16.89	0.042527
16.9	0.034066
16.91	0.027656
16.92	0.024215
16.93	0.023363
16.94	0.020306
16.95	0.014997
16.96	0.011642
16.97	0.0065022
16.98	-0.0043407
16.99	-0.016877
17	-0.02852
17.01	-0.0408
17.02	-0.054087
17.03	-0.065827
17.04	-0.074
17.05	-0.07954
17.06	-0.083236
17.07	-0.086149
17.08	-0.087578
17.09	-0.08392
17.1	-0.075306
17.11	-0.065915
17.12	-0.056909
17.13	-0.049184
17.14	-0.046592
17.15	-0.047784
17.16	-0.049592
17.17	-0.050434
17.18	-0.048953
17.19	-0.047011
17.2	-0.046385
17.21	-0.046658
17.22	-0.04634
17.23	-0.043073
17.24	-0.036306
17.25	-0.02717
17.26	-0.01793
17.27	-0.010398
17.28	-0.0035409
17.29	0.0032097
17.3	0.009293
17.31	0.014909
17.32	0.019536
17.33	0.021678
17.34	0.021807
17.35	0.020173
17.36	0.016831
17.37	0.016253
17.38	0.02129
17.39	0.027987
17.4	0.034155
17.41	0.039668
17.42	0.044428
17.43	0.049143
17.44	0.050942
17.45	0.052437
17.46	0.057675
17.47	0.062537
17.48	0.065515
17.49	0.066594
17.5	0.064304
17.51	0.063008
17.52	0.06746
17.53	0.071466
17.54	0.06849
17.55	0.064653
17.56	0.06217
17.57	0.054376
17.58	0.042241
17.59	0.030944
17.6	0.020367
17.61	0.0097992
17.62	0.0013606
17.63	-0.0043662
17.64	-0.0092453
17.65	-0.014975
17.66	-0.022599
17.67	-0.031106
17.68	-0.03644
17.69	-0.037286
17.7	-0.03536
17.71	-0.030332
17.72	-0.023638
17.73	-0.017032
17.74	-0.011032
17.75	-0.0078028
17.76	-0.0089037
17.77	-0.013731
17.78	-0.018325
17.79	-0.021566
17.8	-0.024055
17.81	-0.020536
17.82	-0.0086425
17.83	0.0054872
17.84	0.015125
17.85	0.019316
17.86	0.021986
17.87	0.027237
17.88	0.034258
17.89	0.041747
17.9	0.048327
17.91	0.048086
17.92	0.040577
17.93	0.03096
17.94	0.020835
17.95	0.011047
17.96	0.0026409
17.97	-0.0055238
17.98	-0.013524
17.99	-0.019936
18	-0.025861
18.01	-0.03185
18.02	-0.035284
18.03	-0.03503
18.04	-0.031603
18.05	-0.025611
18.06	-0.017825
18.07	-0.0089212
18.08	-0.0016722
18.09	0.0031973
18.1	0.0089243
18.11	0.016002
18.12	0.021068
18.13	0.022142
18.14	0.020393
18.15	0.017476
18.16	0.016928
18.17	0.019918
18.18	0.024466
18.19	0.029011
18.2	0.030553
18.21	0.029908
18.22	0.029867
18.23	0.029548
18.24	0.03055
18.25	0.035356
18.26	0.039487
18.27	0.038684
18.28	0.034692
18.29	0.030732
18.3	0.027437
18.31	0.023297
18.32	0.020423
18.33	0.019359
18.34	0.014292
18.35	0.0041317
18.36	-0.0053202
18.37	-0.0080453
18.38	-0.0034431
18.39	0.0012107
18.4	-0.00061116
18.41	-0.0065396
18.42	-0.0094682
18.43	-0.0088241
18.44	-0.0087598
18.45	-0.0086513
18.46	-0.0069258
18.47	-0.0065447
18.48	-0.010387
18.49	-0.016982
18.5	-0.023269
18.51	-0.026868
18.52	-0.027249
18.53	-0.026548
18.54	-0.027256
18.55	-0.030189
18.56	-0.033118
18.57	-0.034133
18.58	-0.034027
18.59	-0.033521
18.6	-0.033221
18.61	-0.032485
18.62	-0.029074
18.63	-0.024311
18.64	-0.019447
18.65	-0.014526
18.66	-0.013803
18.67	-0.017121
18.68	-0.019412
18.69	-0.020596
18.7	-0.022832
18.71	-0.027205
18.72	-0.034149
18.73	-0.040767
18.74	-0.042808
18.75	-0.039473
18.76	-0.035813
18.77	-0.037119
18.78	-0.041642
18.79	-0.044703
18.8	-0.043809
18.81	-0.03917
18.82	-0.03372
18.83	-0.031276
18.84	-0.032563
18.85	-0.034812
18.86	-0.035647
18.87	-0.033592
18.88	-0.028468
18.89	-0.021699
18.9	-0.017099
18.91	-0.018463
18.92	-0.022553
18.93	-0.022469
18.94	-0.017012
18.95	-0.009007
18.96	0.00092695
18.97	0.011696
18.98	0.019628
18.99	0.021939
19	0.02095
19.01	0.022334
19.02	0.027386
19.03	0.030865
19.04	0.030874
19.05	0.029052
19.06	0.024726
19.07	0.020423
19.08	0.018772
19.09	0.020728
19.1	0.025827
19.11	0.030979
19.12	0.035719
19.13	0.038716
19.14	0.038686
19.15	0.037984
19.16	0.03867
19.17	0.040458
19.18	0.040263
19.19	0.038509
19.2	0.038385
19.21	0.038818
19.22	0.040045
19.23	0.04396
19.24	0.048478
19.25	0.051976
19.26	0.052866
19.27	0.050294
19.28	0.051064
19.29	0.057
19.3	0.059894
19.31	0.059037
19.32	0.059217
19.33	0.059894
19.34	0.057563
19.35	0.050808
19.36	0.043083
19.37	0.037234
19.38	0.031174
19.39	0.023948
19.4	0.014324
19.41	0.00090125
19.42	-0.01102
19.43	-0.01853
19.44	-0.023294
19.45	-0.024854
19.46	-0.024995
19.47	-0.025414
19.48	-0.02534
19.49	-0.026318
19.5	-0.029892
19.51	-0.035137
19.52	-0.04121
19.53	-0.047558
19.54	-0.053841
19.55	-0.057485
19.56	-0.054792
19.57	-0.049335
19.58	-0.047312
19.59	-0.048928
19.6	-0.049473
19.61	-0.046969
19.62	-0.04566
19.63	-0.04587
19.64	-0.04444
19.65	-0.042766
19.66	-0.042336
19.67	-0.04193
19.68	-0.041098
19.69	-0.039397
19.7	-0.036612
19.71	-0.032496
19.72	-0.026617
19.73	-0.020921
19.74	-0.017119
19.75	-0.015599
19.76	-0.015409
19.77	-0.016332
19.78	-0.018802
19.79	-0.020667
19.8	-0.021616
19.81	-0.02338
19.82	-0.023903
19.83	-0.022221
19.84	-0.020895
19.85	-0.018828
19.86	-0.014673
19.87	-0.0094267
19.88	-0.0056604
19.89	-0.0048299
19.9	-0.003378
19.91	0.00054274
19.92	0.0041915
19.93	0.0072392
19.94	0.010618
19.95	0.0098484
19.96	0.0052156
19.97	0.0033927
19.98	0.0031606
19.99	0.0018691
20	0.0037796
20.01	0.0094735
20.02	0.013039
20.03	0.012934
20.04	0.012715
20.05	0.013207
20.06	0.013342
20.07	0.013336
20.08	0.013342
20.09	0.013911
20.1	0.01608
20.11	0.018868
20.12	0.02151
20.13	0.023556
20.14	0.025798
20.15	0.030773
20.16	0.034853
20.17	0.03593
20.18	0.03866
20.19	0.042979
20.2	0.045766
20.21	0.045835
20.22	0.041178
20.23	0.032056
20.24	0.025153
20.25	0.025135
20.26	0.028004
20.27	0.031471
20.28	0.037369
20.29	0.042302
20.3	0.043506
20.31	0.042787
20.32	0.041147
20.33	0.042198
20.34	0.047239
20.35	0.05262
20.36	0.05743
20.37	0.058289
20.38	0.051846
20.39	0.041939
20.4	0.033459
20.41	0.028219
20.42	0.025217
20.43	0.024253
20.44	0.026834
20.45	0.030439
20.46	0.033316
20.47	0.036317
20.48	0.036316
20.49	0.033873
20.5	0.032112
20.51	0.029004
20.52	0.024035
20.53	0.018584
20.54	0.013557
20.55	0.0091703
20.56	0.0047265
20.57	0.00039626
20.58	-0.0053566
20.59	-0.011877
20.6	-0.014776
20.61	-0.015783
20.62	-0.020377
20.63	-0.027382
20.64	-0.033433
20.65	-0.038403
20.66	-0.042098
20.67	-0.043453
20.68	-0.043416
20.69	-0.042608
20.7	-0.039202
20.71	-0.034812
20.72	-0.033484
20.73	-0.03553
20.74	-0.038595
20.75	-0.039309
20.76	-0.035938
20.77	-0.032469
20.78	-0.031992
20.79	-0.032312
20.8	-0.031902
20.81	-0.029226
20.82	-0.022881
20.83	-0.015896
20.84	-0.012219
20.85	-0.011617
20.86	-0.011514
20.87	-0.012955
20.88	-0.017013
20.89	-0.019792
20.9	-0.019293
20.91	-0.019278
20.92	-0.022839
20.93	-0.026893
20.94	-0.027738
20.95	-0.027054
20.96	-0.026803
20.97	-0.027459
20.98	-0.030357
20.99	-0.035368
21	-0.041346
21.01	-0.04709
21.02	-0.051604
21.03	-0.054144
21.04	-0.054678
21.05	-0.053468
21.06	-0.050815
21.07	-0.048607
21.08	-0.04801
21.09	-0.047307
21.1	-0.043023
21.11	-0.036245
21.12	-0.031041
21.13	-0.026472
21.14	-0.020504
21.15	-0.013808
21.16	-0.0074895
21.17	-0.0028619
21.18	0.00040672
21.19	0.0030506
21.2	0.0040815
21.21	0.0055315
21.22	0.0080668
21.23	0.008935
21.24	0.010067
21.25	0.012745
21.26	0.014965
21.27	0.017863
21.28	0.021378
21.29	0.021447
21.3	0.016294
21.31	0.0095514
21.32	0.0068101
21.33	0.0080833
21.34	0.0089305
21.35	0.0099145
21.36	0.012987
21.37	0.017019
21.38	0.0218
21.39	0.026185
21.4	0.028131
21.41	0.027312
21.42	0.024796
21.43	0.023302
21.44	0.023547
21.45	0.023781
21.46	0.025452
21.47	0.029744
21.48	0.034165
21.49	0.037249
21.5	0.039134
21.51	0.040312
21.52	0.040175
21.53	0.037942
21.54	0.034551
21.55	0.030112
21.56	0.02542
21.57	0.022017
21.58	0.01966
21.59	0.020323
21.6	0.024395
21.61	0.026644
21.62	0.026314
21.63	0.027747
21.64	0.031676
21.65	0.035335
21.66	0.0368
21.67	0.037123
21.68	0.036711
21.69	0.032553
21.7	0.025585
21.71	0.020538
21.72	0.017039
21.73	0.014489
21.74	0.016086
21.75	0.019231
21.76	0.017678
21.77	0.01304
21.78	0.00976
21.79	0.0066139
21.8	0.001886
21.81	-0.0030349
21.82	-0.0067294
21.83	-0.0099207
21.84	-0.013669
21.85	-0.017504
21.86	-0.022082
21.87	-0.028523
21.88	-0.036942
21.89	-0.04601
21.9	-0.053881
21.91	-0.061624
21.92	-0.069522
21.93	-0.075512
21.94	-0.079538
21.95	-0.083094
21.96	-0.086417
21.97	-0.087534
21.98	-0.085064
21.99	-0.080181
22	-0.07538
22.01	-0.072491
22.02	-0.071466
22.03	-0.070429
22.04	-0.068072
22.05	-0.065459
22.06	-0.063169
22.07	-0.060736
22.08	-0.058281
22.09	-0.053953
22.1	-0.046657
22.11	-0.039623
22.12	-0.03393
22.13	-0.028854
22.14	-0.024909
22.15	-0.020589
22.16	-0.015337
22.17	-0.011547
22.18	-0.009852
22.19	-0.01011
22.2	-0.011177
22.21	-0.010513
22.22	-0.0094146
22.23	-0.010242
22.24	-0.01232
22.25	-0.012719
22.26	-0.010632
22.27	-0.0083653
22.28	-0.0043409
22.29	0.0016648
22.3	0.0051067
22.31	0.0062796
22.32	0.0099149
22.33	0.016587
22.34	0.022962
22.35	0.027766
22.36	0.032498
22.37	0.037301
22.38	0.039128
22.39	0.038661
22.4	0.038761
22.41	0.039053
22.42	0.039695
22.43	0.041362
22.44	0.044456
22.45	0.047909
22.46	0.049369
22.47	0.05149
22.48	0.056279
22.49	0.059193
22.5	0.058929
22.51	0.058751
22.52	0.059254
22.53	0.059949
22.54	0.060631
22.55	0.062131
22.56	0.065983
22.57	0.069128
22.58	0.068001
22.59	0.064873
22.6	0.063765
22.61	0.064122
22.62	0.0652
22.63	0.06719
22.64	0.066972
22.65	0.064724
22.66	0.063973
22.67	0.064239
22.68	0.062153
22.69	0.056688
22.7	0.049313
22.71	0.041421
22.72	0.032987
22.73	0.02505
22.74	0.021502
22.75	0.021929
22.76	0.022272
22.77	0.022248
22.78	0.021679
22.79	0.018076
22.8	0.013934
22.81	0.014793
22.82	0.017483
22.83	0.017137
22.84	0.016317
22.85	0.014024
22.86	0.0084948
22.87	0.0025895
22.88	-0.0024128
22.89	-0.0069938
22.9	-0.011877
22.91	-0.015591
22.92	-0.018903
22.93	-0.022897
22.94	-0.024499
22.95	-0.023996
22.96	-0.023885
22.97	-0.023706
22.98	-0.023982
22.99	-0.027201
23	-0.031521
23.01	-0.033082
23.02	-0.034327
23.03	-0.038293
23.04	-0.042549
23.05	-0.045083
23.06	-0.046891
23.07	-0.049414
23.08	-0.05249
23.09	-0.055706
23.1	-0.058723
23.11	-0.062429
23.12	-0.067529
23.13	-0.071513
23.14	-0.074626
23.15	-0.07751
23.16	-0.076454
23.17	-0.072096
23.18	-0.068546
23.19	-0.065127
23.2	-0.059572
23.21	-0.052102
23.22	-0.0457
23.23	-0.0418
23.24	-0.037279
23.25	-0.032546
23.26	-0.029865
23.27	-0.026487
23.28	-0.023103
23.29	-0.021998
23.3	-0.019297
23.31	-0.01479
23.32	-0.011389
23.33	-0.0066278
23.34	0.00052723
23.35	0.0083402
23.36	0.014813
23.37	0.017344
23.38	0.017212
23.39	0.0174
23.4	0.019383
23.41	0.023663
23.42	0.02743
23.43	0.02823
23.44	0.028058
23.45	0.028501
23.46	0.028904
23.47	0.02911
23.48	0.029386
23.49	0.029437
23.5	0.030054
23.51	0.031189
23.52	0.032233
23.53	0.035509
23.54	0.039444
23.55	0.040305
23.56	0.040373
23.57	0.03955
23.58	0.034824
23.59	0.030828
23.6	0.031209
23.61	0.031839
23.62	0.031349
23.63	0.034277
23.64	0.039945
23.65	0.04214
23.66	0.040668
23.67	0.036944
23.68	0.032807
23.69	0.030388
23.7	0.026836
23.71	0.023207
23.72	0.020438
23.73	0.015529
23.74	0.012877
23.75	0.016112
23.76	0.020081
23.77	0.021676
23.78	0.020927
23.79	0.017072
23.8	0.013464
23.81	0.013068
23.82	0.013462
23.83	0.013219
23.84	0.013182
23.85	0.013492
23.86	0.013743
23.87	0.012347
23.88	0.0082145
23.89	0.0050902
23.9	0.0036329
23.91	-0.00057293
23.92	-0.0065206
23.93	-0.013561
23.94	-0.023813
23.95	-0.034593
23.96	-0.042894
23.97	-0.049705
23.98	-0.055879
23.99	-0.059518
24	-0.058326
24.01	-0.054268
24.02	-0.05207
24.03	-0.052235
24.04	-0.052347
24.05	-0.052196
24.06	-0.052112
24.07	-0.051422
24.08	-0.050563
24.09	-0.048342
24.1	-0.042493
24.11	-0.036187
24.12	-0.0313
24.13	-0.025675
24.14	-0.019749
24.15	-0.015523
24.16	-0.013169
24.17	-0.0095247
24.18	-0.0054312
24.19	-0.0046526
24.2	-0.0032358
24.21	0.0010897
24.22	0.0016495
24.23	-0.0023091
24.24	-0.0045284
24.25	-0.0040726
24.26	-0.0039274
24.27	-0.0023117
24.28	0.0029022
24.29	0.006593
24.3	0.0064546
24.31	0.0049131
24.32	0.0027221
24.33	0.0029537
24.34	0.0063458
24.35	0.0074629
24.36	0.0037622
24.37	-0.0011586
24.38	-0.0054943
24.39	-0.0096791
24.4	-0.011138
24.41	-0.0090087
24.42	-0.0047425
24.43	-0.00089448
24.44	-2.3133e-05
24.45	0.0015896
24.46	0.0068058
24.47	0.012399
24.48	0.017585
24.49	0.020628
24.5	0.017632
24.51	0.01258
24.52	0.011624
24.53	0.012679
24.54	0.01249
24.55	0.013542
24.56	0.016896
24.57	0.018158
24.58	0.015626
24.59	0.01345
24.6	0.014366
24.61	0.015843
24.62	0.0161
24.63	0.018287
24.64	0.021824
24.65	0.023626
24.66	0.027233
24.67	0.032505
24.68	0.035803
24.69	0.03972
24.7	0.045888
24.71	0.050225
24.72	0.04758
24.73	0.042288
24.74	0.039414
24.75	0.035403
24.76	0.03129
24.77	0.027761
24.78	0.023415
24.79	0.021841
24.8	0.022585
24.81	0.022584
24.82	0.02244
24.83	0.022823
24.84	0.020513
24.85	0.015417
24.86	0.011401
24.87	0.0075857
24.88	0.003565
24.89	-0.00026275
24.9	-0.0037917
24.91	-0.0049921
24.92	-0.0063688
24.93	-0.011707
24.94	-0.018676
24.95	-0.023083
24.96	-0.024908
24.97	-0.027553
24.98	-0.031247
24.99	-0.033068
25	-0.032842
25.01	-0.032716
25.02	-0.032395
25.03	-0.031655
25.04	-0.030118
25.05	-0.02594
25.06	-0.022929
25.07	-0.023324
25.08	-0.023977
25.09	-0.023139
25.1	-0.019192
25.11	-0.014608
25.12	-0.014985
25.13	-0.019021
25.14	-0.022246
25.15	-0.023538
25.16	-0.023565
25.17	-0.023493
25.18	-0.023927
25.19	-0.023427
25.2	-0.019409
25.21	-0.014355
25.22	-0.013706
25.23	-0.017361
25.24	-0.020032
25.25	-0.017486
25.26	-0.013671
25.27	-0.012256
25.28	-0.0085382
25.29	-0.0032091
25.3	-0.0021302
25.31	-0.0019452
25.32	0.0021459
25.33	0.0066149
25.34	0.0084394
25.35	0.0090076
25.36	0.0096277
25.37	0.011445
25.38	0.015243
25.39	0.018504
25.4	0.019447
25.41	0.020322
25.42	0.021461
25.43	0.021807
25.44	0.022015
25.45	0.022554
25.46	0.02228
25.47	0.019205
25.48	0.015065
25.49	0.01355
25.5	0.013942
25.51	0.014036
25.52	0.013957
25.53	0.01411
25.54	0.014297
25.55	0.014151
25.56	0.015074
25.57	0.01698
25.58	0.01638
25.59	0.014589
25.6	0.012563
25.61	0.0061838
25.62	-0.0015796
25.63	-0.0054003
25.64	-0.0088902
25.65	-0.013165
25.66	-0.016107
25.67	-0.01966
25.68	-0.022461
25.69	-0.024083
25.7	-0.025987
25.71	-0.025693
25.72	-0.02362
25.73	-0.022518
25.74	-0.022658
25.75	-0.023398
25.76	-0.025094
25.77	-0.029068
25.78	-0.03281
25.79	-0.033436
25.8	-0.03312
25.81	-0.033378
25.82	-0.033677
25.83	-0.033148
25.84	-0.030131
25.85	-0.026055
25.86	-0.022267
25.87	-0.017654
25.88	-0.012675
25.89	-0.0076783
25.9	-0.0050152
25.91	-0.0047119
25.92	-0.0025392
25.93	0.0013945
25.94	0.0041414
25.95	0.0044518
25.96	0.0059347
25.97	0.011145
25.98	0.014674
25.99	0.014486
26	0.013624
26.01	0.011775
26.02	0.0089826
26.03	0.0062813
26.04	0.00454
26.05	0.0051392
26.06	0.0060321
26.07	0.0044432
26.08	0.00017341
26.09	-0.0040778
26.1	-0.0070222
26.11	-0.011821
26.12	-0.014977
26.13	-0.010968
26.14	-0.0054854
26.15	-0.0048781
26.16	-0.0039557
26.17	0.0026179
26.18	0.0098785
26.19	0.015135
26.2	0.02366
26.21	0.033262
26.22	0.034639
26.23	0.029166
26.24	0.025901
26.25	0.026702
26.26	0.027496
26.27	0.027459
26.28	0.027928
26.29	0.028642
26.3	0.029185
26.31	0.029619
26.32	0.030044
26.33	0.030543
26.34	0.031014
26.35	0.031406
26.36	0.031817
26.37	0.032157
26.38	0.032417
26.39	0.032849
26.4	0.033054
26.41	0.030888
26.42	0.026395
26.43	0.023843
26.44	0.024229
26.45	0.024547
26.46	0.024187
26.47	0.024343
26.48	0.025496
26.49	0.027049
26.5	0.027554
26.51	0.026279
26.52	0.02471
26.53	0.02392
26.54	0.023118
26.55	0.023392
26.56	0.023
26.57	0.020005
26.58	0.018129
26.59	0.017032
26.6	0.014341
26.61	0.0096849
26.62	0.0052575
26.63	0.0045661
26.64	0.0052265
26.65	0.0051019
26.66	0.0047456
26.67	0.0013743
26.68	-0.0036706
26.69	-0.0045957
26.7	-0.0059502
26.71	-0.01141
26.72	-0.014719
26.73	-0.017346
26.74	-0.023865
26.75	-0.030268
26.76	-0.034815
26.77	-0.039351
26.78	-0.041707
26.79	-0.044211
26.8	-0.048895
26.81	-0.050529
26.82	-0.049459
26.83	-0.049533
26.84	-0.049102
26.85	-0.045885
26.86	-0.041632
26.87	-0.038975
26.88	-0.038549
26.89	-0.037986
26.9	-0.035356
26.91	-0.032136
26.92	-0.029252
26.93	-0.027197
26.94	-0.026707
26.95	-0.026668
26.96	-0.026083
26.97	-0.026615
26.98	-0.028911
26.99	-0.031334
27	-0.033183
27.01	-0.034395
27.02	-0.037176
27.03	-0.041322
27.04	-0.042849
27.05	-0.04234
27.06	-0.042346
27.07	-0.042574
27.08	-0.042521
27.09	-0.042667
27.1	-0.04067
27.11	-0.035469
27.12	-0.03006
27.13	-0.025721
27.14	-0.02334
27.15	-0.020011
27.16	-0.014988
27.17	-0.013593
27.18	-0.01185
27.19	-0.0065202
27.2	-0.0044401
27.21	-0.0031715
27.22	0.0023471
27.23	0.0056557
27.24	0.0049534
27.25	0.0048295
27.26	0.0053447
27.27	0.0054104
27.28	0.0054935
27.29	0.0057779
27.3	0.0075181
27.31	0.012001
27.32	0.015776
27.33	0.017579
27.34	0.022048
27.35	0.027236
27.36	0.028149
27.37	0.027836
27.38	0.0315
27.39	0.037282
27.4	0.039875
27.41	0.042018
27.42	0.046994
27.43	0.050297
27.44	0.050431
27.45	0.050557
27.46	0.051171
27.47	0.051356
27.48	0.051445
27.49	0.051748
27.5	0.052025
27.51	0.052152
27.52	0.05234
27.53	0.052612
27.54	0.053131
27.55	0.052402
27.56	0.048152
27.57	0.043718
27.58	0.040532
27.59	0.035973
27.6	0.033433
27.61	0.034031
27.62	0.034215
27.63	0.033905
27.64	0.03432
27.65	0.033115
27.66	0.028665
27.67	0.025486
27.68	0.025506
27.69	0.026741
27.7	0.03019
27.71	0.033001
27.72	0.029864
27.73	0.02525
27.74	0.023363
27.75	0.018902
27.76	0.01092
27.77	0.0044686
27.78	0.00010295
27.79	-0.0050091
27.8	-0.011456
27.81	-0.017699
27.82	-0.024095
27.83	-0.03008
27.84	-0.033614
27.85	-0.036567
27.86	-0.03971
27.87	-0.041254
27.88	-0.041611
27.89	-0.041493
27.9	-0.04117
27.91	-0.040893
27.92	-0.040513
27.93	-0.040173
27.94	-0.039774
27.95	-0.039158
27.96	-0.038705
27.97	-0.038464
27.98	-0.037773
27.99	-0.038144
28	-0.041271
28.01	-0.044323
28.02	-0.045168
28.03	-0.044996
28.04	-0.044959
28.05	-0.04419
28.06	-0.040447
28.07	-0.035604
28.08	-0.033731
28.09	-0.033926
28.1	-0.033603
28.11	-0.033423
28.12	-0.032594
28.13	-0.028664
28.14	-0.022621
28.15	-0.016867
28.16	-0.013883
28.17	-0.011444
28.18	-0.0066378
28.19	-0.0035717
28.2	-0.00066005
28.21	0.0040528
28.22	0.0069311
28.23	0.010263
28.24	0.013956
28.25	0.015057
28.26	0.015811
28.27	0.019219
28.28	0.023459
28.29	0.024473
28.3	0.023793
28.31	0.024017
28.32	0.024252
28.33	0.02434
28.34	0.024184
28.35	0.020749
28.36	0.015864
28.37	0.01303
28.38	0.0087041
28.39	0.004838
28.4	0.0050281
28.41	0.0056717
28.42	0.0052306
28.43	0.0050257
28.44	0.0051571
28.45	0.0051803
28.46	0.005028
28.47	0.0052253
28.48	0.0064823
28.49	0.007469
28.5	0.0064473
28.51	0.005153
28.52	0.005302
28.53	0.0056459
28.54	0.0055223
28.55	0.0055191
28.56	0.0056472
28.57	0.0059186
28.58	0.0049606
28.59	0.002934
28.6	0.0036355
28.61	0.008174
28.62	0.013481
28.63	0.015594
28.64	0.015416
28.65	0.014481
28.66	0.010889
28.67	0.0081282
28.68	0.0083377
28.69	0.0079046
28.7	0.0087666
28.71	0.010788
28.72	0.0088211
28.73	0.0057424
28.74	0.0055628
28.75	0.0061094
28.76	0.0059718
28.77	0.006017
28.78	0.0062589
28.79	0.0062792
28.8	0.0063355
28.81	0.0065314
28.82	0.0068097
28.83	0.0073145
28.84	0.0076641
28.85	0.0050968
28.86	8.4812e-05
28.87	-0.0042924
28.88	-0.0085126
28.89	-0.013206
28.9	-0.017397
28.91	-0.019135
28.92	-0.020882
28.93	-0.024144
28.94	-0.024456
28.95	-0.020794
28.96	-0.017297
28.97	-0.014419
28.98	-0.0091515
28.99	-0.0052276
29	-0.0052672
29.01	-0.0042833
29.02	-0.0004066
29.03	0.0032742
29.04	0.0050647
29.05	0.0055364
29.06	0.0056165
29.07	0.0053876
29.08	0.0068199
29.09	0.012272
29.1	0.019384
29.11	0.024098
29.12	0.025074
29.13	0.024695
29.14	0.024831
29.15	0.024987
29.16	0.024932
29.17	0.024791
29.18	0.024459
29.19	0.026165
29.2	0.031316
29.21	0.034771
29.22	0.034566
29.23	0.033735
29.24	0.030501
29.25	0.025701
29.26	0.024523
29.27	0.022787
29.28	0.017412
29.29	0.01309
29.3	0.0092169
29.31	0.0041738
29.32	-0.00050887
29.33	-0.0042846
29.34	-0.0089845
29.35	-0.012901
29.36	-0.014951
29.37	-0.019186
29.38	-0.024042
29.39	-0.027809
29.4	-0.031173
29.41	-0.03227
29.42	-0.031767
29.43	-0.031647
29.44	-0.034616
29.45	-0.040164
29.46	-0.042289
29.47	-0.041389
29.48	-0.04146
29.49	-0.041847
29.5	-0.041861
29.51	-0.041165
29.52	-0.038759
29.53	-0.035273
29.54	-0.032614
29.55	-0.032046
29.56	-0.032131
29.57	-0.031466
29.58	-0.030638
29.59	-0.02785
29.6	-0.023899
29.61	-0.022128
29.62	-0.018869
29.63	-0.013948
29.64	-0.012804
29.65	-0.013661
29.66	-0.013362
29.67	-0.013018
29.68	-0.013024
29.69	-0.010285
29.7	-0.003934
29.71	0.0016517
29.72	0.0047863
29.73	0.0059921
29.74	0.0060125
29.75	0.0071274
29.76	0.0085108
29.77	0.0086908
29.78	0.0089085
29.79	0.0096592
29.8	0.010288
29.81	0.010796
29.82	0.0091245
29.83	0.0044664
29.84	0.0019516
29.85	0.0028859
29.86	0.0035447
29.87	0.0036624
29.88	0.0039047
29.89	0.0052449
29.9	0.0094262
29.91	0.013645
29.92	0.014937
29.93	0.016525
29.94	0.021427
29.95	0.024822
29.96	0.021726
29.97	0.016811
29.98	0.015636
29.99	0.01642
30	0.01575
30.01	0.01437
30.02	0.014331
30.03	0.012732
30.04	0.0083262
30.05	0.0059929
30.06	0.0064474
30.07	0.0065214
30.08	0.0061267
30.09	0.0057994
30.1	0.0067164
30.11	0.010615
30.12	0.014056
30.13	0.014375
30.14	0.013863
30.15	0.012614
30.16	0.0094829
30.17	0.0066101
30.18	0.005531
30.19	0.0027974
30.2	-0.0019339
30.21	-0.0037176
30.22	-0.0038275
30.23	-0.0077798
30.24	-0.012687
30.25	-0.013344
30.26	-0.014113
30.27	-0.018839
30.28	-0.022692
30.29	-0.022911
30.3	-0.023886
30.31	-0.025694
30.32	-0.024209
30.33	-0.021985
30.34	-0.020321
30.35	-0.01654
30.36	-0.013361
30.37	-0.013313
30.38	-0.013878
30.39	-0.012485
30.4	-0.0084922
30.41	-0.0049548
30.42	-0.0038691
30.43	-0.00063866
30.44	0.0045474
30.45	0.0057082
30.46	0.0064785
30.47	0.011655
30.48	0.015132
30.49	0.014898
30.5	0.017233
30.51	0.021897
30.52	0.024053
30.53	0.024107
30.54	0.024142
30.55	0.024289
30.56	0.024566
30.57	0.02236
30.58	0.016811
30.59	0.014353
30.6	0.016323
30.61	0.019336
30.62	0.022881
30.63	0.024488
30.64	0.025206
30.65	0.027078
30.66	0.028089
30.67	0.028232
30.68	0.026943
30.69	0.026132
30.7	0.029903
30.71	0.03421
30.72	0.03481
30.73	0.033018
30.74	0.028917
30.75	0.025098
30.76	0.022372
30.77	0.016567
30.78	0.0096427
30.79	0.0055198
30.8	0.0019802
30.81	-0.0020259
30.82	-0.0034237
30.83	-0.0032507
30.84	-0.0047954
30.85	-0.0065775
30.86	-0.006485
30.87	-0.0061816
30.88	-0.0086566
30.89	-0.012135
30.9	-0.01268
30.91	-0.01193
30.92	-0.012517
30.93	-0.014577
30.94	-0.017857
30.95	-0.019745
30.96	-0.019384
30.97	-0.019938
30.98	-0.021199
30.99	-0.022851
31	-0.026609
31.01	-0.029526
31.02	-0.029489
31.03	-0.030708
31.04	-0.035096
31.05	-0.038157
31.06	-0.037901
31.07	-0.037273
31.08	-0.037324
31.09	-0.034635
31.1	-0.028996
31.11	-0.025793
31.12	-0.025095
31.13	-0.023055
31.14	-0.019075
31.15	-0.015684
31.16	-0.01513
31.17	-0.014686
31.18	-0.01088
31.19	-0.0060602
31.2	-0.0042874
31.21	-0.0045283
31.22	-0.004611
31.23	-0.0033739
31.24	0.0012155
31.25	0.005852
31.26	0.0063265
31.27	0.0057157
31.28	0.0062504
31.29	0.0064537
31.3	0.0062778
31.31	0.006261
31.32	0.0061372
31.33	0.0064805
31.34	0.0081237
31.35	0.0094674
31.36	0.0087766
31.37	0.0070529
31.38	0.0060844
31.39	0.0061087
31.4	0.0061967
31.41	0.0061093
31.42	0.0059474
31.43	0.0059614
31.44	0.0071255
31.45	0.0094083
31.46	0.012518
31.47	0.01524
31.48	0.015626
31.49	0.015178
31.5	0.015392
31.51	0.015494
31.52	0.015393
31.53	0.015382
31.54	0.015431
31.55	0.015371
31.56	0.015575
31.57	0.016549
31.58	0.016471
31.59	0.015899
31.6	0.019575
31.61	0.024743
31.62	0.025595
31.63	0.024764
31.64	0.025491
31.65	0.024802
31.66	0.020488
31.67	0.017014
31.68	0.01528
31.69	0.010667
31.7	0.0066387
31.71	0.0057
31.72	0.001925
31.73	-0.0047844
31.74	-0.010179
31.75	-0.012358
31.76	-0.012691
31.77	-0.016128
31.78	-0.021246
31.79	-0.022291
31.8	-0.021799
31.81	-0.024163
31.82	-0.026635
31.83	-0.027916
31.84	-0.030325
31.85	-0.031879
31.86	-0.031324
31.87	-0.032038
31.88	-0.036024
31.89	-0.040196
31.9	-0.041244
31.91	-0.039753
31.92	-0.0368
31.93	-0.033746
31.94	-0.030469
31.95	-0.02544
31.96	-0.021387
31.97	-0.020999
31.98	-0.021274
31.99	-0.018747
32	-0.014067
32.01	-0.011105
32.02	-0.010763
32.03	-0.0078534
32.04	-0.002173
32.05	0.00015015
32.06	-0.00027266
32.07	0.00022341
32.08	0.00093211
32.09	0.00090793
32.1	0.00096001
32.11	0.0032802
32.12	0.0073672
32.13	0.0099849
32.14	0.01102
32.15	0.012793
32.16	0.017444
32.17	0.022137
32.18	0.022941
32.19	0.024927
32.2	0.030667
32.21	0.033657
32.22	0.033149
32.23	0.033188
32.24	0.033843
32.25	0.034052
32.26	0.032365
32.27	0.028176
32.28	0.024997
32.29	0.025354
32.3	0.024335
32.31	0.018777
32.32	0.01507
32.33	0.015785
32.34	0.015582
32.35	0.013508
32.36	0.013516
32.37	0.015388
32.38	0.015912
32.39	0.015517
32.4	0.015628
32.41	0.015791
32.42	0.015721
32.43	0.015689
32.44	0.015779
32.45	0.015642
32.46	0.014279
32.47	0.011681
32.48	0.01016
32.49	0.009173
32.5	0.0069561
32.51	0.0061723
32.52	0.0059032
32.53	0.0031707
32.54	0.0010912
32.55	0.0016281
32.56	0.0012898
32.57	-0.0015224
32.58	-0.0058494
32.59	-0.010731
32.6	-0.012998
32.61	-0.012598
32.62	-0.012525
32.63	-0.012834
32.64	-0.012809
32.65	-0.012763
32.66	-0.012827
32.67	-0.012843
32.68	-0.012948
32.69	-0.013129
32.7	-0.01067
32.71	-0.0049922
32.72	-0.0039472
32.73	-0.0081633
32.74	-0.0075052
32.75	-0.0033753
32.76	-0.0026472
32.77	-0.0013198
32.78	0.0036218
32.79	0.0065663
32.8	0.0052227
32.81	0.0047488
32.82	0.0063743
32.83	0.0067111
32.84	0.0061858
32.85	0.0063056
32.86	0.0065434
32.87	0.0065653
32.88	0.0065967
32.89	0.0065642
32.9	0.0052067
32.91	0.0018656
32.92	-0.0013463
32.93	-0.0024419
32.94	-0.0022692
32.95	-0.001865
32.96	-0.0029956
32.97	-0.0070852
32.98	-0.010579
32.99	-0.011101
33	-0.010663
33.01	-0.010525
33.02	-0.010397
33.03	-0.0099527
33.04	-0.0098153
33.05	-0.010965
33.06	-0.012134
33.07	-0.012623
33.08	-0.015188
33.09	-0.017075
33.1	-0.012798
33.11	-0.00759
33.12	-0.0071041
33.13	-0.007555
33.14	-0.0066894
33.15	-0.0062406
33.16	-0.0062546
33.17	-0.0062688
33.18	-0.0053447
33.19	-0.0026976
33.2	0.00026993
33.21	0.0031482
33.22	0.0030294
33.23	-0.0018354
33.24	-0.004805
33.25	-0.0040243
33.26	-0.003764
33.27	-0.0038869
33.28	-0.0042002
33.29	-0.0056593
33.3	-0.0068203
33.31	-0.006169
33.32	-0.003857
33.33	-0.0033273
33.34	-0.0054894
33.35	-0.0066724
33.36	-0.0070224
33.37	-0.0077186
33.38	-0.0078698
33.39	-0.0082927
33.4	-0.0098807
33.41	-0.011771
33.42	-0.011487
33.43	-0.0094972
33.44	-0.0092128
33.45	-0.0095143
33.46	-0.010051
33.47	-0.011834
33.48	-0.012448
33.49	-0.011855
33.5	-0.01319
33.51	-0.015993
33.52	-0.014877
33.53	-0.010764
33.54	-0.0090459
33.55	-0.0049745
33.56	0.0022858
33.57	0.0020308
33.58	-0.0030474
33.59	-0.0035167
33.6	-0.0012746
33.61	0.00079825
33.62	0.0022998
33.63	0.0042291
33.64	0.0067171
33.65	0.0073606
33.66	0.0069366
33.67	0.0070501
33.68	0.007164
33.69	0.006994
33.7	0.0075795
33.71	0.0082699
33.72	0.0073645
33.73	0.0065575
33.74	0.0067762
33.75	0.006724
33.76	0.0071309
33.77	0.008163
33.78	0.0085293
33.79	0.0092191
33.8	0.0092328
33.81	0.0071347
33.82	0.0063509
33.83	0.0079305
33.84	0.0098383
33.85	0.010514
33.86	0.010459
33.87	0.010684
33.88	0.0090772
33.89	0.0071285
33.9	0.0074818
33.91	0.0082396
33.92	0.0083355
33.93	0.0085269
33.94	0.0089855
33.95	0.0094
33.96	0.0097828
33.97	0.010207
33.98	0.010611
33.99	0.011191
34	0.011839
34.01	0.010762
34.02	0.0069338
34.03	0.0037487
34.04	0.0038398
34.05	0.0047456
34.06	0.0050639
34.07	0.0047361
34.08	0.0010593
34.09	-0.0028549
34.1	-0.0005005
34.11	0.0042146
34.12	0.0052826
34.13	0.0034496
34.14	0.00061285
34.15	-0.0011098
34.16	-7.9597e-05
34.17	0.0015604
34.18	0.0026098
34.19	0.0049651
34.2	0.0075843
34.21	0.0064694
34.22	0.0010785
34.23	-0.0026475
34.24	-0.0029499
34.25	-0.0049244
34.26	-0.0089705
34.27	-0.011796
34.28	-0.012337
34.29	-0.012102
34.3	-0.012255
34.31	-0.012038
34.32	-0.012496
34.33	-0.016549
34.34	-0.021422
34.35	-0.022105
34.36	-0.021761
34.37	-0.024917
34.38	-0.02885
34.39	-0.030469
34.4	-0.031305
34.41	-0.031241
34.42	-0.028302
34.43	-0.024686
34.44	-0.023002
34.45	-0.022344
34.46	-0.02064
34.47	-0.016587
34.48	-0.012565
34.49	-0.011489
34.5	-0.011105
34.51	-0.0082394
34.52	-0.004698
34.53	-0.0031745
34.54	-0.0029156
34.55	-0.0027161
34.56	-0.0026436
34.57	-0.0018289
34.58	-0.00096331
34.59	-0.0010638
34.6	0.0017719
34.61	0.0069542
34.62	0.008957
34.63	0.0086341
34.64	0.0090301
34.65	0.0097347
34.66	0.010102
34.67	0.010467
34.68	0.010966
34.69	0.011087
34.7	0.010653
34.71	0.011305
34.72	0.012655
34.73	0.011582
34.74	0.010806
34.75	0.013367
34.76	0.01499
34.77	0.014583
34.78	0.014825
34.79	0.015352
34.8	0.015874
34.81	0.017047
34.82	0.017322
34.83	0.016313
34.84	0.016074
34.85	0.016495
34.86	0.016543
34.87	0.016422
34.88	0.016635
34.89	0.016531
34.9	0.013015
34.91	0.0076706
34.92	0.0064947
34.93	0.0065784
34.94	0.0037123
34.95	0.00060837
34.96	-0.0013916
34.97	-0.0019934
34.98	-0.0021257
34.99	-0.0031587
35	-0.0031723
35.01	-0.0018528
35.02	-0.0018527
35.03	-0.0029578
35.04	-0.0029862
35.05	-0.0024289
35.06	-0.0022921
35.07	-0.0021977
35.08	-0.0018741
35.09	-0.001465
35.1	-0.0010921
35.11	-0.00073483
35.12	-0.00054434
35.13	-0.00017649
35.14	0.0031238
35.15	0.0088882
35.16	0.011599
35.17	0.011442
35.18	0.011923
35.19	0.012541
35.2	0.013205
35.21	0.014602
35.22	0.015001
35.23	0.014317
35.24	0.014521
35.25	0.015169
35.26	0.01554
35.27	0.015561
35.28	0.013399
35.29	0.009865
35.3	0.0080009
35.31	0.0072496
35.32	0.0068501
35.33	0.0069301
35.34	0.0067627
35.35	0.0072204
35.36	0.009133
35.37	0.010012
35.38	0.0083738
35.39	0.0067964
35.4	0.0067999
35.41	0.0069357
35.42	0.0066012
35.43	0.0065078
35.44	0.0065265
35.45	0.0063415
35.46	0.0062229
35.47	0.0063616
35.48	0.0064212
35.49	0.0048822
35.5	0.0015557
35.51	-0.00092543
35.52	-0.0021121
35.53	-0.0031434
35.54	-0.0032863
35.55	-0.003597
35.56	-0.0060063
35.57	-0.0094489
35.58	-0.012187
35.59	-0.013454
35.6	-0.015389
35.61	-0.019403
35.62	-0.021351
35.63	-0.021309
35.64	-0.023609
35.65	-0.026953
35.66	-0.027181
35.67	-0.024657
35.68	-0.022769
35.69	-0.02179
35.7	-0.02013
35.71	-0.017668
35.72	-0.01632
35.73	-0.016118
35.74	-0.015567
35.75	-0.014875
35.76	-0.014481
35.77	-0.013829
35.78	-0.012032
35.79	-0.010553
35.8	-0.0092247
35.81	-0.0056143
35.82	-0.0023789
35.83	-0.0020799
35.84	-0.0022295
35.85	-0.0017057
35.86	-0.0015032
35.87	-0.0016213
35.88	-0.00162
35.89	-0.0017218
35.9	-0.0013955
35.91	7.6778e-05
35.92	0.0019033
35.93	0.0030807
35.94	0.0017873
35.95	-0.0012422
35.96	-0.0023258
35.97	-0.0020346
35.98	-0.002217
35.99	-0.0016394
36	0.00023984
36.01	0.0019403
36.02	0.0023593
36.03	0.00070418
36.04	-0.0020541
36.05	-0.0028987
36.06	-0.0023707
36.07	-0.0024873
36.08	-0.0029053
36.09	-0.0022606
36.1	0.0011398
36.11	0.0055875
36.12	0.0073373
36.13	0.0070714
36.14	0.0071123
36.15	0.0075251
36.16	0.0075855
36.17	0.0058127
36.18	0.0033671
36.19	0.0045789
36.2	0.0079049
36.21	0.0087737
36.22	0.0084983
36.23	0.0090125
36.24	0.0093835
36.25	0.0094814
36.26	0.0098727
36.27	0.010388
36.28	0.010747
36.29	0.010978
36.3	0.011356
36.31	0.011946
36.32	0.012346
36.33	0.012555
36.34	0.012859
36.35	0.013353
36.36	0.013766
36.37	0.012282
36.38	0.0082306
36.39	0.0052683
36.4	0.0052717
36.41	0.0057053
36.42	0.0056235
36.43	0.0057985
36.44	0.0060813
36.45	0.0062156
36.46	0.0062649
36.47	0.0063573
36.48	0.0059371
36.49	0.0045328
36.5	0.0019017
36.51	-0.0014004
36.52	-0.0026756
36.53	-0.003049
36.54	-0.0059559
36.55	-0.0085486
36.56	-0.0088353
36.57	-0.010115
36.58	-0.012405
36.59	-0.013393
36.6	-0.013138
36.61	-0.01234
36.62	-0.011653
36.63	-0.011786
36.64	-0.01108
36.65	-0.0085018
36.66	-0.0069554
36.67	-0.0072487
36.68	-0.0073507
36.69	-0.0079095
36.7	-0.0073664
36.71	-0.00507
36.72	-0.0071278
36.73	-0.01136
36.74	-0.011561
36.75	-0.010604
36.76	-0.010775
36.77	-0.010741
36.78	-0.010434
36.79	-0.010238
36.8	-0.010035
36.81	-0.009779
36.82	-0.0096436
36.83	-0.0089903
36.84	-0.0066593
36.85	-0.0041699
36.86	-0.0046571
36.87	-0.0070838
36.88	-0.0078171
36.89	-0.0070002
36.9	-0.0064187
36.91	-0.0065627
36.92	-0.0081106
36.93	-0.009629
36.94	-0.0099976
36.95	-0.010257
36.96	-0.0094886
36.97	-0.0082263
36.98	-0.0079516
36.99	-0.006595
37	-0.0038528
37.01	-0.0028086
37.02	-0.001462
37.03	0.0030892
37.04	0.0063248
37.05	0.0062388
37.06	0.0067081
37.07	0.007539
37.08	0.0067898
37.09	0.0062964
37.1	0.0067579
37.11	0.0068905
37.12	0.005731
37.13	0.004254
37.14	0.0049837
37.15	0.006755
37.16	0.0070178
37.17	0.0067976
37.18	0.007409
37.19	0.0092725
37.2	0.012407
37.21	0.014331
37.22	0.013921
37.23	0.013988
37.24	0.015886
37.25	0.017221
37.26	0.016921
37.27	0.016645
37.28	0.016505
37.29	0.015226
37.3	0.013553
37.31	0.013544
37.32	0.0142
37.33	0.013632
37.34	0.012735
37.35	0.012023
37.36	0.011513
37.37	0.011388
37.38	0.011255
37.39	0.011198
37.4	0.010411
37.41	0.0078912
37.42	0.0053994
37.43	0.004265
37.44	0.003659
37.45	0.0033608
37.46	0.0033081
37.47	0.0030954
37.48	0.0037691
37.49	0.0049632
37.5	0.004135
37.51	0.0027551
37.52	0.002875
37.53	0.0030606
37.54	0.0028435
37.55	0.0028354
37.56	0.0030213
37.57	0.0028259
37.58	0.0014579
37.59	0.00012565
37.6	-0.00014575
37.61	-0.0011848
37.62	-0.0025876
37.63	-0.0027345
37.64	-0.0038245
37.65	-0.0066307
37.66	-0.0081045
37.67	-0.0076905
37.68	-0.0072503
37.69	-0.0075246
37.7	-0.0079576
37.71	-0.0073186
37.72	-0.0070885
37.73	-0.0089454
37.74	-0.010695
37.75	-0.011192
37.76	-0.011242
37.77	-0.011038
37.78	-0.01151
37.79	-0.012506
37.8	-0.012294
37.81	-0.011699
37.82	-0.012074
37.83	-0.012346
37.84	-0.011978
37.85	-0.011238
37.86	-0.010347
37.87	-0.01063
37.88	-0.011457
37.89	-0.011545
37.9	-0.012083
37.91	-0.012211
37.92	-0.01051
37.93	-0.0088902
37.94	-0.0086378
37.95	-0.0085293
37.96	-0.0080177
37.97	-0.0076655
37.98	-0.0068012
37.99	-0.0052065
38	-0.0044164
38.01	-0.004431
38.02	-0.0036797
38.03	-0.001871
38.04	-3.2886e-05
38.05	0.00089654
38.06	0.0010497
38.07	0.0013274
38.08	0.0017255
38.09	0.0028709
38.1	0.0048776
38.11	0.0055538
38.12	0.005103
38.13	0.0050527
38.14	0.0051115
38.15	0.0049761
38.16	0.004857
38.17	0.0047223
38.18	0.0048442
38.19	0.0057132
38.2	0.007077
38.21	0.0080866
38.22	0.0075633
38.23	0.0061391
38.24	0.005564
38.25	0.005905
38.26	0.0067263
38.27	0.0072821
38.28	0.0070754
38.29	0.0068132
38.3	0.0067071
38.31	0.0059757
38.32	0.0047536
38.33	0.0037408
38.34	0.0028731
38.35	0.0024468
38.36	0.002484
38.37	0.0024117
38.38	0.00181
38.39	0.00053539
38.4	-0.00069987
38.41	-0.0011484
38.42	-0.0010719
38.43	-0.0010415
38.44	-0.0010803
38.45	-0.0010512
38.46	-0.0010108
38.47	-0.00099902
38.48	-0.00098657
38.49	-0.00096266
38.5	-0.00094211
38.51	-0.00091817
38.52	-0.00085203
38.53	-0.00095246
38.54	-0.0014108
38.55	-0.0018573
38.56	-0.0022783
38.57	-0.0028886
38.58	-0.003424
38.59	-0.0035071
38.6	-0.0030912
38.61	-0.0027632
38.62	-0.0026947
38.63	-0.0025751
38.64	-0.0024757
38.65	-0.002166
38.66	-0.0014287
38.67	-0.00065983
38.68	-2.9353e-06
38.69	0.00040056
38.7	0.00045411
38.71	0.00054731
38.72	0.00050794
38.73	-0.00023408
38.74	-0.0011039
38.75	-0.001225
38.76	-0.00096008
38.77	-0.00082982
38.78	-0.0007542
38.79	-0.00056391
38.8	-8.4254e-05
38.81	0.00068031
38.82	0.0013486
38.83	0.0016871
38.84	0.0020406
38.85	0.0027398
38.86	0.0033257
38.87	0.0033261
38.88	0.0031492
38.89	0.0031044
38.9	0.0030472
38.91	0.0029602
38.92	0.0028781
38.93	0.0028004
38.94	0.0025131
38.95	0.0019058
38.96	0.0013794
38.97	0.0011164
38.98	0.00096795
38.99	0.00090267
39	0.00088781
39.01	0.00087179
39.02	0.00083539
39.03	0.00078297
39.04	0.00073212
39.05	0.00068264
39.06	0.00065719
39.07	0.00057084
39.08	0.00023727
39.09	4.4324e-05
39.1	0.00031047
39.11	0.00047163
39.12	0.00036275
39.13	0.00032025
39.14	0.00015873
39.15	-7.3129e-05
39.16	3.0644e-05
39.17	0.00017722
39.18	9.9181e-05
39.19	2.8566e-05
39.2	1.3025e-05
39.21	-3.089e-05
39.22	-8.927e-05
39.23	-0.00012902
39.24	-0.00016555
39.25	-0.00021087
39.26	-0.00024701
39.27	-0.00027102
39.28	-0.00030234
39.29	-0.00033766
39.3	-0.00036473
39.31	-0.00038983
39.32	-0.00041394
39.33	-0.00042647
39.34	-0.00051652
39.35	-0.00069805
39.36	-0.00077004
39.37	-0.00079329
39.38	-0.00091912
39.39	-0.00098034
39.4	-0.00092255
39.41	-0.00087569
39.42	-0.00085476
39.43	-0.00082339
39.44	-0.00078402
39.45	-0.00073958
39.46	-0.00073911
39.47	-0.00084674
39.48	-0.000955
39.49	-0.0009339
39.5	-0.00085136
39.51	-0.00078859
39.52	-0.00073068
39.53	-0.00066617
39.54	-0.00060496
39.55	-0.00054955
39.56	-0.00048674
39.57	-0.00046398
39.58	-0.00052896
39.59	-0.00056398
39.6	-0.00049338
39.61	-0.00040751
39.62	-0.00034621
39.63	-0.00028447
39.64	-0.00022281
39.65	-0.00016846
39.66	-0.00011805
39.67	-6.8474e-05
39.68	-2.8406e-05
39.69	1.532e-05
39.7	9.9919e-05
39.71	0.00018419
39.72	0.00019093
39.73	0.00016404
39.74	0.00018334
39.75	0.00021931
39.76	0.00021486
39.77	0.00019538
39.78	0.00020333
39.79	0.00021687
39.8	0.00021282
39.81	0.00020857
39.82	0.000208
39.83	0.0002025
39.84	0.00019838
39.85	0.00019521
39.86	0.0001855
39.87	0.00017185
39.88	0.00015727
39.89	0.00014116
39.9	0.00012529
39.91	0.00011103
39.92	9.8281e-05
39.93	8.699e-05
39.94	7.71e-05
39.95	6.8641e-05
39.96	6.1676e-05
39.97	5.6149e-05
39.98	5.2033e-05
39.99	4.9329e-05
