0	0.00029211
0.01	0.00036898
0.02	0.00045804
0.03	0.00044539
0.04	0.00046614
0.05	0.00052289
0.06	0.00058233
0.07	0.00059572
0.08	0.00055105
0.09	0.00048098
0.1	0.00043436
0.11	0.00039704
0.12	0.00031632
0.13	0.00020703
0.14	0.00012499
0.15	8.1067e-05
0.16	5.887e-05
0.17	5.334e-05
0.18	6.5535e-05
0.19	8.4418e-05
0.2	6.1969e-05
0.21	-5.2536e-05
0.22	-0.00025618
0.23	-0.00048952
0.24	-0.00065077
0.25	-0.00067167
0.26	-0.00063148
0.27	-0.00070472
0.28	-0.00090561
0.29	-0.001054
0.3	-0.0010252
0.31	-0.0008675
0.32	-0.00072866
0.33	-0.00069345
0.34	-0.00076761
0.35	-0.00094663
0.36	-0.0011657
0.37	-0.0013645
0.38	-0.0015484
0.39	-0.001574
0.4	-0.0012482
0.41	-0.00077283
0.42	-0.00052034
0.43	-0.00051265
0.44	-0.00060991
0.45	-0.00079284
0.46	-0.00095348
0.47	-0.00088108
0.48	-0.00059365
0.49	-0.00024371
0.5	5.6323e-05
0.51	3.9486e-05
0.52	-0.00031613
0.53	-0.00058665
0.54	-0.00048419
0.55	-2.2394e-05
0.56	0.00052999
0.57	0.00059003
0.58	-0.00020575
0.59	-0.001316
0.6	-0.0019135
0.61	-0.0018062
0.62	-0.0013884
0.63	-0.0011076
0.64	-0.0011082
0.65	-0.0012322
0.66	-0.0011839
0.67	-0.00077356
0.68	3.9495e-05
0.69	0.00087596
0.7	0.00079438
0.71	-0.00055799
0.72	-0.0020284
0.73	-0.002334
0.74	-0.0016238
0.75	-0.00091051
0.76	-0.00053557
0.77	4.1103e-05
0.78	0.00097808
0.79	0.0021134
0.8	0.0037439
0.81	0.0058406
0.82	0.0073122
0.83	0.0072277
0.84	0.0058365
0.85	0.0036001
0.86	0.001275
0.87	5.5234e-05
0.88	-0.00024751
0.89	-0.0006723
0.9	-0.00095977
0.91	-0.00031894
0.92	0.00082605
0.93	0.0016018
0.94	0.0023926
0.95	0.0036021
0.96	0.0044512
0.97	0.0044444
0.98	0.0034088
0.99	0.0010704
1	-0.0015314
1.01	-0.0023658
1.02	-0.00093063
1.03	0.0014987
1.04	0.0039208
1.05	0.0060667
1.06	0.0072842
1.07	0.006657
1.08	0.0043052
1.09	0.0018352
1.1	0.0012
1.11	0.0025267
1.12	0.0029238
1.13	-0.00025636
1.14	-0.0050788
1.15	-0.0076417
1.16	-0.0069115
1.17	-0.004458
1.18	-0.002518
1.19	-0.0027826
1.2	-0.004792
1.21	-0.0068926
1.22	-0.0088043
1.23	-0.010564
1.24	-0.011481
1.25	-0.010709
1.26	-0.0078647
1.27	-0.004256
1.28	-0.0021139
1.29	-0.0019106
1.3	-0.001781
1.31	-0.00038678
1.32	0.0015644
1.33	0.0026343
1.34	0.0021802
1.35	0.0014712
1.36	0.0024595
1.37	0.003489
1.38	0.00089464
1.39	-0.0037716
1.4	-0.0053255
1.41	-0.0021634
1.42	0.002033
1.43	0.0027598
1.44	-0.00038768
1.45	-0.0046697
1.46	-0.0078298
1.47	-0.0089923
1.48	-0.0084713
1.49	-0.0069315
1.5	-0.0044377
1.51	-0.0023229
1.52	-0.0030851
1.53	-0.0057132
1.54	-0.0055134
1.55	0.00069295
1.56	0.010723
1.57	0.018628
1.58	0.021667
1.59	0.022034
1.6	0.021077
1.61	0.018287
1.62	0.013338
1.63	0.0065164
1.64	0.0010843
1.65	0.0010317
1.66	0.0049939
1.67	0.0088543
1.68	0.012913
1.69	0.018585
1.7	0.022932
1.71	0.022377
1.72	0.017664
1.73	0.013066
1.74	0.010513
1.75	0.0081827
1.76	0.0053966
1.77	0.0030647
1.78	0.0015085
1.79	0.0006513
1.8	0.00051208
1.81	0.00233
1.82	0.005785
1.83	0.007726
1.84	0.0073164
1.85	0.0072842
1.86	0.0091274
1.87	0.010861
1.88	0.011248
1.89	0.0096853
1.9	0.005511
1.91	0.0011576
1.92	-0.0010242
1.93	-0.0008207
1.94	-0.00056083
1.95	-0.003143
1.96	-0.006719
1.97	-0.0082604
1.98	-0.0088457
1.99	-0.0098152
2	-0.0094344
2.01	-0.0084127
2.02	-0.011405
2.03	-0.019822
2.04	-0.030794
2.05	-0.03949
2.06	-0.040626
2.07	-0.034843
2.08	-0.028805
2.09	-0.026668
2.1	-0.026755
2.11	-0.026785
2.12	-0.026747
2.13	-0.024281
2.14	-0.016319
2.15	-0.006499
2.16	-0.0011579
2.17	-0.00013969
2.18	0.00024729
2.19	-0.00046366
2.2	-0.0030863
2.21	-0.0045365
2.22	-0.0045186
2.23	-0.0073593
2.24	-0.013351
2.25	-0.017069
2.26	-0.015479
2.27	-0.010686
2.28	-0.0056041
2.29	-0.0018131
2.3	-0.0015423
2.31	-0.0055197
2.32	-0.0098109
2.33	-0.010932
2.34	-0.0093558
2.35	-0.0066776
2.36	-0.0048717
2.37	-0.0055557
2.38	-0.0065904
2.39	-0.0055099
2.4	-0.005478
2.41	-0.0081553
2.42	-0.0095544
2.43	-0.0076536
2.44	-0.0028841
2.45	0.0033172
2.46	0.007574
2.47	0.0085624
2.48	0.0080699
2.49	0.0089119
2.5	0.014118
2.51	0.023432
2.52	0.033001
2.53	0.040031
2.54	0.044295
2.55	0.045464
2.56	0.042166
2.57	0.034859
2.58	0.027321
2.59	0.023675
2.6	0.022775
2.61	0.020524
2.62	0.019322
2.63	0.02362
2.64	0.029781
2.65	0.029864
2.66	0.023247
2.67	0.016993
2.68	0.013264
2.69	0.011788
2.7	0.014225
2.71	0.015674
2.72	0.0090664
2.73	-0.0032445
2.74	-0.011228
2.75	-0.0087336
2.76	0.0016192
2.77	0.013766
2.78	0.022776
2.79	0.025002
2.8	0.020507
2.81	0.01531
2.82	0.016572
2.83	0.023169
2.84	0.0254
2.85	0.022307
2.86	0.021234
2.87	0.017773
2.88	0.0036182
2.89	-0.015326
2.9	-0.026959
2.91	-0.028148
2.92	-0.026106
2.93	-0.027499
2.94	-0.028304
2.95	-0.021188
2.96	-0.0086481
2.97	-1.0806e-05
2.98	-0.001748
2.99	-0.011758
3	-0.02156
3.01	-0.02569
3.02	-0.024247
3.03	-0.022019
3.04	-0.024303
3.05	-0.02752
3.06	-0.024292
3.07	-0.01768
3.08	-0.016158
3.09	-0.021471
3.1	-0.028744
3.11	-0.031078
3.12	-0.027169
3.13	-0.02345
3.14	-0.023953
3.15	-0.024304
3.16	-0.022025
3.17	-0.023909
3.18	-0.032144
3.19	-0.037439
3.2	-0.035367
3.21	-0.031097
3.22	-0.027868
3.23	-0.025791
3.24	-0.02532
3.25	-0.02441
3.26	-0.019537
3.27	-0.011228
3.28	-0.0035823
3.29	0.001974
3.3	0.0077526
3.31	0.014339
3.32	0.020234
3.33	0.022271
3.34	0.017845
3.35	0.011248
3.36	0.0077353
3.37	0.0090858
3.38	0.016332
3.39	0.02534
3.4	0.028589
3.41	0.026364
3.42	0.024023
3.43	0.023222
3.44	0.028409
3.45	0.040537
3.46	0.046374
3.47	0.037357
3.48	0.022319
3.49	0.0096973
3.5	0.0010005
3.51	0.00048058
3.52	0.0084564
3.53	0.0186
3.54	0.026386
3.55	0.028371
3.56	0.026041
3.57	0.027297
3.58	0.036049
3.59	0.049081
3.6	0.058292
3.61	0.060033
3.62	0.057361
3.63	0.049041
3.64	0.035257
3.65	0.0235
3.66	0.017994
3.67	0.016363
3.68	0.016307
3.69	0.018266
3.7	0.022587
3.71	0.025142
3.72	0.02065
3.73	0.013073
3.74	0.0081934
3.75	0.004296
3.76	0.00044124
3.77	-0.0032929
3.78	-0.008301
3.79	-0.012772
3.8	-0.013398
3.81	-0.011969
3.82	-0.013337
3.83	-0.015774
3.84	-0.014287
3.85	-0.011809
3.86	-0.013398
3.87	-0.01643
3.88	-0.016982
3.89	-0.01625
3.9	-0.016112
3.91	-0.019601
3.92	-0.029611
3.93	-0.040501
3.94	-0.044532
3.95	-0.042469
3.96	-0.040021
3.97	-0.039907
3.98	-0.039931
3.99	-0.037842
4	-0.034454
4.01	-0.030676
4.02	-0.026226
4.03	-0.020475
4.04	-0.013389
4.05	-0.0080211
4.06	-0.0087752
4.07	-0.014158
4.08	-0.015332
4.09	-0.0097931
4.1	-0.0082693
4.11	-0.017371
4.12	-0.029927
4.13	-0.038431
4.14	-0.044143
4.15	-0.051083
4.16	-0.056122
4.17	-0.053105
4.18	-0.045754
4.19	-0.040414
4.2	-0.035576
4.21	-0.028318
4.22	-0.019753
4.23	-0.012517
4.24	-0.0080383
4.25	-0.0078204
4.26	-0.01119
4.27	-0.01476
4.28	-0.015489
4.29	-0.011392
4.3	-0.0044207
4.31	0.0025983
4.32	0.011787
4.33	0.026652
4.34	0.044338
4.35	0.056194
4.36	0.058192
4.37	0.05749
4.38	0.059841
4.39	0.059735
4.4	0.056551
4.41	0.057171
4.42	0.058969
4.43	0.055261
4.44	0.048854
4.45	0.044678
4.46	0.041773
4.47	0.039251
4.48	0.038559
4.49	0.036319
4.5	0.02677
4.51	0.013923
4.52	0.0056437
4.53	-0.00072909
4.54	-0.010007
4.55	-0.019694
4.56	-0.028206
4.57	-0.036494
4.58	-0.040073
4.59	-0.033318
4.6	-0.019576
4.61	-0.0056411
4.62	0.0062552
4.63	0.015527
4.64	0.021881
4.65	0.025743
4.66	0.025493
4.67	0.019875
4.68	0.011745
4.69	0.0048083
4.7	0.0002788
4.71	-0.0031011
4.72	-0.0060044
4.73	-0.0067631
4.74	-0.0074834
4.75	-0.014013
4.76	-0.025075
4.77	-0.032993
4.78	-0.034162
4.79	-0.032186
4.8	-0.034153
4.81	-0.041211
4.82	-0.047328
4.83	-0.049622
4.84	-0.049662
4.85	-0.047162
4.86	-0.04046
4.87	-0.030045
4.88	-0.017556
4.89	-0.0055997
4.9	0.0011631
4.91	0.00022281
4.92	-0.0049194
4.93	-0.0093567
4.94	-0.012543
4.95	-0.015664
4.96	-0.016606
4.97	-0.01206
4.98	-0.0023422
4.99	0.0074179
5	0.011648
5.01	0.011982
5.02	0.014067
5.03	0.016651
5.04	0.015348
5.05	0.011452
5.06	0.0084191
5.07	0.0058324
5.08	0.0012027
5.09	-0.0031263
5.1	4.8243e-05
5.11	0.013163
5.12	0.029393
5.13	0.040416
5.14	0.043901
5.15	0.044762
5.16	0.047888
5.17	0.051863
5.18	0.054039
5.19	0.05458
5.2	0.055367
5.21	0.054732
5.22	0.048794
5.23	0.041987
5.24	0.041861
5.25	0.045503
5.26	0.047575
5.27	0.05081
5.28	0.057283
5.29	0.060939
5.3	0.055941
5.31	0.044804
5.32	0.033175
5.33	0.022899
5.34	0.011474
5.35	-0.001847
5.36	-0.013604
5.37	-0.021037
5.38	-0.023896
5.39	-0.023884
5.4	-0.023158
5.41	-0.022129
5.42	-0.01883
5.43	-0.013466
5.44	-0.012226
5.45	-0.01801
5.46	-0.023057
5.47	-0.020833
5.48	-0.014356
5.49	-0.0067694
5.5	0.0029188
5.51	0.015292
5.52	0.027749
5.53	0.03788
5.54	0.046726
5.55	0.053627
5.56	0.056767
5.57	0.055682
5.58	0.050106
5.59	0.042761
5.6	0.033495
5.61	0.017712
5.62	-0.0062447
5.63	-0.035717
5.64	-0.059019
5.65	-0.066849
5.66	-0.067174
5.67	-0.070312
5.68	-0.074335
5.69	-0.073649
5.7	-0.069767
5.71	-0.067259
5.72	-0.067747
5.73	-0.068168
5.74	-0.062119
5.75	-0.048429
5.76	-0.035333
5.77	-0.029917
5.78	-0.030719
5.79	-0.035185
5.8	-0.042699
5.81	-0.05196
5.82	-0.061368
5.83	-0.067683
5.84	-0.067522
5.85	-0.060966
5.86	-0.051642
5.87	-0.043861
5.88	-0.040585
5.89	-0.042813
5.9	-0.047441
5.91	-0.049807
5.92	-0.049677
5.93	-0.051174
5.94	-0.05641
5.95	-0.064063
5.96	-0.073185
5.97	-0.080476
5.98	-0.080543
5.99	-0.07377
6	-0.066209
6.01	-0.06084
6.02	-0.056502
6.03	-0.051601
6.04	-0.043245
6.05	-0.030096
6.06	-0.016401
6.07	-0.0084031
6.08	-0.007011
6.09	-0.0078483
6.1	-0.010466
6.11	-0.015097
6.12	-0.013106
6.13	0.00098311
6.14	0.018822
6.15	0.028579
6.16	0.026474
6.17	0.018047
6.18	0.010119
6.19	0.0039501
6.2	-0.0008256
6.21	-0.0028823
6.22	-0.0028025
6.23	-0.0029629
6.24	-0.0029211
6.25	0.00058382
6.26	0.009098
6.27	0.020145
6.28	0.028251
6.29	0.030878
6.3	0.028385
6.31	0.019273
6.32	0.0088365
6.33	0.0058118
6.34	0.0092394
6.35	0.015345
6.36	0.022281
6.37	0.028128
6.38	0.034389
6.39	0.043767
6.4	0.053733
6.41	0.060036
6.42	0.062675
6.43	0.063462
6.44	0.061422
6.45	0.053562
6.46	0.039539
6.47	0.022545
6.48	0.00754
6.49	-0.0013231
6.5	-0.0038222
6.51	-0.0022452
6.52	0.0035831
6.53	0.01364
6.54	0.022808
6.55	0.028254
6.56	0.033634
6.57	0.038648
6.58	0.039715
6.59	0.037736
6.6	0.03413
6.61	0.028848
6.62	0.022488
6.63	0.0172
6.64	0.014894
6.65	0.01571
6.66	0.019159
6.67	0.025006
6.68	0.033763
6.69	0.045971
6.7	0.058677
6.71	0.065239
6.72	0.062707
6.73	0.054693
6.74	0.045523
6.75	0.036163
6.76	0.026627
6.77	0.020081
6.78	0.019909
6.79	0.024026
6.8	0.02879
6.81	0.03346
6.82	0.036768
6.83	0.037445
6.84	0.035921
6.85	0.034706
6.86	0.036497
6.87	0.037916
6.88	0.03509
6.89	0.030437
6.9	0.028231
6.91	0.03112
6.92	0.03735
6.93	0.040403
6.94	0.035592
6.95	0.023454
6.96	0.0075181
6.97	-0.0086479
6.98	-0.023542
6.99	-0.03821
7	-0.053828
7.01	-0.067363
7.02	-0.073475
7.03	-0.070898
7.04	-0.061129
7.05	-0.044736
7.06	-0.026027
7.07	-0.011747
7.08	-0.0032936
7.09	0.0025142
7.1	0.0075587
7.11	0.0082032
7.12	0.0011215
7.13	-0.0099713
7.14	-0.021244
7.15	-0.031355
7.16	-0.03834
7.17	-0.04234
7.18	-0.044866
7.19	-0.046589
7.2	-0.047469
7.21	-0.046011
7.22	-0.041643
7.23	-0.036735
7.24	-0.032428
7.25	-0.025043
7.26	-0.011443
7.27	0.0050685
7.28	0.019243
7.29	0.030194
7.3	0.041646
7.31	0.05357
7.32	0.059591
7.33	0.056139
7.34	0.045497
7.35	0.033289
7.36	0.023072
7.37	0.01385
7.38	0.0063837
7.39	0.0040821
7.4	0.0087924
7.41	0.020211
7.42	0.033534
7.43	0.042924
7.44	0.048754
7.45	0.052406
7.46	0.054418
7.47	0.056665
7.48	0.058014
7.49	0.058001
7.5	0.057212
7.51	0.054789
7.52	0.053213
7.53	0.053099
7.54	0.050327
7.55	0.042295
7.56	0.030807
7.57	0.019609
7.58	0.0082703
7.59	-0.0034206
7.6	-0.013393
7.61	-0.023499
7.62	-0.034433
7.63	-0.041792
7.64	-0.043103
7.65	-0.041008
7.66	-0.038794
7.67	-0.037053
7.68	-0.034818
7.69	-0.031653
7.7	-0.027603
7.71	-0.022878
7.72	-0.018811
7.73	-0.01678
7.74	-0.015387
7.75	-0.012461
7.76	-0.0091606
7.77	-0.0065965
7.78	-0.0035893
7.79	-0.00095953
7.8	-0.0016877
7.81	-0.0061527
7.82	-0.011855
7.83	-0.017648
7.84	-0.021787
7.85	-0.020571
7.86	-0.016176
7.87	-0.015962
7.88	-0.021944
7.89	-0.030857
7.9	-0.039465
7.91	-0.047767
7.92	-0.057964
7.93	-0.069122
7.94	-0.077673
7.95	-0.081945
7.96	-0.085755
7.97	-0.093645
7.98	-0.10308
7.99	-0.10825
8	-0.10854
8.01	-0.11031
8.02	-0.11742
8.03	-0.1246
8.04	-0.12583
8.05	-0.12066
8.06	-0.11312
8.07	-0.10805
8.08	-0.10291
8.09	-0.091614
8.1	-0.077378
8.11	-0.066621
8.12	-0.057053
8.13	-0.044601
8.14	-0.031852
8.15	-0.024108
8.16	-0.022215
8.17	-0.021471
8.18	-0.018036
8.19	-0.0092411
8.2	0.0069792
8.21	0.026306
8.22	0.04488
8.23	0.064996
8.24	0.085337
8.25	0.10122
8.26	0.11097
8.27	0.11296
8.28	0.10874
8.29	0.10513
8.3	0.10303
8.31	0.098375
8.32	0.09241
8.33	0.08533
8.34	0.07425
8.35	0.061762
8.36	0.053594
8.37	0.049924
8.38	0.044344
8.39	0.035155
8.4	0.02905
8.41	0.028602
8.42	0.029249
8.43	0.027585
8.44	0.023638
8.45	0.019518
8.46	0.016403
8.47	0.014406
8.48	0.015359
8.49	0.018002
8.5	0.020407
8.51	0.026217
8.52	0.037184
8.53	0.050828
8.54	0.06515
8.55	0.078198
8.56	0.088978
8.57	0.097022
8.58	0.099615
8.59	0.09779
8.6	0.094225
8.61	0.085382
8.62	0.06955
8.63	0.051861
8.64	0.037272
8.65	0.026874
8.66	0.023783
8.67	0.032974
8.68	0.048715
8.69	0.057094
8.7	0.055364
8.71	0.052548
8.72	0.052263
8.73	0.050627
8.74	0.047265
8.75	0.043058
8.76	0.033661
8.77	0.0175
8.78	-0.0014571
8.79	-0.019524
8.8	-0.033477
8.81	-0.043212
8.82	-0.052999
8.83	-0.066205
8.84	-0.082231
8.85	-0.099211
8.86	-0.11465
8.87	-0.12479
8.88	-0.13007
8.89	-0.1338
8.9	-0.13551
8.91	-0.13497
8.92	-0.1342
8.93	-0.13177
8.94	-0.12772
8.95	-0.12532
8.96	-0.12339
8.97	-0.11969
8.98	-0.11581
8.99	-0.11339
9	-0.11025
9.01	-0.1029
9.02	-0.091398
9.03	-0.079623
9.04	-0.072321
9.05	-0.069625
9.06	-0.065843
9.07	-0.055799
9.08	-0.038704
9.09	-0.015122
9.1	0.015152
9.11	0.050093
9.12	0.085418
9.13	0.11562
9.14	0.1393
9.15	0.15945
9.16	0.17037
9.17	0.16544
9.18	0.15208
9.19	0.13872
9.2	0.1275
9.21	0.11951
9.22	0.11189
9.23	0.10217
9.24	0.09217
9.25	0.084964
9.26	0.083095
9.27	0.086208
9.28	0.093417
9.29	0.1025
9.3	0.1094
9.31	0.11095
9.32	0.10434
9.33	0.091302
9.34	0.077201
9.35	0.063579
9.36	0.047531
9.37	0.026878
9.38	0.0037414
9.39	-0.019061
9.4	-0.040931
9.41	-0.062459
9.42	-0.082123
9.43	-0.095242
9.44	-0.099437
9.45	-0.095769
9.46	-0.087105
9.47	-0.0774
9.48	-0.067952
9.49	-0.058882
9.5	-0.052811
9.51	-0.052429
9.52	-0.058564
9.53	-0.070027
9.54	-0.084512
9.55	-0.099793
9.56	-0.11258
9.57	-0.1192
9.58	-0.11725
9.59	-0.10667
9.6	-0.090455
9.61	-0.073245
9.62	-0.059145
9.63	-0.046297
9.64	-0.029847
9.65	-0.012739
9.66	-0.00020367
9.67	0.0086016
9.68	0.013842
9.69	0.013208
9.7	0.010187
9.71	0.010681
9.72	0.015373
9.73	0.02316
9.74	0.030982
9.75	0.033901
9.76	0.03431
9.77	0.038158
9.78	0.04709
9.79	0.060968
9.8	0.076624
9.81	0.087943
9.82	0.09206
9.83	0.090108
9.84	0.081499
9.85	0.065027
9.86	0.044539
9.87	0.02698
9.88	0.016025
9.89	0.010173
9.9	0.0050934
9.91	-0.0026842
9.92	-0.011431
9.93	-0.017295
9.94	-0.020681
9.95	-0.021834
9.96	-0.019827
9.97	-0.018134
9.98	-0.02088
9.99	-0.029417
10	-0.043221
10.01	-0.058656
10.02	-0.071335
10.03	-0.079975
10.04	-0.087014
10.05	-0.096294
10.06	-0.10778
10.07	-0.11922
10.08	-0.12959
10.09	-0.1354
10.1	-0.13275
10.11	-0.12258
10.12	-0.10935
10.13	-0.095618
10.14	-0.081479
10.15	-0.067679
10.16	-0.053286
10.17	-0.037167
10.18	-0.021347
10.19	-0.0080419
10.2	0.0043118
10.21	0.016782
10.22	0.025407
10.23	0.02973
10.24	0.03395
10.25	0.040616
10.26	0.051178
10.27	0.063446
10.28	0.072135
10.29	0.075211
10.3	0.075391
10.31	0.074318
10.32	0.072039
10.33	0.07335
10.34	0.081162
10.35	0.090994
10.36	0.097828
10.37	0.10088
10.38	0.10295
10.39	0.1072
10.4	0.11401
10.41	0.12004
10.42	0.12241
10.43	0.12249
10.44	0.12396
10.45	0.1269
10.46	0.12755
10.47	0.1265
10.48	0.12871
10.49	0.13536
10.5	0.14032
10.51	0.13821
10.52	0.13262
10.53	0.1268
10.54	0.11877
10.55	0.10925
10.56	0.099519
10.57	0.087144
10.58	0.06903
10.59	0.045968
10.6	0.022664
10.61	0.00073234
10.62	-0.020407
10.63	-0.039049
10.64	-0.054
10.65	-0.066206
10.66	-0.078298
10.67	-0.093867
10.68	-0.11449
10.69	-0.13518
10.7	-0.14867
10.71	-0.15415
10.72	-0.15629
10.73	-0.15861
10.74	-0.15983
10.75	-0.15779
10.76	-0.15293
10.77	-0.1467
10.78	-0.14074
10.79	-0.13569
10.8	-0.13097
10.81	-0.12699
10.82	-0.12511
10.83	-0.12587
10.84	-0.12815
10.85	-0.12988
10.86	-0.12889
10.87	-0.12353
10.88	-0.11441
10.89	-0.10476
10.9	-0.096577
10.91	-0.088227
10.92	-0.077327
10.93	-0.064451
10.94	-0.05203
10.95	-0.040319
10.96	-0.028323
10.97	-0.016144
10.98	-0.0046728
10.99	0.00389
11	0.0092267
11.01	0.013853
11.02	0.018607
11.03	0.02363
11.04	0.029578
11.05	0.035787
11.06	0.04189
11.07	0.049368
11.08	0.057931
11.09	0.065089
11.1	0.072354
11.11	0.083376
11.12	0.09905
11.13	0.11692
11.14	0.13359
11.15	0.14623
11.16	0.15115
11.17	0.15255
11.18	0.15745
11.19	0.16262
11.2	0.16382
11.21	0.15807
11.22	0.14562
11.23	0.13543
11.24	0.12987
11.25	0.12204
11.26	0.11113
11.27	0.10068
11.28	0.088288
11.29	0.070069
11.3	0.048034
11.31	0.027497
11.32	0.012442
11.33	0.0020085
11.34	-0.0062637
11.35	-0.013342
11.36	-0.021617
11.37	-0.031459
11.38	-0.039526
11.39	-0.04302
11.4	-0.041846
11.41	-0.038646
11.42	-0.035663
11.43	-0.031006
11.44	-0.022433
11.45	-0.011735
11.46	0.00014161
11.47	0.011957
11.48	0.01978
11.49	0.023169
11.5	0.023693
11.51	0.021234
11.52	0.016455
11.53	0.010794
11.54	0.00575
11.55	0.0015421
11.56	-0.0032998
11.57	-0.0093272
11.58	-0.01651
11.59	-0.023391
11.6	-0.02771
11.61	-0.029682
11.62	-0.030235
11.63	-0.029209
11.64	-0.027967
11.65	-0.027877
11.66	-0.028006
11.67	-0.02797
11.68	-0.027046
11.69	-0.024263
11.7	-0.022535
11.71	-0.025236
11.72	-0.03016
11.73	-0.03244
11.74	-0.032036
11.75	-0.031966
11.76	-0.031772
11.77	-0.029552
11.78	-0.024606
11.79	-0.017916
11.8	-0.012709
11.81	-0.0097357
11.82	-0.0067779
11.83	-0.0053477
11.84	-0.0083483
11.85	-0.015539
11.86	-0.024716
11.87	-0.033138
11.88	-0.04044
11.89	-0.048648
11.9	-0.05902
11.91	-0.070636
11.92	-0.081903
11.93	-0.09194
11.94	-0.10081
11.95	-0.10703
11.96	-0.10819
11.97	-0.10535
11.98	-0.10005
11.99	-0.092394
12	-0.081727
12.01	-0.066605
12.02	-0.050491
12.03	-0.039619
12.04	-0.034402
12.05	-0.031438
12.06	-0.027367
12.07	-0.021184
12.08	-0.015798
12.09	-0.012844
12.1	-0.01031
12.11	-0.0074363
12.12	-0.0041855
12.13	0.00018597
12.14	0.0043043
12.15	0.0069964
12.16	0.0095043
12.17	0.012348
12.18	0.014348
12.19	0.016177
12.2	0.019852
12.21	0.024116
12.22	0.027616
12.23	0.033079
12.24	0.041639
12.25	0.050845
12.26	0.059662
12.27	0.067532
12.28	0.074558
12.29	0.080107
12.3	0.081248
12.31	0.080256
12.32	0.080592
12.33	0.080712
12.34	0.079138
12.35	0.075418
12.36	0.071527
12.37	0.07036
12.38	0.068972
12.39	0.066657
12.4	0.068474
12.41	0.073711
12.42	0.077722
12.43	0.078631
12.44	0.078183
12.45	0.07801
12.46	0.07711
12.47	0.076104
12.48	0.077313
12.49	0.080654
12.5	0.082132
12.51	0.078005
12.52	0.069846
12.53	0.062508
12.54	0.058211
12.55	0.055364
12.56	0.050029
12.57	0.03811
12.58	0.019545
12.59	-0.00015622
12.6	-0.015959
12.61	-0.028187
12.62	-0.036838
12.63	-0.041445
12.64	-0.045986
12.65	-0.05236
12.66	-0.057137
12.67	-0.058586
12.68	-0.057737
12.69	-0.054608
12.7	-0.05029
12.71	-0.047142
12.72	-0.044845
12.73	-0.042227
12.74	-0.03914
12.75	-0.036465
12.76	-0.037305
12.77	-0.04192
12.78	-0.046261
12.79	-0.049559
12.8	-0.052409
12.81	-0.05292
12.82	-0.051502
12.83	-0.049621
12.84	-0.047014
12.85	-0.044207
12.86	-0.04228
12.87	-0.041175
12.88	-0.040728
12.89	-0.040994
12.9	-0.041278
12.91	-0.04278
12.92	-0.047124
12.93	-0.05229
12.94	-0.055264
12.95	-0.055674
12.96	-0.054495
12.97	-0.051723
12.98	-0.048161
12.99	-0.045325
13	-0.04316
13.01	-0.039326
13.02	-0.031758
13.03	-0.021636
13.04	-0.01177
13.05	-0.0037604
13.06	0.0035462
13.07	0.010316
13.08	0.015413
13.09	0.022735
13.1	0.033517
13.11	0.043079
13.12	0.05125
13.13	0.057151
13.14	0.058196
13.15	0.057553
13.16	0.057816
13.17	0.058003
13.18	0.057972
13.19	0.057196
13.2	0.054741
13.21	0.051343
13.22	0.045854
13.23	0.037584
13.24	0.030237
13.25	0.025293
13.26	0.021602
13.27	0.018479
13.28	0.016346
13.29	0.017807
13.3	0.021517
13.31	0.022081
13.32	0.017604
13.33	0.01073
13.34	0.0046497
13.35	0.0007128
13.36	-0.001807
13.37	-0.0047087
13.38	-0.0082984
13.39	-0.010538
13.4	-0.01179
13.41	-0.015535
13.42	-0.021348
13.43	-0.026
13.44	-0.029373
13.45	-0.033517
13.46	-0.039607
13.47	-0.048688
13.48	-0.060863
13.49	-0.072523
13.5	-0.081051
13.51	-0.087559
13.52	-0.092362
13.53	-0.095589
13.54	-0.098062
13.55	-0.099
13.56	-0.097632
13.57	-0.095101
13.58	-0.092126
13.59	-0.08706
13.6	-0.07878
13.61	-0.06885
13.62	-0.060015
13.63	-0.053782
13.64	-0.049429
13.65	-0.045801
13.66	-0.042634
13.67	-0.039037
13.68	-0.032519
13.69	-0.024085
13.7	-0.018057
13.71	-0.013788
13.72	-0.0077423
13.73	0.0010673
13.74	0.011489
13.75	0.021404
13.76	0.030567
13.77	0.040139
13.78	0.050775
13.79	0.059772
13.8	0.064164
13.81	0.067534
13.82	0.072105
13.83	0.076415
13.84	0.080996
13.85	0.085886
13.86	0.091755
13.87	0.10015
13.88	0.11046
13.89	0.12117
13.9	0.12965
13.91	0.13354
13.92	0.13381
13.93	0.13108
13.94	0.12452
13.95	0.11716
13.96	0.11347
13.97	0.11341
13.98	0.11322
13.99	0.11087
14	0.1077
14.01	0.10451
14.02	0.10181
14.03	0.10033
14.04	0.098472
14.05	0.094132
14.06	0.086499
14.07	0.075681
14.08	0.062731
14.09	0.049939
14.1	0.038948
14.11	0.029138
14.12	0.020201
14.13	0.012762
14.14	0.0044661
14.15	-0.0056132
14.16	-0.013976
14.17	-0.020313
14.18	-0.026731
14.19	-0.032426
14.2	-0.03639
14.21	-0.040824
14.22	-0.047086
14.23	-0.052456
14.24	-0.055632
14.25	-0.057674
14.26	-0.058431
14.27	-0.059273
14.28	-0.06102
14.29	-0.062557
14.3	-0.065088
14.31	-0.069192
14.32	-0.073007
14.33	-0.075002
14.34	-0.075151
14.35	-0.073806
14.36	-0.070836
14.37	-0.067399
14.38	-0.064326
14.39	-0.060926
14.4	-0.057397
14.41	-0.054134
14.42	-0.04989
14.43	-0.043562
14.44	-0.037465
14.45	-0.034484
14.46	-0.03344
14.47	-0.032237
14.48	-0.030327
14.49	-0.026969
14.5	-0.022345
14.51	-0.01784
14.52	-0.014173
14.53	-0.012184
14.54	-0.012302
14.55	-0.012121
14.56	-0.0090821
14.57	-0.0039733
14.58	0.0027065
14.59	0.011756
14.6	0.020628
14.61	0.026546
14.62	0.029817
14.63	0.032262
14.64	0.034817
14.65	0.035936
14.66	0.034628
14.67	0.031403
14.68	0.027832
14.69	0.02596
14.7	0.02591
14.71	0.026121
14.72	0.026018
14.73	0.026352
14.74	0.026024
14.75	0.022515
14.76	0.015135
14.77	0.0054275
14.78	-0.003028
14.79	-0.0080521
14.8	-0.011362
14.81	-0.014676
14.82	-0.017953
14.83	-0.021479
14.84	-0.026432
14.85	-0.032926
14.86	-0.038301
14.87	-0.040197
14.88	-0.040038
14.89	-0.040076
14.9	-0.040214
14.91	-0.03996
14.92	-0.04089
14.93	-0.043505
14.94	-0.04561
14.95	-0.045843
14.96	-0.04436
14.97	-0.041748
14.98	-0.039146
14.99	-0.037974
15	-0.038868
15.01	-0.041258
15.02	-0.042718
15.03	-0.041002
15.04	-0.037843
15.05	-0.037083
15.06	-0.039754
15.07	-0.044223
15.08	-0.049002
15.09	-0.052315
15.1	-0.052956
15.11	-0.051844
15.12	-0.050364
15.13	-0.049776
15.14	-0.049267
15.15	-0.04668
15.16	-0.041131
15.17	-0.031627
15.18	-0.018502
15.19	-0.0045661
15.2	0.0065464
15.21	0.01298
15.22	0.01597
15.23	0.017785
15.24	0.019853
15.25	0.021727
15.26	0.021163
15.27	0.01805
15.28	0.015859
15.29	0.018414
15.3	0.026801
15.31	0.036254
15.32	0.041613
15.33	0.041903
15.34	0.036876
15.35	0.028852
15.36	0.021878
15.37	0.019037
15.38	0.020292
15.39	0.02141
15.4	0.020103
15.41	0.016227
15.42	0.010523
15.43	0.0068552
15.44	0.0079383
15.45	0.011679
15.46	0.014715
15.47	0.015859
15.48	0.014228
15.49	0.009144
15.5	0.0030386
15.51	-0.0013569
15.52	-0.0032837
15.53	-0.0016745
15.54	0.0040256
15.55	0.011807
15.56	0.019183
15.57	0.025485
15.58	0.029416
15.59	0.031327
15.6	0.03383
15.61	0.035646
15.62	0.034197
15.63	0.031319
15.64	0.031701
15.65	0.034616
15.66	0.035431
15.67	0.034963
15.68	0.034822
15.69	0.032551
15.7	0.027554
15.71	0.022156
15.72	0.017105
15.73	0.013562
15.74	0.013879
15.75	0.015964
15.76	0.016251
15.77	0.015552
15.78	0.016168
15.79	0.018515
15.8	0.021135
15.81	0.023531
15.82	0.025339
15.83	0.025631
15.84	0.026913
15.85	0.030009
15.86	0.031082
15.87	0.028251
15.88	0.022707
15.89	0.015374
15.9	0.0065683
15.91	-0.0016053
15.92	-0.0072679
15.93	-0.010523
15.94	-0.011756
15.95	-0.010517
15.96	-0.0080003
15.97	-0.0078149
15.98	-0.0098572
15.99	-0.01098
16	-0.011304
16.01	-0.013333
16.02	-0.015776
16.03	-0.015815
16.04	-0.015986
16.05	-0.019847
16.06	-0.026794
16.07	-0.034294
16.08	-0.040401
16.09	-0.043542
16.1	-0.042691
16.11	-0.040191
16.12	-0.03772
16.13	-0.033251
16.14	-0.026974
16.15	-0.020238
16.16	-0.012067
16.17	-0.0029636
16.18	0.0040709
16.19	0.0067113
16.2	0.0053327
16.21	0.0020791
16.22	-0.0022684
16.23	-0.0065603
16.24	-0.0080166
16.25	-0.0075689
16.26	-0.0091591
16.27	-0.013171
16.28	-0.016496
16.29	-0.017562
16.3	-0.017198
16.31	-0.016582
16.32	-0.016368
16.33	-0.016258
16.34	-0.016094
16.35	-0.016027
16.36	-0.015572
16.37	-0.014449
16.38	-0.013638
16.39	-0.01453
16.4	-0.017632
16.41	-0.021877
16.42	-0.025762
16.43	-0.028214
16.44	-0.028523
16.45	-0.028505
16.46	-0.02988
16.47	-0.031579
16.48	-0.032606
16.49	-0.032785
16.5	-0.032702
16.51	-0.03273
16.52	-0.033015
16.53	-0.034704
16.54	-0.036534
16.55	-0.036059
16.56	-0.034515
16.57	-0.034026
16.58	-0.035018
16.59	-0.03537
16.6	-0.03343
16.61	-0.030922
16.62	-0.028292
16.63	-0.024028
16.64	-0.016988
16.65	-0.0085083
16.66	-0.0012875
16.67	0.0059927
16.68	0.015691
16.69	0.026375
16.7	0.036474
16.71	0.046214
16.72	0.054576
16.73	0.060851
16.74	0.065473
16.75	0.068002
16.76	0.069998
16.77	0.072347
16.78	0.074567
16.79	0.077078
16.8	0.077528
16.81	0.0741
16.82	0.068764
16.83	0.06351
16.84	0.058529
16.85	0.052693
16.86	0.04493
16.87	0.035996
16.88	0.027573
16.89	0.021263
16.9	0.017033
16.91	0.013828
16.92	0.012108
16.93	0.011681
16.94	0.010153
16.95	0.0074985
16.96	0.0058208
16.97	0.0032511
16.98	-0.0021703
16.99	-0.0084386
17	-0.01426
17.01	-0.0204
17.02	-0.027043
17.03	-0.032913
17.04	-0.037
17.05	-0.03977
17.06	-0.041618
17.07	-0.043075
17.08	-0.043789
17.09	-0.04196
17.1	-0.037653
17.11	-0.032958
17.12	-0.028454
17.13	-0.024592
17.14	-0.023296
17.15	-0.023892
17.16	-0.024796
17.17	-0.025217
17.18	-0.024477
17.19	-0.023506
17.2	-0.023193
17.21	-0.023329
17.22	-0.02317
17.23	-0.021537
17.24	-0.018153
17.25	-0.013585
17.26	-0.0089648
17.27	-0.0051992
17.28	-0.0017704
17.29	0.0016049
17.3	0.0046465
17.31	0.0074547
17.32	0.0097682
17.33	0.010839
17.34	0.010903
17.35	0.010087
17.36	0.0084155
17.37	0.0081263
17.38	0.010645
17.39	0.013994
17.4	0.017077
17.41	0.019834
17.42	0.022214
17.43	0.024572
17.44	0.025471
17.45	0.026218
17.46	0.028837
17.47	0.031269
17.48	0.032758
17.49	0.033297
17.5	0.032152
17.51	0.031504
17.52	0.03373
17.53	0.035733
17.54	0.034245
17.55	0.032326
17.56	0.031085
17.57	0.027188
17.58	0.021121
17.59	0.015472
17.6	0.010184
17.61	0.0048996
17.62	0.00068029
17.63	-0.0021831
17.64	-0.0046226
17.65	-0.0074874
17.66	-0.0113
17.67	-0.015553
17.68	-0.01822
17.69	-0.018643
17.7	-0.01768
17.71	-0.015166
17.72	-0.011819
17.73	-0.0085158
17.74	-0.0055162
17.75	-0.0039014
17.76	-0.0044519
17.77	-0.0068653
17.78	-0.0091623
17.79	-0.010783
17.8	-0.012028
17.81	-0.010268
17.82	-0.0043212
17.83	0.0027436
17.84	0.0075627
17.85	0.0096579
17.86	0.010993
17.87	0.013618
17.88	0.017129
17.89	0.020873
17.9	0.024164
17.91	0.024043
17.92	0.020288
17.93	0.01548
17.94	0.010417
17.95	0.0055233
17.96	0.0013204
17.97	-0.0027619
17.98	-0.0067622
17.99	-0.0099679
18	-0.01293
18.01	-0.015925
18.02	-0.017642
18.03	-0.017515
18.04	-0.015801
18.05	-0.012806
18.06	-0.0089126
18.07	-0.0044606
18.08	-0.0008361
18.09	0.0015987
18.1	0.0044621
18.11	0.0080009
18.12	0.010534
18.13	0.011071
18.14	0.010197
18.15	0.0087382
18.16	0.0084641
18.17	0.0099588
18.18	0.012233
18.19	0.014506
18.2	0.015276
18.21	0.014954
18.22	0.014933
18.23	0.014774
18.24	0.015275
18.25	0.017678
18.26	0.019743
18.27	0.019342
18.28	0.017346
18.29	0.015366
18.3	0.013719
18.31	0.011649
18.32	0.010212
18.33	0.0096797
18.34	0.0071458
18.35	0.0020658
18.36	-0.0026601
18.37	-0.0040227
18.38	-0.0017216
18.39	0.00060534
18.4	-0.00030558
18.41	-0.0032698
18.42	-0.0047341
18.43	-0.0044121
18.44	-0.0043799
18.45	-0.0043257
18.46	-0.0034629
18.47	-0.0032723
18.48	-0.0051937
18.49	-0.0084909
18.5	-0.011635
18.51	-0.013434
18.52	-0.013625
18.53	-0.013274
18.54	-0.013628
18.55	-0.015095
18.56	-0.016559
18.57	-0.017067
18.58	-0.017013
18.59	-0.01676
18.6	-0.01661
18.61	-0.016243
18.62	-0.014537
18.63	-0.012155
18.64	-0.0097233
18.65	-0.0072628
18.66	-0.0069013
18.67	-0.0085603
18.68	-0.0097062
18.69	-0.010298
18.7	-0.011416
18.71	-0.013603
18.72	-0.017074
18.73	-0.020383
18.74	-0.021404
18.75	-0.019736
18.76	-0.017906
18.77	-0.018559
18.78	-0.020821
18.79	-0.022351
18.8	-0.021905
18.81	-0.019585
18.82	-0.01686
18.83	-0.015638
18.84	-0.016282
18.85	-0.017406
18.86	-0.017824
18.87	-0.016796
18.88	-0.014234
18.89	-0.010849
18.9	-0.0085494
18.91	-0.0092315
18.92	-0.011277
18.93	-0.011234
18.94	-0.0085059
18.95	-0.0045035
18.96	0.00046348
18.97	0.0058479
18.98	0.009814
18.99	0.010969
19	0.010475
19.01	0.011167
19.02	0.013693
19.03	0.015432
19.04	0.015437
19.05	0.014526
19.06	0.012363
19.07	0.010212
19.08	0.0093859
19.09	0.010364
19.1	0.012913
19.11	0.015489
19.12	0.017859
19.13	0.019358
19.14	0.019343
19.15	0.018992
19.16	0.019335
19.17	0.020229
19.18	0.020132
19.19	0.019255
19.2	0.019192
19.21	0.019409
19.22	0.020022
19.23	0.02198
19.24	0.024239
19.25	0.025988
19.26	0.026433
19.27	0.025147
19.28	0.025532
19.29	0.0285
19.3	0.029947
19.31	0.029518
19.32	0.029608
19.33	0.029947
19.34	0.028781
19.35	0.025404
19.36	0.021541
19.37	0.018617
19.38	0.015587
19.39	0.011974
19.4	0.0071618
19.41	0.00045063
19.42	-0.00551
19.43	-0.0092649
19.44	-0.011647
19.45	-0.012427
19.46	-0.012498
19.47	-0.012707
19.48	-0.01267
19.49	-0.013159
19.5	-0.014946
19.51	-0.017569
19.52	-0.020605
19.53	-0.023779
19.54	-0.026921
19.55	-0.028743
19.56	-0.027396
19.57	-0.024668
19.58	-0.023656
19.59	-0.024464
19.6	-0.024737
19.61	-0.023485
19.62	-0.02283
19.63	-0.022935
19.64	-0.02222
19.65	-0.021383
19.66	-0.021168
19.67	-0.020965
19.68	-0.020549
19.69	-0.019698
19.7	-0.018306
19.71	-0.016248
19.72	-0.013309
19.73	-0.010461
19.74	-0.0085593
19.75	-0.0077995
19.76	-0.0077047
19.77	-0.008166
19.78	-0.0094009
19.79	-0.010333
19.8	-0.010808
19.81	-0.01169
19.82	-0.011952
19.83	-0.011111
19.84	-0.010447
19.85	-0.009414
19.86	-0.0073364
19.87	-0.0047134
19.88	-0.0028302
19.89	-0.0024149
19.9	-0.001689
19.91	0.00027137
19.92	0.0020958
19.93	0.0036196
19.94	0.0053092
19.95	0.0049242
19.96	0.0026078
19.97	0.0016964
19.98	0.0015803
19.99	0.00093454
20	0.0018898
20.01	0.0047368
20.02	0.0065196
20.03	0.006467
20.04	0.0063574
20.05	0.0066033
20.06	0.006671
20.07	0.0066678
20.08	0.006671
20.09	0.0069555
20.1	0.0080398
20.11	0.0094342
20.12	0.010755
20.13	0.011778
20.14	0.012899
20.15	0.015386
20.16	0.017426
20.17	0.017965
20.18	0.01933
20.19	0.02149
20.2	0.022883
20.21	0.022918
20.22	0.020589
20.23	0.016028
20.24	0.012576
20.25	0.012567
20.26	0.014002
20.27	0.015736
20.28	0.018684
20.29	0.021151
20.3	0.021753
20.31	0.021393
20.32	0.020574
20.33	0.021099
20.34	0.02362
20.35	0.02631
20.36	0.028715
20.37	0.029144
20.38	0.025923
20.39	0.020969
20.4	0.01673
20.41	0.01411
20.42	0.012608
20.43	0.012127
20.44	0.013417
20.45	0.01522
20.46	0.016658
20.47	0.018159
20.48	0.018158
20.49	0.016937
20.5	0.016056
20.51	0.014502
20.52	0.012017
20.53	0.0092922
20.54	0.0067785
20.55	0.0045852
20.56	0.0023632
20.57	0.00019813
20.58	-0.0026783
20.59	-0.0059384
20.6	-0.0073882
20.61	-0.0078915
20.62	-0.010189
20.63	-0.013691
20.64	-0.016716
20.65	-0.019201
20.66	-0.021049
20.67	-0.021726
20.68	-0.021708
20.69	-0.021304
20.7	-0.019601
20.71	-0.017406
20.72	-0.016742
20.73	-0.017765
20.74	-0.019297
20.75	-0.019654
20.76	-0.017969
20.77	-0.016235
20.78	-0.015996
20.79	-0.016156
20.8	-0.015951
20.81	-0.014613
20.82	-0.01144
20.83	-0.0079481
20.84	-0.0061093
20.85	-0.0058085
20.86	-0.0057571
20.87	-0.0064777
20.88	-0.0085067
20.89	-0.0098962
20.9	-0.0096465
20.91	-0.0096392
20.92	-0.011419
20.93	-0.013447
20.94	-0.013869
20.95	-0.013527
20.96	-0.013402
20.97	-0.01373
20.98	-0.015178
20.99	-0.017684
21	-0.020673
21.01	-0.023545
21.02	-0.025802
21.03	-0.027072
21.04	-0.027339
21.05	-0.026734
21.06	-0.025407
21.07	-0.024304
21.08	-0.024005
21.09	-0.023653
21.1	-0.021512
21.11	-0.018122
21.12	-0.01552
21.13	-0.013236
21.14	-0.010252
21.15	-0.0069038
21.16	-0.0037447
21.17	-0.001431
21.18	0.00020336
21.19	0.0015253
21.2	0.0020407
21.21	0.0027658
21.22	0.0040334
21.23	0.0044675
21.24	0.0050335
21.25	0.0063723
21.26	0.0074824
21.27	0.0089317
21.28	0.010689
21.29	0.010723
21.3	0.0081468
21.31	0.0047757
21.32	0.0034051
21.33	0.0040416
21.34	0.0044653
21.35	0.0049572
21.36	0.0064935
21.37	0.0085095
21.38	0.0109
21.39	0.013092
21.4	0.014066
21.41	0.013656
21.42	0.012398
21.43	0.011651
21.44	0.011774
21.45	0.01189
21.46	0.012726
21.47	0.014872
21.48	0.017082
21.49	0.018625
21.5	0.019567
21.51	0.020156
21.52	0.020088
21.53	0.018971
21.54	0.017275
21.55	0.015056
21.56	0.01271
21.57	0.011009
21.58	0.0098298
21.59	0.010162
21.6	0.012198
21.61	0.013322
21.62	0.013157
21.63	0.013874
21.64	0.015838
21.65	0.017667
21.66	0.0184
21.67	0.018561
21.68	0.018355
21.69	0.016277
21.7	0.012792
21.71	0.010269
21.72	0.0085195
21.73	0.0072445
21.74	0.008043
21.75	0.0096157
21.76	0.0088391
21.77	0.00652
21.78	0.00488
21.79	0.003307
21.8	0.00094298
21.81	-0.0015175
21.82	-0.0033647
21.83	-0.0049604
21.84	-0.0068347
21.85	-0.0087521
21.86	-0.011041
21.87	-0.014261
21.88	-0.018471
21.89	-0.023005
21.9	-0.02694
21.91	-0.030812
21.92	-0.034761
21.93	-0.037756
21.94	-0.039769
21.95	-0.041547
21.96	-0.043209
21.97	-0.043767
21.98	-0.042532
21.99	-0.040091
22	-0.03769
22.01	-0.036246
22.02	-0.035733
22.03	-0.035215
22.04	-0.034036
22.05	-0.03273
22.06	-0.031585
22.07	-0.030368
22.08	-0.029141
22.09	-0.026977
22.1	-0.023329
22.11	-0.019811
22.12	-0.016965
22.13	-0.014427
22.14	-0.012454
22.15	-0.010294
22.16	-0.0076685
22.17	-0.0057735
22.18	-0.004926
22.19	-0.0050548
22.2	-0.0055885
22.21	-0.0052567
22.22	-0.0047073
22.23	-0.005121
22.24	-0.0061601
22.25	-0.0063595
22.26	-0.005316
22.27	-0.0041826
22.28	-0.0021704
22.29	0.00083238
22.3	0.0025534
22.31	0.0031398
22.32	0.0049575
22.33	0.0082935
22.34	0.011481
22.35	0.013883
22.36	0.016249
22.37	0.018651
22.38	0.019564
22.39	0.01933
22.4	0.01938
22.41	0.019526
22.42	0.019848
22.43	0.020681
22.44	0.022228
22.45	0.023954
22.46	0.024685
22.47	0.025745
22.48	0.028139
22.49	0.029596
22.5	0.029464
22.51	0.029375
22.52	0.029627
22.53	0.029974
22.54	0.030316
22.55	0.031065
22.56	0.032991
22.57	0.034564
22.58	0.034
22.59	0.032436
22.6	0.031883
22.61	0.032061
22.62	0.0326
22.63	0.033595
22.64	0.033486
22.65	0.032362
22.66	0.031986
22.67	0.03212
22.68	0.031077
22.69	0.028344
22.7	0.024656
22.71	0.02071
22.72	0.016493
22.73	0.012525
22.74	0.010751
22.75	0.010964
22.76	0.011136
22.77	0.011124
22.78	0.010839
22.79	0.009038
22.8	0.0069672
22.81	0.0073963
22.82	0.0087417
22.83	0.0085687
22.84	0.0081583
22.85	0.0070122
22.86	0.0042474
22.87	0.0012947
22.88	-0.0012064
22.89	-0.0034969
22.9	-0.0059384
22.91	-0.0077957
22.92	-0.0094515
22.93	-0.011448
22.94	-0.012249
22.95	-0.011998
22.96	-0.011942
22.97	-0.011853
22.98	-0.011991
22.99	-0.013601
23	-0.01576
23.01	-0.016541
23.02	-0.017164
23.03	-0.019147
23.04	-0.021275
23.05	-0.022541
23.06	-0.023445
23.07	-0.024707
23.08	-0.026245
23.09	-0.027853
23.1	-0.029362
23.11	-0.031214
23.12	-0.033765
23.13	-0.035757
23.14	-0.037313
23.15	-0.038755
23.16	-0.038227
23.17	-0.036048
23.18	-0.034273
23.19	-0.032563
23.2	-0.029786
23.21	-0.026051
23.22	-0.02285
23.23	-0.0209
23.24	-0.018639
23.25	-0.016273
23.26	-0.014932
23.27	-0.013244
23.28	-0.011552
23.29	-0.010999
23.3	-0.0096485
23.31	-0.0073952
23.32	-0.0056943
23.33	-0.0033139
23.34	0.00026361
23.35	0.0041701
23.36	0.0074066
23.37	0.0086721
23.38	0.0086062
23.39	0.0087001
23.4	0.0096916
23.41	0.011831
23.42	0.013715
23.43	0.014115
23.44	0.014029
23.45	0.01425
23.46	0.014452
23.47	0.014555
23.48	0.014693
23.49	0.014718
23.5	0.015027
23.51	0.015594
23.52	0.016116
23.53	0.017755
23.54	0.019722
23.55	0.020153
23.56	0.020186
23.57	0.019775
23.58	0.017412
23.59	0.015414
23.6	0.015604
23.61	0.015919
23.62	0.015674
23.63	0.017139
23.64	0.019972
23.65	0.02107
23.66	0.020334
23.67	0.018472
23.68	0.016403
23.69	0.015194
23.7	0.013418
23.71	0.011604
23.72	0.010219
23.73	0.0077645
23.74	0.0064384
23.75	0.0080562
23.76	0.010041
23.77	0.010838
23.78	0.010463
23.79	0.0085359
23.8	0.006732
23.81	0.0065342
23.82	0.0067308
23.83	0.0066096
23.84	0.006591
23.85	0.0067462
23.86	0.0068715
23.87	0.0061735
23.88	0.0041072
23.89	0.0025451
23.9	0.0018165
23.91	-0.00028646
23.92	-0.0032603
23.93	-0.0067805
23.94	-0.011907
23.95	-0.017296
23.96	-0.021447
23.97	-0.024852
23.98	-0.02794
23.99	-0.029759
24	-0.029163
24.01	-0.027134
24.02	-0.026035
24.03	-0.026117
24.04	-0.026173
24.05	-0.026098
24.06	-0.026056
24.07	-0.025711
24.08	-0.025282
24.09	-0.024171
24.1	-0.021246
24.11	-0.018094
24.12	-0.01565
24.13	-0.012837
24.14	-0.0098743
24.15	-0.0077617
24.16	-0.0065844
24.17	-0.0047624
24.18	-0.0027156
24.19	-0.0023263
24.2	-0.0016179
24.21	0.00054484
24.22	0.00082476
24.23	-0.0011546
24.24	-0.0022642
24.25	-0.0020363
24.26	-0.0019637
24.27	-0.0011559
24.28	0.0014511
24.29	0.0032965
24.3	0.0032273
24.31	0.0024566
24.32	0.001361
24.33	0.0014768
24.34	0.0031729
24.35	0.0037315
24.36	0.0018811
24.37	-0.00057931
24.38	-0.0027471
24.39	-0.0048396
24.4	-0.0055689
24.41	-0.0045043
24.42	-0.0023712
24.43	-0.00044724
24.44	-1.1567e-05
24.45	0.00079482
24.46	0.0034029
24.47	0.0061993
24.48	0.0087924
24.49	0.010314
24.5	0.0088159
24.51	0.00629
24.52	0.005812
24.53	0.0063394
24.54	0.0062452
24.55	0.0067711
24.56	0.008448
24.57	0.0090789
24.58	0.0078132
24.59	0.0067251
24.6	0.0071829
24.61	0.0079214
24.62	0.0080499
24.63	0.0091433
24.64	0.010912
24.65	0.011813
24.66	0.013617
24.67	0.016253
24.68	0.017902
24.69	0.01986
24.7	0.022944
24.71	0.025113
24.72	0.02379
24.73	0.021144
24.74	0.019707
24.75	0.017702
24.76	0.015645
24.77	0.01388
24.78	0.011707
24.79	0.01092
24.8	0.011293
24.81	0.011292
24.82	0.01122
24.83	0.011411
24.84	0.010257
24.85	0.0077085
24.86	0.0057006
24.87	0.0037929
24.88	0.0017825
24.89	-0.00013138
24.9	-0.0018958
24.91	-0.0024961
24.92	-0.0031844
24.93	-0.0058534
24.94	-0.0093381
24.95	-0.011541
24.96	-0.012454
24.97	-0.013776
24.98	-0.015624
24.99	-0.016534
25	-0.016421
25.01	-0.016358
25.02	-0.016198
25.03	-0.015828
25.04	-0.015059
25.05	-0.01297
25.06	-0.011465
25.07	-0.011662
25.08	-0.011988
25.09	-0.011569
25.1	-0.0095959
25.11	-0.007304
25.12	-0.0074926
25.13	-0.0095103
25.14	-0.011123
25.15	-0.011769
25.16	-0.011782
25.17	-0.011747
25.18	-0.011963
25.19	-0.011713
25.2	-0.0097046
25.21	-0.0071777
25.22	-0.006853
25.23	-0.0086807
25.24	-0.010016
25.25	-0.008743
25.26	-0.0068354
25.27	-0.0061282
25.28	-0.0042691
25.29	-0.0016046
25.3	-0.0010651
25.31	-0.0009726
25.32	0.0010729
25.33	0.0033074
25.34	0.0042197
25.35	0.0045038
25.36	0.0048139
25.37	0.0057227
25.38	0.0076215
25.39	0.0092518
25.4	0.0097237
25.41	0.010161
25.42	0.010731
25.43	0.010904
25.44	0.011007
25.45	0.011277
25.46	0.01114
25.47	0.0096026
25.48	0.0075324
25.49	0.0067749
25.5	0.006971
25.51	0.007018
25.52	0.0069787
25.53	0.0070549
25.54	0.0071487
25.55	0.0070754
25.56	0.0075371
25.57	0.00849
25.58	0.00819
25.59	0.0072944
25.6	0.0062814
25.61	0.0030919
25.62	-0.00078979
25.63	-0.0027001
25.64	-0.0044451
25.65	-0.0065823
25.66	-0.0080537
25.67	-0.0098298
25.68	-0.011231
25.69	-0.012042
25.7	-0.012994
25.71	-0.012846
25.72	-0.01181
25.73	-0.011259
25.74	-0.011329
25.75	-0.011699
25.76	-0.012547
25.77	-0.014534
25.78	-0.016405
25.79	-0.016718
25.8	-0.01656
25.81	-0.016689
25.82	-0.016839
25.83	-0.016574
25.84	-0.015066
25.85	-0.013028
25.86	-0.011133
25.87	-0.008827
25.88	-0.0063373
25.89	-0.0038391
25.9	-0.0025076
25.91	-0.0023559
25.92	-0.0012696
25.93	0.00069727
25.94	0.0020707
25.95	0.0022259
25.96	0.0029673
25.97	0.0055725
25.98	0.0073372
25.99	0.0072429
26	0.0068119
26.01	0.0058876
26.02	0.0044913
26.03	0.0031407
26.04	0.00227
26.05	0.0025696
26.06	0.003016
26.07	0.0022216
26.08	8.6704e-05
26.09	-0.0020389
26.1	-0.0035111
26.11	-0.0059107
26.12	-0.0074883
26.13	-0.0054841
26.14	-0.0027427
26.15	-0.0024391
26.16	-0.0019779
26.17	0.0013089
26.18	0.0049393
26.19	0.0075673
26.2	0.01183
26.21	0.016631
26.22	0.01732
26.23	0.014583
26.24	0.012951
26.25	0.013351
26.26	0.013748
26.27	0.013729
26.28	0.013964
26.29	0.014321
26.3	0.014592
26.31	0.014809
26.32	0.015022
26.33	0.015272
26.34	0.015507
26.35	0.015703
26.36	0.015909
26.37	0.016079
26.38	0.016208
26.39	0.016425
26.4	0.016527
26.41	0.015444
26.42	0.013197
26.43	0.011921
26.44	0.012114
26.45	0.012273
26.46	0.012093
26.47	0.012172
26.48	0.012748
26.49	0.013524
26.5	0.013777
26.51	0.01314
26.52	0.012355
26.53	0.01196
26.54	0.011559
26.55	0.011696
26.56	0.0115
26.57	0.010003
26.58	0.0090644
26.59	0.0085162
26.6	0.0071706
26.61	0.0048425
26.62	0.0026288
26.63	0.0022831
26.64	0.0026133
26.65	0.0025509
26.66	0.0023728
26.67	0.00068716
26.68	-0.0018353
26.69	-0.0022979
26.7	-0.0029751
26.71	-0.0057052
26.72	-0.0073593
26.73	-0.0086732
26.74	-0.011933
26.75	-0.015134
26.76	-0.017407
26.77	-0.019676
26.78	-0.020853
26.79	-0.022105
26.8	-0.024447
26.81	-0.025265
26.82	-0.02473
26.83	-0.024766
26.84	-0.024551
26.85	-0.022943
26.86	-0.020816
26.87	-0.019488
26.88	-0.019274
26.89	-0.018993
26.9	-0.017678
26.91	-0.016068
26.92	-0.014626
26.93	-0.013598
26.94	-0.013353
26.95	-0.013334
26.96	-0.013041
26.97	-0.013307
26.98	-0.014455
26.99	-0.015667
27	-0.016592
27.01	-0.017197
27.02	-0.018588
27.03	-0.020661
27.04	-0.021424
27.05	-0.02117
27.06	-0.021173
27.07	-0.021287
27.08	-0.02126
27.09	-0.021333
27.1	-0.020335
27.11	-0.017735
27.12	-0.01503
27.13	-0.01286
27.14	-0.01167
27.15	-0.010006
27.16	-0.0074938
27.17	-0.0067964
27.18	-0.0059248
27.19	-0.0032601
27.2	-0.00222
27.21	-0.0015858
27.22	0.0011735
27.23	0.0028278
27.24	0.0024767
27.25	0.0024148
27.26	0.0026723
27.27	0.0027052
27.28	0.0027468
27.29	0.0028889
27.3	0.0037591
27.31	0.0060007
27.32	0.0078879
27.33	0.0087897
27.34	0.011024
27.35	0.013618
27.36	0.014074
27.37	0.013918
27.38	0.01575
27.39	0.018641
27.4	0.019938
27.41	0.021009
27.42	0.023497
27.43	0.025149
27.44	0.025215
27.45	0.025278
27.46	0.025585
27.47	0.025678
27.48	0.025722
27.49	0.025874
27.5	0.026012
27.51	0.026076
27.52	0.02617
27.53	0.026306
27.54	0.026566
27.55	0.026201
27.56	0.024076
27.57	0.021859
27.58	0.020266
27.59	0.017986
27.6	0.016717
27.61	0.017015
27.62	0.017107
27.63	0.016953
27.64	0.01716
27.65	0.016558
27.66	0.014332
27.67	0.012743
27.68	0.012753
27.69	0.013371
27.7	0.015095
27.71	0.0165
27.72	0.014932
27.73	0.012625
27.74	0.011681
27.75	0.0094509
27.76	0.0054602
27.77	0.0022343
27.78	5.1474e-05
27.79	-0.0025045
27.8	-0.0057281
27.81	-0.0088493
27.82	-0.012048
27.83	-0.01504
27.84	-0.016807
27.85	-0.018283
27.86	-0.019855
27.87	-0.020627
27.88	-0.020806
27.89	-0.020747
27.9	-0.020585
27.91	-0.020446
27.92	-0.020257
27.93	-0.020086
27.94	-0.019887
27.95	-0.019579
27.96	-0.019352
27.97	-0.019232
27.98	-0.018886
27.99	-0.019072
28	-0.020636
28.01	-0.022162
28.02	-0.022584
28.03	-0.022498
28.04	-0.022479
28.05	-0.022095
28.06	-0.020224
28.07	-0.017802
28.08	-0.016865
28.09	-0.016963
28.1	-0.016802
28.11	-0.016712
28.12	-0.016297
28.13	-0.014332
28.14	-0.011311
28.15	-0.0084334
28.16	-0.0069413
28.17	-0.0057222
28.18	-0.0033189
28.19	-0.0017858
28.2	-0.00033003
28.21	0.0020264
28.22	0.0034656
28.23	0.0051315
28.24	0.0069778
28.25	0.0075287
28.26	0.0079055
28.27	0.0096095
28.28	0.011729
28.29	0.012237
28.3	0.011897
28.31	0.012008
28.32	0.012126
28.33	0.01217
28.34	0.012092
28.35	0.010375
28.36	0.0079322
28.37	0.0065149
28.38	0.004352
28.39	0.002419
28.4	0.0025141
28.41	0.0028359
28.42	0.0026153
28.43	0.0025129
28.44	0.0025786
28.45	0.0025902
28.46	0.002514
28.47	0.0026126
28.48	0.0032411
28.49	0.0037345
28.5	0.0032236
28.51	0.0025765
28.52	0.002651
28.53	0.0028229
28.54	0.0027612
28.55	0.0027596
28.56	0.0028236
28.57	0.0029593
28.58	0.0024803
28.59	0.001467
28.6	0.0018177
28.61	0.004087
28.62	0.0067403
28.63	0.0077969
28.64	0.0077079
28.65	0.0072405
28.66	0.0054447
28.67	0.0040641
28.68	0.0041688
28.69	0.0039523
28.7	0.0043833
28.71	0.0053939
28.72	0.0044106
28.73	0.0028712
28.74	0.0027814
28.75	0.0030547
28.76	0.0029859
28.77	0.0030085
28.78	0.0031294
28.79	0.0031396
28.8	0.0031677
28.81	0.0032657
28.82	0.0034048
28.83	0.0036572
28.84	0.0038321
28.85	0.0025484
28.86	4.2406e-05
28.87	-0.0021462
28.88	-0.0042563
28.89	-0.0066032
28.9	-0.0086986
28.91	-0.0095676
28.92	-0.010441
28.93	-0.012072
28.94	-0.012228
28.95	-0.010397
28.96	-0.0086483
28.97	-0.0072095
28.98	-0.0045757
28.99	-0.0026138
29	-0.0026336
29.01	-0.0021417
29.02	-0.0002033
29.03	0.0016371
29.04	0.0025324
29.05	0.0027682
29.06	0.0028082
29.07	0.0026938
29.08	0.0034099
29.09	0.0061358
29.1	0.0096921
29.11	0.012049
29.12	0.012537
29.13	0.012348
29.14	0.012415
29.15	0.012493
29.16	0.012466
29.17	0.012395
29.18	0.012229
29.19	0.013083
29.2	0.015658
29.21	0.017385
29.22	0.017283
29.23	0.016867
29.24	0.01525
29.25	0.01285
29.26	0.012262
29.27	0.011393
29.28	0.0087059
29.29	0.006545
29.3	0.0046084
29.31	0.0020869
29.32	-0.00025444
29.33	-0.0021423
29.34	-0.0044923
29.35	-0.0064507
29.36	-0.0074755
29.37	-0.0095928
29.38	-0.012021
29.39	-0.013905
29.4	-0.015587
29.41	-0.016135
29.42	-0.015883
29.43	-0.015824
29.44	-0.017308
29.45	-0.020082
29.46	-0.021145
29.47	-0.020694
29.48	-0.02073
29.49	-0.020924
29.5	-0.02093
29.51	-0.020582
29.52	-0.019379
29.53	-0.017636
29.54	-0.016307
29.55	-0.016023
29.56	-0.016066
29.57	-0.015733
29.58	-0.015319
29.59	-0.013925
29.6	-0.011949
29.61	-0.011064
29.62	-0.0094345
29.63	-0.0069738
29.64	-0.0064018
29.65	-0.0068306
29.66	-0.0066808
29.67	-0.0065092
29.68	-0.0065118
29.69	-0.0051426
29.7	-0.001967
29.71	0.00082583
29.72	0.0023931
29.73	0.002996
29.74	0.0030063
29.75	0.0035637
29.76	0.0042554
29.77	0.0043454
29.78	0.0044543
29.79	0.0048296
29.8	0.0051439
29.81	0.005398
29.82	0.0045623
29.83	0.0022332
29.84	0.00097579
29.85	0.001443
29.86	0.0017724
29.87	0.0018312
29.88	0.0019524
29.89	0.0026225
29.9	0.0047131
29.91	0.0068227
29.92	0.0074683
29.93	0.0082626
29.94	0.010713
29.95	0.012411
29.96	0.010863
29.97	0.0084054
29.98	0.0078181
29.99	0.0082098
30	0.007875
30.01	0.0071848
30.02	0.0071653
30.03	0.0063661
30.04	0.0041631
30.05	0.0029965
30.06	0.0032237
30.07	0.0032607
30.08	0.0030633
30.09	0.0028997
30.1	0.0033582
30.11	0.0053074
30.12	0.0070281
30.13	0.0071876
30.14	0.0069314
30.15	0.0063068
30.16	0.0047414
30.17	0.003305
30.18	0.0027655
30.19	0.0013987
30.2	-0.00096697
30.21	-0.0018588
30.22	-0.0019138
30.23	-0.0038899
30.24	-0.0063434
30.25	-0.006672
30.26	-0.0070564
30.27	-0.0094195
30.28	-0.011346
30.29	-0.011455
30.3	-0.011943
30.31	-0.012847
30.32	-0.012104
30.33	-0.010993
30.34	-0.01016
30.35	-0.0082698
30.36	-0.0066805
30.37	-0.0066567
30.38	-0.0069388
30.39	-0.0062424
30.4	-0.0042461
30.41	-0.0024774
30.42	-0.0019346
30.43	-0.00031933
30.44	0.0022737
30.45	0.0028541
30.46	0.0032392
30.47	0.0058274
30.48	0.0075658
30.49	0.0074492
30.5	0.0086166
30.51	0.010948
30.52	0.012026
30.53	0.012054
30.54	0.012071
30.55	0.012145
30.56	0.012283
30.57	0.01118
30.58	0.0084053
30.59	0.0071766
30.6	0.0081615
30.61	0.0096678
30.62	0.011441
30.63	0.012244
30.64	0.012603
30.65	0.013539
30.66	0.014044
30.67	0.014116
30.68	0.013472
30.69	0.013066
30.7	0.014952
30.71	0.017105
30.72	0.017405
30.73	0.016509
30.74	0.014459
30.75	0.012549
30.76	0.011186
30.77	0.0082837
30.78	0.0048213
30.79	0.0027599
30.8	0.00099008
30.81	-0.0010129
30.82	-0.0017119
30.83	-0.0016254
30.84	-0.0023977
30.85	-0.0032887
30.86	-0.0032425
30.87	-0.0030908
30.88	-0.0043283
30.89	-0.0060674
30.9	-0.0063399
30.91	-0.0059648
30.92	-0.0062587
30.93	-0.0072883
30.94	-0.0089286
30.95	-0.0098725
30.96	-0.009692
30.97	-0.0099689
30.98	-0.010599
30.99	-0.011425
31	-0.013305
31.01	-0.014763
31.02	-0.014744
31.03	-0.015354
31.04	-0.017548
31.05	-0.019079
31.06	-0.018951
31.07	-0.018636
31.08	-0.018662
31.09	-0.017318
31.1	-0.014498
31.11	-0.012896
31.12	-0.012548
31.13	-0.011527
31.14	-0.0095374
31.15	-0.0078419
31.16	-0.0075652
31.17	-0.0073431
31.18	-0.0054402
31.19	-0.0030301
31.2	-0.0021437
31.21	-0.0022641
31.22	-0.0023055
31.23	-0.0016869
31.24	0.00060776
31.25	0.002926
31.26	0.0031633
31.27	0.0028579
31.28	0.0031252
31.29	0.0032268
31.3	0.0031389
31.31	0.0031305
31.32	0.0030686
31.33	0.0032402
31.34	0.0040618
31.35	0.0047337
31.36	0.0043883
31.37	0.0035265
31.38	0.0030422
31.39	0.0030543
31.4	0.0030984
31.41	0.0030546
31.42	0.0029737
31.43	0.0029807
31.44	0.0035627
31.45	0.0047041
31.46	0.0062591
31.47	0.0076202
31.48	0.0078129
31.49	0.0075891
31.5	0.0076959
31.51	0.0077469
31.52	0.0076964
31.53	0.0076912
31.54	0.0077156
31.55	0.0076853
31.56	0.0077874
31.57	0.0082746
31.58	0.0082356
31.59	0.0079494
31.6	0.0097874
31.61	0.012372
31.62	0.012798
31.63	0.012382
31.64	0.012745
31.65	0.012401
31.66	0.010244
31.67	0.0085072
31.68	0.00764
31.69	0.0053337
31.7	0.0033194
31.71	0.00285
31.72	0.00096251
31.73	-0.0023922
31.74	-0.0050895
31.75	-0.0061789
31.76	-0.0063454
31.77	-0.0080639
31.78	-0.010623
31.79	-0.011146
31.8	-0.010899
31.81	-0.012081
31.82	-0.013318
31.83	-0.013958
31.84	-0.015162
31.85	-0.01594
31.86	-0.015662
31.87	-0.016019
31.88	-0.018012
31.89	-0.020098
31.9	-0.020622
31.91	-0.019876
31.92	-0.0184
31.93	-0.016873
31.94	-0.015235
31.95	-0.01272
31.96	-0.010694
31.97	-0.0105
31.98	-0.010637
31.99	-0.0093734
32	-0.0070335
32.01	-0.0055524
32.02	-0.0053814
32.03	-0.0039267
32.04	-0.0010865
32.05	7.5075e-05
32.06	-0.00013633
32.07	0.0001117
32.08	0.00046605
32.09	0.00045397
32.1	0.00048001
32.11	0.0016401
32.12	0.0036836
32.13	0.0049925
32.14	0.0055099
32.15	0.0063963
32.16	0.0087222
32.17	0.011069
32.18	0.011471
32.19	0.012464
32.2	0.015333
32.21	0.016829
32.22	0.016575
32.23	0.016594
32.24	0.016921
32.25	0.017026
32.26	0.016182
32.27	0.014088
32.28	0.012499
32.29	0.012677
32.3	0.012167
32.31	0.0093887
32.32	0.0075351
32.33	0.0078924
32.34	0.0077909
32.35	0.006754
32.36	0.0067578
32.37	0.0076939
32.38	0.007956
32.39	0.0077587
32.4	0.0078142
32.41	0.0078954
32.42	0.0078604
32.43	0.0078447
32.44	0.0078897
32.45	0.0078208
32.46	0.0071394
32.47	0.0058406
32.48	0.0050798
32.49	0.0045865
32.5	0.003478
32.51	0.0030861
32.52	0.0029516
32.53	0.0015854
32.54	0.0005456
32.55	0.00081405
32.56	0.0006449
32.57	-0.00076118
32.58	-0.0029247
32.59	-0.0053657
32.6	-0.006499
32.61	-0.0062992
32.62	-0.0062627
32.63	-0.0064168
32.64	-0.0064047
32.65	-0.0063816
32.66	-0.0064133
32.67	-0.0064217
32.68	-0.006474
32.69	-0.0065646
32.7	-0.0053352
32.71	-0.0024961
32.72	-0.0019736
32.73	-0.0040817
32.74	-0.0037526
32.75	-0.0016876
32.76	-0.0013236
32.77	-0.00065989
32.78	0.0018109
32.79	0.0032832
32.8	0.0026113
32.81	0.0023744
32.82	0.0031872
32.83	0.0033556
32.84	0.0030929
32.85	0.0031528
32.86	0.0032717
32.87	0.0032826
32.88	0.0032984
32.89	0.0032821
32.9	0.0026034
32.91	0.00093278
32.92	-0.00067314
32.93	-0.001221
32.94	-0.0011346
32.95	-0.00093248
32.96	-0.0014978
32.97	-0.0035426
32.98	-0.0052895
32.99	-0.0055505
33	-0.0053316
33.01	-0.0052626
33.02	-0.0051983
33.03	-0.0049763
33.04	-0.0049077
33.05	-0.0054823
33.06	-0.0060668
33.07	-0.0063115
33.08	-0.0075939
33.09	-0.0085373
33.1	-0.0063992
33.11	-0.003795
33.12	-0.0035521
33.13	-0.0037775
33.14	-0.0033447
33.15	-0.0031203
33.16	-0.0031273
33.17	-0.0031344
33.18	-0.0026723
33.19	-0.0013488
33.2	0.00013497
33.21	0.0015741
33.22	0.0015147
33.23	-0.00091769
33.24	-0.0024025
33.25	-0.0020121
33.26	-0.001882
33.27	-0.0019434
33.28	-0.0021001
33.29	-0.0028297
33.3	-0.0034101
33.31	-0.0030845
33.32	-0.0019285
33.33	-0.0016637
33.34	-0.0027447
33.35	-0.0033362
33.36	-0.0035112
33.37	-0.0038593
33.38	-0.0039349
33.39	-0.0041464
33.4	-0.0049404
33.41	-0.0058854
33.42	-0.0057437
33.43	-0.0047486
33.44	-0.0046064
33.45	-0.0047571
33.46	-0.0050255
33.47	-0.0059172
33.48	-0.0062239
33.49	-0.0059277
33.5	-0.0065949
33.51	-0.0079964
33.52	-0.0074383
33.53	-0.0053819
33.54	-0.004523
33.55	-0.0024873
33.56	0.0011429
33.57	0.0010154
33.58	-0.0015237
33.59	-0.0017584
33.6	-0.00063732
33.61	0.00039912
33.62	0.0011499
33.63	0.0021145
33.64	0.0033585
33.65	0.0036803
33.66	0.0034683
33.67	0.003525
33.68	0.003582
33.69	0.003497
33.7	0.0037898
33.71	0.004135
33.72	0.0036823
33.73	0.0032788
33.74	0.0033881
33.75	0.003362
33.76	0.0035654
33.77	0.0040815
33.78	0.0042646
33.79	0.0046095
33.8	0.0046164
33.81	0.0035673
33.82	0.0031755
33.83	0.0039653
33.84	0.0049192
33.85	0.005257
33.86	0.0052294
33.87	0.005342
33.88	0.0045386
33.89	0.0035642
33.9	0.0037409
33.91	0.0041198
33.92	0.0041677
33.93	0.0042634
33.94	0.0044927
33.95	0.0047
33.96	0.0048914
33.97	0.0051037
33.98	0.0053053
33.99	0.0055953
34	0.0059196
34.01	0.0053811
34.02	0.0034669
34.03	0.0018744
34.04	0.0019199
34.05	0.0023728
34.06	0.002532
34.07	0.002368
34.08	0.00052964
34.09	-0.0014275
34.1	-0.00025025
34.11	0.0021073
34.12	0.0026413
34.13	0.0017248
34.14	0.00030643
34.15	-0.00055489
34.16	-3.9798e-05
34.17	0.00078019
34.18	0.0013049
34.19	0.0024826
34.2	0.0037921
34.21	0.0032347
34.22	0.00053923
34.23	-0.0013238
34.24	-0.0014749
34.25	-0.0024622
34.26	-0.0044853
34.27	-0.0058978
34.28	-0.0061685
34.29	-0.0060511
34.3	-0.0061276
34.31	-0.0060191
34.32	-0.0062481
34.33	-0.0082743
34.34	-0.010711
34.35	-0.011053
34.36	-0.010881
34.37	-0.012459
34.38	-0.014425
34.39	-0.015235
34.4	-0.015653
34.41	-0.01562
34.42	-0.014151
34.43	-0.012343
34.44	-0.011501
34.45	-0.011172
34.46	-0.01032
34.47	-0.0082937
34.48	-0.0062827
34.49	-0.0057447
34.5	-0.0055527
34.51	-0.0041197
34.52	-0.002349
34.53	-0.0015873
34.54	-0.0014578
34.55	-0.0013581
34.56	-0.0013218
34.57	-0.00091447
34.58	-0.00048166
34.59	-0.00053188
34.6	0.00088593
34.61	0.0034771
34.62	0.0044785
34.63	0.0043171
34.64	0.0045151
34.65	0.0048674
34.66	0.0050509
34.67	0.0052337
34.68	0.0054828
34.69	0.0055433
34.7	0.0053264
34.71	0.0056526
34.72	0.0063274
34.73	0.0057908
34.74	0.0054028
34.75	0.0066837
34.76	0.0074949
34.77	0.0072913
34.78	0.0074126
34.79	0.0076759
34.8	0.0079372
34.81	0.0085236
34.82	0.0086608
34.83	0.0081564
34.84	0.0080371
34.85	0.0082475
34.86	0.0082715
34.87	0.0082112
34.88	0.0083177
34.89	0.0082654
34.9	0.0065074
34.91	0.0038353
34.92	0.0032473
34.93	0.0032892
34.94	0.0018562
34.95	0.00030418
34.96	-0.00069582
34.97	-0.00099672
34.98	-0.0010628
34.99	-0.0015794
35	-0.0015861
35.01	-0.00092638
35.02	-0.00092635
35.03	-0.0014789
35.04	-0.0014931
35.05	-0.0012145
35.06	-0.0011461
35.07	-0.0010988
35.08	-0.00093705
35.09	-0.00073249
35.1	-0.00054604
35.11	-0.00036742
35.12	-0.00027217
35.13	-8.8245e-05
35.14	0.0015619
35.15	0.0044441
35.16	0.0057995
35.17	0.005721
35.18	0.0059614
35.19	0.0062704
35.2	0.0066025
35.21	0.0073012
35.22	0.0075007
35.23	0.0071585
35.24	0.0072605
35.25	0.0075845
35.26	0.0077699
35.27	0.0077807
35.28	0.0066995
35.29	0.0049325
35.3	0.0040004
35.31	0.0036248
35.32	0.0034251
35.33	0.003465
35.34	0.0033814
35.35	0.0036102
35.36	0.0045665
35.37	0.005006
35.38	0.0041869
35.39	0.0033982
35.4	0.0034
35.41	0.0034679
35.42	0.0033006
35.43	0.0032539
35.44	0.0032632
35.45	0.0031708
35.46	0.0031114
35.47	0.0031808
35.48	0.0032106
35.49	0.0024411
35.5	0.00077786
35.51	-0.00046272
35.52	-0.001056
35.53	-0.0015717
35.54	-0.0016431
35.55	-0.0017985
35.56	-0.0030031
35.57	-0.0047245
35.58	-0.0060937
35.59	-0.0067272
35.6	-0.0076945
35.61	-0.0097016
35.62	-0.010675
35.63	-0.010655
35.64	-0.011805
35.65	-0.013477
35.66	-0.01359
35.67	-0.012329
35.68	-0.011385
35.69	-0.010895
35.7	-0.010065
35.71	-0.0088338
35.72	-0.0081602
35.73	-0.008059
35.74	-0.0077837
35.75	-0.0074375
35.76	-0.0072405
35.77	-0.0069145
35.78	-0.006016
35.79	-0.0052767
35.8	-0.0046123
35.81	-0.0028071
35.82	-0.0011895
35.83	-0.0010399
35.84	-0.0011147
35.85	-0.00085287
35.86	-0.00075162
35.87	-0.00081067
35.88	-0.00081002
35.89	-0.00086089
35.9	-0.00069776
35.91	3.8389e-05
35.92	0.00095166
35.93	0.0015404
35.94	0.00089364
35.95	-0.00062109
35.96	-0.0011629
35.97	-0.0010173
35.98	-0.0011085
35.99	-0.0008197
36	0.00011992
36.01	0.00097015
36.02	0.0011797
36.03	0.00035209
36.04	-0.001027
36.05	-0.0014494
36.06	-0.0011854
36.07	-0.0012437
36.08	-0.0014526
36.09	-0.0011303
36.1	0.0005699
36.11	0.0027937
36.12	0.0036686
36.13	0.0035357
36.14	0.0035561
36.15	0.0037625
36.16	0.0037927
36.17	0.0029064
36.18	0.0016836
36.19	0.0022894
36.2	0.0039524
36.21	0.0043869
36.22	0.0042491
36.23	0.0045063
36.24	0.0046917
36.25	0.0047407
36.26	0.0049363
36.27	0.005194
36.28	0.0053736
36.29	0.0054889
36.3	0.0056778
36.31	0.0059729
36.32	0.0061728
36.33	0.0062773
36.34	0.0064293
36.35	0.0066765
36.36	0.0068829
36.37	0.006141
36.38	0.0041153
36.39	0.0026342
36.4	0.0026358
36.41	0.0028526
36.42	0.0028117
36.43	0.0028992
36.44	0.0030406
36.45	0.0031078
36.46	0.0031324
36.47	0.0031787
36.48	0.0029686
36.49	0.0022664
36.5	0.00095084
36.51	-0.00070022
36.52	-0.0013378
36.53	-0.0015245
36.54	-0.002978
36.55	-0.0042743
36.56	-0.0044176
36.57	-0.0050573
36.58	-0.0062025
36.59	-0.0066967
36.6	-0.006569
36.61	-0.0061699
36.62	-0.0058264
36.63	-0.0058928
36.64	-0.0055401
36.65	-0.0042509
36.66	-0.0034777
36.67	-0.0036243
36.68	-0.0036754
36.69	-0.0039547
36.7	-0.0036832
36.71	-0.002535
36.72	-0.0035639
36.73	-0.00568
36.74	-0.0057804
36.75	-0.0053021
36.76	-0.0053873
36.77	-0.0053704
36.78	-0.0052168
36.79	-0.0051191
36.8	-0.0050173
36.81	-0.0048895
36.82	-0.0048218
36.83	-0.0044952
36.84	-0.0033296
36.85	-0.0020849
36.86	-0.0023285
36.87	-0.0035419
36.88	-0.0039086
36.89	-0.0035001
36.9	-0.0032094
36.91	-0.0032814
36.92	-0.0040553
36.93	-0.0048145
36.94	-0.0049988
36.95	-0.0051283
36.96	-0.0047443
36.97	-0.0041132
36.98	-0.0039758
36.99	-0.0032975
37	-0.0019264
37.01	-0.0014043
37.02	-0.00073099
37.03	0.0015446
37.04	0.0031624
37.05	0.0031194
37.06	0.0033541
37.07	0.0037695
37.08	0.0033949
37.09	0.0031482
37.1	0.0033789
37.11	0.0034452
37.12	0.0028655
37.13	0.002127
37.14	0.0024919
37.15	0.0033775
37.16	0.0035089
37.17	0.0033988
37.18	0.0037045
37.19	0.0046362
37.2	0.0062033
37.21	0.0071656
37.22	0.0069605
37.23	0.0069941
37.24	0.0079428
37.25	0.0086106
37.26	0.0084605
37.27	0.0083224
37.28	0.0082523
37.29	0.0076131
37.3	0.0067763
37.31	0.0067718
37.32	0.0071
37.33	0.0068158
37.34	0.0063675
37.35	0.0060116
37.36	0.0057567
37.37	0.0056941
37.38	0.0056277
37.39	0.005599
37.4	0.0052053
37.41	0.0039456
37.42	0.0026997
37.43	0.0021325
37.44	0.0018295
37.45	0.0016804
37.46	0.001654
37.47	0.0015477
37.48	0.0018845
37.49	0.0024816
37.5	0.0020675
37.51	0.0013776
37.52	0.0014375
37.53	0.0015303
37.54	0.0014218
37.55	0.0014177
37.56	0.0015106
37.57	0.0014129
37.58	0.00072894
37.59	6.2824e-05
37.6	-7.2874e-05
37.61	-0.00059241
37.62	-0.0012938
37.63	-0.0013672
37.64	-0.0019123
37.65	-0.0033154
37.66	-0.0040523
37.67	-0.0038453
37.68	-0.0036251
37.69	-0.0037623
37.7	-0.0039788
37.71	-0.0036593
37.72	-0.0035443
37.73	-0.0044727
37.74	-0.0053476
37.75	-0.0055958
37.76	-0.0056208
37.77	-0.0055188
37.78	-0.005755
37.79	-0.0062532
37.8	-0.0061472
37.81	-0.0058495
37.82	-0.006037
37.83	-0.0061731
37.84	-0.0059892
37.85	-0.005619
37.86	-0.0051737
37.87	-0.0053148
37.88	-0.0057285
37.89	-0.0057727
37.9	-0.0060417
37.91	-0.0061057
37.92	-0.005255
37.93	-0.0044451
37.94	-0.0043189
37.95	-0.0042647
37.96	-0.0040089
37.97	-0.0038327
37.98	-0.0034006
37.99	-0.0026033
38	-0.0022082
38.01	-0.0022155
38.02	-0.0018398
38.03	-0.00093551
38.04	-1.6443e-05
38.05	0.00044827
38.06	0.00052487
38.07	0.00066372
38.08	0.00086277
38.09	0.0014355
38.1	0.0024388
38.11	0.0027769
38.12	0.0025515
38.13	0.0025264
38.14	0.0025558
38.15	0.002488
38.16	0.0024285
38.17	0.0023611
38.18	0.0024221
38.19	0.0028566
38.2	0.0035385
38.21	0.0040433
38.22	0.0037817
38.23	0.0030696
38.24	0.002782
38.25	0.0029525
38.26	0.0033631
38.27	0.003641
38.28	0.0035377
38.29	0.0034066
38.3	0.0033536
38.31	0.0029879
38.32	0.0023768
38.33	0.0018704
38.34	0.0014366
38.35	0.0012234
38.36	0.001242
38.37	0.0012058
38.38	0.00090501
38.39	0.00026769
38.4	-0.00034994
38.41	-0.00057421
38.42	-0.00053594
38.43	-0.00052077
38.44	-0.00054017
38.45	-0.00052558
38.46	-0.00050538
38.47	-0.00049951
38.48	-0.00049328
38.49	-0.00048133
38.5	-0.00047105
38.51	-0.00045909
38.52	-0.00042601
38.53	-0.00047623
38.54	-0.00070539
38.55	-0.00092866
38.56	-0.0011391
38.57	-0.0014443
38.58	-0.001712
38.59	-0.0017535
38.6	-0.0015456
38.61	-0.0013816
38.62	-0.0013474
38.63	-0.0012875
38.64	-0.0012379
38.65	-0.001083
38.66	-0.00071435
38.67	-0.00032992
38.68	-1.4676e-06
38.69	0.00020028
38.7	0.00022706
38.71	0.00027366
38.72	0.00025397
38.73	-0.00011704
38.74	-0.00055197
38.75	-0.0006125
38.76	-0.00048004
38.77	-0.00041491
38.78	-0.0003771
38.79	-0.00028196
38.8	-4.2127e-05
38.81	0.00034015
38.82	0.0006743
38.83	0.00084355
38.84	0.0010203
38.85	0.0013699
38.86	0.0016629
38.87	0.0016631
38.88	0.0015746
38.89	0.0015522
38.9	0.0015236
38.91	0.0014801
38.92	0.0014391
38.93	0.0014002
38.94	0.0012565
38.95	0.0009529
38.96	0.00068969
38.97	0.0005582
38.98	0.00048397
38.99	0.00045133
39	0.00044391
39.01	0.00043589
39.02	0.00041769
39.03	0.00039149
39.04	0.00036606
39.05	0.00034132
39.06	0.00032859
39.07	0.00028542
39.08	0.00011863
39.09	2.2162e-05
39.1	0.00015524
39.11	0.00023582
39.12	0.00018137
39.13	0.00016012
39.14	7.9366e-05
39.15	-3.6564e-05
39.16	1.5322e-05
39.17	8.8609e-05
39.18	4.959e-05
39.19	1.4283e-05
39.2	6.5125e-06
39.21	-1.5445e-05
39.22	-4.4635e-05
39.23	-6.4512e-05
39.24	-8.2773e-05
39.25	-0.00010544
39.26	-0.0001235
39.27	-0.00013551
39.28	-0.00015117
39.29	-0.00016883
39.3	-0.00018237
39.31	-0.00019492
39.32	-0.00020697
39.33	-0.00021323
39.34	-0.00025826
39.35	-0.00034903
39.36	-0.00038502
39.37	-0.00039664
39.38	-0.00045956
39.39	-0.00049017
39.4	-0.00046128
39.41	-0.00043785
39.42	-0.00042738
39.43	-0.00041169
39.44	-0.00039201
39.45	-0.00036979
39.46	-0.00036956
39.47	-0.00042337
39.48	-0.0004775
39.49	-0.00046695
39.5	-0.00042568
39.51	-0.00039429
39.52	-0.00036534
39.53	-0.00033309
39.54	-0.00030248
39.55	-0.00027477
39.56	-0.00024337
39.57	-0.00023199
39.58	-0.00026448
39.59	-0.00028199
39.6	-0.00024669
39.61	-0.00020376
39.62	-0.00017311
39.63	-0.00014223
39.64	-0.0001114
39.65	-8.4228e-05
39.66	-5.9025e-05
39.67	-3.4237e-05
39.68	-1.4203e-05
39.69	7.6598e-06
39.7	4.9959e-05
39.71	9.2093e-05
39.72	9.5464e-05
39.73	8.2021e-05
39.74	9.1668e-05
39.75	0.00010966
39.76	0.00010743
39.77	9.7692e-05
39.78	0.00010167
39.79	0.00010843
39.8	0.00010641
39.81	0.00010429
39.82	0.000104
39.83	0.00010125
39.84	9.9191e-05
39.85	9.7603e-05
39.86	9.2748e-05
39.87	8.5924e-05
39.88	7.8637e-05
39.89	7.0579e-05
39.9	6.2645e-05
39.91	5.5517e-05
39.92	4.914e-05
39.93	4.3495e-05
39.94	3.855e-05
39.95	3.432e-05
39.96	3.0838e-05
39.97	2.8074e-05
39.98	2.6017e-05
39.99	2.4664e-05
