0	7.0641e-06
0.01	2.9752e-05
0.02	6.2176e-05
0.03	4.4025e-05
0.04	5.3878e-05
0.05	5.6675e-05
0.06	8.7884e-05
0.07	9.9292e-05
0.08	0.00018351
0.09	0.00019471
0.1	0.00014219
0.11	0.00020007
0.12	0.00014238
0.13	9.2693e-05
0.14	0.00015877
0.15	0.0001625
0.16	0.00011183
0.17	-3.119e-05
0.18	0.00027663
0.19	0.00031814
0.2	0.00029632
0.21	0.00033287
0.22	0.00019959
0.23	-5.9427e-05
0.24	0.00044606
0.25	-2.0513e-05
0.26	-0.00044689
0.27	-0.00053429
0.28	-0.0011515
0.29	-0.0014133
0.3	-0.001173
0.31	-0.0020234
0.32	-0.0015637
0.33	-0.0011092
0.34	-0.00064745
0.35	-0.00043578
0.36	-0.00037334
0.37	0.0004277
0.38	0.00035599
0.39	0.0002904
0.4	0.00034456
0.41	0.00044001
0.42	0.00036273
0.43	0.0004167
0.44	0.00040081
0.45	0.00053708
0.46	0.00034041
0.47	0.0017092
0.48	0.0013351
0.49	-7.964e-05
0.5	0.0010387
0.51	0.0030215
0.52	0.003272
0.53	0.00096667
0.54	-0.00020441
0.55	1.5742e-05
0.56	0.00013143
0.57	-0.00024648
0.58	-2.4707e-05
0.59	-0.0022178
0.6	-0.0036756
0.61	-0.0024677
0.62	0.00063449
0.63	0.00082126
0.64	0.00046093
0.65	0.00068531
0.66	0.00077003
0.67	0.0006102
0.68	0.00066752
0.69	0.00053564
0.7	0.00063428
0.71	0.00094711
0.72	0.0036764
0.73	0.0023542
0.74	0.0064674
0.75	0.010477
0.76	0.005881
0.77	-9.1082e-05
0.78	-0.0010175
0.79	-0.00026329
0.8	-0.0010016
0.81	-0.00090849
0.82	-0.00099777
0.83	-0.00074294
0.84	-0.0010075
0.85	-0.00067056
0.86	-0.00072646
0.87	-0.00047936
0.88	-0.000784
0.89	-0.00044287
0.9	-0.0008555
0.91	-0.00040523
0.92	-0.0040884
0.93	-0.0068515
0.94	-0.0060558
0.95	-0.0072086
0.96	-0.012097
0.97	-0.01171
0.98	-0.010283
0.99	-0.0056861
1	-0.001788
1.01	0.0026978
1.02	0.0042677
1.03	0.0031783
1.04	0.0077317
1.05	0.005465
1.06	0.0021415
1.07	0.0030153
1.08	0.0027856
1.09	0.002879
1.1	0.0027851
1.11	0.0037978
1.12	0.010084
1.13	0.01664
1.14	0.011411
1.15	0.0067919
1.16	0.0021611
1.17	-0.00049168
1.18	-0.00039239
1.19	-0.00048167
1.2	-0.00078522
1.21	-0.00030748
1.22	-0.00090234
1.23	-6.8876e-05
1.24	-0.003715
1.25	-0.0040753
1.26	-0.0041294
1.27	-0.0029956
1.28	-0.0057149
1.29	-0.0058761
1.3	0.00097789
1.31	0.00076715
1.32	-5.0168e-06
1.33	-0.0052227
1.34	-0.0085902
1.35	-0.012656
1.36	-0.012632
1.37	-0.011192
1.38	-0.0062955
1.39	-0.0013453
1.4	0.00039055
1.41	-0.0023122
1.42	-0.0075624
1.43	-0.0051197
1.44	-0.00089787
1.45	0.0046359
1.46	0.005137
1.47	0.0051707
1.48	0.00078026
1.49	0.0021888
1.5	0.0056256
1.51	0.0043194
1.52	0.0041758
1.53	0.00049302
1.54	-0.0079724
1.55	-0.010349
1.56	-0.0086369
1.57	-0.0089421
1.58	-0.0050937
1.59	0.00019156
1.6	-8.8721e-05
1.61	-0.0011026
1.62	-0.0064641
1.63	-0.0042061
1.64	-0.0015226
1.65	-0.0060598
1.66	-0.0056102
1.67	-0.0031254
1.68	0.00010984
1.69	-0.0038239
1.7	-0.004129
1.71	0.0023369
1.72	0.0039615
1.73	-0.00084013
1.74	0.0033035
1.75	0.0086892
1.76	0.011913
1.77	0.011287
1.78	0.01062
1.79	0.01077
1.8	0.007623
1.81	-0.001166
1.82	-0.0051206
1.83	-0.0037849
1.84	-0.0038711
1.85	-0.0038829
1.86	-0.00084906
1.87	0.0080888
1.88	0.011299
1.89	0.0099236
1.9	0.0098058
1.91	0.010078
1.92	0.0096584
1.93	0.0090502
1.94	0.0085605
1.95	0.0081193
1.96	0.0075795
1.97	0.0071739
1.98	0.0034173
1.99	-0.0052144
2	-0.0031967
2.01	0.00058649
2.02	-0.0009248
2.03	-3.222e-05
2.04	-0.00013479
2.05	0.0045067
2.06	0.0080649
2.07	0.010808
2.08	0.0066831
2.09	0.0017358
2.1	-0.0021308
2.11	-0.0023069
2.12	-0.0082669
2.13	-0.015638
2.14	-0.017635
2.15	-0.021299
2.16	-0.020702
2.17	-0.019178
2.18	-0.018216
2.19	-0.01526
2.2	-0.0060409
2.21	4.5574e-05
2.22	-0.00052169
2.23	-0.00013304
2.24	0.00046672
2.25	0.00073686
2.26	0.0005315
2.27	0.0043643
2.28	0.013159
2.29	0.015743
2.3	0.01391
2.31	0.014149
2.32	0.013513
2.33	0.012924
2.34	0.011814
2.35	0.011542
2.36	0.010525
2.37	0.0085786
2.38	-0.00062022
2.39	-0.0050301
2.4	-0.0043162
2.41	0.00022319
2.42	-0.00018857
2.43	0.0039528
2.44	-0.0036083
2.45	-0.0058643
2.46	-0.0032093
2.47	-0.003702
2.48	-0.0035596
2.49	-0.0016769
2.5	0.0040726
2.51	0.0035782
2.52	0.008037
2.53	0.01617
2.54	0.019099
2.55	0.019879
2.56	0.015534
2.57	0.0094673
2.58	0.0061371
2.59	-0.00079382
2.6	-0.0069211
2.61	-0.0055836
2.62	-0.0049819
2.63	-0.0061318
2.64	-0.0085044
2.65	-0.0089119
2.66	-0.0072261
2.67	-0.0083993
2.68	-0.0066891
2.69	-0.0077033
2.7	0.002233
2.71	-0.0025632
2.72	-0.0081008
2.73	-0.006057
2.74	-0.005488
2.75	-0.0060831
2.76	-0.0059303
2.77	-0.010436
2.78	-0.013717
2.79	-0.01759
2.8	-0.017683
2.81	-0.015962
2.82	-0.015271
2.83	-0.007814
2.84	0.00038003
2.85	0.0035934
2.86	0.0081489
2.87	0.0088214
2.88	0.007932
2.89	0.0080425
2.9	0.0060118
2.91	0.00028758
2.92	-0.00062371
2.93	0.00031547
2.94	0.00024215
2.95	0.0053829
2.96	0.0075624
2.97	0.0058416
2.98	0.013233
2.99	0.021306
3	0.018941
3.01	0.017568
3.02	0.017306
3.03	0.01637
3.04	0.014764
3.05	0.013624
3.06	0.0076698
3.07	0.0032112
3.08	-0.0032491
3.09	-0.0128
3.1	-0.016944
3.11	-0.016131
3.12	-0.015398
3.13	-0.013962
3.14	-0.009532
3.15	-0.013781
3.16	-0.013544
3.17	-0.016422
3.18	-0.014332
3.19	-0.0090955
3.2	-0.0017197
3.21	0.0046823
3.22	0.0075603
3.23	0.01142
3.24	0.005469
3.25	0.0012288
3.26	-0.0031301
3.27	-0.010235
3.28	-0.018662
3.29	-0.017424
3.3	-0.016004
3.31	-0.015542
3.32	-0.012562
3.33	-0.0030592
3.34	0.0020021
3.35	0.0013505
3.36	0.0017324
3.37	-0.00077504
3.38	-0.011515
3.39	-0.012269
3.4	-0.010034
3.41	-0.010288
3.42	-0.0095202
3.43	-0.0089726
3.44	-0.0056358
3.45	-1.5502e-05
3.46	0.00067428
3.47	0.00035113
3.48	0.001058
3.49	0.0012695
3.5	0.0013533
3.51	0.0015459
3.52	0.0020064
3.53	0.0071838
3.54	0.01007
3.55	0.0083419
3.56	0.0090583
3.57	0.0050622
3.58	0.0052496
3.59	0.0088247
3.6	0.0067523
3.61	0.00095642
3.62	0.0031315
3.63	0.012454
3.64	0.015277
3.65	0.019473
3.66	0.026749
3.67	0.025135
3.68	0.014125
3.69	0.0094526
3.7	0.00011858
3.71	-0.0068664
3.72	-0.0053042
3.73	-0.0047625
3.74	-0.004857
3.75	-0.004697
3.76	-0.0041726
3.77	-0.0039967
3.78	-0.003791
3.79	-0.0034085
3.8	-0.0061126
3.81	-0.01403
3.82	-0.016831
3.83	-0.010365
3.84	-0.0054502
3.85	-0.0013363
3.86	0.0030899
3.87	0.0074902
3.88	0.0076753
3.89	0.0066933
3.9	0.0071314
3.91	0.0064383
3.92	0.0064577
3.93	0.0056794
3.94	0.0059497
3.95	0.0056423
3.96	0.01413
3.97	0.024834
3.98	0.030812
3.99	0.036798
4	0.040573
4.01	0.041078
4.02	0.042816
4.03	0.036418
4.04	0.029637
4.05	0.019453
4.06	0.013602
4.07	0.012706
4.08	0.010114
4.09	0.0011945
4.1	-0.0059405
4.11	-0.0058552
4.12	-0.0063166
4.13	-0.006913
4.14	-0.0087333
4.15	-0.013467
4.16	-0.017969
4.17	-0.017514
4.18	-0.017856
4.19	-0.016557
4.2	-0.018383
4.21	-0.022412
4.22	-0.026279
4.23	-0.025476
4.24	-0.028397
4.25	-0.031149
4.26	-0.022731
4.27	-0.020424
4.28	-0.020128
4.29	-0.022899
4.3	-0.02581
4.31	-0.024189
4.32	-0.024084
4.33	-0.028176
4.34	-0.030597
4.35	-0.031671
4.36	-0.026808
4.37	-0.021545
4.38	-0.014294
4.39	-0.011844
4.4	-0.0115
4.41	-0.010182
4.42	-0.0096102
4.43	-0.014929
4.44	-0.021768
4.45	-0.020221
4.46	-0.01874
4.47	-0.013157
4.48	-0.0078475
4.49	-0.0023312
4.5	0.0017966
4.51	0.010011
4.52	0.015573
4.53	0.023445
4.54	0.035408
4.55	0.043026
4.56	0.053148
4.57	0.054471
4.58	0.059537
4.59	0.060408
4.6	0.056146
4.61	0.046856
4.62	0.041192
4.63	0.030495
4.64	0.023252
4.65	0.012251
4.66	-0.0021853
4.67	-0.017243
4.68	-0.034545
4.69	-0.047152
4.7	-0.052978
4.71	-0.05857
4.72	-0.051736
4.73	-0.0411
4.74	-0.032595
4.75	-0.022092
4.76	-0.010856
4.77	-0.0035222
4.78	-0.0035694
4.79	-0.0071721
4.8	-0.016625
4.81	-0.016082
4.82	-0.01885
4.83	-0.025592
4.84	-0.020498
4.85	-0.013874
4.86	-0.0091648
4.87	-0.0033496
4.88	0.0010163
4.89	0.0013203
4.9	0.001563
4.91	0.0025341
4.92	-0.00074861
4.93	-0.008893
4.94	-0.011433
4.95	-0.015595
4.96	-0.022209
4.97	-0.017167
4.98	-0.01105
4.99	-0.0052969
5	-0.00093185
5.01	0.0073997
5.02	0.0143
5.03	0.018078
5.04	0.021507
5.05	0.025317
5.06	0.017334
5.07	0.010162
5.08	0.0050123
5.09	-0.0047695
5.1	-0.0075486
5.11	-0.010966
5.12	-0.0038721
5.13	0.011562
5.14	0.02152
5.15	0.028023
5.16	0.041879
5.17	0.044876
5.18	0.043605
5.19	0.046745
5.2	0.049941
5.21	0.050806
5.22	0.052595
5.23	0.041205
5.24	0.034213
5.25	0.034136
5.26	0.031671
5.27	0.034171
5.28	0.040275
5.29	0.041451
5.3	0.040812
5.31	0.034368
5.32	0.02294
5.33	0.0039629
5.34	-0.01455
5.35	-0.030679
5.36	-0.0475
5.37	-0.055694
5.38	-0.051982
5.39	-0.038018
5.4	-0.021171
5.41	-0.013633
5.42	-0.0035481
5.43	-0.0014832
5.44	-0.002328
5.45	-0.0025434
5.46	-0.0075151
5.47	-0.011413
5.48	-0.014805
5.49	-0.018847
5.5	-0.021541
5.51	-0.025159
5.52	-0.025336
5.53	-0.026028
5.54	-0.033031
5.55	-0.039503
5.56	-0.040128
5.57	-0.043792
5.58	-0.048414
5.59	-0.04783
5.6	-0.052747
5.61	-0.053392
5.62	-0.052946
5.63	-0.045302
5.64	-0.028975
5.65	-0.013757
5.66	0.0057839
5.67	0.022679
5.68	0.034551
5.69	0.041119
5.7	0.049855
5.71	0.04961
5.72	0.046364
5.73	0.046223
5.74	0.051386
5.75	0.056149
5.76	0.056116
5.77	0.062
5.78	0.062331
5.79	0.058199
5.8	0.05708
5.81	0.059721
5.82	0.056047
5.83	0.051988
5.84	0.04406
5.85	0.03771
5.86	0.027414
5.87	0.022286
5.88	0.025682
5.89	0.023944
5.9	0.035019
5.91	0.05036
5.92	0.063646
5.93	0.068424
5.94	0.063013
5.95	0.05828
5.96	0.054041
5.97	0.049262
5.98	0.044545
5.99	0.040185
6	0.035996
6.01	0.031839
6.02	0.027961
6.03	0.02415
6.04	0.020705
6.05	0.01239
6.06	-0.0014495
6.07	-0.015414
6.08	-0.024276
6.09	-0.0372
6.1	-0.052316
6.11	-0.057791
6.12	-0.062788
6.13	-0.069002
6.14	-0.0677
6.15	-0.065422
6.16	-0.063967
6.17	-0.062091
6.18	-0.063022
6.19	-0.07416
6.2	-0.087314
6.21	-0.11282
6.22	-0.13252
6.23	-0.13958
6.24	-0.13752
6.25	-0.13797
6.26	-0.13323
6.27	-0.11571
6.28	-0.1011
6.29	-0.092159
6.3	-0.079821
6.31	-0.063434
6.32	-0.051291
6.33	-0.033775
6.34	-0.019221
6.35	-0.010583
6.36	-0.0051876
6.37	0.0012212
6.38	0.0066072
6.39	0.010627
6.4	0.010278
6.41	0.011244
6.42	0.011836
6.43	0.012827
6.44	0.012707
6.45	0.018625
6.46	0.018431
6.47	0.015712
6.48	0.016718
6.49	0.013576
6.5	0.012702
6.51	0.01418
6.52	0.01337
6.53	0.014482
6.54	0.013697
6.55	0.019239
6.56	0.022404
6.57	0.028638
6.58	0.038335
6.59	0.052168
6.6	0.054003
6.61	0.06051
6.62	0.065952
6.63	0.072573
6.64	0.073894
6.65	0.077265
6.66	0.078328
6.67	0.072348
6.68	0.055738
6.69	0.034289
6.7	0.012825
6.71	-0.010837
6.72	-0.023601
6.73	-0.041104
6.74	-0.060248
6.75	-0.075891
6.76	-0.099389
6.77	-0.10823
6.78	-0.11344
6.79	-0.11314
6.8	-0.10559
6.81	-0.093931
6.82	-0.075002
6.83	-0.051841
6.84	-0.026454
6.85	-0.0079314
6.86	-0.001756
6.87	-0.00056332
6.88	0.0026043
6.89	0.00074656
6.9	-0.0012291
6.91	0.0069886
6.92	0.020613
6.93	0.042326
6.94	0.059694
6.95	0.073772
6.96	0.09375
6.97	0.11154
6.98	0.1286
6.99	0.14129
7	0.14778
7.01	0.14851
7.02	0.14319
7.03	0.12242
7.04	0.09704
7.05	0.071096
7.06	0.032912
7.07	0.0032814
7.08	-0.0078605
7.09	-0.016872
7.1	-0.023073
7.11	-0.013145
7.12	0.0089137
7.13	0.033281
7.14	0.061358
7.15	0.083043
7.16	0.098123
7.17	0.11127
7.18	0.11079
7.19	0.097435
7.2	0.087388
7.21	0.073499
7.22	0.048952
7.23	0.014704
7.24	-0.017335
7.25	-0.044237
7.26	-0.069999
7.27	-0.093874
7.28	-0.10511
7.29	-0.10176
7.3	-0.097635
7.31	-0.094251
7.32	-0.084208
7.33	-0.061969
7.34	-0.029542
7.35	0.0012099
7.36	0.025676
7.37	0.030783
7.38	0.025919
7.39	0.017009
7.4	-0.006796
7.41	-0.042741
7.42	-0.081068
7.43	-0.10617
7.44	-0.12644
7.45	-0.1368
7.46	-0.13236
7.47	-0.12114
7.48	-0.10719
7.49	-0.082672
7.5	-0.05544
7.51	-0.021473
7.52	0.011018
7.53	0.029212
7.54	0.039824
7.55	0.046613
7.56	0.041394
7.57	0.033853
7.58	0.016581
7.59	0.0044356
7.6	-0.0029955
7.61	-0.016174
7.62	-0.022839
7.63	-0.022944
7.64	-0.021027
7.65	-0.020843
7.66	-0.018982
7.67	-0.01714
7.68	-0.0050364
7.69	-0.00064301
7.7	-0.0017354
7.71	-0.0011151
7.72	-0.0006521
7.73	-0.011348
7.74	-0.022107
7.75	-0.030121
7.76	-0.039151
7.77	-0.040795
7.78	-0.041552
7.79	-0.032215
7.8	-0.020982
7.81	-0.0078492
7.82	0.0061107
7.83	0.015754
7.84	0.023477
7.85	0.031736
7.86	0.032107
7.87	0.028949
7.88	0.019191
7.89	0.015035
7.9	0.004955
7.91	-0.0002716
7.92	0.000574
7.93	0.0068773
7.94	0.015699
7.95	0.02455
7.96	0.031316
7.97	0.042326
7.98	0.05514
7.99	0.052308
8	0.05638
8.01	0.063113
8.02	0.057885
8.03	0.047801
8.04	0.033532
8.05	0.022051
8.06	0.011403
8.07	0.0026823
8.08	-0.0087961
8.09	-0.019184
8.1	-0.026477
8.11	-0.033399
8.12	-0.044874
8.13	-0.050747
8.14	-0.056275
8.15	-0.060086
8.16	-0.057401
8.17	-0.053637
8.18	-0.049164
8.19	-0.037317
8.2	-0.019689
8.21	-0.0061958
8.22	0.0087109
8.23	0.018151
8.24	0.031167
8.25	0.041601
8.26	0.04161
8.27	0.039007
8.28	0.038366
8.29	0.036345
8.3	0.034244
8.31	0.027336
8.32	0.02406
8.33	0.023842
8.34	0.018691
8.35	0.01297
8.36	0.012843
8.37	0.013958
8.38	0.01623
8.39	0.011292
8.4	0.0099958
8.41	0.010246
8.42	0.0036987
8.43	0.0012087
8.44	-0.0002514
8.45	-0.0052786
8.46	-0.0051511
8.47	0.00049017
8.48	0.0014064
8.49	-0.0028842
8.5	0.0020418
8.51	0.0032725
8.52	0.0068873
8.53	0.01503
8.54	0.016013
8.55	0.014215
8.56	0.013837
8.57	0.013039
8.58	0.007045
8.59	-0.0027487
8.6	-0.012901
8.61	-0.026118
8.62	-0.033767
8.63	-0.040486
8.64	-0.041588
8.65	-0.044096
8.66	-0.043196
8.67	-0.039855
8.68	-0.037307
8.69	-0.034865
8.7	-0.032411
8.71	-0.032298
8.72	-0.032478
8.73	-0.034921
8.74	-0.036286
8.75	-0.033623
8.76	-0.037928
8.77	-0.041583
8.78	-0.041095
8.79	-0.0419
8.8	-0.037402
8.81	-0.027744
8.82	-0.012612
8.83	-0.00073331
8.84	0.0098846
8.85	0.028124
8.86	0.058238
8.87	0.085426
8.88	0.10443
8.89	0.11335
8.9	0.11697
8.91	0.11506
8.92	0.11234
8.93	0.10299
8.94	0.092587
8.95	0.075571
8.96	0.057848
8.97	0.045876
8.98	0.026604
8.99	0.0067892
9	-0.011065
9.01	-0.027997
9.02	-0.044208
9.03	-0.045378
9.04	-0.042315
9.05	-0.040594
9.06	-0.038835
9.07	-0.025031
9.08	-0.0046249
9.09	0.012405
9.1	0.028121
9.11	0.052148
9.12	0.080309
9.13	0.099142
9.14	0.10456
9.15	0.10851
9.16	0.11302
9.17	0.1004
9.18	0.083968
9.19	0.066495
9.2	0.049921
9.21	0.030896
9.22	0.018349
9.23	0.015566
9.24	0.013708
9.25	0.01493
9.26	0.016639
9.27	0.017078
9.28	0.01876
9.29	0.018553
9.3	0.020445
9.31	0.01825
9.32	0.014139
9.33	0.010703
9.34	0.0076872
9.35	0.0029534
9.36	-0.0048541
9.37	-0.011824
9.38	-0.01801
9.39	-0.020719
9.4	-0.022893
9.41	-0.030811
9.42	-0.03279
9.43	-0.036779
9.44	-0.046052
9.45	-0.05016
9.46	-0.051738
9.47	-0.070775
9.48	-0.080624
9.49	-0.092236
9.5	-0.11198
9.51	-0.12038
9.52	-0.12979
9.53	-0.14419
9.54	-0.15052
9.55	-0.15656
9.56	-0.15631
9.57	-0.15842
9.58	-0.15418
9.59	-0.14457
9.6	-0.13666
9.61	-0.12416
9.62	-0.10068
9.63	-0.077254
9.64	-0.054531
9.65	-0.040064
9.66	-0.032284
9.67	-0.031699
9.68	-0.044329
9.69	-0.071061
9.7	-0.10916
9.71	-0.13724
9.72	-0.15142
9.73	-0.15724
9.74	-0.151
9.75	-0.13679
9.76	-0.11856
9.77	-0.095505
9.78	-0.0678
9.79	-0.045133
9.8	-0.031881
9.81	-0.015887
9.82	-0.0080359
9.83	-0.0043359
9.84	0.0060224
9.85	0.013425
9.86	0.026011
9.87	0.046454
9.88	0.065874
9.89	0.089118
9.9	0.11418
9.91	0.13398
9.92	0.16089
9.93	0.18227
9.94	0.20544
9.95	0.22622
9.96	0.25187
9.97	0.28283
9.98	0.29899
9.99	0.29504
10	0.28483
10.01	0.27761
10.02	0.26104
10.03	0.22751
10.04	0.19695
10.05	0.14489
10.06	0.082739
10.07	0.028383
10.08	-0.028045
10.09	-0.074062
10.1	-0.10737
10.11	-0.1175
10.12	-0.11792
10.13	-0.117
10.14	-0.10315
10.15	-0.085028
10.16	-0.06079
10.17	-0.029081
10.18	0.00026105
10.19	0.026706
10.2	0.048911
10.21	0.06286
10.22	0.07071
10.23	0.069644
10.24	0.068466
10.25	0.059837
10.26	0.053452
10.27	0.046245
10.28	0.032094
10.29	0.019447
10.3	0.00052327
10.31	-0.015693
10.32	-0.029251
10.33	-0.037822
10.34	-0.047742
10.35	-0.065727
10.36	-0.079718
10.37	-0.09978
10.38	-0.12195
10.39	-0.14231
10.4	-0.16269
10.41	-0.16571
10.42	-0.16382
10.43	-0.16089
10.44	-0.15105
10.45	-0.14045
10.46	-0.11997
10.47	-0.09467
10.48	-0.056326
10.49	-0.015718
10.5	0.020092
10.51	0.048035
10.52	0.063425
10.53	0.085964
10.54	0.094297
10.55	0.10147
10.56	0.11459
10.57	0.11248
10.58	0.1059
10.59	0.097659
10.6	0.080482
10.61	0.052949
10.62	0.028001
10.63	-0.0011173
10.64	-0.019253
10.65	-0.026764
10.66	-0.030185
10.67	-0.028288
10.68	-0.014717
10.69	-0.0028299
10.7	0.0075237
10.71	0.021281
10.72	0.02859
10.73	0.029349
10.74	0.022086
10.75	0.019641
10.76	0.016479
10.77	0.005977
10.78	0.0014008
10.79	0.0023659
10.8	0.0018334
10.81	0.0010052
10.82	0.00092797
10.83	0.00085447
10.84	0.0051733
10.85	0.015451
10.86	0.025586
10.87	0.031866
10.88	0.037655
10.89	0.04491
10.9	0.049301
10.91	0.057015
10.92	0.062326
10.93	0.054344
10.94	0.045563
10.95	0.037468
10.96	0.024363
10.97	0.0065091
10.98	-0.01783
10.99	-0.047161
11	-0.075506
11.01	-0.10639
11.02	-0.12427
11.03	-0.13288
11.04	-0.13619
11.05	-0.13457
11.06	-0.11854
11.07	-0.092853
11.08	-0.064105
11.09	-0.03401
11.1	-0.0053572
11.11	0.021296
11.12	0.042091
11.13	0.047046
11.14	0.054957
11.15	0.056896
11.16	0.052092
11.17	0.049891
11.18	0.041878
11.19	0.031138
11.2	0.027397
11.21	0.024339
11.22	0.01613
11.23	0.019121
11.24	0.021665
11.25	0.019186
11.26	0.02025
11.27	0.035512
11.28	0.043773
11.29	0.048012
11.3	0.056666
11.31	0.054614
11.32	0.049799
11.33	0.046368
11.34	0.039584
11.35	0.026503
11.36	0.014726
11.37	-0.0016878
11.38	-0.013255
11.39	-0.022277
11.4	-0.030877
11.41	-0.039208
11.42	-0.035483
11.43	-0.033191
11.44	-0.03698
11.45	-0.032198
11.46	-0.029586
11.47	-0.034764
11.48	-0.038545
11.49	-0.046937
11.5	-0.052404
11.51	-0.065693
11.52	-0.080866
11.53	-0.09306
11.54	-0.10107
11.55	-0.11377
11.56	-0.12201
11.57	-0.1264
11.58	-0.12878
11.59	-0.1239
11.6	-0.1208
11.61	-0.11341
11.62	-0.094148
11.63	-0.073535
11.64	-0.050485
11.65	-0.024661
11.66	-0.0033916
11.67	0.021923
11.68	0.041036
11.69	0.060734
11.7	0.085687
11.71	0.10942
11.72	0.13049
11.73	0.14608
11.74	0.14862
11.75	0.14484
11.76	0.13739
11.77	0.12489
11.78	0.11108
11.79	0.083821
11.8	0.063342
11.81	0.047605
11.82	0.026042
11.83	0.0076589
11.84	-0.0031957
11.85	-0.011177
11.86	-0.024527
11.87	-0.040337
11.88	-0.045023
11.89	-0.045887
11.9	-0.044468
11.91	-0.029287
11.92	-0.011223
11.93	0.012016
11.94	0.029932
11.95	0.038448
11.96	0.044087
11.97	0.047971
11.98	0.044073
11.99	0.041408
12	0.041443
12.01	0.045862
12.02	0.033085
12.03	0.028958
12.04	0.018641
12.05	0.0038088
12.06	-0.0052545
12.07	-0.012175
12.08	-0.013119
12.09	-0.012956
12.1	-0.01453
12.11	-0.026364
12.12	-0.044494
12.13	-0.058225
12.14	-0.073798
12.15	-0.077874
12.16	-0.083005
12.17	-0.076935
12.18	-0.062824
12.19	-0.050575
12.2	-0.043056
12.21	-0.040285
12.22	-0.037468
12.23	-0.034526
12.24	-0.032068
12.25	-0.029502
12.26	-0.023266
12.27	-0.012142
12.28	-0.0070159
12.29	0.0083466
12.3	0.021441
12.31	0.027943
12.32	0.035492
12.33	0.034063
12.34	0.032854
12.35	0.028066
12.36	0.014166
12.37	0.003589
12.38	-0.0031662
12.39	-0.011637
12.4	-0.013175
12.41	-0.019769
12.42	-0.017885
12.43	-0.0071696
12.44	0.0083899
12.45	0.030236
12.46	0.05062
12.47	0.067624
12.48	0.07454
12.49	0.071267
12.5	0.057603
12.51	0.036481
12.52	0.018858
12.53	0.0082569
12.54	0.0023894
12.55	0.0017845
12.56	0.0015141
12.57	0.0010369
12.58	0.0012013
12.59	-0.0035605
12.6	-0.013337
12.61	-0.016977
12.62	-0.023715
12.63	-0.027364
12.64	-0.035804
12.65	-0.039058
12.66	-0.043216
12.67	-0.050334
12.68	-0.0546
12.69	-0.059856
12.7	-0.0636
12.71	-0.068547
12.72	-0.06783
12.73	-0.063052
12.74	-0.047847
12.75	-0.03742
12.76	-0.020824
12.77	0.00064272
12.78	0.01601
12.79	0.024116
12.8	0.038044
12.81	0.042671
12.82	0.04414
12.83	0.053885
12.84	0.060592
12.85	0.065517
12.86	0.062515
12.87	0.059765
12.88	0.057494
12.89	0.055196
12.9	0.052292
12.91	0.053891
12.92	0.049876
12.93	0.033411
12.94	0.031416
12.95	0.034006
12.96	0.03475
12.97	0.042708
12.98	0.048604
12.99	0.053971
13	0.050726
13.01	0.047681
13.02	0.045617
13.03	0.038337
13.04	0.018902
13.05	0.0041837
13.06	-0.0034804
13.07	-0.012882
13.08	-0.01999
13.09	-0.020347
13.1	-0.018679
13.11	-0.018557
13.12	-0.0084566
13.13	0.0041295
13.14	0.012992
13.15	0.026048
13.16	0.033625
13.17	0.035332
13.18	0.028095
13.19	0.018151
13.2	0.012185
13.21	0.0015118
13.22	-0.0086354
13.23	-0.016254
13.24	-0.016256
13.25	-0.0051618
13.26	0.0011649
13.27	0.011925
13.28	0.024232
13.29	0.038473
13.3	0.048472
13.31	0.057449
13.32	0.065015
13.33	0.064615
13.34	0.060862
13.35	0.046131
13.36	0.029357
13.37	0.0053029
13.38	-0.015361
13.39	-0.032848
13.4	-0.043673
13.41	-0.047157
13.42	-0.054636
13.43	-0.055597
13.44	-0.053326
13.45	-0.051841
13.46	-0.050477
13.47	-0.044259
13.48	-0.033721
13.49	-0.026038
13.5	-0.024228
13.51	-0.027786
13.52	-0.031048
13.53	-0.040071
13.54	-0.05594
13.55	-0.071292
13.56	-0.084537
13.57	-0.098356
13.58	-0.10294
13.59	-0.096715
13.6	-0.091123
13.61	-0.078929
13.62	-0.057388
13.63	-0.035973
13.64	-0.016716
13.65	-0.0029766
13.66	0.010371
13.67	0.014268
13.68	0.010325
13.69	0.0021746
13.7	-0.0021278
13.71	-0.011442
13.72	-0.027821
13.73	-0.031224
13.74	-0.044564
13.75	-0.052584
13.76	-0.05692
13.77	-0.059773
13.78	-0.05527
13.79	-0.049263
13.8	-0.037807
13.81	-0.025523
13.82	-0.013538
13.83	0.0023386
13.84	0.016384
13.85	0.029461
13.86	0.039401
13.87	0.046322
13.88	0.053342
13.89	0.052802
13.9	0.052915
13.91	0.055713
13.92	0.05385
13.93	0.051045
13.94	0.054911
13.95	0.053669
13.96	0.050507
13.97	0.044546
13.98	0.038115
13.99	0.036736
14	0.031984
14.01	0.019455
14.02	0.010003
14.03	0.0017394
14.04	-0.0082608
14.05	-0.024269
14.06	-0.029911
14.07	-0.036676
14.08	-0.043759
14.09	-0.04899
14.1	-0.046538
14.11	-0.053045
14.12	-0.055061
14.13	-0.046762
14.14	-0.035079
14.15	-0.027593
14.16	-0.02074
14.17	-0.0094258
14.18	-0.0056785
14.19	0.0044427
14.2	0.0096159
14.21	0.020121
14.22	0.026516
14.23	0.032394
14.24	0.038039
14.25	0.037052
14.26	0.035303
14.27	0.034737
14.28	0.033409
14.29	0.032098
14.3	0.030949
14.31	0.029708
14.32	0.028299
14.33	0.027147
14.34	0.026466
14.35	0.022045
14.36	0.020099
14.37	0.023736
14.38	0.028035
14.39	0.036684
14.4	0.049246
14.41	0.052806
14.42	0.053095
14.43	0.054844
14.44	0.056056
14.45	0.056577
14.46	0.057273
14.47	0.055513
14.48	0.050115
14.49	0.046659
14.5	0.032551
14.51	0.022183
14.52	0.0060731
14.53	-0.020761
14.54	-0.046287
14.55	-0.054802
14.56	-0.060087
14.57	-0.055196
14.58	-0.042163
14.59	-0.039719
14.6	-0.039794
14.61	-0.036098
14.62	-0.03519
14.63	-0.032237
14.64	-0.038097
14.65	-0.044272
14.66	-0.051583
14.67	-0.05395
14.68	-0.04992
14.69	-0.047296
14.7	-0.037967
14.71	-0.021524
14.72	-0.011986
14.73	0.0032499
14.74	0.01342
14.75	0.02512
14.76	0.033093
14.77	0.040738
14.78	0.044373
14.79	0.041455
14.8	0.034174
14.81	0.022794
14.82	0.012844
14.83	-0.004409
14.84	-0.016322
14.85	-0.023501
14.86	-0.030765
14.87	-0.041529
14.88	-0.048173
14.89	-0.0444
14.9	-0.041434
14.91	-0.040039
14.92	-0.032299
14.93	-0.019997
14.94	-0.018007
14.95	-0.022635
14.96	-0.027677
14.97	-0.030386
14.98	-0.037875
14.99	-0.03649
15	-0.032594
15.01	-0.029802
15.02	-0.014652
15.03	0.0064437
15.04	0.024006
15.05	0.037062
15.06	0.044609
15.07	0.056353
15.08	0.058466
15.09	0.05649
15.1	0.062877
15.11	0.064859
15.12	0.061487
15.13	0.068447
15.14	0.069526
15.15	0.063398
15.16	0.060677
15.17	0.052736
15.18	0.045502
15.19	0.037201
15.2	0.032728
15.21	0.030351
15.22	0.02821
15.23	0.021185
15.24	0.015336
15.25	0.009564
15.26	0.0037736
15.27	-0.0018759
15.28	-0.0068732
15.29	-0.015449
15.3	-0.019716
15.31	-0.024562
15.32	-0.031998
15.33	-0.030595
15.34	-0.030126
15.35	-0.024271
15.36	-0.019774
15.37	-0.012633
15.38	-0.0016987
15.39	0.00924
15.4	0.0079462
15.41	0.015959
15.42	0.022624
15.43	0.023023
15.44	0.017135
15.45	0.011442
15.46	0.0024658
15.47	-0.0077649
15.48	-0.011128
15.49	-0.018011
15.5	-0.025086
15.51	-0.027338
15.52	-0.034663
15.53	-0.038073
15.54	-0.04188
15.55	-0.04789
15.56	-0.048893
15.57	-0.051159
15.58	-0.049035
15.59	-0.046173
15.6	-0.045152
15.61	-0.046213
15.62	-0.039786
15.63	-0.032527
15.64	-0.02741
15.65	-0.025254
15.66	-0.023667
15.67	-0.021936
15.68	-0.01835
15.69	-0.011674
15.7	-0.0064925
15.71	0.0028285
15.72	0.0061627
15.73	0.012881
15.74	0.019408
15.75	0.01858
15.76	0.017389
15.77	0.017233
15.78	0.01645
15.79	0.013857
15.8	0.0073645
15.81	0.0070939
15.82	0.0024414
15.83	-0.0062649
15.84	-0.0078595
15.85	-0.0056499
15.86	-0.0088674
15.87	-0.012876
15.88	-0.011887
15.89	-0.01056
15.9	-0.0087486
15.91	-0.0018477
15.92	-0.0012265
15.93	0.0027611
15.94	0.006898
15.95	0.0063036
15.96	0.0079751
15.97	0.013605
15.98	0.013536
15.99	0.012568
16	0.012139
16.01	0.012004
16.02	0.010995
16.03	0.011275
16.04	0.0065434
16.05	0.0068482
16.06	0.0056695
16.07	0.0010119
16.08	-0.0040953
16.09	-0.0040959
16.1	-0.010103
16.11	-0.018671
16.12	-0.017323
16.13	-0.026477
16.14	-0.029213
16.15	-0.025046
16.16	-0.02781
16.17	-0.02547
16.18	-0.018657
16.19	-0.010896
16.2	-0.00026609
16.21	0.0052925
16.22	0.0099763
16.23	0.018723
16.24	0.020256
16.25	0.013027
16.26	0.012373
16.27	0.012909
16.28	0.01228
16.29	0.012011
16.3	0.011145
16.31	0.0051288
16.32	0.0074801
16.33	0.012611
16.34	0.012212
16.35	0.011526
16.36	0.011768
16.37	0.013233
16.38	0.021553
16.39	0.025262
16.4	0.028702
16.41	0.031218
16.42	0.033245
16.43	0.024496
16.44	0.01757
16.45	0.0095591
16.46	0.0010647
16.47	-0.0039836
16.48	-0.011599
16.49	-0.013527
16.5	-0.021296
16.51	-0.023844
16.52	-0.021991
16.53	-0.021363
16.54	-0.026136
16.55	-0.024527
16.56	-0.022511
16.57	-0.015748
16.58	-0.010714
16.59	-0.0046797
16.6	-0.00035415
16.61	0.0086294
16.62	0.017383
16.63	0.025307
16.64	0.027512
16.65	0.031793
16.66	0.031616
16.67	0.033493
16.68	0.036531
16.69	0.039238
16.7	0.039468
16.71	0.036907
16.72	0.035006
16.73	0.033269
16.74	0.026512
16.75	0.014514
16.76	0.00034898
16.77	-0.0098785
16.78	-0.017009
16.79	-0.025669
16.8	-0.028188
16.81	-0.032307
16.82	-0.038153
16.83	-0.036849
16.84	-0.033706
16.85	-0.032149
16.86	-0.025012
16.87	-0.01483
16.88	-0.01172
16.89	-0.011823
16.9	-0.0061375
16.91	-0.00079144
16.92	0.0040811
16.93	0.0067771
16.94	0.0085636
16.95	0.014148
16.96	0.014323
16.97	0.013225
16.98	0.013274
16.99	0.011927
17	0.0061901
17.01	0.0023428
17.02	-0.0050972
17.03	-0.0091133
17.04	-0.0073622
17.05	-0.0068403
17.06	-0.0046798
17.07	0.0016328
17.08	0.0024146
17.09	0.0061826
17.1	0.0047718
17.11	0.0029967
17.12	0.01269
17.13	0.017388
17.14	0.02045
17.15	0.023494
17.16	0.027616
17.17	0.029848
17.18	0.033206
17.19	0.032228
17.2	0.02987
17.21	0.028875
17.22	0.025437
17.23	0.018814
17.24	0.013527
17.25	0.0085152
17.26	0.0027384
17.27	-0.0057063
17.28	-0.0081807
17.29	-0.006541
17.3	-0.0074365
17.31	-0.007202
17.32	-0.0070662
17.33	-0.0013814
17.34	0.002074
17.35	0.0064819
17.36	0.0069003
17.37	0.0057609
17.38	0.0053936
17.39	-0.00053728
17.4	-0.0092185
17.41	-0.009774
17.42	-0.01169
17.43	-0.020549
17.44	-0.023917
17.45	-0.021891
17.46	-0.025701
17.47	-0.030929
17.48	-0.03257
17.49	-0.03015
17.5	-0.029012
17.51	-0.027418
17.52	-0.025776
17.53	-0.023573
17.54	-0.022989
17.55	-0.016773
17.56	-0.011516
17.57	-0.0061216
17.58	-0.0015804
17.59	0.0015727
17.6	-0.0025339
17.61	-0.0025967
17.62	-0.0012949
17.63	-0.0021105
17.64	-0.0075403
17.65	-0.0076549
17.66	-0.0065399
17.67	-0.0021742
17.68	0.002568
17.69	0.0075673
17.7	0.0095684
17.71	0.0087541
17.72	0.0086759
17.73	0.013104
17.74	0.016196
17.75	0.014332
17.76	0.014293
17.77	0.013713
17.78	0.012915
17.79	0.012266
17.8	0.011995
17.81	0.0098903
17.82	0.0022571
17.83	-0.0040909
17.84	-0.0070845
17.85	-0.015335
17.86	-0.01777
17.87	-0.015317
17.88	-0.017017
17.89	-0.020887
17.9	-0.023469
17.91	-0.025489
17.92	-0.023585
17.93	-0.023128
17.94	-0.02718
17.95	-0.025567
17.96	-0.026718
17.97	-0.029424
17.98	-0.026107
17.99	-0.02406
18	-0.020247
18.01	-0.013058
18.02	-0.010594
18.03	-0.0050735
18.04	0.0052386
18.05	0.006964
18.06	0.0069295
18.07	0.0079192
18.08	0.0086839
18.09	0.0087471
18.1	0.0086606
18.11	0.0029139
18.12	0.0048953
18.13	0.011196
18.14	0.011156
18.15	0.010512
18.16	0.01184
18.17	0.0097886
18.18	0.0050139
18.19	0.0043061
18.2	0.0060489
18.21	0.00083518
18.22	-0.0022209
18.23	-0.0058098
18.24	-0.0060345
18.25	-0.0044704
18.26	-0.0039973
18.27	-0.0024629
18.28	-0.0016824
18.29	0.0014356
18.3	0.0071533
18.31	0.011862
18.32	0.015766
18.33	0.021084
18.34	0.023214
18.35	0.022234
18.36	0.022071
18.37	0.021818
18.38	0.017077
18.39	0.012912
18.4	0.012763
18.41	0.0070583
18.42	0.0060663
18.43	0.0035421
18.44	-0.00050949
18.45	0.00077835
18.46	0.0011472
18.47	0.0016956
18.48	0.0018671
18.49	0.0065563
18.5	0.010734
18.51	0.015347
18.52	0.017963
18.53	0.016979
18.54	0.016778
18.55	0.016467
18.56	0.016447
18.57	0.015464
18.58	0.015683
18.59	0.014744
18.6	0.014784
18.61	0.010228
18.62	0.010542
18.63	0.014156
18.64	0.01304
18.65	0.012295
18.66	0.011815
18.67	0.015048
18.68	0.018683
18.69	0.017493
18.7	0.015248
18.71	0.009349
18.72	0.0078153
18.73	0.0080189
18.74	0.0071893
18.75	0.0018343
18.76	-0.0013416
18.77	0.0018193
18.78	0.0061737
18.79	0.0099088
18.8	0.013154
18.81	0.017704
18.82	0.018861
18.83	0.015141
18.84	0.0091098
18.85	0.0080646
18.86	0.0078424
18.87	0.0064914
18.88	0.0057852
18.89	0.005231
18.9	0.0049192
18.91	0.00038456
18.92	-0.0041951
18.93	-0.0041901
18.94	-0.0037009
18.95	-0.0062135
18.96	-0.011454
18.97	-0.011979
18.98	-0.010774
18.99	-0.010457
19	-0.0051978
19.01	-0.0012478
19.02	0.0025489
19.03	0.0031435
19.04	0.002174
19.05	0.0068211
19.06	0.0077255
19.07	0.0010443
19.08	-0.0034239
19.09	-0.0077088
19.1	-0.0126
19.11	-0.020715
19.12	-0.024037
19.13	-0.025494
19.14	-0.023918
19.15	-0.025869
19.16	-0.02697
19.17	-0.020034
19.18	-0.021802
19.19	-0.024762
19.2	-0.029034
19.21	-0.024647
19.22	-0.0189
19.23	-0.013704
19.24	-0.0093595
19.25	-0.0037231
19.26	0.00019765
19.27	0.0047645
19.28	0.0045412
19.29	0.0085356
19.3	0.011372
19.31	0.011038
19.32	0.015549
19.33	0.015075
19.34	0.0093035
19.35	0.00032493
19.36	-0.0023476
19.37	-0.0032494
19.38	-0.011881
19.39	-0.017437
19.4	-0.016203
19.41	-0.010262
19.42	-0.0025136
19.43	0.00018548
19.44	0.0069588
19.45	0.01238
19.46	0.011224
19.47	0.009739
19.48	0.0091003
19.49	0.0083913
19.5	0.0053128
19.51	-0.0042397
19.52	-0.0091284
19.53	-0.013752
19.54	-0.022717
19.55	-0.030549
19.56	-0.035545
19.57	-0.034233
19.58	-0.032322
19.59	-0.036123
19.6	-0.036342
19.61	-0.028186
19.62	-0.022954
19.63	-0.018065
19.64	-0.012357
19.65	-0.0077886
19.66	-0.0079181
19.67	-0.0075521
19.68	-0.0069452
19.69	-0.0060944
19.7	-0.0061861
19.71	-0.0055542
19.72	-0.0054804
19.73	-0.0048757
19.74	-0.0046043
19.75	-0.0040103
19.76	-0.0043167
19.77	-0.0042348
19.78	-0.008428
19.79	-0.0040289
19.8	-0.0016182
19.81	-0.0025583
19.82	-0.0025888
19.83	-0.0074645
19.84	-0.015006
19.85	-0.01496
19.86	-0.013361
19.87	-0.012491
19.88	-0.012008
19.89	-0.011758
19.9	-0.01607
19.91	-0.018459
19.92	-0.021656
19.93	-0.020127
19.94	-0.023045
19.95	-0.024673
19.96	-0.02184
19.97	-0.019605
19.98	-0.018711
19.99	-0.012367
20	-0.012244
20.01	-0.014398
20.02	-0.011543
20.03	-0.009826
20.04	-0.008822
20.05	-0.007473
20.06	-0.010916
20.07	-0.012018
20.08	-0.009559
20.09	-0.008143
20.1	-0.0063945
20.11	-0.004774
20.12	0.0021407
20.13	0.011523
20.14	0.01477
20.15	0.022655
20.16	0.028162
20.17	0.031901
20.18	0.035235
20.19	0.039199
20.2	0.039845
20.21	0.037575
20.22	0.036874
20.23	0.035122
20.24	0.034573
20.25	0.032751
20.26	0.032061
20.27	0.030256
20.28	0.033977
20.29	0.036363
20.3	0.039407
20.31	0.039402
20.32	0.037186
20.33	0.035612
20.34	0.033767
20.35	0.031201
20.36	0.02372
20.37	0.021251
20.38	0.017423
20.39	0.011597
20.4	0.016237
20.41	0.018262
20.42	0.017679
20.43	0.022305
20.44	0.021481
20.45	0.01921
20.46	0.013008
20.47	0.0082515
20.48	0.0028655
20.49	-0.0017047
20.5	-0.010217
20.51	-0.014248
20.52	-0.017746
20.53	-0.021332
20.54	-0.024741
20.55	-0.024871
20.56	-0.018107
20.57	-0.014628
20.58	-0.014449
20.59	-0.013617
20.6	-0.014933
20.61	-0.019055
20.62	-0.013066
20.63	-0.0090561
20.64	-0.0096499
20.65	-0.0087007
20.66	-0.0077523
20.67	-0.0033478
20.68	0.00080619
20.69	4.7571e-05
20.7	0.00011294
20.71	0.00042533
20.72	0.00094594
20.73	0.00054227
20.74	0.00081427
20.75	0.00068203
20.76	0.00074412
20.77	0.00086916
20.78	0.0012072
20.79	0.0060914
20.8	0.014533
20.81	0.014312
20.82	0.015963
20.83	0.020084
20.84	0.023795
20.85	0.024938
20.86	0.023107
20.87	0.021704
20.88	0.023355
20.89	0.026122
20.9	0.019526
20.91	0.014268
20.92	0.014316
20.93	0.013015
20.94	0.0083346
20.95	-0.0019875
20.96	-0.0058702
20.97	-0.011827
20.98	-0.018889
20.99	-0.021713
21	-0.029149
21.01	-0.03238
21.02	-0.030465
21.03	-0.036555
21.04	-0.041831
21.05	-0.039614
21.06	-0.036834
21.07	-0.035731
21.08	-0.033164
21.09	-0.031202
21.1	-0.02928
21.11	-0.027633
21.12	-0.025536
21.13	-0.024014
21.14	-0.022167
21.15	-0.016567
21.16	-0.0047002
21.17	-0.0034902
21.18	0.0016043
21.19	0.01116
21.2	0.010247
21.21	0.0041185
21.22	0.0040361
21.23	0.0048301
21.24	-0.00064378
21.25	-0.0018434
21.26	0.0074405
21.27	0.013286
21.28	0.012218
21.29	0.016351
21.3	0.025178
21.31	0.02529
21.32	0.023547
21.33	0.022498
21.34	0.022041
21.35	0.015067
21.36	0.00625
21.37	0.0042021
21.38	0.0055662
21.39	-0.0024415
21.4	-0.010993
21.41	-0.009468
21.42	-0.0080336
21.43	-0.008288
21.44	-0.007792
21.45	-0.0070444
21.46	-0.0062779
21.47	-0.0060938
21.48	-0.0037086
21.49	0.0019822
21.5	0.0031926
21.51	0.0020734
21.52	0.0026428
21.53	-0.0025292
21.54	-0.0044718
21.55	-0.003207
21.56	-0.0033145
21.57	-0.0029016
21.58	-0.0070588
21.59	-0.010697
21.6	-0.013678
21.61	-0.014947
21.62	-0.005427
21.63	0.0026712
21.64	0.0024427
21.65	0.0028422
21.66	0.010494
21.67	0.010063
21.68	0.013748
21.69	0.0081232
21.7	0.001147
21.71	0.0025254
21.72	0.0032721
21.73	0.0026821
21.74	-0.00078062
21.75	-0.0090765
21.76	-0.010402
21.77	-0.0094706
21.78	-0.0080316
21.79	-0.011411
21.8	-0.010454
21.81	-0.0096463
21.82	-0.0068618
21.83	-0.00563
21.84	-0.008448
21.85	-0.009135
21.86	-0.0077615
21.87	-0.0067106
21.88	-0.0069484
21.89	-0.011137
21.9	-0.011448
21.91	-0.0092402
21.92	-0.0084293
21.93	-0.0072391
21.94	-0.0061487
21.95	-0.00093435
21.96	0.010101
21.97	0.011479
21.98	0.01009
21.99	0.01172
22	0.011782
22.01	0.011854
22.02	0.011651
22.03	0.012001
22.04	0.011515
22.05	0.012221
22.06	0.011863
22.07	0.012264
22.08	0.011589
22.09	0.015556
22.1	0.019279
22.11	0.023615
22.12	0.026248
22.13	0.032226
22.14	0.037477
22.15	0.035726
22.16	0.033728
22.17	0.032358
22.18	0.030984
22.19	0.027301
22.2	0.017627
22.21	0.011618
22.22	0.011842
22.23	0.010964
22.24	0.0068068
22.25	-0.0044031
22.26	-0.0053867
22.27	-0.0040081
22.28	-0.0098958
22.29	-0.017578
22.3	-0.017517
22.31	-0.016099
22.32	-0.015279
22.33	-0.014125
22.34	-0.008056
22.35	-0.0048808
22.36	-0.0048062
22.37	-0.0043508
22.38	-0.003688
22.39	-0.0079542
22.4	-0.010391
22.41	-0.0091544
22.42	-0.0059231
22.43	-0.0038887
22.44	-0.0038017
22.45	0.00092227
22.46	0.0064662
22.47	0.0082482
22.48	0.0071487
22.49	0.0077687
22.5	0.0078507
22.51	0.0075957
22.52	0.0070434
22.53	0.0070812
22.54	0.0063127
22.55	0.0065539
22.56	0.00593
22.57	0.010995
22.58	0.012723
22.59	0.01155
22.6	0.0080001
22.61	0.0031367
22.62	0.00785
22.63	0.01587
22.64	0.015849
22.65	0.013618
22.66	0.013622
22.67	0.0046011
22.68	-0.003814
22.69	-0.0022012
22.7	-0.0027918
22.71	-0.0052994
22.72	-0.014297
22.73	-0.013222
22.74	-0.013419
22.75	-0.016282
22.76	-0.015046
22.77	-0.014158
22.78	-0.013839
22.79	-0.0131
22.8	-0.012381
22.81	-0.01176
22.82	-0.010865
22.83	-0.010254
22.84	-0.009802
22.85	-0.0090652
22.86	-0.0088609
22.87	-0.0081294
22.88	-0.0076651
22.89	-0.0040967
22.9	0.0038301
22.91	0.0063533
22.92	0.0012382
22.93	0.0047222
22.94	0.0062265
22.95	0.0046406
22.96	0.0043192
22.97	0.0039371
22.98	0.0037348
22.99	0.0032119
23	0.0025281
23.01	0.0021892
23.02	0.0017135
23.03	0.0013127
23.04	0.0010265
23.05	0.00085902
23.06	-5.4717e-05
23.07	-0.00011846
23.08	-0.0047714
23.09	-0.0081822
23.1	-0.011798
23.11	-0.012647
23.12	-0.0086058
23.13	-0.0013305
23.14	0.001024
23.15	-0.00028428
23.16	-0.0014215
23.17	-0.008455
23.18	-0.012113
23.19	-0.011267
23.2	-0.010555
23.21	-0.010621
23.22	-0.0097948
23.23	-0.0091506
23.24	-0.0085361
23.25	-0.0081277
23.26	-0.0036823
23.27	-0.00022345
23.28	0.0029984
23.29	0.0034587
23.3	-0.0005513
23.31	-0.0034985
23.32	-0.0067462
23.33	-0.0081679
23.34	-0.0071084
23.35	-0.0069086
23.36	-0.0066332
23.37	-0.0094149
23.38	-0.0067273
23.39	-0.0043069
23.4	-0.007009
23.41	-0.0094796
23.42	-0.0084899
23.43	-0.0072665
23.44	-0.0071435
23.45	-0.0061592
23.46	-0.0058314
23.47	-0.0024423
23.48	0.0001931
23.49	0.00016673
23.5	0.00027922
23.51	0.00059399
23.52	0.00072196
23.53	0.00069719
23.54	0.00072721
23.55	0.0010344
23.56	0.0011314
23.57	0.0010738
23.58	0.0012019
23.59	-0.0016329
23.6	-0.0060319
23.61	-0.0065157
23.62	-0.003938
23.63	-0.0007137
23.64	-0.00029624
23.65	-8.9083e-05
23.66	0.0027075
23.67	0.0012531
23.68	-0.0012043
23.69	-0.0027587
23.7	-0.0024642
23.71	-0.0016318
23.72	-0.0010936
23.73	0.0024601
23.74	0.0016296
23.75	-0.00066802
23.76	1.5628e-05
23.77	0.00067568
23.78	0.00078408
23.79	0.00024804
23.8	-0.0018814
23.81	-0.0011018
23.82	-0.0025203
23.83	-0.0031093
23.84	-0.0018906
23.85	-0.001207
23.86	-0.00054551
23.87	8.0218e-05
23.88	0.00071777
23.89	0.0014215
23.9	0.0019591
23.91	0.0024073
23.92	0.002895
23.93	0.0032422
23.94	0.003589
23.95	0.004036
23.96	0.0043049
23.97	0.0045347
23.98	0.0047781
23.99	0.0049139
24	0.0050442
24.01	0.0052073
24.02	0.0052827
24.03	0.0053894
24.04	0.0055381
24.05	0.0054159
24.06	0.0059518
24.07	0.0064088
24.08	0.0061274
24.09	0.0058585
24.1	0.0050684
24.11	0.0049758
24.12	0.0053869
24.13	0.0062372
24.14	0.0059107
24.15	0.0054639
24.16	0.0043631
24.17	0.0038095
24.18	0.0038281
24.19	0.0036049
24.2	0.0034146
24.21	0.0033097
24.22	0.0033115
24.23	0.0040477
24.24	0.004534
24.25	0.0040711
24.26	0.0036891
24.27	0.0033095
24.28	0.0029326
24.29	0.0025439
24.3	0.0022093
24.31	0.0018833
24.32	0.0020551
24.33	0.0022988
24.34	0.00194
24.35	0.0014492
24.36	0.0011073
24.37	0.00074587
24.38	0.00039304
24.39	-1.3016e-05
24.4	-0.00055627
24.41	-0.0009726
24.42	-0.0012903
24.43	-0.0013956
24.44	-0.00146
24.45	-0.0015513
24.46	-0.0015844
24.47	-0.0016417
24.48	-0.0016801
24.49	-0.0017138
24.5	-0.0017305
24.51	-0.0017514
24.52	-0.0017462
24.53	-0.0017552
24.54	-0.0017489
24.55	-0.0017422
24.56	-0.0016967
24.57	-0.0016082
24.58	-0.0015485
24.59	-0.001506
24.6	-0.0015532
24.61	-0.0015673
24.62	-0.0014727
24.63	-0.0014478
24.64	-0.0014243
24.65	-0.0014191
24.66	-0.0013873
24.67	-0.0013283
24.68	-0.0012451
24.69	-0.0011931
24.7	-0.0011381
24.71	-0.0011061
24.72	-0.0010379
24.73	-0.0009643
24.74	-0.0009083
24.75	-0.00083804
24.76	-0.00076525
24.77	-0.00069676
24.78	-0.00062842
24.79	-0.00056243
24.8	-0.00049815
24.81	-0.00043625
24.82	-0.00037613
24.83	-0.00031875
24.84	-0.00026336
24.85	-0.00021084
24.86	-0.00016069
24.87	-0.00011335
24.88	-6.894e-05
24.89	-2.6864e-05
24.9	1.2716e-05
24.91	4.9127e-05
24.92	8.2697e-05
24.93	0.00011328
24.94	0.00014099
24.95	0.00016581
24.96	0.00018783
24.97	0.00020705
24.98	0.00022352
