0	-2.6732e-05
0.01	4.8943e-05
0.02	-4.801e-06
0.03	4.4729e-05
0.04	-4.7755e-05
0.05	1.6036e-05
0.06	2.7242e-08
0.07	0.00019956
0.08	0.00024346
0.09	0.00028558
0.1	6.9862e-05
0.11	3.0607e-05
0.12	-1.2855e-05
0.13	0.00016625
0.14	0.0004135
0.15	0.0010118
0.16	0.00053528
0.17	-0.00094027
0.18	-0.0019836
0.19	-0.00051856
0.2	0.0016739
0.21	0.00075447
0.22	-0.0002959
0.23	0.00036937
0.24	-0.000607
0.25	-0.0022667
0.26	-0.0003609
0.27	0.00034619
0.28	0.00046322
0.29	0.0020339
0.3	0.0013071
0.31	-0.0026144
0.32	-0.0071268
0.33	-0.0064004
0.34	-5.8129e-05
0.35	0.0038651
0.36	0.0029803
0.37	0.0016822
0.38	0.00029119
0.39	2.8435e-05
0.4	0.0018564
0.41	0.005414
0.42	0.0078239
0.43	0.0063059
0.44	-0.0033185
0.45	-0.015208
0.46	-0.016127
0.47	-0.0057375
0.48	0.0099243
0.49	0.015265
0.5	0.0013539
0.51	-0.01753
0.52	-0.018043
0.53	0.00074269
0.54	0.021827
0.55	0.023549
0.56	0.005933
0.57	-0.0081434
0.58	-0.0086008
0.59	-0.0029935
0.6	0.006386
0.61	0.017544
0.62	0.011307
0.63	-0.0076881
0.64	-0.020173
0.65	-0.00084567
0.66	0.042362
0.67	0.066892
0.68	0.031144
0.69	-0.02732
0.7	-0.060692
0.71	-0.050842
0.72	-0.015464
0.73	0.0095489
0.74	0.0067541
0.75	-0.0029215
0.76	0.014978
0.77	0.038721
0.78	0.015307
0.79	-0.032009
0.8	-0.053764
0.81	-0.034759
0.82	-0.0042568
0.83	0.0056246
0.84	0.0022399
0.85	0.0098176
0.86	0.021717
0.87	0.019727
0.88	-0.011937
0.89	-0.024322
0.9	0.0065376
0.91	0.04454
0.92	0.03123
0.93	-0.019595
0.94	-0.055554
0.95	-0.033877
0.96	-0.00018222
0.97	0.0098446
0.98	0.010525
0.99	0.0072637
1	0.013901
1.01	0.028942
1.02	0.026571
1.03	-0.0021471
1.04	-0.022529
1.05	-0.01707
1.06	-0.015326
1.07	-0.023061
1.08	-0.027255
1.09	-0.0049326
1.1	0.035877
1.11	0.047569
1.12	0.016187
1.13	-0.028476
1.14	-0.054998
1.15	-0.057619
1.16	-0.037059
1.17	-0.017153
1.18	-0.020022
1.19	0.0029713
1.2	0.035209
1.21	0.040456
1.22	0.029955
1.23	0.030976
1.24	0.018713
1.25	-0.008888
1.26	-0.01356
1.27	0.016818
1.28	0.026446
1.29	-0.0024843
1.3	-0.049013
1.31	-0.080166
1.32	-0.077373
1.33	-0.032693
1.34	0.028805
1.35	0.085291
1.36	0.11331
1.37	0.095264
1.38	0.0024066
1.39	-0.0873
1.4	-0.10284
1.41	-0.064789
1.42	-0.020817
1.43	0.017763
1.44	0.036529
1.45	0.063221
1.46	0.10248
1.47	0.11898
1.48	0.098724
1.49	0.027433
1.5	-0.050083
1.51	-0.082328
1.52	-0.038572
1.53	7.3087e-05
1.54	0.012887
1.55	0.024446
1.56	0.052244
1.57	0.045854
1.58	-0.0081882
1.59	-0.055084
1.6	-0.068994
1.61	-0.048143
1.62	-0.019373
1.63	-0.029843
1.64	-0.043467
1.65	-0.03373
1.66	-0.019539
1.67	-0.02149
1.68	-0.025546
1.69	0.0031014
1.7	0.083252
1.71	0.13036
1.72	0.10053
1.73	0.038865
1.74	-0.018316
1.75	-0.051963
1.76	-0.061232
1.77	-0.078371
1.78	-0.077661
1.79	-0.010927
1.8	0.071929
1.81	0.11301
1.82	0.11669
1.83	0.052708
1.84	-0.034629
1.85	-0.064197
1.86	-0.064972
1.87	-0.058487
1.88	-0.013391
1.89	0.021168
1.9	0.022531
1.91	0.02671
1.92	0.028616
1.93	0.017875
1.94	-0.028218
1.95	-0.051136
1.96	-0.041129
1.97	-0.025567
1.98	-0.012056
1.99	-0.013373
2	-0.015393
2.01	0.016528
2.02	0.067352
2.03	0.079281
2.04	0.039096
2.05	-0.015788
2.06	-0.088265
2.07	-0.10009
2.08	-0.013198
2.09	0.073546
2.1	0.068509
2.11	-0.00070265
2.12	-0.021489
2.13	-0.00031804
2.14	0.013575
2.15	0.027257
2.16	0.013875
2.17	-0.018952
2.18	-0.044917
2.19	-0.063704
2.2	-0.046875
2.21	-0.022511
2.22	-0.050498
2.23	-0.078537
2.24	-0.06568
2.25	-0.033079
2.26	-0.00086134
2.27	0.0031308
2.28	-0.016562
2.29	-0.045362
2.3	-0.047975
2.31	0.0010862
2.32	0.073531
2.33	0.077622
2.34	0.018758
2.35	-0.0061581
2.36	0.028921
2.37	0.080826
2.38	0.085837
2.39	0.05177
2.4	0.036694
2.41	0.037246
2.42	0.03777
2.43	0.024603
2.44	-0.026954
2.45	-0.078891
2.46	-0.082272
2.47	-0.082254
2.48	-0.10577
2.49	-0.12129
2.5	-0.10609
2.51	-0.072209
2.52	-0.03682
2.53	-0.051297
2.54	-0.04782
2.55	0.0068064
2.56	0.095533
2.57	0.16636
2.58	0.19949
2.59	0.21146
2.6	0.23728
2.61	0.24354
2.62	0.18534
2.63	0.10335
2.64	0.059528
2.65	0.073112
2.66	0.1106
2.67	0.12355
2.68	0.12079
2.69	0.11051
2.7	0.10195
2.71	0.097171
2.72	0.070784
2.73	0.031208
2.74	0.0042294
2.75	-0.075395
2.76	-0.20317
2.77	-0.32493
2.78	-0.35904
2.79	-0.32879
2.8	-0.28901
2.81	-0.25809
2.82	-0.25754
2.83	-0.28988
2.84	-0.26042
2.85	-0.1764
2.86	-0.11894
2.87	-0.093253
2.88	-0.094122
2.89	-0.088196
2.9	-0.11741
2.91	-0.067269
2.92	0.097655
2.93	0.15757
2.94	0.087738
2.95	0.011518
2.96	-0.032254
2.97	-0.050226
2.98	-0.031385
2.99	0.038276
3	0.060533
3.01	0.049044
3.02	0.12069
3.03	0.19866
3.04	0.21247
3.05	0.19652
3.06	0.22798
3.07	0.25405
3.08	0.24603
3.09	0.24846
3.1	0.27036
3.11	0.25256
3.12	0.21323
3.13	0.1239
3.14	-0.058224
3.15	-0.25845
3.16	-0.30003
3.17	-0.1802
3.18	0.051556
3.19	0.18173
3.2	0.19519
3.21	0.17861
3.22	0.10877
3.23	-0.026589
3.24	-0.11551
3.25	-0.066944
3.26	0.081053
3.27	0.21123
3.28	0.24894
3.29	0.26503
3.3	0.27932
3.31	0.2729
3.32	0.23971
3.33	0.19557
3.34	0.097501
3.35	-0.0063154
3.36	-0.064341
3.37	-0.12358
3.38	-0.26118
3.39	-0.40152
3.4	-0.46292
3.41	-0.45705
3.42	-0.40673
3.43	-0.36238
3.44	-0.34763
3.45	-0.36922
3.46	-0.38975
3.47	-0.36609
3.48	-0.30643
3.49	-0.25421
3.5	-0.22259
3.51	-0.194
3.52	-0.18056
3.53	-0.17806
3.54	-0.17344
3.55	-0.08826
3.56	0.060111
3.57	0.10832
3.58	0.1029
3.59	0.086014
3.6	0.053104
3.61	0.02127
3.62	-0.0085435
3.63	-0.01953
3.64	0.0079307
3.65	0.062461
3.66	0.10986
3.67	0.12007
3.68	0.10344
3.69	0.10075
3.7	0.14103
3.71	0.19108
3.72	0.2324
3.73	0.24442
3.74	0.24274
3.75	0.27028
3.76	0.36912
3.77	0.45405
3.78	0.4607
3.79	0.44019
3.8	0.36085
3.81	0.28212
3.82	0.21619
3.83	0.082609
3.84	-0.082368
3.85	-0.16563
3.86	-0.16473
3.87	-0.12534
3.88	-0.071909
3.89	-0.11564
3.9	-0.2706
3.91	-0.41389
3.92	-0.4987
3.93	-0.54122
3.94	-0.54306
3.95	-0.50082
3.96	-0.46056
3.97	-0.47164
3.98	-0.50803
3.99	-0.47866
4	-0.28223
4.01	0.017416
4.02	0.18161
4.03	0.24062
4.04	0.29584
4.05	0.35198
4.06	0.41994
4.07	0.48892
4.08	0.55014
4.09	0.56005
4.1	0.51364
4.11	0.46821
4.12	0.45714
4.13	0.46802
4.14	0.4845
4.15	0.5324
4.16	0.53971
4.17	0.49355
4.18	0.3926
4.19	0.2296
4.2	0.064236
4.21	-0.099971
4.22	-0.28866
4.23	-0.39928
4.24	-0.43592
4.25	-0.47299
4.26	-0.56201
4.27	-0.66571
4.28	-0.7905
4.29	-0.70655
4.3	-0.43716
4.31	-0.31793
4.32	-0.30737
4.33	-0.28838
4.34	-0.20541
4.35	-0.076325
4.36	0.05089
4.37	0.16436
4.38	0.24101
4.39	0.29024
4.4	0.3327
4.41	0.40805
4.42	0.49719
4.43	0.52259
4.44	0.5845
4.45	0.72706
4.46	0.81695
4.47	0.80159
4.48	0.75351
4.49	0.72933
4.5	0.70145
4.51	0.61351
4.52	0.48395
4.53	0.34704
4.54	0.21935
4.55	0.15621
4.56	0.10007
4.57	-2.9679e-05
4.58	-0.1379
4.59	-0.27659
4.6	-0.36917
4.61	-0.44179
4.62	-0.53068
4.63	-0.66243
4.64	-0.8275
4.65	-0.97476
4.66	-1.1158
4.67	-1.2015
4.68	-1.2001
4.69	-1.126
4.7	-1.0328
4.71	-0.9416
4.72	-0.85022
4.73	-0.68289
4.74	-0.50544
4.75	-0.40001
4.76	-0.332
4.77	-0.29061
4.78	-0.29874
4.79	-0.27362
4.8	-0.20304
4.81	-0.12885
4.82	-0.059057
4.83	0.012195
4.84	0.058267
4.85	0.082031
4.86	0.080505
4.87	0.064248
4.88	0.076716
4.89	0.13072
4.9	0.20086
4.91	0.22935
4.92	0.24353
4.93	0.27685
4.94	0.30037
4.95	0.31533
4.96	0.33597
4.97	0.32576
4.98	0.30808
4.99	0.35105
5	0.4397
5.01	0.53756
5.02	0.60261
5.03	0.59063
5.04	0.4074
5.05	0.14162
5.06	-0.0086919
5.07	-0.071206
5.08	-0.14559
5.09	-0.21847
5.1	-0.19658
5.11	0.10232
5.12	0.49511
5.13	0.6695
5.14	0.74857
5.15	0.77336
5.16	0.75476
5.17	0.82134
5.18	0.96568
5.19	1.0533
5.2	1.0746
5.21	0.88486
5.22	0.66066
5.23	0.58748
5.24	0.58857
5.25	0.53767
5.26	0.43149
5.27	0.33936
5.28	0.22583
5.29	0.11088
5.3	-0.040733
5.31	-0.17939
5.32	-0.32969
5.33	-0.47223
5.34	-0.67605
5.35	-0.84456
5.36	-0.93099
5.37	-0.97213
5.38	-1.0206
5.39	-1.023
5.4	-1.0592
5.41	-1.0492
5.42	-1.235
5.43	-1.3715
5.44	-2.0344
5.45	-2.1233
5.46	-1.2833
5.47	-0.72668
5.48	-0.5153
5.49	-0.3853
5.5	-0.2631
5.51	-0.1878
5.52	-0.12667
5.53	-0.073699
5.54	-0.010886
5.55	0.039876
5.56	0.063555
5.57	0.072297
5.58	0.10173
5.59	0.12642
5.6	0.16142
5.61	0.2418
5.62	0.36669
5.63	0.41842
5.64	0.42045
5.65	0.45978
5.66	0.53029
5.67	0.52212
5.68	0.47373
5.69	0.48447
5.7	0.54864
5.71	0.5623
5.72	0.55195
5.73	0.53293
5.74	0.48634
5.75	0.45142
5.76	0.45789
5.77	0.47581
5.78	0.45896
5.79	0.43054
5.8	0.44728
5.81	0.47878
5.82	0.48653
5.83	0.49653
5.84	0.57531
5.85	0.71264
5.86	0.94583
5.87	1.0872
5.88	1.0284
5.89	0.69129
5.9	0.38386
5.91	0.28096
5.92	0.17008
5.93	0.073057
5.94	0.011815
5.95	-0.05902
5.96	-0.12945
5.97	-0.25236
5.98	-0.40261
5.99	-0.58293
6	-0.72604
6.01	-0.84417
6.02	-0.91661
6.03	-0.95638
6.04	-0.97339
6.05	-0.95924
6.06	-0.81484
6.07	-0.4409
6.08	-0.14244
6.09	-0.0217
6.1	0.041256
6.11	0.025766
6.12	0.040467
6.13	0.15732
6.14	0.22352
6.15	0.23017
6.16	0.2207
6.17	0.14602
6.18	-0.0044882
6.19	-0.1063
6.2	-0.15838
6.21	-0.20784
6.22	-0.19053
6.23	-0.17067
6.24	-0.18398
6.25	-0.1976
6.26	-0.17888
6.27	-0.13269
6.28	0.040693
6.29	0.24524
6.3	0.35574
6.31	0.43062
6.32	0.4956
6.33	0.51526
6.34	0.46861
6.35	0.40121
6.36	0.32746
6.37	0.29804
6.38	0.297
6.39	0.32159
6.4	0.32069
6.41	0.24717
6.42	0.13633
6.43	0.029627
6.44	-0.10087
6.45	-0.21395
6.46	-0.33268
6.47	-0.44334
6.48	-0.54938
6.49	-0.64283
6.5	-0.71929
6.51	-0.7531
6.52	-0.78733
6.53	-0.81487
6.54	-0.82047
6.55	-0.82521
6.56	-0.8396
6.57	-0.85322
6.58	-0.93952
6.59	-1.0763
6.6	-0.9288
6.61	-0.53295
6.62	-0.35653
6.63	-0.31323
6.64	-0.17912
6.65	-0.030602
6.66	0.085558
6.67	0.18276
6.68	0.25678
6.69	0.28299
6.7	0.26924
6.71	0.22678
6.72	0.15093
6.73	0.082831
6.74	0.055106
6.75	0.0087132
6.76	-0.0020693
6.77	0.052575
6.78	0.11744
6.79	0.2338
6.8	0.34854
6.81	0.3486
6.82	0.31441
6.83	0.28983
6.84	0.27444
6.85	0.27361
6.86	0.27559
6.87	0.25132
6.88	0.2048
6.89	0.16343
6.9	0.12359
6.91	0.087428
6.92	0.055289
6.93	0.05189
6.94	0.063676
6.95	0.1467
6.96	0.36933
6.97	0.50266
6.98	0.49918
6.99	0.49641
7	0.48835
7.01	0.46817
7.02	0.45381
7.03	0.46621
7.04	0.4794
7.05	0.49394
7.06	0.50683
7.07	0.5274
7.08	0.55779
7.09	0.63423
7.1	0.68946
7.11	0.67182
7.12	0.64239
7.13	0.6188
7.14	0.57069
7.15	0.47046
7.16	0.33912
7.17	0.25371
7.18	0.18279
7.19	0.10617
7.2	0.030584
7.21	-0.042375
7.22	-0.11661
7.23	-0.22655
7.24	-0.35034
7.25	-0.44626
7.26	-0.52711
7.27	-0.60325
7.28	-0.68308
7.29	-0.73299
7.3	-0.77673
7.31	-0.83531
7.32	-0.92296
7.33	-0.88325
7.34	-0.71226
7.35	-0.45108
7.36	-0.20424
7.37	0.0032509
7.38	0.17298
7.39	0.27084
7.4	0.30282
7.41	0.30673
7.42	0.30768
7.43	0.28732
7.44	0.27024
7.45	0.27018
7.46	0.27348
7.47	0.27058
7.48	0.25068
7.49	0.17925
7.5	0.077143
7.51	-0.032575
7.52	-0.12146
7.53	-0.22315
7.54	-0.40677
7.55	-0.52878
7.56	-0.55964
7.57	-0.5722
7.58	-0.58796
7.59	-0.64086
7.6	-0.70879
7.61	-0.69189
7.62	-0.63101
7.63	-0.41394
7.64	-0.10496
7.65	0.10529
7.66	0.22927
7.67	0.25922
7.68	0.25726
7.69	0.2364
7.7	0.21277
7.71	0.20036
7.72	0.19869
7.73	0.19378
7.74	0.17751
7.75	0.15388
7.76	0.12025
7.77	0.092987
7.78	0.079911
7.79	0.12303
7.8	0.1535
7.81	0.12547
7.82	0.11013
7.83	0.10188
7.84	0.10603
7.85	0.11129
7.86	0.13917
7.87	0.19769
7.88	0.25546
7.89	0.26676
7.9	0.25877
7.91	0.25501
7.92	0.24573
7.93	0.21417
7.94	0.1744
7.95	0.11413
7.96	0.039082
7.97	-0.053508
7.98	-0.16013
7.99	-0.25644
8	-0.34716
8.01	-0.41784
8.02	-0.48273
8.03	-0.52717
8.04	-0.56759
8.05	-0.60618
8.06	-0.62926
8.07	-0.67999
8.08	-0.7262
8.09	-0.7544
8.1	-0.73933
8.11	-0.73607
8.12	-0.78206
8.13	-0.83554
8.14	-0.78555
8.15	-0.63398
8.16	-0.43584
8.17	-0.24139
8.18	-0.076882
8.19	0.056448
8.2	0.14539
8.21	0.20095
8.22	0.26656
8.23	0.33774
8.24	0.41129
8.25	0.44853
8.26	0.44666
8.27	0.41768
8.28	0.38797
8.29	0.37412
8.3	0.3684
8.31	0.36932
8.32	0.38619
8.33	0.40327
8.34	0.41268
8.35	0.42135
8.36	0.42861
8.37	0.44119
8.38	0.47483
8.39	0.51254
8.4	0.54442
8.41	0.56186
8.42	0.55229
8.43	0.51222
8.44	0.44884
8.45	0.38461
8.46	0.34884
8.47	0.35545
8.48	0.36856
8.49	0.37721
8.5	0.37995
8.51	0.35432
8.52	0.28536
8.53	0.17863
8.54	0.079331
8.55	0.018066
8.56	0.034002
8.57	0.072188
8.58	0.10033
8.59	0.090222
8.6	0.037043
8.61	-0.045777
8.62	-0.1213
8.63	-0.18534
8.64	-0.23159
8.65	-0.28328
8.66	-0.32561
8.67	-0.36884
8.68	-0.39538
8.69	-0.40531
8.7	-0.38315
8.71	-0.31706
8.72	-0.2246
8.73	-0.14323
8.74	-0.10099
8.75	-0.087092
8.76	-0.091372
8.77	-0.082395
8.78	-0.052451
8.79	0.032615
8.8	0.11101
8.81	0.14296
8.82	0.15477
8.83	0.15931
8.84	0.16113
8.85	0.16403
8.86	0.15764
8.87	0.14266
8.88	0.10626
8.89	0.042909
8.9	-0.018711
8.91	-0.063671
8.92	-0.066728
8.93	-0.031154
8.94	0.0055467
8.95	0.036848
8.96	0.037632
8.97	0.021638
8.98	-0.017014
8.99	-0.067422
9	-0.11203
9.01	-0.1283
9.02	-0.10802
9.03	-0.051123
9.04	0.0060541
9.05	0.046327
9.06	0.041883
9.07	0.020655
9.08	-0.0036105
9.09	-0.034376
9.1	-0.067265
9.11	-0.093869
9.12	-0.11675
9.13	-0.14054
9.14	-0.15345
9.15	-0.16191
9.16	-0.17044
9.17	-0.17652
9.18	-0.17438
9.19	-0.16716
9.2	-0.15903
9.21	-0.16369
9.22	-0.17883
9.23	-0.2132
9.24	-0.24586
9.25	-0.2723
9.26	-0.28501
9.27	-0.28229
9.28	-0.27257
9.29	-0.26293
9.3	-0.25067
9.31	-0.23568
9.32	-0.21554
9.33	-0.16497
9.34	-0.086311
9.35	-0.017389
9.36	0.021632
9.37	0.041957
9.38	0.066267
9.39	0.10712
9.4	0.1553
9.41	0.18142
9.42	0.17203
9.43	0.12639
9.44	0.064648
9.45	0.0083864
9.46	-0.013899
9.47	-0.00098611
9.48	0.028158
9.49	0.055841
9.5	0.072778
9.51	0.082505
9.52	0.094371
9.53	0.10541
9.54	0.11399
9.55	0.11298
9.56	0.09655
9.57	0.067478
9.58	0.031629
9.59	0.011564
9.6	0.021679
9.61	0.064017
9.62	0.12377
9.63	0.16202
9.64	0.17203
9.65	0.17247
9.66	0.17007
9.67	0.16662
9.68	0.16427
9.69	0.16162
9.7	0.15885
9.71	0.15528
9.72	0.15067
9.73	0.14274
9.74	0.13263
9.75	0.11898
9.76	0.10642
9.77	0.10666
9.78	0.11047
9.79	0.1098
9.8	0.098381
9.81	0.066295
9.82	0.013164
9.83	-0.063359
9.84	-0.12237
9.85	-0.17203
9.86	-0.21122
9.87	-0.24243
9.88	-0.26911
9.89	-0.2904
9.9	-0.30433
9.91	-0.29919
9.92	-0.26968
9.93	-0.22876
9.94	-0.18362
9.95	-0.148
9.96	-0.12673
9.97	-0.10197
9.98	-0.065741
9.99	-0.014362
10	0.04321
10.01	0.08554
10.02	0.10607
10.03	0.11046
10.04	0.11501
10.05	0.11127
10.06	0.09154
10.07	0.076003
10.08	0.059776
10.09	0.031944
10.1	0.0048137
10.11	-0.0051279
10.12	-0.0032652
10.13	0.0038971
10.14	0.012763
10.15	0.016423
10.16	0.011603
10.17	3.8477e-06
10.18	-0.019368
10.19	-0.041328
10.2	-0.071041
10.21	-0.10535
10.22	-0.1173
10.23	-0.11132
10.24	-0.090712
10.25	-0.057118
10.26	-0.024576
10.27	0.010753
10.28	0.04869
10.29	0.080948
10.3	0.11048
10.31	0.12673
10.32	0.13733
10.33	0.15101
10.34	0.16534
10.35	0.17709
10.36	0.1843
10.37	0.17924
10.38	0.15935
10.39	0.12965
10.4	0.10098
10.41	0.081944
10.42	0.071156
10.43	0.061318
10.44	0.043987
10.45	0.014995
10.46	-0.0076313
10.47	-0.021452
10.48	-0.034824
10.49	-0.049559
10.5	-0.070173
10.51	-0.093743
10.52	-0.11153
10.53	-0.11669
10.54	-0.10837
10.55	-0.090849
10.56	-0.046376
10.57	0.015566
10.58	0.066695
10.59	0.090452
10.6	0.099689
10.61	0.10107
10.62	0.09522
10.63	0.086454
10.64	0.086673
10.65	0.095547
10.66	0.1002
10.67	0.085814
10.68	0.048135
10.69	-0.0075886
10.7	-0.057506
10.71	-0.077493
10.72	-0.071415
10.73	-0.04014
10.74	-0.0037587
10.75	0.011497
10.76	0.0063311
10.77	-0.0030431
10.78	-0.014499
10.79	-0.025384
10.8	-0.030858
10.81	-0.037749
10.82	-0.049307
10.83	-0.061035
10.84	-0.061631
10.85	-0.05162
10.86	-0.036689
10.87	-0.026013
10.88	-0.020719
10.89	-0.0215
10.9	-0.023396
10.91	-0.019433
10.92	-0.014829
10.93	-0.014268
10.94	-0.023364
10.95	-0.047803
10.96	-0.081117
10.97	-0.099312
10.98	-0.095129
10.99	-0.073431
11	-0.047824
11.01	-0.03206
11.02	-0.025152
11.03	-0.027283
11.04	-0.032604
11.05	-0.03076
11.06	-0.021419
11.07	-0.003593
11.08	0.015316
11.09	0.024085
11.1	0.022606
11.11	0.012369
11.12	-0.014834
11.13	-0.057853
11.14	-0.099547
11.15	-0.12425
11.16	-0.13356
11.17	-0.13889
11.18	-0.14163
11.19	-0.14442
11.2	-0.14745
11.21	-0.15635
11.22	-0.16877
11.23	-0.17324
11.24	-0.16685
11.25	-0.1478
11.26	-0.11652
11.27	-0.06899
11.28	-0.0017483
11.29	0.061266
11.3	0.11605
11.31	0.15122
11.32	0.16421
11.33	0.16995
11.34	0.16799
11.35	0.16247
11.36	0.14937
11.37	0.13339
11.38	0.11351
11.39	0.089527
11.4	0.051473
11.41	0.015825
11.42	0.00053382
11.43	-0.0015463
11.44	0.0027052
11.45	0.0076731
11.46	0.0086289
11.47	0.0058594
11.48	0.0041073
11.49	0.0084476
11.5	0.014674
11.51	0.021757
11.52	0.027758
11.53	0.03896
11.54	0.056052
11.55	0.08536
11.56	0.11857
11.57	0.13772
11.58	0.14048
11.59	0.13404
11.6	0.12788
11.61	0.12398
11.62	0.12328
11.63	0.12812
11.64	0.13161
11.65	0.14699
11.66	0.16964
11.67	0.18928
11.68	0.2062
11.69	0.21565
11.7	0.22246
11.71	0.22568
11.72	0.22326
11.73	0.21969
11.74	0.21363
11.75	0.20021
11.76	0.17608
11.77	0.14271
11.78	0.10072
11.79	0.052911
11.8	0.00067663
11.81	-0.048053
11.82	-0.089118
11.83	-0.12164
11.84	-0.15147
11.85	-0.19979
11.86	-0.26045
11.87	-0.312
11.88	-0.35438
11.89	-0.37303
11.9	-0.37982
11.91	-0.38345
11.92	-0.38703
11.93	-0.39036
11.94	-0.37718
11.95	-0.34739
11.96	-0.30833
11.97	-0.25892
11.98	-0.20761
11.99	-0.16748
12	-0.1308
12.01	-0.091377
12.02	-0.048922
12.03	-0.0098441
12.04	0.018976
12.05	0.028361
12.06	0.025925
12.07	0.020669
12.08	0.02608
12.09	0.042833
12.1	0.071156
12.11	0.097592
12.12	0.11345
12.13	0.11373
12.14	0.10867
12.15	0.097034
12.16	0.07739
12.17	0.02963
12.18	-0.038049
12.19	-0.081253
12.2	-0.087843
12.21	-0.080504
12.22	-0.060828
12.23	-0.028743
12.24	0.012845
12.25	0.058075
12.26	0.096837
12.27	0.13214
12.28	0.14088
12.29	0.12268
12.3	0.10792
12.31	0.10054
12.32	0.10555
12.33	0.12097
12.34	0.12269
12.35	0.11469
12.36	0.10692
12.37	0.10199
12.38	0.095581
12.39	0.085404
12.4	0.066076
12.41	0.047135
12.42	0.020227
12.43	-0.021585
12.44	-0.060274
12.45	-0.087883
12.46	-0.094388
12.47	-0.088892
12.48	-0.075457
12.49	-0.057916
12.5	-0.039767
12.51	-0.023199
12.52	-0.008404
12.53	0.00542
12.54	0.026417
12.55	0.044057
12.56	0.050582
12.57	0.050221
12.58	0.040445
12.59	0.025931
12.6	0.021121
12.61	0.024415
12.62	0.030337
12.63	0.035217
12.64	0.034941
12.65	0.028531
12.66	0.011883
12.67	-0.017542
12.68	-0.046914
12.69	-0.05715
12.7	-0.057075
12.71	-0.048623
12.72	-0.033882
12.73	-0.010411
12.74	0.016662
12.75	0.033973
12.76	0.036449
12.77	0.022743
12.78	0.0023318
12.79	-0.012411
12.8	-0.017898
12.81	-0.0055864
12.82	0.02585
12.83	0.055883
12.84	0.083784
12.85	0.09723
12.86	0.082868
12.87	0.053848
12.88	0.022285
12.89	8.6352e-05
12.9	-0.0065111
12.91	-0.0037341
12.92	0.005138
12.93	0.013591
12.94	0.011147
12.95	-0.007262
12.96	-0.034484
12.97	-0.056917
12.98	-0.068236
12.99	-0.075589
13	-0.076896
13.01	-0.076746
13.02	-0.074575
13.03	-0.071626
13.04	-0.061481
13.05	-0.040644
13.06	-0.012412
13.07	0.016291
13.08	0.042228
13.09	0.057722
13.1	0.064648
13.11	0.064289
13.12	0.055926
13.13	0.040221
13.14	0.020668
13.15	0.0097504
13.16	0.01646
13.17	0.029156
13.18	0.042939
13.19	0.0497
13.2	0.037836
13.21	0.011314
13.22	-0.016337
13.23	-0.035951
13.24	-0.044336
13.25	-0.043422
13.26	-0.031744
13.27	-0.016926
13.28	-0.005396
13.29	0.005381
13.3	0.017931
13.31	0.037066
13.32	0.056888
13.33	0.064935
13.34	0.067421
13.35	0.063023
13.36	0.055957
13.37	0.052161
13.38	0.04672
13.39	0.037296
13.4	0.023652
13.41	0.0093752
13.42	-0.00067258
13.43	0.00074014
13.44	0.0070728
13.45	0.014152
13.46	0.017691
13.47	0.013702
13.48	-0.0039681
13.49	-0.029574
13.5	-0.059277
13.51	-0.08557
13.52	-0.10092
13.53	-0.10715
13.54	-0.10196
13.55	-0.090113
13.56	-0.076081
13.57	-0.06592
13.58	-0.065301
13.59	-0.070757
13.6	-0.082036
13.61	-0.093044
13.62	-0.10282
13.63	-0.1121
13.64	-0.1228
13.65	-0.1233
13.66	-0.11366
13.67	-0.094484
13.68	-0.067226
13.69	-0.041533
13.7	-0.028991
13.71	-0.030545
13.72	-0.033198
13.73	-0.034259
13.74	-0.031082
13.75	-0.024818
13.76	-0.0076159
13.77	0.016113
13.78	0.032672
13.79	0.043271
13.8	0.04926
13.81	0.048234
13.82	0.046969
13.83	0.046198
13.84	0.046237
13.85	0.04525
13.86	0.044688
13.87	0.045998
13.88	0.062558
13.89	0.083672
13.9	0.09724
13.91	0.10814
13.92	0.12216
13.93	0.12637
13.94	0.11982
13.95	0.099462
13.96	0.057465
13.97	0.014155
13.98	-0.022591
13.99	-0.036809
14	-0.020765
14.01	-0.0053626
14.02	-0.0054266
14.03	-0.019883
14.04	-0.045948
14.05	-0.059322
14.06	-0.063822
14.07	-0.06205
14.08	-0.060743
14.09	-0.062734
14.1	-0.06907
14.11	-0.075505
14.12	-0.072288
14.13	-0.057994
14.14	-0.04304
14.15	-0.027444
14.16	-0.016345
14.17	-0.0056742
14.18	0.0028809
14.19	0.013873
14.2	0.02935
14.21	0.053632
14.22	0.0803
14.23	0.10195
14.24	0.12307
14.25	0.14056
14.26	0.1491
14.27	0.14451
14.28	0.13515
14.29	0.12786
14.3	0.12665
14.31	0.12639
14.32	0.12291
14.33	0.1175
14.34	0.10304
14.35	0.0814
14.36	0.051836
14.37	0.014483
14.38	-0.021619
14.39	-0.051046
14.4	-0.068823
14.41	-0.078081
14.42	-0.083279
14.43	-0.089751
14.44	-0.097715
14.45	-0.10489
14.46	-0.10596
14.47	-0.10042
14.48	-0.094826
14.49	-0.090406
14.5	-0.081582
14.51	-0.064718
14.52	-0.032552
14.53	0.010687
14.54	0.048707
14.55	0.066115
14.56	0.077971
14.57	0.085819
14.58	0.091682
14.59	0.092229
14.6	0.083656
14.61	0.060435
14.62	0.020874
14.63	-0.030088
14.64	-0.071137
14.65	-0.092358
14.66	-0.10443
14.67	-0.11714
14.68	-0.12939
14.69	-0.13372
14.7	-0.13426
14.71	-0.12803
14.72	-0.11142
14.73	-0.078255
14.74	-0.034097
14.75	0.0090181
14.76	0.031391
14.77	0.046516
14.78	0.050569
14.79	0.046508
14.8	0.03804
14.81	0.02392
14.82	0.0051586
14.83	-0.00030572
14.84	0.012045
14.85	0.03951
14.86	0.062641
14.87	0.067542
14.88	0.063943
14.89	0.051683
14.9	0.034787
14.91	0.020841
14.92	0.011314
14.93	0.0032017
14.94	0.0043549
14.95	0.0097401
14.96	0.013864
14.97	0.01779
14.98	0.020398
14.99	0.021385
15	0.021282
15.01	0.013724
15.02	0.0071004
15.03	-0.0019996
15.04	-0.0064473
15.05	-0.0082968
15.06	-0.012206
15.07	-0.0092055
15.08	-0.0039173
15.09	-0.00024578
15.1	-0.0042853
15.11	-0.011517
15.12	-0.020403
15.13	-0.029276
15.14	-0.030024
15.15	-0.026841
15.16	-0.02409
15.17	-0.02499
15.18	-0.023003
15.19	-0.016058
15.2	0.0032552
15.21	0.016906
15.22	0.020134
15.23	0.010514
15.24	0.0060935
15.25	0.0053473
15.26	0.006882
15.27	0.010335
15.28	0.008857
15.29	0.0094544
15.3	0.012025
15.31	0.014321
15.32	0.01083
15.33	0.0016228
15.34	-0.01067
15.35	-0.021091
15.36	-0.029853
15.37	-0.039464
15.38	-0.052476
15.39	-0.060989
15.4	-0.063928
15.41	-0.063787
15.42	-0.059358
15.43	-0.053695
15.44	-0.048506
15.45	-0.048687
15.46	-0.050696
15.47	-0.047071
15.48	-0.033525
15.49	-0.013698
15.5	0.0062288
15.51	0.018158
15.52	0.025542
15.53	0.024881
15.54	0.019764
15.55	0.01719
15.56	0.021269
15.57	0.033183
15.58	0.046319
15.59	0.052655
15.6	0.050331
15.61	0.042601
15.62	0.025402
15.63	0.004962
15.64	-0.019069
15.65	-0.034377
15.66	-0.037181
15.67	-0.039193
15.68	-0.034004
15.69	-0.027449
15.7	-0.012996
15.71	0.0022053
15.72	0.013659
15.73	0.018943
15.74	0.021795
15.75	0.029903
15.76	0.039134
15.77	0.042625
15.78	0.035794
15.79	0.028599
15.8	0.027146
15.81	0.033343
15.82	0.048671
15.83	0.066857
15.84	0.084705
15.85	0.093771
15.86	0.097677
15.87	0.098182
15.88	0.088511
15.89	0.072099
15.9	0.050333
15.91	0.019078
15.92	-0.014006
15.93	-0.028575
15.94	-0.034624
15.95	-0.039703
15.96	-0.040701
15.97	-0.038545
15.98	-0.038605
15.99	-0.029508
16	-0.01203
16.01	0.0025584
16.02	0.017893
16.03	0.033211
16.04	0.050946
16.05	0.066085
16.06	0.077127
16.07	0.086106
16.08	0.085553
16.09	0.074659
16.1	0.061071
16.11	0.054456
16.12	0.050677
16.13	0.047098
16.14	0.039354
16.15	0.033557
16.16	0.020611
16.17	5.0456e-05
16.18	-0.032202
16.19	-0.063497
16.2	-0.090785
16.21	-0.11642
16.22	-0.13882
16.23	-0.15822
16.24	-0.16978
16.25	-0.16855
16.26	-0.15613
16.27	-0.13657
16.28	-0.11284
16.29	-0.089763
16.3	-0.068713
16.31	-0.053964
16.32	-0.047876
16.33	-0.04545
16.34	-0.040459
16.35	-0.032242
16.36	-0.024585
16.37	-0.02262
16.38	-0.022583
16.39	-0.018065
16.4	-0.0067643
16.41	0.010093
16.42	0.029938
16.43	0.042396
16.44	0.047436
16.45	0.055552
16.46	0.066958
16.47	0.072963
16.48	0.071377
16.49	0.063877
16.5	0.048179
16.51	0.026665
16.52	0.0057714
16.53	-0.0087879
16.54	-0.020658
16.55	-0.029068
16.56	-0.037045
16.57	-0.038082
16.58	-0.022934
16.59	-0.0018251
16.6	0.012559
16.61	0.015873
16.62	0.010981
16.63	0.0064801
16.64	0.0015438
16.65	0.0027165
16.66	0.012959
16.67	0.020192
16.68	0.020627
16.69	0.023736
16.7	0.033578
16.71	0.048753
16.72	0.059971
16.73	0.05924
16.74	0.053978
16.75	0.044842
16.76	0.028596
16.77	0.0084362
16.78	-0.011388
16.79	-0.018621
16.8	-0.02113
16.81	-0.029902
16.82	-0.039665
16.83	-0.046945
16.84	-0.054391
16.85	-0.062825
16.86	-0.066575
16.87	-0.067681
16.88	-0.06216
16.89	-0.054794
16.9	-0.040301
16.91	-0.018546
16.92	0.0038879
16.93	0.019844
16.94	0.027042
16.95	0.03183
16.96	0.037793
16.97	0.043396
16.98	0.050872
16.99	0.056749
17	0.05892
17.01	0.058529
17.02	0.053049
17.03	0.043619
17.04	0.037123
17.05	0.029146
17.06	0.018242
17.07	0.005011
17.08	-0.009527
17.09	-0.020937
17.1	-0.026416
17.11	-0.027497
17.12	-0.031197
17.13	-0.037238
17.14	-0.045139
17.15	-0.053883
17.16	-0.057507
17.17	-0.055274
17.18	-0.048434
17.19	-0.042362
17.2	-0.026872
17.21	-0.0066466
17.22	0.018457
17.23	0.042269
17.24	0.059848
17.25	0.064935
17.26	0.066853
17.27	0.065053
17.28	0.062947
17.29	0.061508
17.3	0.057843
17.31	0.056289
17.32	0.056729
17.33	0.05414
17.34	0.051331
17.35	0.045389
17.36	0.03565
17.37	0.022242
17.38	0.0046394
17.39	-0.00859
17.4	-0.011836
17.41	-0.011247
17.42	-0.009265
17.43	-0.012942
17.44	-0.024539
17.45	-0.043824
17.46	-0.066932
17.47	-0.082071
17.48	-0.088309
17.49	-0.086983
17.5	-0.083944
17.51	-0.081923
17.52	-0.082
17.53	-0.08199
17.54	-0.080671
17.55	-0.076499
17.56	-0.069818
17.57	-0.061127
17.58	-0.051285
17.59	-0.036369
17.6	-0.0032214
17.61	0.032974
17.62	0.065681
17.63	0.085408
17.64	0.085107
17.65	0.077135
17.66	0.068716
17.67	0.063148
17.68	0.055095
17.69	0.05366
17.7	0.054179
17.71	0.061177
17.72	0.066199
17.73	0.069529
17.74	0.069522
17.75	0.067614
17.76	0.06161
17.77	0.054828
17.78	0.041357
17.79	0.028712
17.8	0.012799
17.81	-0.0058978
17.82	-0.032246
17.83	-0.048838
17.84	-0.046906
17.85	-0.037036
17.86	-0.022958
17.87	-0.013019
17.88	-0.01416
17.89	-0.019988
17.9	-0.021423
17.91	-0.018151
17.92	-0.01241
17.93	-0.0036041
17.94	0.0036352
17.95	0.0080899
17.96	0.0089811
17.97	0.0062428
17.98	-0.0028029
17.99	-0.014218
18	-0.015284
18.01	-0.014122
18.02	-0.007815
18.03	-0.00039754
18.04	0.0083844
18.05	0.018047
18.06	0.028793
18.07	0.04484
18.08	0.05809
18.09	0.058971
18.1	0.052195
18.11	0.043646
18.12	0.039259
18.13	0.042199
18.14	0.040234
18.15	0.032603
18.16	0.015748
18.17	-0.010833
18.18	-0.043442
18.19	-0.073841
18.2	-0.10033
18.21	-0.11361
18.22	-0.11954
18.23	-0.11926
18.24	-0.1102
18.25	-0.098103
18.26	-0.07706
18.27	-0.049534
18.28	-0.024828
18.29	-0.0027004
18.3	0.013315
18.31	0.028614
18.32	0.03835
18.33	0.042786
18.34	0.044147
18.35	0.042411
18.36	0.037401
18.37	0.028757
18.38	0.019297
18.39	0.008873
18.4	-0.008974
18.41	-0.040793
18.42	-0.056754
18.43	-0.061332
18.44	-0.066289
18.45	-0.067159
18.46	-0.067704
18.47	-0.066391
18.48	-0.062492
18.49	-0.05621
18.5	-0.047666
18.51	-0.038052
18.52	-0.026309
18.53	-0.0074136
18.54	0.018908
18.55	0.040468
18.56	0.052625
18.57	0.057889
18.58	0.066074
18.59	0.067633
18.6	0.06686
18.61	0.059244
18.62	0.047325
18.63	0.032583
18.64	0.021076
18.65	0.016752
18.66	0.011317
18.67	0.0046864
18.68	0.00053174
18.69	-0.0053626
18.7	-0.0058256
18.71	-0.0077541
18.72	-0.01766
18.73	-0.03329
18.74	-0.04318
18.75	-0.054523
18.76	-0.061306
18.77	-0.065566
18.78	-0.068813
18.79	-0.062845
18.8	-0.05213
18.81	-0.0409
18.82	-0.031711
18.83	-0.023114
18.84	-0.01331
18.85	0.0030228
18.86	0.022714
18.87	0.045666
18.88	0.064519
18.89	0.078407
18.9	0.08731
18.91	0.092298
18.92	0.091366
18.93	0.085466
18.94	0.075404
18.95	0.060051
18.96	0.043137
18.97	0.023618
18.98	0.010583
18.99	0.0067159
19	0.011476
19.01	0.015848
19.02	0.01814
19.03	0.020747
19.04	0.023589
19.05	0.02816
19.06	0.038003
19.07	0.040395
19.08	0.03543
19.09	0.02201
19.1	0.0088963
19.11	0.0038644
19.12	0.002766
19.13	0.0017012
19.14	-0.0033043
19.15	-0.013984
19.16	-0.020754
19.17	-0.019715
19.18	-0.012561
19.19	-0.0021729
19.2	0.011393
19.21	0.025334
19.22	0.041805
19.23	0.05029
19.24	0.050844
19.25	0.046462
19.26	0.033738
19.27	0.020602
19.28	0.0029191
19.29	-0.022398
19.3	-0.043569
19.31	-0.058615
19.32	-0.072039
19.33	-0.086826
19.34	-0.097493
19.35	-0.095555
19.36	-0.079356
19.37	-0.051358
19.38	-0.022906
19.39	-0.00085895
19.4	0.0049226
19.41	0.0054836
19.42	0.0054555
19.43	-0.0006136
19.44	-0.0079757
19.45	-0.01646
19.46	-0.021551
19.47	-0.018734
19.48	-0.0068547
19.49	0.010001
19.5	0.02804
19.51	0.048789
19.52	0.065301
19.53	0.073181
19.54	0.0756
19.55	0.067517
19.56	0.053784
19.57	0.044855
19.58	0.039473
19.59	0.03351
19.6	0.028409
19.61	0.021206
19.62	0.0095755
19.63	-0.0032775
19.64	-0.022072
19.65	-0.046629
19.66	-0.064482
19.67	-0.075599
19.68	-0.084411
19.69	-0.087231
19.7	-0.083064
19.71	-0.072249
19.72	-0.059133
19.73	-0.035995
19.74	-0.010605
19.75	0.01197
19.76	0.030635
19.77	0.036323
19.78	0.032849
19.79	0.029565
19.8	0.026671
19.81	0.025042
19.82	0.028669
19.83	0.028177
19.84	0.029152
19.85	0.02906
19.86	0.026903
19.87	0.023542
19.88	0.014799
19.89	-0.005811
19.9	-0.033365
19.91	-0.05569
19.92	-0.063134
19.93	-0.060119
19.94	-0.051977
19.95	-0.045503
19.96	-0.036098
19.97	-0.02951
19.98	-0.02145
19.99	-0.014621
20	-0.014046
20.01	-0.012253
20.02	-0.011632
20.03	-0.0057102
20.04	0.0057984
20.05	0.01777
20.06	0.022272
20.07	0.023601
20.08	0.021861
20.09	0.016052
20.1	0.010948
20.11	0.0095386
20.12	0.0084566
20.13	0.0094043
20.14	0.0056245
20.15	-0.0032488
20.16	-0.0082387
20.17	-0.0079201
20.18	-0.0051815
20.19	0.0012187
20.2	0.0013063
20.21	-0.00035452
20.22	-0.008185
20.23	-0.013573
20.24	-0.018964
20.25	-0.020968
20.26	-0.02454
20.27	-0.033714
20.28	-0.049236
20.29	-0.060785
20.3	-0.064706
20.31	-0.059162
20.32	-0.049399
20.33	-0.039455
20.34	-0.032001
20.35	-0.024205
20.36	-0.014195
20.37	-0.0075594
20.38	-0.0016432
20.39	0.0067049
20.4	0.012421
20.41	0.020283
20.42	0.029563
20.43	0.037099
20.44	0.045871
20.45	0.057065
20.46	0.060766
20.47	0.060097
20.48	0.058921
20.49	0.051362
20.5	0.04506
20.51	0.042062
20.52	0.037787
20.53	0.030253
20.54	0.017376
20.55	0.0047871
20.56	-0.0045568
20.57	-0.010178
20.58	-0.0079259
20.59	-0.0037543
20.6	-0.0017416
20.61	-0.00122
20.62	0.0036725
20.63	0.0057153
20.64	0.0051909
20.65	0.0049369
20.66	0.0060113
20.67	0.0065473
20.68	0.005851
20.69	0.011188
20.7	0.019244
20.71	0.026736
20.72	0.034749
20.73	0.040385
20.74	0.039791
20.75	0.039618
20.76	0.042543
20.77	0.045778
20.78	0.045141
20.79	0.038519
20.8	0.036019
20.81	0.034482
20.82	0.030178
20.83	0.021749
20.84	0.011379
20.85	-0.0030249
20.86	-0.013473
20.87	-0.021442
20.88	-0.025066
20.89	-0.030025
20.9	-0.03643
20.91	-0.043961
20.92	-0.052126
20.93	-0.056244
20.94	-0.05639
20.95	-0.053681
20.96	-0.049391
20.97	-0.045861
20.98	-0.041858
20.99	-0.042558
21	-0.043931
21.01	-0.046934
21.02	-0.051047
21.03	-0.055981
21.04	-0.056153
21.05	-0.050485
21.06	-0.03879
21.07	-0.022948
21.08	-7.0608e-05
21.09	0.02687
21.1	0.049944
21.11	0.060717
21.12	0.066447
21.13	0.064605
21.14	0.059215
21.15	0.054646
21.16	0.04918
21.17	0.039289
21.18	0.026965
21.19	0.016156
21.2	0.0068667
21.21	0.0011444
21.22	-0.0060822
21.23	-0.013789
21.24	-0.019519
21.25	-0.025312
21.26	-0.025043
21.27	-0.018367
21.28	-0.015341
21.29	-0.017408
21.3	-0.018365
21.31	-0.02129
21.32	-0.023086
21.33	-0.020769
21.34	-0.022564
21.35	-0.025227
21.36	-0.023951
21.37	-0.02634
21.38	-0.02601
21.39	-0.019518
21.4	-0.0062151
21.41	0.010015
21.42	0.028828
21.43	0.043856
21.44	0.050154
21.45	0.052205
21.46	0.05115
21.47	0.048003
21.48	0.044169
21.49	0.04052
21.5	0.036976
21.51	0.033585
21.52	0.029447
21.53	0.022407
21.54	0.015331
21.55	0.0032421
21.56	-0.011269
21.57	-0.025185
21.58	-0.030032
21.59	-0.028835
21.6	-0.026469
21.61	-0.016109
21.62	-0.003036
21.63	0.0096471
21.64	0.016841
21.65	0.020287
21.66	0.021255
21.67	0.025104
21.68	0.026066
21.69	0.02808
21.7	0.029428
21.71	0.026094
21.72	0.023095
21.73	0.014132
21.74	0.0016495
21.75	-0.018377
21.76	-0.034993
21.77	-0.042354
21.78	-0.04416
21.79	-0.032316
21.8	-0.013013
21.81	-5.0489e-06
21.82	0.0068946
21.83	0.012732
21.84	0.017461
21.85	0.01947
21.86	0.017266
21.87	0.010333
21.88	0.0019807
21.89	-0.0019756
21.9	-0.0048654
21.91	-0.011155
21.92	-0.018541
21.93	-0.02436
21.94	-0.024014
21.95	-0.022867
21.96	-0.017594
21.97	-0.015138
21.98	-0.016381
21.99	-0.015795
22	-0.012462
22.01	-0.0070131
22.02	0.0010687
22.03	0.0092871
22.04	0.012305
22.05	0.0084263
22.06	-0.0029935
22.07	-0.014429
22.08	-0.020544
22.09	-0.018297
22.1	-0.01342
22.11	-0.0044422
22.12	0.0023351
22.13	0.0053815
22.14	0.0055158
22.15	0.0032417
22.16	6.4764e-06
22.17	-0.003168
22.18	-0.010222
22.19	-0.013538
22.2	-0.013371
22.21	-0.013343
22.22	-0.013937
22.23	-0.019587
22.24	-0.025706
22.25	-0.031661
22.26	-0.03918
22.27	-0.037703
22.28	-0.038369
22.29	-0.036329
22.3	-0.031425
22.31	-0.024253
22.32	-0.019858
22.33	-0.011534
22.34	-0.0062282
22.35	-0.0018398
22.36	0.0017292
22.37	0.0067958
22.38	0.0083485
22.39	0.015059
22.4	0.018909
22.41	0.019079
22.42	0.01733
22.43	0.011708
22.44	0.0051485
22.45	0.0026989
22.46	-0.0027555
22.47	-0.0058177
22.48	-0.010283
22.49	-0.013415
22.5	-0.012192
22.51	-0.01597
22.52	-0.016976
22.53	-0.014967
22.54	-0.013786
22.55	-0.0092097
22.56	-0.0053626
22.57	-0.0020055
22.58	0.0047209
22.59	0.010689
22.6	0.014669
22.61	0.02351
22.62	0.032662
22.63	0.039159
22.64	0.045745
22.65	0.052188
22.66	0.056387
22.67	0.058218
22.68	0.057383
22.69	0.049967
22.7	0.041661
22.71	0.034057
22.72	0.023914
22.73	0.010033
22.74	-0.0014596
22.75	-0.0088678
22.76	-0.014325
22.77	-0.020136
22.78	-0.026908
22.79	-0.030105
22.8	-0.022605
22.81	-0.01633
22.82	-0.0095859
22.83	-0.002843
22.84	-0.0024355
22.85	-0.007538
22.86	-0.01076
22.87	-0.01226
22.88	-0.013666
22.89	-0.01327
22.9	-0.010947
22.91	-0.0034386
22.92	0.0046036
22.93	0.014008
22.94	0.02197
22.95	0.026819
22.96	0.027859
22.97	0.029448
22.98	0.032006
22.99	0.031772
23	0.033653
23.01	0.034751
23.02	0.03222
23.03	0.026845
23.04	0.01932
23.05	0.010603
23.06	-0.00037177
23.07	-0.010039
23.08	-0.01694
23.09	-0.020976
23.1	-0.025592
23.11	-0.030083
23.12	-0.033724
23.13	-0.035245
23.14	-0.034875
23.15	-0.030981
23.16	-0.023633
23.17	-0.017532
23.18	-0.014553
23.19	-0.011788
23.2	-0.005769
23.21	0.0026334
23.22	0.0092104
23.23	0.012933
23.24	0.01011
23.25	0.0060247
23.26	0.0044316
23.27	0.0015149
23.28	-0.0041067
23.29	-0.0092706
23.3	-0.014937
23.31	-0.014457
23.32	-0.010784
23.33	-0.0044228
23.34	-0.001781
23.35	0.00083547
23.36	0.0036762
23.37	0.0069656
23.38	0.0091665
23.39	0.012016
23.4	0.013928
23.41	0.012878
23.42	0.0081803
23.43	0.0039847
23.44	-0.0003157
23.45	-0.0027338
23.46	-0.0033795
23.47	-0.0023581
23.48	-0.0014575
23.49	0.0035361
23.5	0.0083727
23.51	0.011089
23.52	0.013529
23.53	0.015163
23.54	0.013891
23.55	0.0093702
23.56	0.0027246
23.57	-0.0029879
23.58	-0.0053471
23.59	-0.0043327
23.6	-0.001591
23.61	0.0030332
23.62	0.0067246
23.63	0.0089921
23.64	0.0093797
23.65	0.0094539
23.66	0.0079752
23.67	0.0059194
23.68	0.0035309
23.69	-0.0025733
23.7	-0.0094234
23.71	-0.016955
23.72	-0.022874
23.73	-0.025458
23.74	-0.025239
23.75	-0.020726
23.76	-0.015768
23.77	-0.0106
23.78	-0.0061482
23.79	-0.0011726
23.8	0.0055808
23.81	0.010439
23.82	0.012472
23.83	0.011306
23.84	0.0082676
23.85	0.0053327
23.86	0.001077
23.87	-0.0039006
23.88	-0.0085525
23.89	-0.014309
23.9	-0.018015
23.91	-0.018741
23.92	-0.017555
23.93	-0.015393
23.94	-0.013527
23.95	-0.012171
23.96	-0.010081
23.97	-0.0088156
23.98	-0.008142
23.99	-0.006989
24	-0.0048446
24.01	-0.0012684
24.02	0.0024428
24.03	0.0058108
24.04	0.0080991
24.05	0.0088233
24.06	0.0098871
24.07	0.010144
24.08	0.010916
24.09	0.011173
24.1	0.011381
24.11	0.011251
24.12	0.011075
24.13	0.009788
24.14	0.0083309
24.15	0.0071622
24.16	0.0059108
24.17	0.0045015
24.18	0.0028156
24.19	0.0016267
24.2	0.00036728
24.21	-0.0012242
24.22	-0.0028443
24.23	-0.0038818
24.24	-0.0043825
24.25	-0.0039815
24.26	-0.0033363
24.27	-0.0028903
24.28	-0.0020218
24.29	-0.00090045
24.3	0.00053822
24.31	0.0015327
24.32	0.0022002
24.33	0.00225
24.34	0.0017378
24.35	0.0012628
24.36	0.00086543
24.37	0.00051598
24.38	0.00033141
24.39	9.674e-05
24.4	-0.00013825
24.41	-0.00023266
24.42	-0.00046905
24.43	-0.0007997
24.44	-0.0012953
24.45	-0.0018841
24.46	-0.0022962
24.47	-0.0023431
24.48	-0.0021374
24.49	-0.0018772
24.5	-0.0016183
24.51	-0.0013766
24.52	-0.0011503
24.53	-0.00094691
24.54	-0.00082842
24.55	-0.00068732
24.56	-0.00049182
24.57	-0.00035092
24.58	-0.00014313
24.59	7.1858e-05
24.6	0.00023114
24.61	0.00030616
24.62	0.00036164
24.63	0.00037286
24.64	0.00036932
24.65	0.00038664
24.66	0.00038855
24.67	0.00036186
24.68	0.00033321
24.69	0.00032147
24.7	0.00034866
24.71	0.00037339
24.72	0.00040043
24.73	0.00040672
24.74	0.0004119
24.75	0.00042332
24.76	0.00043826
24.77	0.00044734
24.78	0.00044936
24.79	0.0004451
24.8	0.00043436
24.81	0.00041714
24.82	0.00039913
24.83	0.00037995
24.84	0.0003592
24.85	0.0003361
24.86	0.00031197
24.87	0.00028512
24.88	0.00025701
24.89	0.00022751
24.9	0.0001977
24.91	0.00016719
24.92	0.00013657
24.93	0.00010557
24.94	7.4503e-05
24.95	4.3294e-05
24.96	1.213e-05
24.97	-1.8946e-05
24.98	-4.9822e-05
