0	0.00072944
0.01	0.00092139
0.02	0.0011438
0.03	0.0011122
0.04	0.001164
0.05	0.0013057
0.06	0.0014541
0.07	0.0014876
0.08	0.001376
0.09	0.0012011
0.1	0.0010846
0.11	0.00099145
0.12	0.00078989
0.13	0.00051697
0.14	0.00031212
0.15	0.00020243
0.16	0.000147
0.17	0.0001332
0.18	0.00016365
0.19	0.0002108
0.2	0.00015474
0.21	-0.00013119
0.22	-0.00063971
0.23	-0.0012224
0.24	-0.001625
0.25	-0.0016772
0.26	-0.0015769
0.27	-0.0017598
0.28	-0.0022614
0.29	-0.0026319
0.3	-0.0025602
0.31	-0.0021662
0.32	-0.0018196
0.33	-0.0017316
0.34	-0.0019168
0.35	-0.0023638
0.36	-0.0029108
0.37	-0.0034074
0.38	-0.0038664
0.39	-0.0039304
0.4	-0.0031168
0.41	-0.0019298
0.42	-0.0012994
0.43	-0.0012801
0.44	-0.001523
0.45	-0.0019798
0.46	-0.002381
0.47	-0.0022002
0.48	-0.0014824
0.49	-0.00060856
0.5	0.00014065
0.51	9.8601e-05
0.52	-0.00078942
0.53	-0.0014649
0.54	-0.0012091
0.55	-5.5921e-05
0.56	0.0013234
0.57	0.0014734
0.58	-0.00051377
0.59	-0.0032862
0.6	-0.0047782
0.61	-0.0045102
0.62	-0.003467
0.63	-0.0027659
0.64	-0.0027673
0.65	-0.0030769
0.66	-0.0029564
0.67	-0.0019317
0.68	9.8624e-05
0.69	0.0021874
0.7	0.0019837
0.71	-0.0013934
0.72	-0.0050651
0.73	-0.0058283
0.74	-0.0040548
0.75	-0.0022737
0.76	-0.0013374
0.77	0.00010264
0.78	0.0024424
0.79	0.0052774
0.8	0.009349
0.81	0.014585
0.82	0.018259
0.83	0.018048
0.84	0.014574
0.85	0.0089899
0.86	0.0031839
0.87	0.00013793
0.88	-0.00061806
0.89	-0.0016788
0.9	-0.0023966
0.91	-0.00079643
0.92	0.0020627
0.93	0.0039998
0.94	0.0059746
0.95	0.0089948
0.96	0.011115
0.97	0.011098
0.98	0.0085122
0.99	0.0026729
1	-0.0038241
1.01	-0.0059077
1.02	-0.0023239
1.03	0.0037425
1.04	0.0097907
1.05	0.015149
1.06	0.018189
1.07	0.016623
1.08	0.010751
1.09	0.0045828
1.1	0.0029965
1.11	0.0063095
1.12	0.0073011
1.13	-0.00064016
1.14	-0.012682
1.15	-0.019082
1.16	-0.017259
1.17	-0.011132
1.18	-0.0062876
1.19	-0.0069485
1.2	-0.011966
1.21	-0.017212
1.22	-0.021985
1.23	-0.02638
1.24	-0.02867
1.25	-0.026742
1.26	-0.019639
1.27	-0.010628
1.28	-0.0052787
1.29	-0.0047709
1.3	-0.0044474
1.31	-0.00096582
1.32	0.0039065
1.33	0.006578
1.34	0.0054442
1.35	0.0036738
1.36	0.0061417
1.37	0.0087123
1.38	0.002234
1.39	-0.0094182
1.4	-0.013298
1.41	-0.0054022
1.42	0.0050766
1.43	0.0068914
1.44	-0.00096807
1.45	-0.011661
1.46	-0.019552
1.47	-0.022455
1.48	-0.021154
1.49	-0.017309
1.5	-0.011082
1.51	-0.0058006
1.52	-0.0077037
1.53	-0.014266
1.54	-0.013768
1.55	0.0017304
1.56	0.026775
1.57	0.046516
1.58	0.054104
1.59	0.055021
1.6	0.052631
1.61	0.045666
1.62	0.033307
1.63	0.016272
1.64	0.0027077
1.65	0.0025763
1.66	0.01247
1.67	0.02211
1.68	0.032245
1.69	0.046409
1.7	0.057263
1.71	0.055877
1.72	0.04411
1.73	0.032627
1.74	0.026253
1.75	0.020433
1.76	0.013476
1.77	0.007653
1.78	0.0037668
1.79	0.0016264
1.8	0.0012787
1.81	0.0058182
1.82	0.014446
1.83	0.019293
1.84	0.01827
1.85	0.018189
1.86	0.022792
1.87	0.027121
1.88	0.028087
1.89	0.024185
1.9	0.013762
1.91	0.0028907
1.92	-0.0025575
1.93	-0.0020494
1.94	-0.0014005
1.95	-0.0078485
1.96	-0.016778
1.97	-0.020627
1.98	-0.022089
1.99	-0.02451
2	-0.023559
2.01	-0.021007
2.02	-0.028478
2.03	-0.049498
2.04	-0.076896
2.05	-0.09861
2.06	-0.10145
2.07	-0.087007
2.08	-0.07193
2.09	-0.066592
2.1	-0.066811
2.11	-0.066886
2.12	-0.066789
2.13	-0.060633
2.14	-0.04075
2.15	-0.016229
2.16	-0.0028913
2.17	-0.00034883
2.18	0.0006175
2.19	-0.0011578
2.2	-0.0077068
2.21	-0.011328
2.22	-0.011283
2.23	-0.018377
2.24	-0.03334
2.25	-0.042622
2.26	-0.038652
2.27	-0.026685
2.28	-0.013994
2.29	-0.0045276
2.3	-0.0038513
2.31	-0.013783
2.32	-0.024499
2.33	-0.0273
2.34	-0.023363
2.35	-0.016675
2.36	-0.012165
2.37	-0.013873
2.38	-0.016457
2.39	-0.013759
2.4	-0.013679
2.41	-0.020365
2.42	-0.023858
2.43	-0.019112
2.44	-0.0072019
2.45	0.0082833
2.46	0.018913
2.47	0.021381
2.48	0.020151
2.49	0.022254
2.5	0.035254
2.51	0.058513
2.52	0.082407
2.53	0.099962
2.54	0.11061
2.55	0.11353
2.56	0.10529
2.57	0.087048
2.58	0.068223
2.59	0.05912
2.6	0.056873
2.61	0.051249
2.62	0.04825
2.63	0.058981
2.64	0.074365
2.65	0.074575
2.66	0.058051
2.67	0.042434
2.68	0.033122
2.69	0.029437
2.7	0.035522
2.71	0.039139
2.72	0.02264
2.73	-0.008102
2.74	-0.028039
2.75	-0.021809
2.76	0.0040434
2.77	0.034375
2.78	0.056874
2.79	0.062432
2.8	0.051208
2.81	0.038231
2.82	0.041383
2.83	0.057856
2.84	0.063427
2.85	0.055702
2.86	0.053024
2.87	0.044382
2.88	0.009035
2.89	-0.03827
2.9	-0.067319
2.91	-0.070288
2.92	-0.065188
2.93	-0.068669
2.94	-0.070679
2.95	-0.052909
2.96	-0.021595
2.97	-2.6985e-05
2.98	-0.0043649
2.99	-0.029361
3	-0.053838
3.01	-0.064151
3.02	-0.060547
3.03	-0.054983
3.04	-0.060688
3.05	-0.06872
3.06	-0.06066
3.07	-0.044148
3.08	-0.040348
3.09	-0.053616
3.1	-0.071778
3.11	-0.077604
3.12	-0.067844
3.13	-0.058556
3.14	-0.059813
3.15	-0.06069
3.16	-0.054999
3.17	-0.059704
3.18	-0.080268
3.19	-0.093489
3.2	-0.088316
3.21	-0.077653
3.22	-0.069589
3.23	-0.064403
3.24	-0.063227
3.25	-0.060956
3.26	-0.048786
3.27	-0.028037
3.28	-0.0089455
3.29	0.0049293
3.3	0.019359
3.31	0.035807
3.32	0.050526
3.33	0.055613
3.34	0.044562
3.35	0.028088
3.36	0.019316
3.37	0.022688
3.38	0.040782
3.39	0.063276
3.4	0.07139
3.41	0.065834
3.42	0.059988
3.43	0.057989
3.44	0.070941
3.45	0.10123
3.46	0.1158
3.47	0.093284
3.48	0.055732
3.49	0.024215
3.5	0.0024984
3.51	0.0012001
3.52	0.021117
3.53	0.046446
3.54	0.065889
3.55	0.070846
3.56	0.065027
3.57	0.068163
3.58	0.090017
3.59	0.12256
3.6	0.14556
3.61	0.14991
3.62	0.14324
3.63	0.12246
3.64	0.08804
3.65	0.058682
3.66	0.044934
3.67	0.040859
3.68	0.04072
3.69	0.045611
3.7	0.056403
3.71	0.062781
3.72	0.051566
3.73	0.032645
3.74	0.02046
3.75	0.010728
3.76	0.0011018
3.77	-0.0082228
3.78	-0.020729
3.79	-0.031892
3.8	-0.033456
3.81	-0.029889
3.82	-0.033303
3.83	-0.039389
3.84	-0.035676
3.85	-0.029487
3.86	-0.033456
3.87	-0.041028
3.88	-0.042405
3.89	-0.040577
3.9	-0.040235
3.91	-0.048946
3.92	-0.073942
3.93	-0.10114
3.94	-0.1112
3.95	-0.10605
3.96	-0.099936
3.97	-0.099652
3.98	-0.099711
3.99	-0.094497
4	-0.086035
4.01	-0.076602
4.02	-0.06549
4.03	-0.051128
4.04	-0.033434
4.05	-0.02003
4.06	-0.021913
4.07	-0.035354
4.08	-0.038285
4.09	-0.024454
4.1	-0.020649
4.11	-0.043377
4.12	-0.074732
4.13	-0.095967
4.14	-0.11023
4.15	-0.12756
4.16	-0.14014
4.17	-0.13261
4.18	-0.11425
4.19	-0.10092
4.2	-0.088837
4.21	-0.070713
4.22	-0.049325
4.23	-0.031256
4.24	-0.020073
4.25	-0.019528
4.26	-0.027943
4.27	-0.036858
4.28	-0.038679
4.29	-0.028448
4.3	-0.011039
4.31	0.0064883
4.32	0.029434
4.33	0.066553
4.34	0.11072
4.35	0.14032
4.36	0.14531
4.37	0.14356
4.38	0.14943
4.39	0.14917
4.4	0.14121
4.41	0.14276
4.42	0.14725
4.43	0.13799
4.44	0.12199
4.45	0.11156
4.46	0.10431
4.47	0.098015
4.48	0.096287
4.49	0.090694
4.5	0.066846
4.51	0.034767
4.52	0.014093
4.53	-0.0018206
4.54	-0.024989
4.55	-0.049179
4.56	-0.070434
4.57	-0.091129
4.58	-0.10007
4.59	-0.083199
4.6	-0.048883
4.61	-0.014086
4.62	0.01562
4.63	0.038772
4.64	0.054639
4.65	0.064282
4.66	0.063659
4.67	0.049631
4.68	0.029328
4.69	0.012007
4.7	0.00069619
4.71	-0.0077437
4.72	-0.014994
4.73	-0.016888
4.74	-0.018687
4.75	-0.034991
4.76	-0.062615
4.77	-0.082386
4.78	-0.085307
4.79	-0.080373
4.8	-0.085283
4.81	-0.10291
4.82	-0.11818
4.83	-0.12391
4.84	-0.12401
4.85	-0.11777
4.86	-0.10103
4.87	-0.075027
4.88	-0.043838
4.89	-0.013983
4.9	0.0029045
4.91	0.00055638
4.92	-0.012284
4.93	-0.023365
4.94	-0.031321
4.95	-0.039115
4.96	-0.041466
4.97	-0.030115
4.98	-0.0058486
4.99	0.018523
5	0.029086
5.01	0.02992
5.02	0.035126
5.03	0.041579
5.04	0.038325
5.05	0.028596
5.06	0.021023
5.07	0.014564
5.08	0.0030033
5.09	-0.0078066
5.1	0.00012047
5.11	0.032869
5.12	0.073399
5.13	0.10092
5.14	0.10963
5.15	0.11178
5.16	0.11958
5.17	0.12951
5.18	0.13494
5.19	0.13629
5.2	0.13826
5.21	0.13667
5.22	0.12184
5.23	0.10485
5.24	0.10453
5.25	0.11363
5.26	0.1188
5.27	0.12688
5.28	0.14304
5.29	0.15217
5.3	0.13969
5.31	0.11188
5.32	0.082842
5.33	0.057182
5.34	0.028652
5.35	-0.0046122
5.36	-0.03397
5.37	-0.052531
5.38	-0.059671
5.39	-0.059642
5.4	-0.057828
5.41	-0.055258
5.42	-0.047021
5.43	-0.033625
5.44	-0.03053
5.45	-0.044973
5.46	-0.057576
5.47	-0.052023
5.48	-0.035849
5.49	-0.016904
5.5	0.0072885
5.51	0.038186
5.52	0.069292
5.53	0.09459
5.54	0.11668
5.55	0.13391
5.56	0.14175
5.57	0.13905
5.58	0.12512
5.59	0.10678
5.6	0.083641
5.61	0.044228
5.62	-0.015594
5.63	-0.089189
5.64	-0.14738
5.65	-0.16693
5.66	-0.16774
5.67	-0.17558
5.68	-0.18562
5.69	-0.18391
5.7	-0.17422
5.71	-0.16795
5.72	-0.16917
5.73	-0.17022
5.74	-0.15512
5.75	-0.12093
5.76	-0.08823
5.77	-0.074707
5.78	-0.076708
5.79	-0.08786
5.8	-0.10662
5.81	-0.12975
5.82	-0.15324
5.83	-0.16901
5.84	-0.16861
5.85	-0.15224
5.86	-0.12895
5.87	-0.10953
5.88	-0.10134
5.89	-0.10691
5.9	-0.11847
5.91	-0.12437
5.92	-0.12405
5.93	-0.12779
5.94	-0.14086
5.95	-0.15997
5.96	-0.18275
5.97	-0.20096
5.98	-0.20112
5.99	-0.18421
6	-0.16533
6.01	-0.15193
6.02	-0.14109
6.03	-0.12885
6.04	-0.10799
6.05	-0.075152
6.06	-0.040956
6.07	-0.020984
6.08	-0.017507
6.09	-0.019598
6.1	-0.026134
6.11	-0.0377
6.12	-0.032726
6.13	0.0024549
6.14	0.047
6.15	0.071365
6.16	0.066109
6.17	0.045066
6.18	0.025267
6.19	0.0098638
6.2	-0.0020616
6.21	-0.0071973
6.22	-0.0069981
6.23	-0.0073986
6.24	-0.0072942
6.25	0.0014579
6.26	0.022719
6.27	0.050303
6.28	0.070546
6.29	0.077106
6.3	0.07088
6.31	0.048126
6.32	0.022066
6.33	0.014513
6.34	0.023072
6.35	0.038319
6.36	0.055639
6.37	0.070239
6.38	0.085873
6.39	0.10929
6.4	0.13418
6.41	0.14992
6.42	0.15651
6.43	0.15847
6.44	0.15338
6.45	0.13375
6.46	0.098734
6.47	0.056297
6.48	0.018828
6.49	-0.0033038
6.5	-0.0095444
6.51	-0.0056065
6.52	0.0089475
6.53	0.034061
6.54	0.056954
6.55	0.070553
6.56	0.083988
6.57	0.096508
6.58	0.099173
6.59	0.09423
6.6	0.085228
6.61	0.072037
6.62	0.056156
6.63	0.04295
6.64	0.037191
6.65	0.03923
6.66	0.047843
6.67	0.062443
6.68	0.08431
6.69	0.11479
6.7	0.14652
6.71	0.16291
6.72	0.15659
6.73	0.13657
6.74	0.11368
6.75	0.090304
6.76	0.066492
6.77	0.050145
6.78	0.049716
6.79	0.059995
6.8	0.071892
6.81	0.083554
6.82	0.091813
6.83	0.093504
6.84	0.089697
6.85	0.086664
6.86	0.091138
6.87	0.094681
6.88	0.087625
6.89	0.076004
6.9	0.070496
6.91	0.077709
6.92	0.093268
6.93	0.10089
6.94	0.088877
6.95	0.058568
6.96	0.018774
6.97	-0.021595
6.98	-0.058787
6.99	-0.095415
7	-0.13441
7.01	-0.16821
7.02	-0.18348
7.03	-0.17704
7.04	-0.15265
7.05	-0.11171
7.06	-0.064993
7.07	-0.029332
7.08	-0.0082244
7.09	0.0062782
7.1	0.018875
7.11	0.020484
7.12	0.0028005
7.13	-0.024899
7.14	-0.053049
7.15	-0.078297
7.16	-0.095739
7.17	-0.10573
7.18	-0.11203
7.19	-0.11634
7.2	-0.11854
7.21	-0.11489
7.22	-0.10399
7.23	-0.091731
7.24	-0.080976
7.25	-0.062536
7.26	-0.028576
7.27	0.012657
7.28	0.048053
7.29	0.075397
7.3	0.10399
7.31	0.13377
7.32	0.14881
7.33	0.14019
7.34	0.11361
7.35	0.083127
7.36	0.057613
7.37	0.034586
7.38	0.015941
7.39	0.010193
7.4	0.021956
7.41	0.050468
7.42	0.083739
7.43	0.10719
7.44	0.12174
7.45	0.13086
7.46	0.13589
7.47	0.1415
7.48	0.14487
7.49	0.14484
7.5	0.14286
7.51	0.13681
7.52	0.13288
7.53	0.1326
7.54	0.12567
7.55	0.10561
7.56	0.076928
7.57	0.048965
7.58	0.020652
7.59	-0.0085417
7.6	-0.033443
7.61	-0.058681
7.62	-0.085982
7.63	-0.10436
7.64	-0.10763
7.65	-0.1024
7.66	-0.096872
7.67	-0.092525
7.68	-0.086944
7.69	-0.079042
7.7	-0.068928
7.71	-0.057128
7.72	-0.046974
7.73	-0.041902
7.74	-0.038422
7.75	-0.031116
7.76	-0.022875
7.77	-0.016472
7.78	-0.0089628
7.79	-0.002396
7.8	-0.0042144
7.81	-0.015364
7.82	-0.029604
7.83	-0.04407
7.84	-0.054405
7.85	-0.051369
7.86	-0.040393
7.87	-0.039859
7.88	-0.054797
7.89	-0.077053
7.9	-0.098549
7.91	-0.11928
7.92	-0.14474
7.93	-0.17261
7.94	-0.19396
7.95	-0.20463
7.96	-0.21414
7.97	-0.23384
7.98	-0.2574
7.99	-0.27031
8	-0.27103
8.01	-0.27545
8.02	-0.29322
8.03	-0.31114
8.04	-0.31422
8.05	-0.30131
8.06	-0.28248
8.07	-0.26981
8.08	-0.25699
8.09	-0.22877
8.1	-0.19322
8.11	-0.16636
8.12	-0.14247
8.13	-0.11137
8.14	-0.079537
8.15	-0.0602
8.16	-0.055474
8.17	-0.053616
8.18	-0.045039
8.19	-0.023076
8.2	0.017428
8.21	0.065688
8.22	0.11207
8.23	0.1623
8.24	0.2131
8.25	0.25277
8.26	0.2771
8.27	0.28208
8.28	0.27154
8.29	0.26252
8.3	0.25729
8.31	0.24565
8.32	0.23076
8.33	0.21308
8.34	0.18541
8.35	0.15423
8.36	0.13383
8.37	0.12467
8.38	0.11073
8.39	0.087787
8.4	0.07254
8.41	0.071422
8.42	0.073039
8.43	0.068882
8.44	0.059026
8.45	0.04874
8.46	0.040961
8.47	0.035974
8.48	0.038354
8.49	0.044953
8.5	0.050959
8.51	0.065467
8.52	0.092852
8.53	0.12692
8.54	0.16269
8.55	0.19527
8.56	0.22219
8.57	0.24227
8.58	0.24875
8.59	0.24419
8.6	0.23529
8.61	0.21321
8.62	0.17367
8.63	0.1295
8.64	0.093072
8.65	0.067107
8.66	0.059388
8.67	0.08234
8.68	0.12165
8.69	0.14257
8.7	0.13825
8.71	0.13122
8.72	0.13051
8.73	0.12642
8.74	0.11803
8.75	0.10752
8.76	0.084055
8.77	0.0437
8.78	-0.0036385
8.79	-0.048753
8.8	-0.083595
8.81	-0.1079
8.82	-0.13235
8.83	-0.16532
8.84	-0.20534
8.85	-0.24774
8.86	-0.2863
8.87	-0.31162
8.88	-0.3248
8.89	-0.33411
8.9	-0.33837
8.91	-0.33703
8.92	-0.33512
8.93	-0.32905
8.94	-0.31893
8.95	-0.31294
8.96	-0.30812
8.97	-0.29888
8.98	-0.28918
8.99	-0.28314
9	-0.27532
9.01	-0.25694
9.02	-0.22823
9.03	-0.19883
9.04	-0.18059
9.05	-0.17386
9.06	-0.16442
9.07	-0.13934
9.08	-0.096647
9.09	-0.03776
9.1	0.037835
9.11	0.12509
9.12	0.2133
9.13	0.28871
9.14	0.34785
9.15	0.39817
9.16	0.42543
9.17	0.41312
9.18	0.37976
9.19	0.3464
9.2	0.31839
9.21	0.29843
9.22	0.27939
9.23	0.25514
9.24	0.23016
9.25	0.21217
9.26	0.2075
9.27	0.21527
9.28	0.23327
9.29	0.25595
9.3	0.27318
9.31	0.27706
9.32	0.26054
9.33	0.22799
9.34	0.19278
9.35	0.15876
9.36	0.11869
9.37	0.067116
9.38	0.0093426
9.39	-0.047599
9.4	-0.10221
9.41	-0.15597
9.42	-0.20507
9.43	-0.23783
9.44	-0.2483
9.45	-0.23915
9.46	-0.21751
9.47	-0.19328
9.48	-0.16968
9.49	-0.14703
9.5	-0.13187
9.51	-0.13092
9.52	-0.14624
9.53	-0.17486
9.54	-0.21103
9.55	-0.24919
9.56	-0.28112
9.57	-0.29767
9.58	-0.29278
9.59	-0.26636
9.6	-0.22588
9.61	-0.1829
9.62	-0.14769
9.63	-0.11561
9.64	-0.074532
9.65	-0.031811
9.66	-0.00050858
9.67	0.021479
9.68	0.034565
9.69	0.032983
9.7	0.025437
9.71	0.026672
9.72	0.038388
9.73	0.057832
9.74	0.077366
9.75	0.084654
9.76	0.085675
9.77	0.095284
9.78	0.11759
9.79	0.15224
9.8	0.19134
9.81	0.2196
9.82	0.22988
9.83	0.22501
9.84	0.20351
9.85	0.16238
9.86	0.11122
9.87	0.067371
9.88	0.040016
9.89	0.025402
9.9	0.012719
9.91	-0.0067027
9.92	-0.028546
9.93	-0.043187
9.94	-0.051642
9.95	-0.054521
9.96	-0.049511
9.97	-0.045282
9.98	-0.05214
9.99	-0.073457
10	-0.10793
10.01	-0.14647
10.02	-0.17813
10.03	-0.19971
10.04	-0.21728
10.05	-0.24046
10.06	-0.26914
10.07	-0.2977
10.08	-0.32359
10.09	-0.33812
10.1	-0.3315
10.11	-0.3061
10.12	-0.27307
10.13	-0.23877
10.14	-0.20346
10.15	-0.169
10.16	-0.13306
10.17	-0.09281
10.18	-0.053305
10.19	-0.020082
10.2	0.010767
10.21	0.041906
10.22	0.063443
10.23	0.074238
10.24	0.084777
10.25	0.10142
10.26	0.1278
10.27	0.15843
10.28	0.18013
10.29	0.18781
10.3	0.18826
10.31	0.18558
10.32	0.17989
10.33	0.18316
10.34	0.20267
10.35	0.22722
10.36	0.24429
10.37	0.25191
10.38	0.25709
10.39	0.2677
10.4	0.2847
10.41	0.29974
10.42	0.30567
10.43	0.30587
10.44	0.30955
10.45	0.31689
10.46	0.31849
10.47	0.31589
10.48	0.3214
10.49	0.338
10.5	0.3504
10.51	0.34511
10.52	0.33116
10.53	0.31664
10.54	0.29659
10.55	0.27282
10.56	0.24851
10.57	0.21761
10.58	0.17237
10.59	0.11479
10.6	0.056595
10.61	0.0018287
10.62	-0.050958
10.63	-0.097509
10.64	-0.13484
10.65	-0.16532
10.66	-0.19552
10.67	-0.2344
10.68	-0.2859
10.69	-0.33756
10.7	-0.37126
10.71	-0.38492
10.72	-0.39027
10.73	-0.39607
10.74	-0.39911
10.75	-0.39402
10.76	-0.38187
10.77	-0.36631
10.78	-0.35144
10.79	-0.33884
10.8	-0.32704
10.81	-0.3171
10.82	-0.31242
10.83	-0.3143
10.84	-0.32002
10.85	-0.32431
10.86	-0.32185
10.87	-0.30847
10.88	-0.28569
10.89	-0.26159
10.9	-0.24116
10.91	-0.22031
10.92	-0.19309
10.93	-0.16094
10.94	-0.12993
10.95	-0.10068
10.96	-0.070724
10.97	-0.040314
10.98	-0.011668
10.99	0.0097136
11	0.02304
11.01	0.034591
11.02	0.046463
11.03	0.059008
11.04	0.073859
11.05	0.089364
11.06	0.1046
11.07	0.12328
11.08	0.14466
11.09	0.16254
11.1	0.18068
11.11	0.2082
11.12	0.24734
11.13	0.29195
11.14	0.33358
11.15	0.36514
11.16	0.37744
11.17	0.38094
11.18	0.39318
11.19	0.40608
11.2	0.40907
11.21	0.39471
11.22	0.36363
11.23	0.33818
11.24	0.3243
11.25	0.30474
11.26	0.2775
11.27	0.25141
11.28	0.22046
11.29	0.17497
11.3	0.11995
11.31	0.068664
11.32	0.03107
11.33	0.0050156
11.34	-0.015641
11.35	-0.033317
11.36	-0.053981
11.37	-0.078557
11.38	-0.0987
11.39	-0.10743
11.4	-0.10449
11.41	-0.096502
11.42	-0.089055
11.43	-0.077424
11.44	-0.056017
11.45	-0.029303
11.46	0.00035362
11.47	0.029858
11.48	0.049392
11.49	0.057855
11.5	0.059165
11.51	0.053022
11.52	0.041089
11.53	0.026953
11.54	0.014358
11.55	0.0038509
11.56	-0.0082398
11.57	-0.023291
11.58	-0.041228
11.59	-0.05841
11.6	-0.069194
11.61	-0.074118
11.62	-0.075499
11.63	-0.072938
11.64	-0.069836
11.65	-0.069612
11.66	-0.069933
11.67	-0.069845
11.68	-0.067536
11.69	-0.060588
11.7	-0.056273
11.71	-0.063017
11.72	-0.075312
11.73	-0.081005
11.74	-0.079998
11.75	-0.079822
11.76	-0.079338
11.77	-0.073796
11.78	-0.061443
11.79	-0.044737
11.8	-0.031737
11.81	-0.024311
11.82	-0.016925
11.83	-0.013354
11.84	-0.020847
11.85	-0.038802
11.86	-0.061718
11.87	-0.08275
11.88	-0.10098
11.89	-0.12148
11.9	-0.14738
11.91	-0.17639
11.92	-0.20452
11.93	-0.22958
11.94	-0.25174
11.95	-0.26726
11.96	-0.27015
11.97	-0.26307
11.98	-0.24985
11.99	-0.23072
12	-0.20408
12.01	-0.16632
12.02	-0.12608
12.03	-0.098934
12.04	-0.085906
12.05	-0.078504
12.06	-0.068339
12.07	-0.052899
12.08	-0.03945
12.09	-0.032073
12.1	-0.025744
12.11	-0.018569
12.12	-0.010452
12.13	0.00046439
12.14	0.010748
12.15	0.017471
12.16	0.023733
12.17	0.030835
12.18	0.035829
12.19	0.040396
12.2	0.049573
12.21	0.060219
12.22	0.068961
12.23	0.082602
12.24	0.10398
12.25	0.12697
12.26	0.14898
12.27	0.16863
12.28	0.18618
12.29	0.20004
12.3	0.20288
12.31	0.20041
12.32	0.20125
12.33	0.20155
12.34	0.19762
12.35	0.18833
12.36	0.17861
12.37	0.1757
12.38	0.17223
12.39	0.16645
12.4	0.17099
12.41	0.18406
12.42	0.19408
12.43	0.19635
12.44	0.19523
12.45	0.1948
12.46	0.19255
12.47	0.19004
12.48	0.19306
12.49	0.2014
12.5	0.20509
12.51	0.19479
12.52	0.17441
12.53	0.15609
12.54	0.14536
12.55	0.13825
12.56	0.12493
12.57	0.095165
12.58	0.048806
12.59	-0.0003901
12.6	-0.039851
12.61	-0.070385
12.62	-0.091989
12.63	-0.10349
12.64	-0.11483
12.65	-0.13075
12.66	-0.14268
12.67	-0.1463
12.68	-0.14418
12.69	-0.13636
12.7	-0.12558
12.71	-0.11772
12.72	-0.11198
12.73	-0.10545
12.74	-0.097737
12.75	-0.091058
12.76	-0.093154
12.77	-0.10468
12.78	-0.11552
12.79	-0.12376
12.8	-0.13087
12.81	-0.13215
12.82	-0.12861
12.83	-0.12391
12.84	-0.1174
12.85	-0.11039
12.86	-0.10558
12.87	-0.10282
12.88	-0.1017
12.89	-0.10237
12.9	-0.10308
12.91	-0.10683
12.92	-0.11767
12.93	-0.13057
12.94	-0.138
12.95	-0.13902
12.96	-0.13608
12.97	-0.12916
12.98	-0.12026
12.99	-0.11318
13	-0.10777
13.01	-0.098202
13.02	-0.079304
13.03	-0.054029
13.04	-0.02939
13.05	-0.0093901
13.06	0.0088551
13.07	0.025761
13.08	0.038488
13.09	0.056772
13.1	0.083697
13.11	0.10757
13.12	0.12798
13.13	0.14271
13.14	0.14532
13.15	0.14372
13.16	0.14437
13.17	0.14484
13.18	0.14476
13.19	0.14282
13.2	0.13669
13.21	0.12821
13.22	0.1145
13.23	0.093852
13.24	0.075506
13.25	0.06316
13.26	0.053943
13.27	0.046145
13.28	0.040818
13.29	0.044466
13.3	0.053731
13.31	0.055138
13.32	0.043959
13.33	0.026793
13.34	0.011611
13.35	0.0017799
13.36	-0.0045122
13.37	-0.011758
13.38	-0.020722
13.39	-0.026314
13.4	-0.029441
13.41	-0.038792
13.42	-0.053307
13.43	-0.064925
13.44	-0.073347
13.45	-0.083695
13.46	-0.098904
13.47	-0.12158
13.48	-0.15198
13.49	-0.1811
13.5	-0.20239
13.51	-0.21865
13.52	-0.23064
13.53	-0.2387
13.54	-0.24487
13.55	-0.24721
13.56	-0.2438
13.57	-0.23748
13.58	-0.23005
13.59	-0.2174
13.6	-0.19672
13.61	-0.17193
13.62	-0.14986
13.63	-0.1343
13.64	-0.12343
13.65	-0.11437
13.66	-0.10646
13.67	-0.09748
13.68	-0.081204
13.69	-0.060144
13.7	-0.04509
13.71	-0.034429
13.72	-0.019333
13.73	0.0026652
13.74	0.02869
13.75	0.053449
13.76	0.076328
13.77	0.10023
13.78	0.12679
13.79	0.14926
13.8	0.16022
13.81	0.16864
13.82	0.18005
13.83	0.19082
13.84	0.20226
13.85	0.21447
13.86	0.22912
13.87	0.25008
13.88	0.27584
13.89	0.30258
13.9	0.32375
13.91	0.33347
13.92	0.33415
13.93	0.32731
13.94	0.31094
13.95	0.29256
13.96	0.28334
13.97	0.28319
13.98	0.28273
13.99	0.27685
14	0.26895
14.01	0.26098
14.02	0.25424
14.03	0.25053
14.04	0.2459
14.05	0.23506
14.06	0.216
14.07	0.18898
14.08	0.15665
14.09	0.1247
14.1	0.097257
14.11	0.072761
14.12	0.050445
14.13	0.031868
14.14	0.011152
14.15	-0.014017
14.16	-0.034899
14.17	-0.050725
14.18	-0.066751
14.19	-0.080972
14.2	-0.09087
14.21	-0.10194
14.22	-0.11758
14.23	-0.13099
14.24	-0.13892
14.25	-0.14402
14.26	-0.14591
14.27	-0.14801
14.28	-0.15237
14.29	-0.15621
14.3	-0.16253
14.31	-0.17278
14.32	-0.18231
14.33	-0.18729
14.34	-0.18766
14.35	-0.1843
14.36	-0.17689
14.37	-0.1683
14.38	-0.16063
14.39	-0.15214
14.4	-0.14333
14.41	-0.13518
14.42	-0.12458
14.43	-0.10878
14.44	-0.093554
14.45	-0.086111
14.46	-0.083503
14.47	-0.0805
14.48	-0.075731
14.49	-0.067344
14.5	-0.055797
14.51	-0.044549
14.52	-0.035391
14.53	-0.030425
14.54	-0.030719
14.55	-0.030267
14.56	-0.022679
14.57	-0.0099218
14.58	0.0067585
14.59	0.029356
14.6	0.05151
14.61	0.066289
14.62	0.074456
14.63	0.080562
14.64	0.086943
14.65	0.089735
14.66	0.086469
14.67	0.078417
14.68	0.0695
14.69	0.064824
14.7	0.064701
14.71	0.065226
14.72	0.064971
14.73	0.065805
14.74	0.064984
14.75	0.056222
14.76	0.037794
14.77	0.013553
14.78	-0.0075613
14.79	-0.020107
14.8	-0.028373
14.81	-0.036647
14.82	-0.04483
14.83	-0.053635
14.84	-0.066003
14.85	-0.08222
14.86	-0.095641
14.87	-0.10038
14.88	-0.099978
14.89	-0.10007
14.9	-0.10042
14.91	-0.099785
14.92	-0.10211
14.93	-0.10864
14.94	-0.11389
14.95	-0.11447
14.96	-0.11077
14.97	-0.10425
14.98	-0.097751
14.99	-0.094825
15	-0.097058
15.01	-0.10303
15.02	-0.10667
15.03	-0.10239
15.04	-0.094497
15.05	-0.0926
15.06	-0.099271
15.07	-0.11043
15.08	-0.12236
15.09	-0.13064
15.1	-0.13224
15.11	-0.12946
15.12	-0.12577
15.13	-0.1243
15.14	-0.12303
15.15	-0.11657
15.16	-0.10271
15.17	-0.078977
15.18	-0.046202
15.19	-0.011402
15.2	0.016347
15.21	0.032413
15.22	0.039878
15.23	0.044412
15.24	0.049575
15.25	0.054254
15.26	0.052847
15.27	0.045073
15.28	0.039601
15.29	0.045983
15.3	0.066925
15.31	0.09053
15.32	0.10391
15.33	0.10464
15.34	0.092083
15.35	0.072048
15.36	0.054632
15.37	0.047537
15.38	0.05067
15.39	0.053463
15.4	0.050199
15.41	0.04052
15.42	0.026277
15.43	0.017118
15.44	0.019823
15.45	0.029163
15.46	0.036745
15.47	0.039603
15.48	0.03553
15.49	0.022834
15.5	0.0075877
15.51	-0.0033882
15.52	-0.0081997
15.53	-0.0041813
15.54	0.010052
15.55	0.029483
15.56	0.047901
15.57	0.063638
15.58	0.073454
15.59	0.078227
15.6	0.084478
15.61	0.089011
15.62	0.085394
15.63	0.078208
15.64	0.079162
15.65	0.08644
15.66	0.088474
15.67	0.087307
15.68	0.086956
15.69	0.081284
15.7	0.068805
15.71	0.055326
15.72	0.042714
15.73	0.033866
15.74	0.034658
15.75	0.039864
15.76	0.04058
15.77	0.038834
15.78	0.040372
15.79	0.046234
15.8	0.052777
15.81	0.058759
15.82	0.063275
15.83	0.064003
15.84	0.067204
15.85	0.074937
15.86	0.077614
15.87	0.070546
15.88	0.056701
15.89	0.038391
15.9	0.016402
15.91	-0.0040085
15.92	-0.018149
15.93	-0.026277
15.94	-0.029357
15.95	-0.026262
15.96	-0.019978
15.97	-0.019515
15.98	-0.024614
15.99	-0.027419
16	-0.028226
16.01	-0.033294
16.02	-0.039394
16.03	-0.039492
16.04	-0.039918
16.05	-0.049559
16.06	-0.066906
16.07	-0.085637
16.08	-0.10089
16.09	-0.10873
16.1	-0.1066
16.11	-0.10036
16.12	-0.094191
16.13	-0.083033
16.14	-0.067358
16.15	-0.050537
16.16	-0.030133
16.17	-0.0074005
16.18	0.010165
16.19	0.016759
16.2	0.013316
16.21	0.0051917
16.22	-0.0056644
16.23	-0.016382
16.24	-0.020018
16.25	-0.0189
16.26	-0.022871
16.27	-0.032891
16.28	-0.041191
16.29	-0.043853
16.3	-0.042946
16.31	-0.041408
16.32	-0.040872
16.33	-0.040598
16.34	-0.040189
16.35	-0.04002
16.36	-0.038884
16.37	-0.036081
16.38	-0.034055
16.39	-0.036283
16.4	-0.044029
16.41	-0.054629
16.42	-0.06433
16.43	-0.070454
16.44	-0.071225
16.45	-0.071181
16.46	-0.074614
16.47	-0.078856
16.48	-0.08142
16.49	-0.081868
16.5	-0.08166
16.51	-0.081731
16.52	-0.082442
16.53	-0.086661
16.54	-0.09123
16.55	-0.090042
16.56	-0.086189
16.57	-0.084967
16.58	-0.087443
16.59	-0.088322
16.6	-0.083478
16.61	-0.077216
16.62	-0.070648
16.63	-0.060001
16.64	-0.042422
16.65	-0.021246
16.66	-0.0032151
16.67	0.014964
16.68	0.039183
16.69	0.065861
16.7	0.09108
16.71	0.1154
16.72	0.13628
16.73	0.15195
16.74	0.16349
16.75	0.16981
16.76	0.17479
16.77	0.18066
16.78	0.1862
16.79	0.19247
16.8	0.1936
16.81	0.18504
16.82	0.17171
16.83	0.15859
16.84	0.14615
16.85	0.13158
16.86	0.11219
16.87	0.089887
16.88	0.068852
16.89	0.053097
16.9	0.042533
16.91	0.03453
16.92	0.030234
16.93	0.02917
16.94	0.025353
16.95	0.018725
16.96	0.014535
16.97	0.0081184
16.98	-0.0054196
16.99	-0.021072
17	-0.035608
17.01	-0.050941
17.02	-0.06753
17.03	-0.082188
17.04	-0.092393
17.05	-0.09931
17.06	-0.10392
17.07	-0.10756
17.08	-0.10935
17.09	-0.10478
17.1	-0.094023
17.11	-0.082299
17.12	-0.071054
17.13	-0.061409
17.14	-0.058173
17.15	-0.059661
17.16	-0.061918
17.17	-0.06297
17.18	-0.061121
17.19	-0.058696
17.2	-0.057915
17.21	-0.058255
17.22	-0.057858
17.23	-0.053779
17.24	-0.04533
17.25	-0.033923
17.26	-0.022386
17.27	-0.012983
17.28	-0.004421
17.29	0.0040075
17.3	0.011603
17.31	0.018615
17.32	0.024392
17.33	0.027066
17.34	0.027227
17.35	0.025187
17.36	0.021014
17.37	0.020292
17.38	0.026582
17.39	0.034944
17.4	0.042644
17.41	0.049528
17.42	0.055471
17.43	0.061358
17.44	0.063603
17.45	0.06547
17.46	0.07201
17.47	0.078081
17.48	0.081799
17.49	0.083146
17.5	0.080288
17.51	0.078669
17.52	0.084227
17.53	0.089229
17.54	0.085514
17.55	0.080723
17.56	0.077622
17.57	0.067892
17.58	0.05274
17.59	0.038635
17.6	0.025429
17.61	0.012235
17.62	0.0016988
17.63	-0.0054514
17.64	-0.011543
17.65	-0.018697
17.66	-0.028216
17.67	-0.038838
17.68	-0.045497
17.69	-0.046554
17.7	-0.044149
17.71	-0.037871
17.72	-0.029513
17.73	-0.021265
17.74	-0.013775
17.75	-0.0097422
17.76	-0.011117
17.77	-0.017143
17.78	-0.022879
17.79	-0.026927
17.8	-0.030034
17.81	-0.02564
17.82	-0.010791
17.83	0.0068511
17.84	0.018885
17.85	0.024117
17.86	0.027451
17.87	0.034007
17.88	0.042773
17.89	0.052123
17.9	0.060339
17.91	0.060038
17.92	0.050662
17.93	0.038655
17.94	0.026013
17.95	0.013792
17.96	0.0032973
17.97	-0.0068968
17.98	-0.016886
17.99	-0.024891
18	-0.032289
18.01	-0.039766
18.02	-0.044054
18.03	-0.043737
18.04	-0.039458
18.05	-0.031977
18.06	-0.022256
18.07	-0.011139
18.08	-0.0020878
18.09	0.003992
18.1	0.011142
18.11	0.019979
18.12	0.026305
18.13	0.027645
18.14	0.025462
18.15	0.02182
18.16	0.021136
18.17	0.024868
18.18	0.030547
18.19	0.036222
18.2	0.038147
18.21	0.037342
18.22	0.03729
18.23	0.036892
18.24	0.038143
18.25	0.044144
18.26	0.049301
18.27	0.048299
18.28	0.043315
18.29	0.038371
18.3	0.034257
18.31	0.029088
18.32	0.0255
18.33	0.024171
18.34	0.017844
18.35	0.0051586
18.36	-0.0066426
18.37	-0.010045
18.38	-0.0042989
18.39	0.0015116
18.4	-0.00076307
18.41	-0.0081651
18.42	-0.011822
18.43	-0.011017
18.44	-0.010937
18.45	-0.010802
18.46	-0.0086472
18.47	-0.0081714
18.48	-0.012969
18.49	-0.021203
18.5	-0.029053
18.51	-0.033546
18.52	-0.034022
18.53	-0.033147
18.54	-0.03403
18.55	-0.037693
18.56	-0.04135
18.57	-0.042617
18.58	-0.042484
18.59	-0.041852
18.6	-0.041478
18.61	-0.040559
18.62	-0.0363
18.63	-0.030353
18.64	-0.02428
18.65	-0.018136
18.66	-0.017233
18.67	-0.021376
18.68	-0.024237
18.69	-0.025715
18.7	-0.028508
18.71	-0.033967
18.72	-0.042637
18.73	-0.0509
18.74	-0.053448
18.75	-0.049284
18.76	-0.044714
18.77	-0.046345
18.78	-0.051993
18.79	-0.055814
18.8	-0.054699
18.81	-0.048905
18.82	-0.042102
18.83	-0.03905
18.84	-0.040657
18.85	-0.043464
18.86	-0.044508
18.87	-0.041942
18.88	-0.035544
18.89	-0.027092
18.9	-0.021349
18.91	-0.023052
18.92	-0.028159
18.93	-0.028054
18.94	-0.02124
18.95	-0.011246
18.96	0.0011573
18.97	0.014603
18.98	0.024507
18.99	0.027392
19	0.026157
19.01	0.027885
19.02	0.034194
19.03	0.038536
19.04	0.038548
19.05	0.036273
19.06	0.030872
19.07	0.025499
19.08	0.023438
19.09	0.02588
19.1	0.032246
19.11	0.038679
19.12	0.044597
19.13	0.04834
19.14	0.048301
19.15	0.047425
19.16	0.048282
19.17	0.050514
19.18	0.050271
19.19	0.048081
19.2	0.047926
19.21	0.048466
19.22	0.049998
19.23	0.054886
19.24	0.060527
19.25	0.064895
19.26	0.066007
19.27	0.062794
19.28	0.063756
19.29	0.071168
19.3	0.07478
19.31	0.073711
19.32	0.073935
19.33	0.074781
19.34	0.071871
19.35	0.063437
19.36	0.053791
19.37	0.046489
19.38	0.038923
19.39	0.0299
19.4	0.017884
19.41	0.0011253
19.42	-0.013759
19.43	-0.023136
19.44	-0.029084
19.45	-0.031031
19.46	-0.031208
19.47	-0.031731
19.48	-0.031639
19.49	-0.032859
19.5	-0.037321
19.51	-0.043871
19.52	-0.051453
19.53	-0.059378
19.54	-0.067224
19.55	-0.071774
19.56	-0.068411
19.57	-0.061598
19.58	-0.059072
19.59	-0.061089
19.6	-0.06177
19.61	-0.058644
19.62	-0.057008
19.63	-0.057271
19.64	-0.055486
19.65	-0.053396
19.66	-0.052859
19.67	-0.052352
19.68	-0.051313
19.69	-0.049189
19.7	-0.045712
19.71	-0.040573
19.72	-0.033233
19.73	-0.026121
19.74	-0.021373
19.75	-0.019476
19.76	-0.01924
19.77	-0.020392
19.78	-0.023475
19.79	-0.025804
19.8	-0.026989
19.81	-0.029191
19.82	-0.029844
19.83	-0.027744
19.84	-0.026088
19.85	-0.023508
19.86	-0.01832
19.87	-0.01177
19.88	-0.0070673
19.89	-0.0060304
19.9	-0.0042177
19.91	0.00067764
19.92	0.0052333
19.93	0.0090385
19.94	0.013258
19.95	0.012296
19.96	0.006512
19.97	0.004236
19.98	0.0039462
19.99	0.0023336
20	0.004719
20.01	0.011828
20.02	0.01628
20.03	0.016149
20.04	0.015875
20.05	0.016489
20.06	0.016658
20.07	0.01665
20.08	0.016658
20.09	0.017369
20.1	0.020076
20.11	0.023558
20.12	0.026856
20.13	0.029411
20.14	0.032211
20.15	0.038422
20.16	0.043516
20.17	0.044861
20.18	0.048269
20.19	0.053662
20.2	0.057141
20.21	0.057228
20.22	0.051413
20.23	0.040023
20.24	0.031405
20.25	0.031382
20.26	0.034964
20.27	0.039293
20.28	0.046657
20.29	0.052816
20.3	0.054319
20.31	0.053422
20.32	0.051374
20.33	0.052687
20.34	0.058981
20.35	0.065699
20.36	0.071705
20.37	0.072777
20.38	0.064733
20.39	0.052363
20.4	0.041776
20.41	0.035234
20.42	0.031485
20.43	0.030281
20.44	0.033503
20.45	0.038005
20.46	0.041597
20.47	0.045344
20.48	0.045342
20.49	0.042292
20.5	0.040094
20.51	0.036213
20.52	0.030009
20.53	0.023204
20.54	0.016927
20.55	0.01145
20.56	0.0059013
20.57	0.00049475
20.58	-0.006688
20.59	-0.014829
20.6	-0.018449
20.61	-0.019706
20.62	-0.025442
20.63	-0.034188
20.64	-0.041742
20.65	-0.047948
20.66	-0.052562
20.67	-0.054253
20.68	-0.054208
20.69	-0.053199
20.7	-0.048946
20.71	-0.043464
20.72	-0.041807
20.73	-0.044361
20.74	-0.048188
20.75	-0.049079
20.76	-0.044871
20.77	-0.04054
20.78	-0.039944
20.79	-0.040343
20.8	-0.039831
20.81	-0.03649
20.82	-0.028568
20.83	-0.019847
20.84	-0.015256
20.85	-0.014505
20.86	-0.014376
20.87	-0.016175
20.88	-0.021242
20.89	-0.024712
20.9	-0.024088
20.91	-0.02407
20.92	-0.028515
20.93	-0.033578
20.94	-0.034632
20.95	-0.033779
20.96	-0.033465
20.97	-0.034284
20.98	-0.037902
20.99	-0.044159
21	-0.051622
21.01	-0.058794
21.02	-0.064431
21.03	-0.067602
21.04	-0.068269
21.05	-0.066758
21.06	-0.063445
21.07	-0.060689
21.08	-0.059943
21.09	-0.059065
21.1	-0.053717
21.11	-0.045253
21.12	-0.038756
21.13	-0.033052
21.14	-0.0256
21.15	-0.01724
21.16	-0.009351
21.17	-0.0035733
21.18	0.00050781
21.19	0.0038088
21.2	0.0050959
21.21	0.0069064
21.22	0.010072
21.23	0.011156
21.24	0.012569
21.25	0.015912
21.26	0.018684
21.27	0.022303
21.28	0.026692
21.29	0.026778
21.3	0.020343
21.31	0.011925
21.32	0.0085028
21.33	0.010092
21.34	0.01115
21.35	0.012379
21.36	0.016215
21.37	0.021249
21.38	0.027218
21.39	0.032693
21.4	0.035123
21.41	0.034101
21.42	0.030959
21.43	0.029094
21.44	0.0294
21.45	0.029692
21.46	0.031779
21.47	0.037137
21.48	0.042656
21.49	0.046508
21.5	0.048861
21.51	0.050331
21.52	0.050161
21.53	0.047372
21.54	0.043139
21.55	0.037596
21.56	0.031739
21.57	0.02749
21.58	0.024546
21.59	0.025375
21.6	0.030459
21.61	0.033267
21.62	0.032854
21.63	0.034644
21.64	0.039549
21.65	0.044118
21.66	0.045947
21.67	0.04635
21.68	0.045836
21.69	0.040644
21.7	0.031944
21.71	0.025643
21.72	0.021274
21.73	0.01809
21.74	0.020084
21.75	0.024012
21.76	0.022072
21.77	0.016281
21.78	0.012186
21.79	0.0082579
21.8	0.0023547
21.81	-0.0037892
21.82	-0.008402
21.83	-0.012387
21.84	-0.017067
21.85	-0.021855
21.86	-0.02757
21.87	-0.035612
21.88	-0.046125
21.89	-0.057446
21.9	-0.067273
21.91	-0.076941
21.92	-0.086802
21.93	-0.094281
21.94	-0.099308
21.95	-0.10375
21.96	-0.1079
21.97	-0.10929
21.98	-0.10621
21.99	-0.10011
22	-0.094116
22.01	-0.090509
22.02	-0.08923
22.03	-0.087935
22.04	-0.084992
22.05	-0.081729
22.06	-0.07887
22.07	-0.075833
22.08	-0.072767
22.09	-0.067363
22.1	-0.058254
22.11	-0.049471
22.12	-0.042363
22.13	-0.036026
22.14	-0.0311
22.15	-0.025706
22.16	-0.019149
22.17	-0.014417
22.18	-0.012301
22.19	-0.012622
22.2	-0.013955
22.21	-0.013127
22.22	-0.011755
22.23	-0.012788
22.24	-0.015382
22.25	-0.01588
22.26	-0.013275
22.27	-0.010445
22.28	-0.0054198
22.29	0.0020785
22.3	0.006376
22.31	0.0078404
22.32	0.012379
22.33	0.02071
22.34	0.02867
22.35	0.034667
22.36	0.040576
22.37	0.046573
22.38	0.048854
22.39	0.04827
22.4	0.048395
22.41	0.048759
22.42	0.049562
22.43	0.051642
22.44	0.055506
22.45	0.059817
22.46	0.06164
22.47	0.064289
22.48	0.070267
22.49	0.073905
22.5	0.073576
22.51	0.073354
22.52	0.073981
22.53	0.07485
22.54	0.075702
22.55	0.077573
22.56	0.082383
22.57	0.086311
22.58	0.084903
22.59	0.080997
22.6	0.079614
22.61	0.08006
22.62	0.081406
22.63	0.083891
22.64	0.083618
22.65	0.080812
22.66	0.079873
22.67	0.080206
22.68	0.077601
22.69	0.070778
22.7	0.06157
22.71	0.051716
22.72	0.041186
22.73	0.031276
22.74	0.026847
22.75	0.027379
22.76	0.027807
22.77	0.027778
22.78	0.027067
22.79	0.022569
22.8	0.017398
22.81	0.018469
22.82	0.021829
22.83	0.021397
22.84	0.020372
22.85	0.01751
22.86	0.010606
22.87	0.0032331
22.88	-0.0030126
22.89	-0.0087321
22.9	-0.014829
22.91	-0.019467
22.92	-0.023601
22.93	-0.028588
22.94	-0.030588
22.95	-0.02996
22.96	-0.029822
22.97	-0.029598
22.98	-0.029942
22.99	-0.033962
23	-0.039355
23.01	-0.041305
23.02	-0.042859
23.03	-0.047811
23.04	-0.053125
23.05	-0.056288
23.06	-0.058546
23.07	-0.061696
23.08	-0.065537
23.09	-0.069552
23.1	-0.073319
23.11	-0.077946
23.12	-0.084314
23.13	-0.089288
23.14	-0.093174
23.15	-0.096775
23.16	-0.095457
23.17	-0.090016
23.18	-0.085584
23.19	-0.081314
23.2	-0.074379
23.21	-0.065052
23.22	-0.057059
23.23	-0.052189
23.24	-0.046545
23.25	-0.040635
23.26	-0.037288
23.27	-0.033071
23.28	-0.028846
23.29	-0.027466
23.3	-0.024093
23.31	-0.018467
23.32	-0.014219
23.33	-0.0082752
23.34	0.00065827
23.35	0.010413
23.36	0.018495
23.37	0.021655
23.38	0.021491
23.39	0.021725
23.4	0.024201
23.41	0.029544
23.42	0.034247
23.43	0.035246
23.44	0.035032
23.45	0.035585
23.46	0.036088
23.47	0.036345
23.48	0.03669
23.49	0.036754
23.5	0.037525
23.51	0.038941
23.52	0.040244
23.53	0.044335
23.54	0.049248
23.55	0.050323
23.56	0.050407
23.57	0.04938
23.58	0.043479
23.59	0.03849
23.6	0.038966
23.61	0.039752
23.62	0.039141
23.63	0.042797
23.64	0.049873
23.65	0.052615
23.66	0.050777
23.67	0.046127
23.68	0.040961
23.69	0.037941
23.7	0.033506
23.71	0.028976
23.72	0.025517
23.73	0.019389
23.74	0.016077
23.75	0.020117
23.76	0.025073
23.77	0.027064
23.78	0.026128
23.79	0.021315
23.8	0.016811
23.81	0.016317
23.82	0.016808
23.83	0.016505
23.84	0.016458
23.85	0.016846
23.86	0.017159
23.87	0.015416
23.88	0.010256
23.89	0.0063554
23.9	0.0045359
23.91	-0.00071533
23.92	-0.0081413
23.93	-0.016932
23.94	-0.029732
23.95	-0.043191
23.96	-0.053556
23.97	-0.062059
23.98	-0.069768
23.99	-0.074312
24	-0.072823
24.01	-0.067756
24.02	-0.065013
24.03	-0.065218
24.04	-0.065358
24.05	-0.065169
24.06	-0.065065
24.07	-0.064203
24.08	-0.063131
24.09	-0.060358
24.1	-0.053054
24.11	-0.045182
24.12	-0.039079
24.13	-0.032057
24.14	-0.024657
24.15	-0.019382
24.16	-0.016442
24.17	-0.011892
24.18	-0.0067811
24.19	-0.0058091
24.2	-0.0040401
24.21	0.0013605
24.22	0.0020595
24.23	-0.0028831
24.24	-0.0056539
24.25	-0.0050848
24.26	-0.0049035
24.27	-0.0028863
24.28	0.0036235
24.29	0.0082318
24.3	0.0080589
24.31	0.0061343
24.32	0.0033986
24.33	0.0036878
24.34	0.0079231
24.35	0.0093179
24.36	0.0046973
24.37	-0.0014466
24.38	-0.0068599
24.39	-0.012085
24.4	-0.013906
24.41	-0.011248
24.42	-0.0059213
24.43	-0.0011168
24.44	-2.8883e-05
24.45	0.0019848
24.46	0.0084974
24.47	0.01548
24.48	0.021956
24.49	0.025755
24.5	0.022014
24.51	0.015707
24.52	0.014513
24.53	0.01583
24.54	0.015595
24.55	0.016908
24.56	0.021096
24.57	0.022671
24.58	0.019511
24.59	0.016793
24.6	0.017937
24.61	0.019781
24.62	0.020102
24.63	0.022832
24.64	0.027248
24.65	0.029498
24.66	0.034002
24.67	0.040585
24.68	0.044702
24.69	0.049593
24.7	0.057293
24.71	0.062709
24.72	0.059406
24.73	0.052799
24.74	0.049211
24.75	0.044203
24.76	0.039067
24.77	0.034661
24.78	0.029235
24.79	0.027269
24.8	0.028199
24.81	0.028198
24.82	0.028017
24.83	0.028495
24.84	0.025612
24.85	0.019249
24.86	0.014235
24.87	0.0094712
24.88	0.0044511
24.89	-0.00032806
24.9	-0.0047341
24.91	-0.0062329
24.92	-0.0079518
24.93	-0.014616
24.94	-0.023318
24.95	-0.02882
24.96	-0.031099
24.97	-0.034401
24.98	-0.039014
24.99	-0.041287
25	-0.041005
25.01	-0.040847
25.02	-0.040447
25.03	-0.039524
25.04	-0.037604
25.05	-0.032388
25.06	-0.028628
25.07	-0.029122
25.08	-0.029936
25.09	-0.02889
25.1	-0.023962
25.11	-0.018239
25.12	-0.01871
25.13	-0.023748
25.14	-0.027775
25.15	-0.029389
25.16	-0.029422
25.17	-0.029332
25.18	-0.029874
25.19	-0.02925
25.2	-0.024233
25.21	-0.017924
25.22	-0.017113
25.23	-0.021677
25.24	-0.025011
25.25	-0.021832
25.26	-0.017069
25.27	-0.015303
25.28	-0.01066
25.29	-0.0040068
25.3	-0.0026597
25.31	-0.0024287
25.32	0.0026792
25.33	0.0082591
25.34	0.010537
25.35	0.011247
25.36	0.012021
25.37	0.01429
25.38	0.019032
25.39	0.023103
25.4	0.024281
25.41	0.025373
25.42	0.026795
25.43	0.027228
25.44	0.027487
25.45	0.028161
25.46	0.027817
25.47	0.023979
25.48	0.018809
25.49	0.016918
25.5	0.017407
25.51	0.017525
25.52	0.017427
25.53	0.017617
25.54	0.017851
25.55	0.017668
25.56	0.018821
25.57	0.021201
25.58	0.020451
25.59	0.018215
25.6	0.015685
25.61	0.0077208
25.62	-0.0019722
25.63	-0.0067426
25.64	-0.0111
25.65	-0.016437
25.66	-0.020111
25.67	-0.024546
25.68	-0.028044
25.69	-0.03007
25.7	-0.032447
25.71	-0.032079
25.72	-0.029491
25.73	-0.028115
25.74	-0.02829
25.75	-0.029214
25.76	-0.031331
25.77	-0.036293
25.78	-0.040965
25.79	-0.041746
25.8	-0.041352
25.81	-0.041674
25.82	-0.042048
25.83	-0.041387
25.84	-0.03762
25.85	-0.032531
25.86	-0.027801
25.87	-0.022042
25.88	-0.015825
25.89	-0.0095867
25.9	-0.0062618
25.91	-0.0058831
25.92	-0.0031703
25.93	0.0017412
25.94	0.0051708
25.95	0.0055583
25.96	0.0074098
25.97	0.013915
25.98	0.018322
25.99	0.018086
26	0.01701
26.01	0.014702
26.02	0.011215
26.03	0.0078426
26.04	0.0056684
26.05	0.0064166
26.06	0.0075314
26.07	0.0055476
26.08	0.00021651
26.09	-0.0050914
26.1	-0.0087676
26.11	-0.01476
26.12	-0.018699
26.13	-0.013694
26.14	-0.0068488
26.15	-0.0060906
26.16	-0.0049389
26.17	0.0032685
26.18	0.012334
26.19	0.018896
26.2	0.029541
26.21	0.041529
26.22	0.043249
26.23	0.036416
26.24	0.032339
26.25	0.033339
26.26	0.03433
26.27	0.034284
26.28	0.03487
26.29	0.035762
26.3	0.036439
26.31	0.036981
26.32	0.037511
26.33	0.038135
26.34	0.038723
26.35	0.039213
26.36	0.039726
26.37	0.04015
26.38	0.040474
26.39	0.041014
26.4	0.04127
26.41	0.038566
26.42	0.032955
26.43	0.029769
26.44	0.030251
26.45	0.030648
26.46	0.030198
26.47	0.030394
26.48	0.031834
26.49	0.033772
26.5	0.034402
26.51	0.032811
26.52	0.030851
26.53	0.029866
26.54	0.028864
26.55	0.029207
26.56	0.028717
26.57	0.024977
26.58	0.022635
26.59	0.021266
26.6	0.017906
26.61	0.012092
26.62	0.0065643
26.63	0.0057011
26.64	0.0065256
26.65	0.00637
26.66	0.0059252
26.67	0.0017159
26.68	-0.004583
26.69	-0.005738
26.7	-0.0074291
26.71	-0.014246
26.72	-0.018377
26.73	-0.021658
26.74	-0.029797
26.75	-0.037791
26.76	-0.043468
26.77	-0.049132
26.78	-0.052073
26.79	-0.0552
26.8	-0.061048
26.81	-0.063089
26.82	-0.061753
26.83	-0.061844
26.84	-0.061306
26.85	-0.057291
26.86	-0.05198
26.87	-0.048663
26.88	-0.04813
26.89	-0.047428
26.9	-0.044143
26.91	-0.040123
26.92	-0.036523
26.93	-0.033957
26.94	-0.033345
26.95	-0.033297
26.96	-0.032566
26.97	-0.03323
26.98	-0.036096
26.99	-0.039123
27	-0.041431
27.01	-0.042944
27.02	-0.046417
27.03	-0.051592
27.04	-0.053499
27.05	-0.052864
27.06	-0.052871
27.07	-0.053155
27.08	-0.05309
27.09	-0.053272
27.1	-0.050779
27.11	-0.044286
27.12	-0.037532
27.13	-0.032114
27.14	-0.029141
27.15	-0.024985
27.16	-0.018713
27.17	-0.016971
27.18	-0.014795
27.19	-0.0081408
27.2	-0.0055437
27.21	-0.0039598
27.22	0.0029305
27.23	0.0070614
27.24	0.0061846
27.25	0.0060299
27.26	0.0066731
27.27	0.0067551
27.28	0.006859
27.29	0.007214
27.3	0.0093868
27.31	0.014984
27.32	0.019697
27.33	0.021949
27.34	0.027528
27.35	0.034005
27.36	0.035145
27.37	0.034755
27.38	0.03933
27.39	0.046548
27.4	0.049786
27.41	0.052462
27.42	0.058675
27.43	0.062799
27.44	0.062965
27.45	0.063123
27.46	0.063889
27.47	0.06412
27.48	0.064231
27.49	0.06461
27.5	0.064956
27.51	0.065115
27.52	0.06535
27.53	0.065689
27.54	0.066337
27.55	0.065426
27.56	0.06012
27.57	0.054585
27.58	0.050606
27.59	0.044914
27.6	0.041743
27.61	0.042489
27.62	0.042719
27.63	0.042333
27.64	0.042851
27.65	0.041346
27.66	0.035789
27.67	0.031821
27.68	0.031846
27.69	0.033388
27.7	0.037693
27.71	0.041203
27.72	0.037287
27.73	0.031527
27.74	0.02917
27.75	0.0236
27.76	0.013635
27.77	0.0055793
27.78	0.00012854
27.79	-0.0062541
27.8	-0.014304
27.81	-0.022098
27.82	-0.030084
27.83	-0.037556
27.84	-0.041969
27.85	-0.045655
27.86	-0.04958
27.87	-0.051508
27.88	-0.051954
27.89	-0.051806
27.9	-0.051403
27.91	-0.051057
27.92	-0.050583
27.93	-0.050158
27.94	-0.049661
27.95	-0.04889
27.96	-0.048325
27.97	-0.048025
27.98	-0.047161
27.99	-0.047625
28	-0.051529
28.01	-0.05534
28.02	-0.056394
28.03	-0.056179
28.04	-0.056134
28.05	-0.055174
28.06	-0.050501
28.07	-0.044454
28.08	-0.042115
28.09	-0.042359
28.1	-0.041955
28.11	-0.041731
28.12	-0.040695
28.13	-0.035789
28.14	-0.028244
28.15	-0.021059
28.16	-0.017333
28.17	-0.014289
28.18	-0.0082876
28.19	-0.0044594
28.2	-0.00082411
28.21	0.0050601
28.22	0.0086539
28.23	0.012814
28.24	0.017424
28.25	0.0188
28.26	0.019741
28.27	0.023996
28.28	0.02929
28.29	0.030556
28.3	0.029707
28.31	0.029986
28.32	0.030279
28.33	0.03039
28.34	0.030195
28.35	0.025906
28.36	0.019808
28.37	0.016269
28.38	0.010868
28.39	0.0060405
28.4	0.0062779
28.41	0.0070815
28.42	0.0065307
28.43	0.0062749
28.44	0.006439
28.45	0.0064679
28.46	0.0062777
28.47	0.006524
28.48	0.0080935
28.49	0.0093254
28.5	0.0080498
28.51	0.0064338
28.52	0.0066198
28.53	0.0070492
28.54	0.0068949
28.55	0.0068909
28.56	0.0070508
28.57	0.0073897
28.58	0.0061935
28.59	0.0036633
28.6	0.0045391
28.61	0.010206
28.62	0.016831
28.63	0.01947
28.64	0.019248
28.65	0.01808
28.66	0.013596
28.67	0.010149
28.68	0.01041
28.69	0.0098693
28.7	0.010946
28.71	0.013469
28.72	0.011014
28.73	0.0071696
28.74	0.0069455
28.75	0.007628
28.76	0.0074561
28.77	0.0075126
28.78	0.0078146
28.79	0.0078399
28.8	0.0079102
28.81	0.0081549
28.82	0.0085022
28.83	0.0091325
28.84	0.0095691
28.85	0.0063637
28.86	0.00010589
28.87	-0.0053593
28.88	-0.010628
28.89	-0.016489
28.9	-0.021721
28.91	-0.023891
28.92	-0.026073
28.93	-0.030145
28.94	-0.030534
28.95	-0.025962
28.96	-0.021596
28.97	-0.018003
28.98	-0.011426
28.99	-0.006527
29	-0.0065764
29.01	-0.0053479
29.02	-0.00050766
29.03	0.004088
29.04	0.0063236
29.05	0.0069125
29.06	0.0070125
29.07	0.0067267
29.08	0.008515
29.09	0.015322
29.1	0.024202
29.11	0.030087
29.12	0.031307
29.13	0.030833
29.14	0.031003
29.15	0.031198
29.16	0.031129
29.17	0.030952
29.18	0.030538
29.19	0.032669
29.2	0.039099
29.21	0.043413
29.22	0.043158
29.23	0.04212
29.24	0.038082
29.25	0.032089
29.26	0.030619
29.27	0.02845
29.28	0.02174
29.29	0.016344
29.3	0.011508
29.31	0.0052112
29.32	-0.00063536
29.33	-0.0053496
29.34	-0.011218
29.35	-0.016108
29.36	-0.018667
29.37	-0.023954
29.38	-0.030017
29.39	-0.034721
29.4	-0.038922
29.41	-0.04029
29.42	-0.039663
29.43	-0.039513
29.44	-0.04322
29.45	-0.050147
29.46	-0.0528
29.47	-0.051676
29.48	-0.051765
29.49	-0.052249
29.5	-0.052266
29.51	-0.051396
29.52	-0.048392
29.53	-0.04404
29.54	-0.04072
29.55	-0.040011
29.56	-0.040118
29.57	-0.039288
29.58	-0.038253
29.59	-0.034772
29.6	-0.029839
29.61	-0.027628
29.62	-0.023559
29.63	-0.017414
29.64	-0.015986
29.65	-0.017057
29.66	-0.016683
29.67	-0.016254
29.68	-0.016261
29.69	-0.012842
29.7	-0.0049118
29.71	0.0020622
29.72	0.0059759
29.73	0.0074815
29.74	0.007507
29.75	0.0088989
29.76	0.010626
29.77	0.010851
29.78	0.011123
29.79	0.01206
29.8	0.012845
29.81	0.013479
29.82	0.011392
29.83	0.0055766
29.84	0.0024366
29.85	0.0036033
29.86	0.0044258
29.87	0.0045727
29.88	0.0048752
29.89	0.0065486
29.9	0.011769
29.91	0.017037
29.92	0.018649
29.93	0.020633
29.94	0.026753
29.95	0.030992
29.96	0.027126
29.97	0.020989
29.98	0.019523
29.99	0.020501
30	0.019665
30.01	0.017941
30.02	0.017892
30.03	0.015897
30.04	0.010396
30.05	0.0074825
30.06	0.0080499
30.07	0.0081423
30.08	0.0076495
30.09	0.0072409
30.1	0.0083858
30.11	0.013253
30.12	0.01755
30.13	0.017948
30.14	0.017309
30.15	0.015749
30.16	0.01184
30.17	0.0082531
30.18	0.0069057
30.19	0.0034927
30.2	-0.0024146
30.21	-0.0046417
30.22	-0.0047789
30.23	-0.0097136
30.24	-0.01584
30.25	-0.016661
30.26	-0.017621
30.27	-0.023521
30.28	-0.028332
30.29	-0.028606
30.3	-0.029824
30.31	-0.03208
30.32	-0.030226
30.33	-0.02745
30.34	-0.025372
30.35	-0.020651
30.36	-0.016682
30.37	-0.016622
30.38	-0.017327
30.39	-0.015588
30.4	-0.010603
30.41	-0.0061864
30.42	-0.0048308
30.43	-0.0007974
30.44	0.0056777
30.45	0.007127
30.46	0.0080887
30.47	0.014552
30.48	0.018893
30.49	0.018601
30.5	0.021517
30.51	0.027339
30.52	0.030031
30.53	0.030099
30.54	0.030143
30.55	0.030327
30.56	0.030672
30.57	0.027917
30.58	0.020989
30.59	0.017921
30.6	0.02038
30.61	0.024142
30.62	0.028569
30.63	0.030574
30.64	0.031471
30.65	0.033808
30.66	0.035071
30.67	0.03525
30.68	0.03364
30.69	0.032628
30.7	0.037336
30.71	0.042713
30.72	0.043463
30.73	0.041225
30.74	0.036105
30.75	0.031336
30.76	0.027933
30.77	0.020685
30.78	0.012039
30.79	0.0068918
30.8	0.0024723
30.81	-0.0025294
30.82	-0.0042747
30.83	-0.0040587
30.84	-0.0059873
30.85	-0.0082123
30.86	-0.0080969
30.87	-0.0077181
30.88	-0.010808
30.89	-0.015151
30.9	-0.015831
30.91	-0.014895
30.92	-0.015629
30.93	-0.0182
30.94	-0.022296
30.95	-0.024653
30.96	-0.024202
30.97	-0.024893
30.98	-0.026468
30.99	-0.02853
31	-0.033223
31.01	-0.036865
31.02	-0.036819
31.03	-0.038341
31.04	-0.043819
31.05	-0.047641
31.06	-0.047322
31.07	-0.046537
31.08	-0.046602
31.09	-0.043244
31.1	-0.036204
31.11	-0.032203
31.12	-0.031333
31.13	-0.028785
31.14	-0.023816
31.15	-0.019582
31.16	-0.018891
31.17	-0.018337
31.18	-0.013585
31.19	-0.0075665
31.2	-0.005353
31.21	-0.0056538
31.22	-0.0057571
31.23	-0.0042125
31.24	0.0015176
31.25	0.0073065
31.26	0.007899
31.27	0.0071364
31.28	0.007804
31.29	0.0080578
31.3	0.0078381
31.31	0.0078172
31.32	0.0076627
31.33	0.0080912
31.34	0.010143
31.35	0.011821
31.36	0.010958
31.37	0.008806
31.38	0.0075967
31.39	0.007627
31.4	0.0077369
31.41	0.0076277
31.42	0.0074256
31.43	0.0074431
31.44	0.0088965
31.45	0.011747
31.46	0.01563
31.47	0.019029
31.48	0.01951
31.49	0.018951
31.5	0.019218
31.51	0.019345
31.52	0.019219
31.53	0.019206
31.54	0.019267
31.55	0.019191
31.56	0.019446
31.57	0.020663
31.58	0.020565
31.59	0.019851
31.6	0.02444
31.61	0.030893
31.62	0.031957
31.63	0.030919
31.64	0.031827
31.65	0.030967
31.66	0.02558
31.67	0.021243
31.68	0.019078
31.69	0.013319
31.7	0.0082888
31.71	0.0071168
31.72	0.0024035
31.73	-0.0059736
31.74	-0.012709
31.75	-0.015429
31.76	-0.015845
31.77	-0.020136
31.78	-0.026527
31.79	-0.027832
31.8	-0.027217
31.81	-0.030168
31.82	-0.033256
31.83	-0.034855
31.84	-0.037862
31.85	-0.039803
31.86	-0.03911
31.87	-0.040001
31.88	-0.044978
31.89	-0.050187
31.9	-0.051495
31.91	-0.049634
31.92	-0.045947
31.93	-0.042133
31.94	-0.038042
31.95	-0.031764
31.96	-0.026703
31.97	-0.026219
31.98	-0.026562
31.99	-0.023406
32	-0.017563
32.01	-0.013865
32.02	-0.013438
32.03	-0.0098054
32.04	-0.0027131
32.05	0.00018747
32.06	-0.00034043
32.07	0.00027894
32.08	0.0011638
32.09	0.0011336
32.1	0.0011986
32.11	0.0040956
32.12	0.0091983
32.13	0.012467
32.14	0.013759
32.15	0.015972
32.16	0.02178
32.17	0.02764
32.18	0.028644
32.19	0.031123
32.2	0.038289
32.21	0.042023
32.22	0.041389
32.23	0.041437
32.24	0.042254
32.25	0.042516
32.26	0.040409
32.27	0.035179
32.28	0.031211
32.29	0.031655
32.3	0.030383
32.31	0.023445
32.32	0.018816
32.33	0.019708
32.34	0.019455
32.35	0.016866
32.36	0.016875
32.37	0.019213
32.38	0.019867
32.39	0.019374
32.4	0.019513
32.41	0.019716
32.42	0.019628
32.43	0.019589
32.44	0.019701
32.45	0.019529
32.46	0.017828
32.47	0.014585
32.48	0.012685
32.49	0.011453
32.5	0.008685
32.51	0.0077064
32.52	0.0073704
32.53	0.0039588
32.54	0.0013624
32.55	0.0020328
32.56	0.0016104
32.57	-0.0019008
32.58	-0.0073033
32.59	-0.013399
32.6	-0.016229
32.61	-0.01573
32.62	-0.015639
32.63	-0.016023
32.64	-0.015993
32.65	-0.015936
32.66	-0.016015
32.67	-0.016036
32.68	-0.016166
32.69	-0.016392
32.7	-0.013323
32.71	-0.006233
32.72	-0.0049283
32.73	-0.010192
32.74	-0.0093707
32.75	-0.0042142
32.76	-0.0033051
32.77	-0.0016478
32.78	0.004522
32.79	0.0081984
32.8	0.0065208
32.81	0.0059291
32.82	0.0079587
32.83	0.0083792
32.84	0.0077233
32.85	0.0078729
32.86	0.0081698
32.87	0.0081971
32.88	0.0082364
32.89	0.0081958
32.9	0.0065009
32.91	0.0023293
32.92	-0.0016809
32.93	-0.0030489
32.94	-0.0028332
32.95	-0.0023285
32.96	-0.0037402
32.97	-0.0088463
32.98	-0.013209
32.99	-0.01386
33	-0.013314
33.01	-0.013141
33.02	-0.012981
33.03	-0.012426
33.04	-0.012255
33.05	-0.01369
33.06	-0.015149
33.07	-0.015761
33.08	-0.018963
33.09	-0.021319
33.1	-0.01598
33.11	-0.0094765
33.12	-0.0088699
33.13	-0.0094328
33.14	-0.008352
33.15	-0.0077917
33.16	-0.0078092
33.17	-0.0078269
33.18	-0.0066731
33.19	-0.0033681
33.2	0.00033703
33.21	0.0039307
33.22	0.0037824
33.23	-0.0022916
33.24	-0.0059993
33.25	-0.0050245
33.26	-0.0046995
33.27	-0.004853
33.28	-0.0052442
33.29	-0.007066
33.3	-0.0085155
33.31	-0.0077024
33.32	-0.0048157
33.33	-0.0041544
33.34	-0.0068538
33.35	-0.0083308
33.36	-0.0087679
33.37	-0.0096371
33.38	-0.0098259
33.39	-0.010354
33.4	-0.012337
33.41	-0.014697
33.42	-0.014343
33.43	-0.011858
33.44	-0.011503
33.45	-0.011879
33.46	-0.012549
33.47	-0.014776
33.48	-0.015542
33.49	-0.014802
33.5	-0.016468
33.51	-0.019968
33.52	-0.018574
33.53	-0.013439
33.54	-0.011294
33.55	-0.006211
33.56	0.002854
33.57	0.0025356
33.58	-0.0038049
33.59	-0.0043908
33.6	-0.0015915
33.61	0.00099665
33.62	0.0028714
33.63	0.0052802
33.64	0.0083866
33.65	0.0091901
33.66	0.0086607
33.67	0.0088024
33.68	0.0089447
33.69	0.0087324
33.7	0.0094634
33.71	0.010325
33.72	0.009195
33.73	0.0081874
33.74	0.0084605
33.75	0.0083953
33.76	0.0089033
33.77	0.010192
33.78	0.010649
33.79	0.011511
33.8	0.011528
33.81	0.008908
33.82	0.0079295
33.83	0.0099017
33.84	0.012284
33.85	0.013127
33.86	0.013058
33.87	0.01334
33.88	0.011333
33.89	0.0089003
33.9	0.0093414
33.91	0.010288
33.92	0.010407
33.93	0.010646
33.94	0.011219
33.95	0.011736
33.96	0.012214
33.97	0.012745
33.98	0.013248
33.99	0.013972
34	0.014782
34.01	0.013437
34.02	0.0086572
34.03	0.0046805
34.04	0.0047942
34.05	0.0059252
34.06	0.0063226
34.07	0.0059133
34.08	0.0013226
34.09	-0.0035645
34.1	-0.00062491
34.11	0.0052621
34.12	0.0065956
34.13	0.004307
34.14	0.00076518
34.15	-0.0013856
34.16	-9.9381e-05
34.17	0.0019482
34.18	0.0032585
34.19	0.0061992
34.2	0.0094694
34.21	0.0080774
34.22	0.0013465
34.23	-0.0033056
34.24	-0.0036831
34.25	-0.0061484
34.26	-0.0112
34.27	-0.014727
34.28	-0.015403
34.29	-0.01511
34.3	-0.015301
34.31	-0.01503
34.32	-0.015602
34.33	-0.020662
34.34	-0.026746
34.35	-0.0276
34.36	-0.02717
34.37	-0.031111
34.38	-0.036021
34.39	-0.038043
34.4	-0.039086
34.41	-0.039006
34.42	-0.035336
34.43	-0.030822
34.44	-0.02872
34.45	-0.027898
34.46	-0.025771
34.47	-0.02071
34.48	-0.015689
34.49	-0.014345
34.5	-0.013866
34.51	-0.010287
34.52	-0.0058657
34.53	-0.0039636
34.54	-0.0036402
34.55	-0.0033912
34.56	-0.0033006
34.57	-0.0022835
34.58	-0.0012027
34.59	-0.0013282
34.6	0.0022123
34.61	0.0086827
34.62	0.011183
34.63	0.01078
34.64	0.011275
34.65	0.012154
34.66	0.012613
34.67	0.013069
34.68	0.013691
34.69	0.013842
34.7	0.013301
34.71	0.014115
34.72	0.0158
34.73	0.01446
34.74	0.013491
34.75	0.01669
34.76	0.018716
34.77	0.018207
34.78	0.01851
34.79	0.019168
34.8	0.01982
34.81	0.021284
34.82	0.021627
34.83	0.020368
34.84	0.020069
34.85	0.020595
34.86	0.020655
34.87	0.020504
34.88	0.02077
34.89	0.02064
34.9	0.01625
34.91	0.0095772
34.92	0.008109
34.93	0.0082135
34.94	0.0046351
34.95	0.00075958
34.96	-0.0017375
34.97	-0.0024889
34.98	-0.002654
34.99	-0.0039439
35	-0.0039608
35.01	-0.0023133
35.02	-0.0023132
35.03	-0.003693
35.04	-0.0037285
35.05	-0.0030327
35.06	-0.0028618
35.07	-0.0027439
35.08	-0.0023399
35.09	-0.0018291
35.1	-0.0013635
35.11	-0.00091748
35.12	-0.00067964
35.13	-0.00022036
35.14	0.0039002
35.15	0.011097
35.16	0.014482
35.17	0.014286
35.18	0.014886
35.19	0.015658
35.2	0.016487
35.21	0.018232
35.22	0.01873
35.23	0.017876
35.24	0.01813
35.25	0.018939
35.26	0.019402
35.27	0.019429
35.28	0.016729
35.29	0.012317
35.3	0.0099895
35.31	0.0090516
35.32	0.0085527
35.33	0.0086526
35.34	0.0084436
35.35	0.009015
35.36	0.011403
35.37	0.012501
35.38	0.010455
35.39	0.0084857
35.4	0.0084901
35.41	0.0086597
35.42	0.008242
35.43	0.0081254
35.44	0.0081486
35.45	0.0079177
35.46	0.0077696
35.47	0.0079428
35.48	0.0080172
35.49	0.0060956
35.5	0.0019424
35.51	-0.0011555
35.52	-0.002637
35.53	-0.0039247
35.54	-0.0041031
35.55	-0.004491
35.56	-0.0074992
35.57	-0.011797
35.58	-0.015217
35.59	-0.016799
35.6	-0.019214
35.61	-0.024226
35.62	-0.026658
35.63	-0.026606
35.64	-0.029478
35.65	-0.033653
35.66	-0.033937
35.67	-0.030786
35.68	-0.028429
35.69	-0.027206
35.7	-0.025134
35.71	-0.022059
35.72	-0.020377
35.73	-0.020124
35.74	-0.019437
35.75	-0.018572
35.76	-0.01808
35.77	-0.017266
35.78	-0.015022
35.79	-0.013177
35.8	-0.011518
35.81	-0.0070098
35.82	-0.0029702
35.83	-0.0025968
35.84	-0.0027836
35.85	-0.0021297
35.86	-0.0018769
35.87	-0.0020243
35.88	-0.0020227
35.89	-0.0021497
35.9	-0.0017424
35.91	9.5862e-05
35.92	0.0023764
35.93	0.0038465
35.94	0.0022315
35.95	-0.0015509
35.96	-0.0029039
35.97	-0.0025404
35.98	-0.002768
35.99	-0.0020469
36	0.00029946
36.01	0.0024226
36.02	0.0029458
36.03	0.00087921
36.04	-0.0025646
36.05	-0.0036192
36.06	-0.00296
36.07	-0.0031056
36.08	-0.0036274
36.09	-0.0028225
36.1	0.0014231
36.11	0.0069762
36.12	0.009161
36.13	0.008829
36.14	0.0088801
36.15	0.0093954
36.16	0.0094709
36.17	0.0072575
36.18	0.0042041
36.19	0.005717
36.2	0.0098697
36.21	0.010954
36.22	0.010611
36.23	0.011253
36.24	0.011716
36.25	0.011838
36.26	0.012327
36.27	0.01297
36.28	0.013418
36.29	0.013706
36.3	0.014178
36.31	0.014915
36.32	0.015414
36.33	0.015675
36.34	0.016055
36.35	0.016672
36.36	0.017187
36.37	0.015335
36.38	0.010276
36.39	0.0065778
36.4	0.006582
36.41	0.0071233
36.42	0.0070212
36.43	0.0072397
36.44	0.0075928
36.45	0.0077605
36.46	0.0078221
36.47	0.0079374
36.48	0.0074128
36.49	0.0056594
36.5	0.0023744
36.51	-0.0017485
36.52	-0.0033406
36.53	-0.0038068
36.54	-0.0074363
36.55	-0.010673
36.56	-0.011031
36.57	-0.012629
36.58	-0.015488
36.59	-0.016723
36.6	-0.016404
36.61	-0.015407
36.62	-0.014549
36.63	-0.014715
36.64	-0.013834
36.65	-0.010615
36.66	-0.0086842
36.67	-0.0090504
36.68	-0.0091778
36.69	-0.0098754
36.7	-0.0091974
36.71	-0.0063301
36.72	-0.0088994
36.73	-0.014184
36.74	-0.014434
36.75	-0.01324
36.76	-0.013453
36.77	-0.01341
36.78	-0.013027
36.79	-0.012783
36.8	-0.012529
36.81	-0.01221
36.82	-0.012041
36.83	-0.011225
36.84	-0.0083145
36.85	-0.0052063
36.86	-0.0058146
36.87	-0.0088445
36.88	-0.0097601
36.89	-0.0087402
36.9	-0.0080142
36.91	-0.0081939
36.92	-0.010127
36.93	-0.012022
36.94	-0.012483
36.95	-0.012806
36.96	-0.011847
36.97	-0.010271
36.98	-0.009928
36.99	-0.0082342
37	-0.0048104
37.01	-0.0035067
37.02	-0.0018254
37.03	0.0038571
37.04	0.0078969
37.05	0.0077895
37.06	0.0083754
37.07	0.0094128
37.08	0.0084775
37.09	0.0078614
37.1	0.0084376
37.11	0.0086032
37.12	0.0071555
37.13	0.0053113
37.14	0.0062224
37.15	0.0084339
37.16	0.0087622
37.17	0.0084872
37.18	0.0092506
37.19	0.011577
37.2	0.01549
37.21	0.017893
37.22	0.017381
37.23	0.017465
37.24	0.019834
37.25	0.021502
37.26	0.021127
37.27	0.020782
37.28	0.020607
37.29	0.019011
37.3	0.016921
37.31	0.01691
37.32	0.017729
37.33	0.01702
37.34	0.0159
37.35	0.015012
37.36	0.014375
37.37	0.014219
37.38	0.014053
37.39	0.013981
37.4	0.012998
37.41	0.0098526
37.42	0.0067414
37.43	0.0053251
37.44	0.0045685
37.45	0.0041961
37.46	0.0041303
37.47	0.0038648
37.48	0.0047059
37.49	0.0061968
37.5	0.0051628
37.51	0.0034399
37.52	0.0035896
37.53	0.0038213
37.54	0.0035503
37.55	0.0035402
37.56	0.0037722
37.57	0.0035282
37.58	0.0018202
37.59	0.00015688
37.6	-0.00018197
37.61	-0.0014793
37.62	-0.0032308
37.63	-0.0034141
37.64	-0.0047752
37.65	-0.0082788
37.66	-0.010119
37.67	-0.009602
37.68	-0.0090523
37.69	-0.0093949
37.7	-0.0099355
37.71	-0.0091377
37.72	-0.0088504
37.73	-0.011169
37.74	-0.013354
37.75	-0.013973
37.76	-0.014036
37.77	-0.013781
37.78	-0.014371
37.79	-0.015615
37.8	-0.01535
37.81	-0.014607
37.82	-0.015075
37.83	-0.015415
37.84	-0.014956
37.85	-0.014031
37.86	-0.012919
37.87	-0.013272
37.88	-0.014305
37.89	-0.014415
37.9	-0.015087
37.91	-0.015246
37.92	-0.013122
37.93	-0.0111
37.94	-0.010785
37.95	-0.010649
37.96	-0.010011
37.97	-0.0095707
37.98	-0.0084917
37.99	-0.0065006
38	-0.0055142
38.01	-0.0055324
38.02	-0.0045943
38.03	-0.0023361
38.04	-4.106e-05
38.05	0.0011194
38.06	0.0013107
38.07	0.0016574
38.08	0.0021544
38.09	0.0035845
38.1	0.00609
38.11	0.0069342
38.12	0.0063714
38.13	0.0063086
38.14	0.006382
38.15	0.0062129
38.16	0.0060643
38.17	0.005896
38.18	0.0060483
38.19	0.0071333
38.2	0.0088361
38.21	0.010097
38.22	0.0094432
38.23	0.0076651
38.24	0.006947
38.25	0.0073727
38.26	0.0083981
38.27	0.0090921
38.28	0.0088341
38.29	0.0085066
38.3	0.0083742
38.31	0.007461
38.32	0.0059352
38.33	0.0046707
38.34	0.0035873
38.35	0.0030549
38.36	0.0031014
38.37	0.0030111
38.38	0.0022599
38.39	0.00066846
38.4	-0.00087383
38.41	-0.0014339
38.42	-0.0013383
38.43	-0.0013004
38.44	-0.0013489
38.45	-0.0013124
38.46	-0.001262
38.47	-0.0012473
38.48	-0.0012318
38.49	-0.0012019
38.5	-0.0011763
38.51	-0.0011464
38.52	-0.0010638
38.53	-0.0011892
38.54	-0.0017614
38.55	-0.002319
38.56	-0.0028445
38.57	-0.0036066
38.58	-0.004275
38.59	-0.0043788
38.6	-0.0038595
38.61	-0.00345
38.62	-0.0033645
38.63	-0.0032151
38.64	-0.0030911
38.65	-0.0027044
38.66	-0.0017838
38.67	-0.00082384
38.68	-3.6649e-06
38.69	0.00050012
38.7	0.00056698
38.71	0.00068335
38.72	0.00063419
38.73	-0.00029226
38.74	-0.0013783
38.75	-0.0015295
38.76	-0.0011987
38.77	-0.0010361
38.78	-0.00094166
38.79	-0.00070408
38.8	-0.0001052
38.81	0.0008494
38.82	0.0016838
38.83	0.0021064
38.84	0.0025478
38.85	0.0034208
38.86	0.0041523
38.87	0.0041529
38.88	0.003932
38.89	0.003876
38.9	0.0038046
38.91	0.003696
38.92	0.0035935
38.93	0.0034965
38.94	0.0031377
38.95	0.0023795
38.96	0.0017222
38.97	0.0013939
38.98	0.0012085
38.99	0.001127
39	0.0011085
39.01	0.0010885
39.02	0.001043
39.03	0.00097759
39.04	0.00091409
39.05	0.00085232
39.06	0.00082054
39.07	0.00071273
39.08	0.00029624
39.09	5.534e-05
39.1	0.00038764
39.11	0.00058886
39.12	0.00045291
39.13	0.00039984
39.14	0.00019819
39.15	-9.1305e-05
39.16	3.826e-05
39.17	0.00022127
39.18	0.00012383
39.19	3.5666e-05
39.2	1.6262e-05
39.21	-3.8568e-05
39.22	-0.00011146
39.23	-0.00016109
39.24	-0.00020669
39.25	-0.00026329
39.26	-0.00030841
39.27	-0.00033838
39.28	-0.00037749
39.29	-0.00042159
39.3	-0.00045539
39.31	-0.00048673
39.32	-0.00051682
39.33	-0.00053247
39.34	-0.00064491
39.35	-0.00087156
39.36	-0.00096144
39.37	-0.00099046
39.38	-0.0011476
39.39	-0.001224
39.4	-0.0011519
39.41	-0.0010933
39.42	-0.0010672
39.43	-0.001028
39.44	-0.00097889
39.45	-0.0009234
39.46	-0.00092283
39.47	-0.0010572
39.48	-0.0011924
39.49	-0.001166
39.5	-0.001063
39.51	-0.0009846
39.52	-0.00091229
39.53	-0.00083175
39.54	-0.00075533
39.55	-0.00068614
39.56	-0.00060772
39.57	-0.0005793
39.58	-0.00066044
39.59	-0.00070416
39.6	-0.00061601
39.61	-0.0005088
39.62	-0.00043227
39.63	-0.00035518
39.64	-0.00027819
39.65	-0.00021033
39.66	-0.00014739
39.67	-8.5493e-05
39.68	-3.5467e-05
39.69	1.9127e-05
39.7	0.00012475
39.71	0.00022997
39.72	0.00023838
39.73	0.00020482
39.74	0.0002289
39.75	0.00027382
39.76	0.00026827
39.77	0.00024395
39.78	0.00025387
39.79	0.00027077
39.8	0.00026572
39.81	0.00026041
39.82	0.0002597
39.83	0.00025284
39.84	0.00024769
39.85	0.00024373
39.86	0.0002316
39.87	0.00021456
39.88	0.00019636
39.89	0.00017624
39.9	0.00015643
39.91	0.00013863
39.92	0.00012271
39.93	0.00010861
39.94	9.6263e-05
39.95	8.5702e-05
39.96	7.7005e-05
39.97	7.0105e-05
39.98	6.4966e-05
39.99	6.1589e-05
