0	1.8101e-05
0.01	0.00019482
0.02	0.00066438
0.03	0.00086646
0.04	0.00072277
0.05	0.00067417
0.06	0.00062743
0.07	0.00058546
0.08	0.00054787
0.09	0.00051325
0.1	0.00048016
0.11	0.00045067
0.12	0.00042691
0.13	0.00041218
0.14	0.00041229
0.15	0.00043053
0.16	0.00046101
0.17	0.00049217
0.18	0.00051425
0.19	0.0005175
0.2	0.00049714
0.21	0.00046361
0.22	0.00043487
0.23	0.00041935
0.24	0.00040769
0.25	0.00038839
0.26	0.00036551
0.27	0.00035716
0.28	0.00037999
0.29	0.00043532
0.3	0.00050153
0.31	0.00054059
0.32	0.00052245
0.33	0.00045366
0.34	0.00037687
0.35	0.00032827
0.36	0.00030267
0.37	0.00027024
0.38	0.00021951
0.39	0.00015969
0.4	0.00011771
0.41	0.00013663
0.42	0.00021523
0.43	0.00030633
0.44	0.00036216
0.45	0.00033585
0.46	0.00022774
0.47	0.0001116
0.48	5.4836e-05
0.49	5.0835e-05
0.5	5.1151e-05
0.51	3.6964e-05
0.52	4.2617e-05
0.53	7.7064e-05
0.54	1.402e-05
0.55	-0.00025654
0.56	-0.00061503
0.57	-0.00083395
0.58	-0.00080019
0.59	-0.00062415
0.6	-0.00054594
0.61	-0.00064343
0.62	-0.00072488
0.63	-0.00059172
0.64	-0.00029826
0.65	-8.7015e-05
0.66	-0.00013352
0.67	-0.00039906
0.68	-0.00068375
0.69	-0.00077746
0.7	-0.00064325
0.71	-0.00045293
0.72	-0.00040889
0.73	-0.00053232
0.74	-0.00071208
0.75	-0.00090131
0.76	-0.0010886
0.77	-0.0012637
0.78	-0.0014476
0.79	-0.001606
0.8	-0.0015716
0.81	-0.0012382
0.82	-0.00081143
0.83	-0.0006083
0.84	-0.00067644
0.85	-0.00075857
0.86	-0.00062684
0.87	-0.00045343
0.88	-0.00060538
0.89	-0.0010231
0.9	-0.001297
0.91	-0.0012837
0.92	-0.0010989
0.93	-0.00084613
0.94	-0.00064393
0.95	-0.00053266
0.96	-0.00046234
0.97	-0.00046378
0.98	-0.00061085
0.99	-0.00083628
1	-0.000897
1.01	-0.00062411
1.02	-0.00011069
1.03	0.00041856
1.04	0.00076576
1.05	0.00086014
1.06	0.00083404
1.07	0.00093637
1.08	0.0012431
1.09	0.0014355
1.1	0.001138
1.11	0.0005047
1.12	0.00015943
1.13	0.00033055
1.14	0.00043436
1.15	-7.2541e-05
1.16	-0.000934
1.17	-0.001504
1.18	-0.0016293
1.19	-0.0017
1.2	-0.0020403
1.21	-0.0024466
1.22	-0.0021822
1.23	-0.00095985
1.24	0.00048873
1.25	0.0012051
1.26	0.00091009
1.27	0.00017107
1.28	-0.00025922
1.29	-0.00013264
1.3	0.00020172
1.31	0.00025716
1.32	6.5609e-05
1.33	3.9787e-05
1.34	0.00031567
1.35	0.00070712
1.36	0.00079747
1.37	0.00046749
1.38	0.00038764
1.39	0.0011182
1.4	0.0023807
1.41	0.0033426
1.42	0.0031897
1.43	0.0018509
1.44	2.2715e-05
1.45	-0.0015646
1.46	-0.0026269
1.47	-0.00338
1.48	-0.0040537
1.49	-0.0045876
1.5	-0.0048093
1.51	-0.0045475
1.52	-0.0036904
1.53	-0.0022681
1.54	-0.00060804
1.55	0.00071147
1.56	0.00087879
1.57	-0.00031386
1.58	-0.0016448
1.59	-0.0017357
1.6	-0.00032138
1.61	0.001793
1.62	0.0031731
1.63	0.0029614
1.64	0.0018506
1.65	0.0011534
1.66	0.001406
1.67	0.0018871
1.68	0.0014826
1.69	0.00041565
1.7	-1.6396e-05
1.71	0.00075358
1.72	0.0018925
1.73	0.0017356
1.74	-0.00055077
1.75	-0.0037203
1.76	-0.0055474
1.77	-0.0046614
1.78	-0.0012661
1.79	0.0029275
1.8	0.0058689
1.81	0.0068985
1.82	0.00663
1.83	0.0058582
1.84	0.0052875
1.85	0.004998
1.86	0.0043944
1.87	0.0030311
1.88	0.00065274
1.89	-0.0025273
1.9	-0.005591
1.91	-0.007888
1.92	-0.0092732
1.93	-0.0098037
1.94	-0.0095143
1.95	-0.0075674
1.96	-0.0029386
1.97	0.0033225
1.98	0.0083485
1.99	0.01021
2	0.0092273
2.01	0.0067568
2.02	0.0043381
2.03	0.0034227
2.04	0.003781
2.05	0.0035779
2.06	0.0020268
2.07	0.0003839
2.08	0.00026338
2.09	0.0016708
2.1	0.0029255
2.11	0.0026929
2.12	0.0012159
2.13	-0.00036684
2.14	-0.0011019
2.15	-0.0010808
2.16	-0.0011802
2.17	-0.0022942
2.18	-0.0048408
2.19	-0.0075436
2.2	-0.0077899
2.21	-0.004743
2.22	-0.00031549
2.23	0.0029522
2.24	0.0039466
2.25	0.0033026
2.26	0.0018644
2.27	-7.8224e-05
2.28	-0.0022295
2.29	-0.0037586
2.3	-0.0032567
2.31	-2.0378e-05
2.32	0.0045185
2.33	0.0082305
2.34	0.010305
2.35	0.010726
2.36	0.0098731
2.37	0.0083565
2.38	0.0061702
2.39	0.0024574
2.4	-0.0033988
2.41	-0.0097312
2.42	-0.013371
2.43	-0.012779
2.44	-0.0090915
2.45	-0.0052681
2.46	-0.0039759
2.47	-0.0053482
2.48	-0.0067528
2.49	-0.0054162
2.5	-0.0017455
2.51	0.001569
2.52	0.0028772
2.53	0.0020473
2.54	-0.00053239
2.55	-0.0040259
2.56	-0.0074002
2.57	-0.010227
2.58	-0.012151
2.59	-0.012258
2.6	-0.010503
2.61	-0.0080783
2.62	-0.0059122
2.63	-0.0045881
2.64	-0.0045372
2.65	-0.005737
2.66	-0.0078201
2.67	-0.0097494
2.68	-0.010466
2.69	-0.009711
2.7	-0.0079999
2.71	-0.0066172
2.72	-0.0062629
2.73	-0.0058391
2.74	-0.0039581
2.75	-0.00071518
2.76	0.002544
2.77	0.0045956
2.78	0.0067221
2.79	0.011772
2.8	0.019457
2.81	0.025722
2.82	0.026818
2.83	0.023285
2.84	0.018878
2.85	0.016289
2.86	0.015923
2.87	0.016632
2.88	0.017014
2.89	0.017536
2.9	0.019488
2.91	0.021559
2.92	0.01891
2.93	0.0074535
2.94	-0.0092541
2.95	-0.02184
2.96	-0.024929
2.97	-0.021179
2.98	-0.016623
2.99	-0.014435
3	-0.012995
3.01	-0.0092975
3.02	-0.0031254
3.03	0.00268
3.04	0.0055581
3.05	0.0062263
3.06	0.0070963
3.07	0.0091421
3.08	0.011632
3.09	0.013393
3.1	0.014554
3.11	0.016311
3.12	0.018698
3.13	0.020793
3.14	0.022045
3.15	0.0218
3.16	0.019455
3.17	0.014998
3.18	0.0084911
3.19	0.001327
3.2	-0.003937
3.21	-0.0073309
3.22	-0.011004
3.23	-0.015579
3.24	-0.019572
3.25	-0.020945
3.26	-0.019078
3.27	-0.015431
3.28	-0.01338
3.29	-0.016509
3.3	-0.024181
3.31	-0.030798
3.32	-0.031438
3.33	-0.026325
3.34	-0.019395
3.35	-0.013224
3.36	-0.006209
3.37	0.003396
3.38	0.012726
3.39	0.016943
3.4	0.01558
3.41	0.012739
3.42	0.01206
3.43	0.014257
3.44	0.016944
3.45	0.016579
3.46	0.012266
3.47	0.0064229
3.48	0.0021536
3.49	0.00046065
3.5	-0.0003044
3.51	-0.0026521
3.52	-0.0074642
3.53	-0.012682
3.54	-0.015351
3.55	-0.015071
3.56	-0.014851
3.57	-0.018721
3.58	-0.02776
3.59	-0.037884
3.6	-0.043754
3.61	-0.044507
3.62	-0.042028
3.63	-0.035798
3.64	-0.024426
3.65	-0.011447
3.66	-0.0032676
3.67	-0.001386
3.68	-0.0010667
3.69	0.0041419
3.7	0.016351
3.71	0.030524
3.72	0.039314
3.73	0.040596
3.74	0.037456
3.75	0.032585
3.76	0.026953
3.77	0.021683
3.78	0.018281
3.79	0.017196
3.8	0.017691
3.81	0.018071
3.82	0.015919
3.83	0.010521
3.84	0.0038237
3.85	-0.0016914
3.86	-0.0048152
3.87	-0.0053478
3.88	-0.0033949
3.89	6.6715e-05
3.9	0.0028294
3.91	0.003317
3.92	0.0025733
3.93	0.0024286
3.94	0.0024711
3.95	0.0013323
3.96	-0.00066254
3.97	-0.0019927
3.98	-0.0013302
3.99	0.001611
4	0.0052927
4.01	0.0078648
4.02	0.009226
4.03	0.010244
4.04	0.011413
4.05	0.012925
4.06	0.015326
4.07	0.018871
4.08	0.022781
4.09	0.025808
4.1	0.026438
4.11	0.023586
4.12	0.018389
4.13	0.013593
4.14	0.010073
4.15	0.0068918
4.16	0.0033997
4.17	-0.00055726
4.18	-0.0043304
4.19	-0.0068623
4.2	-0.007511
4.21	-0.0069212
4.22	-0.0070882
4.23	-0.0091832
4.24	-0.011751
4.25	-0.01276
4.26	-0.012318
4.27	-0.011754
4.28	-0.011971
4.29	-0.012991
4.3	-0.013826
4.31	-0.014254
4.32	-0.015653
4.33	-0.018529
4.34	-0.021483
4.35	-0.022718
4.36	-0.02128
4.37	-0.017547
4.38	-0.013103
4.39	-0.0097406
4.4	-0.0081691
4.41	-0.0077138
4.42	-0.0069787
4.43	-0.0052924
4.44	-0.0036431
4.45	-0.0039197
4.46	-0.0075629
4.47	-0.013854
4.48	-0.019985
4.49	-0.023324
4.5	-0.02341
4.51	-0.021288
4.52	-0.017831
4.53	-0.013737
4.54	-0.0097714
4.55	-0.0068702
4.56	-0.0055071
4.57	-0.0055246
4.58	-0.0068898
4.59	-0.0094072
4.6	-0.012008
4.61	-0.012614
4.62	-0.0093518
4.63	-0.0017167
4.64	0.0092078
4.65	0.02066
4.66	0.029983
4.67	0.036476
4.68	0.040655
4.69	0.042938
4.7	0.04339
4.71	0.041993
4.72	0.039005
4.73	0.03512
4.74	0.030531
4.75	0.02416
4.76	0.015733
4.77	0.0074057
4.78	0.0021822
4.79	0.0011496
4.8	0.0020997
4.81	0.0018384
4.82	-0.0027038
4.83	-0.012781
4.84	-0.023814
4.85	-0.029831
4.86	-0.030662
4.87	-0.030148
4.88	-0.030137
4.89	-0.029226
4.9	-0.02588
4.91	-0.020084
4.92	-0.012522
4.93	-0.0039314
4.94	0.0042376
4.95	0.010867
4.96	0.016485
4.97	0.021944
4.98	0.027138
4.99	0.031105
5	0.032452
5.01	0.030452
5.02	0.026436
5.03	0.02248
5.04	0.019565
5.05	0.017883
5.06	0.016811
5.07	0.015256
5.08	0.013056
5.09	0.010601
5.1	0.0067788
5.11	6.4296e-06
5.12	-0.0087796
5.13	-0.015965
5.14	-0.018584
5.15	-0.017234
5.16	-0.014305
5.17	-0.011446
5.18	-0.0091848
5.19	-0.0072601
5.2	-0.0053242
5.21	-0.0032968
5.22	-0.0013295
5.23	0.00025626
5.24	0.0013311
5.25	0.0012408
5.26	-0.0015918
5.27	-0.0078566
5.28	-0.016013
5.29	-0.022523
5.3	-0.024494
5.31	-0.022116
5.32	-0.017911
5.33	-0.015017
5.34	-0.014846
5.35	-0.016454
5.36	-0.018658
5.37	-0.020747
5.38	-0.022451
5.39	-0.024045
5.4	-0.025517
5.41	-0.025607
5.42	-0.021596
5.43	-0.0117
5.44	0.0023221
5.45	0.015949
5.46	0.025247
5.47	0.029491
5.48	0.029868
5.49	0.027505
5.5	0.024001
5.51	0.021682
5.52	0.021686
5.53	0.022575
5.54	0.022571
5.55	0.021459
5.56	0.019631
5.57	0.01766
5.58	0.015709
5.59	0.013157
5.6	0.0094095
5.61	0.0039754
5.62	-0.0038241
5.63	-0.013853
5.64	-0.023663
5.65	-0.0301
5.66	-0.032535
5.67	-0.032838
5.68	-0.032282
5.69	-0.03068
5.7	-0.028156
5.71	-0.025906
5.72	-0.024362
5.73	-0.021713
5.74	-0.017033
5.75	-0.011756
5.76	-0.0065156
5.77	-0.00080942
5.78	0.00498
5.79	0.0098634
5.8	0.013088
5.81	0.013738
5.82	0.011453
5.83	0.0070212
5.84	0.00092231
5.85	-0.0062417
5.86	-0.012617
5.87	-0.016352
5.88	-0.017196
5.89	-0.016916
5.9	-0.01758
5.91	-0.019527
5.92	-0.021713
5.93	-0.023001
5.94	-0.023177
5.95	-0.022922
5.96	-0.022786
5.97	-0.022278
5.98	-0.020623
5.99	-0.017782
6	-0.0141
6.01	-0.010729
6.02	-0.0079085
6.03	-0.0031
6.04	0.0063995
6.05	0.020061
6.06	0.034488
6.07	0.046428
6.08	0.053988
6.09	0.056998
6.1	0.057283
6.11	0.056745
6.12	0.055388
6.13	0.052542
6.14	0.048539
6.15	0.044365
6.16	0.040364
6.17	0.035728
6.18	0.028973
6.19	0.0201
6.2	0.012167
6.21	0.0074588
6.22	0.004906
6.23	0.002658
6.24	-0.00029277
6.25	-0.0038033
6.26	-0.0071794
6.27	-0.010395
6.28	-0.01419
6.29	-0.019129
6.3	-0.024239
6.31	-0.02816
6.32	-0.031012
6.33	-0.033295
6.34	-0.034494
6.35	-0.03354
6.36	-0.02994
6.37	-0.024074
6.38	-0.016639
6.39	-0.0083443
6.4	-5.2645e-05
6.41	0.0070876
6.42	0.01211
6.43	0.014641
6.44	0.014487
6.45	0.012093
6.46	0.0087949
6.47	0.0057596
6.48	0.00327
6.49	0.00091744
6.5	-0.0015575
6.51	-0.0041364
6.52	-0.0069651
6.53	-0.010306
6.54	-0.014243
6.55	-0.018227
6.56	-0.021301
6.57	-0.023079
6.58	-0.023448
6.59	-0.022511
6.6	-0.02096
6.61	-0.019513
6.62	-0.018419
6.63	-0.017386
6.64	-0.015773
6.65	-0.013091
6.66	-0.010225
6.67	-0.0084261
6.68	-0.007577
6.69	-0.0072263
6.7	-0.0075382
6.71	-0.0087246
6.72	-0.010193
6.73	-0.011037
6.74	-0.011283
6.75	-0.011681
6.76	-0.012737
6.77	-0.014337
6.78	-0.016066
6.79	-0.017341
6.8	-0.01719
6.81	-0.015204
6.82	-0.012437
6.83	-0.0095071
6.84	-0.0051475
6.85	0.0014386
6.86	0.0089112
6.87	0.015589
6.88	0.020783
6.89	0.024739
6.9	0.028815
6.91	0.03443
6.92	0.041818
6.93	0.050017
6.94	0.057882
6.95	0.065083
6.96	0.070858
6.97	0.074423
6.98	0.076652
6.99	0.07866
7	0.080614
7.01	0.082868
7.02	0.086174
7.03	0.090567
7.04	0.09612
7.05	0.10337
7.06	0.11139
7.07	0.11803
7.08	0.12163
7.09	0.12235
7.1	0.12255
7.11	0.12432
7.12	0.12746
7.13	0.12996
7.14	0.13008
7.15	0.128
7.16	0.12517
7.17	0.12278
7.18	0.1204
7.19	0.11696
7.2	0.1127
7.21	0.10787
7.22	0.1022
7.23	0.095329
7.24	0.086549
7.25	0.075608
7.26	0.063124
7.27	0.05039
7.28	0.03836
7.29	0.026314
7.3	0.01332
7.31	-0.00038873
7.32	-0.014306
7.33	-0.027723
7.34	-0.039857
7.35	-0.051174
7.36	-0.063939
7.37	-0.07894
7.38	-0.093481
7.39	-0.10401
7.4	-0.10894
7.41	-0.11054
7.42	-0.1128
7.43	-0.11774
7.44	-0.12474
7.45	-0.13182
7.46	-0.138
7.47	-0.1435
7.48	-0.14755
7.49	-0.14874
7.5	-0.14666
7.51	-0.14209
7.52	-0.13569
7.53	-0.1278
7.54	-0.12008
7.55	-0.11485
7.56	-0.11237
7.57	-0.1114
7.58	-0.11228
7.59	-0.11697
7.6	-0.12667
7.61	-0.13992
7.62	-0.15376
7.63	-0.16658
7.64	-0.17862
7.65	-0.19136
7.66	-0.20595
7.67	-0.22135
7.68	-0.23514
7.69	-0.24568
7.7	-0.25303
7.71	-0.25869
7.72	-0.26445
7.73	-0.27021
7.74	-0.27307
7.75	-0.26986
7.76	-0.26004
7.77	-0.24523
7.78	-0.22685
7.79	-0.20561
7.8	-0.18207
7.81	-0.15682
7.82	-0.13011
7.83	-0.10164
7.84	-0.071351
7.85	-0.041065
7.86	-0.013785
7.87	0.0093073
7.88	0.028674
7.89	0.043892
7.9	0.053844
7.91	0.059488
7.92	0.063233
7.93	0.066089
7.94	0.068282
7.95	0.070615
7.96	0.073725
7.97	0.077744
7.98	0.083729
7.99	0.093288
8	0.1061
8.01	0.11989
8.02	0.1323
8.03	0.14181
8.04	0.14857
8.05	0.15339
8.06	0.15616
8.07	0.15685
8.08	0.15593
8.09	0.15335
8.1	0.14902
8.11	0.14361
8.12	0.13834
8.13	0.134
8.14	0.13035
8.15	0.12748
8.16	0.12605
8.17	0.12604
8.18	0.12741
8.19	0.13095
8.2	0.13777
8.21	0.14765
8.22	0.15897
8.23	0.17018
8.24	0.18018
8.25	0.18849
8.26	0.19466
8.27	0.19872
8.28	0.20159
8.29	0.2038
8.3	0.2047
8.31	0.20305
8.32	0.19917
8.33	0.19482
8.34	0.19183
8.35	0.19074
8.36	0.18964
8.37	0.18661
8.38	0.18169
8.39	0.17553
8.4	0.16818
8.41	0.15928
8.42	0.14843
8.43	0.1356
8.44	0.12171
8.45	0.10845
8.46	0.097211
8.47	0.087632
8.48	0.076856
8.49	0.061492
8.5	0.041807
8.51	0.021253
8.52	0.0020291
8.53	-0.015829
8.54	-0.033274
8.55	-0.052206
8.56	-0.074302
8.57	-0.098883
8.58	-0.12351
8.59	-0.1459
8.6	-0.16511
8.61	-0.18139
8.62	-0.19567
8.63	-0.2091
8.64	-0.22171
8.65	-0.23238
8.66	-0.23873
8.67	-0.23848
8.68	-0.23254
8.69	-0.22374
8.7	-0.21382
8.71	-0.20376
8.72	-0.19437
8.73	-0.18646
8.74	-0.18045
8.75	-0.17536
8.76	-0.16993
8.77	-0.16387
8.78	-0.15764
8.79	-0.15143
8.8	-0.1456
8.81	-0.14105
8.82	-0.13834
8.83	-0.13688
8.84	-0.13537
8.85	-0.13305
8.86	-0.13015
8.87	-0.12689
8.88	-0.12303
8.89	-0.11867
8.9	-0.1138
8.91	-0.10814
8.92	-0.10172
8.93	-0.094297
8.94	-0.084884
8.95	-0.072146
8.96	-0.055961
8.97	-0.038201
8.98	-0.020717
8.99	-0.0038975
9	0.012339
9.01	0.027844
9.02	0.042328
9.03	0.055382
9.04	0.06708
9.05	0.077549
9.06	0.086729
9.07	0.094994
9.08	0.10246
9.09	0.10866
9.1	0.11276
9.11	0.11406
9.12	0.11275
9.13	0.10963
9.14	0.10521
9.15	0.099922
9.16	0.09444
9.17	0.089263
9.18	0.084449
9.19	0.08029
9.2	0.076759
9.21	0.072919
9.22	0.068494
9.23	0.064302
9.24	0.061526
9.25	0.061492
9.26	0.06615
9.27	0.078348
9.28	0.097927
9.29	0.12067
9.3	0.14406
9.31	0.16842
9.32	0.19345
9.33	0.218
9.34	0.24147
9.35	0.26295
9.36	0.28088
9.37	0.2951
9.38	0.30507
9.39	0.30814
9.4	0.30328
9.41	0.29233
9.42	0.27765
9.43	0.26116
9.44	0.24435
9.45	0.22816
9.46	0.21249
9.47	0.19651
9.48	0.17926
9.49	0.16
9.5	0.13949
9.51	0.11953
9.52	0.10074
9.53	0.082321
9.54	0.063878
9.55	0.046177
9.56	0.02921
9.57	0.012238
9.58	-0.0040366
9.59	-0.019144
9.6	-0.034173
9.61	-0.04935
9.62	-0.063638
9.63	-0.076692
9.64	-0.088635
9.65	-0.099392
9.66	-0.10852
9.67	-0.11624
9.68	-0.12358
9.69	-0.1307
9.7	-0.13679
9.71	-0.14197
9.72	-0.14758
9.73	-0.15422
9.74	-0.16164
9.75	-0.16928
9.76	-0.17716
9.77	-0.18628
9.78	-0.19706
9.79	-0.20852
9.8	-0.21919
9.81	-0.22893
9.82	-0.23902
9.83	-0.24972
9.84	-0.25952
9.85	-0.26689
9.86	-0.27031
9.87	-0.2689
9.88	-0.26357
9.89	-0.25656
9.9	-0.24973
9.91	-0.24342
9.92	-0.23711
9.93	-0.23049
9.94	-0.22367
9.95	-0.21659
9.96	-0.20924
9.97	-0.20178
9.98	-0.19365
9.99	-0.18383
10	-0.17159
10.01	-0.15694
10.02	-0.14101
10.03	-0.12519
10.04	-0.11012
10.05	-0.09544
10.06	-0.08097
10.07	-0.066452
10.08	-0.050661
10.09	-0.033131
10.1	-0.014191
10.11	0.0057791
10.12	0.025404
10.13	0.043287
10.14	0.058616
10.15	0.070616
10.16	0.079777
10.17	0.08712
10.18	0.092429
10.19	0.096475
10.2	0.1013
10.21	0.10684
10.22	0.11164
10.23	0.11554
10.24	0.11887
10.25	0.12132
10.26	0.12255
10.27	0.12294
10.28	0.12283
10.29	0.12214
10.3	0.12087
10.31	0.11858
10.32	0.11515
10.33	0.11143
10.34	0.10875
10.35	0.10806
10.36	0.11035
10.37	0.11586
10.38	0.12286
10.39	0.12874
10.4	0.13206
10.41	0.13437
10.42	0.1386
10.43	0.14596
10.44	0.1551
10.45	0.16352
10.46	0.16961
10.47	0.17372
10.48	0.17709
10.49	0.17992
10.5	0.18175
10.51	0.18201
10.52	0.17993
10.53	0.17551
10.54	0.17005
10.55	0.16442
10.56	0.15816
10.57	0.15097
10.58	0.14334
10.59	0.13582
10.6	0.12819
10.61	0.11998
10.62	0.11166
10.63	0.10275
10.64	0.090116
10.65	0.07026
10.66	0.042441
10.67	0.0079571
10.68	-0.032694
10.69	-0.079456
10.7	-0.13092
10.71	-0.18392
10.72	-0.2337
10.73	-0.27523
10.74	-0.30569
10.75	-0.32493
10.76	-0.33328
10.77	-0.33155
10.78	-0.32254
10.79	-0.30938
10.8	-0.29248
10.81	-0.27057
10.82	-0.2435
10.83	-0.21222
10.84	-0.17705
10.85	-0.13853
10.86	-0.098443
10.87	-0.059497
10.88	-0.024619
10.89	0.0039204
10.9	0.023829
10.91	0.033881
10.92	0.035531
10.93	0.031251
10.94	0.022576
10.95	0.010687
10.96	-0.0024378
10.97	-0.015203
10.98	-0.027362
10.99	-0.038856
11	-0.049056
11.01	-0.057294
11.02	-0.064116
11.03	-0.070842
11.04	-0.07719
11.05	-0.082123
11.06	-0.085583
11.07	-0.087579
11.08	-0.088232
11.09	-0.087889
11.1	-0.0862
11.11	-0.082174
11.12	-0.073882
11.13	-0.058138
11.14	-0.033444
11.15	-0.003842
11.16	0.022038
11.17	0.037016
11.18	0.040544
11.19	0.03758
11.2	0.032016
11.21	0.025071
11.22	0.019099
11.23	0.016344
11.24	0.017009
11.25	0.020454
11.26	0.027378
11.27	0.039837
11.28	0.057703
11.29	0.078235
11.3	0.099098
11.31	0.11991
11.32	0.14077
11.33	0.16155
11.34	0.18229
11.35	0.2031
11.36	0.22389
11.37	0.2426
11.38	0.25545
11.39	0.25958
11.4	0.2549
11.41	0.24417
11.42	0.22954
11.43	0.21052
11.44	0.18747
11.45	0.16196
11.46	0.134
11.47	0.10258
11.48	0.068298
11.49	0.03383
11.5	0.0015485
11.51	-0.027766
11.52	-0.053567
11.53	-0.074786
11.54	-0.090883
11.55	-0.10238
11.56	-0.11032
11.57	-0.11538
11.58	-0.11807
11.59	-0.11944
11.6	-0.12053
11.61	-0.12166
11.62	-0.12232
11.63	-0.12197
11.64	-0.12086
11.65	-0.11941
11.66	-0.11773
11.67	-0.1159
11.68	-0.11398
11.69	-0.11145
11.7	-0.10763
11.71	-0.10267
11.72	-0.0979
11.73	-0.094235
11.74	-0.091141
11.75	-0.087848
11.76	-0.08424
11.77	-0.080395
11.78	-0.076501
11.79	-0.073306
11.8	-0.071988
11.81	-0.073957
11.82	-0.07942
11.83	-0.085195
11.84	-0.087031
11.85	-0.084742
11.86	-0.081302
11.87	-0.078487
11.88	-0.076315
11.89	-0.073828
11.9	-0.070294
11.91	-0.065921
11.92	-0.061012
11.93	-0.055643
11.94	-0.049326
11.95	-0.039819
11.96	-0.024113
11.97	-0.0020776
11.98	0.023343
11.99	0.04808
12	0.068121
12.01	0.081738
12.02	0.089922
12.03	0.09466
12.04	0.098238
12.05	0.1028
12.06	0.10894
12.07	0.11579
12.08	0.12308
12.09	0.13094
12.1	0.13902
12.11	0.1475
12.12	0.15621
12.13	0.16413
12.14	0.16957
12.15	0.17047
12.16	0.16698
12.17	0.16109
12.18	0.15424
12.19	0.14715
12.2	0.14024
12.21	0.13362
12.22	0.12725
12.23	0.12097
12.24	0.11399
12.25	0.10499
12.26	0.092301
12.27	0.075148
12.28	0.054536
12.29	0.031841
12.3	0.0084537
12.31	-0.014459
12.32	-0.03674
12.33	-0.057767
12.34	-0.075732
12.35	-0.089732
12.36	-0.1005
12.37	-0.1097
12.38	-0.11918
12.39	-0.12921
12.4	-0.13913
12.41	-0.14763
12.42	-0.152
12.43	-0.15103
12.44	-0.14657
12.45	-0.14094
12.46	-0.13506
12.47	-0.12798
12.48	-0.11802
12.49	-0.10431
12.5	-0.086762
12.51	-0.066169
12.52	-0.044203
12.53	-0.021825
12.54	0.00089701
12.55	0.023455
12.56	0.044726
12.57	0.063812
12.58	0.080361
12.59	0.094517
12.6	0.10661
12.61	0.11652
12.62	0.12425
12.63	0.13004
12.64	0.13366
12.65	0.13475
12.66	0.13385
12.67	0.13171
12.68	0.12816
12.69	0.12294
12.7	0.11666
12.71	0.10979
12.72	0.10208
12.73	0.092989
12.74	0.081615
12.75	0.06717
12.76	0.049793
12.77	0.030707
12.78	0.011289
12.79	-0.0078676
12.8	-0.026067
12.81	-0.042861
12.82	-0.058799
12.83	-0.074011
12.84	-0.087709
12.85	-0.099903
12.86	-0.11111
12.87	-0.12057
12.88	-0.12729
12.89	-0.13158
12.9	-0.13452
12.91	-0.13715
12.92	-0.13995
12.93	-0.14287
12.94	-0.14496
12.95	-0.14456
12.96	-0.1411
12.97	-0.13509
12.98	-0.12666
12.99	-0.11591
13	-0.10349
13.01	-0.089939
13.02	-0.074934
13.03	-0.057918
13.04	-0.038721
13.05	-0.017349
13.06	0.0060229
13.07	0.030929
13.08	0.056612
13.09	0.082176
13.1	0.10663
13.11	0.12881
13.12	0.14705
13.13	0.15966
13.14	0.16618
13.15	0.16777
13.16	0.16636
13.17	0.16351
13.18	0.15962
13.19	0.15446
13.2	0.14801
13.21	0.14026
13.22	0.13034
13.23	0.11647
13.24	0.098071
13.25	0.076502
13.26	0.054451
13.27	0.034989
13.28	0.01925
13.29	0.0061761
13.3	-0.0049893
13.31	-0.01472
13.32	-0.024302
13.33	-0.033853
13.34	-0.041823
13.35	-0.047052
13.36	-0.049972
13.37	-0.051794
13.38	-0.053056
13.39	-0.053856
13.4	-0.054301
13.41	-0.054103
13.42	-0.053133
13.43	-0.052009
13.44	-0.050967
13.45	-0.049502
13.46	-0.047138
13.47	-0.043391
13.48	-0.037358
13.49	-0.028275
13.5	-0.017479
13.51	-0.0074058
13.52	0.0016048
13.53	0.010553
13.54	0.0192
13.55	0.026187
13.56	0.03063
13.57	0.032528
13.58	0.032304
13.59	0.030239
13.6	0.026035
13.61	0.018901
13.62	0.0084836
13.63	-0.0036959
13.64	-0.015196
13.65	-0.02554
13.66	-0.035606
13.67	-0.04442
13.68	-0.050239
13.69	-0.053287
13.7	-0.054613
13.71	-0.05465
13.72	-0.053299
13.73	-0.0503
13.74	-0.045864
13.75	-0.040739
13.76	-0.035728
13.77	-0.031362
13.78	-0.027882
13.79	-0.025187
13.8	-0.022861
13.81	-0.020774
13.82	-0.019272
13.83	-0.018742
13.84	-0.018994
13.85	-0.019255
13.86	-0.018729
13.87	-0.016993
13.88	-0.014353
13.89	-0.011305
13.9	-0.0083936
13.91	-0.0061591
13.92	-0.0040984
13.93	-0.0013542
13.94	0.0019295
13.95	0.0048649
13.96	0.0063565
13.97	0.0059807
13.98	0.0046407
13.99	0.0033021
14	0.0018756
14.01	0.00020865
14.02	-0.0015555
14.03	-0.0037795
14.04	-0.0063521
14.05	-0.0085713
14.06	-0.010681
14.07	-0.013252
14.08	-0.016311
14.09	-0.020385
14.1	-0.026481
14.11	-0.03456
14.12	-0.043417
14.13	-0.052192
14.14	-0.060485
14.15	-0.067385
14.16	-0.072066
14.17	-0.074484
14.18	-0.075467
14.19	-0.075948
14.2	-0.075893
14.21	-0.074926
14.22	-0.073313
14.23	-0.07137
14.24	-0.068684
14.25	-0.064723
14.26	-0.059292
14.27	-0.052203
14.28	-0.042876
14.29	-0.031309
14.3	-0.018141
14.31	-0.0040439
14.32	0.0093016
14.33	0.02072
14.34	0.031725
14.35	0.044438
14.36	0.058143
14.37	0.069895
14.38	0.077557
14.39	0.08089
14.4	0.081371
14.41	0.080735
14.42	0.079244
14.43	0.076481
14.44	0.072605
14.45	0.068237
14.46	0.064033
14.47	0.059719
14.48	0.054685
14.49	0.049262
14.5	0.043654
14.51	0.037676
14.52	0.031526
14.53	0.025303
14.54	0.018908
14.55	0.012254
14.56	0.0048948
14.57	-0.0034403
14.58	-0.012153
14.59	-0.019872
14.6	-0.025072
14.61	-0.027178
14.62	-0.026847
14.63	-0.025216
14.64	-0.022955
14.65	-0.020374
14.66	-0.017852
14.67	-0.015307
14.68	-0.012345
14.69	-0.0087513
14.7	-0.0041125
14.71	0.0010838
14.72	0.0053842
14.73	0.0086296
14.74	0.01111
14.75	0.012288
14.76	0.0122
14.77	0.011733
14.78	0.011335
14.79	0.010634
14.8	0.0093742
14.81	0.00833
14.82	0.008334
14.83	0.0095395
14.84	0.012212
14.85	0.015832
14.86	0.019537
14.87	0.023819
14.88	0.029144
14.89	0.035186
14.9	0.041177
14.91	0.0461
14.92	0.049741
14.93	0.052486
14.94	0.054472
14.95	0.055842
14.96	0.056642
14.97	0.055847
14.98	0.052651
14.99	0.048244
15	0.04354
15.01	0.038101
15.02	0.031801
15.03	0.025021
15.04	0.018412
15.05	0.012766
15.06	0.0082219
15.07	0.0039207
15.08	-0.00036139
15.09	-0.003376
15.1	-0.0044058
15.11	-0.0042168
15.12	-0.003922
15.13	-0.0038133
15.14	-0.0034897
15.15	-0.0024812
15.16	-0.00030904
15.17	0.0024261
15.18	0.0047312
15.19	0.0069162
15.2	0.0091217
15.21	0.010767
15.22	0.011772
15.23	0.012228
15.24	0.011853
15.25	0.010473
15.26	0.0082139
15.27	0.0054187
15.28	0.0024979
15.29	-0.00023176
15.3	-0.0027564
15.31	-0.0056157
15.32	-0.0093342
15.33	-0.013437
15.34	-0.017713
15.35	-0.023672
15.36	-0.031704
15.37	-0.040084
15.38	-0.047719
15.39	-0.054067
15.4	-0.058569
15.41	-0.06164
15.42	-0.06407
15.43	-0.066116
15.44	-0.067838
15.45	-0.069891
15.46	-0.072473
15.47	-0.074303
15.48	-0.074938
15.49	-0.075039
15.5	-0.074607
15.51	-0.073736
15.52	-0.072845
15.53	-0.071786
15.54	-0.069636
15.55	-0.065254
15.56	-0.058793
15.57	-0.051149
15.58	-0.041947
15.59	-0.030872
15.6	-0.019049
15.61	-0.0071097
15.62	0.0050962
15.63	0.017137
15.64	0.028232
15.65	0.037629
15.66	0.045167
15.67	0.051125
15.68	0.055883
15.69	0.060562
15.7	0.065847
15.71	0.071144
15.72	0.075465
15.73	0.078098
15.74	0.078889
15.75	0.07796
15.76	0.075229
15.77	0.070398
15.78	0.063926
15.79	0.056604
15.8	0.048588
15.81	0.040159
15.82	0.032076
15.83	0.025422
15.84	0.021017
15.85	0.018736
15.86	0.018136
15.87	0.019173
15.88	0.021815
15.89	0.025437
15.9	0.029558
15.91	0.034707
15.92	0.040695
15.93	0.045457
15.94	0.047988
15.95	0.049553
15.96	0.050911
15.97	0.05165
15.98	0.051452
15.99	0.050616
16	0.049471
16.01	0.047853
16.02	0.045878
16.03	0.043787
16.04	0.041326
16.05	0.038155
16.06	0.033879
16.07	0.027984
16.08	0.020217
16.09	0.011
16.1	0.0013242
16.11	-0.0079296
16.12	-0.015642
16.13	-0.020765
16.14	-0.023866
16.15	-0.026303
16.16	-0.028406
16.17	-0.029938
16.18	-0.031142
16.19	-0.032603
16.2	-0.034839
16.21	-0.038334
16.22	-0.043222
16.23	-0.048688
16.24	-0.053288
16.25	-0.055908
16.26	-0.056737
16.27	-0.056626
16.28	-0.055858
16.29	-0.054235
16.3	-0.051724
16.31	-0.049018
16.32	-0.047265
16.33	-0.047178
16.34	-0.048662
16.35	-0.051554
16.36	-0.055685
16.37	-0.059569
16.38	-0.061416
16.39	-0.061431
16.4	-0.060551
16.41	-0.059024
16.42	-0.05701
16.43	-0.055202
16.44	-0.054351
16.45	-0.054329
16.46	-0.054688
16.47	-0.055089
16.48	-0.054955
16.49	-0.053626
16.5	-0.050976
16.51	-0.047809
16.52	-0.045054
16.53	-0.042531
16.54	-0.039183
16.55	-0.03499
16.56	-0.031004
16.57	-0.027437
16.58	-0.024079
16.59	-0.020977
16.6	-0.018003
16.61	-0.014777
16.62	-0.010903
16.63	-0.0063772
16.64	-0.0017179
16.65	0.0022461
16.66	0.0054193
16.67	0.0084271
16.68	0.01143
16.69	0.014912
16.7	0.01952
16.71	0.024422
16.72	0.028627
16.73	0.032329
16.74	0.035936
16.75	0.039712
16.76	0.044145
16.77	0.049355
16.78	0.054315
16.79	0.058594
16.8	0.062935
16.81	0.06699
16.82	0.069773
16.83	0.071348
16.84	0.072542
16.85	0.073881
16.86	0.075194
16.87	0.076143
16.88	0.07684
16.89	0.077345
16.9	0.076807
16.91	0.074788
16.92	0.071901
16.93	0.068538
16.94	0.064905
16.95	0.061423
16.96	0.058061
16.97	0.054295
16.98	0.049974
16.99	0.045168
17	0.040069
17.01	0.034502
17.02	0.027168
17.03	0.017466
17.04	0.0066346
17.05	-0.0035425
17.06	-0.011266
17.07	-0.015885
17.08	-0.01889
17.09	-0.021781
17.1	-0.024379
17.11	-0.026117
17.12	-0.027222
17.13	-0.028039
17.14	-0.028591
17.15	-0.028701
17.16	-0.028153
17.17	-0.027452
17.18	-0.027106
17.19	-0.026818
17.2	-0.026481
17.21	-0.026274
17.22	-0.026391
17.23	-0.026927
17.24	-0.027685
17.25	-0.028607
17.26	-0.02958
17.27	-0.030509
17.28	-0.031565
17.29	-0.03278
17.3	-0.034163
17.31	-0.035723
17.32	-0.037005
17.33	-0.037491
17.34	-0.037211
17.35	-0.036372
17.36	-0.035036
17.37	-0.033395
17.38	-0.031766
17.39	-0.030158
17.4	-0.028407
17.41	-0.026469
17.42	-0.024283
17.43	-0.021747
17.44	-0.018967
17.45	-0.016127
17.46	-0.013178
17.47	-0.010267
17.48	-0.0078495
17.49	-0.0064514
17.5	-0.006128
17.51	-0.0061165
17.52	-0.0058448
17.53	-0.0052799
17.54	-0.0046295
17.55	-0.0043337
17.56	-0.0044479
17.57	-0.0046857
17.58	-0.0048568
17.59	-0.0047113
17.6	-0.004159
17.61	-0.0031677
17.62	-0.0015077
17.63	0.00084769
17.64	0.0039381
17.65	0.0078999
17.66	0.012073
17.67	0.015239
17.68	0.017157
17.69	0.018966
17.7	0.021689
17.71	0.024896
17.72	0.027563
17.73	0.029537
17.74	0.031438
17.75	0.033361
17.76	0.034832
17.77	0.036015
17.78	0.03721
17.79	0.03812
17.8	0.038224
17.81	0.03722
17.82	0.03522
17.83	0.032872
17.84	0.030829
17.85	0.028626
17.86	0.025708
17.87	0.022715
17.88	0.020076
17.89	0.017498
17.9	0.014815
17.91	0.012268
17.92	0.010018
17.93	0.0077144
17.94	0.0055688
17.95	0.004084
17.96	0.0032316
17.97	0.0026794
17.98	0.0018536
17.99	0.00065148
18	-0.00082561
18.01	-0.0026303
18.02	-0.004551
18.03	-0.0065237
18.04	-0.0086559
18.05	-0.01099
18.06	-0.013252
18.07	-0.015235
18.08	-0.017323
18.09	-0.019696
18.1	-0.02185
18.11	-0.023166
18.12	-0.023709
18.13	-0.023822
18.14	-0.023906
18.15	-0.024774
18.16	-0.0266
18.17	-0.028925
18.18	-0.0315
18.19	-0.034168
18.2	-0.036448
18.21	-0.038205
18.22	-0.04037
18.23	-0.043449
18.24	-0.046791
18.25	-0.049504
18.26	-0.051461
18.27	-0.053494
18.28	-0.055868
18.29	-0.057633
18.3	-0.057686
18.31	-0.055946
18.32	-0.0539
18.33	-0.052424
18.34	-0.050325
18.35	-0.046806
18.36	-0.042507
18.37	-0.038236
18.38	-0.034159
18.39	-0.030025
18.4	-0.026042
18.41	-0.02273
18.42	-0.019924
18.43	-0.017185
18.44	-0.014481
18.45	-0.012034
18.46	-0.0099501
18.47	-0.0079966
18.48	-0.0062805
18.49	-0.0052443
18.5	-0.0049006
18.51	-0.004524
18.52	-0.0035824
18.53	-0.0024265
18.54	-0.0014088
18.55	-0.00052475
18.56	0.00076892
18.57	0.00316
18.58	0.0062052
18.59	0.009033
18.6	0.011696
18.61	0.014667
18.62	0.017945
18.63	0.021137
18.64	0.024207
18.65	0.027393
18.66	0.030449
18.67	0.03286
18.68	0.034257
18.69	0.034825
18.7	0.035328
18.71	0.036084
18.72	0.036888
18.73	0.037577
18.74	0.038017
18.75	0.038036
18.76	0.037528
18.77	0.03676
18.78	0.036301
18.79	0.036391
18.8	0.036846
18.81	0.037391
18.82	0.037427
18.83	0.03688
18.84	0.036606
18.85	0.036652
18.86	0.036135
18.87	0.034822
18.88	0.033028
18.89	0.030816
18.9	0.028269
18.91	0.025974
18.92	0.024653
18.93	0.024403
18.94	0.02474
18.95	0.025389
18.96	0.026584
18.97	0.028166
18.98	0.029375
18.99	0.030116
19	0.031184
19.01	0.03307
19.02	0.035539
19.03	0.038094
19.04	0.040824
19.05	0.043988
19.06	0.047247
19.07	0.050251
19.08	0.052517
19.09	0.053806
19.1	0.054676
19.11	0.055905
19.12	0.057518
19.13	0.058866
19.14	0.059615
19.15	0.059688
19.16	0.05919
19.17	0.058308
19.18	0.056963
19.19	0.055177
19.2	0.053138
19.21	0.050471
19.22	0.046522
19.23	0.041218
19.24	0.034609
19.25	0.027014
19.26	0.019491
19.27	0.012579
19.28	0.0058771
19.29	-0.00066142
19.3	-0.0066745
19.31	-0.012237
19.32	-0.01797
19.33	-0.023984
19.34	-0.029284
19.35	-0.033294
19.36	-0.036482
19.37	-0.039355
19.38	-0.041943
19.39	-0.043908
19.4	-0.045265
19.41	-0.046668
19.42	-0.048533
19.43	-0.05076
19.44	-0.053356
19.45	-0.056369
19.46	-0.059099
19.47	-0.06063
19.48	-0.06095
19.49	-0.060466
19.5	-0.059315
19.51	-0.05778
19.52	-0.05637
19.53	-0.054927
19.54	-0.053044
19.55	-0.051035
19.56	-0.049528
19.57	-0.048817
19.58	-0.048453
19.59	-0.047923
19.6	-0.047275
19.61	-0.046353
19.62	-0.044658
19.63	-0.042049
19.64	-0.038778
19.65	-0.034919
19.66	-0.030202
19.67	-0.024906
19.68	-0.019886
19.69	-0.015018
19.7	-0.0095963
19.71	-0.0041756
19.72	0.00017268
19.73	0.0032311
19.74	0.0053328
19.75	0.0069847
19.76	0.0084155
19.77	0.0091916
19.78	0.0091387
19.79	0.0087562
19.8	0.0084811
19.81	0.0083264
19.82	0.0078396
19.83	0.0068507
19.84	0.0061964
19.85	0.0066329
19.86	0.0076765
19.87	0.0085
19.88	0.0088024
19.89	0.0087032
19.9	0.0084867
19.91	0.008228
19.92	0.0081128
19.93	0.0082648
19.94	0.0080697
19.95	0.0072709
19.96	0.0066739
19.97	0.0068511
19.98	0.0078137
19.99	0.0090583
20	0.0095812
20.01	0.0092303
20.02	0.0087952
20.03	0.0088197
20.04	0.0091181
20.05	0.0091564
20.06	0.0088019
20.07	0.0085601
20.08	0.0087784
20.09	0.0092214
20.1	0.0098975
20.11	0.010633
20.12	0.011169
20.13	0.011831
20.14	0.012787
20.15	0.013885
20.16	0.014806
20.17	0.015447
20.18	0.01594
20.19	0.016479
20.2	0.017438
20.21	0.018685
20.22	0.019247
20.23	0.018657
20.24	0.017569
20.25	0.016249
20.26	0.014156
20.27	0.011135
20.28	0.007926
20.29	0.0052428
20.3	0.0028568
20.31	0.00039223
20.32	-0.0021761
20.33	-0.0048429
20.34	-0.0070532
20.35	-0.008431
20.36	-0.0095535
20.37	-0.010458
20.38	-0.010895
20.39	-0.011442
20.4	-0.012179
20.41	-0.012757
20.42	-0.013517
20.43	-0.014739
20.44	-0.016275
20.45	-0.017959
20.46	-0.019671
20.47	-0.021507
20.48	-0.023685
20.49	-0.025861
20.5	-0.027357
20.51	-0.028246
20.52	-0.028845
20.53	-0.028839
20.54	-0.027841
20.55	-0.025903
20.56	-0.023308
20.57	-0.020431
20.58	-0.017693
20.59	-0.015213
20.6	-0.012909
20.61	-0.010801
20.62	-0.008746
20.63	-0.0067093
20.64	-0.0047634
20.65	-0.0028258
20.66	-0.0012107
20.67	-0.00046983
20.68	-0.00095561
20.69	-0.0023686
20.7	-0.0039555
20.71	-0.0057176
20.72	-0.0078949
20.73	-0.010207
20.74	-0.012198
20.75	-0.013701
20.76	-0.015098
20.77	-0.016474
20.78	-0.0174
20.79	-0.017695
20.8	-0.01735
20.81	-0.016617
20.82	-0.015733
20.83	-0.014338
20.84	-0.012393
20.85	-0.010453
20.86	-0.0085108
20.87	-0.0059099
20.88	-0.0026337
20.89	0.00044081
20.9	0.0028583
20.91	0.0048854
20.92	0.0066944
20.93	0.0083173
20.94	0.010032
20.95	0.011843
20.96	0.013304
20.97	0.014164
20.98	0.01459
20.99	0.015195
21	0.015969
21.01	0.015693
21.02	0.013821
21.03	0.011329
21.04	0.0088801
21.05	0.0060927
21.06	0.0029375
21.07	-3.7537e-05
21.08	-0.0024818
21.09	-0.0044616
21.1	-0.0060853
21.11	-0.0069488
21.12	-0.0068474
21.13	-0.0062787
21.14	-0.0059793
21.15	-0.0061042
21.16	-0.0058722
21.17	-0.0050351
21.18	-0.0042956
21.19	-0.0038994
21.2	-0.0031341
21.21	-0.0018305
21.22	-0.00079704
21.23	-0.00037941
21.24	-0.00052757
21.25	-0.0012503
21.26	-0.0024794
21.27	-0.0040347
21.28	-0.0057625
21.29	-0.0073072
21.3	-0.0076444
21.31	-0.0066112
21.32	-0.0055918
21.33	-0.0054147
21.34	-0.0056969
21.35	-0.0058427
21.36	-0.0054022
21.37	-0.0043275
21.38	-0.0032013
21.39	-0.0024627
21.4	-0.0018754
21.41	-0.00098466
21.42	0.00051581
21.43	0.0025858
21.44	0.0049162
21.45	0.0072559
21.46	0.0096597
21.47	0.012233
21.48	0.014951
21.49	0.01783
21.5	0.02051
21.51	0.022624
21.52	0.024457
21.53	0.026049
21.54	0.026917
21.55	0.026773
21.56	0.025787
21.57	0.024366
21.58	0.022818
21.59	0.021294
21.6	0.019693
21.61	0.017836
21.62	0.015877
21.63	0.013905
21.64	0.011888
21.65	0.0099713
21.66	0.008444
21.67	0.0077625
21.68	0.0077508
21.69	0.0077228
21.7	0.0074076
21.71	0.007077
21.72	0.0073127
21.73	0.0083283
21.74	0.0096876
21.75	0.010573
21.76	0.010536
21.77	0.010132
21.78	0.010168
21.79	0.010627
21.8	0.011354
21.81	0.012291
21.82	0.012612
21.83	0.012274
21.84	0.012384
21.85	0.013084
21.86	0.013874
21.87	0.014405
21.88	0.014283
21.89	0.01335
21.9	0.011912
21.91	0.010665
21.92	0.0099679
21.93	0.0095149
21.94	0.0088027
21.95	0.0075705
21.96	0.0061172
21.97	0.0048992
21.98	0.003929
21.99	0.0028718
22	0.0015069
22.01	-0.0001366
22.02	-0.001932
22.03	-0.0035123
22.04	-0.0044584
22.05	-0.0050551
22.06	-0.0059862
22.07	-0.0070816
22.08	-0.0077883
22.09	-0.0083364
22.1	-0.0091887
22.11	-0.01045
22.12	-0.011769
22.13	-0.012609
22.14	-0.013278
22.15	-0.01425
22.16	-0.014868
22.17	-0.014611
22.18	-0.014214
22.19	-0.01416
22.2	-0.013784
22.21	-0.012683
22.22	-0.011285
22.23	-0.010244
22.24	-0.0095605
22.25	-0.0086801
22.26	-0.007639
22.27	-0.0066598
22.28	-0.0055264
22.29	-0.0043111
22.3	-0.0029487
22.31	-0.001072
22.32	0.0006697
22.33	0.0014622
22.34	0.0017146
22.35	0.0024248
22.36	0.0036716
22.37	0.0047786
22.38	0.0058254
22.39	0.0069505
22.4	0.0074979
22.41	0.0072389
22.42	0.0066895
22.43	0.0064874
22.44	0.0068377
22.45	0.0071397
22.46	0.006948
22.47	0.0064824
22.48	0.0061178
22.49	0.0062578
22.5	0.0068558
22.51	0.0075594
22.52	0.0084671
22.53	0.0094878
22.54	0.01017
22.55	0.01056
22.56	0.010486
22.57	0.0092921
22.58	0.0071833
22.59	0.0044716
22.6	0.00073759
22.61	-0.0036039
22.62	-0.0074817
22.63	-0.010728
22.64	-0.01367
22.65	-0.016483
22.66	-0.019145
22.67	-0.021517
22.68	-0.02321
22.69	-0.023703
22.7	-0.023176
22.71	-0.021905
22.72	-0.019927
22.73	-0.017863
22.74	-0.016122
22.75	-0.014466
22.76	-0.01269
22.77	-0.010706
22.78	-0.0085671
22.79	-0.0063542
22.8	-0.0040982
22.81	-0.0018572
22.82	1.5273e-05
22.83	0.00090232
22.84	0.0011279
22.85	0.0017056
22.86	0.002875
22.87	0.0043052
22.88	0.0053868
22.89	0.0055501
22.9	0.0053399
22.91	0.0056327
22.92	0.005937
22.93	0.0054877
22.94	0.0046735
22.95	0.0038183
22.96	0.0023618
22.97	7.3102e-05
22.98	-0.002844
22.99	-0.0062846
23	-0.0096358
23.01	-0.012513
23.02	-0.015048
23.03	-0.017022
23.04	-0.01851
23.05	-0.01981
23.06	-0.020638
23.07	-0.021032
23.08	-0.021599
23.09	-0.022519
23.1	-0.023552
23.11	-0.024597
23.12	-0.025823
23.13	-0.027316
23.14	-0.028511
23.15	-0.02886
23.16	-0.02888
23.17	-0.028835
23.18	-0.028158
23.19	-0.026639
23.2	-0.024181
23.21	-0.020952
23.22	-0.017625
23.23	-0.014356
23.24	-0.010901
23.25	-0.0073414
23.26	-0.0038934
23.27	-0.00075378
23.28	0.0015101
23.29	0.0025519
23.3	0.0029524
23.31	0.0032113
23.32	0.0029188
23.33	0.0017298
23.34	0.00025006
23.35	-0.00068365
23.36	-0.00078705
23.37	-0.00035002
23.38	0.0002207
23.39	0.00080563
23.4	0.0011983
23.41	0.0010877
23.42	0.00053481
23.43	2.3078e-05
23.44	2.7351e-05
23.45	-1.6905e-05
23.46	-0.00078912
23.47	-0.0014695
23.48	-0.0012302
23.49	-0.00050626
23.5	0.00034908
23.51	0.0017913
23.52	0.0040579
23.53	0.0065594
23.54	0.0085122
23.55	0.0099647
23.56	0.011341
23.57	0.012829
23.58	0.014585
23.59	0.016496
23.6	0.018465
23.61	0.020691
23.62	0.023343
23.63	0.026268
23.64	0.029352
23.65	0.0326
23.66	0.035742
23.67	0.038538
23.68	0.040979
23.69	0.042997
23.7	0.044569
23.71	0.045886
23.72	0.046839
23.73	0.047205
23.74	0.047235
23.75	0.047222
23.76	0.046857
23.77	0.045646
23.78	0.043836
23.79	0.042126
23.8	0.040901
23.81	0.039924
23.82	0.038196
23.83	0.035402
23.84	0.032785
23.85	0.03116
23.86	0.029734
23.87	0.027489
23.88	0.024694
23.89	0.022041
23.9	0.019386
23.91	0.016548
23.92	0.014029
23.93	0.012129
23.94	0.010244
23.95	0.0080367
23.96	0.0058373
23.97	0.003512
23.98	0.00079321
23.99	-0.0021168
24	-0.0050777
24.01	-0.0077912
24.02	-0.0096863
24.03	-0.010935
24.04	-0.012087
24.05	-0.013334
24.06	-0.01446
24.07	-0.015318
24.08	-0.016363
24.09	-0.017414
24.1	-0.0177
24.11	-0.01734
24.12	-0.016929
24.13	-0.016655
24.14	-0.016566
24.15	-0.016685
24.16	-0.016781
24.17	-0.016941
24.18	-0.017407
24.19	-0.017913
24.2	-0.018083
24.21	-0.017881
24.22	-0.017662
24.23	-0.01773
24.24	-0.017975
24.25	-0.017843
24.26	-0.016895
24.27	-0.015658
24.28	-0.014929
24.29	-0.014654
24.3	-0.014083
24.31	-0.012704
24.32	-0.011051
24.33	-0.010059
24.34	-0.0094264
24.35	-0.00798
24.36	-0.0056389
24.37	-0.0031924
24.38	-0.0010308
24.39	0.0010843
24.4	0.0035024
24.41	0.0059315
24.42	0.0078476
24.43	0.0093367
24.44	0.01058
24.45	0.01158
24.46	0.012456
24.47	0.013072
24.48	0.01355
24.49	0.014048
24.5	0.014094
24.51	0.013538
24.52	0.012738
24.53	0.012044
24.54	0.011612
24.55	0.011234
24.56	0.010624
24.57	0.0094781
24.58	0.00772
24.59	0.0059114
24.6	0.0044273
24.61	0.0028928
24.62	0.00089282
24.63	-0.001352
24.64	-0.0035519
24.65	-0.0056407
24.66	-0.0074772
24.67	-0.0094675
24.68	-0.011767
24.69	-0.013582
24.7	-0.014882
24.71	-0.016276
24.72	-0.017503
24.73	-0.018147
24.74	-0.018432
24.75	-0.01892
24.76	-0.019845
24.77	-0.020708
24.78	-0.02145
24.79	-0.022109
24.8	-0.021978
24.81	-0.020923
24.82	-0.019629
24.83	-0.018714
24.84	-0.018209
24.85	-0.017795
24.86	-0.017107
24.87	-0.015949
24.88	-0.014792
24.89	-0.014152
24.9	-0.013917
24.91	-0.013679
24.92	-0.012924
24.93	-0.011605
24.94	-0.010337
24.95	-0.0097678
24.96	-0.010037
24.97	-0.01069
24.98	-0.011249
24.99	-0.011777
25	-0.01269
25.01	-0.013632
25.02	-0.01429
25.03	-0.015143
25.04	-0.015789
25.05	-0.015669
25.06	-0.015397
25.07	-0.015431
25.08	-0.01544
25.09	-0.015339
25.1	-0.015014
25.11	-0.013737
25.12	-0.011793
25.13	-0.010195
25.14	-0.0086551
25.15	-0.0068887
25.16	-0.005264
25.17	-0.0037688
25.18	-0.0024157
25.19	-0.0011243
25.2	0.0002954
25.21	0.0015391
25.22	0.0023132
25.23	0.0028997
25.24	0.0034852
25.25	0.0037105
25.26	0.0031101
25.27	0.0019473
25.28	0.00093473
25.29	0.00032559
25.3	0.00023605
25.31	0.00041105
25.32	0.00033975
25.33	0.00020326
25.34	0.00041009
25.35	0.0007858
25.36	0.00099973
25.37	0.0010251
25.38	0.0010816
25.39	0.0017703
25.4	0.0030153
25.41	0.0038301
25.42	0.0040609
25.43	0.0041135
25.44	0.0040794
25.45	0.0041289
25.46	0.004065
25.47	0.0035677
25.48	0.003035
25.49	0.0026469
25.5	0.0022582
25.51	0.0019268
25.52	0.0016811
25.53	0.0015723
25.54	0.0016677
25.55	0.0021838
25.56	0.0030187
25.57	0.0034846
25.58	0.0037387
25.59	0.0046246
25.6	0.0058832
25.61	0.0070401
25.62	0.0082579
25.63	0.0092236
25.64	0.0096415
25.65	0.0097931
25.66	0.0097028
25.67	0.00904
25.68	0.0076596
25.69	0.0060524
25.7	0.0050901
25.71	0.0050146
25.72	0.0051899
25.73	0.0047271
25.74	0.0035984
25.75	0.0027986
25.76	0.0023385
25.77	0.0012947
25.78	-0.0003894
25.79	-0.0023705
25.8	-0.0044625
25.81	-0.0067042
25.82	-0.0091057
25.83	-0.011172
25.84	-0.012575
25.85	-0.01318
25.86	-0.013197
25.87	-0.013468
25.88	-0.014009
25.89	-0.014018
25.9	-0.013463
25.91	-0.013189
25.92	-0.013632
25.93	-0.013682
25.94	-0.012144
25.95	-0.0098966
25.96	-0.008124
25.97	-0.0063107
25.98	-0.0038987
25.99	-0.0013374
26	0.0010794
26.01	0.0034225
26.02	0.0055552
26.03	0.0074806
26.04	0.0094181
26.05	0.01156
26.06	0.013708
26.07	0.015463
26.08	0.016695
26.09	0.017543
26.1	0.018717
26.11	0.020488
26.12	0.021839
26.13	0.022144
26.14	0.022233
26.15	0.022633
26.16	0.023043
26.17	0.023379
26.18	0.023168
26.19	0.022405
26.2	0.022034
26.21	0.021877
26.22	0.021107
26.23	0.019803
26.24	0.01846
26.25	0.01717
26.26	0.015851
26.27	0.014232
26.28	0.01173
26.29	0.0088064
26.3	0.0063658
26.31	0.0041533
26.32	0.0017866
26.33	-0.00062007
26.34	-0.0027602
26.35	-0.0042893
26.36	-0.0051034
26.37	-0.005362
26.38	-0.0053767
26.39	-0.0052133
26.4	-0.0045887
26.41	-0.0035487
26.42	-0.0026519
26.43	-0.0021247
26.44	-0.0016511
26.45	-0.0010987
26.46	-0.00072583
26.47	-0.00067578
26.48	-0.00054014
26.49	0.00010542
26.5	0.00084238
26.51	0.0010418
26.52	0.0012604
26.53	0.0024406
26.54	0.0037709
26.55	0.0040088
26.56	0.0034473
26.57	0.0027688
26.58	0.0022744
26.59	0.0023329
26.6	0.0030097
26.61	0.0036404
26.62	0.0039163
26.63	0.0041442
26.64	0.0045035
26.65	0.0049499
26.66	0.0052904
26.67	0.0054707
26.68	0.005362
26.69	0.0049279
26.7	0.0046558
26.71	0.0048237
26.72	0.0052758
26.73	0.0061039
26.74	0.007379
26.75	0.0084987
26.76	0.0091431
26.77	0.0098515
26.78	0.01108
26.79	0.012415
26.8	0.013354
26.81	0.014302
26.82	0.015195
26.83	0.015344
26.84	0.014846
26.85	0.014482
26.86	0.014569
26.87	0.014227
26.88	0.012796
26.89	0.010692
26.9	0.0085799
26.91	0.0068698
26.92	0.0051273
26.93	0.0031473
26.94	0.0015377
26.95	0.00031597
26.96	-0.00080783
26.97	-0.0019247
26.98	-0.0027543
26.99	-0.0027585
27	-0.0022702
27.01	-0.0021727
27.02	-0.0026689
27.03	-0.0031255
27.04	-0.0031503
27.05	-0.0032658
27.06	-0.0038616
27.07	-0.0044249
27.08	-0.0044831
27.09	-0.0044367
27.1	-0.0051533
27.11	-0.0066923
27.12	-0.0079941
27.13	-0.008499
27.14	-0.0089369
27.15	-0.0099317
27.16	-0.01104
27.17	-0.011866
27.18	-0.012709
27.19	-0.013748
27.2	-0.014371
27.21	-0.014401
27.22	-0.014798
27.23	-0.015732
27.24	-0.016378
27.25	-0.016759
27.26	-0.017453
27.27	-0.018053
27.28	-0.018074
27.29	-0.017826
27.3	-0.017478
27.31	-0.017226
27.32	-0.017492
27.33	-0.018087
27.34	-0.018265
27.35	-0.01781
27.36	-0.017197
27.37	-0.017017
27.38	-0.017425
27.39	-0.01803
27.4	-0.01872
27.41	-0.019719
27.42	-0.020968
27.43	-0.021977
27.44	-0.022437
27.45	-0.022706
27.46	-0.02291
27.47	-0.023014
27.48	-0.023439
27.49	-0.02407
27.5	-0.02418
27.51	-0.023648
27.52	-0.022882
27.53	-0.021989
27.54	-0.020935
27.55	-0.019861
27.56	-0.01842
27.57	-0.016168
27.58	-0.013751
27.59	-0.011618
27.6	-0.0091945
27.61	-0.0061988
27.62	-0.0030384
27.63	-0.00036561
27.64	0.0014942
27.65	0.0028569
27.66	0.0041968
27.67	0.0051802
27.68	0.0051975
27.69	0.0049534
27.7	0.0056712
27.71	0.0071408
27.72	0.0081735
27.73	0.0085025
27.74	0.0088749
27.75	0.009951
27.76	0.011545
27.77	0.012853
27.78	0.013655
27.79	0.014621
27.8	0.016088
27.81	0.017628
27.82	0.018861
27.83	0.019363
27.84	0.019115
27.85	0.019027
27.86	0.019553
27.87	0.020267
27.88	0.020944
27.89	0.02159
27.9	0.022293
27.91	0.023052
27.92	0.023384
27.93	0.022946
27.94	0.022058
27.95	0.0212
27.96	0.020546
27.97	0.019646
27.98	0.01797
27.99	0.016088
28	0.014807
28.01	0.014039
28.02	0.013304
28.03	0.012306
28.04	0.010901
28.05	0.0093239
28.06	0.0081803
28.07	0.007628
28.08	0.0071346
28.09	0.0061414
28.1	0.0047588
28.11	0.0034937
28.12	0.0024926
28.13	0.0015896
28.14	0.00076832
28.15	7.8284e-05
28.16	-0.0004551
28.17	-0.00071618
28.18	-0.00076431
28.19	-0.00049871
28.2	0.00039542
28.21	0.0014779
28.22	0.0020492
28.23	0.0023712
28.24	0.0030201
28.25	0.0039095
28.26	0.0047496
28.27	0.0053962
28.28	0.0056332
28.29	0.0054819
28.3	0.005253
28.31	0.00503
28.32	0.0046276
28.33	0.0039628
28.34	0.003266
28.35	0.0028735
28.36	0.0030106
28.37	0.0035582
28.38	0.0039151
28.39	0.0041367
28.4	0.0049748
28.41	0.0061406
28.42	0.006739
28.43	0.0066972
28.44	0.0063669
28.45	0.0061898
28.46	0.0065277
28.47	0.0067739
28.48	0.0062249
28.49	0.0052929
28.5	0.0046169
28.51	0.0040943
28.52	0.0029438
28.53	0.00094592
28.54	-0.0011762
28.55	-0.0028732
28.56	-0.0041069
28.57	-0.0050816
28.58	-0.0059977
28.59	-0.006881
28.6	-0.007642
28.61	-0.008489
28.62	-0.0095999
28.63	-0.010454
28.64	-0.010718
28.65	-0.01094
28.66	-0.011534
28.67	-0.012128
28.68	-0.012417
28.69	-0.012256
28.7	-0.011329
28.71	-0.0098982
28.72	-0.0085476
28.73	-0.0075356
28.74	-0.0066563
28.75	-0.0056714
28.76	-0.0049183
28.77	-0.0046251
28.78	-0.0045188
28.79	-0.0043515
28.8	-0.0041256
28.81	-0.0039292
28.82	-0.0038322
28.83	-0.0040775
28.84	-0.0046518
28.85	-0.0050095
28.86	-0.0048793
28.87	-0.0047673
28.88	-0.0052187
28.89	-0.0058248
28.9	-0.0059768
28.91	-0.0057541
28.92	-0.0054753
28.93	-0.0054207
28.94	-0.0057922
28.95	-0.006431
28.96	-0.0068087
28.97	-0.0068684
28.98	-0.0070074
28.99	-0.0071427
29	-0.0070328
29.01	-0.0067324
29.02	-0.0063165
29.03	-0.0056312
29.04	-0.004997
29.05	-0.0051152
29.06	-0.0056446
29.07	-0.0059554
29.08	-0.0060535
29.09	-0.0058425
29.1	-0.0052583
29.11	-0.0047178
29.12	-0.0042341
29.13	-0.0034067
29.14	-0.0025561
29.15	-0.0020829
29.16	-0.0015381
29.17	-0.00090611
29.18	-0.00089013
29.19	-0.001035
29.2	-0.00044031
29.21	0.00059622
29.22	0.0016437
29.23	0.0025957
29.24	0.0030088
29.25	0.0027786
29.26	0.0024553
29.27	0.0024015
29.28	0.0024955
29.29	0.0022734
29.3	0.0015324
29.31	0.00088826
29.32	0.00053913
29.33	-0.00029377
29.34	-0.0014561
29.35	-0.0017152
29.36	-0.00097207
29.37	-0.00030882
29.38	-0.00022924
29.39	-0.00052814
29.4	-0.00088751
29.41	-0.0011234
29.42	-0.0013768
29.43	-0.0016348
29.44	-0.0019332
29.45	-0.0024995
29.46	-0.0032945
29.47	-0.0039859
29.48	-0.0038372
29.49	-0.0031905
29.5	-0.0033167
29.51	-0.0038861
29.52	-0.0039199
29.53	-0.0036473
29.54	-0.0036543
29.55	-0.0039256
29.56	-0.0042919
29.57	-0.0047182
29.58	-0.0048952
29.59	-0.0048882
29.6	-0.0052838
29.61	-0.0058335
29.62	-0.0062184
29.63	-0.0067477
29.64	-0.0072616
29.65	-0.0075818
29.66	-0.0079924
29.67	-0.0087916
29.68	-0.0096629
29.69	-0.0095986
29.7	-0.0084591
29.71	-0.0072084
29.72	-0.0064089
29.73	-0.0057224
29.74	-0.0045569
29.75	-0.003092
29.76	-0.0019504
29.77	-0.001057
29.78	-6.9755e-05
29.79	0.0011088
29.8	0.0026332
29.81	0.0042935
29.82	0.0058314
29.83	0.0073738
29.84	0.0086761
29.85	0.0093512
29.86	0.0098691
29.87	0.010837
29.88	0.012013
29.89	0.012876
29.9	0.013115
29.91	0.012872
29.92	0.012542
29.93	0.012243
29.94	0.012029
29.95	0.012159
29.96	0.01266
29.97	0.013292
29.98	0.013817
29.99	0.013986
30	0.013932
30.01	0.013952
30.02	0.013876
30.03	0.013264
30.04	0.012368
30.05	0.012001
30.06	0.01224
30.07	0.012436
30.08	0.012082
30.09	0.011537
30.1	0.011426
30.11	0.011388
30.12	0.010804
30.13	0.0098429
30.14	0.0087055
30.15	0.0074072
30.16	0.0060708
30.17	0.0045979
30.18	0.0031004
30.19	0.0020646
30.2	0.001732
30.21	0.0016456
30.22	0.0010837
30.23	0.00020082
30.24	-0.00060222
30.25	-0.0015223
30.26	-0.00229
30.27	-0.0022434
30.28	-0.0014638
30.29	-0.00055271
30.3	0.00021922
30.31	0.00075293
30.32	0.00093504
30.33	0.0010943
30.34	0.001451
30.35	0.0017474
30.36	0.0019667
30.37	0.0022863
30.38	0.0027896
30.39	0.0034387
30.4	0.0039806
30.41	0.0043237
30.42	0.0045717
30.43	0.0045908
30.44	0.0043501
30.45	0.0040904
30.46	0.0037379
30.47	0.0032082
30.48	0.0027757
30.49	0.0025603
30.5	0.0023814
30.51	0.0023807
30.52	0.0029829
30.53	0.0039235
30.54	0.0045431
30.55	0.0047476
30.56	0.0048531
30.57	0.0050322
30.58	0.0053844
30.59	0.0059415
30.6	0.0066233
30.61	0.0074917
30.62	0.0081729
30.63	0.0081249
30.64	0.0076716
30.65	0.0074504
30.66	0.0074244
30.67	0.0071788
30.68	0.0066693
30.69	0.0059291
30.7	0.0048786
30.71	0.0036543
30.72	0.0023569
30.73	0.0009811
30.74	-0.00028276
30.75	-0.0014388
30.76	-0.0027671
30.77	-0.0041123
30.78	-0.0052382
30.79	-0.0061076
30.8	-0.0066329
30.81	-0.006949
30.82	-0.0074987
30.83	-0.0088578
30.84	-0.010646
30.85	-0.011582
30.86	-0.011464
30.87	-0.011327
30.88	-0.011662
30.89	-0.012004
30.9	-0.012089
30.91	-0.011959
30.92	-0.011575
30.93	-0.010992
30.94	-0.010642
30.95	-0.010838
30.96	-0.010994
30.97	-0.010746
30.98	-0.010499
30.99	-0.010224
31	-0.0097646
31.01	-0.0092674
31.02	-0.0086976
31.03	-0.0081537
31.04	-0.0076913
31.05	-0.0071631
31.06	-0.0065883
31.07	-0.0062228
31.08	-0.0062699
31.09	-0.0063925
31.1	-0.0062518
31.11	-0.0061234
31.12	-0.0064465
31.13	-0.0070015
31.14	-0.0073127
31.15	-0.007574
31.16	-0.0080699
31.17	-0.0089758
31.18	-0.010468
31.19	-0.012063
31.2	-0.012988
31.21	-0.013292
31.22	-0.013578
31.23	-0.013829
31.24	-0.013668
31.25	-0.013031
31.26	-0.012076
31.27	-0.010879
31.28	-0.0094001
31.29	-0.007926
31.3	-0.0066226
31.31	-0.0053458
31.32	-0.004311
31.33	-0.0035669
31.34	-0.0025996
31.35	-0.0010975
31.36	0.00040595
31.37	0.0013312
31.38	0.0019684
31.39	0.0026719
31.4	0.0032801
31.41	0.0035737
31.42	0.00381
31.43	0.0043233
31.44	0.0049117
31.45	0.0054932
31.46	0.0062216
31.47	0.0067814
31.48	0.0068212
31.49	0.00649
31.5	0.0061825
31.51	0.0063099
31.52	0.0068556
31.53	0.0071257
31.54	0.0064784
31.55	0.0049995
31.56	0.0033827
31.57	0.0020665
31.58	0.00090715
31.59	-0.0002524
31.6	-0.0014154
31.61	-0.0027084
31.62	-0.0043417
31.63	-0.0059625
31.64	-0.007155
31.65	-0.0081042
31.66	-0.0089507
31.67	-0.0098791
31.68	-0.010878
31.69	-0.011235
31.7	-0.010955
31.71	-0.010857
31.72	-0.011025
31.73	-0.010982
31.74	-0.010582
31.75	-0.010062
31.76	-0.0096486
31.77	-0.0093372
31.78	-0.0087948
31.79	-0.0076359
31.8	-0.0060549
31.81	-0.0048228
31.82	-0.0041578
31.83	-0.003984
31.84	-0.0041087
31.85	-0.0038127
31.86	-0.0031239
31.87	-0.0024796
31.88	-0.0017123
31.89	-0.00051303
31.9	0.00071598
31.91	0.0014616
31.92	0.0020942
31.93	0.0029481
31.94	0.0037906
31.95	0.0045876
31.96	0.0054799
31.97	0.0061942
31.98	0.0068044
31.99	0.0076444
32	0.0082873
32.01	0.0084596
32.02	0.0085759
32.03	0.0090537
32.04	0.0098235
32.05	0.010316
32.06	0.010452
32.07	0.010817
32.08	0.011379
32.09	0.011341
32.1	0.010697
32.11	0.01029
32.12	0.010242
32.13	0.01024
32.14	0.010104
32.15	0.0096149
32.16	0.0089229
32.17	0.0083029
32.18	0.0078132
32.19	0.0074246
32.2	0.0072443
32.21	0.0073868
32.22	0.007846
32.23	0.0084584
32.24	0.0087277
32.25	0.0085778
32.26	0.0084218
32.27	0.0083354
32.28	0.008583
32.29	0.0094323
32.3	0.010248
32.31	0.010575
32.32	0.010597
32.33	0.010494
32.34	0.010352
32.35	0.009966
32.36	0.0091949
32.37	0.0083542
32.38	0.0077726
32.39	0.007207
32.4	0.0061346
32.41	0.0047126
32.42	0.0036976
32.43	0.0032346
32.44	0.0023753
32.45	0.00083645
32.46	-0.00047152
32.47	-0.0013699
32.48	-0.0021198
32.49	-0.0024522
32.5	-0.0023119
32.51	-0.0022947
32.52	-0.002769
32.53	-0.0032094
32.54	-0.0032146
32.55	-0.0030433
32.56	-0.0029367
32.57	-0.0028591
32.58	-0.002856
32.59	-0.0030182
32.6	-0.0030638
32.61	-0.002778
32.62	-0.0024939
32.63	-0.0025824
32.64	-0.0027944
32.65	-0.0026671
32.66	-0.0023299
32.67	-0.0020535
32.68	-0.0018354
32.69	-0.001553
32.7	-0.001035
32.71	-0.00026179
32.72	0.00049713
32.73	0.00080264
32.74	0.00066272
32.75	0.00047142
32.76	0.00040769
32.77	0.00040935
32.78	0.00033306
32.79	0.00024498
32.8	0.00063682
32.81	0.0017275
32.82	0.002626
32.83	0.002539
32.84	0.0022228
32.85	0.0025955
32.86	0.0035649
32.87	0.0046439
32.88	0.0052389
32.89	0.0053921
32.9	0.0056987
32.91	0.0060724
32.92	0.0060592
32.93	0.0057231
32.94	0.0054235
32.95	0.0049808
32.96	0.0041529
32.97	0.0032796
32.98	0.002498
32.99	0.0016726
33	0.00072954
33.01	-0.00013076
33.02	-0.00076721
33.03	-0.001414
33.04	-0.0020721
33.05	-0.002705
33.06	-0.0035227
33.07	-0.004583
33.08	-0.0056164
33.09	-0.0063142
33.1	-0.0067252
33.11	-0.0071359
33.12	-0.0077137
33.13	-0.0083352
33.14	-0.0087126
33.15	-0.0092377
33.16	-0.010119
33.17	-0.010679
33.18	-0.010999
33.19	-0.011377
33.2	-0.011434
33.21	-0.010965
33.22	-0.010186
33.23	-0.0097177
33.24	-0.0099696
33.25	-0.010471
33.26	-0.010283
33.27	-0.009185
33.28	-0.0078121
33.29	-0.0065455
33.3	-0.0052209
33.31	-0.0036452
33.32	-0.0022715
33.33	-0.0017039
33.34	-0.0012077
33.35	0.00012566
33.36	0.0015663
33.37	0.0025458
33.38	0.0035668
33.39	0.0045514
33.4	0.005018
33.41	0.0052867
33.42	0.0057648
33.43	0.0060712
33.44	0.0058127
33.45	0.005343
33.46	0.0054384
33.47	0.0061888
33.48	0.006752
33.49	0.0069448
33.5	0.0076628
33.51	0.0089799
33.52	0.010098
33.53	0.010658
33.54	0.010786
33.55	0.010981
33.56	0.011466
33.57	0.011696
33.58	0.011351
33.59	0.010758
33.6	0.010223
33.61	0.0096367
33.62	0.0089718
33.63	0.0085674
33.64	0.0084128
33.65	0.0081562
33.66	0.007458
33.67	0.0062635
33.68	0.0051958
33.69	0.0046884
33.7	0.004456
33.71	0.004236
33.72	0.0038772
33.73	0.003022
33.74	0.0015882
33.75	2.8505e-05
33.76	-0.0011814
33.77	-0.0020422
33.78	-0.0028594
33.79	-0.0037016
33.8	-0.0044943
33.81	-0.0052735
33.82	-0.0059903
33.83	-0.0065062
33.84	-0.0069119
33.85	-0.0071767
33.86	-0.007355
33.87	-0.0077439
33.88	-0.0081968
33.89	-0.0083069
33.9	-0.0080874
33.91	-0.0079411
33.92	-0.0079238
33.93	-0.0078106
33.94	-0.0074576
33.95	-0.0068358
33.96	-0.0060665
33.97	-0.0053801
33.98	-0.005022
33.99	-0.0048896
34	-0.0045024
34.01	-0.0035202
34.02	-0.002197
34.03	-0.0012544
34.04	-0.0010102
34.05	-0.00080855
34.06	-0.00019138
34.07	9.0964e-05
34.08	-0.00047843
34.09	-0.0012558
34.1	-0.0017598
34.11	-0.0021761
34.12	-0.0025129
34.13	-0.0027767
34.14	-0.003228
34.15	-0.0039147
34.16	-0.004627
34.17	-0.0051462
34.18	-0.0058698
34.19	-0.0070846
34.2	-0.0079124
34.21	-0.0077552
34.22	-0.007236
34.23	-0.0071983
34.24	-0.0076316
34.25	-0.007878
34.26	-0.0079433
34.27	-0.0082057
34.28	-0.0083864
34.29	-0.0081634
34.3	-0.0077292
34.31	-0.0072888
34.32	-0.007063
34.33	-0.0073662
34.34	-0.008077
34.35	-0.0087125
34.36	-0.0087932
34.37	-0.0083515
34.38	-0.0078223
34.39	-0.0074382
34.4	-0.0072982
34.41	-0.0071763
34.42	-0.0067329
34.43	-0.0062772
34.44	-0.0062189
34.45	-0.0062827
34.46	-0.0061521
34.47	-0.0058914
34.48	-0.0056906
34.49	-0.0057376
34.5	-0.0058358
34.51	-0.0056665
34.52	-0.0052353
34.53	-0.0046397
34.54	-0.0038896
34.55	-0.002956
34.56	-0.0018297
34.57	-0.00054402
34.58	0.00072145
34.59	0.0017829
34.6	0.0027581
34.61	0.0039956
34.62	0.0053693
34.63	0.0065817
34.64	0.0079614
34.65	0.0093946
34.66	0.010344
34.67	0.011042
34.68	0.011743
34.69	0.012391
34.7	0.01335
34.71	0.014937
34.72	0.016606
34.73	0.017308
34.74	0.01709
34.75	0.016959
34.76	0.017011
34.77	0.016937
34.78	0.016925
34.79	0.016991
34.8	0.017068
34.81	0.017177
34.82	0.017147
34.83	0.016809
34.84	0.016086
34.85	0.015207
34.86	0.014402
34.87	0.013467
34.88	0.01235
34.89	0.011349
34.9	0.010715
34.91	0.010363
34.92	0.0099218
34.93	0.0091522
34.94	0.0083207
34.95	0.007827
34.96	0.0076111
34.97	0.0073283
34.98	0.006882
34.99	0.0065606
35	0.0063739
35.01	0.0061052
35.02	0.0055311
35.03	0.0044882
35.04	0.0034441
35.05	0.0028764
35.06	0.0026664
35.07	0.002504
35.08	0.0020397
35.09	0.0011015
35.1	0.00015637
35.11	-0.00038456
35.12	-0.00084355
35.13	-0.0014896
35.14	-0.0022609
35.15	-0.0031376
35.16	-0.0038378
35.17	-0.0040519
35.18	-0.003994
35.19	-0.0039025
35.2	-0.0035296
35.21	-0.0026393
35.22	-0.0017257
35.23	-0.0013106
35.24	-0.0011649
35.25	-0.0010459
35.26	-0.0010553
35.27	-0.0011762
35.28	-0.0013913
35.29	-0.0017994
35.3	-0.0023339
35.31	-0.0029759
35.32	-0.0037707
35.33	-0.0044965
35.34	-0.005141
35.35	-0.0061925
35.36	-0.0074271
35.37	-0.0080508
35.38	-0.0082603
35.39	-0.0085887
35.4	-0.0088028
35.41	-0.0087079
35.42	-0.0086946
35.43	-0.0089898
35.44	-0.0093258
35.45	-0.0093711
35.46	-0.0090863
35.47	-0.0088217
35.48	-0.0088259
35.49	-0.0088
35.5	-0.0085896
35.51	-0.0084406
35.52	-0.008214
35.53	-0.007642
35.54	-0.0070167
35.55	-0.0066984
35.56	-0.0065756
35.57	-0.0064019
35.58	-0.0062514
35.59	-0.0063374
35.6	-0.006684
35.61	-0.0070711
35.62	-0.0073004
35.63	-0.0073869
35.64	-0.0074871
35.65	-0.0076998
35.66	-0.0077621
35.67	-0.0074989
35.68	-0.0072024
35.69	-0.0068637
35.7	-0.0057977
35.71	-0.0041045
35.72	-0.0027612
35.73	-0.0019559
35.74	-0.0011924
35.75	-0.00027061
35.76	0.00043343
35.77	0.00056778
35.78	0.00072083
35.79	0.001767
35.8	0.0031586
35.81	0.0037312
35.82	0.0034994
35.83	0.0034036
35.84	0.0039659
35.85	0.0047039
35.86	0.005154
35.87	0.0052683
35.88	0.0052203
35.89	0.0052392
35.9	0.0052332
35.91	0.0050672
35.92	0.004796
35.93	0.0045621
35.94	0.0043806
35.95	0.0039404
35.96	0.0030898
35.97	0.0022063
35.98	0.0014056
35.99	0.00061086
36	1.7877e-05
36.01	-0.00011951
36.02	-0.00041344
36.03	-0.0010565
36.04	-0.0021158
36.05	-0.0031049
36.06	-0.0035246
36.07	-0.0038602
36.08	-0.0046391
36.09	-0.0056089
36.1	-0.0063211
36.11	-0.0069558
36.12	-0.0077454
36.13	-0.0083498
36.14	-0.0086416
36.15	-0.0090455
36.16	-0.0097371
36.17	-0.010226
36.18	-0.01008
36.19	-0.0095734
36.2	-0.0089267
36.21	-0.0079842
36.22	-0.0070625
36.23	-0.006475
36.24	-0.0059655
36.25	-0.0053157
36.26	-0.0046242
36.27	-0.0039774
36.28	-0.0032348
36.29	-0.0025383
36.3	-0.0021432
36.31	-0.0019158
36.32	-0.0017924
36.33	-0.0017537
36.34	-0.0015141
36.35	-0.0010703
36.36	-0.00069982
36.37	-0.00047298
36.38	-0.00028191
36.39	-5.9635e-05
36.4	0.0001374
36.41	0.00031777
36.42	0.00050407
36.43	0.00066683
36.44	0.00082651
36.45	0.0010132
36.46	0.0012054
36.47	0.0013703
36.48	0.0015018
36.49	0.0015999
36.5	0.0017002
36.51	0.0018453
36.52	0.0020094
36.53	0.002117
36.54	0.0021852
36.55	0.0022719
36.56	0.0023642
36.57	0.0024434
36.58	0.0025157
36.59	0.0025926
36.6	0.002682
36.61	0.0027739
36.62	0.0028432
36.63	0.0029014
36.64	0.0029561
36.65	0.003048
36.66	0.0034496
36.67	0.0041614
36.68	0.0047157
36.69	0.0051262
36.7	0.0056722
36.71	0.006403
36.72	0.0073767
36.73	0.0082629
36.74	0.0085472
36.75	0.0082721
36.76	0.0078919
36.77	0.0077695
36.78	0.0079345
36.79	0.0081557
36.8	0.0084039
36.81	0.0087878
36.82	0.0090482
36.83	0.0089252
36.84	0.0085078
36.85	0.0080983
36.86	0.0082784
36.87	0.0091706
36.88	0.0098177
36.89	0.0097859
36.9	0.0097289
36.91	0.0097775
36.92	0.0097346
36.93	0.0097769
36.94	0.0098093
36.95	0.0095332
36.96	0.0090014
36.97	0.0084719
36.98	0.0080159
36.99	0.0075686
37	0.0070952
37.01	0.0067971
37.02	0.0068966
37.03	0.0070299
37.04	0.006769
37.05	0.0062511
37.06	0.0057018
37.07	0.005258
37.08	0.0051675
37.09	0.0053285
37.1	0.0052615
37.11	0.0048259
37.12	0.0042585
37.13	0.0038198
37.14	0.0037272
37.15	0.0039268
37.16	0.004069
37.17	0.0040212
37.18	0.0038915
37.19	0.0036221
37.2	0.0033205
37.21	0.0033761
37.22	0.003624
37.23	0.003437
37.24	0.0027646
37.25	0.0020452
37.26	0.0014101
37.27	0.00070315
37.28	-0.00022336
37.29	-0.0012753
37.3	-0.0021406
37.31	-0.0028015
37.32	-0.0034577
37.33	-0.0043804
37.34	-0.0055736
37.35	-0.0064791
37.36	-0.0071237
37.37	-0.0079773
37.38	-0.0088007
37.39	-0.0095019
37.4	-0.010446
37.41	-0.011381
37.42	-0.011893
37.43	-0.012065
37.44	-0.011939
37.45	-0.0118
37.46	-0.012105
37.47	-0.012539
37.48	-0.012681
37.49	-0.012665
37.5	-0.01266
37.51	-0.012859
37.52	-0.013191
37.53	-0.013331
37.54	-0.013279
37.55	-0.013044
37.56	-0.012554
37.57	-0.011912
37.58	-0.011274
37.59	-0.010788
37.6	-0.010452
37.61	-0.01004
37.62	-0.0094431
37.63	-0.0087354
37.64	-0.0080379
37.65	-0.0074556
37.66	-0.0069302
37.67	-0.0065851
37.68	-0.0067522
37.69	-0.0071547
37.7	-0.0071228
37.71	-0.0065779
37.72	-0.0059801
37.73	-0.0057141
37.74	-0.005686
37.75	-0.0054715
37.76	-0.0050826
37.77	-0.004822
37.78	-0.0046203
37.79	-0.0043665
37.8	-0.0038951
37.81	-0.0030719
37.82	-0.0023291
37.83	-0.0019389
37.84	-0.0015766
37.85	-0.001099
37.86	-0.00068335
37.87	-0.00033495
37.88	0.00020574
37.89	0.00086533
37.9	0.0011385
37.91	0.0010002
37.92	0.00095007
37.93	0.0011874
37.94	0.0015085
37.95	0.0017585
37.96	0.0019558
37.97	0.0020837
37.98	0.0020729
37.99	0.0019844
38	0.0020862
38.01	0.002466
38.02	0.0029233
38.03	0.0034359
38.04	0.0040027
38.05	0.0045478
38.06	0.0050701
38.07	0.0055287
38.08	0.0059639
38.09	0.0063133
38.1	0.0064367
38.11	0.0065144
38.12	0.0066861
38.13	0.0067414
38.14	0.006635
38.15	0.0067065
38.16	0.0069932
38.17	0.007136
38.18	0.0070615
38.19	0.0069887
38.2	0.0071817
38.21	0.0076439
38.22	0.0079957
38.23	0.0080562
38.24	0.0079273
38.25	0.0077083
38.26	0.007599
38.27	0.0076593
38.28	0.0076387
38.29	0.0074964
38.3	0.0074992
38.31	0.007571
38.32	0.0074237
38.33	0.0070758
38.34	0.0066901
38.35	0.0064507
38.36	0.0063697
38.37	0.0061914
38.38	0.0057932
38.39	0.0053037
38.4	0.0048577
38.41	0.0044529
38.42	0.0040857
38.43	0.0038594
38.44	0.0037247
38.45	0.003478
38.46	0.0030137
38.47	0.0024106
38.48	0.0018891
38.49	0.0015538
38.5	0.0013139
38.51	0.0010707
38.52	0.00073614
38.53	0.00029345
38.54	-0.00010145
38.55	-0.00031046
38.56	-0.00036581
38.57	-0.00037012
38.58	-0.00040801
38.59	-0.00052869
38.6	-0.00069959
38.61	-0.00087062
38.62	-0.0010271
38.63	-0.0011701
38.64	-0.0013111
38.65	-0.0014434
38.66	-0.0015753
38.67	-0.0017316
38.68	-0.0018954
38.69	-0.0020282
38.7	-0.0021353
38.71	-0.0022831
38.72	-0.0025059
38.73	-0.0027237
38.74	-0.0028529
38.75	-0.0029407
38.76	-0.003089
38.77	-0.0032858
38.78	-0.0034255
38.79	-0.0034598
38.8	-0.0034052
38.81	-0.003352
38.82	-0.0034318
38.83	-0.0035858
38.84	-0.0037032
38.85	-0.0038097
38.86	-0.0038577
38.87	-0.0038095
38.88	-0.0037642
38.89	-0.0037903
38.9	-0.0038336
38.91	-0.0037869
38.92	-0.003658
38.93	-0.0035421
38.94	-0.0034243
38.95	-0.0032841
38.96	-0.0032033
38.97	-0.0031487
38.98	-0.0029925
38.99	-0.0027567
39	-0.0025738
39.01	-0.0024642
39.02	-0.0023267
39.03	-0.0021213
39.04	-0.0018999
39.05	-0.0017038
39.06	-0.0015251
39.07	-0.0013485
39.08	-0.0011882
39.09	-0.001058
39.1	-0.00092306
39.11	-0.00075907
39.12	-0.00060441
39.13	-0.00047453
39.14	-0.00032319
39.15	-0.00014516
39.16	-2.6623e-06
39.17	8.4016e-05
39.18	0.00014593
39.19	0.00023725
39.2	0.00040324
39.21	0.00057515
39.22	0.00066469
39.23	0.00071101
39.24	0.00076918
39.25	0.00082064
39.26	0.00086354
39.27	0.00091274
39.28	0.00094214
39.29	0.00095189
39.3	0.00097687
39.31	0.00098923
39.32	0.00093616
39.33	0.00084972
39.34	0.00080449
39.35	0.00080529
39.36	0.00080164
39.37	0.00077474
39.38	0.00073888
39.39	0.0006987
39.4	0.00067123
39.41	0.00066003
39.42	0.0006389
39.43	0.00061248
39.44	0.00058823
39.45	0.00055965
39.46	0.00053108
39.47	0.00050543
39.48	0.00048372
39.49	0.00046971
39.5	0.00046306
39.51	0.00044828
39.52	0.00040823
39.53	0.0003522
39.54	0.00030864
39.55	0.00028965
39.56	0.00028244
39.57	0.00027387
39.58	0.00026302
39.59	0.00024733
39.6	0.00022451
39.61	0.00020944
39.62	0.00020906
39.63	0.00020811
39.64	0.00020216
39.65	0.00019398
39.66	0.00017987
39.67	0.00016263
39.68	0.00014826
39.69	0.00014004
39.7	0.00013922
39.71	0.00014088
39.72	0.00013812
39.73	0.00012878
39.74	0.00011872
39.75	0.00011148
39.76	0.00010209
39.77	8.7571e-05
39.78	7.1768e-05
39.79	5.9235e-05
39.8	4.9067e-05
39.81	3.7579e-05
39.82	2.3993e-05
39.83	9.6303e-06
39.84	-3.1165e-06
39.85	-1.2683e-05
39.86	-2.0484e-05
39.87	-2.7254e-05
39.88	-3.2146e-05
39.89	-3.5844e-05
39.9	-3.9209e-05
39.91	-4.2112e-05
39.92	-4.4489e-05
39.93	-4.6379e-05
39.94	-4.7972e-05
39.95	-4.9517e-05
39.96	-5.0812e-05
39.97	-5.1549e-05
39.98	-5.1672e-05
39.99	-5.1219e-05
