0	5.7143e-05
0.01	0.00014549
0.02	5.3919e-05
0.03	0.00013436
0.04	4.8495e-05
0.05	0.00014105
0.06	4.7642e-05
0.07	0.00012877
0.08	6.4202e-05
0.09	0.00014422
0.1	5.1355e-06
0.11	4.5017e-05
0.12	-9.6444e-07
0.13	0.00015011
0.14	0.00018912
0.15	0.00044658
0.16	0.0002841
0.17	0.00028348
0.18	0.00017035
0.19	0.00032128
0.2	0.0002333
0.21	0.0001612
0.22	-0.00048901
0.23	-0.00021081
0.24	-0.0001067
0.25	-0.00014362
0.26	-0.00012336
0.27	-4.4304e-05
0.28	-0.00025708
0.29	-0.00018214
0.3	-2.0723e-05
0.31	0.0011039
0.32	0.0011845
0.33	9.0417e-05
0.34	-0.00051678
0.35	-0.00039572
0.36	-0.0005507
0.37	-0.00057965
0.38	-0.00025279
0.39	0.0006821
0.4	0.0018145
0.41	0.0016896
0.42	0.0014289
0.43	0.0024199
0.44	0.002404
0.45	0.001134
0.46	-0.00084661
0.47	-0.0013023
0.48	-0.0014315
0.49	-0.00137
0.5	-0.0016255
0.51	-0.0018696
0.52	-0.0019494
0.53	-0.0014968
0.54	-0.0020327
0.55	0.00088723
0.56	0.0017745
0.57	-0.00075821
0.58	-0.0023828
0.59	-0.0018972
0.6	-0.0023735
0.61	-0.0011755
0.62	0.00043988
0.63	-7.6834e-06
0.64	-0.0024994
0.65	-0.0018631
0.66	-0.0010707
0.67	0.0016018
0.68	0.0021664
0.69	0.0031561
0.7	0.0046342
0.71	0.0027102
0.72	-0.0021259
0.73	-0.0018063
0.74	0.002184
0.75	0.0052666
0.76	0.0052056
0.77	0.0054672
0.78	0.0040955
0.79	0.0010804
0.8	-0.00027417
0.81	0.00025243
0.82	-0.0033727
0.83	-0.0054204
0.84	-0.0048582
0.85	-0.0073291
0.86	-0.014486
0.87	-0.018857
0.88	-0.01912
0.89	-0.01509
0.9	-0.0074681
0.91	-0.00017804
0.92	0.0015409
0.93	0.00024201
0.94	0.001
0.95	0.0052345
0.96	0.005749
0.97	0.0073957
0.98	0.0073361
0.99	0.0074028
1	0.0074969
1.01	0.01053
1.02	0.0098053
1.03	0.012671
1.04	0.012096
1.05	0.0071791
1.06	0.0038402
1.07	-0.0047345
1.08	-0.0095215
1.09	-0.0095673
1.1	-0.0066848
1.11	0.0025643
1.12	0.0066885
1.13	0.0054491
1.14	0.0029445
1.15	0.0020964
1.16	0.0056681
1.17	0.005304
1.18	-0.004556
1.19	-0.011114
1.2	-0.010794
1.21	-0.0060745
1.22	-0.0036265
1.23	6.7555e-05
1.24	-0.0032053
1.25	-0.0086632
1.26	-0.010767
1.27	-0.011019
1.28	-0.011673
1.29	-0.0062375
1.3	0.0052769
1.31	0.0098372
1.32	0.0079919
1.33	0.017178
1.34	0.018271
1.35	0.011368
1.36	0.011144
1.37	0.01697
1.38	0.022792
1.39	0.024054
1.4	0.016397
1.41	0.0052152
1.42	-0.012185
1.43	-0.021369
1.44	-0.019798
1.45	-0.021034
1.46	-0.0224
1.47	-0.020826
1.48	-0.02305
1.49	-0.027451
1.5	-0.02366
1.51	-0.010526
1.52	0.0034549
1.53	0.015096
1.54	0.021389
1.55	0.015676
1.56	0.0076753
1.57	0.0071628
1.58	0.006847
1.59	0.0096363
1.6	0.018561
1.61	0.018288
1.62	0.0025664
1.63	-0.01616
1.64	-0.025856
1.65	-0.018034
1.66	-0.011328
1.67	-0.013158
1.68	-0.018567
1.69	-0.015922
1.7	-0.0073229
1.71	0.0055111
1.72	0.01891
1.73	0.023642
1.74	0.024847
1.75	0.025964
1.76	0.016517
1.77	0.005881
1.78	-0.0047933
1.79	-0.015142
1.8	-0.031079
1.81	-0.037555
1.82	-0.037516
1.83	-0.034976
1.84	-0.029747
1.85	-0.012477
1.86	0.0092527
1.87	0.025296
1.88	0.031255
1.89	0.028994
1.9	0.027875
1.91	0.023342
1.92	0.024019
1.93	0.037965
1.94	0.058161
1.95	0.062132
1.96	0.032526
1.97	-1.9307e-05
1.98	-0.02512
1.99	-0.039592
2	-0.044034
2.01	-0.048559
2.02	-0.054229
2.03	-0.057502
2.04	-0.05414
2.05	-0.046945
2.06	-0.036337
2.07	-0.025374
2.08	-0.013573
2.09	-0.004481
2.1	-0.0012978
2.11	-0.0050444
2.12	-0.012286
2.13	-0.012792
2.14	-0.0062988
2.15	0.00084026
2.16	0.0067051
2.17	0.0044245
2.18	-0.0074443
2.19	-0.0041533
2.2	0.010421
2.21	0.008145
2.22	-0.00045244
2.23	-0.005206
2.24	-0.0018941
2.25	0.0095284
2.26	0.016578
2.27	0.018593
2.28	0.021942
2.29	0.014954
2.3	0.0029139
2.31	-0.0081302
2.32	-0.030715
2.33	-0.046802
2.34	-0.046805
2.35	-0.035642
2.36	-0.01192
2.37	0.018307
2.38	0.043096
2.39	0.053178
2.4	0.048806
2.41	0.038126
2.42	0.023794
2.43	0.011142
2.44	0.013253
2.45	0.017099
2.46	0.0076357
2.47	-0.002476
2.48	-0.0064383
2.49	0.009007
2.5	0.0361
2.51	0.050083
2.52	0.059547
2.53	0.052256
2.54	0.029194
2.55	0.0043149
2.56	-0.020214
2.57	-0.042659
2.58	-0.059513
2.59	-0.06355
2.6	-0.051434
2.61	-0.027953
2.62	-0.0066601
2.63	0.0015725
2.64	-0.0004329
2.65	-0.0026091
2.66	-0.0050902
2.67	-0.0075004
2.68	-0.010617
2.69	-0.007233
2.7	-0.0019473
2.71	0.001658
2.72	0.0019982
2.73	0.0012888
2.74	0.0059626
2.75	0.014234
2.76	0.017517
2.77	0.0046952
2.78	-0.0043795
2.79	-0.01292
2.8	-0.017679
2.81	-0.0093391
2.82	0.010152
2.83	0.032199
2.84	0.055914
2.85	0.060443
2.86	0.039368
2.87	0.0085795
2.88	-0.010718
2.89	-0.014806
2.9	-0.0029548
2.91	0.0048187
2.92	0.0038746
2.93	-0.0034986
2.94	-0.015564
2.95	-0.025437
2.96	-0.036187
2.97	-0.042385
2.98	-0.036214
2.99	-0.017886
3	-0.0029108
3.01	-0.0043536
3.02	-0.018953
3.03	-0.029497
3.04	-0.035144
3.05	-0.030644
3.06	-0.010687
3.07	0.028922
3.08	0.065575
3.09	0.079956
3.1	0.071709
3.11	0.038159
3.12	0.0070203
3.13	-0.0065743
3.14	-0.0061123
3.15	0.0072646
3.16	0.037326
3.17	0.054225
3.18	0.047229
3.19	0.026944
3.2	0.0066243
3.21	-0.0078242
3.22	-0.012308
3.23	-0.0066076
3.24	-0.00046709
3.25	-0.0075812
3.26	-0.018994
3.27	-0.031026
3.28	-0.03947
3.29	-0.040003
3.3	-0.017382
3.31	0.020912
3.32	0.056651
3.33	0.077201
3.34	0.071254
3.35	0.047815
3.36	0.017602
3.37	-0.0076539
3.38	-0.029231
3.39	-0.033746
3.4	-0.020262
3.41	-0.0038966
3.42	0.015193
3.43	0.035189
3.44	0.035075
3.45	0.019859
3.46	0.022011
3.47	0.039194
3.48	0.044243
3.49	0.029146
3.5	0.032659
3.51	0.029199
3.52	0.01072
3.53	-0.0046731
3.54	-0.016332
3.55	-0.021053
3.56	-0.0106
3.57	-0.01404
3.58	-0.02266
3.59	-0.015134
3.6	-0.010123
3.61	-0.025617
3.62	-0.048829
3.63	-0.060025
3.64	-0.053623
3.65	-0.036389
3.66	-0.021349
3.67	-0.017495
3.68	-0.019644
3.69	-0.016175
3.7	-0.00064873
3.71	0.023535
3.72	0.04557
3.73	0.064583
3.74	0.064864
3.75	0.046638
3.76	0.01979
3.77	-0.0077362
3.78	-0.031923
3.79	-0.033761
3.8	-0.014274
3.81	0.011103
3.82	0.024768
3.83	0.01585
3.84	0.0053244
3.85	-0.0038051
3.86	-0.016448
3.87	-0.017244
3.88	-0.0044118
3.89	-0.0049375
3.9	-0.0071581
3.91	0.009355
3.92	0.027692
3.93	0.041264
3.94	0.043117
3.95	0.024002
3.96	0.00036972
3.97	-0.025239
3.98	-0.045674
3.99	-0.056781
4	-0.048126
4.01	-0.012485
4.02	0.025522
4.03	0.043266
4.04	0.04459
4.05	0.036489
4.06	0.024349
4.07	0.019594
4.08	0.011045
4.09	0.0048161
4.1	-0.0018248
4.11	0.0015249
4.12	0.014558
4.13	0.036606
4.14	0.053581
4.15	0.05562
4.16	0.046255
4.17	0.029069
4.18	0.014989
4.19	0.013937
4.2	0.015206
4.21	-0.0027052
4.22	-0.011045
4.23	-0.013944
4.24	0.0083875
4.25	0.048735
4.26	0.074468
4.27	0.081368
4.28	0.066001
4.29	0.021538
4.3	-0.034332
4.31	-0.093273
4.32	-0.12892
4.33	-0.13309
4.34	-0.11195
4.35	-0.076834
4.36	-0.022915
4.37	0.02824
4.38	0.060915
4.39	0.083525
4.4	0.08642
4.41	0.079294
4.42	0.061051
4.43	0.040909
4.44	0.030454
4.45	0.042891
4.46	0.085857
4.47	0.13977
4.48	0.2072
4.49	0.23724
4.5	0.22889
4.51	0.19993
4.52	0.15799
4.53	0.13029
4.54	0.11625
4.55	0.10297
4.56	0.074154
4.57	0.030978
4.58	-0.01649
4.59	-0.047417
4.6	-0.053861
4.61	-0.056231
4.62	-0.063504
4.63	-0.081559
4.64	-0.1053
4.65	-0.13591
4.66	-0.1467
4.67	-0.13654
4.68	-0.10679
4.69	-0.075914
4.7	-0.054361
4.71	-0.059196
4.72	-0.084799
4.73	-0.11141
4.74	-0.10794
4.75	-0.076548
4.76	-0.02631
4.77	0.036527
4.78	0.10089
4.79	0.16646
4.8	0.2232
4.81	0.26692
4.82	0.30571
4.83	0.32069
4.84	0.29812
4.85	0.22788
4.86	0.094688
4.87	-0.044703
4.88	-0.12461
4.89	-0.16052
4.9	-0.15118
4.91	-0.11495
4.92	-0.08792
4.93	-0.10982
4.94	-0.16539
4.95	-0.24362
4.96	-0.32075
4.97	-0.37923
4.98	-0.41582
4.99	-0.42753
5	-0.41865
5.01	-0.3997
5.02	-0.4021
5.03	-0.42506
5.04	-0.46266
5.05	-0.46754
5.06	-0.40616
5.07	-0.32439
5.08	-0.32611
5.09	-0.36286
5.1	-0.38998
5.11	-0.35896
5.12	-0.24897
5.13	0.030483
5.14	0.329
5.15	0.55294
5.16	0.72585
5.17	0.74906
5.18	0.66384
5.19	0.4738
5.2	0.25955
5.21	0.077909
5.22	-0.045358
5.23	-0.11163
5.24	-0.13368
5.25	-0.08837
5.26	0.051197
5.27	0.21242
5.28	0.30426
5.29	0.35524
5.3	0.39738
5.31	0.41995
5.32	0.39991
5.33	0.28004
5.34	0.10163
5.35	-0.088416
5.36	-0.21938
5.37	-0.30267
5.38	-0.35553
5.39	-0.38168
5.4	-0.36968
5.41	-0.31474
5.42	-0.17656
5.43	-0.0063683
5.44	0.13509
5.45	0.21305
5.46	0.23537
5.47	0.17605
5.48	0.00084388
5.49	-0.21304
5.5	-0.37449
5.51	-0.50309
5.52	-0.56299
5.53	-0.55132
5.54	-0.49289
5.55	-0.38103
5.56	-0.26375
5.57	-0.17457
5.58	-0.10583
5.59	-0.03999
5.6	0.039006
5.61	0.099111
5.62	0.15554
5.63	0.21024
5.64	0.25107
5.65	0.28588
5.66	0.30376
5.67	0.30712
5.68	0.30908
5.69	0.3382
5.7	0.40626
5.71	0.46394
5.72	0.44651
5.73	0.29513
5.74	0.086367
5.75	-0.021086
5.76	-0.055086
5.77	-0.0743
5.78	-0.10243
5.79	-0.1416
5.8	-0.16354
5.81	-0.13869
5.82	-0.048531
5.83	0.064101
5.84	0.106
5.85	0.10726
5.86	0.087087
5.87	0.047049
5.88	-0.0065709
5.89	-0.074815
5.9	-0.15606
5.91	-0.23104
5.92	-0.27146
5.93	-0.27552
5.94	-0.22026
5.95	-0.11918
5.96	0.015894
5.97	0.10847
5.98	0.16774
5.99	0.18707
6	0.16163
6.01	0.06065
6.02	-0.087024
6.03	-0.24397
6.04	-0.35737
6.05	-0.44019
6.06	-0.47797
6.07	-0.48089
6.08	-0.4656
6.09	-0.4169
6.1	-0.3318
6.11	-0.22471
6.12	-0.076962
6.13	0.08185
6.14	0.21732
6.15	0.33594
6.16	0.42372
6.17	0.46614
6.18	0.43779
6.19	0.30655
6.2	0.1308
6.21	-0.0551
6.22	-0.1781
6.23	-0.23862
6.24	-0.26794
6.25	-0.27994
6.26	-0.27923
6.27	-0.25227
6.28	-0.17586
6.29	-0.044169
6.3	0.13643
6.31	0.32505
6.32	0.43933
6.33	0.49425
6.34	0.51192
6.35	0.49234
6.36	0.4578
6.37	0.4268
6.38	0.42367
6.39	0.44565
6.4	0.47534
6.41	0.49567
6.42	0.49277
6.43	0.47734
6.44	0.43906
6.45	0.36294
6.46	0.2428
6.47	0.13763
6.48	0.091718
6.49	0.092924
6.5	0.11614
6.51	0.16019
6.52	0.20586
6.53	0.2511
6.54	0.29412
6.55	0.30389
6.56	0.27543
6.57	0.21069
6.58	0.13519
6.59	0.071919
6.6	0.036028
6.61	0.022707
6.62	0.017869
6.63	0.012294
6.64	-0.01234
6.65	-0.055758
6.66	-0.10051
6.67	-0.12167
6.68	-0.12336
6.69	-0.12142
6.7	-0.13648
6.71	-0.20232
6.72	-0.30911
6.73	-0.39547
6.74	-0.40836
6.75	-0.33863
6.76	-0.26071
6.77	-0.21986
6.78	-0.20401
6.79	-0.2036
6.8	-0.20524
6.81	-0.19656
6.82	-0.16953
6.83	-0.12237
6.84	-0.079401
6.85	-0.075171
6.86	-0.1052
6.87	-0.14328
6.88	-0.16462
6.89	-0.16218
6.9	-0.14804
6.91	-0.12994
6.92	-0.11549
6.93	-0.10555
6.94	-0.096363
6.95	-0.071282
6.96	-0.017767
6.97	0.064193
6.98	0.15097
6.99	0.22023
7	0.23068
7.01	0.19233
7.02	0.13398
7.03	0.081107
7.04	0.044556
7.05	0.0080371
7.06	-0.016707
7.07	-0.010969
7.08	0.037392
7.09	0.10989
7.1	0.17519
7.11	0.20548
7.12	0.16616
7.13	0.049016
7.14	-0.12481
7.15	-0.25778
7.16	-0.37527
7.17	-0.48072
7.18	-0.56084
7.19	-0.61307
7.2	-0.63879
7.21	-0.64116
7.22	-0.61941
7.23	-0.57332
7.24	-0.50307
7.25	-0.43375
7.26	-0.34522
7.27	-0.20008
7.28	-0.0077691
7.29	0.16968
7.3	0.36567
7.31	0.50904
7.32	0.55481
7.33	0.5224
7.34	0.42302
7.35	0.31709
7.36	0.21074
7.37	0.063407
7.38	-0.091082
7.39	-0.22379
7.4	-0.30917
7.41	-0.33778
7.42	-0.3517
7.43	-0.36197
7.44	-0.36525
7.45	-0.34827
7.46	-0.29951
7.47	-0.22966
7.48	-0.16379
7.49	-0.097701
7.5	-0.057367
7.51	-0.04422
7.52	-0.034829
7.53	-0.0064453
7.54	0.055216
7.55	0.13377
7.56	0.20313
7.57	0.25479
7.58	0.27661
7.59	0.29305
7.6	0.30038
7.61	0.30525
7.62	0.30822
7.63	0.32141
7.64	0.33457
7.65	0.36057
7.66	0.35135
7.67	0.27375
7.68	-0.0071434
7.69	-0.34048
7.7	-0.57707
7.71	-0.64841
7.72	-0.60659
7.73	-0.47006
7.74	-0.23564
7.75	-0.016725
7.76	0.14986
7.77	0.24685
7.78	0.31022
7.79	0.38595
7.8	0.49185
7.81	0.58392
7.82	0.61427
7.83	0.57855
7.84	0.46306
7.85	0.3089
7.86	0.1513
7.87	0.017734
7.88	-0.054315
7.89	-0.11689
7.9	-0.1987
7.91	-0.25069
7.92	-0.26219
7.93	-0.2219
7.94	-0.14626
7.95	-0.082112
7.96	-0.069817
7.97	-0.07385
7.98	-0.062413
7.99	0.0014978
8	0.081311
8.01	0.14315
8.02	0.15223
8.03	0.12273
8.04	0.083029
8.05	0.083154
8.06	0.17213
8.07	0.30969
8.08	0.3817
8.09	0.38332
8.1	0.32454
8.11	0.19218
8.12	0.0023776
8.13	-0.23174
8.14	-0.49143
8.15	-0.69763
8.16	-0.81105
8.17	-0.83265
8.18	-0.77567
8.19	-0.56981
8.2	-0.11416
8.21	0.27017
8.22	0.5006
8.23	0.59743
8.24	0.57877
8.25	0.50499
8.26	0.37667
8.27	0.2033
8.28	0.032373
8.29	-0.13351
8.3	-0.23246
8.31	-0.22573
8.32	-0.15031
8.33	0.036853
8.34	0.2296
8.35	0.38368
8.36	0.45619
8.37	0.4596
8.38	0.37257
8.39	0.2392
8.4	-0.0006972
8.41	-0.24617
8.42	-0.35127
8.43	-0.36187
8.44	-0.30796
8.45	-0.2126
8.46	-0.16108
8.47	-0.1415
8.48	-0.13061
8.49	-0.12675
8.5	-0.1317
8.51	-0.139
8.52	-0.13698
8.53	-0.11228
8.54	-0.073967
8.55	-0.042524
8.56	-0.032657
8.57	-0.037722
8.58	-0.055505
8.59	-0.086457
8.6	-0.14204
8.61	-0.19111
8.62	-0.19014
8.63	-0.13688
8.64	-0.036231
8.65	0.056389
8.66	0.10201
8.67	0.11422
8.68	0.084817
8.69	0.03459
8.7	-0.018675
8.71	-0.060937
8.72	-0.088051
8.73	-0.08366
8.74	-0.038615
8.75	0.037436
8.76	0.089149
8.77	0.11934
8.78	0.14637
8.79	0.1839
8.8	0.20947
8.81	0.20258
8.82	0.13892
8.83	0.043795
8.84	-0.021207
8.85	-0.035708
8.86	-0.014049
8.87	0.035705
8.88	0.1361
8.89	0.25462
8.9	0.31236
8.91	0.3106
8.92	0.23817
8.93	0.12791
8.94	0.0095105
8.95	-0.072623
8.96	-0.1019
8.97	-0.11461
8.98	-0.12994
8.99	-0.12891
9	-0.10221
9.01	-0.0408
9.02	0.0173
9.03	0.041061
9.04	0.031069
9.05	-0.041252
9.06	-0.16085
9.07	-0.24853
9.08	-0.26156
9.09	-0.21503
9.1	-0.14608
9.11	-0.082041
9.12	-0.033497
9.13	0.026467
9.14	0.091264
9.15	0.14422
9.16	0.16191
9.17	0.14839
9.18	0.10859
9.19	0.081774
9.2	0.097354
9.21	0.13578
9.22	0.14727
9.23	0.11459
9.24	0.04398
9.25	-0.032824
9.26	-0.10965
9.27	-0.17713
9.28	-0.20786
9.29	-0.17345
9.3	-0.06981
9.31	0.097304
9.32	0.22172
9.33	0.23347
9.34	0.11717
9.35	-0.06493
9.36	-0.23585
9.37	-0.29289
9.38	-0.25309
9.39	-0.14076
9.4	-0.022399
9.41	0.034052
9.42	0.03444
9.43	-0.017776
9.44	-0.10816
9.45	-0.17681
9.46	-0.21008
9.47	-0.19586
9.48	-0.12634
9.49	0.043202
9.5	0.23117
9.51	0.34186
9.52	0.38552
9.53	0.39986
9.54	0.39007
9.55	0.36539
9.56	0.29687
9.57	0.1518
9.58	-0.03161
9.59	-0.1662
9.6	-0.2989
9.61	-0.39365
9.62	-0.4306
9.63	-0.40718
9.64	-0.36
9.65	-0.26375
9.66	-0.14669
9.67	-0.03099
9.68	0.050208
9.69	0.12543
9.7	0.20179
9.71	0.29072
9.72	0.36143
9.73	0.40971
9.74	0.43382
9.75	0.45459
9.76	0.46738
9.77	0.43612
9.78	0.39793
9.79	0.39292
9.8	0.35745
9.81	0.25655
9.82	0.11964
9.83	0.25979
9.84	0.26577
9.85	0.32737
9.86	0.36352
9.87	0.35083
9.88	0.24313
9.89	0.12339
9.9	0.025661
9.91	-0.14325
9.92	-0.25029
9.93	-0.35274
9.94	-0.40958
9.95	-0.45924
9.96	-0.50374
9.97	-0.61727
9.98	-0.75155
9.99	-0.86072
10	-0.87463
10.01	-0.83272
10.02	-0.69718
10.03	-0.45592
10.04	-0.28388
10.05	-0.13437
10.06	0.171
10.07	0.29699
10.08	0.33054
10.09	0.38334
10.1	0.4109
10.11	0.44408
10.12	0.4504
10.13	0.4654
10.14	0.45063
10.15	0.44826
10.16	0.42357
10.17	0.39072
10.18	0.30682
10.19	0.073774
10.2	-0.34374
10.21	-0.52914
10.22	-0.81855
10.23	-0.99569
10.24	-1.1144
10.25	-1.0745
10.26	-0.92618
10.27	-0.50428
10.28	-0.11147
10.29	-0.083105
10.3	-0.37089
10.31	-0.65765
10.32	-0.83005
10.33	-0.95784
10.34	-1.0444
10.35	-1.1145
10.36	-1.1458
10.37	-1.2298
10.38	-1.2714
10.39	-1.2352
10.4	-1.0277
10.41	-0.71093
10.42	-0.37235
10.43	-7.193e-05
10.44	0.43152
10.45	0.78452
10.46	1.0772
10.47	1.283
10.48	1.1717
10.49	0.79136
10.5	0.44505
10.51	0.21917
10.52	0.13466
10.53	0.27325
10.54	0.53112
10.55	0.74706
10.56	1.0228
10.57	1.4669
10.58	1.8191
10.59	1.8818
10.6	2.0169
10.61	2.1257
10.62	2.0013
10.63	1.7583
10.64	1.435
10.65	1.1889
10.66	0.96188
10.67	0.71485
10.68	0.40764
10.69	0.18487
10.7	0.10809
10.71	0.051599
10.72	-0.017134
10.73	-0.11527
10.74	-0.36776
10.75	-0.58069
10.76	-0.76338
10.77	-0.92086
10.78	-0.93254
10.79	-0.91165
10.8	-0.86547
10.81	-0.85337
10.82	-0.86668
10.83	-0.92503
10.84	-0.9531
10.85	-0.95231
10.86	-0.89558
10.87	-0.79545
10.88	-0.60558
10.89	-0.40215
10.9	-0.21771
10.91	-0.069254
10.92	0.015213
10.93	0.044384
10.94	0.05072
10.95	0.033337
10.96	0.012032
10.97	-0.0086817
10.98	-0.0071736
10.99	0.017364
11	0.060088
11.01	0.085699
11.02	0.10583
11.03	0.12543
11.04	0.17097
11.05	0.24055
11.06	0.34896
11.07	0.46706
11.08	0.53386
11.09	0.55999
11.1	0.57106
11.11	0.54833
11.12	0.48196
11.13	0.39187
11.14	0.30958
11.15	0.24457
11.16	0.20104
11.17	0.1678
11.18	0.13981
11.19	0.093313
11.2	0.036329
11.21	-0.025543
11.22	-0.062315
11.23	-0.080517
11.24	-0.082936
11.25	-0.081226
11.26	-0.073047
11.27	-0.057861
11.28	-0.029659
11.29	0.035091
11.3	0.12752
11.31	0.18929
11.32	0.22389
11.33	0.23789
11.34	0.23557
11.35	0.20772
11.36	0.13615
11.37	0.043471
11.38	-0.045517
11.39	-0.13531
11.4	-0.18567
11.41	-0.23261
11.42	-0.29146
11.43	-0.31824
11.44	-0.28983
11.45	-0.2154
11.46	-0.13084
11.47	-0.093278
11.48	-0.093014
11.49	-0.13435
11.5	-0.18546
11.51	-0.22892
11.52	-0.2476
11.53	-0.25273
11.54	-0.25483
11.55	-0.23668
11.56	-0.16006
11.57	-0.030427
11.58	0.099655
11.59	0.22521
11.6	0.32069
11.61	0.38013
11.62	0.41431
11.63	0.42098
11.64	0.41777
11.65	0.39974
11.66	0.37713
11.67	0.31462
11.68	0.22716
11.69	0.13842
11.7	0.056293
11.71	-0.0031367
11.72	-0.038103
11.73	-0.087364
11.74	-0.148
11.75	-0.18675
11.76	-0.19073
11.77	-0.17803
11.78	-0.17671
11.79	-0.20827
11.8	-0.27202
11.81	-0.33676
11.82	-0.3592
11.83	-0.33697
11.84	-0.27191
11.85	-0.19823
11.86	-0.13166
11.87	-0.065517
11.88	0.0075611
11.89	0.056929
11.9	0.060752
11.91	0.022764
11.92	-0.025215
11.93	-0.055126
11.94	-0.063197
11.95	-0.070651
11.96	-0.078258
11.97	-0.10454
11.98	-0.14437
11.99	-0.20908
12	-0.28336
12.01	-0.35512
12.02	-0.41416
12.03	-0.45795
12.04	-0.49706
12.05	-0.51614
12.06	-0.51628
12.07	-0.49243
12.08	-0.43275
12.09	-0.31998
12.1	-0.19682
12.11	-0.079165
12.12	0.010067
12.13	0.070485
12.14	0.10344
12.15	0.10785
12.16	0.081238
12.17	0.018301
12.18	-0.071227
12.19	-0.15949
12.2	-0.23492
12.21	-0.27536
12.22	-0.28382
12.23	-0.26854
12.24	-0.22255
12.25	-0.16546
12.26	-0.12362
12.27	-0.10016
12.28	-0.087911
12.29	-0.082404
12.3	-0.075348
12.31	-0.068794
12.32	-0.060804
12.33	-0.054284
12.34	-0.044963
12.35	-0.011337
12.36	0.059775
12.37	0.17228
12.38	0.28819
12.39	0.37166
12.4	0.43529
12.41	0.47168
12.42	0.48555
12.43	0.48307
12.44	0.43016
12.45	0.3319
12.46	0.23732
12.47	0.14634
12.48	0.10877
12.49	0.11552
12.5	0.14719
12.51	0.19413
12.52	0.23405
12.53	0.25583
12.54	0.2603
12.55	0.24905
12.56	0.22893
12.57	0.21359
12.58	0.21423
12.59	0.22847
12.6	0.24956
12.61	0.25592
12.62	0.23857
12.63	0.19687
12.64	0.14197
12.65	0.096787
12.66	0.0627
12.67	0.044633
12.68	0.03464
12.69	0.037436
12.7	0.047393
12.71	0.064971
12.72	0.081157
12.73	0.088286
12.74	0.078125
12.75	0.034403
12.76	-0.043372
12.77	-0.12245
12.78	-0.19875
12.79	-0.27721
12.8	-0.33925
12.81	-0.36602
12.82	-0.37958
12.83	-0.39183
12.84	-0.39684
12.85	-0.38612
12.86	-0.34404
12.87	-0.23728
12.88	-0.08825
12.89	0.047991
12.9	0.13654
12.91	0.16026
12.92	0.1434
12.93	0.07608
12.94	0.0055167
12.95	-0.064404
12.96	-0.12684
12.97	-0.19196
12.98	-0.238
12.99	-0.27762
13	-0.29618
13.01	-0.28928
13.02	-0.24943
13.03	-0.19936
13.04	-0.17154
13.05	-0.15929
13.06	-0.1449
13.07	-0.12015
13.08	-0.081627
13.09	-0.052319
13.1	-0.045804
13.11	-0.070375
13.12	-0.12291
13.13	-0.16817
13.14	-0.19911
13.15	-0.21657
13.16	-0.22023
13.17	-0.21119
13.18	-0.19062
13.19	-0.15197
13.2	-0.063055
13.21	0.030069
13.22	0.14911
13.23	0.23892
13.24	0.29737
13.25	0.34462
13.26	0.3778
13.27	0.4071
13.28	0.42133
13.29	0.42024
13.3	0.39826
13.31	0.33882
13.32	0.25624
13.33	0.17609
13.34	0.10048
13.35	0.028542
13.36	-0.027652
13.37	-0.060523
13.38	-0.078901
13.39	-0.079602
13.4	-0.061261
13.41	-0.036318
13.42	-0.013052
13.43	0.011622
13.44	0.037152
13.45	0.076165
13.46	0.13292
13.47	0.18931
13.48	0.22295
13.49	0.21997
13.5	0.19355
13.51	0.15848
13.52	0.12687
13.53	0.10343
13.54	0.081333
13.55	0.041063
13.56	-0.025159
13.57	-0.093082
13.58	-0.15545
13.59	-0.19653
13.6	-0.21044
13.61	-0.21038
13.62	-0.21511
13.63	-0.22419
13.64	-0.23445
13.65	-0.24471
13.66	-0.25006
13.67	-0.24318
13.68	-0.23596
13.69	-0.23112
13.7	-0.23187
13.71	-0.24017
13.72	-0.24126
13.73	-0.23611
13.74	-0.22183
13.75	-0.19188
13.76	-0.15347
13.77	-0.1078
13.78	-0.042242
13.79	0.034779
13.8	0.10942
13.81	0.15295
13.82	0.16284
13.83	0.1528
13.84	0.14103
13.85	0.1296
13.86	0.12371
13.87	0.12701
13.88	0.14525
13.89	0.18059
13.9	0.23553
13.91	0.28143
13.92	0.30121
13.93	0.30117
13.94	0.27502
13.95	0.2013
13.96	0.11831
13.97	0.042807
13.98	-0.0066743
13.99	-0.035445
14	-0.058688
14.01	-0.079098
14.02	-0.08867
14.03	-0.076524
14.04	-0.039301
14.05	0.021409
14.06	0.10267
14.07	0.19656
14.08	0.27725
14.09	0.33191
14.1	0.35818
14.11	0.36764
14.12	0.37
14.13	0.37196
14.14	0.36221
14.15	0.34875
14.16	0.32992
14.17	0.30428
14.18	0.26886
14.19	0.23679
14.2	0.21554
14.21	0.19903
14.22	0.1819
14.23	0.15186
14.24	0.098735
14.25	0.020056
14.26	-0.060679
14.27	-0.14247
14.28	-0.21496
14.29	-0.25272
14.3	-0.26202
14.31	-0.25778
14.32	-0.2556
14.33	-0.25324
14.34	-0.2433
14.35	-0.22016
14.36	-0.18333
14.37	-0.14008
14.38	-0.10924
14.39	-0.091764
14.4	-0.088721
14.41	-0.098338
14.42	-0.12113
14.43	-0.16093
14.44	-0.20411
14.45	-0.2258
14.46	-0.22918
14.47	-0.2226
14.48	-0.20843
14.49	-0.18787
14.5	-0.17485
14.51	-0.16921
14.52	-0.1628
14.53	-0.14571
14.54	-0.12205
14.55	-0.096481
14.56	-0.074069
14.57	-0.050948
14.58	-0.03479
14.59	-0.023494
14.6	-0.021988
14.61	-0.027876
14.62	-0.038178
14.63	-0.042362
14.64	-0.040605
14.65	-0.031337
14.66	-0.017199
14.67	0.01106
14.68	0.044007
14.69	0.080489
14.7	0.095993
14.71	0.080363
14.72	0.026791
14.73	-0.033063
14.74	-0.065787
14.75	-0.081261
14.76	-0.080053
14.77	-0.069494
14.78	-0.052471
14.79	-0.031136
14.8	-0.0045326
14.81	0.04313
14.82	0.10123
14.83	0.17306
14.84	0.25745
14.85	0.34717
14.86	0.40324
14.87	0.429
14.88	0.43318
14.89	0.40287
14.9	0.33557
14.91	0.25809
14.92	0.19376
14.93	0.16629
14.94	0.17002
14.95	0.17186
14.96	0.16703
14.97	0.1345
14.98	0.077875
14.99	0.016472
15	-0.034103
15.01	-0.057401
15.02	-0.069696
15.03	-0.079562
15.04	-0.092498
15.05	-0.10376
15.06	-0.10803
15.07	-0.10408
15.08	-0.092577
15.09	-0.069895
15.1	-0.039773
15.11	-0.02012
15.12	-0.022094
15.13	-0.041404
15.14	-0.068757
15.15	-0.10414
15.16	-0.12641
15.17	-0.13867
15.18	-0.14278
15.19	-0.14782
15.2	-0.15174
15.21	-0.15403
15.22	-0.15713
15.23	-0.1496
15.24	-0.12275
15.25	-0.077513
15.26	-0.048167
15.27	-0.041558
15.28	-0.054917
15.29	-0.099868
15.3	-0.14517
15.31	-0.17999
15.32	-0.18979
15.33	-0.18648
15.34	-0.17519
15.35	-0.15855
15.36	-0.14067
15.37	-0.12309
15.38	-0.1007
15.39	-0.08918
15.4	-0.085099
15.41	-0.087935
15.42	-0.087511
15.43	-0.076434
15.44	-0.054498
15.45	-0.027734
15.46	0.004175
15.47	0.035963
15.48	0.075256
15.49	0.10663
15.5	0.13239
15.51	0.14483
15.52	0.1443
15.53	0.11683
15.54	0.062194
15.55	0.0050567
15.56	-0.049376
15.57	-0.10608
15.58	-0.15374
15.59	-0.17967
15.6	-0.18301
15.61	-0.17856
15.62	-0.16047
15.63	-0.135
15.64	-0.078702
15.65	-0.0023176
15.66	0.070057
15.67	0.11681
15.68	0.14208
15.69	0.15778
15.7	0.16498
15.71	0.14922
15.72	0.11014
15.73	0.058885
15.74	0.0088261
15.75	-0.029741
15.76	-0.039208
15.77	-0.03838
15.78	-0.041354
15.79	-0.060282
15.8	-0.090291
15.81	-0.11597
15.82	-0.13307
15.83	-0.13264
15.84	-0.11979
15.85	-0.096152
15.86	-0.068454
15.87	-0.029724
15.88	0.0049802
15.89	0.034642
15.9	0.061856
15.91	0.10235
15.92	0.13932
15.93	0.1499
15.94	0.13565
15.95	0.099365
15.96	0.060983
15.97	0.028594
15.98	0.010223
15.99	0.0045601
16	0.0064984
16.01	0.027918
16.02	0.062385
16.03	0.10744
16.04	0.13835
16.05	0.15519
16.06	0.16344
16.07	0.17148
16.08	0.18157
16.09	0.18723
16.1	0.18651
16.11	0.19533
16.12	0.22078
16.13	0.25726
16.14	0.29283
16.15	0.30553
16.16	0.29496
16.17	0.25006
16.18	0.1983
16.19	0.14771
16.2	0.098148
16.21	0.045947
16.22	-0.0026021
16.23	-0.050637
16.24	-0.097005
16.25	-0.13685
16.26	-0.15852
16.27	-0.16976
16.28	-0.17594
16.29	-0.16891
16.3	-0.14957
16.31	-0.12715
16.32	-0.10721
16.33	-0.096063
16.34	-0.093321
16.35	-0.09723
16.36	-0.10241
16.37	-0.1079
16.38	-0.11852
16.39	-0.12209
16.4	-0.12008
16.41	-0.11284
16.42	-0.096884
16.43	-0.069293
16.44	-0.032629
16.45	0.002093
16.46	0.036914
16.47	0.0547
16.48	0.058127
16.49	0.054472
16.5	0.04796
16.51	0.044044
16.52	0.049678
16.53	0.059969
16.54	0.072573
16.55	0.08042
16.56	0.086831
16.57	0.097233
16.58	0.11256
16.59	0.12598
16.6	0.1349
16.61	0.13698
16.62	0.13446
16.63	0.12183
16.64	0.097958
16.65	0.065413
16.66	0.034988
16.67	0.007017
16.68	-0.013717
16.69	-0.024352
16.7	-0.024414
16.71	-0.021555
16.72	-0.023442
16.73	-0.030094
16.74	-0.051901
16.75	-0.09124
16.76	-0.13251
16.77	-0.17244
16.78	-0.20331
16.79	-0.22879
16.8	-0.2386
16.81	-0.24554
16.82	-0.2516
16.83	-0.25861
16.84	-0.27293
16.85	-0.29377
16.86	-0.32273
16.87	-0.35211
16.88	-0.37392
16.89	-0.38878
16.9	-0.39305
16.91	-0.38601
16.92	-0.36616
16.93	-0.33621
16.94	-0.30365
16.95	-0.26744
16.96	-0.23507
16.97	-0.21363
16.98	-0.19311
16.99	-0.16387
17	-0.13228
17.01	-0.09919
17.02	-0.059084
17.03	-0.01747
17.04	0.034918
17.05	0.091827
17.06	0.14407
17.07	0.1968
17.08	0.23193
17.09	0.2433
17.1	0.24317
17.11	0.23495
17.12	0.22678
17.13	0.2215
17.14	0.2175
17.15	0.21971
17.16	0.23684
17.17	0.2587
17.18	0.27413
17.19	0.27542
17.2	0.27185
17.21	0.2725
17.22	0.27715
17.23	0.27966
17.24	0.27259
17.25	0.25887
17.26	0.24233
17.27	0.23898
17.28	0.2444
17.29	0.26062
17.3	0.27905
17.31	0.29
17.32	0.27572
17.33	0.24719
17.34	0.19915
17.35	0.14618
17.36	0.094746
17.37	0.05743
17.38	0.027007
17.39	0.0025255
17.4	-0.018851
17.41	-0.044079
17.42	-0.067068
17.43	-0.088607
17.44	-0.098663
17.45	-0.10178
17.46	-0.094607
17.47	-0.08474
17.48	-0.064173
17.49	-0.040238
17.5	-0.022244
17.51	-0.0019314
17.52	0.010102
17.53	0.0153
17.54	0.022249
17.55	0.020414
17.56	0.0083658
17.57	-0.010174
17.58	-0.03656
17.59	-0.067531
17.6	-0.089557
17.61	-0.098939
17.62	-0.098809
17.63	-0.085289
17.64	-0.063924
17.65	-0.040465
17.66	-0.017549
17.67	0.001191
17.68	0.013936
17.69	0.024916
17.7	0.032923
17.71	0.032978
17.72	0.03267
17.73	0.02502
17.74	0.010211
17.75	-0.0040088
17.76	-0.012866
17.77	-0.015351
17.78	-0.021238
17.79	-0.031342
17.8	-0.045493
17.81	-0.061271
17.82	-0.079336
17.83	-0.091274
17.84	-0.089907
17.85	-0.078855
17.86	-0.050536
17.87	-0.017109
17.88	0.014184
17.89	0.041815
17.9	0.055499
17.91	0.06347
17.92	0.070656
17.93	0.066543
17.94	0.057742
17.95	0.055788
17.96	0.055032
17.97	0.056133
17.98	0.058764
17.99	0.061934
18	0.066878
18.01	0.069584
18.02	0.069427
18.03	0.060821
18.04	0.046722
18.05	0.03236
18.06	0.0086865
18.07	-0.031897
18.08	-0.071024
18.09	-0.10524
18.1	-0.12581
18.11	-0.1393
18.12	-0.14984
18.13	-0.16772
18.14	-0.19012
18.15	-0.21462
18.16	-0.23437
18.17	-0.24502
18.18	-0.24432
18.19	-0.22591
18.2	-0.1897
18.21	-0.14103
18.22	-0.088183
18.23	-0.039971
18.24	-0.00097472
18.25	0.018696
18.26	0.018424
18.27	0.0013331
18.28	-0.022381
18.29	-0.044212
18.3	-0.06073
18.31	-0.066121
18.32	-0.059827
18.33	-0.04766
18.34	-0.024023
18.35	0.0044738
18.36	0.023228
18.37	0.035633
18.38	0.043594
18.39	0.043562
18.4	0.046997
18.41	0.048575
18.42	0.055723
18.43	0.070014
18.44	0.089349
18.45	0.10809
18.46	0.12385
18.47	0.12533
18.48	0.1233
18.49	0.11926
18.5	0.11249
18.51	0.099318
18.52	0.075414
18.53	0.049096
18.54	0.021214
18.55	0.0015702
18.56	-0.005696
18.57	-1.2499e-05
18.58	0.018155
18.59	0.043802
18.6	0.069324
18.61	0.088521
18.62	0.098727
18.63	0.098806
18.64	0.087271
18.65	0.073622
18.66	0.069358
18.67	0.06943
18.68	0.072045
18.69	0.075236
18.7	0.085195
18.71	0.093017
18.72	0.10077
18.73	0.10092
18.74	0.096141
18.75	0.082265
18.76	0.073506
18.77	0.061201
18.78	0.052107
18.79	0.039571
18.8	0.018081
18.81	-0.0085356
18.82	-0.029402
18.83	-0.045036
18.84	-0.055845
18.85	-0.070138
18.86	-0.094293
18.87	-0.12459
18.88	-0.14564
18.89	-0.16467
18.9	-0.18197
18.91	-0.1918
18.92	-0.19027
18.93	-0.16078
18.94	-0.096396
18.95	-0.0413
18.96	-0.017218
18.97	-0.0094928
18.98	-0.0069983
18.99	-0.0042956
19	0.0069084
19.01	0.018054
19.02	0.02067
19.03	0.013181
19.04	0.0064456
19.05	-0.0050237
19.06	-0.0093069
19.07	-0.010374
19.08	-0.0084041
19.09	-0.0081993
19.1	-0.0093666
19.11	-0.023766
19.12	-0.048172
19.13	-0.071458
19.14	-0.086557
19.15	-0.096134
19.16	-0.095587
19.17	-0.074687
19.18	-0.032983
19.19	0.032564
19.2	0.078053
19.21	0.099534
19.22	0.11608
19.23	0.11978
19.24	0.11745
19.25	0.11527
19.26	0.11109
19.27	0.093502
19.28	0.071626
19.29	0.052859
19.3	0.043772
19.31	0.041569
19.32	0.041088
19.33	0.051101
19.34	0.06509
19.35	0.085807
19.36	0.10657
19.37	0.11716
19.38	0.12117
19.39	0.11392
19.4	0.099134
19.41	0.081088
19.42	0.057637
19.43	0.036489
19.44	0.020966
19.45	0.0016951
19.46	-0.017873
19.47	-0.033666
19.48	-0.041357
19.49	-0.04284
19.5	-0.034348
19.51	-0.018703
19.52	-0.00045126
19.53	0.012656
19.54	0.0089759
19.55	-0.0057865
19.56	-0.022037
19.57	-0.034094
19.58	-0.035417
19.59	-0.027631
19.6	-0.015413
19.61	-0.007865
19.62	-0.0079725
19.63	-0.024341
19.64	-0.048244
19.65	-0.077685
19.66	-0.11581
19.67	-0.13616
19.68	-0.13793
19.69	-0.12329
19.7	-0.098226
19.71	-0.078551
19.72	-0.070332
19.73	-0.06997
19.74	-0.072473
19.75	-0.079196
19.76	-0.082995
19.77	-0.082745
19.78	-0.079176
19.79	-0.07551
19.8	-0.07233
19.81	-0.072814
19.82	-0.081938
19.83	-0.091973
19.84	-0.086311
19.85	-0.067288
19.86	-0.032306
19.87	0.0067589
19.88	0.039641
19.89	0.057934
19.9	0.068651
19.91	0.072429
19.92	0.071533
19.93	0.070124
19.94	0.067721
19.95	0.067892
19.96	0.066596
19.97	0.064387
19.98	0.063957
19.99	0.065294
20	0.073955
20.01	0.079631
20.02	0.084863
20.03	0.089734
20.04	0.092705
20.05	0.083078
20.06	0.069453
20.07	0.048296
20.08	0.020421
20.09	-0.0053026
20.1	-0.023212
20.11	-0.039416
20.12	-0.041144
20.13	-0.029448
20.14	-0.0092575
20.15	0.0083876
20.16	0.023118
20.17	0.035971
20.18	0.047097
20.19	0.058322
20.2	0.071944
20.21	0.080218
20.22	0.081782
20.23	0.081038
20.24	0.079142
20.25	0.077347
20.26	0.070873
20.27	0.059051
20.28	0.041519
20.29	0.030545
20.3	0.028486
20.31	0.020934
20.32	0.016762
20.33	0.023409
20.34	0.028858
20.35	0.036783
20.36	0.04738
20.37	0.064725
20.38	0.077828
20.39	0.08139
20.4	0.077339
20.41	0.069116
20.42	0.052672
20.43	0.042454
20.44	0.033964
20.45	0.029772
20.46	0.023606
20.47	0.013233
20.48	0.0049822
20.49	0.0024427
20.5	0.0063456
20.51	0.015092
20.52	0.026689
20.53	0.034766
20.54	0.045932
20.55	0.056446
20.56	0.067996
20.57	0.078602
20.58	0.084749
20.59	0.083143
20.6	0.081307
20.61	0.0739
20.62	0.062163
20.63	0.05262
20.64	0.041165
20.65	0.023052
20.66	-0.0039087
20.67	-0.041469
20.68	-0.079649
20.69	-0.11179
20.7	-0.13209
20.71	-0.14063
20.72	-0.1381
20.73	-0.12768
20.74	-0.11576
20.75	-0.10597
20.76	-0.10267
20.77	-0.10094
20.78	-0.10367
20.79	-0.117
20.8	-0.13374
20.81	-0.14862
20.82	-0.16145
20.83	-0.17148
20.84	-0.17504
20.85	-0.17501
20.86	-0.1704
20.87	-0.15917
20.88	-0.13825
20.89	-0.11534
20.9	-0.095489
20.91	-0.088372
20.92	-0.087582
20.93	-0.095679
20.94	-0.10685
20.95	-0.12296
20.96	-0.13527
20.97	-0.14749
20.98	-0.15332
20.99	-0.14976
21	-0.13931
21.01	-0.12639
21.02	-0.11038
21.03	-0.096415
21.04	-0.083231
21.05	-0.075078
21.06	-0.074016
21.07	-0.080096
21.08	-0.096459
21.09	-0.11537
21.1	-0.1281
21.11	-0.13984
21.12	-0.14955
21.13	-0.14735
21.14	-0.13357
21.15	-0.11127
21.16	-0.084587
21.17	-0.048047
21.18	-0.0085172
21.19	0.023169
21.2	0.047708
21.21	0.069913
21.22	0.086421
21.23	0.096781
21.24	0.10588
21.25	0.10901
21.26	0.11374
21.27	0.11517
21.28	0.11197
21.29	0.1141
21.3	0.1124
21.31	0.10842
21.32	0.098065
21.33	0.084233
21.34	0.062949
21.35	0.048712
21.36	0.039319
21.37	0.033431
21.38	0.030359
21.39	0.027424
21.4	0.024739
21.41	0.021297
21.42	0.012039
21.43	0.003241
21.44	-0.0037202
21.45	-0.015006
21.46	-0.017401
21.47	-0.024
21.48	-0.034661
21.49	-0.04745
21.5	-0.065943
21.51	-0.079166
21.52	-0.087309
21.53	-0.088868
21.54	-0.08464
21.55	-0.077279
21.56	-0.07499
21.57	-0.073559
21.58	-0.078823
21.59	-0.078823
21.6	-0.08436
21.61	-0.07912
21.62	-0.069392
21.63	-0.047523
21.64	-0.017276
21.65	0.0046056
21.66	0.014385
21.67	0.023584
21.68	0.020915
21.69	0.013461
21.7	0.0063536
21.71	-0.0011647
21.72	0.001034
21.73	0.016461
21.74	0.039052
21.75	0.069177
21.76	0.098674
21.77	0.11898
21.78	0.12965
21.79	0.12437
21.8	0.11186
21.81	0.099478
21.82	0.089817
21.83	0.086211
21.84	0.078227
21.85	0.065288
21.86	0.051186
21.87	0.039382
21.88	0.026358
21.89	0.01415
21.9	-0.0030656
21.91	-0.030299
21.92	-0.054157
21.93	-0.078924
21.94	-0.10222
21.95	-0.11477
21.96	-0.12201
21.97	-0.11806
21.98	-0.10602
21.99	-0.094699
22	-0.075716
22.01	-0.053885
22.02	-0.031321
22.03	-0.010882
22.04	0.011166
22.05	0.025277
22.06	0.035812
22.07	0.042513
22.08	0.045676
22.09	0.03696
22.1	0.025262
22.11	0.0097578
22.12	0.005452
22.13	0.0072907
22.14	0.017411
22.15	0.02533
22.16	0.026334
22.17	0.021495
22.18	0.0085501
22.19	0.0062722
22.2	0.0077844
22.21	0.0071878
22.22	0.0079279
22.23	0.00054122
22.24	-0.010787
22.25	-0.011249
22.26	-0.0042242
22.27	0.0081796
22.28	0.025293
22.29	0.032058
22.3	0.031115
22.31	0.032036
22.32	0.029967
22.33	0.028063
22.34	0.03011
22.35	0.029865
22.36	0.029206
22.37	0.027651
22.38	0.024579
22.39	0.023211
22.4	0.031211
22.41	0.040527
22.42	0.059811
22.43	0.088562
22.44	0.11724
22.45	0.13519
22.46	0.14551
22.47	0.1468
22.48	0.14458
22.49	0.12948
22.5	0.10603
22.51	0.084006
22.52	0.075843
22.53	0.076535
22.54	0.082173
22.55	0.10222
22.56	0.10584
22.57	0.10844
22.58	0.11923
22.59	0.11899
22.6	0.11317
22.61	0.10714
22.62	0.094036
22.63	0.076925
22.64	0.063231
22.65	0.056921
22.66	0.048724
22.67	0.038889
22.68	0.035293
22.69	0.031067
22.7	0.028874
22.71	0.028762
22.72	0.027892
22.73	0.029157
22.74	0.031523
22.75	0.030977
22.76	0.030981
22.77	0.031416
22.78	0.018813
22.79	0.010816
22.8	0.01022
22.81	0.0097207
22.82	0.01211
22.83	0.023432
22.84	0.030536
22.85	0.032898
22.86	0.035121
22.87	0.031619
22.88	0.028728
22.89	0.027178
22.9	0.026582
22.91	0.026526
22.92	0.025932
22.93	0.024358
22.94	0.010678
22.95	-0.0028723
22.96	-0.012976
22.97	-0.022685
22.98	-0.028156
22.99	-0.030971
23	-0.030747
23.01	-0.029075
23.02	-0.025819
23.03	-0.025142
23.04	-0.01866
23.05	-0.013031
23.06	-0.0058163
23.07	0.00070961
23.08	0.0059353
23.09	0.006655
23.1	0.006919
23.11	0.0050248
23.12	0.00034479
23.13	-0.010569
23.14	-0.015795
23.15	-0.021504
23.16	-0.027301
23.17	-0.032349
23.18	-0.038602
23.19	-0.047091
23.2	-0.04854
23.21	-0.036663
23.22	-0.026306
23.23	-0.017554
23.24	-0.013457
23.25	-0.016478
23.26	-0.02032
23.27	-0.019633
23.28	-0.0105
23.29	0.0022087
23.3	0.017093
23.31	0.033726
23.32	0.045751
23.33	0.051509
23.34	0.051967
23.35	0.050322
23.36	0.04863
23.37	0.041436
23.38	0.042016
23.39	0.04392
23.4	0.042311
23.41	0.038907
23.42	0.033378
23.43	0.032659
23.44	0.025192
23.45	0.020861
23.46	0.019596
23.47	0.0111
23.48	0.00078889
23.49	-0.0019134
23.5	-0.0015584
23.51	-0.0054135
23.52	-0.0066531
23.53	-0.0033875
23.54	-0.001072
23.55	0.00443
23.56	0.016547
23.57	0.022315
23.58	0.026393
23.59	0.021966
23.6	0.015818
23.61	0.015104
23.62	0.0042526
23.63	-0.0074679
23.64	-0.017438
23.65	-0.029817
23.66	-0.029019
23.67	-0.025162
23.68	-0.014124
23.69	0.00054535
23.7	0.012764
23.71	0.024215
23.72	0.028386
23.73	0.02137
23.74	0.014102
23.75	-0.0008448
23.76	-0.010636
23.77	-0.01056
23.78	-0.0075178
23.79	-0.0018454
23.8	0.0063972
23.81	0.01324
23.82	0.017824
23.83	0.016733
23.84	0.023368
23.85	0.026209
23.86	0.020954
23.87	0.010105
23.88	0.0005278
23.89	-0.0099298
23.9	-0.013279
23.91	-0.012326
23.92	-0.0043934
23.93	0.0024081
23.94	0.013331
23.95	0.019168
23.96	0.019029
23.97	0.012748
23.98	-0.0038347
23.99	-0.020147
24	-0.032733
24.01	-0.045379
24.02	-0.055199
24.03	-0.065218
24.04	-0.079219
24.05	-0.096278
24.06	-0.10209
24.07	-0.10014
24.08	-0.095404
24.09	-0.081229
24.1	-0.062059
24.11	-0.051507
24.12	-0.042748
24.13	-0.035228
24.14	-0.032146
24.15	-0.032073
24.16	-0.031234
24.17	-0.035387
24.18	-0.044195
24.19	-0.046108
24.2	-0.035207
24.21	-0.029288
24.22	-0.022436
24.23	-0.021028
24.24	-0.026426
24.25	-0.03282
24.26	-0.045471
24.27	-0.060884
24.28	-0.07093
24.29	-0.076982
24.3	-0.080114
24.31	-0.07456
24.32	-0.067487
24.33	-0.059711
24.34	-0.046724
24.35	-0.036967
24.36	-0.025144
24.37	-0.01719
24.38	-0.011198
24.39	-0.0064181
24.4	-0.013464
24.41	-0.017539
24.42	-0.025853
24.43	-0.034759
24.44	-0.046542
24.45	-0.056853
24.46	-0.061105
24.47	-0.063887
24.48	-0.066485
24.49	-0.064266
24.5	-0.053715
24.51	-0.042009
24.52	-0.03152
24.53	-0.028894
24.54	-0.029068
24.55	-0.027423
24.56	-0.035527
24.57	-0.049408
24.58	-0.065775
24.59	-0.084322
24.6	-0.097901
24.61	-0.10069
24.62	-0.085039
24.63	-0.059575
24.64	-0.026798
24.65	0.0033636
24.66	0.033261
24.67	0.052485
24.68	0.061249
24.69	0.062196
24.7	0.057176
24.71	0.048429
24.72	0.039998
24.73	0.02593
24.74	0.010944
24.75	-0.00033832
24.76	-0.0081865
24.77	-0.019452
24.78	-0.024279
24.79	-0.030224
24.8	-0.031217
24.81	-0.023669
24.82	-0.017162
24.83	-0.0052196
24.84	-0.00020093
24.85	-0.00034984
24.86	0.00013575
24.87	-0.0013141
24.88	-0.0072143
24.89	-0.010881
24.9	-0.010923
24.91	-0.0044534
24.92	0.012231
24.93	0.038015
24.94	0.055812
24.95	0.072966
24.96	0.078511
24.97	0.082221
24.98	0.086702
24.99	0.090071
25	0.092704
25.01	0.097551
25.02	0.099973
25.03	0.095192
25.04	0.081502
25.05	0.065842
25.06	0.047063
25.07	0.029568
25.08	0.017677
25.09	0.0028224
25.1	-0.0036373
25.11	-0.00201
25.12	-0.0037039
25.13	0.00098165
25.14	-0.0018538
25.15	-0.0043127
25.16	-0.016
25.17	-0.026861
25.18	-0.038077
25.19	-0.043395
25.2	-0.045066
25.21	-0.053894
25.22	-0.061335
25.23	-0.061548
25.24	-0.058426
25.25	-0.047425
25.26	-0.037012
25.27	-0.02897
25.28	-0.017412
25.29	0.0010591
25.3	0.022013
25.31	0.043075
25.32	0.059603
25.33	0.069014
25.34	0.080152
25.35	0.081702
25.36	0.079742
25.37	0.075733
25.38	0.062156
25.39	0.046739
25.4	0.03291
25.41	0.01881
25.42	0.011477
25.43	0.0052189
25.44	-0.0048872
25.45	-0.011137
25.46	-0.011147
25.47	-0.010854
25.48	-0.011772
25.49	-0.0055614
25.5	0.0042522
25.51	0.017829
25.52	0.027838
25.53	0.04059
25.54	0.048673
25.55	0.052013
25.56	0.05411
25.57	0.046987
25.58	0.04222
25.59	0.031974
25.6	0.021212
25.61	0.01166
25.62	0.001022
25.63	-0.0014658
25.64	-0.0047713
25.65	-0.016622
25.66	-0.022483
25.67	-0.032227
25.68	-0.045965
25.69	-0.058959
25.7	-0.061777
25.71	-0.061772
25.72	-0.060971
25.73	-0.058519
25.74	-0.062638
25.75	-0.068057
25.76	-0.074788
25.77	-0.075663
25.78	-0.071546
25.79	-0.059681
25.8	-0.049224
25.81	-0.036267
25.82	-0.021458
25.83	-0.011073
25.84	0.00086842
25.85	0.0086052
25.86	0.01044
25.87	0.0060054
25.88	-0.0026925
25.89	-0.014242
25.9	-0.023853
25.91	-0.036947
25.92	-0.054687
25.93	-0.070401
25.94	-0.081359
25.95	-0.087333
25.96	-0.093065
25.97	-0.09784
25.98	-0.097408
25.99	-0.089116
26	-0.078091
26.01	-0.073196
26.02	-0.066849
26.03	-0.059654
26.04	-0.055086
26.05	-0.049416
26.06	-0.045917
26.07	-0.032451
26.08	-0.019776
26.09	-0.007181
26.1	0.0032513
26.11	0.013861
26.12	0.017785
26.13	0.016598
26.14	0.015681
26.15	0.0040968
26.16	-0.0046168
26.17	-0.012272
26.18	-0.019265
26.19	-0.027504
26.2	-0.030056
26.21	-0.02251
26.22	-0.018199
26.23	-0.010225
26.24	0.00098182
26.25	0.0068328
26.26	0.022497
26.27	0.04152
26.28	0.061253
26.29	0.079287
26.3	0.089926
26.31	0.096431
26.32	0.098247
26.33	0.094964
26.34	0.094365
26.35	0.093277
26.36	0.096076
26.37	0.092632
26.38	0.090274
26.39	0.086941
26.4	0.085402
26.41	0.083035
26.42	0.082419
26.43	0.074326
26.44	0.065941
26.45	0.058012
26.46	0.049886
26.47	0.035526
26.48	0.026481
26.49	0.016227
26.5	0.011804
26.51	0.011568
26.52	0.0046508
26.53	-0.0064518
26.54	-0.011556
26.55	-0.024482
26.56	-0.030168
26.57	-0.039356
26.58	-0.050826
26.59	-0.061086
26.6	-0.06676
26.61	-0.066064
26.62	-0.057523
26.63	-0.044261
26.64	-0.03471
26.65	-0.024952
26.66	-0.020201
26.67	-0.019752
26.68	-0.019208
26.69	-0.018341
26.7	-0.016352
26.71	-0.016796
26.72	-0.017392
26.73	-0.015898
26.74	-0.016345
26.75	-0.0072119
26.76	0.0036864
26.77	0.0047371
26.78	0.0049109
26.79	0.005867
26.8	0.0057495
26.81	0.0072852
26.82	0.012493
26.83	0.01438
26.84	0.0097784
26.85	0.0058193
26.86	0.0060174
26.87	0.0057675
26.88	0.0061412
26.89	0.011734
26.9	0.019243
26.91	0.0231
26.92	0.027114
26.93	0.033078
26.94	0.038323
26.95	0.039445
26.96	0.041256
26.97	0.04177
26.98	0.037837
26.99	0.026883
27	0.021389
27.01	0.017585
27.02	0.0064558
27.03	0.00054384
27.04	-0.00083331
27.05	-0.010455
27.06	-0.019637
27.07	-0.022126
27.08	-0.025993
27.09	-0.026501
27.1	-0.027939
27.11	-0.027536
27.12	-0.026913
27.13	-0.026015
27.14	-0.03163
27.15	-0.03539
27.16	-0.033424
27.17	-0.03481
27.18	-0.032474
27.19	-0.028797
27.2	-0.018823
27.21	-0.0070171
27.22	0.0012412
27.23	0.0060199
27.24	0.0092419
27.25	0.010005
27.26	0.011227
27.27	0.011288
27.28	0.01276
27.29	0.022408
27.3	0.031346
27.31	0.036308
27.32	0.039657
27.33	0.042983
27.34	0.048626
27.35	0.051744
27.36	0.060582
27.37	0.067545
27.38	0.076707
27.39	0.087647
27.4	0.09988
27.41	0.10524
27.42	0.11036
27.43	0.11062
27.44	0.10285
27.45	0.091457
27.46	0.077232
27.47	0.06576
27.48	0.059663
27.49	0.051367
27.5	0.048099
27.51	0.046082
27.52	0.04456
27.53	0.043788
27.54	0.042768
27.55	0.048197
27.56	0.051671
27.57	0.050334
27.58	0.055141
27.59	0.055157
27.6	0.05721
27.61	0.052092
27.62	0.044042
27.63	0.035661
27.64	0.029612
27.65	0.022167
27.66	0.015578
27.67	0.018264
27.68	0.025688
27.69	0.025172
27.7	0.023913
27.71	0.017186
27.72	0.0050873
27.73	-0.007327
27.74	-0.014025
27.75	-0.014041
27.76	-0.014471
27.77	-0.014594
27.78	-0.017086
27.79	-0.022414
27.8	-0.02006
27.81	-0.013087
27.82	-0.0027136
27.83	0.0044211
27.84	0.0061001
27.85	0.0093747
27.86	0.013626
27.87	0.014567
27.88	0.013595
27.89	0.0095662
27.9	0.003726
27.91	0.0027228
27.92	0.0005532
27.93	-0.0023396
27.94	0.0011097
27.95	0.001336
27.96	0.0015837
27.97	0.0035156
27.98	0.0048877
27.99	0.001116
28	-4.4344e-05
28.01	-0.0032155
28.02	-0.0093966
28.03	-0.0097341
28.04	-0.0093882
28.05	-0.011328
28.06	-0.011399
28.07	-0.017937
28.08	-0.021418
28.09	-0.02692
28.1	-0.038979
28.11	-0.042475
28.12	-0.051433
28.13	-0.059462
28.14	-0.056486
28.15	-0.048955
28.16	-0.042964
28.17	-0.037289
28.18	-0.03407
28.19	-0.02595
28.2	-0.016608
28.21	-0.01404
28.22	-0.014182
28.23	-0.013692
28.24	-0.013449
28.25	-0.013547
28.26	-0.013204
28.27	-0.014133
28.28	-0.022105
28.29	-0.031184
28.3	-0.038027
28.31	-0.047484
28.32	-0.051259
28.33	-0.052964
28.34	-0.054936
28.35	-0.051853
28.36	-0.047939
28.37	-0.047502
28.38	-0.046289
28.39	-0.045297
28.4	-0.038292
28.41	-0.032619
28.42	-0.035881
28.43	-0.040824
28.44	-0.054542
28.45	-0.06835
28.46	-0.080258
28.47	-0.084186
28.48	-0.087201
28.49	-0.08565
28.5	-0.076836
28.51	-0.071895
28.52	-0.058475
28.53	-0.043875
28.54	-0.031073
28.55	-0.021233
28.56	-0.012919
28.57	-0.014216
28.58	-0.022043
28.59	-0.035244
28.6	-0.048187
28.61	-0.061027
28.62	-0.061969
28.63	-0.062749
28.64	-0.065712
28.65	-0.061664
28.66	-0.0574
28.67	-0.050518
28.68	-0.038694
28.69	-0.03147
28.7	-0.022292
28.71	-0.010624
28.72	0.0032432
28.73	0.015206
28.74	0.025934
28.75	0.032566
28.76	0.035011
28.77	0.035218
28.78	0.032287
28.79	0.030864
28.8	0.024319
28.81	0.021548
28.82	0.017252
28.83	0.010974
28.84	0.0044683
28.85	-0.0031606
28.86	-0.0076677
28.87	-0.007528
28.88	-0.0090586
28.89	-0.0093247
28.9	-0.014016
28.91	-0.018608
28.92	-0.020982
28.93	-0.020696
28.94	-0.019534
28.95	-0.018522
28.96	-0.016787
28.97	-0.0058675
28.98	0.0088639
28.99	0.023603
29	0.037618
29.01	0.042792
29.02	0.048185
29.03	0.05213
29.04	0.052911
29.05	0.049057
29.06	0.0481
29.07	0.043995
29.08	0.036401
29.09	0.023822
29.1	0.013737
29.11	0.006736
29.12	-0.0012396
29.13	-0.0023475
29.14	-0.0015221
29.15	-0.0014471
29.16	-0.0014363
29.17	-0.0059902
29.18	-0.011292
29.19	-0.011436
29.2	-0.0074109
29.21	-0.0012569
29.22	0.0028025
29.23	0.005369
29.24	0.010353
29.25	0.016686
29.26	0.021055
29.27	0.029201
29.28	0.038305
29.29	0.047263
29.3	0.053422
29.31	0.062729
29.32	0.065242
29.33	0.063568
29.34	0.057132
29.35	0.050547
29.36	0.043426
29.37	0.038064
29.38	0.032702
29.39	0.030999
29.4	0.031458
29.41	0.035292
29.42	0.034695
29.43	0.031244
29.44	0.026836
29.45	0.023458
29.46	0.024231
29.47	0.028769
29.48	0.031691
29.49	0.033015
29.5	0.036004
29.51	0.036993
29.52	0.033256
29.53	0.028298
29.54	0.022784
29.55	0.017904
29.56	0.01121
29.57	0.0097062
29.58	0.01382
29.59	0.014678
29.6	0.015343
29.61	0.014951
29.62	0.013516
29.63	0.014239
29.64	0.014195
29.65	0.012905
29.66	0.010294
29.67	0.0090073
29.68	0.0076645
29.69	0.0043431
29.7	0.0028449
29.71	-0.00033601
29.72	-0.0036186
29.73	-0.0055116
29.74	-0.0034282
29.75	0.0001395
29.76	0.001873
29.77	0.0014471
29.78	-0.00034503
29.79	-0.0040395
29.8	-0.008975
29.81	-0.01022
29.82	-0.010558
29.83	-0.009876
29.84	-0.0074076
29.85	-0.0022986
29.86	0.00085434
29.87	0.0033861
29.88	0.0043954
29.89	0.0016593
29.9	-0.0036207
29.91	-0.0097875
29.92	-0.017813
29.93	-0.026182
29.94	-0.031432
29.95	-0.036215
29.96	-0.037999
29.97	-0.040921
29.98	-0.043658
29.99	-0.046176
30	-0.048578
30.01	-0.050096
30.02	-0.048545
30.03	-0.048632
30.04	-0.048268
30.05	-0.046423
30.06	-0.044497
30.07	-0.043064
30.08	-0.041062
30.09	-0.038739
30.1	-0.034947
30.11	-0.031083
30.12	-0.028281
30.13	-0.02354
30.14	-0.018692
30.15	-0.016032
30.16	-0.014019
30.17	-0.011138
30.18	-0.009675
30.19	-0.0067034
30.2	-0.0039103
30.21	-0.0022148
30.22	-0.0010499
30.23	-0.0024261
30.24	-0.0030424
30.25	-0.0046286
30.26	-0.0085856
30.27	-0.0081076
30.28	-0.008597
30.29	-0.010169
30.3	-0.011085
30.31	-0.011181
30.32	-0.010178
30.33	-0.0091034
30.34	-0.0074748
30.35	-0.0032297
30.36	-0.00051593
30.37	0.0014169
30.38	0.0040206
30.39	0.005249
30.4	0.0061727
30.41	0.0068552
30.42	0.0056549
30.43	0.004158
30.44	0.0032558
30.45	0.0029565
30.46	0.0031415
30.47	0.003709
30.48	0.0048165
30.49	0.0066532
30.5	0.0078819
30.51	0.0082593
30.52	0.0082441
30.53	0.0082927
30.54	0.0079717
30.55	0.0072711
30.56	0.0064567
30.57	0.0056154
30.58	0.0048335
30.59	0.0040607
30.6	0.003562
30.61	0.0038768
30.62	0.0050982
30.63	0.0061735
30.64	0.0063094
30.65	0.006545
30.66	0.0069188
30.67	0.0071689
30.68	0.0072753
30.69	0.0071292
30.7	0.0077514
30.71	0.0082362
30.72	0.0083904
30.73	0.0082439
30.74	0.0082626
30.75	0.008416
30.76	0.0084827
30.77	0.0084964
30.78	0.0082368
30.79	0.0079035
30.8	0.0076668
30.81	0.0074958
30.82	0.0069556
30.83	0.006443
30.84	0.0060299
30.85	0.0057308
30.86	0.0056246
30.87	0.0056044
30.88	0.0056233
30.89	0.0056415
30.9	0.005601
30.91	0.0053847
30.92	0.0051083
30.93	0.0047443
30.94	0.0044915
30.95	0.0042388
30.96	0.0040257
30.97	0.0038938
30.98	0.0037047
30.99	0.0034111
31	0.003152
31.01	0.0028537
31.02	0.0024933
31.03	0.0021285
31.04	0.0018789
31.05	0.0016938
31.06	0.0014255
31.07	0.0011592
31.08	0.00083133
31.09	0.00054247
31.1	0.00024451
31.11	-1.8573e-05
31.12	-0.0002569
31.13	-0.00041183
31.14	-0.00052855
31.15	-0.00058687
31.16	-0.00061279
31.17	-0.00062916
31.18	-0.00064637
31.19	-0.00066705
31.2	-0.00068005
31.21	-0.00068293
31.22	-0.00067405
31.23	-0.00067654
31.24	-0.00068466
31.25	-0.00070526
31.26	-0.00071611
31.27	-0.00073346
31.28	-0.0007427
31.29	-0.00074878
31.3	-0.00074893
31.31	-0.00075006
31.32	-0.00074753
31.33	-0.00074048
31.34	-0.00073005
31.35	-0.00071791
31.36	-0.00070166
31.37	-0.00068381
31.38	-0.0006632
31.39	-0.00063685
31.4	-0.00060906
31.41	-0.00057922
31.42	-0.00054682
31.43	-0.0005125
31.44	-0.00047662
31.45	-0.00043897
31.46	-0.0003992
31.47	-0.00035742
31.48	-0.00031359
31.49	-0.00026776
31.5	-0.00022001
31.51	-0.00017067
31.52	-0.00011973
31.53	-6.733e-05
31.54	-1.353e-05
31.55	4.1567e-05
31.56	9.7907e-05
31.57	0.00015541
31.58	0.00021401
