0	-0.0007999
0.005	-0.00079705
0.01	-0.00079451
0.015	-0.00079449
0.02	-0.00079205
0.025	-0.00079407
0.03	-0.00080386
0.035	-0.000813
0.04	-0.00081711
0.045	-0.00081035
0.05	-0.00078746
0.055	-0.00076367
0.06	-0.00074828
0.065	-0.00072331
0.07	-0.00069771
0.075	-0.00070278
0.08	-0.00073406
0.085	-0.00075268
0.09	-0.00070839
0.095	-0.00060677
0.1	-0.00054007
0.105	-0.0005635
0.11	-0.00078354
0.115	-0.0010137
0.12	-0.00091051
0.125	-0.00065657
0.13	-0.00091969
0.135	-0.0010968
0.14	-0.00057034
0.145	-1.0194e-05
0.15	0.00020398
0.155	0.0001259
0.16	4.7939e-05
0.165	-6.5768e-05
0.17	-0.00012765
0.175	0.00029305
0.18	0.00069928
0.185	0.00084472
0.19	0.00072217
0.195	0.00039557
0.2	-0.00049016
0.205	-0.0008518
0.21	-0.00042795
0.215	0.00017976
0.22	0.00092662
0.225	0.0017445
0.23	0.0022643
0.235	0.0015309
0.24	0.00080575
0.245	0.00082189
0.25	0.00052151
0.255	0.00025466
0.26	-0.00067846
0.265	-1.6339e-05
0.27	0.0027472
0.275	0.0046761
0.28	0.0026165
0.285	-0.00030958
0.29	-0.0005344
0.295	0.00032764
0.3	-0.0010515
0.305	-0.0030657
0.31	-0.0042716
0.315	-0.0039706
0.32	-0.00079633
0.325	0.0034323
0.33	0.0025586
0.335	-0.0043809
0.34	-0.0057654
0.345	-0.00011288
0.35	0.0026671
0.355	0.0002236
0.36	-0.0033705
0.365	-0.0095913
0.37	-0.012719
0.375	-0.0081062
0.38	0.00013307
0.385	0.0029428
0.39	-0.0031963
0.395	-0.0031748
0.4	0.0037045
0.405	0.0089941
0.41	0.0068218
0.415	-0.0021396
0.42	-0.0081594
0.425	-0.0035956
0.43	0.0026026
0.435	0.0043763
0.44	0.004928
0.445	0.0049858
0.45	0.0016829
0.455	-0.0091104
0.46	-0.018925
0.465	-0.016076
0.47	-0.0066907
0.475	0.0011619
0.48	0.01301
0.485	0.021927
0.49	0.0187
0.495	0.0073204
0.5	-0.00038378
0.505	-0.0090591
0.51	-0.027325
0.515	-0.033683
0.52	-0.020061
0.525	0.0045164
0.53	0.01263
0.535	-0.0023141
0.54	-0.0066978
0.545	0.0083069
0.55	0.017176
0.555	0.0073492
0.56	0.0021917
0.565	0.014701
0.57	0.024029
0.575	0.014863
0.58	-0.0032522
0.585	-0.0085641
0.59	0.0060098
0.595	0.027941
0.6	0.032534
0.605	0.00089788
0.61	-0.03841
0.615	-0.039468
0.62	-0.02122
0.625	-0.010303
0.63	0.0025325
0.635	0.01842
0.64	0.030734
0.645	0.036318
0.65	0.03258
0.655	0.011905
0.66	-0.0099527
0.665	-0.012301
0.67	-0.0099266
0.675	-0.018168
0.68	-0.023589
0.685	-0.013374
0.69	-0.0030933
0.695	-0.017259
0.7	-0.063524
0.705	-0.10433
0.71	-0.091846
0.715	-0.067342
0.72	-0.056712
0.725	-0.037424
0.73	-0.018573
0.735	-0.016528
0.74	-0.0074222
0.745	0.019312
0.75	0.042539
0.755	0.03914
0.76	0.026932
0.765	0.017183
0.77	-0.014436
0.775	-0.064267
0.78	-0.077868
0.785	-0.051639
0.79	-0.030544
0.795	-0.029103
0.8	-0.025793
0.805	0.0087117
0.81	0.070461
0.815	0.10619
0.82	0.065356
0.825	-0.032854
0.83	-0.1002
0.835	-0.08849
0.84	-0.06443
0.845	-0.077081
0.85	-0.096308
0.855	-0.089071
0.86	-0.076724
0.865	-0.08885
0.87	-0.11207
0.875	-0.10783
0.88	-0.061686
0.885	0.007453
0.89	0.059517
0.895	0.061665
0.9	0.043673
0.905	0.011605
0.91	-0.039148
0.915	-0.085228
0.92	-0.077578
0.925	-0.035134
0.93	0.027835
0.935	0.063973
0.94	0.057742
0.945	0.07211
0.95	0.1275
0.955	0.1568
0.96	0.12791
0.965	0.070071
0.97	0.049834
0.975	0.093368
0.98	0.16708
0.985	0.18299
0.99	0.13342
0.995	0.079685
1	0.048033
1.005	0.044225
1.01	0.069986
1.015	0.13026
1.02	0.15042
1.025	0.10167
1.03	0.030595
1.035	0.017087
1.04	0.03095
1.045	0.029823
1.05	0.023288
1.055	0.022156
1.06	0.018385
1.065	0.0061702
1.07	0.00099982
1.075	0.0062471
1.08	0.01261
1.085	0.018942
1.09	0.0335
1.095	0.039557
1.1	0.016494
1.105	-0.0033677
1.11	0.0060304
1.115	0.02712
1.12	0.056994
1.125	0.11017
1.13	0.12318
1.135	0.090023
1.14	0.069827
1.145	0.071709
1.15	0.042371
1.155	-0.038587
1.16	-0.061002
1.165	-0.012693
1.17	0.016485
1.175	-0.010634
1.18	-0.058589
1.185	-0.093614
1.19	-0.10405
1.195	-0.11091
1.2	-0.12367
1.205	-0.13039
1.21	-0.094157
1.215	-0.014622
1.22	0.029498
1.225	-0.0093148
1.23	-0.074489
1.235	-0.085106
1.24	-0.047014
1.245	-0.015521
1.25	-0.028205
1.255	-0.04541
1.26	-0.04618
1.265	-0.051029
1.27	-0.049469
1.275	-0.028863
1.28	0.017799
1.285	0.0654
1.29	0.089514
1.295	0.091625
1.3	0.067186
1.305	0.026995
1.31	0.031613
1.315	0.058757
1.32	0.052335
1.325	0.01508
1.33	-0.013563
1.335	-0.015255
1.34	-0.0079615
1.345	-0.01014
1.35	-0.019313
1.355	-0.03322
1.36	-0.053771
1.365	-0.088482
1.37	-0.13578
1.375	-0.16695
1.38	-0.17242
1.385	-0.16681
1.39	-0.15989
1.395	-0.13437
1.4	-0.1084
1.405	-0.10953
1.41	-0.12522
1.415	-0.13562
1.42	-0.11559
1.425	-0.042692
1.43	0.034531
1.435	0.018697
1.44	-0.022082
1.445	0.010942
1.45	0.073331
1.455	0.094092
1.46	0.061297
1.465	-0.013204
1.47	-0.11796
1.475	-0.12124
1.48	-0.060201
1.485	-0.0019003
1.49	0.052733
1.495	0.090393
1.5	0.1147
1.505	0.15214
1.51	0.12425
1.515	0.0024135
1.52	-0.053172
1.525	-0.045879
1.53	-0.027166
1.535	0.0019157
1.54	0.065136
1.545	0.097703
1.55	0.076484
1.555	0.03039
1.56	-0.036845
1.565	-0.088917
1.57	-0.088565
1.575	-0.07145
1.58	-0.063165
1.585	-0.04863
1.59	-0.043836
1.595	-0.06923
1.6	-0.1045
1.605	-0.1096
1.61	-0.061244
1.615	0.058638
1.62	0.1938
1.625	0.21581
1.63	0.1045
1.635	-0.017585
1.64	-0.052278
1.645	-0.027633
1.65	-0.0039511
1.655	0.0087372
1.66	0.019701
1.665	0.014234
1.67	0.01022
1.675	0.032596
1.68	0.041512
1.685	-0.0031766
1.69	-0.036411
1.695	0.034292
1.7	0.15337
1.705	0.16383
1.71	0.10346
1.715	0.083321
1.72	0.12324
1.725	0.18677
1.73	0.21387
1.735	0.17423
1.74	0.074261
1.745	0.050092
1.75	0.10333
1.755	0.13358
1.76	0.11755
1.765	0.10638
1.77	0.13754
1.775	0.17638
1.78	0.1841
1.785	0.16099
1.79	0.1399
1.795	0.16044
1.8	0.18594
1.805	0.19488
1.81	0.16646
1.815	0.097679
1.82	0.076527
1.825	0.13587
1.83	0.21782
1.835	0.22858
1.84	0.20489
1.845	0.21512
1.85	0.2413
1.855	0.24261
1.86	0.20732
1.865	0.15598
1.87	0.10953
1.875	0.086786
1.88	0.047042
1.885	-0.0015967
1.89	0.00077644
1.895	0.044045
1.9	0.072691
1.905	0.099575
1.91	0.1078
1.915	0.1023
1.92	0.10757
1.925	0.13261
1.93	0.16553
1.935	0.19066
1.94	0.18544
1.945	0.16372
1.95	0.1616
1.955	0.19211
1.96	0.2524
1.965	0.28953
1.97	0.30092
1.975	0.27849
1.98	0.21139
1.985	0.14546
1.99	0.12461
1.995	0.11424
2	0.064774
2.005	-0.0108
2.01	-0.061373
2.015	-0.042457
2.02	-0.0093482
2.025	0.0013515
2.03	-0.00011936
2.035	-0.0075293
2.04	-0.034772
2.045	-0.10368
2.05	-0.18918
2.055	-0.21671
2.06	-0.18543
2.065	-0.1672
2.07	-0.1852
2.075	-0.23744
2.08	-0.29721
2.085	-0.32701
2.09	-0.30762
2.095	-0.27405
2.1	-0.25366
2.105	-0.22947
2.11	-0.19731
2.115	-0.16102
2.12	-0.13825
2.125	-0.13647
2.13	-0.1583
2.135	-0.18457
2.14	-0.19176
2.145	-0.19632
2.15	-0.20485
2.155	-0.19758
2.16	-0.16828
2.165	-0.15322
2.17	-0.18404
2.175	-0.23467
2.18	-0.25419
2.185	-0.24796
2.19	-0.24722
2.195	-0.24779
2.2	-0.21773
2.205	-0.16214
2.21	-0.12262
2.215	-0.11504
2.22	-0.14059
2.225	-0.18801
2.23	-0.2499
2.235	-0.29393
2.24	-0.31339
2.245	-0.31278
2.25	-0.2987
2.255	-0.28185
2.26	-0.27244
2.265	-0.28977
2.27	-0.36018
2.275	-0.42561
2.28	-0.39699
2.285	-0.31595
2.29	-0.25072
2.295	-0.23856
2.3	-0.2549
2.305	-0.2602
2.31	-0.24059
2.315	-0.18223
2.32	-0.083245
2.325	0.0060057
2.33	0.058812
2.335	0.082295
2.34	0.080552
2.345	0.083711
2.35	0.088399
2.355	0.083599
2.36	0.080334
2.365	0.092197
2.37	0.11694
2.375	0.11711
2.38	0.064083
2.385	0.0010884
2.39	-0.01911
2.395	-0.0090555
2.4	-0.0077916
2.405	-0.021806
2.41	-0.019812
2.415	0.0085593
2.42	0.04242
2.425	0.082165
2.43	0.1289
2.435	0.15456
2.44	0.17402
2.445	0.21051
2.45	0.25106
2.455	0.25822
2.46	0.23893
2.465	0.21139
2.47	0.18851
2.475	0.18101
2.48	0.18782
2.485	0.21644
2.49	0.28216
2.495	0.3507
2.5	0.40575
2.505	0.45677
2.51	0.46754
2.515	0.44549
2.52	0.4128
2.525	0.37983
2.53	0.34053
2.535	0.28691
2.54	0.21218
2.545	0.15188
2.55	0.13936
2.555	0.13401
2.56	0.096513
2.565	0.032976
2.57	-0.021609
2.575	-0.053664
2.58	-0.090213
2.585	-0.12534
2.59	-0.14125
2.595	-0.13473
2.6	-0.12304
2.605	-0.11147
2.61	-0.099787
2.615	-0.094395
2.62	-0.090026
2.625	-0.080584
2.63	-0.066091
2.635	-0.03899
2.64	0.0044943
2.645	0.027146
2.65	0.013902
2.655	-0.018931
2.66	-0.054437
2.665	-0.10289
2.67	-0.15998
2.675	-0.20726
2.68	-0.24933
2.685	-0.28287
2.69	-0.30247
2.695	-0.31566
2.7	-0.34244
2.705	-0.36489
2.71	-0.36989
2.715	-0.35189
2.72	-0.32328
2.725	-0.29947
2.73	-0.28989
2.735	-0.28518
2.74	-0.27543
2.745	-0.26773
2.75	-0.26994
2.755	-0.2784
2.76	-0.28888
2.765	-0.29906
2.77	-0.3066
2.775	-0.31948
2.78	-0.3508
2.785	-0.39844
2.79	-0.45424
2.795	-0.48059
2.8	-0.52246
2.805	-0.5668
2.81	-0.57108
2.815	-0.54815
2.82	-0.52977
2.825	-0.53421
2.83	-0.54558
2.835	-0.544
2.84	-0.53283
2.845	-0.52999
2.85	-0.5337
2.855	-0.52384
2.86	-0.48753
2.865	-0.42518
2.87	-0.35569
2.875	-0.30891
2.88	-0.25527
2.885	-0.15934
2.89	-0.064928
2.895	0.0041518
2.9	0.060147
2.905	0.12653
2.91	0.17804
2.915	0.22578
2.92	0.27505
2.925	0.32013
2.93	0.37518
2.935	0.43299
2.94	0.49738
2.945	0.52549
2.95	0.52572
2.955	0.54155
2.96	0.56393
2.965	0.57726
2.97	0.59162
2.975	0.62299
2.98	0.65492
2.985	0.6749
2.99	0.66356
2.995	0.62535
3	0.58055
3.005	0.53403
3.01	0.4553
3.015	0.35887
3.02	0.28365
3.025	0.21652
3.03	0.12194
3.035	0.054131
3.04	-0.0050151
3.045	-0.070667
3.05	-0.12353
3.055	-0.14791
3.06	-0.1596
3.065	-0.17308
3.07	-0.17115
3.075	-0.15283
3.08	-0.10109
3.085	-0.0014054
3.09	0.10308
3.095	0.14244
3.1	0.16338
3.105	0.22965
3.11	0.30261
3.115	0.32724
3.12	0.30623
3.125	0.27859
3.13	0.26106
3.135	0.23853
3.14	0.19105
3.145	0.12689
3.15	0.082249
3.155	0.070611
3.16	0.061201
3.165	0.039636
3.17	0.026852
3.175	0.030753
3.18	0.051064
3.185	0.085611
3.19	0.12735
3.195	0.16105
3.2	0.21181
3.205	0.30013
3.21	0.36845
3.215	0.39019
3.22	0.38035
3.225	0.38379
3.23	0.41758
3.235	0.43961
3.24	0.43263
3.245	0.42321
3.25	0.41641
3.255	0.41057
3.26	0.41174
3.265	0.40821
3.27	0.3862
3.275	0.3505
3.28	0.30078
3.285	0.24672
3.29	0.21845
3.295	0.18194
3.3	0.15052
3.305	0.12739
3.31	0.10855
3.315	0.10377
3.32	0.10478
3.325	0.087025
3.33	0.049868
3.335	0.015861
3.34	0.0014791
3.345	0.00054216
3.35	0.0027279
3.355	-0.013169
3.36	-0.058047
3.365	-0.12932
3.37	-0.2005
3.375	-0.24526
3.38	-0.32163
3.385	-0.41721
3.39	-0.4713
3.395	-0.53962
3.4	-0.61674
3.405	-0.69879
3.41	-0.76463
3.415	-0.78055
3.42	-0.78871
3.425	-0.81684
3.43	-0.85965
3.435	-0.89537
3.44	-0.94384
3.445	-0.9901
3.45	-0.99286
3.455	-0.96949
3.46	-0.94979
3.465	-0.92719
3.47	-0.89686
3.475	-0.86051
3.48	-0.81057
3.485	-0.71269
3.49	-0.57773
3.495	-0.44017
3.5	-0.33551
3.505	-0.26442
3.51	-0.1952
3.515	-0.13125
3.52	-0.099415
3.525	-0.10103
3.53	-0.10626
3.535	-0.0967
3.54	-0.082258
3.545	-0.068731
3.55	-0.048894
3.555	-0.0084507
3.56	0.060161
3.565	0.12536
3.57	0.15776
3.575	0.1486
3.58	0.12941
3.585	0.12278
3.59	0.11996
3.595	0.097752
3.6	0.056682
3.605	0.010403
3.61	-0.022217
3.615	-0.046723
3.62	-0.079221
3.625	-0.12326
3.63	-0.20367
3.635	-0.29197
3.64	-0.33553
3.645	-0.34333
3.65	-0.35676
3.655	-0.373
3.66	-0.38626
3.665	-0.37806
3.67	-0.34351
3.675	-0.27637
3.68	-0.19381
3.685	-0.13893
3.69	-0.099385
3.695	-0.033528
3.7	0.037665
3.705	0.086987
3.71	0.1031
3.715	0.10309
3.72	0.10421
3.725	0.10593
3.73	0.10006
3.735	0.078726
3.74	0.049724
3.745	0.023969
3.75	0.021339
3.755	0.023727
3.76	0.016784
3.765	0.011489
3.77	0.015565
3.775	0.028329
3.78	0.044618
3.785	0.044992
3.79	0.038785
3.795	0.044096
3.8	0.062643
3.805	0.075836
3.81	0.068885
3.815	0.048566
3.82	0.028332
3.825	0.022843
3.83	0.039754
3.835	0.067067
3.84	0.098016
3.845	0.11818
3.85	0.1127
3.855	0.096753
3.86	0.095752
3.865	0.11603
3.87	0.14163
3.875	0.17414
3.88	0.21232
3.885	0.23762
3.89	0.25783
3.895	0.28027
3.9	0.29918
3.905	0.30154
3.91	0.2958
3.915	0.30402
3.92	0.34256
3.925	0.38201
3.93	0.40235
3.935	0.41903
3.94	0.45939
3.945	0.51816
3.95	0.56312
3.955	0.57846
3.96	0.56889
3.965	0.55477
3.97	0.55435
3.975	0.56712
3.98	0.58197
3.985	0.58979
3.99	0.59807
3.995	0.61063
4	0.61715
4.005	0.62748
4.01	0.64782
4.015	0.67694
4.02	0.72969
4.025	0.79604
4.03	0.85955
4.035	0.92303
4.04	0.95517
4.045	0.95035
4.05	0.95564
4.055	0.96433
4.06	0.96425
4.065	0.96044
4.07	0.95699
4.075	0.94982
4.08	0.93498
4.085	0.9123
4.09	0.87881
4.095	0.80658
4.1	0.66801
4.105	0.53051
4.11	0.45106
4.115	0.35717
4.12	0.28712
4.125	0.2735
4.13	0.25966
4.135	0.23637
4.14	0.22781
4.145	0.24187
4.15	0.26104
4.155	0.26906
4.16	0.26071
4.165	0.24746
4.17	0.2428
4.175	0.24292
4.18	0.23908
4.185	0.21436
4.19	0.16129
4.195	0.095956
4.2	0.054615
4.205	0.035613
4.21	0.010314
4.215	-0.028078
4.22	-0.052627
4.225	-0.066335
4.23	-0.077951
4.235	-0.085208
4.24	-0.098052
4.245	-0.11511
4.25	-0.1336
4.255	-0.15035
4.26	-0.15297
4.265	-0.14702
4.27	-0.13761
4.275	-0.12706
4.28	-0.12125
4.285	-0.1261
4.29	-0.12802
4.295	-0.11315
4.3	-0.087117
4.305	-0.075456
4.31	-0.097297
4.315	-0.13043
4.32	-0.1423
4.325	-0.14006
4.33	-0.15026
4.335	-0.17236
4.34	-0.204
4.345	-0.25957
4.35	-0.31426
4.355	-0.35016
4.36	-0.38415
4.365	-0.41351
4.37	-0.43629
4.375	-0.45637
4.38	-0.47066
4.385	-0.45954
4.39	-0.41594
4.395	-0.33288
4.4	-0.24013
4.405	-0.15831
4.41	-0.073545
4.415	-0.0037263
4.42	0.068577
4.425	0.12381
4.43	0.1659
4.435	0.20183
4.44	0.23706
4.445	0.28099
4.45	0.31601
4.455	0.33851
4.46	0.36603
4.465	0.40737
4.47	0.44915
4.475	0.4728
4.48	0.48008
4.485	0.48912
4.49	0.48816
4.495	0.46166
4.5	0.42649
4.505	0.39438
4.51	0.3548
4.515	0.31056
4.52	0.25458
4.525	0.19083
4.53	0.10989
4.535	0.02264
4.54	-0.049236
4.545	-0.1265
4.55	-0.19411
4.555	-0.25419
4.56	-0.31674
4.565	-0.35743
4.57	-0.3843
4.575	-0.41491
4.58	-0.43899
4.585	-0.45558
4.59	-0.45923
4.595	-0.45499
4.6	-0.44525
4.605	-0.43656
4.61	-0.42332
4.615	-0.40259
4.62	-0.37149
4.625	-0.32046
4.63	-0.24275
4.635	-0.18929
4.64	-0.16563
4.645	-0.15423
4.65	-0.14722
4.655	-0.15354
4.66	-0.18042
4.665	-0.2117
4.67	-0.23878
4.675	-0.27224
4.68	-0.3246
4.685	-0.39281
4.69	-0.46594
4.695	-0.50794
4.7	-0.53307
4.705	-0.57759
4.71	-0.60195
4.715	-0.59668
4.72	-0.58833
4.725	-0.59554
4.73	-0.61051
4.735	-0.61077
4.74	-0.61668
4.745	-0.62706
4.75	-0.62544
4.755	-0.58987
4.76	-0.47095
4.765	-0.29636
4.77	-0.088955
4.775	0.04757
4.78	0.13094
4.785	0.20429
4.79	0.26971
4.795	0.3302
4.8	0.37972
4.805	0.42288
4.81	0.44198
4.815	0.4385
4.82	0.43165
4.825	0.42611
4.83	0.42218
4.835	0.41791
4.84	0.41342
4.845	0.39379
4.85	0.36049
4.855	0.32094
4.86	0.26633
4.865	0.18337
4.87	0.088622
4.875	-0.0057686
4.88	-0.10033
4.885	-0.20937
4.89	-0.32645
4.895	-0.42544
4.9	-0.51756
4.905	-0.58713
4.91	-0.63511
4.915	-0.67702
4.92	-0.71023
4.925	-0.72446
4.93	-0.72406
4.935	-0.7139
4.94	-0.69494
4.945	-0.68029
4.95	-0.67578
4.955	-0.6743
4.96	-0.67386
4.965	-0.67146
4.97	-0.66799
4.975	-0.66593
4.98	-0.66367
4.985	-0.65526
4.99	-0.64054
4.995	-0.61743
5	-0.56881
5.005	-0.49793
5.01	-0.45055
5.015	-0.40317
5.02	-0.33277
5.025	-0.25823
5.03	-0.18837
5.035	-0.13753
5.04	-0.10922
5.045	-0.093623
5.05	-0.090083
5.055	-0.10913
5.06	-0.1307
5.065	-0.15107
5.07	-0.18965
5.075	-0.23106
5.08	-0.26168
5.085	-0.27584
5.09	-0.2951
5.095	-0.31517
5.1	-0.32713
5.105	-0.33366
5.11	-0.34815
5.115	-0.37139
5.12	-0.38969
5.125	-0.38868
5.13	-0.38622
5.135	-0.38927
5.14	-0.39564
5.145	-0.38952
5.15	-0.36312
5.155	-0.30195
5.16	-0.22941
5.165	-0.15815
5.17	-0.088054
5.175	-0.026414
5.18	0.025846
5.185	0.063668
5.19	0.082571
5.195	0.097835
5.2	0.11252
5.205	0.1192
5.21	0.11899
5.215	0.10898
5.22	0.093823
5.225	0.07557
5.23	0.062945
5.235	0.060832
5.24	0.062052
5.245	0.062549
5.25	0.05829
5.255	0.053941
5.26	0.053124
5.265	0.046998
5.27	0.044996
5.275	0.046546
5.28	0.046549
5.285	0.042892
5.29	0.043996
5.295	0.052567
5.3	0.067717
5.305	0.087769
5.31	0.10618
5.315	0.10521
5.32	0.088755
5.325	0.072759
5.33	0.065652
5.335	0.068609
5.34	0.080071
5.345	0.094345
5.35	0.11661
5.355	0.14702
5.36	0.16947
5.365	0.17613
5.37	0.18168
5.375	0.19802
5.38	0.22577
5.385	0.25299
5.39	0.28008
5.395	0.2988
5.4	0.31169
5.405	0.3135
5.41	0.30787
5.415	0.30242
5.42	0.28467
5.425	0.25302
5.43	0.23527
5.435	0.23407
5.44	0.21594
5.445	0.17111
5.45	0.12805
5.455	0.11972
5.46	0.13831
5.465	0.15673
5.47	0.16001
5.475	0.14697
5.48	0.13135
5.485	0.12734
5.49	0.12973
5.495	0.12441
5.5	0.10582
5.505	0.084094
5.51	0.066714
5.515	0.062408
5.52	0.058125
5.525	0.053529
5.53	0.047823
5.535	0.037222
5.54	0.033986
5.545	0.035749
5.55	0.029386
5.555	0.01608
5.56	-0.0043339
5.565	-0.018015
5.57	-0.028767
5.575	-0.042259
5.58	-0.055993
5.585	-0.068994
5.59	-0.08189
5.595	-0.094259
5.6	-0.12086
5.605	-0.1539
5.61	-0.1728
5.615	-0.17646
5.62	-0.17098
5.625	-0.16592
5.63	-0.16535
5.635	-0.159
5.64	-0.13749
5.645	-0.096802
5.65	-0.044165
5.655	0.0031061
5.66	0.051648
5.665	0.097645
5.67	0.13746
5.675	0.16468
5.68	0.175
5.685	0.18747
5.69	0.21851
5.695	0.25955
5.7	0.29652
5.705	0.31774
5.71	0.32704
5.715	0.33908
5.72	0.34758
5.725	0.35325
5.73	0.36258
5.735	0.37708
5.74	0.39256
5.745	0.39717
5.75	0.40641
5.755	0.41446
5.76	0.4097
5.765	0.39773
5.77	0.399
5.775	0.41999
5.78	0.45013
5.785	0.46945
5.79	0.47408
5.795	0.47126
5.8	0.47633
5.805	0.49115
5.81	0.5049
5.815	0.51768
5.82	0.53753
5.825	0.55931
5.83	0.57033
5.835	0.56456
5.84	0.55619
5.845	0.562
5.85	0.57006
5.855	0.58449
5.86	0.60485
5.865	0.61336
5.87	0.61208
5.875	0.61778
5.88	0.63107
5.885	0.64275
5.89	0.6473
5.895	0.65109
5.9	0.65973
5.905	0.67521
5.91	0.68923
5.915	0.70782
5.92	0.72566
5.925	0.73175
5.93	0.724
5.935	0.71333
5.94	0.70747
5.945	0.70893
5.95	0.7147
5.955	0.70987
5.96	0.70075
5.965	0.69868
5.97	0.69705
5.975	0.69324
5.98	0.68584
5.985	0.66973
5.99	0.6412
5.995	0.59549
6	0.54663
6.005	0.504
6.01	0.45685
6.015	0.40881
6.02	0.34977
6.025	0.29135
6.03	0.24179
6.035	0.20785
6.04	0.17394
6.045	0.1326
6.05	0.092896
6.055	0.057418
6.06	0.045476
6.065	0.047716
6.07	0.043809
6.075	0.035216
6.08	0.037902
6.085	0.049528
6.09	0.057931
6.095	0.060502
6.1	0.056875
6.105	0.046309
6.11	0.028385
6.115	0.00098275
6.12	-0.018884
6.125	-0.029577
6.13	-0.037499
6.135	-0.052163
6.14	-0.070585
6.145	-0.088443
6.15	-0.11134
6.155	-0.12157
6.16	-0.12412
6.165	-0.13271
6.17	-0.14824
6.175	-0.17155
6.18	-0.1968
6.185	-0.20852
6.19	-0.21376
6.195	-0.21933
6.2	-0.23144
6.205	-0.24511
6.21	-0.26105
6.215	-0.27935
6.22	-0.2982
6.225	-0.31481
6.23	-0.32782
6.235	-0.33775
6.24	-0.33829
6.245	-0.33842
6.25	-0.348
6.255	-0.3639
6.26	-0.37445
6.265	-0.37443
6.27	-0.37464
6.275	-0.37856
6.28	-0.38002
6.285	-0.38216
6.29	-0.39079
6.295	-0.40201
6.3	-0.40818
6.305	-0.40546
6.31	-0.40256
6.315	-0.40825
6.32	-0.42218
6.325	-0.44297
6.33	-0.45733
6.335	-0.46685
6.34	-0.47454
6.345	-0.48151
6.35	-0.49313
6.355	-0.5117
6.36	-0.53932
6.365	-0.55797
6.37	-0.57223
6.375	-0.59431
6.38	-0.61954
6.385	-0.64159
6.39	-0.6636
6.395	-0.68531
6.4	-0.69868
6.405	-0.70418
6.41	-0.71042
6.415	-0.71193
6.42	-0.71542
6.425	-0.7192
6.43	-0.71909
6.435	-0.72231
6.44	-0.72816
6.445	-0.73499
6.45	-0.73973
6.455	-0.7425
6.46	-0.73806
6.465	-0.73607
6.47	-0.73767
6.475	-0.73859
6.48	-0.72797
6.485	-0.71463
6.49	-0.70949
6.495	-0.70507
6.5	-0.70806
6.505	-0.70783
6.51	-0.69942
6.515	-0.69022
6.52	-0.68235
6.525	-0.67073
6.53	-0.65791
6.535	-0.65606
6.54	-0.65625
6.545	-0.65367
6.55	-0.65401
6.555	-0.6519
6.56	-0.64827
6.565	-0.64344
6.57	-0.63255
6.575	-0.61831
6.58	-0.60087
6.585	-0.59371
6.59	-0.59688
6.595	-0.59673
6.6	-0.59519
6.605	-0.5868
6.61	-0.57007
6.615	-0.55717
6.62	-0.54583
6.625	-0.52542
6.63	-0.49678
6.635	-0.47569
6.64	-0.46223
6.645	-0.44818
6.65	-0.4301
6.655	-0.4054
6.66	-0.37475
6.665	-0.35112
6.67	-0.34177
6.675	-0.32973
6.68	-0.29736
6.685	-0.2558
6.69	-0.22913
6.695	-0.2128
6.7	-0.19018
6.705	-0.15536
6.71	-0.11786
6.715	-0.095515
6.72	-0.07818
6.725	-0.052981
6.73	-0.023543
6.735	0.0039614
6.74	0.034692
6.745	0.059219
6.75	0.077398
6.755	0.093256
6.76	0.10432
6.765	0.11756
6.77	0.13519
6.775	0.14873
6.78	0.15194
6.785	0.15633
6.79	0.16338
6.795	0.17216
6.8	0.17423
6.805	0.17135
6.81	0.1705
6.815	0.17307
6.82	0.17664
6.825	0.17748
6.83	0.1825
6.835	0.18371
6.84	0.18097
6.845	0.18418
6.85	0.19835
6.855	0.21345
6.86	0.23067
6.865	0.24624
6.87	0.25388
6.875	0.25831
6.88	0.26019
6.885	0.25435
6.89	0.24895
6.895	0.25141
6.9	0.25481
6.905	0.26132
6.91	0.27589
6.915	0.28578
6.92	0.28348
6.925	0.27962
6.93	0.27701
6.935	0.2779
6.94	0.27967
6.945	0.2904
6.95	0.3081
6.955	0.32938
6.96	0.3474
6.965	0.35476
6.97	0.35163
6.975	0.34698
6.98	0.34809
6.985	0.35291
6.99	0.36535
6.995	0.3785
7	0.39355
7.005	0.41648
7.01	0.43414
7.015	0.44096
7.02	0.43711
7.025	0.44046
7.03	0.45628
7.035	0.46731
7.04	0.47016
7.045	0.48105
7.05	0.49413
7.055	0.50723
7.06	0.5193
7.065	0.52857
7.07	0.53276
7.075	0.5386
7.08	0.5464
7.085	0.55443
7.09	0.57637
7.095	0.60945
7.1	0.63144
7.105	0.64949
7.11	0.66314
7.115	0.66495
7.12	0.66918
7.125	0.67072
7.13	0.66624
7.135	0.66283
7.14	0.6572
7.145	0.65028
7.15	0.64656
7.155	0.63442
7.16	0.61623
7.165	0.59595
7.17	0.57142
7.175	0.55262
7.18	0.53224
7.185	0.50772
7.19	0.48094
7.195	0.46466
7.2	0.45605
7.205	0.44997
7.21	0.4435
7.215	0.42519
7.22	0.39629
7.225	0.36438
7.23	0.34445
7.235	0.3236
7.24	0.30307
7.245	0.28464
7.25	0.25765
7.255	0.22977
7.26	0.20542
7.265	0.18379
7.27	0.16785
7.275	0.14871
7.28	0.13044
7.285	0.12375
7.29	0.12101
7.295	0.12245
7.3	0.12318
7.305	0.1213
7.31	0.12095
7.315	0.12376
7.32	0.12645
7.325	0.12462
7.33	0.12002
7.335	0.11417
7.34	0.10655
7.345	0.094872
7.35	0.068379
7.355	0.044836
7.36	0.025127
7.365	3.1465e-05
7.37	-0.022538
7.375	-0.040188
7.38	-0.050032
7.385	-0.052845
7.39	-0.061042
7.395	-0.075182
7.4	-0.084461
7.405	-0.084587
7.41	-0.077555
7.415	-0.071531
7.42	-0.070792
7.425	-0.082168
7.43	-0.096879
7.435	-0.10208
7.44	-0.10098
7.445	-0.10489
7.45	-0.11983
7.455	-0.1396
7.46	-0.14221
7.465	-0.135
7.47	-0.13728
7.475	-0.14787
7.48	-0.1557
7.485	-0.15497
7.49	-0.15298
7.495	-0.14955
7.5	-0.14863
7.505	-0.14807
7.51	-0.1424
7.515	-0.13492
7.52	-0.12968
7.525	-0.12863
7.53	-0.1351
7.535	-0.13907
7.54	-0.13737
7.545	-0.1302
7.55	-0.12809
7.555	-0.12947
7.56	-0.14281
7.565	-0.15363
7.57	-0.15682
7.575	-0.16087
7.58	-0.16625
7.585	-0.17239
7.59	-0.17567
7.595	-0.1722
7.6	-0.17227
7.605	-0.17361
7.61	-0.17274
7.615	-0.18208
7.62	-0.19256
7.625	-0.1963
7.63	-0.19874
7.635	-0.20938
7.64	-0.23195
7.645	-0.25475
7.65	-0.268
7.655	-0.27905
7.66	-0.28173
7.665	-0.29032
7.67	-0.30954
7.675	-0.3224
7.68	-0.32782
7.685	-0.34032
7.69	-0.35229
7.695	-0.36022
7.7	-0.37006
7.705	-0.37713
7.71	-0.37745
7.715	-0.37801
7.72	-0.3818
7.725	-0.38152
7.73	-0.38217
7.735	-0.37909
7.74	-0.37026
7.745	-0.3728
7.75	-0.37536
7.755	-0.3677
7.76	-0.35272
7.765	-0.33526
7.77	-0.31673
7.775	-0.30992
7.78	-0.31416
7.785	-0.31515
7.79	-0.30024
7.795	-0.27139
7.8	-0.23995
7.805	-0.21755
7.81	-0.20321
7.815	-0.18877
7.82	-0.17046
7.825	-0.15174
7.83	-0.15161
7.835	-0.14906
7.84	-0.13676
7.845	-0.11959
7.85	-0.10421
7.855	-0.10208
7.86	-0.1072
7.865	-0.10971
7.87	-0.10399
7.875	-0.090694
7.88	-0.080175
7.885	-0.076692
7.89	-0.079618
7.895	-0.078949
7.9	-0.073656
7.905	-0.069792
7.91	-0.063359
7.915	-0.056067
7.92	-0.047469
7.925	-0.033181
7.93	-0.019073
7.935	-0.0079473
7.94	0.0044777
7.945	0.020864
7.95	0.035149
7.955	0.039937
7.96	0.043077
7.965	0.046508
7.97	0.050696
7.975	0.055624
7.98	0.05826
7.985	0.055884
7.99	0.05259
7.995	0.052253
8	0.051544
8.005	0.048344
8.01	0.05
8.015	0.05306
8.02	0.050657
8.025	0.046173
8.03	0.041082
8.035	0.039795
8.04	0.041911
8.045	0.047148
8.05	0.04917
8.055	0.050127
8.06	0.050158
8.065	0.046424
8.07	0.042421
8.075	0.040546
8.08	0.037846
8.085	0.033403
8.09	0.02687
8.095	0.023689
8.1	0.022074
8.105	0.015407
8.11	0.0075206
8.115	-0.0069882
8.12	-0.010414
8.125	-0.0017856
8.13	0.0020485
8.135	-0.0039325
8.14	-0.01116
8.145	-0.013834
8.15	-0.010684
8.155	-0.004303
8.16	0.0015074
8.165	0.0021021
8.17	0.0095086
8.175	0.025979
8.18	0.041611
8.185	0.04596
8.19	0.042671
8.195	0.042522
8.2	0.046597
8.205	0.055922
8.21	0.070359
8.215	0.078773
8.22	0.084269
8.225	0.086508
8.23	0.089
8.235	0.090406
8.24	0.090467
8.245	0.08788
8.25	0.084884
8.255	0.087746
8.26	0.10043
8.265	0.11077
8.27	0.11726
8.275	0.1226
8.28	0.11833
8.285	0.11853
8.29	0.12655
8.295	0.1359
8.3	0.13311
8.305	0.12382
8.31	0.12175
8.315	0.11701
8.32	0.11657
8.325	0.11805
8.33	0.10802
8.335	0.094986
8.34	0.092425
8.345	0.095722
8.35	0.094367
8.355	0.092941
8.36	0.09466
8.365	0.09523
8.37	0.097018
8.375	0.10681
8.38	0.11259
8.385	0.11181
8.39	0.11036
8.395	0.10878
8.4	0.11059
8.405	0.11107
8.41	0.11133
8.415	0.10912
8.42	0.10178
8.425	0.090165
8.43	0.082349
8.435	0.079541
8.44	0.076285
8.445	0.065349
8.45	0.050948
8.455	0.049966
8.46	0.049585
8.465	0.049
8.47	0.053291
8.475	0.059972
8.48	0.064549
8.485	0.063578
8.49	0.062461
8.495	0.062906
8.5	0.060961
8.505	0.06145
8.51	0.067427
8.515	0.070413
8.52	0.063048
8.525	0.062751
8.53	0.063933
8.535	0.057298
8.54	0.045616
8.545	0.039291
8.55	0.03283
8.555	0.023036
8.56	0.023117
8.565	0.023792
8.57	0.023746
8.575	0.027667
8.58	0.03881
8.585	0.052142
8.59	0.062827
8.595	0.066921
8.6	0.066149
8.605	0.063387
8.61	0.05923
8.615	0.03714
8.62	0.02038
8.625	0.019429
8.63	0.017888
8.635	0.016185
8.64	0.015826
8.645	0.022442
8.65	0.031845
8.655	0.037282
8.66	0.041929
8.665	0.053324
8.67	0.068517
8.675	0.07843
8.68	0.085603
8.685	0.094548
8.69	0.1065
8.695	0.11228
8.7	0.10859
8.705	0.10735
8.71	0.1076
8.715	0.099909
8.72	0.095953
8.725	0.094706
8.73	0.083738
8.735	0.061631
8.74	0.039153
8.745	0.027292
8.75	0.022587
8.755	0.022708
8.76	0.020142
8.765	0.016111
8.77	0.013528
8.775	0.0092589
8.78	0.0072401
8.785	0.0037346
8.79	-0.0014438
8.795	0.00073087
8.8	0.0056194
8.805	0.010284
8.81	0.01132
8.815	0.0099639
8.82	0.0077276
8.825	0.0068261
8.83	0.0058975
8.835	0.0067121
8.84	0.0087606
8.845	0.01117
8.85	0.010906
8.855	0.0054794
8.86	-0.002023
8.865	-0.012487
8.87	-0.019832
8.875	-0.022041
8.88	-0.019754
8.885	-0.0209
8.89	-0.024323
8.895	-0.028011
8.9	-0.035902
8.905	-0.044792
8.91	-0.050922
8.915	-0.052949
8.92	-0.050151
8.925	-0.05056
8.93	-0.054384
8.935	-0.060264
8.94	-0.06783
8.945	-0.067243
8.95	-0.063125
8.955	-0.056215
8.96	-0.043065
8.965	-0.032722
8.97	-0.030125
8.975	-0.0274
8.98	-0.024359
8.985	-0.026736
8.99	-0.028997
8.995	-0.028333
9	-0.034452
9.005	-0.049331
9.01	-0.065385
9.015	-0.078404
9.02	-0.086513
9.025	-0.095563
9.03	-0.10301
9.035	-0.10775
9.04	-0.10787
9.045	-0.10422
9.05	-0.097244
9.055	-0.090705
9.06	-0.090428
9.065	-0.093764
9.07	-0.095997
9.075	-0.091293
9.08	-0.088006
9.085	-0.097667
9.09	-0.11041
9.095	-0.10862
9.1	-0.10502
9.105	-0.11076
9.11	-0.12285
9.115	-0.13946
9.12	-0.15108
9.125	-0.15123
9.13	-0.14331
9.135	-0.13952
9.14	-0.13381
9.145	-0.12648
9.15	-0.12515
9.155	-0.13028
9.16	-0.13742
9.165	-0.13786
9.17	-0.13315
9.175	-0.12674
9.18	-0.12624
9.185	-0.12991
9.19	-0.13346
9.195	-0.13288
9.2	-0.13088
9.205	-0.12841
9.21	-0.11744
9.215	-0.10741
9.22	-0.10809
9.225	-0.11539
9.23	-0.11713
9.235	-0.11671
9.24	-0.1141
9.245	-0.10971
9.25	-0.10888
9.255	-0.11538
9.26	-0.12075
9.265	-0.11754
9.27	-0.1186
9.275	-0.12023
9.28	-0.11216
9.285	-0.094443
9.29	-0.077829
9.295	-0.060592
9.3	-0.043416
9.305	-0.025825
9.31	-0.010227
9.315	0.0029103
9.32	0.016981
9.325	0.021527
9.33	0.023515
9.335	0.028467
9.34	0.032724
9.345	0.038286
9.35	0.048652
9.355	0.06032
9.36	0.059307
9.365	0.05739
9.37	0.062902
9.375	0.066753
9.38	0.069838
9.385	0.071651
9.39	0.075706
9.395	0.085381
9.4	0.085646
9.405	0.0802
9.41	0.078385
9.415	0.076988
9.42	0.06833
9.425	0.058786
9.43	0.051884
9.435	0.038522
9.44	0.026706
9.445	0.01629
9.45	0.0056241
9.455	0.0034637
9.46	-0.0030407
9.465	-0.01204
9.47	-0.012444
9.475	-0.011486
9.48	-0.013531
9.485	-0.018779
9.49	-0.02286
9.495	-0.023395
9.5	-0.01815
9.505	-0.010804
9.51	-0.0063689
9.515	-0.0024407
9.52	0.0041226
9.525	0.02501
9.53	0.050733
9.535	0.067729
9.54	0.077876
9.545	0.087389
9.55	0.091659
9.555	0.10137
9.56	0.11499
9.565	0.11468
9.57	0.10262
9.575	0.089296
9.58	0.073961
9.585	0.057791
9.59	0.042324
9.595	0.032466
9.6	0.026083
9.605	0.018504
9.61	0.020094
9.615	0.023185
9.62	0.022975
9.625	0.029009
9.63	0.03852
9.635	0.044228
9.64	0.052484
9.645	0.067096
9.65	0.087128
9.655	0.097886
9.66	0.10769
9.665	0.11498
9.67	0.11499
9.675	0.11506
9.68	0.11938
9.685	0.12408
9.69	0.1319
9.695	0.13746
9.7	0.14973
9.705	0.16257
9.71	0.16516
9.715	0.1675
9.72	0.17111
9.725	0.17441
9.73	0.18242
9.735	0.18783
9.74	0.19405
9.745	0.19365
9.75	0.19048
9.755	0.18747
9.76	0.18235
9.765	0.18166
9.77	0.18271
9.775	0.17712
9.78	0.16292
9.785	0.15661
9.79	0.15576
9.795	0.14806
9.8	0.12622
9.805	0.090013
9.81	0.053242
9.815	0.045024
9.82	0.045003
9.825	0.027166
9.83	0.013917
9.835	0.017222
9.84	0.014205
9.845	-0.027111
9.85	-0.081735
9.855	-0.074317
9.86	-0.054976
9.865	-0.074954
9.87	-0.099235
9.875	-0.10338
9.88	-0.099762
9.885	-0.10411
9.89	-0.10659
9.895	-0.10605
9.9	-0.10632
9.905	-0.10752
9.91	-0.11641
9.915	-0.12259
9.92	-0.12404
9.925	-0.12829
9.93	-0.13253
9.935	-0.1327
9.94	-0.13135
9.945	-0.13021
9.95	-0.1247
9.955	-0.11528
9.96	-0.10572
9.965	-0.10132
9.97	-0.093891
9.975	-0.075934
9.98	-0.058166
9.985	-0.044117
9.99	-0.032599
9.995	-0.024674
10	-0.02242
10.005	-0.023046
10.01	-0.022148
10.015	-0.018996
10.02	-0.020062
10.025	-0.019955
10.03	-0.020715
10.035	-0.028406
10.04	-0.040115
10.045	-0.048476
10.05	-0.056511
10.055	-0.066532
10.06	-0.074034
10.065	-0.076642
10.07	-0.074636
10.075	-0.069822
10.08	-0.066063
10.085	-0.062966
10.09	-0.060324
10.095	-0.05853
10.1	-0.059255
10.105	-0.064393
10.11	-0.071129
10.115	-0.070741
10.12	-0.066339
10.125	-0.062623
10.13	-0.054332
10.135	-0.042873
10.14	-0.036057
10.145	-0.033779
10.15	-0.028706
10.155	-0.024469
10.16	-0.023501
10.165	-0.023941
10.17	-0.02604
10.175	-0.033836
10.18	-0.044198
10.185	-0.049399
10.19	-0.053745
10.195	-0.054416
10.2	-0.050367
10.205	-0.040335
10.21	-0.033156
10.215	-0.026066
10.22	-0.019621
10.225	-0.01837
10.23	-0.014178
10.235	-0.00055739
10.24	0.015484
10.245	0.025577
10.25	0.031244
10.255	0.03564
10.26	0.037802
10.265	0.043901
10.27	0.04876
10.275	0.043615
10.28	0.035126
10.285	0.028282
10.29	0.023748
10.295	0.01692
10.3	0.0097902
10.305	0.0064361
10.31	-0.00010819
10.315	-0.0063229
10.32	-0.0073834
10.325	-0.0042892
10.33	0.0029088
10.335	0.014268
10.34	0.027468
10.345	0.037392
10.35	0.046292
10.355	0.054701
10.36	0.055834
10.365	0.052344
10.37	0.048614
10.375	0.043593
10.38	0.03002
10.385	0.013392
10.39	0.0049675
10.395	-0.0070319
10.4	-0.02603
10.405	-0.041883
10.41	-0.04832
10.415	-0.051657
10.42	-0.056858
10.425	-0.060207
10.43	-0.066182
10.435	-0.068475
10.44	-0.065978
10.445	-0.059626
10.45	-0.052315
10.455	-0.039503
10.46	-0.019825
10.465	-0.0034542
10.47	0.003979
10.475	0.0063941
10.48	0.0064082
10.485	0.0081187
10.49	0.010834
10.495	0.012885
10.5	0.013557
10.505	0.013318
10.51	0.014144
10.515	0.0099836
10.52	0.005597
10.525	0.0006429
10.53	-0.0074751
10.535	-0.018228
10.54	-0.03242
10.545	-0.046072
10.55	-0.060902
10.555	-0.080346
10.56	-0.09998
10.565	-0.11195
10.57	-0.11185
10.575	-0.11427
10.58	-0.12585
10.585	-0.14008
10.59	-0.1463
10.595	-0.14173
10.6	-0.13252
10.605	-0.12665
10.61	-0.12051
10.615	-0.10895
10.62	-0.099595
10.625	-0.090237
10.63	-0.075074
10.635	-0.058145
10.64	-0.041568
10.645	-0.020796
10.65	-0.0079723
10.655	-0.0047395
10.66	-0.0034496
10.665	-0.0032473
10.67	-0.0055245
10.675	-0.0058968
10.68	-0.008154
10.685	-0.01221
10.69	-0.013733
10.695	-0.011928
10.7	-0.015074
10.705	-0.015469
10.71	-0.0092406
10.715	0.0003133
10.72	0.013978
10.725	0.023978
10.73	0.026906
10.735	0.02589
10.74	0.028989
10.745	0.03419
10.75	0.030279
10.755	0.02155
10.76	0.014907
10.765	0.0068248
10.77	-0.0091401
10.775	-0.025331
10.78	-0.033362
10.785	-0.046997
10.79	-0.056994
10.795	-0.06237
10.8	-0.067524
10.805	-0.066987
10.81	-0.062133
10.815	-0.05797
10.82	-0.051346
10.825	-0.044022
10.83	-0.041314
10.835	-0.038581
10.84	-0.030235
10.845	-0.01638
10.85	-0.0034536
10.855	0.007464
10.86	0.016658
10.865	0.022332
10.87	0.02025
10.875	0.015261
10.88	0.018739
10.885	0.02295
10.89	0.034272
10.895	0.056292
10.9	0.072708
10.905	0.077449
10.91	0.076716
10.915	0.079358
10.92	0.08206
10.925	0.076683
10.93	0.084736
10.935	0.088024
10.94	0.080036
10.945	0.077591
10.95	0.087855
10.955	0.10049
10.96	0.10712
10.965	0.11069
10.97	0.11418
10.975	0.12298
10.98	0.13483
10.985	0.14332
10.99	0.14068
10.995	0.13392
11	0.12779
11.005	0.11901
11.01	0.11485
11.015	0.11643
11.02	0.11903
11.025	0.11864
11.03	0.12252
11.035	0.13295
11.04	0.14436
11.045	0.15414
11.05	0.16462
11.055	0.16902
11.06	0.17038
11.065	0.17183
11.07	0.16945
11.075	0.16447
11.08	0.16079
11.085	0.158
11.09	0.1514
11.095	0.14552
11.1	0.13991
11.105	0.13035
11.11	0.11752
11.115	0.11231
11.12	0.10368
11.125	0.09164
11.13	0.08589
11.135	0.075635
11.14	0.064448
11.145	0.057898
11.15	0.053576
11.155	0.048679
11.16	0.045433
11.165	0.041739
11.17	0.036624
11.175	0.038065
11.18	0.042657
11.185	0.044205
11.19	0.049757
11.195	0.051208
11.2	0.053541
11.205	0.0523
11.21	0.043867
11.215	0.034774
11.22	0.022476
11.225	0.0049536
11.23	-0.019828
11.235	-0.042415
11.24	-0.054085
11.245	-0.055955
11.25	-0.054568
11.255	-0.055738
11.26	-0.053407
11.265	-0.042382
11.27	-0.038962
11.275	-0.039821
11.28	-0.038127
11.285	-0.032825
11.29	-0.026504
11.295	-0.022913
11.3	-0.021576
11.305	-0.023136
11.31	-0.027001
11.315	-0.029227
11.32	-0.033151
11.325	-0.039764
11.33	-0.044381
11.335	-0.051005
11.34	-0.063914
11.345	-0.076423
11.35	-0.08468
11.355	-0.088917
11.36	-0.087682
11.365	-0.080026
11.37	-0.07284
11.375	-0.058839
11.38	-0.044052
11.385	-0.038306
11.39	-0.039391
11.395	-0.040169
11.4	-0.029489
11.405	-0.014225
11.41	-0.0038187
11.415	0.0023491
11.42	0.011198
11.425	0.023981
11.43	0.029901
11.435	0.024656
11.44	0.017464
11.445	0.0083405
11.45	0.0071995
11.455	0.015198
11.46	0.024649
11.465	0.030628
11.47	0.036306
11.475	0.04877
11.48	0.057769
11.485	0.057374
11.49	0.048862
11.495	0.036082
11.5	0.024953
11.505	0.014084
11.51	0.00015534
11.515	-0.0086652
11.52	-0.014642
11.525	-0.015982
11.53	-0.019478
11.535	-0.02217
11.54	-0.019578
11.545	-0.018789
11.55	-0.017752
11.555	-0.016515
11.56	-0.015752
11.565	-0.013124
11.57	-0.011647
11.575	-0.011742
11.58	-0.0041157
11.585	0.0078088
11.59	0.016961
11.595	0.026128
11.6	0.037008
11.605	0.044151
11.61	0.047581
11.615	0.04495
11.62	0.03971
11.625	0.034862
11.63	0.023021
11.635	0.0063168
11.64	0.0039266
11.645	0.0060182
11.65	-0.0088074
11.655	-0.029797
11.66	-0.041259
11.665	-0.052618
11.67	-0.066864
11.675	-0.078545
11.68	-0.086346
11.685	-0.089989
11.69	-0.093321
11.695	-0.097541
11.7	-0.093939
11.705	-0.088083
11.71	-0.087754
11.715	-0.088133
11.72	-0.087745
11.725	-0.088189
11.73	-0.089008
11.735	-0.091306
11.74	-0.088114
11.745	-0.071703
11.75	-0.057609
11.755	-0.046444
11.76	-0.034017
11.765	-0.018758
11.77	-0.001031
11.775	0.011427
11.78	0.021234
11.785	0.030278
11.79	0.036151
11.795	0.038281
11.8	0.033799
11.805	0.025354
11.81	0.018696
11.815	0.018217
11.82	0.016407
11.825	0.0052877
11.83	-0.0053738
11.835	-0.012855
11.84	-0.01999
11.845	-0.021775
11.85	-0.022013
11.855	-0.021499
11.86	-0.015443
11.865	-0.01263
11.87	-0.014793
11.875	-0.015641
11.88	-0.011036
11.885	-0.0061191
11.89	-0.0056676
11.895	-0.0054481
11.9	-0.00034583
11.905	0.0018567
11.91	0.0012032
11.915	-0.006477
11.92	-0.016712
11.925	-0.020013
11.93	-0.018789
11.935	-0.021114
11.94	-0.030149
11.945	-0.041402
11.95	-0.055316
11.955	-0.070279
11.96	-0.076465
11.965	-0.080907
11.97	-0.084418
11.975	-0.084013
11.98	-0.08277
11.985	-0.0825
11.99	-0.082322
11.995	-0.075373
12	-0.065149
12.005	-0.053684
12.01	-0.040973
12.015	-0.033149
12.02	-0.032422
12.025	-0.034173
12.03	-0.029806
12.035	-0.022326
12.04	-0.018058
12.045	-0.011779
12.05	-0.0098002
12.055	-0.0074491
12.06	-0.0029399
12.065	-0.0013014
12.07	0.0018657
12.075	0.001793
12.08	-0.0052399
12.085	-0.011248
12.09	-0.011378
12.095	-0.0074568
12.1	-0.0015889
12.105	0.0088764
12.11	0.022865
12.115	0.028778
12.12	0.030386
12.125	0.034029
12.13	0.031687
12.135	0.024394
12.14	0.014799
12.145	0.0052308
12.15	-0.0058039
12.155	-0.020438
12.16	-0.033111
12.165	-0.048239
12.17	-0.058388
12.175	-0.064085
12.18	-0.066588
12.185	-0.062236
12.19	-0.057544
12.195	-0.041759
12.2	-0.020683
12.205	-0.0036679
12.21	0.0026088
12.215	0.001187
12.22	-0.0060477
12.225	-0.01376
12.23	-0.027105
12.235	-0.044377
12.24	-0.053844
12.245	-0.052346
12.25	-0.053213
12.255	-0.06059
12.26	-0.06149
12.265	-0.051928
12.27	-0.04347
12.275	-0.033925
12.28	-0.024547
12.285	-0.010538
12.29	0.0067755
12.295	0.022521
12.3	0.031448
12.305	0.03845
12.31	0.050482
12.315	0.056658
12.32	0.057625
12.325	0.059355
12.33	0.063277
12.335	0.074774
12.34	0.084044
12.345	0.08738
12.35	0.088313
12.355	0.084674
12.36	0.081732
12.365	0.075453
12.37	0.066528
12.375	0.06272
12.38	0.060276
12.385	0.061821
12.39	0.063519
12.395	0.067152
12.4	0.06588
12.405	0.067733
12.41	0.07664
12.415	0.079783
12.42	0.076811
12.425	0.081703
12.43	0.090353
12.435	0.093903
12.44	0.095425
12.445	0.09867
12.45	0.10679
12.455	0.11472
12.46	0.11906
12.465	0.11507
12.47	0.10874
12.475	0.1056
12.48	0.10171
12.485	0.10031
12.49	0.094892
12.495	0.085405
12.5	0.066716
12.505	0.04191
12.51	0.022442
12.515	0.011048
12.52	-0.0021065
12.525	-0.013696
12.53	-0.018563
12.535	-0.019161
12.54	-0.013988
12.545	-0.0070178
12.55	-9.3108e-05
12.555	0.0090849
12.56	0.025868
12.565	0.03874
12.57	0.046981
12.575	0.052826
12.58	0.048001
12.585	0.042586
12.59	0.04126
12.595	0.039697
12.6	0.030287
12.605	0.025874
12.61	0.027877
12.615	0.019159
12.62	0.0065605
12.625	0.0027389
12.63	-0.00072271
12.635	-0.0040472
12.64	-0.0074084
12.645	-0.011995
12.65	-0.013534
12.655	-0.012038
12.66	-0.013345
12.665	-0.018568
12.67	-0.023196
12.675	-0.024142
12.68	-0.024779
12.685	-0.027074
12.69	-0.03413
12.695	-0.046465
12.7	-0.056621
12.705	-0.060721
12.71	-0.066595
12.715	-0.075044
12.72	-0.076726
12.725	-0.073465
12.73	-0.068795
12.735	-0.060971
12.74	-0.05041
12.745	-0.034684
12.75	-0.016927
12.755	-0.0068456
12.76	0.0016206
12.765	-0.00056543
12.77	-0.0092222
12.775	-0.014347
12.78	-0.019461
12.785	-0.029513
12.79	-0.036713
12.795	-0.040278
12.8	-0.03813
12.805	-0.034743
12.81	-0.026373
12.815	-0.019768
12.82	-0.020885
12.825	-0.026717
12.83	-0.030767
12.835	-0.034457
12.84	-0.045391
12.845	-0.05601
12.85	-0.06394
12.855	-0.065501
12.86	-0.059996
12.865	-0.057137
12.87	-0.06071
12.875	-0.067603
12.88	-0.074189
12.885	-0.076358
12.89	-0.072967
12.895	-0.065901
12.9	-0.061748
12.905	-0.06089
12.91	-0.059019
12.915	-0.061298
12.92	-0.065934
12.925	-0.06671
12.93	-0.069203
12.935	-0.072328
12.94	-0.075505
12.945	-0.077213
12.95	-0.08024
12.955	-0.083413
12.96	-0.083827
12.965	-0.083582
12.97	-0.082239
12.975	-0.079854
12.98	-0.081031
12.985	-0.079744
12.99	-0.074286
12.995	-0.066128
13	-0.060943
13.005	-0.057199
13.01	-0.046222
13.015	-0.035774
13.02	-0.028919
13.025	-0.018495
13.03	-0.0096634
13.035	-0.0027613
13.04	0.0031724
13.045	0.0065623
13.05	0.0060699
13.055	0.0083813
13.06	0.012988
13.065	0.012968
13.07	0.017817
13.075	0.028932
13.08	0.037171
13.085	0.043469
13.09	0.049157
13.095	0.054862
13.1	0.059607
13.105	0.067264
13.11	0.078645
13.115	0.079706
13.12	0.074984
13.125	0.071253
13.13	0.064174
13.135	0.053541
13.14	0.040362
13.145	0.029688
13.15	0.017174
13.155	0.004152
13.16	-8.6175e-05
13.165	-0.0016084
13.17	-0.0022749
13.175	-0.0046584
13.18	-0.0056539
13.185	-0.001157
13.19	-0.0028842
13.195	-0.01111
13.2	-0.020487
13.205	-0.029127
13.21	-0.035026
13.215	-0.039052
13.22	-0.043151
13.225	-0.050537
13.23	-0.060904
13.235	-0.069291
13.24	-0.069439
13.245	-0.064073
13.25	-0.058367
13.255	-0.05034
13.26	-0.041145
13.265	-0.029158
13.27	-0.012606
13.275	0.0057467
13.28	0.022151
13.285	0.032164
13.29	0.041594
13.295	0.047803
13.3	0.048363
13.305	0.045672
13.31	0.040233
13.315	0.035538
13.32	0.031866
13.325	0.0338
13.33	0.038127
13.335	0.045486
13.34	0.055945
13.345	0.069912
13.35	0.087308
13.355	0.10227
13.36	0.11137
13.365	0.10759
13.37	0.097806
13.375	0.09227
13.38	0.079044
13.385	0.054893
13.39	0.034749
13.395	0.018666
13.4	0.0012243
13.405	-0.0237
13.41	-0.043077
13.415	-0.055127
13.42	-0.056296
13.425	-0.049428
13.43	-0.03972
13.435	-0.02994
13.44	-0.01416
13.445	0.0067682
13.45	0.017558
13.455	0.029999
13.46	0.043813
13.465	0.048512
13.47	0.045909
13.475	0.044849
13.48	0.040687
13.485	0.03243
13.49	0.02749
13.495	0.026188
13.5	0.022693
13.505	0.01581
13.51	0.011601
13.515	0.012585
13.52	0.013977
13.525	0.014054
13.53	0.020358
13.535	0.028771
13.54	0.033849
13.545	0.035604
13.55	0.0322
13.555	0.031361
13.56	0.031307
13.565	0.025218
13.57	0.018123
13.575	0.012815
13.58	0.0081491
13.585	-0.0017003
13.59	-0.015726
13.595	-0.029028
13.6	-0.034672
13.605	-0.038396
13.61	-0.031808
13.615	-0.025538
13.62	-0.022886
13.625	-0.015541
13.63	-0.0070621
13.635	0.00019549
13.64	0.0045233
13.645	0.0012867
13.65	-0.0073586
13.655	-0.015979
13.66	-0.023425
13.665	-0.02866
13.67	-0.034389
13.675	-0.037
13.68	-0.039395
13.685	-0.039868
13.69	-0.034794
13.695	-0.032069
13.7	-0.03059
13.705	-0.027032
13.71	-0.021807
13.715	-0.016511
13.72	-0.012318
13.725	-0.0076464
13.73	-0.0048955
13.735	-0.0048659
13.74	-0.0044767
13.745	-0.0086672
13.75	-0.020883
13.755	-0.038538
13.76	-0.051716
13.765	-0.060303
13.77	-0.067283
13.775	-0.0688
13.78	-0.067391
13.785	-0.066227
13.79	-0.060696
13.795	-0.052795
13.8	-0.046541
13.805	-0.039188
13.81	-0.032182
13.815	-0.032596
13.82	-0.036211
13.825	-0.036581
13.83	-0.039682
13.835	-0.039562
13.84	-0.025583
13.845	-0.0091319
13.85	0.0078802
13.855	0.025665
13.86	0.04161
13.865	0.053754
13.87	0.062694
13.875	0.071517
13.88	0.077919
13.885	0.079575
13.89	0.078553
13.895	0.080796
13.9	0.082266
13.905	0.081502
13.91	0.087183
13.915	0.09543
13.92	0.10212
13.925	0.11102
13.93	0.11863
13.935	0.12235
13.94	0.12404
13.945	0.12459
13.95	0.12315
13.955	0.12131
13.96	0.1182
13.965	0.11393
13.97	0.10842
13.975	0.10065
13.98	0.093721
13.985	0.092489
13.99	0.095081
13.995	0.10053
14	0.10373
14.005	0.10483
14.01	0.10973
14.015	0.12019
14.02	0.13188
14.025	0.1383
14.03	0.14114
14.035	0.14162
14.04	0.14555
14.045	0.14931
14.05	0.14933
14.055	0.14761
14.06	0.14371
14.065	0.13665
14.07	0.1228
14.075	0.10573
14.08	0.085839
14.085	0.064723
14.09	0.04919
14.095	0.043945
14.1	0.038378
14.105	0.030759
14.11	0.02446
14.115	0.015461
14.12	0.0029838
14.125	-0.0010284
14.13	-0.0080058
14.135	-0.025594
14.14	-0.044247
14.145	-0.05185
14.15	-0.056873
14.155	-0.068714
14.16	-0.076556
14.165	-0.077881
14.17	-0.079963
14.175	-0.080329
14.18	-0.078405
14.185	-0.06906
14.19	-0.056975
14.195	-0.039905
14.2	-0.017382
14.205	0.0052785
14.21	0.021299
14.215	0.027269
14.22	0.027123
14.225	0.025684
14.23	0.019506
14.235	0.0082668
14.24	-0.00039712
14.245	-0.0042517
14.25	-0.012061
14.255	-0.020802
14.26	-0.025359
14.265	-0.027965
14.27	-0.033918
14.275	-0.045212
14.28	-0.059331
14.285	-0.079483
14.29	-0.09319
14.295	-0.099672
14.3	-0.10704
14.305	-0.11375
14.31	-0.11386
14.315	-0.11726
14.32	-0.12594
14.325	-0.12706
14.33	-0.12561
14.335	-0.12529
14.34	-0.12601
14.345	-0.12479
14.35	-0.12303
14.355	-0.12034
14.36	-0.12001
14.365	-0.12175
14.37	-0.11688
14.375	-0.11049
14.38	-0.10245
14.385	-0.090481
14.39	-0.072115
14.395	-0.04923
14.4	-0.030669
14.405	-0.016695
14.41	-0.0034101
14.415	0.00068195
14.42	-0.0034803
14.425	-0.011596
14.43	-0.019561
14.435	-0.024889
14.44	-0.029578
14.445	-0.028124
14.45	-0.026763
14.455	-0.029676
14.46	-0.03329
14.465	-0.028886
14.47	-0.020553
14.475	-0.011072
14.48	-0.0010768
14.485	0.0075757
14.49	0.015697
14.495	0.022006
14.5	0.02463
14.505	0.026551
14.51	0.026216
14.515	0.02142
14.52	0.02011
14.525	0.020783
14.53	0.018987
14.535	0.016927
14.54	0.014355
14.545	0.019496
14.55	0.026459
14.555	0.031747
14.56	0.038085
14.565	0.042815
14.57	0.047646
14.575	0.057736
14.58	0.06532
14.585	0.067523
14.59	0.068045
14.595	0.0665
14.6	0.061407
14.605	0.059519
14.61	0.065023
14.615	0.069878
14.62	0.062411
14.625	0.062345
14.63	0.072916
14.635	0.082683
14.64	0.082382
14.645	0.080411
14.65	0.077325
14.655	0.076913
14.66	0.073213
14.665	0.064049
14.67	0.052546
14.675	0.035299
14.68	0.020727
14.685	0.0079961
14.69	0.00019497
14.695	-0.0091214
14.7	-0.01807
14.705	-0.018624
14.71	-0.01794
14.715	-0.024248
14.72	-0.033231
14.725	-0.040668
14.73	-0.046961
14.735	-0.049362
14.74	-0.046191
14.745	-0.045946
14.75	-0.052959
14.755	-0.062584
14.76	-0.065672
14.765	-0.06362
14.77	-0.064426
14.775	-0.069666
14.78	-0.07368
14.785	-0.07691
14.79	-0.079747
14.795	-0.087525
14.8	-0.099215
14.805	-0.10811
14.81	-0.11209
14.815	-0.11801
14.82	-0.12182
14.825	-0.11893
14.83	-0.11326
14.835	-0.1079
14.84	-0.10079
14.845	-0.096076
14.85	-0.092913
14.855	-0.090206
14.86	-0.092263
14.865	-0.089569
14.87	-0.086707
14.875	-0.090593
14.88	-0.093781
14.885	-0.096595
14.89	-0.093845
14.895	-0.088528
14.9	-0.086962
14.905	-0.083118
14.91	-0.078683
14.915	-0.077092
14.92	-0.073962
14.925	-0.069767
14.93	-0.069381
14.935	-0.065465
14.94	-0.063389
14.945	-0.066498
14.95	-0.063249
14.955	-0.063154
14.96	-0.067578
14.965	-0.067769
14.97	-0.073232
14.975	-0.080089
14.98	-0.076032
14.985	-0.073218
14.99	-0.071009
14.995	-0.065647
15	-0.059269
15.005	-0.056612
15.01	-0.053092
15.015	-0.049882
15.02	-0.045705
15.025	-0.043666
15.03	-0.043221
15.035	-0.037307
15.04	-0.029681
15.045	-0.018043
15.05	-0.0088592
15.055	0.00034072
15.06	0.0093554
15.065	0.011359
15.07	0.019159
15.075	0.026202
15.08	0.029304
15.085	0.035554
15.09	0.046454
15.095	0.05948
15.1	0.059649
15.105	0.058067
15.11	0.066148
15.115	0.07207
15.12	0.073341
15.125	0.076226
15.13	0.077107
15.135	0.079288
15.14	0.088081
15.145	0.094209
15.15	0.10049
15.155	0.10735
15.16	0.10956
15.165	0.11377
15.17	0.11794
15.175	0.12586
15.18	0.12982
15.185	0.13006
15.19	0.13457
15.195	0.14016
15.2	0.14028
15.205	0.1334
15.21	0.1238
15.215	0.11421
15.22	0.10895
15.225	0.10666
15.23	0.10097
15.235	0.095174
15.24	0.090249
15.245	0.083094
15.25	0.076025
15.255	0.071281
15.26	0.070713
15.265	0.067724
15.27	0.063969
15.275	0.062842
15.28	0.063227
15.285	0.063602
15.29	0.059646
15.295	0.057463
15.3	0.060762
15.305	0.059963
15.31	0.056416
15.315	0.058594
15.32	0.063647
15.325	0.067155
15.33	0.073879
15.335	0.079544
15.34	0.08194
15.345	0.085116
15.35	0.089949
15.355	0.091324
15.36	0.090878
15.365	0.095141
15.37	0.10042
15.375	0.1019
15.38	0.10139
15.385	0.10433
15.39	0.10841
15.395	0.10809
15.4	0.10491
15.405	0.10168
15.41	0.096958
15.415	0.092643
15.42	0.088129
15.425	0.077766
15.43	0.065543
15.435	0.061397
15.44	0.057044
15.445	0.054119
15.45	0.052083
15.455	0.049085
15.46	0.04379
15.465	0.041428
15.47	0.03846
15.475	0.032855
15.48	0.020579
15.485	0.0080169
15.49	0.0038927
15.495	-0.0012953
15.5	-0.0096025
15.505	-0.018244
15.51	-0.029836
15.515	-0.045236
15.52	-0.061895
15.525	-0.074398
15.53	-0.085483
15.535	-0.097011
15.54	-0.10964
15.545	-0.11769
15.55	-0.12234
15.555	-0.12572
15.56	-0.12693
15.565	-0.1271
15.57	-0.12322
15.575	-0.11895
15.58	-0.12089
15.585	-0.12285
15.59	-0.12188
15.595	-0.11738
15.6	-0.11231
15.605	-0.10839
15.61	-0.10189
15.615	-0.098182
15.62	-0.099489
15.625	-0.094452
15.63	-0.089292
15.635	-0.090033
15.64	-0.088628
15.645	-0.084911
15.65	-0.081507
15.655	-0.076876
15.66	-0.076174
15.665	-0.078083
15.67	-0.076387
15.675	-0.072759
15.68	-0.070588
15.685	-0.065755
15.69	-0.059607
15.695	-0.054744
15.7	-0.054135
15.705	-0.052598
15.71	-0.052902
15.715	-0.051467
15.72	-0.045201
15.725	-0.043744
15.73	-0.04736
15.735	-0.048998
15.74	-0.047255
15.745	-0.053321
15.75	-0.066073
15.755	-0.068589
15.76	-0.065056
15.765	-0.06459
15.77	-0.064575
15.775	-0.063088
15.78	-0.058957
15.785	-0.051116
15.79	-0.039738
15.795	-0.032459
15.8	-0.026744
15.805	-0.014614
15.81	-0.0067704
15.815	-0.0011964
15.82	0.0054024
15.825	0.0015295
15.83	-0.0022892
15.835	-0.0028615
15.84	0.00099776
15.845	0.0093886
15.85	0.017018
15.855	0.022875
15.86	0.031169
15.865	0.039708
15.87	0.042443
15.875	0.046061
15.88	0.048373
15.885	0.049434
15.89	0.047059
15.895	0.044293
15.9	0.043656
15.905	0.044813
15.91	0.051244
15.915	0.05654
15.92	0.060442
15.925	0.071529
15.93	0.07323
15.935	0.074127
15.94	0.076084
15.945	0.075595
15.95	0.079722
15.955	0.08071
15.96	0.077928
15.965	0.075338
15.97	0.067356
15.975	0.056831
15.98	0.040296
15.985	0.01591
15.99	-0.0060228
15.995	-0.022459
16	-0.02856
16.005	-0.031656
16.01	-0.035146
16.015	-0.036036
16.02	-0.034143
16.025	-0.033397
16.03	-0.031553
16.035	-0.033526
16.04	-0.028661
16.045	-0.021166
16.05	-0.019133
16.055	-0.016854
16.06	-0.015113
16.065	-0.017149
16.07	-0.02239
16.075	-0.022424
16.08	-0.017197
16.085	-0.015059
16.09	-0.017704
16.095	-0.01628
16.1	-0.013879
16.105	-0.016558
16.11	-0.020377
16.115	-0.026528
16.12	-0.033583
16.125	-0.040035
16.13	-0.044807
16.135	-0.043593
16.14	-0.043768
16.145	-0.042433
16.15	-0.0404
16.155	-0.036898
16.16	-0.032333
16.165	-0.02867
16.17	-0.020557
16.175	-0.011551
16.18	-0.0069448
16.185	-0.0017908
16.19	0.0042408
16.195	0.011182
16.2	0.015538
16.205	0.021539
16.21	0.027146
16.215	0.032923
16.22	0.0359
16.225	0.031826
16.23	0.028792
16.235	0.034701
16.24	0.036185
16.245	0.033382
16.25	0.027438
16.255	0.026537
16.26	0.029728
16.265	0.032424
16.27	0.037805
16.275	0.040751
16.28	0.043354
16.285	0.047396
16.29	0.044927
16.295	0.04343
16.3	0.040639
16.305	0.033023
16.31	0.029368
16.315	0.027844
16.32	0.022441
16.325	0.019018
16.33	0.020509
16.335	0.022965
16.34	0.024171
16.345	0.021585
16.35	0.016758
16.355	0.011179
16.36	0.008429
16.365	0.0059934
16.37	0.0043715
16.375	0.0031409
16.38	0.00027915
16.385	-0.008821
16.39	-0.016238
16.395	-0.018836
16.4	-0.021768
16.405	-0.022905
16.41	-0.024069
16.415	-0.023682
16.42	-0.025548
16.425	-0.027988
16.43	-0.024416
16.435	-0.022483
16.44	-0.021335
16.445	-0.015921
16.45	-0.014934
16.455	-0.02107
16.46	-0.022251
16.465	-0.01871
16.47	-0.014213
16.475	-0.014074
16.48	-0.016862
16.485	-0.015983
16.49	-0.017071
16.495	-0.016884
16.5	-0.017616
16.505	-0.019271
16.51	-0.017777
16.515	-0.015537
16.52	-0.0089153
16.525	-0.0095304
16.53	-0.012469
16.535	-0.011572
16.54	-0.0075375
16.545	-0.0059336
16.55	-0.01049
16.555	-0.013116
16.56	-0.006809
16.565	-0.00096552
16.57	-0.00059581
16.575	-0.0027837
16.58	-0.002509
16.585	-0.0012837
16.59	-0.0014712
16.595	0.0018939
16.6	0.0071462
16.605	0.0048622
16.61	0.0076695
16.615	0.016789
16.62	0.022272
16.625	0.024371
16.63	0.026526
16.635	0.030726
16.64	0.033478
16.645	0.037171
16.65	0.034002
16.655	0.029883
16.66	0.033328
16.665	0.031639
16.67	0.0261
16.675	0.021245
16.68	0.014206
16.685	0.0068417
16.69	0.0015549
16.695	0.0039846
16.7	0.0047385
16.705	0.0023623
16.71	0.0030229
16.715	0.0030124
16.72	0.0028173
16.725	-0.0006777
16.73	-0.011416
16.735	-0.024821
16.74	-0.032669
16.745	-0.031805
16.75	-0.033287
16.755	-0.036925
16.76	-0.035926
16.765	-0.031956
16.77	-0.02621
16.775	-0.022836
16.78	-0.023518
16.785	-0.023873
16.79	-0.022507
16.795	-0.020578
16.8	-0.019796
16.805	-0.022531
16.81	-0.026894
16.815	-0.031886
16.82	-0.039613
16.825	-0.045285
16.83	-0.049849
16.835	-0.052195
16.84	-0.053869
16.845	-0.050157
16.85	-0.045346
16.855	-0.039323
16.86	-0.026902
16.865	-0.014908
16.87	-0.0009287
16.875	0.017877
16.88	0.033332
16.885	0.040464
16.89	0.044014
16.895	0.047858
16.9	0.050071
16.905	0.050423
16.91	0.049278
16.915	0.043439
16.92	0.036092
16.925	0.028356
16.93	0.022717
16.935	0.017078
16.94	0.0077417
16.945	0.0027481
16.95	0.0021199
16.955	-0.00090785
16.96	0.00063694
16.965	5.4548e-05
16.97	0.0011913
16.975	0.0055497
16.98	0.0094461
16.985	0.012434
16.99	0.010707
16.995	0.0098047
17	0.0087993
17.005	0.0067263
17.01	0.0043755
17.015	-0.00047922
17.02	-0.0077874
17.025	-0.011156
17.03	-0.010808
17.035	-0.0088954
17.04	-0.011374
17.045	-0.015807
17.05	-0.019186
17.055	-0.020969
17.06	-0.017909
17.065	-0.010749
17.07	-0.0032803
17.075	0.0037199
17.08	0.0071739
17.085	0.012802
17.09	0.020754
17.095	0.027449
17.1	0.031618
17.105	0.033317
17.11	0.035165
17.115	0.034264
17.12	0.030294
17.125	0.026636
17.13	0.020622
17.135	0.014638
17.14	0.013618
17.145	0.013056
17.15	0.0098022
17.155	0.0062943
17.16	0.010007
17.165	0.01212
17.17	0.013722
17.175	0.018242
17.18	0.020139
17.185	0.02146
17.19	0.020839
17.195	0.021509
17.2	0.022781
17.205	0.019683
17.21	0.018309
17.215	0.01885
17.22	0.019265
17.225	0.019571
17.23	0.016513
17.235	0.011006
17.24	0.0044911
17.245	0.0047004
17.25	0.0042185
17.255	-0.0038355
17.26	-0.0065655
17.265	-0.0055035
17.27	-0.0064504
17.275	-0.0040979
17.28	0.0021675
17.285	0.0033455
17.29	0.0048596
17.295	0.0081013
17.3	0.011161
17.305	0.014073
17.31	0.01541
17.315	0.013869
17.32	0.013924
17.325	0.017226
17.33	0.013564
17.335	0.0082117
17.34	0.0054974
17.345	0.0024606
17.35	-0.0020438
17.355	-0.0096729
17.36	-0.015522
17.365	-0.021495
17.37	-0.026469
17.375	-0.029035
17.38	-0.032892
17.385	-0.032129
17.39	-0.028594
17.395	-0.025171
17.4	-0.022653
17.405	-0.022039
17.41	-0.02134
17.415	-0.024216
17.42	-0.029532
17.425	-0.033957
17.43	-0.035584
17.435	-0.034799
17.44	-0.03282
17.445	-0.034949
17.45	-0.037812
17.455	-0.039025
17.46	-0.039291
17.465	-0.042186
17.47	-0.051247
17.475	-0.060151
17.48	-0.065791
17.485	-0.069109
17.49	-0.065611
17.495	-0.064656
17.5	-0.063041
17.505	-0.051922
17.51	-0.032927
17.515	-0.018073
17.52	-0.011242
17.525	-0.0008906
17.53	0.0066917
17.535	0.012769
17.54	0.020069
17.545	0.024873
17.55	0.026202
17.555	0.024099
17.56	0.02721
17.565	0.028494
17.57	0.026696
17.575	0.023231
17.58	0.013827
17.585	0.0060807
17.59	0.000573
17.595	-0.0071233
17.6	-0.016499
17.605	-0.024099
17.61	-0.024609
17.615	-0.0246
17.62	-0.027236
17.625	-0.025377
17.63	-0.023962
17.635	-0.021428
17.64	-0.01508
17.645	-0.010296
17.65	-0.005355
17.655	-0.0010308
17.66	0.0056954
17.665	0.0080196
17.67	0.0089503
17.675	0.010879
17.68	0.013242
17.685	0.016502
17.69	0.015742
17.695	0.012762
17.7	0.0095825
17.705	0.0051109
17.71	0.0021423
17.715	0.00060103
17.72	-0.0011314
17.725	-0.0073109
17.73	-0.017475
17.735	-0.021655
17.74	-0.027098
17.745	-0.029912
17.75	-0.027864
17.755	-0.025394
17.76	-0.020887
17.765	-0.015541
17.77	-0.0057855
17.775	0.0076518
17.78	0.014597
17.785	0.017921
17.79	0.021673
17.795	0.024264
17.8	0.018923
17.805	0.0096813
17.81	0.0056454
17.815	0.0029694
17.82	-0.0051511
17.825	-0.010404
17.83	-0.014843
17.835	-0.01675
17.84	-0.015601
17.845	-0.017241
17.85	-0.016962
17.855	-0.017409
17.86	-0.015395
17.865	-0.014187
17.87	-0.017476
17.875	-0.019732
17.88	-0.024674
17.885	-0.030584
17.89	-0.035092
17.895	-0.042515
17.9	-0.043571
17.905	-0.036589
17.91	-0.028195
17.915	-0.021262
17.92	-0.005761
17.925	0.0066823
17.93	0.0085914
17.935	0.0077203
17.94	0.0022503
17.945	-0.010344
17.95	-0.018602
17.955	-0.02597
17.96	-0.02932
17.965	-0.029219
17.97	-0.031566
17.975	-0.027857
17.98	-0.01722
17.985	-0.0060398
17.99	0.0030741
17.995	0.0099637
18	0.017797
18.005	0.025787
18.01	0.035047
18.015	0.042553
18.02	0.047327
18.025	0.056185
18.03	0.063271
18.035	0.065765
18.04	0.067435
18.045	0.069141
18.05	0.070575
18.055	0.069246
18.06	0.066104
18.065	0.060543
18.07	0.051042
18.075	0.04149
18.08	0.031295
18.085	0.024246
18.09	0.021498
18.095	0.017899
18.1	0.013841
18.105	0.01144
18.11	0.012616
18.115	0.010371
18.12	0.0010578
18.125	-0.010177
18.13	-0.020744
18.135	-0.026478
18.14	-0.032627
18.145	-0.037874
18.15	-0.034369
18.155	-0.033492
18.16	-0.032365
18.165	-0.030688
18.17	-0.028462
18.175	-0.0254
18.18	-0.022494
18.185	-0.019557
18.19	-0.015601
18.195	-0.012575
18.2	-0.0061198
18.205	-0.0024798
18.21	-0.0017561
18.215	-0.0041152
18.22	-0.0072772
18.225	-0.0053086
18.23	-0.0093681
18.235	-0.017429
18.24	-0.018822
18.245	-0.016811
18.25	-0.016197
18.255	-0.018685
18.26	-0.023736
18.265	-0.02624
18.27	-0.029925
18.275	-0.030309
18.28	-0.028328
18.285	-0.028441
18.29	-0.025974
18.295	-0.024567
18.3	-0.023056
18.305	-0.019958
18.31	-0.01606
18.315	-0.012336
18.32	-0.0093598
18.325	-0.0075947
18.33	-0.0054285
18.335	-0.0009292
18.34	-0.0013683
18.345	-0.0074302
18.35	-0.009167
18.355	-0.0063654
18.36	-0.0076424
18.365	-0.006985
18.37	-0.0050449
18.375	-0.0011371
18.38	0.00271
18.385	0.0024826
18.39	0.0053187
18.395	0.0098616
18.4	0.012712
18.405	0.01615
18.41	0.015386
18.415	0.0093303
18.42	6.3663e-05
18.425	-0.0021215
18.43	-0.00055826
18.435	-0.0028265
18.44	-0.0046698
18.445	-0.0049449
18.45	-0.0034684
18.455	0.00022568
18.46	-0.0019011
18.465	-0.0048624
18.47	-0.0059897
18.475	-0.0071765
18.48	-0.0090167
18.485	-0.0081303
18.49	-0.0061958
18.495	-0.0096167
18.5	-0.012844
18.505	-0.012774
18.51	-0.011411
18.515	-0.0081608
18.52	-0.0080472
18.525	-0.0079389
18.53	-0.0090166
18.535	-0.0096696
18.54	-0.0088734
18.545	-0.0096991
18.55	-0.011906
18.555	-0.011756
18.56	-0.010218
18.565	-0.01182
18.57	-0.010647
18.575	-0.0052129
18.58	-0.0034822
18.585	-0.0032211
18.59	-0.0023808
18.595	-0.0025865
18.6	-0.00044884
18.605	0.00073768
18.61	0.0032414
18.615	0.005779
18.62	0.0073997
18.625	0.0086624
18.63	0.0085728
18.635	0.0065623
18.64	0.0079253
18.645	0.0083192
18.65	0.0083571
18.655	0.0098181
18.66	0.0080403
18.665	0.007512
18.67	0.0075223
18.675	0.006782
18.68	0.0091516
18.685	0.008158
18.69	0.0061316
18.695	-0.0039637
18.7	-0.010944
18.705	-0.012306
18.71	-0.017367
18.715	-0.022279
18.72	-0.023284
18.725	-0.026531
18.73	-0.031187
18.735	-0.034114
18.74	-0.030362
18.745	-0.025049
18.75	-0.018543
18.755	-0.009034
18.76	-0.0036078
18.765	0.002676
18.77	0.0098583
18.775	0.015594
18.78	0.020791
18.785	0.02451
18.79	0.029403
18.795	0.034133
18.8	0.037866
18.805	0.040691
18.81	0.045386
18.815	0.05216
18.82	0.057905
18.825	0.058358
18.83	0.060896
18.835	0.065311
18.84	0.069383
18.845	0.07044
18.85	0.071406
18.855	0.076096
18.86	0.080509
18.865	0.086159
18.87	0.090042
18.875	0.09263
18.88	0.09469
18.885	0.094925
18.89	0.092744
18.895	0.090501
18.9	0.089552
18.905	0.085273
18.91	0.079367
18.915	0.074737
18.92	0.071892
18.925	0.066076
18.93	0.059353
18.935	0.053683
18.94	0.048609
18.945	0.043274
18.95	0.040046
18.955	0.038883
18.96	0.036172
18.965	0.0359
18.97	0.036719
18.975	0.036449
18.98	0.033989
18.985	0.030424
18.99	0.025229
18.995	0.022281
19	0.01877
19.005	0.01419
19.01	0.0088146
19.015	0.0074326
19.02	0.0049657
19.025	0.00024881
19.03	-0.0028583
19.035	-0.0067368
19.04	-0.01056
19.045	-0.012925
19.05	-0.016226
19.055	-0.018693
19.06	-0.0221
19.065	-0.022958
19.07	-0.023503
19.075	-0.024812
19.08	-0.026731
19.085	-0.028579
19.09	-0.028066
19.095	-0.025364
19.1	-0.021586
19.105	-0.018968
19.11	-0.018187
19.115	-0.015756
19.12	-0.014377
19.125	-0.012717
19.13	-0.015169
19.135	-0.018451
19.14	-0.019772
19.145	-0.022194
19.15	-0.025939
19.155	-0.027957
19.16	-0.029853
19.165	-0.031465
19.17	-0.033857
19.175	-0.036329
19.18	-0.037634
19.185	-0.038059
19.19	-0.038428
19.195	-0.038738
19.2	-0.037574
19.205	-0.035542
19.21	-0.035084
19.215	-0.035906
19.22	-0.036609
19.225	-0.033136
19.23	-0.029104
19.235	-0.026043
19.24	-0.021957
19.245	-0.021059
19.25	-0.019882
19.255	-0.016287
19.26	-0.012489
19.265	-0.013027
19.27	-0.014316
19.275	-0.01468
19.28	-0.01502
19.285	-0.016981
19.29	-0.017893
19.295	-0.019571
19.3	-0.02111
19.305	-0.020967
19.31	-0.020754
19.315	-0.020295
19.32	-0.018355
19.325	-0.016256
19.33	-0.013462
19.335	-0.010481
19.34	-0.0077406
19.345	-0.0051233
19.35	-0.0024172
19.355	0.0015196
19.36	0.0048513
19.365	0.0069044
19.37	0.0084534
19.375	0.010594
19.38	0.011885
19.385	0.012816
19.39	0.013345
19.395	0.014202
19.4	0.015109
19.405	0.016842
19.41	0.018014
19.415	0.017946
19.42	0.017459
19.425	0.017309
19.43	0.017538
19.435	0.017026
19.44	0.016353
19.445	0.015813
19.45	0.01519
19.455	0.015097
19.46	0.015007
19.465	0.014317
19.47	0.013604
19.475	0.012741
19.48	0.011208
19.485	0.010478
19.49	0.010368
19.495	0.010228
19.5	0.010638
19.505	0.011348
19.51	0.011555
19.515	0.011957
19.52	0.012469
19.525	0.012984
19.53	0.01314
19.535	0.01376
19.54	0.013878
19.545	0.013476
19.55	0.013035
19.555	0.012338
19.56	0.01161
19.565	0.011277
19.57	0.010666
19.575	0.0087261
19.58	0.0071557
19.585	0.0060889
19.59	0.0045765
19.595	0.0030836
19.6	0.0017411
19.605	0.00054109
19.61	-0.00058213
19.615	-0.0012856
19.62	-0.0020657
19.625	-0.0029008
19.63	-0.0033635
19.635	-0.0042655
19.64	-0.0053436
19.645	-0.0058967
19.65	-0.0061181
19.655	-0.0063443
19.66	-0.0065288
19.665	-0.0066826
19.67	-0.0067589
19.675	-0.006779
19.68	-0.0067497
19.685	-0.0066369
19.69	-0.0066229
19.695	-0.006614
19.7	-0.0062207
19.705	-0.005538
19.71	-0.005274
19.715	-0.0050818
19.72	-0.0049047
19.725	-0.0045573
19.73	-0.0041787
19.735	-0.0041817
19.74	-0.0042241
19.745	-0.0041347
19.75	-0.0040195
19.755	-0.0039403
19.76	-0.0039183
19.765	-0.0039907
19.77	-0.0040131
19.775	-0.0038972
19.78	-0.0037881
19.785	-0.0037605
19.79	-0.0038131
19.795	-0.0038714
19.8	-0.0038324
19.805	-0.0038185
19.81	-0.0038371
19.815	-0.0038213
19.82	-0.0037533
19.825	-0.0037237
19.83	-0.003732
19.835	-0.0037319
19.84	-0.0037089
19.845	-0.0036497
19.85	-0.0036199
19.855	-0.0035648
19.86	-0.0034795
19.865	-0.0034358
19.87	-0.0033852
19.875	-0.0033072
19.88	-0.003229
19.885	-0.0031999
19.89	-0.0031785
19.895	-0.0031345
19.9	-0.0031302
19.905	-0.0031515
19.91	-0.0031816
19.915	-0.0032147
19.92	-0.0032487
19.925	-0.0032778
19.93	-0.0033157
19.935	-0.0033737
19.94	-0.0034233
19.945	-0.0034586
19.95	-0.0034937
19.955	-0.0035259
19.96	-0.0035476
19.965	-0.0035697
19.97	-0.0035934
19.975	-0.0036057
19.98	-0.0036149
19.985	-0.0036272
19.99	-0.0036426
19.995	-0.00365
20	-0.0036541
20.005	-0.0036597
20.01	-0.0036639
20.015	-0.0036673
20.02	-0.0036697
20.025	-0.0036698
20.03	-0.0036685
20.035	-0.0036684
20.04	-0.0036686
20.045	-0.0036678
20.05	-0.0036664
20.055	-0.0036648
20.06	-0.0036625
20.065	-0.0036599
20.07	-0.0036567
20.075	-0.0036526
20.08	-0.0036473
20.085	-0.0036412
20.09	-0.0036342
20.095	-0.0036265
20.1	-0.0036181
20.105	-0.0036091
20.11	-0.0035995
20.115	-0.0035892
20.12	-0.0035782
20.125	-0.0035666
20.13	-0.0035543
20.135	-0.0035414
20.14	-0.0035277
20.145	-0.0035132
20.15	-0.0034981
20.155	-0.0034823
