0	3.1754e-05
0.01	0.00034176
0.02	0.0011655
0.03	0.00152
0.04	0.0012679
0.05	0.0011826
0.06	0.0011007
0.07	0.001027
0.08	0.00096109
0.09	0.00090037
0.1	0.00084231
0.11	0.00079057
0.12	0.0007489
0.13	0.00072306
0.14	0.00072326
0.15	0.00075525
0.16	0.00080872
0.17	0.00086337
0.18	0.00090212
0.19	0.00090782
0.2	0.00087211
0.21	0.00081328
0.22	0.00076287
0.23	0.00073564
0.24	0.00071519
0.25	0.00068133
0.26	0.00064118
0.27	0.00062655
0.28	0.00066659
0.29	0.00076365
0.3	0.0008798
0.31	0.00094831
0.32	0.0009165
0.33	0.00079582
0.34	0.00066112
0.35	0.00057586
0.36	0.00053095
0.37	0.00047407
0.38	0.00038508
0.39	0.00028014
0.4	0.0002065
0.41	0.00023968
0.42	0.00037756
0.43	0.00053738
0.44	0.00063531
0.45	0.00058916
0.46	0.00039952
0.47	0.00019577
0.48	9.6195e-05
0.49	8.9176e-05
0.5	8.9731e-05
0.51	6.4843e-05
0.52	7.476e-05
0.53	0.00013519
0.54	2.4595e-05
0.55	-0.00045003
0.56	-0.0010789
0.57	-0.001463
0.58	-0.0014037
0.59	-0.0010949
0.6	-0.00095771
0.61	-0.0011287
0.62	-0.0012716
0.63	-0.001038
0.64	-0.00052321
0.65	-0.00015265
0.66	-0.00023422
0.67	-0.00070004
0.68	-0.0011995
0.69	-0.0013639
0.7	-0.0011284
0.71	-0.00079454
0.72	-0.00071728
0.73	-0.00093382
0.74	-0.0012492
0.75	-0.0015811
0.76	-0.0019096
0.77	-0.0022169
0.78	-0.0025394
0.79	-0.0028172
0.8	-0.002757
0.81	-0.002172
0.82	-0.0014234
0.83	-0.0010671
0.84	-0.0011866
0.85	-0.0013307
0.86	-0.0010996
0.87	-0.00079542
0.88	-0.001062
0.89	-0.0017947
0.9	-0.0022752
0.91	-0.0022519
0.92	-0.0019277
0.93	-0.0014843
0.94	-0.0011296
0.95	-0.00093441
0.96	-0.00081105
0.97	-0.00081359
0.98	-0.0010716
0.99	-0.001467
1	-0.0015736
1.01	-0.0010948
1.02	-0.00019417
1.03	0.00073426
1.04	0.0013433
1.05	0.0015089
1.06	0.0014631
1.07	0.0016426
1.08	0.0021807
1.09	0.0025183
1.1	0.0019964
1.11	0.00088537
1.12	0.00027969
1.13	0.00057986
1.14	0.00076197
1.15	-0.00012725
1.16	-0.0016385
1.17	-0.0026384
1.18	-0.0028581
1.19	-0.0029822
1.2	-0.0035792
1.21	-0.0042919
1.22	-0.0038281
1.23	-0.0016838
1.24	0.00085735
1.25	0.002114
1.26	0.0015965
1.27	0.0003001
1.28	-0.00045473
1.29	-0.00023267
1.3	0.00035386
1.31	0.00045112
1.32	0.00011509
1.33	6.9796e-05
1.34	0.00055377
1.35	0.0012405
1.36	0.001399
1.37	0.00082008
1.38	0.00068002
1.39	0.0019615
1.4	0.0041763
1.41	0.0058638
1.42	0.0055955
1.43	0.0032469
1.44	3.9847e-05
1.45	-0.0027446
1.46	-0.0046083
1.47	-0.0059293
1.48	-0.0071112
1.49	-0.0080478
1.5	-0.0084366
1.51	-0.0079774
1.52	-0.0064739
1.53	-0.0039788
1.54	-0.0010666
1.55	0.0012481
1.56	0.0015416
1.57	-0.00055058
1.58	-0.0028854
1.59	-0.0030449
1.6	-0.00056377
1.61	0.0031453
1.62	0.0055664
1.63	0.005195
1.64	0.0032464
1.65	0.0020234
1.66	0.0024665
1.67	0.0033104
1.68	0.0026009
1.69	0.00072916
1.7	-2.8763e-05
1.71	0.001322
1.72	0.0033199
1.73	0.0030446
1.74	-0.00096617
1.75	-0.0065264
1.76	-0.0097315
1.77	-0.0081773
1.78	-0.002221
1.79	0.0051355
1.8	0.010295
1.81	0.012102
1.82	0.011631
1.83	0.010277
1.84	0.0092754
1.85	0.0087677
1.86	0.0077088
1.87	0.0053173
1.88	0.0011451
1.89	-0.0044336
1.9	-0.0098079
1.91	-0.013837
1.92	-0.016267
1.93	-0.017198
1.94	-0.01669
1.95	-0.013275
1.96	-0.005155
1.97	0.0058285
1.98	0.014645
1.99	0.017911
2	0.016187
2.01	0.011853
2.02	0.00761
2.03	0.0060042
2.04	0.0066328
2.05	0.0062764
2.06	0.0035554
2.07	0.00067346
2.08	0.00046203
2.09	0.0029309
2.1	0.005132
2.11	0.004724
2.12	0.0021329
2.13	-0.00064353
2.14	-0.001933
2.15	-0.001896
2.16	-0.0020704
2.17	-0.0040246
2.18	-0.0084919
2.19	-0.013233
2.2	-0.013665
2.21	-0.0083204
2.22	-0.00055345
2.23	0.0051789
2.24	0.0069233
2.25	0.0057935
2.26	0.0032707
2.27	-0.00013722
2.28	-0.003911
2.29	-0.0065935
2.3	-0.005713
2.31	-3.5748e-05
2.32	0.0079265
2.33	0.014438
2.34	0.018078
2.35	0.018816
2.36	0.01732
2.37	0.014659
2.38	0.010824
2.39	0.0043109
2.4	-0.0059622
2.41	-0.017071
2.42	-0.023456
2.43	-0.022418
2.44	-0.015949
2.45	-0.0092414
2.46	-0.0069747
2.47	-0.009382
2.48	-0.011846
2.49	-0.0095012
2.5	-0.0030621
2.51	0.0027524
2.52	0.0050472
2.53	0.0035915
2.54	-0.00093393
2.55	-0.0070624
2.56	-0.012982
2.57	-0.017941
2.58	-0.021316
2.59	-0.021503
2.6	-0.018425
2.61	-0.014171
2.62	-0.010371
2.63	-0.0080487
2.64	-0.0079593
2.65	-0.010064
2.66	-0.013718
2.67	-0.017103
2.68	-0.018359
2.69	-0.017035
2.7	-0.014034
2.71	-0.011608
2.72	-0.010987
2.73	-0.010243
2.74	-0.0069434
2.75	-0.0012546
2.76	0.0044629
2.77	0.0080618
2.78	0.011792
2.79	0.02065
2.8	0.034133
2.81	0.045122
2.82	0.047045
2.83	0.040848
2.84	0.033117
2.85	0.028575
2.86	0.027932
2.87	0.029176
2.88	0.029847
2.89	0.030762
2.9	0.034186
2.91	0.037819
2.92	0.033173
2.93	0.013075
2.94	-0.016234
2.95	-0.038313
2.96	-0.043731
2.97	-0.037153
2.98	-0.029161
2.99	-0.025322
3	-0.022796
3.01	-0.01631
3.02	-0.0054827
3.03	0.0047013
3.04	0.0097502
3.05	0.010922
3.06	0.012449
3.07	0.016037
3.08	0.020405
3.09	0.023494
3.1	0.025531
3.11	0.028613
3.12	0.0328
3.13	0.036475
3.14	0.038671
3.15	0.038243
3.16	0.034129
3.17	0.026311
3.18	0.014895
3.19	0.0023279
3.2	-0.0069065
3.21	-0.01286
3.22	-0.019304
3.23	-0.027329
3.24	-0.034334
3.25	-0.036742
3.26	-0.033467
3.27	-0.02707
3.28	-0.023472
3.29	-0.028961
3.3	-0.04242
3.31	-0.054026
3.32	-0.05515
3.33	-0.04618
3.34	-0.034024
3.35	-0.023197
3.36	-0.010892
3.37	0.0059574
3.38	0.022325
3.39	0.029722
3.4	0.02733
3.41	0.022348
3.42	0.021156
3.43	0.02501
3.44	0.029725
3.45	0.029084
3.46	0.021518
3.47	0.011267
3.48	0.0037779
3.49	0.00080808
3.5	-0.00053399
3.51	-0.0046525
3.52	-0.013094
3.53	-0.022247
3.54	-0.026929
3.55	-0.026439
3.56	-0.026052
3.57	-0.032841
3.58	-0.048697
3.59	-0.066458
3.6	-0.076755
3.61	-0.078076
3.62	-0.073727
3.63	-0.062799
3.64	-0.042848
3.65	-0.020081
3.66	-0.0057321
3.67	-0.0024313
3.68	-0.0018712
3.69	0.0072659
3.7	0.028683
3.71	0.053547
3.72	0.068967
3.73	0.071215
3.74	0.065707
3.75	0.057162
3.76	0.047282
3.77	0.038038
3.78	0.03207
3.79	0.030167
3.8	0.031034
3.81	0.0317
3.82	0.027926
3.83	0.018456
3.84	0.0067078
3.85	-0.0029671
3.86	-0.0084471
3.87	-0.0093813
3.88	-0.0059555
3.89	0.00011703
3.9	0.0049634
3.91	0.0058187
3.92	0.0045142
3.93	0.0042603
3.94	0.0043348
3.95	0.0023372
3.96	-0.0011622
3.97	-0.0034957
3.98	-0.0023334
3.99	0.0028261
4	0.0092847
4.01	0.013797
4.02	0.016185
4.03	0.01797
4.04	0.020021
4.05	0.022673
4.06	0.026885
4.07	0.033104
4.08	0.039964
4.09	0.045273
4.1	0.046378
4.11	0.041376
4.12	0.032258
4.13	0.023845
4.14	0.01767
4.15	0.01209
4.16	0.005964
4.17	-0.00097757
4.18	-0.0075966
4.19	-0.012038
4.2	-0.013176
4.21	-0.012141
4.22	-0.012434
4.23	-0.01611
4.24	-0.020615
4.25	-0.022384
4.26	-0.021608
4.27	-0.02062
4.28	-0.021001
4.29	-0.02279
4.3	-0.024255
4.31	-0.025004
4.32	-0.027459
4.33	-0.032504
4.34	-0.037686
4.35	-0.039852
4.36	-0.03733
4.37	-0.030782
4.38	-0.022986
4.39	-0.017087
4.4	-0.01433
4.41	-0.013532
4.42	-0.012242
4.43	-0.0092841
4.44	-0.0063909
4.45	-0.0068761
4.46	-0.013267
4.47	-0.024303
4.48	-0.035058
4.49	-0.040916
4.5	-0.041067
4.51	-0.037344
4.52	-0.031281
4.53	-0.024097
4.54	-0.017141
4.55	-0.012052
4.56	-0.0096608
4.57	-0.0096914
4.58	-0.012086
4.59	-0.016502
4.6	-0.021065
4.61	-0.022128
4.62	-0.016405
4.63	-0.0030114
4.64	0.016153
4.65	0.036243
4.66	0.052598
4.67	0.063988
4.68	0.071319
4.69	0.075324
4.7	0.076116
4.71	0.073666
4.72	0.068424
4.73	0.061609
4.74	0.053559
4.75	0.042383
4.76	0.0276
4.77	0.012991
4.78	0.0038281
4.79	0.0020167
4.8	0.0036833
4.81	0.003225
4.82	-0.0047432
4.83	-0.022421
4.84	-0.041775
4.85	-0.052331
4.86	-0.053788
4.87	-0.052886
4.88	-0.052868
4.89	-0.051269
4.9	-0.045399
4.91	-0.035233
4.92	-0.021967
4.93	-0.0068967
4.94	0.0074338
4.95	0.019063
4.96	0.028919
4.97	0.038494
4.98	0.047607
4.99	0.054566
5	0.056928
5.01	0.053421
5.02	0.046375
5.03	0.039435
5.04	0.034321
5.05	0.031371
5.06	0.029491
5.07	0.026762
5.08	0.022904
5.09	0.018597
5.1	0.011892
5.11	1.1279e-05
5.12	-0.015402
5.13	-0.028007
5.14	-0.032601
5.15	-0.030233
5.16	-0.025094
5.17	-0.02008
5.18	-0.016112
5.19	-0.012736
5.2	-0.0093399
5.21	-0.0057833
5.22	-0.0023323
5.23	0.00044955
5.24	0.002335
5.25	0.0021767
5.26	-0.0027924
5.27	-0.013782
5.28	-0.028091
5.29	-0.039511
5.3	-0.042969
5.31	-0.038797
5.32	-0.031421
5.33	-0.026343
5.34	-0.026043
5.35	-0.028864
5.36	-0.032731
5.37	-0.036396
5.38	-0.039385
5.39	-0.04218
5.4	-0.044763
5.41	-0.044921
5.42	-0.037884
5.43	-0.020525
5.44	0.0040736
5.45	0.027979
5.46	0.04429
5.47	0.051735
5.48	0.052395
5.49	0.048249
5.5	0.042103
5.51	0.038036
5.52	0.038042
5.53	0.039602
5.54	0.039595
5.55	0.037644
5.56	0.034437
5.57	0.03098
5.58	0.027558
5.59	0.023081
5.6	0.016507
5.61	0.0069737
5.62	-0.0067083
5.63	-0.024301
5.64	-0.041511
5.65	-0.052802
5.66	-0.057074
5.67	-0.057605
5.68	-0.05663
5.69	-0.05382
5.7	-0.049393
5.71	-0.045445
5.72	-0.042737
5.73	-0.03809
5.74	-0.02988
5.75	-0.020623
5.76	-0.01143
5.77	-0.0014199
5.78	0.008736
5.79	0.017303
5.8	0.02296
5.81	0.0241
5.82	0.020092
5.83	0.012317
5.84	0.0016179
5.85	-0.010949
5.86	-0.022133
5.87	-0.028685
5.88	-0.030165
5.89	-0.029674
5.9	-0.03084
5.91	-0.034254
5.92	-0.03809
5.93	-0.040349
5.94	-0.040658
5.95	-0.040211
5.96	-0.039972
5.97	-0.039081
5.98	-0.036177
5.99	-0.031195
6	-0.024734
6.01	-0.01882
6.02	-0.013873
6.03	-0.0054381
6.04	0.011226
6.05	0.035192
6.06	0.0605
6.07	0.081446
6.08	0.094708
6.09	0.099988
6.1	0.10049
6.11	0.099543
6.12	0.097165
6.13	0.09217
6.14	0.085149
6.15	0.077827
6.16	0.070808
6.17	0.062675
6.18	0.050826
6.19	0.03526
6.2	0.021343
6.21	0.013084
6.22	0.0086063
6.23	0.0046627
6.24	-0.0005136
6.25	-0.0066719
6.26	-0.012594
6.27	-0.018236
6.28	-0.024893
6.29	-0.033557
6.3	-0.042521
6.31	-0.049399
6.32	-0.054403
6.33	-0.058408
6.34	-0.060511
6.35	-0.058837
6.36	-0.052522
6.37	-0.042232
6.38	-0.029189
6.39	-0.014638
6.4	-9.2352e-05
6.41	0.012433
6.42	0.021244
6.43	0.025684
6.44	0.025414
6.45	0.021215
6.46	0.015428
6.47	0.010104
6.48	0.0057363
6.49	0.0016094
6.5	-0.0027322
6.51	-0.0072562
6.52	-0.012218
6.53	-0.018079
6.54	-0.024986
6.55	-0.031974
6.56	-0.037367
6.57	-0.040486
6.58	-0.041134
6.59	-0.039489
6.6	-0.036769
6.61	-0.034231
6.62	-0.032311
6.63	-0.0305
6.64	-0.02767
6.65	-0.022965
6.66	-0.017938
6.67	-0.014781
6.68	-0.013292
6.69	-0.012677
6.7	-0.013224
6.71	-0.015305
6.72	-0.017881
6.73	-0.019361
6.74	-0.019793
6.75	-0.020492
6.76	-0.022343
6.77	-0.02515
6.78	-0.028183
6.79	-0.03042
6.8	-0.030155
6.81	-0.026672
6.82	-0.021817
6.83	-0.016678
6.84	-0.0090299
6.85	0.0025236
6.86	0.015632
6.87	0.027347
6.88	0.036458
6.89	0.043398
6.9	0.050548
6.91	0.060398
6.92	0.073359
6.93	0.087742
6.94	0.10154
6.95	0.11417
6.96	0.1243
6.97	0.13055
6.98	0.13447
6.99	0.13799
7	0.14142
7.01	0.14537
7.02	0.15117
7.03	0.15888
7.04	0.16862
7.05	0.18134
7.06	0.1954
7.07	0.20705
7.08	0.21338
7.09	0.21464
7.1	0.21499
7.11	0.21809
7.12	0.22359
7.13	0.22799
7.14	0.2282
7.15	0.22455
7.16	0.21958
7.17	0.21539
7.18	0.21121
7.19	0.20518
7.2	0.1977
7.21	0.18923
7.22	0.17929
7.23	0.16723
7.24	0.15183
7.25	0.13264
7.26	0.11073
7.27	0.088397
7.28	0.067292
7.29	0.04616
7.3	0.023366
7.31	-0.00068192
7.32	-0.025096
7.33	-0.048633
7.34	-0.069919
7.35	-0.089771
7.36	-0.11216
7.37	-0.13848
7.38	-0.16399
7.39	-0.18246
7.4	-0.19111
7.41	-0.19391
7.42	-0.19788
7.43	-0.20654
7.44	-0.21882
7.45	-0.23125
7.46	-0.24209
7.47	-0.25174
7.48	-0.25883
7.49	-0.26092
7.5	-0.25727
7.51	-0.24926
7.52	-0.23804
7.53	-0.22419
7.54	-0.21065
7.55	-0.20147
7.56	-0.19712
7.57	-0.19543
7.58	-0.19697
7.59	-0.2052
7.6	-0.22221
7.61	-0.24546
7.62	-0.26972
7.63	-0.29222
7.64	-0.31335
7.65	-0.33569
7.66	-0.36129
7.67	-0.38831
7.68	-0.4125
7.69	-0.43098
7.7	-0.44387
7.71	-0.4538
7.72	-0.46391
7.73	-0.47402
7.74	-0.47903
7.75	-0.47339
7.76	-0.45617
7.77	-0.43019
7.78	-0.39796
7.79	-0.36069
7.8	-0.31939
7.81	-0.27509
7.82	-0.22825
7.83	-0.1783
7.84	-0.12517
7.85	-0.072037
7.86	-0.024183
7.87	0.016327
7.88	0.050301
7.89	0.076997
7.9	0.094455
7.91	0.10436
7.92	0.11093
7.93	0.11594
7.94	0.11978
7.95	0.12388
7.96	0.12933
7.97	0.13638
7.98	0.14688
7.99	0.16365
8	0.18612
8.01	0.21031
8.02	0.23208
8.03	0.24877
8.04	0.26063
8.05	0.26908
8.06	0.27393
8.07	0.27515
8.08	0.27353
8.09	0.26901
8.1	0.26142
8.11	0.25192
8.12	0.24268
8.13	0.23507
8.14	0.22867
8.15	0.22363
8.16	0.22112
8.17	0.22111
8.18	0.2235
8.19	0.22971
8.2	0.24168
8.21	0.25901
8.22	0.27887
8.23	0.29853
8.24	0.31608
8.25	0.33066
8.26	0.34148
8.27	0.3486
8.28	0.35363
8.29	0.35752
8.3	0.3591
8.31	0.3562
8.32	0.34938
8.33	0.34176
8.34	0.33652
8.35	0.33461
8.36	0.33268
8.37	0.32736
8.38	0.31873
8.39	0.30792
8.4	0.29503
8.41	0.27942
8.42	0.26037
8.43	0.23787
8.44	0.21351
8.45	0.19024
8.46	0.17053
8.47	0.15373
8.48	0.13482
8.49	0.10787
8.5	0.073339
8.51	0.037283
8.52	0.0035594
8.53	-0.027767
8.54	-0.058371
8.55	-0.091582
8.56	-0.13034
8.57	-0.17346
8.58	-0.21667
8.59	-0.25594
8.6	-0.28965
8.61	-0.3182
8.62	-0.34325
8.63	-0.36681
8.64	-0.38892
8.65	-0.40765
8.66	-0.41878
8.67	-0.41834
8.68	-0.40792
8.69	-0.39249
8.7	-0.3751
8.71	-0.35744
8.72	-0.34097
8.73	-0.3271
8.74	-0.31654
8.75	-0.30761
8.76	-0.29809
8.77	-0.28747
8.78	-0.27653
8.79	-0.26565
8.8	-0.25541
8.81	-0.24744
8.82	-0.24267
8.83	-0.24013
8.84	-0.23747
8.85	-0.23339
8.86	-0.22831
8.87	-0.22259
8.88	-0.21583
8.89	-0.20817
8.9	-0.19964
8.91	-0.18971
8.92	-0.17845
8.93	-0.16542
8.94	-0.14891
8.95	-0.12656
8.96	-0.09817
8.97	-0.067013
8.98	-0.036343
8.99	-0.0068372
9	0.021646
9.01	0.048845
9.02	0.074253
9.03	0.097154
9.04	0.11767
9.05	0.13604
9.06	0.15214
9.07	0.16664
9.08	0.17974
9.09	0.19061
9.1	0.19781
9.11	0.20009
9.12	0.1978
9.13	0.19232
9.14	0.18456
9.15	0.17529
9.16	0.16567
9.17	0.15659
9.18	0.14814
9.19	0.14085
9.2	0.13465
9.21	0.12792
9.22	0.12015
9.23	0.1128
9.24	0.10793
9.25	0.10787
9.26	0.11604
9.27	0.13744
9.28	0.17179
9.29	0.21168
9.3	0.25272
9.31	0.29546
9.32	0.33936
9.33	0.38242
9.34	0.42359
9.35	0.46127
9.36	0.49273
9.37	0.51767
9.38	0.53516
9.39	0.54055
9.4	0.53202
9.41	0.51282
9.42	0.48706
9.43	0.45814
9.44	0.42865
9.45	0.40026
9.46	0.37276
9.47	0.34473
9.48	0.31446
9.49	0.28069
9.5	0.2447
9.51	0.20968
9.52	0.17671
9.53	0.14441
9.54	0.11206
9.55	0.081006
9.56	0.051241
9.57	0.021468
9.58	-0.0070812
9.59	-0.033583
9.6	-0.059948
9.61	-0.086571
9.62	-0.11164
9.63	-0.13454
9.64	-0.15549
9.65	-0.17436
9.66	-0.19038
9.67	-0.20391
9.68	-0.21679
9.69	-0.22928
9.7	-0.23996
9.71	-0.24905
9.72	-0.25888
9.73	-0.27054
9.74	-0.28355
9.75	-0.29695
9.76	-0.31078
9.77	-0.32677
9.78	-0.34569
9.79	-0.36579
9.8	-0.38451
9.81	-0.40159
9.82	-0.41931
9.83	-0.43807
9.84	-0.45526
9.85	-0.46819
9.86	-0.47419
9.87	-0.47172
9.88	-0.46236
9.89	-0.45006
9.9	-0.43808
9.91	-0.42701
9.92	-0.41594
9.93	-0.40433
9.94	-0.39238
9.95	-0.37995
9.96	-0.36705
9.97	-0.35397
9.98	-0.33971
9.99	-0.32249
10	-0.301
10.01	-0.2753
10.02	-0.24736
10.03	-0.21961
10.04	-0.19317
10.05	-0.16742
10.06	-0.14204
10.07	-0.11657
10.08	-0.088871
10.09	-0.058119
10.1	-0.024895
10.11	0.010138
10.12	0.044564
10.13	0.075935
10.14	0.10283
10.15	0.12388
10.16	0.13995
10.17	0.15283
10.18	0.16214
10.19	0.16924
10.2	0.17771
10.21	0.18742
10.22	0.19584
10.23	0.20269
10.24	0.20852
10.25	0.21282
10.26	0.21498
10.27	0.21566
10.28	0.21547
10.29	0.21427
10.3	0.21203
10.31	0.20802
10.32	0.202
10.33	0.19548
10.34	0.19077
10.35	0.18957
10.36	0.19358
10.37	0.20324
10.38	0.21553
10.39	0.22583
10.4	0.23166
10.41	0.23572
10.42	0.24314
10.43	0.25605
10.44	0.27208
10.45	0.28686
10.46	0.29753
10.47	0.30475
10.48	0.31066
10.49	0.31563
10.5	0.31883
10.51	0.31928
10.52	0.31564
10.53	0.30789
10.54	0.29831
10.55	0.28843
10.56	0.27745
10.57	0.26484
10.58	0.25145
10.59	0.23827
10.6	0.22487
10.61	0.21048
10.62	0.19588
10.63	0.18025
10.64	0.15809
10.65	0.12325
10.66	0.074452
10.67	0.013959
10.68	-0.057354
10.69	-0.13938
10.7	-0.22967
10.71	-0.32264
10.72	-0.40996
10.73	-0.48281
10.74	-0.53625
10.75	-0.57001
10.76	-0.58466
10.77	-0.58161
10.78	-0.56582
10.79	-0.54272
10.8	-0.51308
10.81	-0.47464
10.82	-0.42716
10.83	-0.37228
10.84	-0.31058
10.85	-0.24302
10.86	-0.17269
10.87	-0.10437
10.88	-0.043187
10.89	0.0068773
10.9	0.041801
10.91	0.059435
10.92	0.06233
10.93	0.054822
10.94	0.039603
10.95	0.018747
10.96	-0.0042764
10.97	-0.026669
10.98	-0.047999
10.99	-0.068163
11	-0.086055
11.01	-0.10051
11.02	-0.11247
11.03	-0.12427
11.04	-0.13541
11.05	-0.14406
11.06	-0.15013
11.07	-0.15363
11.08	-0.15478
11.09	-0.15418
11.1	-0.15121
11.11	-0.14415
11.12	-0.12961
11.13	-0.10199
11.14	-0.058668
11.15	-0.0067398
11.16	0.038659
11.17	0.064934
11.18	0.071123
11.19	0.065925
11.2	0.056163
11.21	0.04398
11.22	0.033504
11.23	0.028672
11.24	0.029838
11.25	0.035881
11.26	0.048028
11.27	0.069883
11.28	0.10122
11.29	0.13724
11.3	0.17384
11.31	0.21035
11.32	0.24695
11.33	0.2834
11.34	0.31979
11.35	0.35629
11.36	0.39275
11.37	0.42557
11.38	0.44812
11.39	0.45537
11.4	0.44715
11.41	0.42833
11.42	0.40267
11.43	0.3693
11.44	0.32886
11.45	0.28411
11.46	0.23507
11.47	0.17995
11.48	0.11981
11.49	0.059346
11.5	0.0027165
11.51	-0.048708
11.52	-0.093969
11.53	-0.13119
11.54	-0.15943
11.55	-0.17959
11.56	-0.19352
11.57	-0.20241
11.58	-0.20713
11.59	-0.20953
11.6	-0.21143
11.61	-0.21341
11.62	-0.21457
11.63	-0.21397
11.64	-0.21202
11.65	-0.20947
11.66	-0.20652
11.67	-0.20332
11.68	-0.19995
11.69	-0.19551
11.7	-0.1888
11.71	-0.18011
11.72	-0.17174
11.73	-0.16531
11.74	-0.15988
11.75	-0.15411
11.76	-0.14778
11.77	-0.14103
11.78	-0.1342
11.79	-0.1286
11.8	-0.12628
11.81	-0.12974
11.82	-0.13932
11.83	-0.14945
11.84	-0.15267
11.85	-0.14866
11.86	-0.14262
11.87	-0.13769
11.88	-0.13387
11.89	-0.12951
11.9	-0.12331
11.91	-0.11564
11.92	-0.10703
11.93	-0.097611
11.94	-0.08653
11.95	-0.069852
11.96	-0.0423
11.97	-0.0036446
11.98	0.040949
11.99	0.084343
12	0.1195
12.01	0.14339
12.02	0.15774
12.03	0.16606
12.04	0.17233
12.05	0.18034
12.06	0.19111
12.07	0.20312
12.08	0.21592
12.09	0.22969
12.1	0.24387
12.11	0.25875
12.12	0.27402
12.13	0.28793
12.14	0.29746
12.15	0.29905
12.16	0.29293
12.17	0.28259
12.18	0.27057
12.19	0.25814
12.2	0.24601
12.21	0.2344
12.22	0.22323
12.23	0.21221
12.24	0.19997
12.25	0.18417
12.26	0.16192
12.27	0.13183
12.28	0.09567
12.29	0.055856
12.3	0.01483
12.31	-0.025365
12.32	-0.06445
12.33	-0.10134
12.34	-0.13285
12.35	-0.15741
12.36	-0.17629
12.37	-0.19244
12.38	-0.20907
12.39	-0.22667
12.4	-0.24407
12.41	-0.25899
12.42	-0.26664
12.43	-0.26495
12.44	-0.25713
12.45	-0.24725
12.46	-0.23693
12.47	-0.2245
12.48	-0.20703
12.49	-0.18299
12.5	-0.1522
12.51	-0.11608
12.52	-0.077543
12.53	-0.038286
12.54	0.0015736
12.55	0.041146
12.56	0.078459
12.57	0.11194
12.58	0.14097
12.59	0.1658
12.6	0.18701
12.61	0.20441
12.62	0.21796
12.63	0.22811
12.64	0.23448
12.65	0.23638
12.66	0.2348
12.67	0.23105
12.68	0.22482
12.69	0.21567
12.7	0.20465
12.71	0.1926
12.72	0.17907
12.73	0.16313
12.74	0.14317
12.75	0.11783
12.76	0.087349
12.77	0.053867
12.78	0.019804
12.79	-0.013802
12.8	-0.045728
12.81	-0.075188
12.82	-0.10315
12.83	-0.12983
12.84	-0.15386
12.85	-0.17525
12.86	-0.19491
12.87	-0.21151
12.88	-0.22331
12.89	-0.23082
12.9	-0.23598
12.91	-0.24059
12.92	-0.24551
12.93	-0.25063
12.94	-0.25429
12.95	-0.2536
12.96	-0.24753
12.97	-0.23697
12.98	-0.22218
12.99	-0.20333
13	-0.18154
13.01	-0.15777
13.02	-0.13145
13.03	-0.1016
13.04	-0.067926
13.05	-0.030434
13.06	0.010566
13.07	0.054256
13.08	0.09931
13.09	0.14416
13.1	0.18706
13.11	0.22596
13.12	0.25796
13.13	0.28008
13.14	0.29152
13.15	0.29431
13.16	0.29183
13.17	0.28684
13.18	0.28001
13.19	0.27095
13.2	0.25964
13.21	0.24606
13.22	0.22865
13.23	0.20431
13.24	0.17204
13.25	0.1342
13.26	0.09552
13.27	0.061378
13.28	0.03377
13.29	0.010834
13.3	-0.0087524
13.31	-0.025822
13.32	-0.042631
13.33	-0.059386
13.34	-0.073367
13.35	-0.08254
13.36	-0.087662
13.37	-0.090859
13.38	-0.093074
13.39	-0.094476
13.4	-0.095257
13.41	-0.09491
13.42	-0.093208
13.43	-0.091237
13.44	-0.089408
13.45	-0.086839
13.46	-0.082691
13.47	-0.076118
13.48	-0.065535
13.49	-0.049601
13.5	-0.030662
13.51	-0.012991
13.52	0.0028152
13.53	0.018513
13.54	0.033682
13.55	0.045939
13.56	0.053732
13.57	0.057062
13.58	0.05667
13.59	0.053047
13.6	0.045671
13.61	0.033157
13.62	0.014882
13.63	-0.0064834
13.64	-0.026657
13.65	-0.044803
13.66	-0.062461
13.67	-0.077924
13.68	-0.088131
13.69	-0.093479
13.7	-0.095805
13.71	-0.095869
13.72	-0.093499
13.73	-0.088238
13.74	-0.080456
13.75	-0.071466
13.76	-0.062675
13.77	-0.055016
13.78	-0.048911
13.79	-0.044183
13.8	-0.040104
13.81	-0.036442
13.82	-0.033808
13.83	-0.032878
13.84	-0.033319
13.85	-0.033777
13.86	-0.032856
13.87	-0.02981
13.88	-0.025179
13.89	-0.019832
13.9	-0.014724
13.91	-0.010804
13.92	-0.0071896
13.93	-0.0023755
13.94	0.0033848
13.95	0.0085342
13.96	0.011151
13.97	0.010492
13.98	0.0081408
13.99	0.0057926
14	0.0032903
14.01	0.00036602
14.02	-0.0027286
14.03	-0.0066301
14.04	-0.011143
14.05	-0.015036
14.06	-0.018738
14.07	-0.023247
14.08	-0.028613
14.09	-0.035761
14.1	-0.046453
14.11	-0.060626
14.12	-0.076163
14.13	-0.091557
14.14	-0.1061
14.15	-0.11821
14.16	-0.12642
14.17	-0.13066
14.18	-0.13239
14.19	-0.13323
14.2	-0.13313
14.21	-0.13144
14.22	-0.12861
14.23	-0.1252
14.24	-0.12049
14.25	-0.11354
14.26	-0.10401
14.27	-0.091577
14.28	-0.075215
14.29	-0.054923
14.3	-0.031824
14.31	-0.0070939
14.32	0.016317
14.33	0.036348
14.34	0.055652
14.35	0.077955
14.36	0.102
14.37	0.12261
14.38	0.13605
14.39	0.1419
14.4	0.14274
14.41	0.14163
14.42	0.13901
14.43	0.13417
14.44	0.12737
14.45	0.1197
14.46	0.11233
14.47	0.10476
14.48	0.095931
14.49	0.086418
14.5	0.076579
14.51	0.066093
14.52	0.055305
14.53	0.044388
14.54	0.033169
14.55	0.021496
14.56	0.0085866
14.57	-0.006035
14.58	-0.021319
14.59	-0.034861
14.6	-0.043983
14.61	-0.047676
14.62	-0.047096
14.63	-0.044235
14.64	-0.040269
14.65	-0.035741
14.66	-0.031317
14.67	-0.026852
14.68	-0.021656
14.69	-0.015352
14.7	-0.0072144
14.71	0.0019012
14.72	0.0094451
14.73	0.015138
14.74	0.01949
14.75	0.021556
14.76	0.021402
14.77	0.020582
14.78	0.019884
14.79	0.018655
14.8	0.016445
14.81	0.014613
14.82	0.01462
14.83	0.016735
14.84	0.021422
14.85	0.027773
14.86	0.034273
14.87	0.041785
14.88	0.051126
14.89	0.061724
14.9	0.072235
14.91	0.080871
14.92	0.087258
14.93	0.092073
14.94	0.095556
14.95	0.09796
14.96	0.099364
14.97	0.097968
14.98	0.092363
14.99	0.084631
15	0.07638
15.01	0.066837
15.02	0.055787
15.03	0.043892
15.04	0.032299
15.05	0.022395
15.06	0.014423
15.07	0.0068778
15.08	-0.00063396
15.09	-0.0059222
15.1	-0.0077289
15.11	-0.0073972
15.12	-0.00688
15.13	-0.0066894
15.14	-0.0061218
15.15	-0.0043526
15.16	-0.00054214
15.17	0.0042559
15.18	0.0082996
15.19	0.012133
15.2	0.016002
15.21	0.018889
15.22	0.02065
15.23	0.02145
15.24	0.020793
15.25	0.018372
15.26	0.014409
15.27	0.0095057
15.28	0.0043819
15.29	-0.00040656
15.3	-0.0048354
15.31	-0.0098513
15.32	-0.016374
15.33	-0.023572
15.34	-0.031074
15.35	-0.041526
15.36	-0.055617
15.37	-0.070317
15.38	-0.083711
15.39	-0.094847
15.4	-0.10274
15.41	-0.10813
15.42	-0.11239
15.43	-0.11598
15.44	-0.119
15.45	-0.12261
15.46	-0.12713
15.47	-0.13034
15.48	-0.13146
15.49	-0.13164
15.5	-0.13088
15.51	-0.12935
15.52	-0.12779
15.53	-0.12593
15.54	-0.12216
15.55	-0.11447
15.56	-0.10314
15.57	-0.089728
15.58	-0.073585
15.59	-0.054157
15.6	-0.033416
15.61	-0.012472
15.62	0.00894
15.63	0.030063
15.64	0.049526
15.65	0.06601
15.66	0.079233
15.67	0.089685
15.68	0.098031
15.69	0.10624
15.7	0.11551
15.71	0.1248
15.72	0.13238
15.73	0.137
15.74	0.13839
15.75	0.13676
15.76	0.13197
15.77	0.1235
15.78	0.11214
15.79	0.099296
15.8	0.085235
15.81	0.070449
15.82	0.056268
15.83	0.044596
15.84	0.036869
15.85	0.032867
15.86	0.031816
15.87	0.033634
15.88	0.038268
15.89	0.044622
15.9	0.051851
15.91	0.060884
15.92	0.071389
15.93	0.079742
15.94	0.084182
15.95	0.086928
15.96	0.08931
15.97	0.090607
15.98	0.090259
15.99	0.088793
16	0.086783
16.01	0.083945
16.02	0.08048
16.03	0.076813
16.04	0.072495
16.05	0.066932
16.06	0.059431
16.07	0.04909
16.08	0.035466
16.09	0.019297
16.1	0.002323
16.11	-0.01391
16.12	-0.02744
16.13	-0.036427
16.14	-0.041866
16.15	-0.046141
16.16	-0.04983
16.17	-0.052519
16.18	-0.05463
16.19	-0.057193
16.2	-0.061115
16.21	-0.067248
16.22	-0.075821
16.23	-0.085411
16.24	-0.09348
16.25	-0.098077
16.26	-0.09953
16.27	-0.099335
16.28	-0.097989
16.29	-0.095141
16.3	-0.090736
16.31	-0.085989
16.32	-0.082914
16.33	-0.082762
16.34	-0.085364
16.35	-0.090437
16.36	-0.097685
16.37	-0.1045
16.38	-0.10774
16.39	-0.10777
16.4	-0.10622
16.41	-0.10354
16.42	-0.10001
16.43	-0.096837
16.44	-0.095345
16.45	-0.095306
16.46	-0.095935
16.47	-0.09664
16.48	-0.096405
16.49	-0.094073
16.5	-0.089424
16.51	-0.083868
16.52	-0.079035
16.53	-0.07461
16.54	-0.068737
16.55	-0.061381
16.56	-0.054388
16.57	-0.048131
16.58	-0.04224
16.59	-0.036799
16.6	-0.031581
16.61	-0.025923
16.62	-0.019127
16.63	-0.011187
16.64	-0.0030137
16.65	0.0039401
16.66	0.0095068
16.67	0.014783
16.68	0.020052
16.69	0.026159
16.7	0.034242
16.71	0.042842
16.72	0.050218
16.73	0.056712
16.74	0.063041
16.75	0.069664
16.76	0.077441
16.77	0.086581
16.78	0.095282
16.79	0.10279
16.8	0.1104
16.81	0.11752
16.82	0.1224
16.83	0.12516
16.84	0.12726
16.85	0.12961
16.86	0.13191
16.87	0.13357
16.88	0.1348
16.89	0.13568
16.9	0.13474
16.91	0.1312
16.92	0.12613
16.93	0.12023
16.94	0.11386
16.95	0.10775
16.96	0.10185
16.97	0.095247
16.98	0.087666
16.99	0.079235
17	0.07029
17.01	0.060525
17.02	0.047659
17.03	0.030639
17.04	0.011639
17.05	-0.0062144
17.06	-0.019764
17.07	-0.027867
17.08	-0.033137
17.09	-0.038208
17.1	-0.042766
17.11	-0.045816
17.12	-0.047755
17.13	-0.049187
17.14	-0.050156
17.15	-0.050349
17.16	-0.049386
17.17	-0.048157
17.18	-0.04755
17.19	-0.047046
17.2	-0.046454
17.21	-0.046091
17.22	-0.046296
17.23	-0.047236
17.24	-0.048567
17.25	-0.050183
17.26	-0.05189
17.27	-0.05352
17.28	-0.055373
17.29	-0.057504
17.3	-0.05993
17.31	-0.062666
17.32	-0.064916
17.33	-0.065767
17.34	-0.065278
17.35	-0.063805
17.36	-0.061462
17.37	-0.058582
17.38	-0.055725
17.39	-0.052904
17.4	-0.049832
17.41	-0.046433
17.42	-0.042599
17.43	-0.03815
17.44	-0.033272
17.45	-0.028291
17.46	-0.023118
17.47	-0.018011
17.48	-0.01377
17.49	-0.011317
17.5	-0.01075
17.51	-0.01073
17.52	-0.010253
17.53	-0.0092622
17.54	-0.0081212
17.55	-0.0076024
17.56	-0.0078026
17.57	-0.0082198
17.58	-0.00852
17.59	-0.0082647
17.6	-0.0072959
17.61	-0.0055569
17.62	-0.0026448
17.63	0.001487
17.64	0.0069084
17.65	0.013858
17.66	0.021179
17.67	0.026733
17.68	0.030097
17.69	0.033272
17.7	0.038048
17.71	0.043674
17.72	0.048351
17.73	0.051816
17.74	0.05515
17.75	0.058523
17.76	0.061104
17.77	0.063179
17.78	0.065275
17.79	0.066871
17.8	0.067054
17.81	0.065292
17.82	0.061784
17.83	0.057666
17.84	0.054081
17.85	0.050217
17.86	0.045097
17.87	0.039848
17.88	0.035218
17.89	0.030695
17.9	0.025989
17.91	0.02152
17.92	0.017575
17.93	0.013533
17.94	0.009769
17.95	0.0071643
17.96	0.005669
17.97	0.0047004
17.98	0.0032516
17.99	0.0011428
18	-0.0014483
18.01	-0.0046141
18.02	-0.0079835
18.03	-0.011444
18.04	-0.015185
18.05	-0.019279
18.06	-0.023247
18.07	-0.026726
18.08	-0.030388
18.09	-0.034551
18.1	-0.038331
18.11	-0.040638
18.12	-0.041592
18.13	-0.04179
18.14	-0.041937
18.15	-0.043459
18.16	-0.046663
18.17	-0.050741
18.18	-0.055258
18.19	-0.059939
18.2	-0.063939
18.21	-0.067021
18.22	-0.070818
18.23	-0.076221
18.24	-0.082083
18.25	-0.086842
18.26	-0.090275
18.27	-0.093841
18.28	-0.098006
18.29	-0.1011
18.3	-0.10119
18.31	-0.098142
18.32	-0.094553
18.33	-0.091964
18.34	-0.088283
18.35	-0.082108
18.36	-0.074567
18.37	-0.067075
18.38	-0.059923
18.39	-0.052672
18.4	-0.045684
18.41	-0.039874
18.42	-0.034951
18.43	-0.030147
18.44	-0.025403
18.45	-0.02111
18.46	-0.017455
18.47	-0.014028
18.48	-0.011017
18.49	-0.0091997
18.5	-0.0085969
18.51	-0.0079362
18.52	-0.0062845
18.53	-0.0042566
18.54	-0.0024714
18.55	-0.00092054
18.56	0.0013489
18.57	0.0055434
18.58	0.010885
18.59	0.015846
18.6	0.020517
18.61	0.025729
18.62	0.031479
18.63	0.037079
18.64	0.042465
18.65	0.048054
18.66	0.053414
18.67	0.057644
18.68	0.060095
18.69	0.061092
18.7	0.061973
18.71	0.0633
18.72	0.064711
18.73	0.065918
18.74	0.06669
18.75	0.066724
18.76	0.065833
18.77	0.064487
18.78	0.063681
18.79	0.063838
18.8	0.064637
18.81	0.065593
18.82	0.065655
18.83	0.064696
18.84	0.064216
18.85	0.064297
18.86	0.063389
18.87	0.061086
18.88	0.057939
18.89	0.054059
18.9	0.049591
18.91	0.045564
18.92	0.043247
18.93	0.042809
18.94	0.0434
18.95	0.044538
18.96	0.046635
18.97	0.049411
18.98	0.051531
18.99	0.05283
19	0.054704
19.01	0.058013
19.02	0.062344
19.03	0.066825
19.04	0.071615
19.05	0.077165
19.06	0.082883
19.07	0.088153
19.08	0.092127
19.09	0.094388
19.1	0.095914
19.11	0.09807
19.12	0.1009
19.13	0.10326
19.14	0.10458
19.15	0.10471
19.16	0.10383
19.17	0.10229
19.18	0.099926
19.19	0.096794
19.2	0.093216
19.21	0.088538
19.22	0.081611
19.23	0.072306
19.24	0.060713
19.25	0.047389
19.26	0.034192
19.27	0.022067
19.28	0.01031
19.29	-0.0011603
19.3	-0.011709
19.31	-0.021467
19.32	-0.031524
19.33	-0.042073
19.34	-0.051371
19.35	-0.058406
19.36	-0.063998
19.37	-0.069037
19.38	-0.073578
19.39	-0.077026
19.4	-0.079406
19.41	-0.081866
19.42	-0.085138
19.43	-0.089044
19.44	-0.0936
19.45	-0.098885
19.46	-0.10367
19.47	-0.10636
19.48	-0.10692
19.49	-0.10607
19.5	-0.10405
19.51	-0.10136
19.52	-0.098886
19.53	-0.096355
19.54	-0.093051
19.55	-0.089527
19.56	-0.086884
19.57	-0.085637
19.58	-0.084998
19.59	-0.084068
19.6	-0.082932
19.61	-0.081314
19.62	-0.078341
19.63	-0.073764
19.64	-0.068026
19.65	-0.061256
19.66	-0.052982
19.67	-0.043691
19.68	-0.034885
19.69	-0.026346
19.7	-0.016834
19.71	-0.0073251
19.72	0.00030292
19.73	0.0056682
19.74	0.009355
19.75	0.012253
19.76	0.014763
19.77	0.016124
19.78	0.016031
19.79	0.01536
19.8	0.014878
19.81	0.014606
19.82	0.013753
19.83	0.012018
19.84	0.01087
19.85	0.011636
19.86	0.013466
19.87	0.014911
19.88	0.015442
19.89	0.015267
19.9	0.014888
19.91	0.014434
19.92	0.014232
19.93	0.014498
19.94	0.014156
19.95	0.012755
19.96	0.011708
19.97	0.012018
19.98	0.013707
19.99	0.01589
20	0.016808
20.01	0.016192
20.02	0.015429
20.03	0.015472
20.04	0.015995
20.05	0.016063
20.06	0.015441
20.07	0.015016
20.08	0.015399
20.09	0.016176
20.1	0.017363
20.11	0.018653
20.12	0.019592
20.13	0.020754
20.14	0.022431
20.15	0.024357
20.16	0.025973
20.17	0.027099
20.18	0.027962
20.19	0.028908
20.2	0.030591
20.21	0.032778
20.22	0.033764
20.23	0.032729
20.24	0.030819
20.25	0.028505
20.26	0.024833
20.27	0.019533
20.28	0.013904
20.29	0.0091971
20.3	0.0050114
20.31	0.00068807
20.32	-0.0038174
20.33	-0.0084956
20.34	-0.012373
20.35	-0.01479
20.36	-0.016759
20.37	-0.018345
20.38	-0.019113
20.39	-0.020071
20.4	-0.021364
20.41	-0.022378
20.42	-0.023713
20.43	-0.025856
20.44	-0.02855
20.45	-0.031505
20.46	-0.034508
20.47	-0.037728
20.48	-0.041549
20.49	-0.045366
20.5	-0.047992
20.51	-0.04955
20.52	-0.0506
20.53	-0.050591
20.54	-0.04884
20.55	-0.04544
20.56	-0.040887
20.57	-0.035841
20.58	-0.031038
20.59	-0.026687
20.6	-0.022645
20.61	-0.018947
20.62	-0.015343
20.63	-0.01177
20.64	-0.0083562
20.65	-0.0049572
20.66	-0.0021239
20.67	-0.0008242
20.68	-0.0016764
20.69	-0.0041552
20.7	-0.006939
20.71	-0.01003
20.72	-0.01385
20.73	-0.017905
20.74	-0.021397
20.75	-0.024035
20.76	-0.026485
20.77	-0.0289
20.78	-0.030524
20.79	-0.031042
20.8	-0.030437
20.81	-0.02915
20.82	-0.027599
20.83	-0.025152
20.84	-0.02174
20.85	-0.018337
20.86	-0.01493
20.87	-0.010367
20.88	-0.0046202
20.89	0.00077329
20.9	0.0050141
20.91	0.0085701
20.92	0.011743
20.93	0.01459
20.94	0.017599
20.95	0.020775
20.96	0.023339
20.97	0.024848
20.98	0.025595
20.99	0.026656
21	0.028013
21.01	0.02753
21.02	0.024244
21.03	0.019874
21.04	0.015578
21.05	0.010688
21.06	0.0051531
21.07	-6.585e-05
21.08	-0.0043537
21.09	-0.0078267
21.1	-0.010675
21.11	-0.01219
21.12	-0.012012
21.13	-0.011014
21.14	-0.010489
21.15	-0.010708
21.16	-0.010301
21.17	-0.0088328
21.18	-0.0075354
21.19	-0.0068405
21.2	-0.0054979
21.21	-0.0032111
21.22	-0.0013982
21.23	-0.00066558
21.24	-0.00092549
21.25	-0.0021934
21.26	-0.0043494
21.27	-0.0070778
21.28	-0.010109
21.29	-0.012819
21.3	-0.01341
21.31	-0.011598
21.32	-0.0098093
21.33	-0.0094986
21.34	-0.0099937
21.35	-0.01025
21.36	-0.0094767
21.37	-0.0075914
21.38	-0.0056159
21.39	-0.0043202
21.4	-0.00329
21.41	-0.0017273
21.42	0.00090486
21.43	0.0045361
21.44	0.0086243
21.45	0.012729
21.46	0.016945
21.47	0.02146
21.48	0.026227
21.49	0.031279
21.5	0.03598
21.51	0.039689
21.52	0.042904
21.53	0.045696
21.54	0.047219
21.55	0.046966
21.56	0.045237
21.57	0.042744
21.58	0.040029
21.59	0.037355
21.6	0.034546
21.61	0.031288
21.62	0.027851
21.63	0.024393
21.64	0.020854
21.65	0.017492
21.66	0.014813
21.67	0.013617
21.68	0.013597
21.69	0.013548
21.7	0.012995
21.71	0.012415
21.72	0.012828
21.73	0.01461
21.74	0.016994
21.75	0.018548
21.76	0.018483
21.77	0.017774
21.78	0.017836
21.79	0.018641
21.8	0.019917
21.81	0.021561
21.82	0.022125
21.83	0.021532
21.84	0.021724
21.85	0.022953
21.86	0.024338
21.87	0.02527
21.88	0.025055
21.89	0.023419
21.9	0.020896
21.91	0.018708
21.92	0.017486
21.93	0.016691
21.94	0.015442
21.95	0.01328
21.96	0.010731
21.97	0.0085944
21.98	0.0068925
21.99	0.0050378
22	0.0026434
22.01	-0.00023963
22.02	-0.0033892
22.03	-0.0061615
22.04	-0.0078212
22.05	-0.0088679
22.06	-0.010501
22.07	-0.012423
22.08	-0.013663
22.09	-0.014624
22.1	-0.016119
22.11	-0.018332
22.12	-0.020646
22.13	-0.022119
22.14	-0.023293
22.15	-0.024998
22.16	-0.026082
22.17	-0.025632
22.18	-0.024935
22.19	-0.02484
22.2	-0.024181
22.21	-0.022249
22.22	-0.019797
22.23	-0.017971
22.24	-0.016771
22.25	-0.015227
22.26	-0.013401
22.27	-0.011683
22.28	-0.0096946
22.29	-0.0075626
22.3	-0.0051727
22.31	-0.0018805
22.32	0.0011748
22.33	0.002565
22.34	0.0030078
22.35	0.0042536
22.36	0.0064408
22.37	0.0083829
22.38	0.010219
22.39	0.012193
22.4	0.013153
22.41	0.012699
22.42	0.011735
22.43	0.01138
22.44	0.011995
22.45	0.012525
22.46	0.012188
22.47	0.011372
22.48	0.010732
22.49	0.010978
22.5	0.012027
22.51	0.013261
22.52	0.014853
22.53	0.016644
22.54	0.017841
22.55	0.018524
22.56	0.018394
22.57	0.016301
22.58	0.012601
22.59	0.0078442
22.6	0.0012939
22.61	-0.0063221
22.62	-0.013125
22.63	-0.01882
22.64	-0.02398
22.65	-0.028915
22.66	-0.033586
22.67	-0.037746
22.68	-0.040716
22.69	-0.04158
22.7	-0.040657
22.71	-0.038426
22.72	-0.034957
22.73	-0.031336
22.74	-0.028282
22.75	-0.025377
22.76	-0.022261
22.77	-0.018781
22.78	-0.015029
22.79	-0.011147
22.8	-0.0071891
22.81	-0.003258
22.82	2.6793e-05
22.83	0.0015829
22.84	0.0019787
22.85	0.002992
22.86	0.0050435
22.87	0.0075523
22.88	0.0094497
22.89	0.0097362
22.9	0.0093675
22.91	0.0098811
22.92	0.010415
22.93	0.0096267
22.94	0.0081984
22.95	0.0066983
22.96	0.0041432
22.97	0.00012824
22.98	-0.004989
22.99	-0.011025
23	-0.016903
23.01	-0.021951
23.02	-0.026398
23.03	-0.02986
23.04	-0.03247
23.05	-0.034752
23.06	-0.036205
23.07	-0.036895
23.08	-0.03789
23.09	-0.039503
23.1	-0.041315
23.11	-0.04315
23.12	-0.045299
23.13	-0.047919
23.14	-0.050015
23.15	-0.050627
23.16	-0.050662
23.17	-0.050583
23.18	-0.049395
23.19	-0.046731
23.2	-0.042419
23.21	-0.036755
23.22	-0.030918
23.23	-0.025183
23.24	-0.019123
23.25	-0.012879
23.26	-0.0068299
23.27	-0.0013223
23.28	0.002649
23.29	0.0044767
23.3	0.0051792
23.31	0.0056333
23.32	0.0051202
23.33	0.0030345
23.34	0.00043866
23.35	-0.0011993
23.36	-0.0013807
23.37	-0.00061401
23.38	0.00038716
23.39	0.0014133
23.4	0.0021022
23.41	0.0019081
23.42	0.00093818
23.43	4.0484e-05
23.44	4.798e-05
23.45	-2.9655e-05
23.46	-0.0013843
23.47	-0.0025779
23.48	-0.0021581
23.49	-0.0008881
23.5	0.00061237
23.51	0.0031423
23.52	0.0071186
23.53	0.011507
23.54	0.014933
23.55	0.01748
23.56	0.019895
23.57	0.022505
23.58	0.025585
23.59	0.028939
23.6	0.032392
23.61	0.036296
23.62	0.040948
23.63	0.046081
23.64	0.05149
23.65	0.057187
23.66	0.0627
23.67	0.067604
23.68	0.071887
23.69	0.075427
23.7	0.078185
23.71	0.080495
23.72	0.082166
23.73	0.082809
23.74	0.082861
23.75	0.082839
23.76	0.082199
23.77	0.080074
23.78	0.076899
23.79	0.0739
23.8	0.07175
23.81	0.070036
23.82	0.067004
23.83	0.062103
23.84	0.057513
23.85	0.054662
23.86	0.05216
23.87	0.048222
23.88	0.043318
23.89	0.038666
23.9	0.034007
23.91	0.029028
23.92	0.02461
23.93	0.021276
23.94	0.017971
23.95	0.014098
23.96	0.01024
23.97	0.0061608
23.98	0.0013915
23.99	-0.0037134
24	-0.0089075
24.01	-0.013668
24.02	-0.016992
24.03	-0.019182
24.04	-0.021203
24.05	-0.023391
24.06	-0.025367
24.07	-0.026871
24.08	-0.028704
24.09	-0.030549
24.1	-0.031049
24.11	-0.030418
24.12	-0.029697
24.13	-0.029216
24.14	-0.029061
24.15	-0.029269
24.16	-0.029438
24.17	-0.029719
24.18	-0.030536
24.19	-0.031424
24.2	-0.031722
24.21	-0.031367
24.22	-0.030983
24.23	-0.031103
24.24	-0.031533
24.25	-0.031302
24.26	-0.029638
24.27	-0.027468
24.28	-0.026188
24.29	-0.025707
24.3	-0.024705
24.31	-0.022286
24.32	-0.019387
24.33	-0.017646
24.34	-0.016536
24.35	-0.013999
24.36	-0.0098919
24.37	-0.0056003
24.38	-0.0018083
24.39	0.0019021
24.4	0.0061441
24.41	0.010405
24.42	0.013766
24.43	0.016379
24.44	0.01856
24.45	0.020314
24.46	0.021851
24.47	0.022932
24.48	0.02377
24.49	0.024644
24.5	0.024724
24.51	0.023748
24.52	0.022346
24.53	0.021128
24.54	0.02037
24.55	0.019707
24.56	0.018636
24.57	0.016627
24.58	0.013543
24.59	0.01037
24.6	0.0077665
24.61	0.0050747
24.62	0.0015662
24.63	-0.0023718
24.64	-0.0062309
24.65	-0.0098952
24.66	-0.013117
24.67	-0.016608
24.68	-0.020641
24.69	-0.023827
24.7	-0.026106
24.71	-0.028551
24.72	-0.030705
24.73	-0.031835
24.74	-0.032335
24.75	-0.033191
24.76	-0.034813
24.77	-0.036326
24.78	-0.037629
24.79	-0.038784
24.8	-0.038554
24.81	-0.036704
24.82	-0.034433
24.83	-0.032829
24.84	-0.031943
24.85	-0.031216
24.86	-0.03001
24.87	-0.027979
24.88	-0.025948
24.89	-0.024826
24.9	-0.024414
24.91	-0.023996
24.92	-0.022672
24.93	-0.020357
24.94	-0.018133
24.95	-0.017135
24.96	-0.017608
24.97	-0.018753
24.98	-0.019734
24.99	-0.02066
25	-0.022261
25.01	-0.023914
25.02	-0.025068
25.03	-0.026564
25.04	-0.027698
25.05	-0.027487
25.06	-0.02701
25.07	-0.02707
25.08	-0.027086
25.09	-0.026908
25.1	-0.026338
25.11	-0.024099
25.12	-0.020687
25.13	-0.017884
25.14	-0.015183
25.15	-0.012084
25.16	-0.0092343
25.17	-0.0066113
25.18	-0.0042377
25.19	-0.0019722
25.2	0.0005182
25.21	0.0026999
25.22	0.0040579
25.23	0.0050868
25.24	0.0061138
25.25	0.006509
25.26	0.0054558
25.27	0.0034161
25.28	0.0016397
25.29	0.00057116
25.3	0.00041409
25.31	0.00072107
25.32	0.000596
25.33	0.00035657
25.34	0.00071939
25.35	0.0013785
25.36	0.0017538
25.37	0.0017982
25.38	0.0018974
25.39	0.0031056
25.4	0.0052896
25.41	0.0067188
25.42	0.0071238
25.43	0.0072161
25.44	0.0071563
25.45	0.0072431
25.46	0.0071309
25.47	0.0062586
25.48	0.005324
25.49	0.0046433
25.5	0.0039614
25.51	0.00338
25.52	0.0029491
25.53	0.0027583
25.54	0.0029256
25.55	0.003831
25.56	0.0052955
25.57	0.0061127
25.58	0.0065586
25.59	0.0081126
25.6	0.010321
25.61	0.01235
25.62	0.014486
25.63	0.01618
25.64	0.016914
25.65	0.017179
25.66	0.017021
25.67	0.015858
25.68	0.013437
25.69	0.010617
25.7	0.0089292
25.71	0.0087967
25.72	0.0091043
25.73	0.0082924
25.74	0.0063125
25.75	0.0049095
25.76	0.0041022
25.77	0.0022712
25.78	-0.00068311
25.79	-0.0041585
25.8	-0.0078282
25.81	-0.011761
25.82	-0.015974
25.83	-0.019599
25.84	-0.02206
25.85	-0.02312
25.86	-0.02315
25.87	-0.023626
25.88	-0.024576
25.89	-0.024591
25.9	-0.023617
25.91	-0.023136
25.92	-0.023914
25.93	-0.024002
25.94	-0.021303
25.95	-0.017361
25.96	-0.014251
25.97	-0.011071
25.98	-0.0068393
25.99	-0.0023461
26	0.0018936
26.01	0.006004
26.02	0.0097452
26.03	0.013123
26.04	0.016522
26.05	0.020278
26.06	0.024048
26.07	0.027127
26.08	0.029286
26.09	0.030774
26.1	0.032835
26.11	0.035941
26.12	0.038311
26.13	0.038845
26.14	0.039002
26.15	0.039703
26.16	0.040423
26.17	0.041013
26.18	0.040641
26.19	0.039304
26.2	0.038653
26.21	0.038377
26.22	0.037026
26.23	0.034739
26.24	0.032383
26.25	0.03012
26.26	0.027806
26.27	0.024966
26.28	0.020577
26.29	0.015449
26.3	0.011167
26.31	0.0072859
26.32	0.0031341
26.33	-0.0010878
26.34	-0.0048421
26.35	-0.0075244
26.36	-0.0089526
26.37	-0.0094062
26.38	-0.0094319
26.39	-0.0091453
26.4	-0.0080498
26.41	-0.0062252
26.42	-0.004652
26.43	-0.0037272
26.44	-0.0028964
26.45	-0.0019274
26.46	-0.0012733
26.47	-0.0011855
26.48	-0.00094754
26.49	0.00018492
26.5	0.0014777
26.51	0.0018275
26.52	0.002211
26.53	0.0042813
26.54	0.0066151
26.55	0.0070324
26.56	0.0060473
26.57	0.0048572
26.58	0.0039899
26.59	0.0040925
26.6	0.0052798
26.61	0.0063862
26.62	0.0068701
26.63	0.00727
26.64	0.0079002
26.65	0.0086833
26.66	0.0092806
26.67	0.0095969
26.68	0.0094062
26.69	0.0086446
26.7	0.0081674
26.71	0.0084618
26.72	0.009255
26.73	0.010708
26.74	0.012945
26.75	0.014909
26.76	0.016039
26.77	0.017282
26.78	0.019438
26.79	0.021779
26.8	0.023426
26.81	0.025089
26.82	0.026655
26.83	0.026917
26.84	0.026044
26.85	0.025405
26.86	0.025558
26.87	0.024958
26.88	0.022447
26.89	0.018756
26.9	0.015051
26.91	0.012051
26.92	0.0089945
26.93	0.0055211
26.94	0.0026975
26.95	0.00055428
26.96	-0.0014171
26.97	-0.0033763
26.98	-0.0048316
26.99	-0.004839
27	-0.0039826
27.01	-0.0038113
27.02	-0.004682
27.03	-0.0054828
27.04	-0.0055263
27.05	-0.005729
27.06	-0.0067742
27.07	-0.0077623
27.08	-0.0078645
27.09	-0.0077831
27.1	-0.0090401
27.11	-0.01174
27.12	-0.014024
27.13	-0.014909
27.14	-0.015677
27.15	-0.017423
27.16	-0.019366
27.17	-0.020816
27.18	-0.022294
27.19	-0.024117
27.2	-0.02521
27.21	-0.025263
27.22	-0.02596
27.23	-0.027597
27.24	-0.02873
27.25	-0.029399
27.26	-0.030618
27.27	-0.031669
27.28	-0.031706
27.29	-0.031271
27.3	-0.03066
27.31	-0.030218
27.32	-0.030686
27.33	-0.03173
27.34	-0.032041
27.35	-0.031243
27.36	-0.030167
27.37	-0.029851
27.38	-0.030568
27.39	-0.031629
27.4	-0.032839
27.41	-0.034593
27.42	-0.036782
27.43	-0.038553
27.44	-0.03936
27.45	-0.039832
27.46	-0.040189
27.47	-0.040372
27.48	-0.041118
27.49	-0.042225
27.5	-0.042417
27.51	-0.041485
27.52	-0.04014
27.53	-0.038574
27.54	-0.036726
27.55	-0.03484
27.56	-0.032313
27.57	-0.028362
27.58	-0.024123
27.59	-0.020381
27.6	-0.016129
27.61	-0.010874
27.62	-0.0053301
27.63	-0.00064137
27.64	0.0026211
27.65	0.0050117
27.66	0.0073623
27.67	0.0090873
27.68	0.0091177
27.69	0.0086895
27.7	0.0099487
27.71	0.012527
27.72	0.014338
27.73	0.014915
27.74	0.015569
27.75	0.017456
27.76	0.020253
27.77	0.022547
27.78	0.023954
27.79	0.025648
27.8	0.028222
27.81	0.030925
27.82	0.033086
27.83	0.033968
27.84	0.033532
27.85	0.033377
27.86	0.034301
27.87	0.035553
27.88	0.03674
27.89	0.037873
27.9	0.039108
27.91	0.040438
27.92	0.041021
27.93	0.040252
27.94	0.038696
27.95	0.03719
27.96	0.036043
27.97	0.034464
27.98	0.031523
27.99	0.028221
28	0.025975
28.01	0.024627
28.02	0.023338
28.03	0.021587
28.04	0.019123
28.05	0.016356
28.06	0.01435
28.07	0.013381
28.08	0.012516
28.09	0.010774
28.1	0.008348
28.11	0.0061288
28.12	0.0043726
28.13	0.0027885
28.14	0.0013478
28.15	0.00013733
28.16	-0.00079835
28.17	-0.0012564
28.18	-0.0013408
28.19	-0.00087486
28.2	0.00069366
28.21	0.0025926
28.22	0.0035948
28.23	0.0041596
28.24	0.005298
28.25	0.0068581
28.26	0.0083319
28.27	0.0094662
28.28	0.009882
28.29	0.0096166
28.3	0.009215
28.31	0.0088239
28.32	0.0081179
28.33	0.0069516
28.34	0.0057294
28.35	0.0050407
28.36	0.0052813
28.37	0.0062419
28.38	0.0068681
28.39	0.0072567
28.4	0.0087271
28.41	0.010772
28.42	0.011822
28.43	0.011748
28.44	0.011169
28.45	0.010858
28.46	0.011451
28.47	0.011883
28.48	0.01092
28.49	0.0092851
28.5	0.0080991
28.51	0.0071824
28.52	0.0051641
28.53	0.0016594
28.54	-0.0020634
28.55	-0.0050403
28.56	-0.0072044
28.57	-0.0089143
28.58	-0.010521
28.59	-0.012071
28.6	-0.013406
28.61	-0.014892
28.62	-0.016841
28.63	-0.018338
28.64	-0.018802
28.65	-0.019192
28.66	-0.020233
28.67	-0.021275
28.68	-0.021783
28.69	-0.0215
28.7	-0.019874
28.71	-0.017364
28.72	-0.014995
28.73	-0.013219
28.74	-0.011677
28.75	-0.009949
28.76	-0.0086278
28.77	-0.0081136
28.78	-0.007927
28.79	-0.0076335
28.8	-0.0072373
28.81	-0.0068928
28.82	-0.0067225
28.83	-0.0071529
28.84	-0.0081604
28.85	-0.0087879
28.86	-0.0085594
28.87	-0.008363
28.88	-0.0091548
28.89	-0.010218
28.9	-0.010485
28.91	-0.010094
28.92	-0.009605
28.93	-0.0095092
28.94	-0.010161
28.95	-0.011282
28.96	-0.011944
28.97	-0.012049
28.98	-0.012293
28.99	-0.01253
29	-0.012337
29.01	-0.01181
29.02	-0.011081
29.03	-0.0098785
29.04	-0.0087659
29.05	-0.0089732
29.06	-0.009902
29.07	-0.010447
29.08	-0.010619
29.09	-0.010249
29.1	-0.0092243
29.11	-0.0082761
29.12	-0.0074276
29.13	-0.0059761
29.14	-0.004484
29.15	-0.0036539
29.16	-0.0026982
29.17	-0.0015895
29.18	-0.0015615
29.19	-0.0018157
29.2	-0.00077241
29.21	0.0010459
29.22	0.0028834
29.23	0.0045535
29.24	0.0052782
29.25	0.0048744
29.26	0.0043072
29.27	0.0042128
29.28	0.0043777
29.29	0.003988
29.3	0.0026881
29.31	0.0015582
29.32	0.00094577
29.33	-0.00051533
29.34	-0.0025544
29.35	-0.003009
29.36	-0.0017052
29.37	-0.00054174
29.38	-0.00040213
29.39	-0.00092648
29.4	-0.0015569
29.41	-0.0019707
29.42	-0.0024152
29.43	-0.0028678
29.44	-0.0033913
29.45	-0.0043847
29.46	-0.0057794
29.47	-0.0069922
29.48	-0.0067314
29.49	-0.0055968
29.5	-0.0058182
29.51	-0.0068172
29.52	-0.0068764
29.53	-0.0063982
29.54	-0.0064104
29.55	-0.0068864
29.56	-0.007529
29.57	-0.0082768
29.58	-0.0085873
29.59	-0.008575
29.6	-0.009269
29.61	-0.010233
29.62	-0.010909
29.63	-0.011837
29.64	-0.012739
29.65	-0.0133
29.66	-0.01402
29.67	-0.015423
29.68	-0.016951
29.69	-0.016838
29.7	-0.014839
29.71	-0.012645
29.72	-0.011243
29.73	-0.010038
29.74	-0.0079938
29.75	-0.0054241
29.76	-0.0034214
29.77	-0.0018541
29.78	-0.00012237
29.79	0.0019451
29.8	0.0046192
29.81	0.0075318
29.82	0.01023
29.83	0.012935
29.84	0.01522
29.85	0.016404
29.86	0.017313
29.87	0.019011
29.88	0.021074
29.89	0.022587
29.9	0.023007
29.91	0.022581
29.92	0.022002
29.93	0.021477
29.94	0.021102
29.95	0.02133
29.96	0.022208
29.97	0.023318
29.98	0.024237
29.99	0.024536
30	0.024439
30.01	0.024474
30.02	0.024341
30.03	0.023268
30.04	0.021696
30.05	0.021052
30.06	0.021472
30.07	0.021815
30.08	0.021194
30.09	0.020239
30.1	0.020044
30.11	0.019977
30.12	0.018953
30.13	0.017267
30.14	0.015271
30.15	0.012994
30.16	0.01065
30.17	0.0080658
30.18	0.0054388
30.19	0.0036218
30.2	0.0030384
30.21	0.0028867
30.22	0.0019011
30.23	0.00035229
30.24	-0.0010564
30.25	-0.0026705
30.26	-0.0040173
30.27	-0.0039355
30.28	-0.0025678
30.29	-0.00096959
30.3	0.00038456
30.31	0.0013208
30.32	0.0016403
30.33	0.0019197
30.34	0.0025454
30.35	0.0030653
30.36	0.0034501
30.37	0.0040107
30.38	0.0048936
30.39	0.0060323
30.4	0.0069829
30.41	0.0075849
30.42	0.0080199
30.43	0.0080534
30.44	0.0076311
30.45	0.0071756
30.46	0.0065572
30.47	0.005628
30.48	0.0048692
30.49	0.0044914
30.5	0.0041775
30.51	0.0041763
30.52	0.0052327
30.53	0.0068828
30.54	0.0079696
30.55	0.0083284
30.56	0.0085134
30.57	0.0088276
30.58	0.0094455
30.59	0.010423
30.6	0.011619
30.61	0.013142
30.62	0.014337
30.63	0.014253
30.64	0.013458
30.65	0.01307
30.66	0.013024
30.67	0.012593
30.68	0.011699
30.69	0.010401
30.7	0.0085583
30.71	0.0064106
30.72	0.0041346
30.73	0.0017211
30.74	-0.00049604
30.75	-0.0025241
30.76	-0.0048541
30.77	-0.007214
30.78	-0.0091891
30.79	-0.010714
30.8	-0.011636
30.81	-0.01219
30.82	-0.013154
30.83	-0.015539
30.84	-0.018675
30.85	-0.020318
30.86	-0.020111
30.87	-0.01987
30.88	-0.020458
30.89	-0.021058
30.9	-0.021206
30.91	-0.020978
30.92	-0.020305
30.93	-0.019283
30.94	-0.018668
30.95	-0.019012
30.96	-0.019287
30.97	-0.018852
30.98	-0.018418
30.99	-0.017935
31	-0.017129
31.01	-0.016257
31.02	-0.015258
31.03	-0.014303
31.04	-0.013492
31.05	-0.012566
31.06	-0.011557
31.07	-0.010916
31.08	-0.010999
31.09	-0.011214
31.1	-0.010967
31.11	-0.010742
31.12	-0.011309
31.13	-0.012282
31.14	-0.012828
31.15	-0.013287
31.16	-0.014157
31.17	-0.015746
31.18	-0.018363
31.19	-0.021161
31.2	-0.022783
31.21	-0.023317
31.22	-0.023819
31.23	-0.02426
31.24	-0.023977
31.25	-0.02286
31.26	-0.021185
31.27	-0.019084
31.28	-0.01649
31.29	-0.013904
31.3	-0.011618
31.31	-0.0093778
31.32	-0.0075626
31.33	-0.0062571
31.34	-0.0045603
31.35	-0.0019253
31.36	0.00071214
31.37	0.0023352
31.38	0.003453
31.39	0.0046871
31.4	0.005754
31.41	0.0062691
31.42	0.0066837
31.43	0.0075841
31.44	0.0086163
31.45	0.0096364
31.46	0.010914
31.47	0.011896
31.48	0.011966
31.49	0.011385
31.5	0.010845
31.51	0.011069
31.52	0.012026
31.53	0.0125
31.54	0.011365
31.55	0.0087703
31.56	0.005934
31.57	0.0036252
31.58	0.0015914
31.59	-0.00044276
31.6	-0.002483
31.61	-0.0047512
31.62	-0.0076164
31.63	-0.01046
31.64	-0.012552
31.65	-0.014217
31.66	-0.015702
31.67	-0.01733
31.68	-0.019082
31.69	-0.019708
31.7	-0.019218
31.71	-0.019047
31.72	-0.019341
31.73	-0.019266
31.74	-0.018564
31.75	-0.017652
31.76	-0.016926
31.77	-0.01638
31.78	-0.015428
31.79	-0.013395
31.8	-0.010622
31.81	-0.0084604
31.82	-0.0072937
31.83	-0.0069888
31.84	-0.0072076
31.85	-0.0066883
31.86	-0.0054801
31.87	-0.0043498
31.88	-0.0030038
31.89	-0.00089998
31.9	0.001256
31.91	0.002564
31.92	0.0036737
31.93	0.0051718
31.94	0.0066496
31.95	0.0080477
31.96	0.009613
31.97	0.010866
31.98	0.011937
31.99	0.01341
32	0.014538
32.01	0.01484
32.02	0.015044
32.03	0.015882
32.04	0.017233
32.05	0.018098
32.06	0.018336
32.07	0.018976
32.08	0.019962
32.09	0.019894
32.1	0.018765
32.11	0.018052
32.12	0.017967
32.13	0.017963
32.14	0.017724
32.15	0.016867
32.16	0.015653
32.17	0.014565
32.18	0.013706
32.19	0.013024
32.2	0.012708
32.21	0.012958
32.22	0.013764
32.23	0.014838
32.24	0.01531
32.25	0.015048
32.26	0.014774
32.27	0.014622
32.28	0.015057
32.29	0.016547
32.3	0.017978
32.31	0.018551
32.32	0.01859
32.33	0.018409
32.34	0.01816
32.35	0.017483
32.36	0.01613
32.37	0.014655
32.38	0.013635
32.39	0.012643
32.4	0.010762
32.41	0.0082671
32.42	0.0064865
32.43	0.0056742
32.44	0.0041668
32.45	0.0014673
32.46	-0.00082716
32.47	-0.0024032
32.48	-0.0037187
32.49	-0.0043017
32.5	-0.0040557
32.51	-0.0040254
32.52	-0.0048576
32.53	-0.00563
32.54	-0.0056392
32.55	-0.0053386
32.56	-0.0051517
32.57	-0.0050155
32.58	-0.00501
32.59	-0.0052946
32.6	-0.0053747
32.61	-0.0048733
32.62	-0.0043749
32.63	-0.0045301
32.64	-0.0049021
32.65	-0.0046788
32.66	-0.0040873
32.67	-0.0036024
32.68	-0.0032197
32.69	-0.0027243
32.7	-0.0018156
32.71	-0.00045924
32.72	0.00087209
32.73	0.001408
32.74	0.0011626
32.75	0.00082698
32.76	0.00071518
32.77	0.0007181
32.78	0.00058426
32.79	0.00042975
32.8	0.0011171
32.81	0.0030304
32.82	0.0046066
32.83	0.004454
32.84	0.0038993
32.85	0.0045531
32.86	0.0062537
32.87	0.0081465
32.88	0.0091903
32.89	0.0094591
32.9	0.0099968
32.91	0.010652
32.92	0.010629
32.93	0.01004
32.94	0.0095142
32.95	0.0087375
32.96	0.0072851
32.97	0.0057532
32.98	0.004382
32.99	0.0029341
33	0.0012798
33.01	-0.00022938
33.02	-0.0013459
33.03	-0.0024805
33.04	-0.0036349
33.05	-0.0047452
33.06	-0.0061797
33.07	-0.0080397
33.08	-0.0098525
33.09	-0.011077
33.1	-0.011798
33.11	-0.012518
33.12	-0.013532
33.13	-0.014622
33.14	-0.015284
33.15	-0.016205
33.16	-0.017751
33.17	-0.018734
33.18	-0.019296
33.19	-0.019957
33.2	-0.020059
33.21	-0.019235
33.22	-0.017869
33.23	-0.017047
33.24	-0.017489
33.25	-0.018369
33.26	-0.01804
33.27	-0.016113
33.28	-0.013704
33.29	-0.011482
33.3	-0.0091587
33.31	-0.0063945
33.32	-0.0039847
33.33	-0.002989
33.34	-0.0021186
33.35	0.00022044
33.36	0.0027476
33.37	0.0044659
33.38	0.006257
33.39	0.0079843
33.4	0.0088028
33.41	0.0092741
33.42	0.010113
33.43	0.01065
33.44	0.010197
33.45	0.0093729
33.46	0.0095403
33.47	0.010857
33.48	0.011845
33.49	0.012183
33.5	0.013442
33.51	0.015753
33.52	0.017714
33.53	0.018697
33.54	0.01892
33.55	0.019263
33.56	0.020114
33.57	0.020518
33.58	0.019912
33.59	0.018871
33.6	0.017934
33.61	0.016905
33.62	0.015739
33.63	0.015029
33.64	0.014758
33.65	0.014308
33.66	0.013083
33.67	0.010988
33.68	0.0091147
33.69	0.0082246
33.7	0.0078168
33.71	0.007431
33.72	0.0068015
33.73	0.0053013
33.74	0.0027861
33.75	5.0004e-05
33.76	-0.0020724
33.77	-0.0035825
33.78	-0.005016
33.79	-0.0064934
33.8	-0.0078841
33.81	-0.0092509
33.82	-0.010508
33.83	-0.011414
33.84	-0.012125
33.85	-0.01259
33.86	-0.012902
33.87	-0.013585
33.88	-0.014379
33.89	-0.014572
33.9	-0.014187
33.91	-0.013931
33.92	-0.0139
33.93	-0.013702
33.94	-0.013082
33.95	-0.011992
33.96	-0.010642
33.97	-0.009438
33.98	-0.0088098
33.99	-0.0085774
34	-0.0078984
34.01	-0.0061752
34.02	-0.003854
34.03	-0.0022004
34.04	-0.0017721
34.05	-0.0014184
34.06	-0.00033573
34.07	0.00015957
34.08	-0.00083928
34.09	-0.002203
34.1	-0.0030871
34.11	-0.0038174
34.12	-0.0044082
34.13	-0.004871
34.14	-0.0056627
34.15	-0.0068673
34.16	-0.0081169
34.17	-0.0090276
34.18	-0.010297
34.19	-0.012428
34.2	-0.01388
34.21	-0.013604
34.22	-0.012694
34.23	-0.012627
34.24	-0.013388
34.25	-0.01382
34.26	-0.013934
34.27	-0.014395
34.28	-0.014712
34.29	-0.014321
34.3	-0.013559
34.31	-0.012786
34.32	-0.01239
34.33	-0.012922
34.34	-0.014169
34.35	-0.015284
34.36	-0.015425
34.37	-0.01465
34.38	-0.013722
34.39	-0.013048
34.4	-0.012803
34.41	-0.012589
34.42	-0.011811
34.43	-0.011012
34.44	-0.01091
34.45	-0.011021
34.46	-0.010792
34.47	-0.010335
34.48	-0.0099827
34.49	-0.010065
34.5	-0.010237
34.51	-0.0099404
34.52	-0.0091839
34.53	-0.0081392
34.54	-0.0068233
34.55	-0.0051855
34.56	-0.0032097
34.57	-0.00095434
34.58	0.0012656
34.59	0.0031276
34.6	0.0048384
34.61	0.0070092
34.62	0.009419
34.63	0.011546
34.64	0.013966
34.65	0.01648
34.66	0.018146
34.67	0.01937
34.68	0.020601
34.69	0.021737
34.7	0.02342
34.71	0.026202
34.72	0.029132
34.73	0.030363
34.74	0.02998
34.75	0.02975
34.76	0.029842
34.77	0.029711
34.78	0.02969
34.79	0.029806
34.8	0.029942
34.81	0.030133
34.82	0.03008
34.83	0.029487
34.84	0.028218
34.85	0.026677
34.86	0.025264
34.87	0.023625
34.88	0.021666
34.89	0.019908
34.9	0.018796
34.91	0.018179
34.92	0.017405
34.93	0.016055
34.94	0.014597
34.95	0.01373
34.96	0.013352
34.97	0.012856
34.98	0.012073
34.99	0.011509
35	0.011181
35.01	0.01071
35.02	0.0097029
35.03	0.0078734
35.04	0.0060418
35.05	0.005046
35.06	0.0046774
35.07	0.0043926
35.08	0.0035781
35.09	0.0019323
35.1	0.00027431
35.11	-0.0006746
35.12	-0.0014798
35.13	-0.0026131
35.14	-0.0039661
35.15	-0.0055041
35.16	-0.0067323
35.17	-0.0071079
35.18	-0.0070064
35.19	-0.006846
35.2	-0.0061918
35.21	-0.0046299
35.22	-0.0030273
35.23	-0.002299
35.24	-0.0020436
35.25	-0.0018348
35.26	-0.0018513
35.27	-0.0020633
35.28	-0.0024406
35.29	-0.0031565
35.3	-0.0040942
35.31	-0.0052205
35.32	-0.0066148
35.33	-0.007888
35.34	-0.0090186
35.35	-0.010863
35.36	-0.013029
35.37	-0.014123
35.38	-0.01449
35.39	-0.015067
35.4	-0.015442
35.41	-0.015276
35.42	-0.015252
35.43	-0.01577
35.44	-0.01636
35.45	-0.016439
35.46	-0.01594
35.47	-0.015475
35.48	-0.015483
35.49	-0.015437
35.5	-0.015068
35.51	-0.014807
35.52	-0.014409
35.53	-0.013406
35.54	-0.012309
35.55	-0.011751
35.56	-0.011535
35.57	-0.01123
35.58	-0.010966
35.59	-0.011117
35.6	-0.011725
35.61	-0.012404
35.62	-0.012807
35.63	-0.012958
35.64	-0.013134
35.65	-0.013507
35.66	-0.013617
35.67	-0.013155
35.68	-0.012635
35.69	-0.01204
35.7	-0.01017
35.71	-0.0072003
35.72	-0.0048438
35.73	-0.0034312
35.74	-0.0020918
35.75	-0.00047472
35.76	0.00076034
35.77	0.00099602
35.78	0.0012645
35.79	0.0030998
35.8	0.0055409
35.81	0.0065454
35.82	0.0061387
35.83	0.0059707
35.84	0.006957
35.85	0.0082517
35.86	0.0090413
35.87	0.0092418
35.88	0.0091576
35.89	0.0091908
35.9	0.0091803
35.91	0.008889
35.92	0.0084133
35.93	0.0080031
35.94	0.0076847
35.95	0.0069123
35.96	0.0054203
35.97	0.0038704
35.98	0.0024657
35.99	0.0010716
36	3.1361e-05
36.01	-0.00020965
36.02	-0.00072527
36.03	-0.0018533
36.04	-0.0037117
36.05	-0.0054467
36.06	-0.006183
36.07	-0.0067717
36.08	-0.0081381
36.09	-0.0098394
36.1	-0.011089
36.11	-0.012202
36.12	-0.013587
36.13	-0.014648
36.14	-0.015159
36.15	-0.015868
36.16	-0.017081
36.17	-0.017938
36.18	-0.017683
36.19	-0.016794
36.2	-0.01566
36.21	-0.014006
36.22	-0.012389
36.23	-0.011359
36.24	-0.010465
36.25	-0.009325
36.26	-0.008112
36.27	-0.0069773
36.28	-0.0056747
36.29	-0.0044527
36.3	-0.0037596
36.31	-0.0033608
36.32	-0.0031443
36.33	-0.0030765
36.34	-0.0026561
36.35	-0.0018776
36.36	-0.0012276
36.37	-0.00082971
36.38	-0.00049454
36.39	-0.00010461
36.4	0.00024103
36.41	0.00055744
36.42	0.00088426
36.43	0.0011698
36.44	0.0014499
36.45	0.0017773
36.46	0.0021146
36.47	0.0024038
36.48	0.0026345
36.49	0.0028066
36.5	0.0029826
36.51	0.0032371
36.52	0.0035249
36.53	0.0037137
36.54	0.0038333
36.55	0.0039854
36.56	0.0041474
36.57	0.0042864
36.58	0.0044132
36.59	0.0045481
36.6	0.0047049
36.61	0.0048661
36.62	0.0049876
36.63	0.0050897
36.64	0.0051858
36.65	0.0053469
36.66	0.0060515
36.67	0.0073
36.68	0.0082724
36.69	0.0089926
36.7	0.0099505
36.71	0.011232
36.72	0.012941
36.73	0.014495
36.74	0.014994
36.75	0.014511
36.76	0.013844
36.77	0.01363
36.78	0.013919
36.79	0.014307
36.8	0.014743
36.81	0.015416
36.82	0.015873
36.83	0.015657
36.84	0.014925
36.85	0.014206
36.86	0.014522
36.87	0.016087
36.88	0.017223
36.89	0.017167
36.9	0.017067
36.91	0.017152
36.92	0.017077
36.93	0.017151
36.94	0.017208
36.95	0.016723
36.96	0.015791
36.97	0.014862
36.98	0.014062
36.99	0.013277
37	0.012447
37.01	0.011924
37.02	0.012098
37.03	0.012332
37.04	0.011874
37.05	0.010966
37.06	0.010002
37.07	0.0092238
37.08	0.009065
37.09	0.0093474
37.1	0.0092299
37.11	0.0084658
37.12	0.0074705
37.13	0.0067008
37.14	0.0065384
37.15	0.0068885
37.16	0.007138
37.17	0.0070541
37.18	0.0068265
37.19	0.0063541
37.2	0.005825
37.21	0.0059224
37.22	0.0063574
37.23	0.0060293
37.24	0.0048498
37.25	0.0035878
37.26	0.0024736
37.27	0.0012335
37.28	-0.00039183
37.29	-0.0022372
37.3	-0.0037551
37.31	-0.0049145
37.32	-0.0060657
37.33	-0.0076843
37.34	-0.0097775
37.35	-0.011366
37.36	-0.012497
37.37	-0.013994
37.38	-0.015439
37.39	-0.016669
37.4	-0.018325
37.41	-0.019966
37.42	-0.020863
37.43	-0.021165
37.44	-0.020944
37.45	-0.020699
37.46	-0.021235
37.47	-0.021996
37.48	-0.022245
37.49	-0.022217
37.5	-0.022208
37.51	-0.022558
37.52	-0.02314
37.53	-0.023385
37.54	-0.023295
37.55	-0.022883
37.56	-0.022022
37.57	-0.020897
37.58	-0.019778
37.59	-0.018924
37.6	-0.018336
37.61	-0.017613
37.62	-0.016565
37.63	-0.015324
37.64	-0.0141
37.65	-0.013079
37.66	-0.012157
37.67	-0.011552
37.68	-0.011845
37.69	-0.012551
37.7	-0.012495
37.71	-0.011539
37.72	-0.010491
37.73	-0.010024
37.74	-0.0099746
37.75	-0.0095982
37.76	-0.008916
37.77	-0.0084589
37.78	-0.008105
37.79	-0.0076599
37.8	-0.0068329
37.81	-0.0053888
37.82	-0.0040858
37.83	-0.0034014
37.84	-0.0027658
37.85	-0.001928
37.86	-0.0011988
37.87	-0.00058758
37.88	0.00036092
37.89	0.001518
37.9	0.0019973
37.91	0.0017545
37.92	0.0016667
37.93	0.002083
37.94	0.0026462
37.95	0.0030849
37.96	0.0034309
37.97	0.0036553
37.98	0.0036364
37.99	0.003481
38	0.0036597
38.01	0.0043259
38.02	0.0051281
38.03	0.0060273
38.04	0.0070217
38.05	0.007978
38.06	0.0088941
38.07	0.0096987
38.08	0.010462
38.09	0.011075
38.1	0.011292
38.11	0.011428
38.12	0.011729
38.13	0.011826
38.14	0.011639
38.15	0.011765
38.16	0.012268
38.17	0.012518
38.18	0.012387
38.19	0.01226
38.2	0.012598
38.21	0.013409
38.22	0.014026
38.23	0.014133
38.24	0.013906
38.25	0.013522
38.26	0.01333
38.27	0.013436
38.28	0.0134
38.29	0.01315
38.3	0.013155
38.31	0.013281
38.32	0.013023
38.33	0.012413
38.34	0.011736
38.35	0.011316
38.36	0.011174
38.37	0.010861
38.38	0.010163
38.39	0.009304
38.4	0.0085215
38.41	0.0078114
38.42	0.0071672
38.43	0.0067703
38.44	0.006534
38.45	0.0061012
38.46	0.0052868
38.47	0.0042288
38.48	0.0033139
38.49	0.0027257
38.5	0.0023049
38.51	0.0018782
38.52	0.0012914
38.53	0.00051477
38.54	-0.00017798
38.55	-0.00054461
38.56	-0.00064172
38.57	-0.00064928
38.58	-0.00071574
38.59	-0.00092745
38.6	-0.0012272
38.61	-0.0015273
38.62	-0.0018018
38.63	-0.0020527
38.64	-0.0023
38.65	-0.0025321
38.66	-0.0027634
38.67	-0.0030377
38.68	-0.003325
38.69	-0.003558
38.7	-0.0037457
38.71	-0.0040051
38.72	-0.0043959
38.73	-0.004778
38.74	-0.0050047
38.75	-0.0051587
38.76	-0.0054189
38.77	-0.0057641
38.78	-0.0060092
38.79	-0.0060693
38.8	-0.0059735
38.81	-0.0058802
38.82	-0.0060202
38.83	-0.0062903
38.84	-0.0064963
38.85	-0.0066832
38.86	-0.0067674
38.87	-0.0066828
38.88	-0.0066032
38.89	-0.0066492
38.9	-0.006725
38.91	-0.0066431
38.92	-0.006417
38.93	-0.0062137
38.94	-0.006007
38.95	-0.0057611
38.96	-0.0056193
38.97	-0.0055236
38.98	-0.0052495
38.99	-0.004836
39	-0.004515
39.01	-0.0043227
39.02	-0.0040816
39.03	-0.0037213
39.04	-0.0033328
39.05	-0.0029889
39.06	-0.0026754
39.07	-0.0023656
39.08	-0.0020844
39.09	-0.0018559
39.1	-0.0016193
39.11	-0.0013316
39.12	-0.0010603
39.13	-0.00083244
39.14	-0.00056694
39.15	-0.00025464
39.16	-4.6704e-06
39.17	0.00014738
39.18	0.000256
39.19	0.00041619
39.2	0.00070739
39.21	0.001009
39.22	0.001166
39.23	0.0012473
39.24	0.0013493
39.25	0.0014396
39.26	0.0015149
39.27	0.0016012
39.28	0.0016527
39.29	0.0016698
39.3	0.0017137
39.31	0.0017353
39.32	0.0016422
39.33	0.0014906
39.34	0.0014113
39.35	0.0014127
39.36	0.0014063
39.37	0.0013591
39.38	0.0012962
39.39	0.0012257
39.4	0.0011775
39.41	0.0011579
39.42	0.0011208
39.43	0.0010744
39.44	0.0010319
39.45	0.00098176
39.46	0.00093164
39.47	0.00088665
39.48	0.00084856
39.49	0.00082398
39.5	0.00081232
39.51	0.00078639
39.52	0.00071613
39.53	0.00061784
39.54	0.00054142
39.55	0.00050811
39.56	0.00049547
39.57	0.00048044
39.58	0.0004614
39.59	0.00043388
39.6	0.00039384
39.61	0.00036741
39.62	0.00036674
39.63	0.00036508
39.64	0.00035464
39.65	0.00034029
39.66	0.00031553
39.67	0.00028529
39.68	0.00026008
39.69	0.00024567
39.7	0.00024422
39.71	0.00024714
39.72	0.0002423
39.73	0.0002259
39.74	0.00020826
39.75	0.00019557
39.76	0.00017909
39.77	0.00015362
39.78	0.0001259
39.79	0.00010391
39.8	8.6075e-05
39.81	6.5922e-05
39.82	4.2089e-05
39.83	1.6894e-05
39.84	-5.4671e-06
39.85	-2.225e-05
39.86	-3.5933e-05
39.87	-4.781e-05
39.88	-5.6392e-05
39.89	-6.2879e-05
39.9	-6.8782e-05
39.91	-7.3875e-05
39.92	-7.8044e-05
39.93	-8.1361e-05
39.94	-8.4155e-05
39.95	-8.6865e-05
39.96	-8.9136e-05
39.97	-9.043e-05
39.98	-9.0645e-05
39.99	-8.985e-05
