0	7.8952e-06
0.005	-2.462e-07
0.01	-1.2271e-05
0.015	-2.7165e-05
0.02	-2.0921e-05
0.025	8.1297e-06
0.03	7.8482e-05
0.035	0.00020535
0.04	0.00034297
0.045	0.00034876
0.05	0.00012396
0.055	-0.00016546
0.06	-0.00028319
0.065	-0.00028884
0.07	-0.00038129
0.075	-0.00056
0.08	-0.00054012
0.085	-8.6049e-05
0.09	0.00074753
0.095	0.001324
0.1	0.001302
0.105	0.0008723
0.11	0.00030672
0.115	-0.00032547
0.12	-0.00075254
0.125	-0.00081397
0.13	-0.00032352
0.135	-4.3793e-05
0.14	-0.00043939
0.145	-0.0018954
0.15	-0.0029072
0.155	-0.0016373
0.16	0.0022501
0.165	0.0053531
0.17	0.0051333
0.175	0.00076719
0.18	-0.0046784
0.185	-0.0077653
0.19	-0.0074028
0.195	-0.0046957
0.2	0.00023002
0.205	0.0079437
0.21	0.014354
0.215	0.015427
0.22	0.010348
0.225	0.0026854
0.23	-0.0044949
0.235	-0.01251
0.24	-0.018564
0.245	-0.016078
0.25	-0.0080495
0.255	0.0034871
0.26	0.0092507
0.265	0.007599
0.27	0.0075434
0.275	0.0096233
0.28	0.0072377
0.285	0.0010794
0.29	-0.0030309
0.295	-0.0026611
0.3	0.003546
0.305	0.011745
0.31	0.011941
0.315	-0.0041743
0.32	-0.02137
0.325	-0.01891
0.33	-0.0026889
0.335	0.0076199
0.34	0.0037038
0.345	0.0010403
0.35	0.010487
0.355	0.026261
0.36	0.029552
0.365	0.013613
0.37	-0.0057434
0.375	-0.018567
0.38	-0.027308
0.385	-0.028192
0.39	-0.016213
0.395	0.0094368
0.4	0.02839
0.405	0.020913
0.41	-0.0080998
0.415	-0.02603
0.42	-0.023169
0.425	-0.010627
0.43	-0.0041688
0.435	-0.0079178
0.44	-0.012577
0.445	-0.0048631
0.45	0.022911
0.455	0.043861
0.46	0.037071
0.465	0.0058354
0.47	-0.03099
0.475	-0.055836
0.48	-0.058226
0.485	-0.043376
0.49	-0.012057
0.495	0.0406
0.5	0.07187
0.505	0.065974
0.51	0.052559
0.515	0.037913
0.52	0.0087758
0.525	-0.036288
0.53	-0.068717
0.535	-0.080519
0.54	-0.081622
0.545	-0.068207
0.55	-0.0228
0.555	0.041726
0.56	0.06858
0.565	0.052707
0.57	0.034645
0.575	0.025578
0.58	0.010252
0.585	-0.013339
0.59	-0.033518
0.595	-0.041079
0.6	-0.039719
0.605	-0.025058
0.61	0.019857
0.615	0.079985
0.62	0.089035
0.625	0.045916
0.63	-0.018506
0.635	-0.057282
0.64	-0.042402
0.645	-0.01321
0.65	-0.0092641
0.655	-0.03378
0.66	-0.05578
0.665	-0.038633
0.67	0.01189
0.675	0.069242
0.68	0.075975
0.685	0.039482
0.69	0.0023267
0.695	-0.029096
0.7	-0.053144
0.705	-0.046886
0.71	-0.016385
0.715	0.017569
0.72	0.026928
0.725	0.013162
0.73	0.0043957
0.735	0.012206
0.74	0.026114
0.745	0.030475
0.75	0.018319
0.755	0.0051322
0.76	0.0016528
0.765	0.0037232
0.77	0.0010516
0.775	-0.013928
0.78	-0.031934
0.785	-0.033945
0.79	-0.01755
0.795	0.0045537
0.8	0.028253
0.805	0.037885
0.81	0.030857
0.815	0.016893
0.82	0.002333
0.825	-0.0076962
0.83	-0.0099071
0.835	-0.0033372
0.84	0.01128
0.845	0.026684
0.85	0.03096
0.855	0.021553
0.86	-0.0020965
0.865	-0.034744
0.87	-0.049588
0.875	-0.030738
0.88	-0.0015339
0.885	0.0029286
0.89	-0.013384
0.895	-0.016751
0.9	0.013382
0.905	0.065018
0.91	0.08532
0.915	0.059566
0.92	0.018733
0.925	-0.0085498
0.93	-0.013523
0.935	-0.01214
0.94	-0.025299
0.945	-0.049189
0.95	-0.051225
0.955	-0.026686
0.96	0.0098523
0.965	0.032419
0.97	0.033503
0.975	0.02929
0.98	0.036344
0.985	0.034288
0.99	0.00012599
0.995	-0.045054
1	-0.06434
1.005	-0.063945
1.01	-0.062608
1.015	-0.053412
1.02	-0.030098
1.025	0.00097721
1.03	0.032466
1.035	0.049604
1.04	0.051196
1.045	0.046488
1.05	0.035332
1.055	0.017397
1.06	0.0030388
1.065	-0.011317
1.07	-0.029365
1.075	-0.045362
1.08	-0.042726
1.085	-0.012007
1.09	0.027844
1.095	0.035058
1.1	0.0056699
1.105	-0.02887
1.11	-0.041343
1.115	-0.028451
1.12	-0.015525
1.125	-0.017146
1.13	-0.022738
1.135	-0.021868
1.14	-0.01891
1.145	-0.019213
1.15	-0.013428
1.155	0.0074856
1.16	0.033098
1.165	0.046833
1.17	0.043448
1.175	0.015133
1.18	-0.02268
1.185	-0.042403
1.19	-0.043116
1.195	-0.038932
1.2	-0.032718
1.205	-0.015153
1.21	0.03238
1.215	0.08351
1.22	0.097925
1.225	0.078525
1.23	0.036313
1.235	-0.030309
1.24	-0.090704
1.245	-0.11274
1.25	-0.10854
1.255	-0.099543
1.26	-0.078984
1.265	-0.0061852
1.27	0.12071
1.275	0.18073
1.28	0.14379
1.285	0.079915
1.29	0.032577
1.295	-0.04893
1.3	-0.13161
1.305	-0.15243
1.31	-0.11146
1.315	-0.0242
1.32	0.063927
1.325	0.094943
1.33	0.079631
1.335	0.062222
1.34	0.051106
1.345	0.028294
1.35	-0.0065583
1.355	-0.040659
1.36	-0.055554
1.365	-0.043374
1.37	-0.012402
1.375	0.03103
1.38	0.047853
1.385	0.027987
1.39	0.010318
1.395	0.015165
1.4	0.018638
1.405	0.001143
1.41	-0.012853
1.415	-0.0037419
1.42	0.0096576
1.425	-0.0022511
1.43	-0.037991
1.435	-0.074973
1.44	-0.070692
1.445	-0.035135
1.45	0.0030164
1.455	0.035653
1.46	0.064767
1.465	0.074362
1.47	0.063229
1.475	0.050654
1.48	0.049663
1.485	0.05204
1.49	0.026855
1.495	-0.043502
1.5	-0.090928
1.505	-0.073299
1.51	-0.033749
1.515	-0.00042791
1.52	0.028649
1.525	0.048359
1.53	0.045103
1.535	0.012737
1.54	-0.014599
1.545	-0.011579
1.55	-0.01711
1.555	-0.044058
1.56	-0.0622
1.565	-0.045153
1.57	0.0074521
1.575	0.046989
1.58	0.048389
1.585	0.032047
1.59	0.022777
1.595	0.018614
1.6	-0.0010313
1.605	-0.028083
1.61	-0.042895
1.615	-0.033981
1.62	-0.015726
1.625	-0.0045852
1.63	-0.0018422
1.635	0.01697
1.64	0.046226
1.645	0.056781
1.65	0.025038
1.655	-0.043003
1.66	-0.091083
1.665	-0.076138
1.67	-0.036177
1.675	-0.013544
1.68	-0.016567
1.685	-0.013917
1.69	0.021758
1.695	0.055558
1.7	0.049264
1.705	0.019427
1.71	-0.0053837
1.715	-0.023778
1.72	-0.038711
1.725	-0.036962
1.73	-0.014689
1.735	0.035182
1.74	0.066958
1.745	0.052547
1.75	0.024933
1.755	0.014932
1.76	0.007633
1.765	-0.013592
1.77	-0.028226
1.775	-0.018354
1.78	0.00020547
1.785	0.00182
1.79	-0.0021233
1.795	0.0016216
1.8	0.0032627
1.805	0.0051463
1.81	0.012816
1.815	0.015605
1.82	-0.0053288
1.825	-0.024581
1.83	-0.011096
1.835	0.013859
1.84	0.022499
1.845	0.0037942
1.85	-0.016144
1.855	-0.0095916
1.86	0.013496
1.865	0.021925
1.87	0.0095908
1.875	0.0038311
1.88	0.011992
1.885	0.012149
1.89	-0.0013003
1.895	-0.015909
1.9	-0.014925
1.905	-0.0041863
1.91	0.0037889
1.915	0.0081899
1.92	0.010033
1.925	0.011927
1.93	0.019197
1.935	0.023313
1.94	0.0064254
1.945	-0.027507
1.95	-0.043987
1.955	-0.033343
1.96	-0.016052
1.965	-0.0041564
1.97	0.007583
1.975	0.030111
1.98	0.056142
1.985	0.054064
1.99	0.0029211
1.995	-0.045171
2	-0.037656
2.005	-0.0096216
2.01	-0.0073168
2.015	-0.028158
2.02	-0.040941
2.025	-0.031856
2.03	-0.012664
2.035	0.0026841
2.04	-0.0031371
2.045	-0.021126
2.05	-0.017767
2.055	0.0072065
2.06	0.032931
2.065	0.034321
2.07	0.0062518
2.075	-0.018508
2.08	-0.019193
2.085	-0.008709
2.09	-0.0065486
2.095	-0.0108
2.1	-0.0084211
2.105	0.01235
2.11	0.061895
2.115	0.084937
2.12	0.057301
2.125	0.0051729
2.13	-0.028961
2.135	-0.030972
2.14	-0.039544
2.145	-0.073598
2.15	-0.10141
2.155	-0.089328
2.16	-0.024597
2.165	0.054721
2.17	0.076746
2.175	0.038692
2.18	-0.007632
2.185	-0.029688
2.19	-0.028172
2.195	-0.031327
2.2	-0.054339
2.205	-0.081625
2.21	-0.069579
2.215	-0.0034182
2.22	0.069991
2.225	0.074404
2.23	0.037813
2.235	0.020384
2.24	0.031543
2.245	0.039633
2.25	0.018174
2.255	-0.0041558
2.26	0.00070273
2.265	0.024396
2.27	0.049417
2.275	0.057832
2.28	0.047105
2.285	0.023922
2.29	0.004967
2.295	0.0027714
2.3	0.0023599
2.305	-0.01069
2.31	-0.021464
2.315	-0.016245
2.32	-0.003104
2.325	-0.0053648
2.33	-0.028646
2.335	-0.048448
2.34	-0.047349
2.345	-0.032698
2.35	-0.017809
2.355	-0.011338
2.36	-0.02274
2.365	-0.029021
2.37	-0.014017
2.375	0.0060936
2.38	0.0092187
2.385	0.0020209
2.39	0.0032655
2.395	0.014267
2.4	0.032362
2.405	0.049037
2.41	0.062982
2.415	0.050334
2.42	-0.0082402
2.425	-0.060204
2.43	-0.045892
2.435	0.0055992
2.44	0.035275
2.445	0.023511
2.45	0.0034444
2.455	0.0055942
2.46	0.018651
2.465	0.024413
2.47	0.020897
2.475	0.013611
2.48	0.0048987
2.485	0.0014858
2.49	0.0026742
2.495	-0.0033925
2.5	-0.015524
2.505	-0.014148
2.51	-0.00064153
2.515	0.0059342
2.52	-0.014063
2.525	-0.035985
2.53	-0.025245
2.535	0.008926
2.54	0.038335
2.545	0.043523
2.55	0.030362
2.555	0.012192
2.56	-0.0053322
2.565	-0.022906
2.57	-0.038141
2.575	-0.048272
2.58	-0.052974
2.585	-0.053851
2.59	-0.045154
2.595	-0.017635
2.6	0.027121
2.605	0.040314
2.61	0.01522
2.615	-0.0017139
2.62	0.0089941
2.625	0.023258
2.63	0.0063177
2.635	-0.036107
2.64	-0.040462
2.645	0.016784
2.65	0.078844
2.655	0.087931
2.66	0.051251
2.665	0.0027381
2.67	-0.014449
2.675	-0.0041742
2.68	-0.015499
2.685	-0.042293
2.69	-0.04394
2.695	-0.017372
2.7	0.016857
2.705	0.045542
2.71	0.048577
2.715	0.039661
2.72	0.028372
2.725	0.0072674
2.73	-0.02151
2.735	-0.050533
2.74	-0.066965
2.745	-0.060321
2.75	-0.038518
2.755	-0.012709
2.76	0.0016711
2.765	0.011359
2.77	0.028991
2.775	0.054825
2.78	0.062791
2.785	0.029946
2.79	-0.016201
2.795	-0.026024
2.8	-0.013362
2.805	-0.014387
2.81	-0.023512
2.815	-0.023982
2.82	-0.014718
2.825	-0.0017178
2.83	0.01635
2.835	0.031939
2.84	0.020022
2.845	-0.0084218
2.85	-0.026671
2.855	-0.035578
2.86	-0.02039
2.865	0.014568
2.87	0.044992
2.875	0.052052
2.88	0.039823
2.885	0.02134
2.89	0.0094473
2.895	0.0080442
2.9	-0.002625
2.905	-0.029759
2.91	-0.045686
2.915	-0.024664
2.92	0.016422
2.925	0.034845
2.93	0.026423
2.935	0.021931
2.94	0.030328
2.945	0.038534
2.95	0.041489
2.955	0.039278
2.96	0.022521
2.965	-0.0093561
2.97	-0.029161
2.975	-0.028967
2.98	-0.0285
2.985	-0.040594
2.99	-0.046601
2.995	-0.035281
3	-0.007623
3.005	0.013597
3.01	0.0099104
3.015	0.0010033
3.02	-0.0023074
3.025	-0.014595
3.03	-0.031089
3.035	-0.036417
3.04	-0.022189
3.045	-0.0053325
3.05	0.010913
3.055	0.033529
3.06	0.049312
3.065	0.036232
3.07	0.00088798
3.075	-0.016121
3.08	-0.011407
3.085	-0.0080066
3.09	-0.010539
3.095	-0.0090563
3.1	-0.0056657
3.105	-0.0026349
3.11	-0.0020699
3.115	-0.0010788
3.12	0.0097089
3.125	0.017689
3.13	-0.009196
3.135	-0.059982
3.14	-0.067974
3.145	-0.03618
3.15	-0.016677
3.155	-0.025437
3.16	-0.033025
3.165	-0.014914
3.17	0.012222
3.175	0.021153
3.18	0.0055151
3.185	-0.0067721
3.19	-0.0040961
3.195	0.0013812
3.2	-0.00022874
3.205	-0.007674
3.21	-0.018337
3.215	-0.030219
3.22	-0.03918
3.225	-0.037258
3.23	-0.018479
3.235	0.018366
3.24	0.04315
3.245	0.04115
3.25	0.024181
3.255	0.0063935
3.26	-0.0056168
3.265	-0.013385
3.27	-0.013056
3.275	-0.012687
3.28	-0.01599
3.285	-0.02381
3.29	-0.023983
3.295	-0.013863
3.3	0.0046815
3.305	0.044295
3.31	0.071806
3.315	0.059543
3.32	0.01138
3.325	-0.032687
3.33	-0.022702
3.335	0.015335
3.34	0.043862
3.345	0.046665
3.35	0.024097
3.355	0.0096666
3.36	0.01832
3.365	0.028335
3.37	0.030258
3.375	0.021587
3.38	-0.00070348
3.385	-0.03013
3.39	-0.040979
3.395	-0.0196
3.4	0.010359
3.405	0.019369
3.41	-0.0012038
3.415	-0.01755
3.42	-0.0079208
3.425	0.012369
3.43	0.025988
3.435	0.01429
3.44	-0.00050443
3.445	0.0087888
3.45	0.031853
3.455	0.035273
3.46	0.006534
3.465	-0.036405
3.47	-0.041795
3.475	-0.0060092
3.48	0.020903
3.485	0.029212
3.49	0.027449
3.495	0.031989
3.5	0.030488
3.505	0.016265
3.51	0.0053175
3.515	0.0034163
3.52	0.0049948
3.525	-0.0060502
3.53	-0.032157
3.535	-0.042993
3.54	-0.021536
3.545	0.010223
3.55	0.02382
3.555	0.016114
3.56	0.0078238
3.565	0.0010796
3.57	-0.021381
3.575	-0.039958
3.58	-0.035992
3.585	-0.021129
3.59	-0.011932
3.595	-0.01461
3.6	-0.02524
3.605	-0.025205
3.61	-0.0090743
3.615	0.013301
3.62	0.023469
3.625	0.0035777
3.63	-0.030907
3.635	-0.041317
3.64	-0.020136
3.645	0.002652
3.65	0.0049459
3.655	-0.0089731
3.66	-0.011467
3.665	0.00036797
3.67	-0.00030763
3.675	-0.0063304
3.68	0.0037907
3.685	0.021408
3.69	0.023491
3.695	0.0079148
3.7	0.00065136
3.705	0.0078439
3.71	0.013135
3.715	0.0023111
3.72	-0.022046
3.725	-0.030811
3.73	-0.018371
3.735	-0.0066603
3.74	-0.00028614
3.745	0.0095309
3.75	0.0087587
3.755	-0.015732
3.76	-0.04176
3.765	-0.035576
3.77	-0.0039614
3.775	0.019593
3.78	0.024755
3.785	0.02794
3.79	0.039336
3.795	0.049811
3.8	0.050978
3.805	0.048279
3.81	0.037965
3.815	0.015645
3.82	-0.030027
3.825	-0.074275
3.83	-0.071177
3.835	-0.014074
3.84	0.035076
3.845	0.047641
3.85	0.041623
3.855	0.036709
3.86	0.025581
3.865	-0.01826
3.87	-0.054169
3.875	-0.048602
3.88	-0.028999
3.885	-0.033686
3.89	-0.044635
3.895	-0.011283
3.9	0.071819
3.905	0.10921
3.91	0.063746
3.915	8.7226e-05
3.92	-0.038742
3.925	-0.044075
3.93	-0.038463
3.935	-0.032389
3.94	-0.018462
3.945	0.0008378
3.95	0.020243
3.955	0.032612
3.96	0.032351
3.965	0.024918
3.97	0.0090836
3.975	-0.021423
3.98	-0.049401
3.985	-0.048345
3.99	-0.024892
3.995	0.002325
4	0.028746
4.005	0.046194
4.01	0.040974
4.015	0.007188
4.02	-0.014448
4.025	-0.00097985
4.03	0.026583
4.035	0.03681
4.04	0.016386
4.045	-0.030794
4.05	-0.053969
4.055	-0.025888
4.06	0.026794
4.065	0.053624
4.07	0.035554
4.075	-0.014522
4.08	-0.045872
4.085	-0.043414
4.09	-0.034206
4.095	-0.03964
4.1	-0.05117
4.105	-0.046563
4.11	-0.029071
4.115	-0.010765
4.12	-0.0014973
4.125	-0.0045689
4.13	-0.012512
4.135	-0.010468
4.14	-0.0012928
4.145	-0.00037737
4.15	-0.011201
4.155	-0.019325
4.16	-0.013303
4.165	0.00044534
4.17	0.015471
4.175	0.025607
4.18	0.026089
4.185	0.019384
4.19	0.0043209
4.195	-0.018333
4.2	-0.032626
4.205	-0.022724
4.21	0.0040235
4.215	0.044836
4.22	0.057217
4.225	0.030642
4.23	-0.0018633
4.235	-0.015289
4.24	-0.021584
4.245	-0.031479
4.25	-0.036489
4.255	-0.023455
4.26	0.0031535
4.265	0.017169
4.27	0.0023952
4.275	-0.023996
4.28	-0.030149
4.285	-0.018394
4.29	-0.015586
4.295	-0.03541
4.3	-0.063125
4.305	-0.064925
4.31	-0.028572
4.315	0.034422
4.32	0.079424
4.325	0.081305
4.33	0.06351
4.335	0.034322
4.34	-0.0047774
4.345	-0.025929
4.35	-0.018707
4.355	-0.0050154
4.36	0.00017059
4.365	-0.0016034
4.37	-0.0017989
4.375	0.0081998
4.38	0.035294
4.385	0.061271
4.39	0.06115
4.395	0.045735
4.4	0.034624
4.405	0.019103
4.41	-0.020035
4.415	-0.06253
4.42	-0.06642
4.425	-0.034021
4.43	0.0022262
4.435	0.015054
4.44	0.0092185
4.445	0.014704
4.45	0.041956
4.455	0.06198
4.46	0.054181
4.465	0.028036
4.47	0.004632
4.475	-0.0011346
4.48	0.0013473
4.485	0.0070545
4.49	0.013551
4.495	0.014409
4.5	0.010465
4.505	0.012053
4.51	0.018816
4.515	0.020998
4.52	0.01353
4.525	-0.0043255
4.53	-0.017075
4.535	-0.016185
4.54	-0.0044172
4.545	0.0036022
4.55	0.0055178
4.555	0.0067915
4.56	0.014431
4.565	0.032825
4.57	0.049894
4.575	0.064323
4.58	0.077966
4.585	0.07899
4.59	0.056242
4.595	0.022211
4.6	-0.0084731
4.605	-0.028137
4.61	-0.034437
4.615	-0.031132
4.62	-0.015398
4.625	0.023098
4.63	0.07247
4.635	0.087934
4.64	0.063869
4.645	0.030692
4.65	0.005139
4.655	-0.016365
4.66	-0.061359
4.665	-0.11924
4.67	-0.11765
4.675	-0.069799
4.68	0.0089872
4.685	0.069722
4.69	0.073038
4.695	0.052036
4.7	0.041012
4.705	0.046293
4.71	0.054112
4.715	0.05096
4.72	0.029005
4.725	0.0087373
4.73	0.019493
4.735	0.055496
4.74	0.093402
4.745	0.12057
4.75	0.1316
4.755	0.10912
4.76	0.054623
4.765	-0.013894
4.77	-0.051887
4.775	-0.06234
4.78	-0.054856
4.785	-0.036529
4.79	-0.011594
4.795	-0.00065913
4.8	-0.015706
4.805	-0.053762
4.81	-0.092823
4.815	-0.12762
4.82	-0.15519
4.825	-0.15585
4.83	-0.13013
4.835	-0.079712
4.84	-0.0040651
4.845	0.072766
4.85	0.13444
4.855	0.17624
4.86	0.20682
4.865	0.21079
4.87	0.18244
4.875	0.1177
4.88	0.024549
4.885	-0.060023
4.89	-0.089426
4.895	-0.08045
4.9	-0.072744
4.905	-0.076795
4.91	-0.082668
4.915	-0.079297
4.92	-0.062664
4.925	-0.043539
4.93	-0.05018
4.935	-0.090474
4.94	-0.15432
4.945	-0.20051
4.95	-0.23358
4.955	-0.27619
4.96	-0.31197
4.965	-0.32522
4.97	-0.32145
4.975	-0.30199
4.98	-0.26857
4.985	-0.23534
4.99	-0.19991
4.995	-0.15786
5	-0.11537
5.005	-0.077241
5.01	-0.054845
5.015	-0.022866
5.02	0.026286
5.025	0.053536
5.03	0.049489
5.035	0.046979
5.04	0.059158
5.045	0.076176
5.05	0.086804
5.055	0.091352
5.06	0.098409
5.065	0.11006
5.07	0.12022
5.075	0.11134
5.08	0.089339
5.085	0.075779
5.09	0.071527
5.095	0.060641
5.1	0.039938
5.105	0.030897
5.11	0.042602
5.115	0.061366
5.12	0.062657
5.125	0.028524
5.13	-0.033158
5.135	-0.082307
5.14	-0.10679
5.145	-0.12631
5.15	-0.15072
5.155	-0.17135
5.16	-0.16795
5.165	-0.14129
5.17	-0.10036
5.175	-0.030662
5.18	0.046589
5.185	0.12461
5.19	0.18559
5.195	0.19607
5.2	0.20157
5.205	0.19612
5.21	0.15928
5.215	0.10471
5.22	0.072299
5.225	0.064739
5.23	0.07046
5.235	0.080951
5.24	0.086986
5.245	0.067513
5.25	0.031928
5.255	0.013681
5.26	0.013117
5.265	-0.0017641
5.27	-0.037838
5.275	-0.057896
5.28	-0.04213
5.285	-0.016035
5.29	-0.00032602
5.295	-0.0047826
5.3	-0.029301
5.305	-0.063715
5.31	-0.083174
5.315	-0.070963
5.32	-0.045688
5.325	-0.021081
5.33	0.038927
5.335	0.12445
5.34	0.21258
5.345	0.27591
5.35	0.34236
5.355	0.38066
5.36	0.3579
5.365	0.317
5.37	0.28362
5.375	0.24365
5.38	0.15725
5.385	0.029603
5.39	-0.093837
5.395	-0.14208
5.4	-0.12928
5.405	-0.10764
5.41	-0.073777
5.415	-0.011293
5.42	0.044659
5.425	0.067169
5.43	0.075099
5.435	0.080198
5.44	0.071869
5.445	0.048231
5.45	0.0059743
5.455	-0.041711
5.46	-0.072694
5.465	-0.082669
5.47	-0.071558
5.475	-0.056139
5.48	-0.045742
5.485	-0.038071
5.49	-0.022163
5.495	0.016876
5.5	0.055509
5.505	0.058459
5.51	0.033117
5.515	0.012848
5.52	0.010391
5.525	0.023404
5.53	0.042028
5.535	0.051016
5.54	0.049532
5.545	0.055382
5.55	0.085091
5.555	0.11443
5.56	0.12007
5.565	0.11937
5.57	0.1289
5.575	0.1298
5.58	0.094116
5.585	0.036534
5.59	-0.026476
5.595	-0.062417
5.6	-0.059413
5.605	-0.05725
5.61	-0.082539
5.615	-0.14734
5.62	-0.19578
5.625	-0.18171
5.63	-0.13687
5.635	-0.098346
5.64	-0.083364
5.645	-0.080481
5.65	-0.066222
5.655	-0.038174
5.66	-0.011814
5.665	0.001258
5.67	0.00088018
5.675	-0.0026115
5.68	0.0021168
5.685	0.011603
5.69	0.011002
5.695	-0.013086
5.7	-0.046662
5.705	-0.058911
5.71	-0.06274
5.715	-0.072688
5.72	-0.087075
5.725	-0.10693
5.73	-0.12399
5.735	-0.14157
5.74	-0.15202
5.745	-0.15474
5.75	-0.15781
5.755	-0.16134
5.76	-0.15991
5.765	-0.14925
5.77	-0.12344
5.775	-0.062099
5.78	-0.0029072
5.785	0.020825
5.79	0.022901
5.795	0.027035
5.8	0.034068
5.805	0.020028
5.81	-0.025852
5.815	-0.089745
5.82	-0.13021
5.825	-0.12857
5.83	-0.099576
5.835	-0.06876
5.84	-0.049075
5.845	-0.028518
5.85	0.024476
5.855	0.08727
5.86	0.1216
5.865	0.10775
5.87	0.06209
5.875	0.0020001
5.88	-0.034808
5.885	-0.040079
5.89	-0.065624
5.895	-0.10827
5.9	-0.11503
5.905	-0.077565
5.91	-0.024708
5.915	0.01276
5.92	0.040233
5.925	0.059827
5.93	0.075207
5.935	0.086
5.94	0.084625
5.945	0.083457
5.95	0.085659
5.955	0.074176
5.96	0.060097
5.965	0.060047
5.97	0.069781
5.975	0.084166
5.98	0.1018
5.985	0.11029
5.99	0.1045
5.995	0.10346
6	0.12236
6.005	0.15804
6.01	0.19196
6.015	0.21133
6.02	0.22392
6.025	0.22597
6.03	0.20967
6.035	0.181
6.04	0.15256
6.045	0.13632
6.05	0.12961
6.055	0.11772
6.06	0.09798
6.065	0.074481
6.07	0.056846
6.075	0.052745
6.08	0.058153
6.085	0.059789
6.09	0.037821
6.095	-0.022802
6.1	-0.0991
6.105	-0.1532
6.11	-0.18237
6.115	-0.19279
6.12	-0.2042
6.125	-0.2092
6.13	-0.19838
6.135	-0.16765
6.14	-0.12465
6.145	-0.10932
6.15	-0.12768
6.155	-0.15925
6.16	-0.17849
6.165	-0.17641
6.17	-0.17451
6.175	-0.18492
6.18	-0.1963
6.185	-0.18339
6.19	-0.14853
6.195	-0.095232
6.2	-0.038622
6.205	-0.016518
6.21	-0.0018272
6.215	0.02687
6.22	0.053819
6.225	0.049467
6.23	-0.0040322
6.235	-0.081803
6.24	-0.13431
6.245	-0.13504
6.25	-0.12167
6.255	-0.13375
6.26	-0.15762
6.265	-0.16537
6.27	-0.15092
6.275	-0.13214
6.28	-0.12011
6.285	-0.11322
6.29	-0.10527
6.295	-0.090985
6.3	-0.074931
6.305	-0.060399
6.31	-0.044458
6.315	-0.029241
6.32	-0.026039
6.325	-0.041898
6.33	-0.066168
6.335	-0.08192
6.34	-0.093798
6.345	-0.11451
6.35	-0.14331
6.355	-0.165
6.36	-0.15989
6.365	-0.13281
6.37	-0.097684
6.375	-0.058279
6.38	-0.020548
6.385	0.0035821
6.39	0.018968
6.395	0.03507
6.4	0.055762
6.405	0.072278
6.41	0.085824
6.415	0.10378
6.42	0.13057
6.425	0.16102
6.43	0.19643
6.435	0.21727
6.44	0.22264
6.445	0.21855
6.45	0.20454
6.455	0.18261
6.46	0.15554
6.465	0.12726
6.47	0.088407
6.475	0.038782
6.48	-0.0183
6.485	-0.064533
6.49	-0.075182
6.495	-0.06607
6.5	-0.049725
6.505	-0.016874
6.51	0.042134
6.515	0.11036
6.52	0.1641
6.525	0.19396
6.53	0.20622
6.535	0.20967
6.54	0.21041
6.545	0.20535
6.55	0.19564
6.555	0.18887
6.56	0.1896
6.565	0.18631
6.57	0.16812
6.575	0.13819
6.58	0.10098
6.585	0.066817
6.59	0.036171
6.595	-0.010441
6.6	-0.050618
6.605	-0.066517
6.61	-0.060199
6.615	-0.043638
6.62	-0.02382
6.625	0.006823
6.63	0.044306
6.635	0.085747
6.64	0.11873
6.645	0.136
6.65	0.14378
6.655	0.13973
6.66	0.12687
6.665	0.11259
6.67	0.09716
6.675	0.073323
6.68	0.048167
6.685	0.034268
6.69	0.029506
6.695	0.02921
6.7	0.032123
6.705	0.036676
6.71	0.042404
6.715	0.051202
6.72	0.066274
6.725	0.074677
6.73	0.069543
6.735	0.061625
6.74	0.061354
6.745	0.073074
6.75	0.090317
6.755	0.099749
6.76	0.10223
6.765	0.10129
6.77	0.09485
6.775	0.082518
6.78	0.063013
6.785	0.038894
6.79	0.01057
6.795	-0.018952
6.8	-0.052612
6.805	-0.086413
6.81	-0.10663
6.815	-0.10289
6.82	-0.092918
6.825	-0.095505
6.83	-0.10273
6.835	-0.098018
6.84	-0.081344
6.845	-0.058342
6.85	-0.028198
6.855	-0.0078458
6.86	-0.0054624
6.865	-0.013473
6.87	-0.02553
6.875	-0.04173
6.88	-0.057829
6.885	-0.070294
6.89	-0.069241
6.895	-0.054305
6.9	-0.031675
6.905	-0.011719
6.91	0.0038387
6.915	0.015964
6.92	0.023107
6.925	0.021538
6.93	0.0016802
6.935	-0.037681
6.94	-0.074676
6.945	-0.084187
6.95	-0.075645
6.955	-0.070801
6.96	-0.080593
6.965	-0.091986
6.97	-0.092562
6.975	-0.086488
6.98	-0.084635
6.985	-0.088691
6.99	-0.090588
6.995	-0.087794
7	-0.079506
7.005	-0.062001
7.01	-0.040678
7.015	-0.026501
7.02	-0.027649
7.025	-0.035141
7.03	-0.033666
7.035	-0.024713
7.04	-0.017352
7.045	-0.019461
7.05	-0.031585
7.055	-0.037317
7.06	-0.031358
7.065	-0.027681
7.07	-0.040417
7.075	-0.059882
7.08	-0.070958
7.085	-0.071937
7.09	-0.076834
7.095	-0.097114
7.1	-0.11365
7.105	-0.10942
7.11	-0.095533
7.115	-0.088656
7.12	-0.088414
7.125	-0.085648
7.13	-0.084698
7.135	-0.086229
7.14	-0.083752
7.145	-0.078244
7.15	-0.074214
7.155	-0.07033
7.16	-0.072167
7.165	-0.080831
7.17	-0.092999
7.175	-0.099497
7.18	-0.09342
7.185	-0.079823
7.19	-0.065024
7.195	-0.047475
7.2	-0.033091
7.205	-0.020563
7.21	-0.0028421
7.215	0.016005
7.22	0.022291
7.225	0.017644
7.23	0.016587
7.235	0.020994
7.24	0.018375
7.245	0.0084439
7.25	0.0063544
7.255	0.012917
7.26	0.020104
7.265	0.025787
7.27	0.023781
7.275	0.018688
7.28	0.01249
7.285	0.0024247
7.29	-0.015799
7.295	-0.034399
7.3	-0.048163
7.305	-0.048193
7.31	-0.031553
7.315	-0.0035544
7.32	0.022894
7.325	0.05198
7.33	0.079127
7.335	0.098122
7.34	0.1165
7.345	0.13256
7.35	0.13576
7.355	0.12443
7.36	0.10661
7.365	0.094245
7.37	0.087694
7.375	0.084196
7.38	0.070732
7.385	0.043747
7.39	0.01284
7.395	-0.016884
7.4	-0.043386
7.405	-0.051301
7.41	-0.047669
7.415	-0.048359
7.42	-0.05133
7.425	-0.050878
7.43	-0.040653
7.435	-0.017808
7.44	0.0087388
7.445	0.024535
7.45	0.034461
7.455	0.050214
7.46	0.061017
7.465	0.05636
7.47	0.044872
7.475	0.036681
7.48	0.030448
7.485	0.020979
7.49	0.014063
7.495	0.019539
7.5	0.035359
7.505	0.058286
7.51	0.075316
7.515	0.076348
7.52	0.061236
7.525	0.043887
7.53	0.028266
7.535	0.0082973
7.54	-0.019997
7.545	-0.052532
7.55	-0.083347
7.555	-0.10823
7.56	-0.11847
7.565	-0.1129
7.57	-0.10275
7.575	-0.091934
7.58	-0.076951
7.585	-0.055108
7.59	-0.029149
7.595	-0.010416
7.6	-0.0040667
7.605	-0.0074088
7.61	-0.011156
7.615	-0.0046132
7.62	0.010865
7.625	0.025569
7.63	0.035443
7.635	0.043841
7.64	0.063264
7.645	0.095606
7.65	0.12234
7.655	0.14545
7.66	0.16949
7.665	0.18376
7.67	0.18404
7.675	0.1728
7.68	0.15923
7.685	0.15012
7.69	0.14247
7.695	0.13074
7.7	0.10686
7.705	0.080549
7.71	0.06908
7.715	0.071117
7.72	0.070144
7.725	0.058969
7.73	0.04873
7.735	0.050135
7.74	0.061276
7.745	0.075042
7.75	0.076183
7.755	0.052578
7.76	0.020322
7.765	0.0078767
7.77	0.014695
7.775	0.019689
7.78	0.014858
7.785	0.010912
7.79	0.021172
7.795	0.046857
7.8	0.065211
7.805	0.058459
7.81	0.031437
7.815	0.0043604
7.82	-0.013495
7.825	-0.023853
7.83	-0.029994
7.835	-0.043446
7.84	-0.062051
7.845	-0.078732
7.85	-0.087802
7.855	-0.091869
7.86	-0.098849
7.865	-0.10496
7.87	-0.11374
7.875	-0.13267
7.88	-0.15147
7.885	-0.14861
7.89	-0.12572
7.895	-0.10295
7.9	-0.089588
7.905	-0.081744
7.91	-0.070424
7.915	-0.052115
7.92	-0.036062
7.925	-0.037666
7.93	-0.045713
7.935	-0.041096
7.94	-0.023605
7.945	-0.0087461
7.95	-0.0023934
7.955	-0.0072769
7.96	-0.0142
7.965	-0.017012
7.97	-0.025289
7.975	-0.04545
7.98	-0.063689
7.985	-0.068546
7.99	-0.06872
7.995	-0.072352
8	-0.072234
8.005	-0.056223
8.01	-0.02096
8.015	0.020176
8.02	0.039528
8.025	0.033823
8.03	0.024532
8.035	0.026397
8.04	0.026016
8.045	0.0046276
8.05	-0.029774
8.055	-0.042607
8.06	-0.029366
8.065	-0.012004
8.07	-0.0025929
8.075	-0.0036641
8.08	-0.0089926
8.085	-0.019303
8.09	-0.037051
8.095	-0.058163
8.1	-0.076786
8.105	-0.082203
8.11	-0.079239
8.115	-0.071156
8.12	-0.053118
8.125	-0.024661
8.13	0.010741
8.135	0.028904
8.14	0.027927
8.145	0.029386
8.15	0.038965
8.155	0.052868
8.16	0.068431
8.165	0.084568
8.17	0.097882
8.175	0.1092
8.18	0.12537
8.185	0.14032
8.19	0.13876
8.195	0.11585
8.2	0.091227
8.205	0.081171
8.21	0.078099
8.215	0.069389
8.22	0.053123
8.225	0.039628
8.23	0.035839
8.235	0.031943
8.24	0.010147
8.245	-0.028349
8.25	-0.066897
8.255	-0.077175
8.26	-0.068488
8.265	-0.068282
8.27	-0.075808
8.275	-0.075313
8.28	-0.06097
8.285	-0.039087
8.29	-0.014909
8.295	0.0015168
8.3	0.0047706
8.305	-0.0083564
8.31	-0.034236
8.315	-0.062676
8.32	-0.079155
8.325	-0.084764
8.33	-0.080888
8.335	-0.070923
8.34	-0.058239
8.345	-0.043922
8.35	-0.024347
8.355	-0.0019723
8.36	0.011488
8.365	0.012443
8.37	0.00050037
8.375	-0.020616
8.38	-0.044299
8.385	-0.059647
8.39	-0.058929
8.395	-0.04888
8.4	-0.035809
8.405	-0.020455
8.41	-0.00069648
8.415	0.016669
8.42	0.021077
8.425	0.017988
8.43	0.010293
8.435	-0.0016592
8.44	-0.015883
8.445	-0.028013
8.45	-0.030544
8.455	-0.020507
8.46	-0.0010258
8.465	0.02613
8.47	0.061884
8.475	0.083389
8.48	0.082139
8.485	0.070545
8.49	0.06002
8.495	0.051739
8.5	0.039848
8.505	0.0228
8.51	0.0058213
8.515	0.0043654
8.52	0.020652
8.525	0.046498
8.53	0.072377
8.535	0.087503
8.54	0.089038
8.545	0.079469
8.55	0.061128
8.555	0.038799
8.56	0.014369
8.565	-0.0065199
8.57	-0.01778
8.575	-0.017072
8.58	-0.010603
8.585	-0.0068295
8.59	-0.010909
8.595	-0.016343
8.6	-0.01285
8.605	-0.0018147
8.61	0.001537
8.615	-0.011802
8.62	-0.023475
8.625	-0.024123
8.63	-0.020586
8.635	-0.017705
8.64	-0.016244
8.645	-0.014068
8.65	-0.011001
8.655	-0.0059704
8.66	0.003768
8.665	0.011816
8.67	0.013649
8.675	0.01244
8.68	0.013057
8.685	0.015741
8.69	0.013909
8.695	0.0011048
8.7	-0.01426
8.705	-0.013704
8.71	0.0017987
8.715	0.014696
8.72	0.016939
8.725	0.012104
8.73	0.011084
8.735	0.016119
8.74	0.014609
8.745	0.0001779
8.75	-0.012221
8.755	-0.0078273
8.76	0.0015162
8.765	0.0029235
8.77	-0.001894
8.775	-0.0043298
8.78	-0.002923
8.785	-1.5719e-05
8.79	0.0010569
8.795	-0.0030959
8.8	-0.004882
8.805	0.0018723
8.81	0.013986
8.815	0.021543
8.82	0.021472
8.825	0.017542
8.83	0.014356
8.835	0.012593
8.84	0.0088607
8.845	0.0049593
8.85	0.0071355
8.855	0.017466
8.86	0.029861
8.865	0.034345
8.87	0.029444
8.875	0.021843
8.88	0.01808
8.885	0.02126
8.89	0.026884
8.895	0.031
8.9	0.03057
8.905	0.035828
8.91	0.050562
8.915	0.064512
8.92	0.064028
8.925	0.039476
8.93	0.0037558
8.935	-0.028343
8.94	-0.043192
8.945	-0.049522
8.95	-0.048169
8.955	-0.037863
8.96	-0.016017
8.965	0.014204
8.97	0.032719
8.975	0.022839
8.98	0.0015651
8.985	-0.0043606
8.99	0.0048851
8.995	0.016272
9	0.023882
9.005	0.035538
9.01	0.055675
9.015	0.069029
9.02	0.05537
9.025	0.024541
9.03	-0.0041508
9.035	-0.016929
9.04	-0.022583
9.045	-0.035094
9.05	-0.055175
9.055	-0.069028
9.06	-0.068971
9.065	-0.064765
9.07	-0.066418
9.075	-0.06782
9.08	-0.061796
9.085	-0.053647
9.09	-0.052536
9.095	-0.056032
9.1	-0.052163
9.105	-0.036998
9.11	-0.023178
9.115	-0.023475
9.12	-0.040327
9.125	-0.060479
9.13	-0.067768
9.135	-0.063538
9.14	-0.056754
9.145	-0.057433
9.15	-0.064392
9.155	-0.060588
9.16	-0.044411
9.165	-0.030918
9.17	-0.028648
9.175	-0.039285
9.18	-0.047018
9.185	-0.044525
9.19	-0.037051
9.195	-0.030574
9.2	-0.02877
9.205	-0.026165
9.21	-0.016408
9.215	-0.005213
9.22	-8.6614e-05
9.225	-0.0024746
9.23	-0.0051128
9.235	-0.0057267
9.24	-0.010937
9.245	-0.025734
9.25	-0.046132
9.255	-0.064452
9.26	-0.072199
9.265	-0.069231
9.27	-0.060745
9.275	-0.047856
9.28	-0.028977
9.285	-0.0033189
9.29	0.020527
9.295	0.030556
9.3	0.025339
9.305	0.010162
9.31	-0.0024153
9.315	0.0016303
9.32	0.01538
9.325	0.028135
9.33	0.039519
9.335	0.051208
9.34	0.06146
9.345	0.068213
9.35	0.070128
9.355	0.064437
9.36	0.052216
9.365	0.043699
9.37	0.044243
9.375	0.050924
9.38	0.056514
9.385	0.059523
9.39	0.061448
9.395	0.057263
9.4	0.047012
9.405	0.039507
9.41	0.036211
9.415	0.030313
9.42	0.018883
9.425	0.011635
9.43	0.017893
9.435	0.029445
9.44	0.034351
9.445	0.031747
9.45	0.025644
9.455	0.023221
9.46	0.02491
9.465	0.02218
9.47	0.011279
9.475	0.0059129
9.48	0.013439
9.485	0.030435
9.49	0.044562
9.495	0.057276
9.5	0.071576
9.505	0.077747
9.51	0.075704
9.515	0.072397
9.52	0.069145
9.525	0.061677
9.53	0.043201
9.535	0.015765
9.54	-0.0021943
9.545	0.00044241
9.55	0.014066
9.555	0.022251
9.56	0.02236
9.565	0.020315
9.57	0.023546
9.575	0.031027
9.58	0.034075
9.585	0.023376
9.59	0.0098823
9.595	0.00933
9.6	0.015572
9.605	0.012454
9.61	-0.0040411
9.615	-0.018981
9.62	-0.014693
9.625	-0.00072
9.63	0.0033375
9.635	-0.0038003
9.64	-0.0081191
9.645	-0.0020367
9.65	0.0054488
9.655	0.0057635
9.66	-0.0018231
9.665	-0.01378
9.67	-0.023451
9.675	-0.030828
9.68	-0.037705
9.685	-0.047127
9.69	-0.056345
9.695	-0.059139
9.7	-0.057658
9.705	-0.059995
9.71	-0.066092
9.715	-0.066798
9.72	-0.060349
9.725	-0.053024
9.73	-0.051265
9.735	-0.05372
9.74	-0.056412
9.745	-0.055633
9.75	-0.053525
9.755	-0.051481
9.76	-0.049796
9.765	-0.048146
9.77	-0.049848
9.775	-0.053431
9.78	-0.051265
9.785	-0.042705
9.79	-0.033942
9.795	-0.029048
9.8	-0.02826
9.805	-0.031607
9.81	-0.037073
9.815	-0.045743
9.82	-0.05571
9.825	-0.061559
9.83	-0.06014
9.835	-0.054998
9.84	-0.047089
9.845	-0.03291
9.85	-0.012069
9.855	0.0011058
9.86	-0.0021755
9.865	-0.007262
9.87	-0.0051005
9.875	0.0014175
9.88	0.0053282
9.885	0.0075413
9.89	0.013624
9.895	0.026342
9.9	0.035
9.905	0.031198
9.91	0.016643
9.915	0.0041064
9.92	-0.0060945
9.925	-0.015352
9.93	-0.023693
9.935	-0.026555
9.94	-0.025061
9.945	-0.021736
9.95	-0.012104
9.955	0.0058657
9.96	0.02422
9.965	0.03287
9.97	0.032928
9.975	0.033756
9.98	0.04275
9.985	0.053053
9.99	0.055806
9.995	0.051909
10	0.044789
10.005	0.038929
10.01	0.033071
10.015	0.027094
10.02	0.019834
10.025	0.018565
10.03	0.028948
10.035	0.050538
10.04	0.074939
10.045	0.088702
10.05	0.087847
10.055	0.076989
10.06	0.067108
10.065	0.059661
10.07	0.054323
10.075	0.047817
10.08	0.041151
10.085	0.03752
10.09	0.035058
10.095	0.029838
10.1	0.020797
10.105	0.012545
10.11	0.0066129
10.115	0.0070159
10.12	0.0089457
10.125	0.0045787
10.13	-0.0053297
10.135	-0.01033
10.14	-0.010595
10.145	-0.012591
10.15	-0.022528
10.155	-0.034877
10.16	-0.040091
10.165	-0.03656
10.17	-0.026496
10.175	-0.013767
10.18	-0.0026104
10.185	0.0023463
10.19	0.0041674
10.195	0.0071285
10.2	0.014934
10.205	0.026313
10.21	0.030231
10.215	0.024833
10.22	0.021242
10.225	0.018153
10.23	0.013286
10.235	0.0023167
10.24	-0.014447
10.245	-0.027516
10.25	-0.035347
10.255	-0.036234
10.26	-0.030569
10.265	-0.022249
10.27	-0.014871
10.275	-0.0072091
10.28	0.004109
10.285	0.016466
10.29	0.021118
10.295	0.017718
10.3	0.012239
10.305	0.0090534
10.31	0.0063642
10.315	0.0028415
10.32	-0.0017023
10.325	-0.0031264
10.33	0.0016419
10.335	0.01174
10.34	0.017878
10.345	0.017553
10.35	0.013424
10.355	0.0086162
10.36	0.0026687
10.365	-0.0044183
10.37	-0.0079199
10.375	-0.0058151
10.38	-0.0054361
10.385	-0.011964
10.39	-0.020604
10.395	-0.020527
10.4	-0.010534
10.405	-0.0033548
10.41	-0.0049314
10.415	-0.0086236
10.42	-0.0077677
10.425	-0.0035309
10.43	-0.0020012
10.435	-0.0054656
10.44	-0.0099339
10.445	-0.013472
10.45	-0.021512
10.455	-0.032052
10.46	-0.040427
10.465	-0.040326
10.47	-0.034155
10.475	-0.03047
10.48	-0.030276
10.485	-0.029105
10.49	-0.024997
10.495	-0.02133
10.5	-0.019363
10.505	-0.018057
10.51	-0.015656
10.515	-0.012142
10.52	-0.0073403
10.525	-0.001217
10.53	0.0065159
10.535	0.01366
10.54	0.017336
10.545	0.017111
10.55	0.014923
10.555	0.012685
10.56	0.010748
10.565	0.0083834
10.57	0.0042053
10.575	-0.00087395
10.58	-0.0056757
10.585	-0.0057774
10.59	-0.0025945
10.595	-0.0007883
10.6	-0.0011554
10.605	-0.0019337
10.61	-0.0025282
10.615	-0.0046457
10.62	-0.0089556
10.625	-0.01221
10.63	-0.01097
10.635	-0.0079035
10.64	-0.0076989
10.645	-0.010603
10.65	-0.011845
10.655	-0.0082162
10.66	-0.0025786
10.665	-0.00083663
10.67	-0.0060735
10.675	-0.013523
10.68	-0.01544
10.685	-0.012929
10.69	-0.010977
10.695	-0.010431
10.7	-0.0089187
10.705	-0.0049132
10.71	-4.2974e-07
10.715	0.0027416
10.72	0.0020652
10.725	0.000512
10.73	-0.00027915
10.735	-0.000808
10.74	-0.0022318
10.745	-0.0039858
10.75	-0.003128
10.755	-0.0005633
10.76	0.0014793
10.765	0.0030805
10.77	0.0047022
10.775	0.005746
10.78	0.0058333
10.785	0.0057303
10.79	0.0060469
10.795	0.006517
10.8	0.0069477
10.805	0.0075321
10.81	0.0081766
10.815	0.0083359
10.82	0.0079495
10.825	0.0072905
10.83	0.0066435
10.835	0.0063292
10.84	0.006257
10.845	0.0061111
10.85	0.0058116
10.855	0.0055352
10.86	0.0053055
10.865	0.0051124
10.87	0.0049639
10.875	0.004948
10.88	0.0050371
10.885	0.0050919
10.89	0.0049803
10.895	0.0047424
10.9	0.0045292
10.905	0.0044796
10.91	0.0045391
10.915	0.0045234
10.92	0.0042399
10.925	0.0037845
10.93	0.0033888
10.935	0.0030857
10.94	0.002811
10.945	0.0025066
10.95	0.0022144
10.955	0.0020005
10.96	0.0018226
10.965	0.0016115
10.97	0.0013818
10.975	0.0011941
10.98	0.0010481
10.985	0.00089896
10.99	0.00073377
10.995	0.0005644
11	0.00040139
11.005	0.00025672
11.01	0.00013044
11.015	1.9389e-05
11.02	-8.1276e-05
11.025	-0.00017601
11.03	-0.00026646
11.035	-0.00035066
11.04	-0.00042577
11.045	-0.00049193
11.05	-0.00055135
11.055	-0.00060554
11.06	-0.0006526
11.065	-0.0006913
11.07	-0.00072214
11.075	-0.000746
11.08	-0.00076358
11.085	-0.0007752
11.09	-0.00078108
11.095	-0.00078147
11.1	-0.00077665
