0	0.00045877
0.01	0.0010939
0.02	0.0022844
0.03	0.0024571
0.04	0.0020404
0.05	0.0018216
0.06	0.0015843
0.07	0.0013077
0.08	0.0010185
0.09	0.00088175
0.1	0.0010368
0.11	0.0014459
0.12	0.0020698
0.13	0.0029248
0.14	0.0037976
0.15	0.0041284
0.16	0.0036899
0.17	0.0029978
0.18	0.0023436
0.19	0.0015073
0.2	0.00073526
0.21	0.00052503
0.22	0.00094048
0.23	0.0021045
0.24	0.0043802
0.25	0.0073504
0.26	0.0092743
0.27	0.0087778
0.28	0.0063785
0.29	0.002529
0.3	-0.0029111
0.31	-0.0085108
0.32	-0.012628
0.33	-0.014259
0.34	-0.011653
0.35	-0.0041466
0.36	0.0062298
0.37	0.015804
0.38	0.021704
0.39	0.024395
0.4	0.025555
0.41	0.024777
0.42	0.019452
0.43	0.0069782
0.44	-0.010458
0.45	-0.02535
0.46	-0.031326
0.47	-0.028512
0.48	-0.021063
0.49	-0.011514
0.5	-0.00070492
0.51	0.0097402
0.52	0.016006
0.53	0.012979
0.54	-0.00093586
0.55	-0.019639
0.56	-0.032952
0.57	-0.036161
0.58	-0.032298
0.59	-0.025134
0.6	-0.01589
0.61	-0.0050679
0.62	0.0090512
0.63	0.029324
0.64	0.051026
0.65	0.062079
0.66	0.055024
0.67	0.0291
0.68	-0.0085441
0.69	-0.040513
0.7	-0.055621
0.71	-0.059082
0.72	-0.056685
0.73	-0.043762
0.74	-0.016571
0.75	0.015823
0.76	0.036038
0.77	0.032709
0.78	0.0061659
0.79	-0.032371
0.8	-0.062838
0.81	-0.071554
0.82	-0.062717
0.83	-0.047905
0.84	-0.033642
0.85	-0.02035
0.86	-0.0046348
0.87	0.016573
0.88	0.041694
0.89	0.064595
0.9	0.074501
0.91	0.061044
0.92	0.027501
0.93	-0.008902
0.94	-0.029347
0.95	-0.025384
0.96	-0.0030643
0.97	0.023038
0.98	0.042449
0.99	0.057749
1	0.070929
1.01	0.070172
1.02	0.045876
1.03	0.0069393
1.04	-0.027604
1.05	-0.040898
1.06	-0.030281
1.07	-0.011547
1.08	0.0010152
1.09	0.0071489
1.1	0.0095977
1.11	0.0021397
1.12	-0.021258
1.13	-0.048369
1.14	-0.060574
1.15	-0.052435
1.16	-0.028055
1.17	0.0027283
1.18	0.026545
1.19	0.038178
1.2	0.044832
1.21	0.052868
1.22	0.055844
1.23	0.043838
1.24	0.020417
1.25	0.00072067
1.26	-0.0059401
1.27	-0.0064414
1.28	-0.01695
1.29	-0.040415
1.3	-0.054258
1.31	-0.033936
1.32	0.013729
1.33	0.053576
1.34	0.060376
1.35	0.039221
1.36	0.01115
1.37	-0.0057678
1.38	-0.0085993
1.39	-0.0079789
1.4	-0.011199
1.41	-0.013003
1.42	-0.0035317
1.43	0.019243
1.44	0.041963
1.45	0.044445
1.46	0.019871
1.47	-0.019244
1.48	-0.052247
1.49	-0.065114
1.5	-0.057374
1.51	-0.036698
1.52	-0.011171
1.53	0.014648
1.54	0.036243
1.55	0.043778
1.56	0.030531
1.57	0.0052674
1.58	-0.015162
1.59	-0.023894
1.6	-0.024673
1.61	-0.019497
1.62	-0.0075382
1.63	0.0085181
1.64	0.021742
1.65	0.022158
1.66	0.010233
1.67	0.0025913
1.68	0.0061236
1.69	0.0092257
1.7	0.0057053
1.71	0.002361
1.72	0.00193
1.73	-0.00070717
1.74	-0.007342
1.75	-0.017988
1.76	-0.035337
1.77	-0.055526
1.78	-0.06652
1.79	-0.060814
1.8	-0.04025
1.81	-0.015257
1.82	3.6369e-05
1.83	0.0055453
1.84	0.015264
1.85	0.033959
1.86	0.050537
1.87	0.052828
1.88	0.037677
1.89	0.0096629
1.9	-0.020389
1.91	-0.042864
1.92	-0.057764
1.93	-0.068271
1.94	-0.070515
1.95	-0.056332
1.96	-0.024633
1.97	0.013589
1.98	0.041532
1.99	0.050902
2	0.046481
2.01	0.035611
2.02	0.022155
2.03	0.004873
2.04	-0.019103
2.05	-0.044365
2.06	-0.057947
2.07	-0.048843
2.08	-0.016274
2.09	0.02708
2.1	0.064495
2.11	0.086412
2.12	0.090526
2.13	0.078647
2.14	0.050172
2.15	0.0016084
2.16	-0.056405
2.17	-0.098884
2.18	-0.11047
2.19	-0.09045
2.2	-0.048139
2.21	-0.00073626
2.22	0.038148
2.23	0.059698
2.24	0.05993
2.25	0.046173
2.26	0.031945
2.27	0.028209
2.28	0.032847
2.29	0.032377
2.3	0.024227
2.31	0.016309
2.32	0.010926
2.33	0.0084403
2.34	0.009711
2.35	0.011039
2.36	0.00689
2.37	-0.0041665
2.38	-0.016271
2.39	-0.020724
2.4	-0.013194
2.41	0.0029172
2.42	0.016694
2.43	0.023091
2.44	0.029134
2.45	0.038518
2.46	0.046845
2.47	0.049329
2.48	0.040534
2.49	0.016212
2.5	-0.019254
2.51	-0.054105
2.52	-0.075154
2.53	-0.070418
2.54	-0.035418
2.55	0.015242
2.56	0.055128
2.57	0.069
2.58	0.058239
2.59	0.03216
2.6	0.0014615
2.61	-0.025687
2.62	-0.045234
2.63	-0.053246
2.64	-0.043565
2.65	-0.015354
2.66	0.02531
2.67	0.063907
2.68	0.075383
2.69	0.050825
2.7	0.013442
2.71	-0.0099391
2.72	-0.014957
2.73	-0.015076
2.74	-0.02289
2.75	-0.038264
2.76	-0.052758
2.77	-0.059366
2.78	-0.058502
2.79	-0.056745
2.8	-0.057076
2.81	-0.057936
2.82	-0.060987
2.83	-0.068698
2.84	-0.079184
2.85	-0.090019
2.86	-0.097966
2.87	-0.097231
2.88	-0.081933
2.89	-0.047571
2.9	0.0038836
2.91	0.064569
2.92	0.12614
2.93	0.18156
2.94	0.22335
2.95	0.24204
2.96	0.22937
2.97	0.18381
2.98	0.11519
2.99	0.037869
3	-0.035395
3.01	-0.09517
3.02	-0.13579
3.03	-0.15018
3.04	-0.13545
3.05	-0.10241
3.06	-0.069489
3.07	-0.046616
3.08	-0.029386
3.09	-0.0074937
3.1	0.022803
3.11	0.053909
3.12	0.079687
3.13	0.099015
3.14	0.10019
3.15	0.065338
3.16	-0.00243
3.17	-0.074496
3.18	-0.12647
3.19	-0.15429
3.2	-0.1575
3.21	-0.13069
3.22	-0.080939
3.23	-0.028542
3.24	0.014883
3.25	0.047985
3.26	0.069035
3.27	0.082332
3.28	0.10054
3.29	0.12546
3.3	0.14224
3.31	0.1359
3.32	0.099107
3.33	0.037467
3.34	-0.026469
3.35	-0.072329
3.36	-0.098164
3.37	-0.11233
3.38	-0.1178
3.39	-0.10659
3.4	-0.074133
3.41	-0.03338
3.42	-0.0030021
3.43	0.014691
3.44	0.031101
3.45	0.051737
3.46	0.07407
3.47	0.09659
3.48	0.11748
3.49	0.12915
3.5	0.1242
3.51	0.10301
3.52	0.070158
3.53	0.031152
3.54	-0.0042096
3.55	-0.020922
3.56	-0.010567
3.57	0.018018
3.58	0.04658
3.59	0.058212
3.6	0.043682
3.61	0.0059389
3.62	-0.04477
3.63	-0.096197
3.64	-0.13802
3.65	-0.16287
3.66	-0.16001
3.67	-0.1267
3.68	-0.08089
3.69	-0.042722
3.7	-0.01884
3.71	-0.01002
3.72	-0.014551
3.73	-0.021061
3.74	-0.018176
3.75	-0.0087913
3.76	0.0013059
3.77	0.011975
3.78	0.017668
3.79	0.012573
3.8	0.0067074
3.81	0.013604
3.82	0.031307
3.83	0.049088
3.84	0.059231
3.85	0.059859
3.86	0.052137
3.87	0.03753
3.88	0.019645
3.89	0.0035337
3.9	-0.0064354
3.91	-0.0085749
3.92	-0.0007055
3.93	0.017767
3.94	0.037183
3.95	0.047289
3.96	0.046792
3.97	0.036139
3.98	0.0137
3.99	-0.01873
4	-0.053502
4.01	-0.080495
4.02	-0.0924
4.03	-0.086737
4.04	-0.066711
4.05	-0.045818
4.06	-0.039634
4.07	-0.052031
4.08	-0.077064
4.09	-0.10128
4.1	-0.10398
4.11	-0.073072
4.12	-0.01931
4.13	0.035398
4.14	0.077418
4.15	0.10553
4.16	0.12399
4.17	0.13291
4.18	0.12578
4.19	0.10129
4.2	0.071651
4.21	0.050393
4.22	0.04081
4.23	0.037521
4.24	0.032092
4.25	0.019068
4.26	-0.0010527
4.27	-0.022986
4.28	-0.042856
4.29	-0.057037
4.3	-0.055727
4.31	-0.03341
4.32	-0.0044806
4.33	0.0094071
4.34	0.0043364
4.35	-0.0087409
4.36	-0.021345
4.37	-0.031571
4.38	-0.038903
4.39	-0.04184
4.4	-0.036591
4.41	-0.020525
4.42	0.0010967
4.43	0.019133
4.44	0.028493
4.45	0.03015
4.46	0.029512
4.47	0.032157
4.48	0.036395
4.49	0.034866
4.5	0.024776
4.51	0.0061952
4.52	-0.019972
4.53	-0.049038
4.54	-0.075178
4.55	-0.092333
4.56	-0.098253
4.57	-0.094294
4.58	-0.077642
4.59	-0.043903
4.6	0.0020045
4.61	0.042695
4.62	0.061728
4.63	0.05904
4.64	0.047762
4.65	0.037792
4.66	0.034159
4.67	0.037342
4.68	0.03575
4.69	0.021243
4.7	0.0019705
4.71	-0.013504
4.72	-0.026735
4.73	-0.039857
4.74	-0.047203
4.75	-0.040704
4.76	-0.019218
4.77	0.011457
4.78	0.040268
4.79	0.05499
4.8	0.053936
4.81	0.042848
4.82	0.023765
4.83	0.00024741
4.84	-0.018412
4.85	-0.028238
4.86	-0.034048
4.87	-0.038765
4.88	-0.041138
4.89	-0.040711
4.9	-0.034527
4.91	-0.019831
4.92	-0.0023912
4.93	0.0092885
4.94	0.015336
4.95	0.023813
4.96	0.03769
4.97	0.050448
4.98	0.054705
4.99	0.048446
5	0.036333
5.01	0.024788
5.02	0.016474
5.03	0.01465
5.04	0.021271
5.05	0.03234
5.06	0.042424
5.07	0.04418
5.08	0.032551
5.09	0.0099432
5.1	-0.017992
5.11	-0.044851
5.12	-0.064295
5.13	-0.070889
5.14	-0.064838
5.15	-0.049823
5.16	-0.027431
5.17	-0.0030391
5.18	0.016437
5.19	0.030028
5.2	0.037275
5.21	0.030993
5.22	0.0077088
5.23	-0.02
5.24	-0.037509
5.25	-0.04057
5.26	-0.031057
5.27	-0.017538
5.28	-0.012322
5.29	-0.016859
5.3	-0.019836
5.31	-0.015498
5.32	-0.011392
5.33	-0.013643
5.34	-0.017471
5.35	-0.01516
5.36	-0.0036386
5.37	0.012581
5.38	0.023255
5.39	0.020896
5.4	0.010288
5.41	0.0021564
5.42	-0.0011683
5.43	-0.0041949
5.44	-0.012346
5.45	-0.024886
5.46	-0.031862
5.47	-0.025801
5.48	-0.0089999
5.49	0.013625
5.5	0.039785
5.51	0.067575
5.52	0.092399
5.53	0.10845
5.54	0.1114
5.55	0.099509
5.56	0.077522
5.57	0.054553
5.58	0.036694
5.59	0.02664
5.6	0.026528
5.61	0.037118
5.62	0.055917
5.63	0.076972
5.64	0.086356
5.65	0.070598
5.66	0.038563
5.67	0.008164
5.68	-0.017425
5.69	-0.039706
5.7	-0.054726
5.71	-0.060172
5.72	-0.055095
5.73	-0.035156
5.74	-0.0020821
5.75	0.033035
5.76	0.059536
5.77	0.074969
5.78	0.080614
5.79	0.072234
5.8	0.04786
5.81	0.013755
5.82	-0.020367
5.83	-0.047256
5.84	-0.065338
5.85	-0.075064
5.86	-0.077933
5.87	-0.07404
5.88	-0.060736
5.89	-0.04105
5.9	-0.022964
5.91	-0.011949
5.92	-0.01242
5.93	-0.022799
5.94	-0.032366
5.95	-0.034653
5.96	-0.03284
5.97	-0.027638
5.98	-0.015469
5.99	1.8795e-05
6	0.01208
6.01	0.0183
6.02	0.013568
6.03	-0.0071908
6.04	-0.040575
6.05	-0.076471
6.06	-0.10335
6.07	-0.1156
6.08	-0.11622
6.09	-0.10864
6.1	-0.09353
6.11	-0.074498
6.12	-0.05601
6.13	-0.037939
6.14	-0.019958
6.15	-0.0096749
6.16	-0.012278
6.17	-0.02025
6.18	-0.032703
6.19	-0.058639
6.2	-0.094966
6.21	-0.12916
6.22	-0.15515
6.23	-0.17207
6.24	-0.17743
6.25	-0.17168
6.26	-0.15846
6.27	-0.13735
6.28	-0.1134
6.29	-0.10045
6.3	-0.10492
6.31	-0.12238
6.32	-0.14597
6.33	-0.16971
6.34	-0.18681
6.35	-0.19145
6.36	-0.18293
6.37	-0.16167
6.38	-0.1295
6.39	-0.092266
6.4	-0.054254
6.41	-0.020803
6.42	0.0010904
6.43	0.010184
6.44	0.0082825
6.45	-0.0030935
6.46	-0.018105
6.47	-0.026839
6.48	-0.025026
6.49	-0.019385
6.5	-0.016385
6.51	-0.010082
6.52	0.0078509
6.53	0.033023
6.54	0.053635
6.55	0.065351
6.56	0.073934
6.57	0.082094
6.58	0.08542
6.59	0.08409
6.6	0.080539
6.61	0.071985
6.62	0.056599
6.63	0.03446
6.64	0.0055452
6.65	-0.024932
6.66	-0.040597
6.67	-0.024997
6.68	0.01924
6.69	0.079749
6.7	0.14949
6.71	0.21988
6.72	0.27875
6.73	0.3203
6.74	0.3455
6.75	0.35681
6.76	0.35712
6.77	0.34874
6.78	0.33076
6.79	0.30068
6.8	0.26414
6.81	0.23402
6.82	0.21586
6.83	0.20889
6.84	0.2129
6.85	0.2238
6.86	0.23279
6.87	0.2291
6.88	0.20535
6.89	0.16394
6.9	0.11574
6.91	0.072921
6.92	0.04196
6.93	0.022758
6.94	0.013213
6.95	0.014097
6.96	0.026348
6.97	0.044592
6.98	0.059035
6.99	0.064021
7	0.059059
7.01	0.042479
7.02	0.013152
7.03	-0.027492
7.04	-0.077187
7.05	-0.12965
7.06	-0.17777
7.07	-0.21851
7.08	-0.24978
7.09	-0.27073
7.1	-0.28225
7.11	-0.28771
7.12	-0.29081
7.13	-0.28682
7.14	-0.27352
7.15	-0.25768
7.16	-0.23729
7.17	-0.20533
7.18	-0.16458
7.19	-0.11871
7.2	-0.067746
7.21	-0.017577
7.22	0.021794
7.23	0.043318
7.24	0.045102
7.25	0.028151
7.26	-0.0037082
7.27	-0.04323
7.28	-0.085761
7.29	-0.12637
7.3	-0.15476
7.31	-0.16385
7.32	-0.15632
7.33	-0.13902
7.34	-0.11762
7.35	-0.099236
7.36	-0.088085
7.37	-0.078684
7.38	-0.064865
7.39	-0.047173
7.4	-0.029669
7.41	-0.014419
7.42	0.0033258
7.43	0.026437
7.44	0.048039
7.45	0.064165
7.46	0.082577
7.47	0.11189
7.48	0.14889
7.49	0.18259
7.5	0.20616
7.51	0.22016
7.52	0.22698
7.53	0.22534
7.54	0.21377
7.55	0.19602
7.56	0.1774
7.57	0.16031
7.58	0.14507
7.59	0.13107
7.6	0.11787
7.61	0.1064
7.62	0.096749
7.63	0.088555
7.64	0.080881
7.65	0.073173
7.66	0.07533
7.67	0.096386
7.68	0.12425
7.69	0.14474
7.7	0.1611
7.71	0.18028
7.72	0.20113
7.73	0.21725
7.74	0.22182
7.75	0.2115
7.76	0.18999
7.77	0.16802
7.78	0.15191
7.79	0.13296
7.8	0.10187
7.81	0.064016
7.82	0.027661
7.83	-0.0048527
7.84	-0.030244
7.85	-0.040908
7.86	-0.03393
7.87	-0.017863
7.88	-0.0010661
7.89	0.016043
7.9	0.034587
7.91	0.0513
7.92	0.057544
7.93	0.046016
7.94	0.017787
7.95	-0.021148
7.96	-0.062486
7.97	-0.096218
7.98	-0.11789
7.99	-0.13056
8	-0.13848
8.01	-0.14402
8.02	-0.15212
8.03	-0.16813
8.04	-0.18951
8.05	-0.20857
8.06	-0.22063
8.07	-0.22172
8.08	-0.20426
8.09	-0.16724
8.1	-0.12298
8.11	-0.086847
8.12	-0.064542
8.13	-0.051261
8.14	-0.046259
8.15	-0.050651
8.16	-0.052937
8.17	-0.049121
8.18	-0.054291
8.19	-0.077287
8.2	-0.11072
8.21	-0.14151
8.22	-0.1601
8.23	-0.16568
8.24	-0.16524
8.25	-0.16225
8.26	-0.14975
8.27	-0.12399
8.28	-0.095229
8.29	-0.074376
8.3	-0.060242
8.31	-0.048768
8.32	-0.041193
8.33	-0.036012
8.34	-0.030797
8.35	-0.025862
8.36	-0.019893
8.37	-0.01554
8.38	-0.018629
8.39	-0.029125
8.4	-0.042397
8.41	-0.053759
8.42	-0.057668
8.43	-0.050536
8.44	-0.03297
8.45	-0.0091291
8.46	0.013706
8.47	0.034406
8.48	0.054462
8.49	0.066337
8.5	0.063091
8.51	0.045859
8.52	0.019021
8.53	-0.010154
8.54	-0.033053
8.55	-0.045035
8.56	-0.048182
8.57	-0.046694
8.58	-0.038926
8.59	-0.022289
8.6	-0.0020579
8.61	0.014638
8.62	0.026193
8.63	0.032383
8.64	0.029679
8.65	0.017151
8.66	0.0052546
8.67	0.00078485
8.68	-0.0040468
8.69	-0.010782
8.7	-0.010273
8.71	0.0019087
8.72	0.020978
8.73	0.040645
8.74	0.059189
8.75	0.073877
8.76	0.079461
8.77	0.071434
8.78	0.042076
8.79	-0.01238
8.8	-0.077701
8.81	-0.1348
8.82	-0.17801
8.83	-0.20859
8.84	-0.2236
8.85	-0.2174
8.86	-0.18958
8.87	-0.1467
8.88	-0.095673
8.89	-0.042885
8.9	0.0011829
8.91	0.026608
8.92	0.032995
8.93	0.025572
8.94	0.007454
8.95	-0.016882
8.96	-0.040982
8.97	-0.060228
8.98	-0.071397
8.99	-0.070555
9	-0.052787
9.01	-0.015779
9.02	0.03072
9.03	0.069287
9.04	0.095961
9.05	0.11394
9.06	0.12132
9.07	0.11784
9.08	0.10238
9.09	0.077377
9.1	0.050005
9.11	0.020521
9.12	-0.011187
9.13	-0.03978
9.14	-0.062388
9.15	-0.079023
9.16	-0.08194
9.17	-0.064528
9.18	-0.039767
9.19	-0.019185
9.2	0.0059381
9.21	0.044522
9.22	0.095506
9.23	0.15389
9.24	0.21086
9.25	0.25765
9.26	0.29005
9.27	0.30748
9.28	0.30676
9.29	0.27898
9.3	0.22515
9.31	0.15993
9.32	0.093601
9.33	0.030247
9.34	-0.024818
9.35	-0.067276
9.36	-0.096415
9.37	-0.11239
9.38	-0.11479
9.39	-0.10271
9.4	-0.078294
9.41	-0.049309
9.42	-0.021348
9.43	0.0029692
9.44	0.020404
9.45	0.031111
9.46	0.036825
9.47	0.036811
9.48	0.029376
9.49	0.014297
9.5	-0.0065746
9.51	-0.028346
9.52	-0.045535
9.53	-0.058881
9.54	-0.071971
9.55	-0.084294
9.56	-0.093966
9.57	-0.098634
9.58	-0.096288
9.59	-0.090578
9.6	-0.08721
9.61	-0.084691
9.62	-0.077436
9.63	-0.064868
9.64	-0.053046
9.65	-0.045645
9.66	-0.036934
9.67	-0.024436
9.68	-0.014017
9.69	-0.0071981
9.7	0.00044239
9.71	0.012041
9.72	0.026934
9.73	0.041977
9.74	0.05558
9.75	0.068677
9.76	0.081496
9.77	0.093065
9.78	0.09973
9.79	0.09625
9.8	0.083848
9.81	0.068795
9.82	0.054641
9.83	0.044457
9.84	0.04082
9.85	0.041438
9.86	0.045511
9.87	0.055711
9.88	0.069233
9.89	0.080387
9.9	0.088092
9.91	0.092562
9.92	0.092518
9.93	0.08742
9.94	0.078465
9.95	0.065733
9.96	0.049223
9.97	0.03267
9.98	0.019146
9.99	0.01298
10	0.017178
10.01	0.025858
10.02	0.033057
10.03	0.036703
10.04	0.036627
10.05	0.035781
10.06	0.039074
10.07	0.048618
10.08	0.061658
10.09	0.075504
10.1	0.088418
10.11	0.098687
10.12	0.10503
10.13	0.10702
10.14	0.10332
10.15	0.091944
10.16	0.082637
10.17	0.084568
10.18	0.087045
10.19	0.083084
10.2	0.079878
10.21	0.079365
10.22	0.075831
10.23	0.069694
10.24	0.067406
10.25	0.068994
10.26	0.070661
10.27	0.071527
10.28	0.066805
10.29	0.046302
10.3	0.012779
10.31	-0.014302
10.32	-0.022498
10.33	-0.014968
10.34	0.0023247
10.35	0.025316
10.36	0.048848
10.37	0.069753
10.38	0.085507
10.39	0.09304
10.4	0.094177
10.41	0.092495
10.42	0.086218
10.43	0.07057
10.44	0.044879
10.45	0.012116
10.46	-0.024047
10.47	-0.061492
10.48	-0.098758
10.49	-0.13142
10.5	-0.15669
10.51	-0.17464
10.52	-0.18351
10.53	-0.18073
10.54	-0.16945
10.55	-0.15657
10.56	-0.14634
10.57	-0.14148
10.58	-0.14128
10.59	-0.14171
10.6	-0.14093
10.61	-0.14054
10.62	-0.1455
10.63	-0.15882
10.64	-0.17547
10.65	-0.19225
10.66	-0.20739
10.67	-0.21035
10.68	-0.19793
10.69	-0.17876
10.7	-0.1568
10.71	-0.13267
10.72	-0.11152
10.73	-0.10012
10.74	-0.10035
10.75	-0.10991
10.76	-0.12709
10.77	-0.14839
10.78	-0.16639
10.79	-0.17703
10.8	-0.18274
10.81	-0.18411
10.82	-0.1759
10.83	-0.15484
10.84	-0.12594
10.85	-0.098348
10.86	-0.078636
10.87	-0.068778
10.88	-0.066761
10.89	-0.07051
10.9	-0.078237
10.91	-0.082055
10.92	-0.075934
10.93	-0.063302
10.94	-0.047429
10.95	-0.027017
10.96	-0.0020937
10.97	0.02332
10.98	0.047234
10.99	0.071247
11	0.094145
11.01	0.1088
11.02	0.10881
11.03	0.096508
11.04	0.079068
11.05	0.060347
11.06	0.041972
11.07	0.026416
11.08	0.016038
11.09	0.013836
11.1	0.017889
11.11	0.024518
11.12	0.038572
11.13	0.063797
11.14	0.096315
11.15	0.12971
11.16	0.16533
11.17	0.20655
11.18	0.24235
11.19	0.26308
11.2	0.27238
11.21	0.27491
11.22	0.26968
11.23	0.25323
11.24	0.22871
11.25	0.20416
11.26	0.18266
11.27	0.16322
11.28	0.14108
11.29	0.11367
11.3	0.089832
11.31	0.076558
11.32	0.068806
11.33	0.05945
11.34	0.04838
11.35	0.041393
11.36	0.040705
11.37	0.041817
11.38	0.04205
11.39	0.045275
11.4	0.050135
11.41	0.047613
11.42	0.03685
11.43	0.020556
11.44	-0.0011308
11.45	-0.023775
11.46	-0.043048
11.47	-0.057237
11.48	-0.064092
11.49	-0.061514
11.5	-0.050459
11.51	-0.035337
11.52	-0.019496
11.53	-0.0048554
11.54	0.0076162
11.55	0.017153
11.56	0.019456
11.57	0.012039
11.58	0.00079305
11.59	-0.0079657
11.6	-0.014381
11.61	-0.018687
11.62	-0.020253
11.63	-0.020102
11.64	-0.019526
11.65	-0.016822
11.66	-0.00498
11.67	0.01631
11.68	0.033878
11.69	0.036474
11.7	0.027555
11.71	0.017602
11.72	0.0098717
11.73	0.00090267
11.74	-0.011245
11.75	-0.023199
11.76	-0.028755
11.77	-0.02466
11.78	-0.016626
11.79	-0.016098
11.8	-0.023878
11.81	-0.033733
11.82	-0.048134
11.83	-0.069945
11.84	-0.095902
11.85	-0.12504
11.86	-0.15702
11.87	-0.18755
11.88	-0.21188
11.89	-0.22916
11.9	-0.24057
11.91	-0.24415
11.92	-0.23507
11.93	-0.21019
11.94	-0.17545
11.95	-0.14295
11.96	-0.11636
11.97	-0.090758
11.98	-0.066309
11.99	-0.049659
12	-0.043657
12.01	-0.044029
12.02	-0.045574
12.03	-0.044771
12.04	-0.039855
12.05	-0.033169
12.06	-0.027075
12.07	-0.022051
12.08	-0.017469
12.09	-0.012865
12.1	-0.0079245
12.11	-0.0016028
12.12	0.00090123
12.13	-0.005455
12.14	-0.017563
12.15	-0.033076
12.16	-0.0489
12.17	-0.057562
12.18	-0.058474
12.19	-0.058035
12.2	-0.055353
12.21	-0.043987
12.22	-0.023654
12.23	0.0013938
12.24	0.027869
12.25	0.054364
12.26	0.078168
12.27	0.097966
12.28	0.11767
12.29	0.13353
12.3	0.13911
12.31	0.14346
12.32	0.15554
12.33	0.16858
12.34	0.17167
12.35	0.16267
12.36	0.14844
12.37	0.1355
12.38	0.12511
12.39	0.11603
12.4	0.10643
12.41	0.094688
12.42	0.081974
12.43	0.071296
12.44	0.064707
12.45	0.062464
12.46	0.064095
12.47	0.070244
12.48	0.07988
12.49	0.088778
12.5	0.091019
12.51	0.084263
12.52	0.073486
12.53	0.063222
12.54	0.051488
12.55	0.035789
12.56	0.01975
12.57	0.01001
12.58	0.0092419
12.59	0.015203
12.6	0.024173
12.61	0.033399
12.62	0.040147
12.63	0.042639
12.64	0.039349
12.65	0.027102
12.66	0.0090658
12.67	-0.01065
12.68	-0.038032
12.69	-0.074879
12.7	-0.11071
12.71	-0.13701
12.72	-0.15362
12.73	-0.16343
12.74	-0.16549
12.75	-0.15453
12.76	-0.12818
12.77	-0.089033
12.78	-0.046058
12.79	-0.013127
12.8	0.0039001
12.81	0.012111
12.82	0.020548
12.83	0.029146
12.84	0.032548
12.85	0.031669
12.86	0.031409
12.87	0.030252
12.88	0.024185
12.89	0.017696
12.9	0.016403
12.91	0.017494
12.92	0.017665
12.93	0.01703
12.94	0.012673
12.95	0.0013042
12.96	-0.013319
12.97	-0.025569
12.98	-0.035983
12.99	-0.046038
13	-0.05218
13.01	-0.052505
13.02	-0.04761
13.03	-0.035128
13.04	-0.015683
13.05	0.00401
13.06	0.018823
13.07	0.029303
13.08	0.037638
13.09	0.042649
13.1	0.046035
13.11	0.05192
13.12	0.057201
13.13	0.055641
13.14	0.04394
13.15	0.026575
13.16	0.017291
13.17	0.022747
13.18	0.034993
13.19	0.04652
13.2	0.056345
13.21	0.066773
13.22	0.078899
13.23	0.090332
13.24	0.10141
13.25	0.11368
13.26	0.12307
13.27	0.12549
13.28	0.11903
13.29	0.10021
13.3	0.072933
13.31	0.046875
13.32	0.024929
13.33	0.0055927
13.34	-0.011028
13.35	-0.023422
13.36	-0.030466
13.37	-0.031641
13.38	-0.02814
13.39	-0.026445
13.4	-0.032975
13.41	-0.04803
13.42	-0.069091
13.43	-0.09127
13.44	-0.1087
13.45	-0.1187
13.46	-0.12482
13.47	-0.13171
13.48	-0.1348
13.49	-0.12742
13.5	-0.1118
13.51	-0.092415
13.52	-0.071129
13.53	-0.051367
13.54	-0.036238
13.55	-0.02756
13.56	-0.025413
13.57	-0.027346
13.58	-0.033925
13.59	-0.045874
13.6	-0.059288
13.61	-0.067718
13.62	-0.06488
13.63	-0.051935
13.64	-0.036368
13.65	-0.025783
13.66	-0.022402
13.67	-0.016751
13.68	-0.0061758
13.69	-0.0038896
13.7	-0.011329
13.71	-0.015986
13.72	-0.013262
13.73	-0.0059604
13.74	0.0027202
13.75	0.010528
13.76	0.018193
13.77	0.029062
13.78	0.042909
13.79	0.052523
13.8	0.054059
13.81	0.052765
13.82	0.052441
13.83	0.049532
13.84	0.040526
13.85	0.02742
13.86	0.014235
13.87	0.003992
13.88	-0.00084118
13.89	-0.0017148
13.9	-0.0057025
13.91	-0.017903
13.92	-0.037074
13.93	-0.059637
13.94	-0.083066
13.95	-0.10573
13.96	-0.12318
13.97	-0.13005
13.98	-0.12692
13.99	-0.11718
14	-0.10137
14.01	-0.076695
14.02	-0.043617
14.03	-0.010058
14.04	0.018737
14.05	0.044286
14.06	0.067177
14.07	0.083506
14.08	0.093132
14.09	0.10006
14.1	0.10342
14.11	0.10529
14.12	0.11053
14.13	0.11738
14.14	0.12344
14.15	0.12942
14.16	0.1387
14.17	0.15034
14.18	0.15625
14.19	0.1533
14.2	0.14428
14.21	0.13134
14.22	0.11619
14.23	0.10031
14.24	0.085095
14.25	0.07454
14.26	0.072034
14.27	0.074605
14.28	0.075148
14.29	0.06836
14.3	0.054182
14.31	0.036274
14.32	0.017961
14.33	0.00015251
14.34	-0.016726
14.35	-0.029942
14.36	-0.038391
14.37	-0.044805
14.38	-0.051251
14.39	-0.059636
14.4	-0.071324
14.41	-0.084327
14.42	-0.095476
14.43	-0.10469
14.44	-0.11231
14.45	-0.1158
14.46	-0.11563
14.47	-0.11507
14.48	-0.11511
14.49	-0.11517
14.5	-0.11504
14.51	-0.1153
14.52	-0.11423
14.53	-0.10877
14.54	-0.10258
14.55	-0.10123
14.56	-0.1024
14.57	-0.099632
14.58	-0.093073
14.59	-0.08726
14.6	-0.079522
14.61	-0.066848
14.62	-0.052041
14.63	-0.037085
14.64	-0.025865
14.65	-0.022652
14.66	-0.021454
14.67	-0.015541
14.68	-0.010489
14.69	-0.010076
14.7	-0.010045
14.71	-0.010325
14.72	-0.010404
14.73	-0.0059735
14.74	-0.00048615
14.75	0.00014714
14.76	0.00036658
14.77	0.0074321
14.78	0.015552
14.79	0.01517
14.8	0.013382
14.81	0.020673
14.82	0.033407
14.83	0.044035
14.84	0.050726
14.85	0.05661
14.86	0.065219
14.87	0.074226
14.88	0.081056
14.89	0.087436
14.9	0.089167
14.91	0.083079
14.92	0.076208
14.93	0.071236
14.94	0.06603
14.95	0.061093
14.96	0.054764
14.97	0.045086
14.98	0.033545
14.99	0.020774
15	0.0041475
15.01	-0.017001
15.02	-0.038961
15.03	-0.056673
15.04	-0.068547
15.05	-0.077637
15.06	-0.082493
15.07	-0.07846
15.08	-0.071895
15.09	-0.069127
15.1	-0.064949
15.11	-0.056657
15.12	-0.04624
15.13	-0.034523
15.14	-0.023817
15.15	-0.018841
15.16	-0.017067
15.17	-0.0074493
15.18	0.0097944
15.19	0.021374
15.2	0.022495
15.21	0.020525
15.22	0.020473
15.23	0.021023
15.24	0.020396
15.25	0.017086
15.26	0.01071
15.27	0.0080717
15.28	0.012683
15.29	0.013574
15.3	0.0091034
15.31	0.011975
15.32	0.022621
15.33	0.033131
15.34	0.041591
15.35	0.045325
15.36	0.04113
15.37	0.032962
15.38	0.02549
15.39	0.020253
15.4	0.01852
15.41	0.01888
15.42	0.01887
15.43	0.018363
15.44	0.017863
15.45	0.017641
15.46	0.020754
15.47	0.026315
15.48	0.025782
15.49	0.018376
15.5	0.010051
15.51	-0.00014314
15.52	-0.014609
15.53	-0.030707
15.54	-0.042908
15.55	-0.044865
15.56	-0.036907
15.57	-0.025829
15.58	-0.016381
15.59	-0.0099213
15.6	-0.0047626
15.61	0.0017403
15.62	0.0096518
15.63	0.017729
15.64	0.024714
15.65	0.02845
15.66	0.03212
15.67	0.041787
15.68	0.052347
15.69	0.055339
15.7	0.055981
15.71	0.061773
15.72	0.069374
15.73	0.075272
15.74	0.077185
15.75	0.070718
15.76	0.058638
15.77	0.048037
15.78	0.037292
15.79	0.022317
15.8	0.0074102
15.81	-0.0017108
15.82	-0.0043501
15.83	-0.0040537
15.84	-0.0041708
15.85	-0.0046418
15.86	-0.0047541
15.87	-0.0047528
15.88	-0.0048076
15.89	-0.0047731
15.9	-0.00468
15.91	-0.0046551
15.92	-0.0044887
15.93	-0.0046167
15.94	-0.0083509
15.95	-0.015325
15.96	-0.02029
15.97	-0.024696
15.98	-0.030687
15.99	-0.036421
16	-0.042285
16.01	-0.046911
16.02	-0.051264
16.03	-0.057249
16.04	-0.062627
16.05	-0.068364
16.06	-0.073653
16.07	-0.074924
16.08	-0.074156
16.09	-0.073939
16.1	-0.070881
16.11	-0.061439
16.12	-0.050695
16.13	-0.045771
16.14	-0.048194
16.15	-0.053565
16.16	-0.053369
16.17	-0.048418
16.18	-0.045687
16.19	-0.042001
16.2	-0.032733
16.21	-0.021361
16.22	-0.012607
16.23	-0.0066578
16.24	-0.00016218
16.25	0.0084619
16.26	0.018278
16.27	0.027379
16.28	0.032664
16.29	0.031821
16.3	0.025428
16.31	0.018825
16.32	0.016341
16.33	0.015675
16.34	0.014851
16.35	0.016809
16.36	0.025036
16.37	0.038178
16.38	0.051997
16.39	0.064526
16.4	0.074619
16.41	0.082413
16.42	0.089707
16.43	0.094795
16.44	0.094023
16.45	0.08752
16.46	0.080801
16.47	0.078798
16.48	0.079287
16.49	0.079983
16.5	0.084391
16.51	0.092334
16.52	0.096981
16.53	0.093605
16.54	0.081788
16.55	0.063151
16.56	0.042092
16.57	0.024864
16.58	0.013034
16.59	0.0031974
16.6	-0.0062721
16.61	-0.015547
16.62	-0.0236
16.63	-0.027061
16.64	-0.028663
16.65	-0.035055
16.66	-0.041595
16.67	-0.042337
16.68	-0.045714
16.69	-0.059115
16.7	-0.076854
16.71	-0.092417
16.72	-0.10644
16.73	-0.11884
16.74	-0.12507
16.75	-0.12282
16.76	-0.11445
16.77	-0.10177
16.78	-0.085883
16.79	-0.073695
16.8	-0.070917
16.81	-0.072109
16.82	-0.06866
16.83	-0.059469
16.84	-0.050207
16.85	-0.045937
16.86	-0.045007
16.87	-0.043652
16.88	-0.041083
16.89	-0.036086
16.9	-0.026845
16.91	-0.013647
16.92	0.00098047
16.93	0.015476
16.94	0.029433
16.95	0.0407
16.96	0.047008
16.97	0.048487
16.98	0.047454
16.99	0.045434
17	0.04082
17.01	0.033542
17.02	0.025881
17.03	0.019889
17.04	0.017673
17.05	0.018102
17.06	0.018331
17.07	0.017966
17.08	0.017718
17.09	0.017423
17.1	0.018465
17.11	0.023364
17.12	0.031344
17.13	0.040017
17.14	0.045766
17.15	0.046615
17.16	0.048291
17.17	0.055459
17.18	0.064466
17.19	0.070039
17.2	0.07095
17.21	0.069754
17.22	0.066325
17.23	0.058261
17.24	0.04663
17.25	0.033004
17.26	0.020192
17.27	0.01288
17.28	0.0085457
17.29	0.002312
17.3	-0.0025542
17.31	-0.0025928
17.32	0.001701
17.33	0.0091485
17.34	0.017415
17.35	0.025252
17.36	0.032624
17.37	0.037488
17.38	0.038352
17.39	0.037635
17.4	0.037747
17.41	0.038358
17.42	0.038477
17.43	0.038371
17.44	0.041629
17.45	0.04896
17.46	0.053911
17.47	0.052354
17.48	0.045922
17.49	0.037775
17.5	0.030463
17.51	0.023949
17.52	0.017287
17.53	0.011749
17.54	0.006453
17.55	0.00074486
17.56	-0.0018699
17.57	-0.0013148
17.58	-0.00076706
17.59	-0.00095019
17.6	-0.001043
17.61	-0.00084303
17.62	-0.00027042
17.63	-0.00017033
17.64	-0.0053455
17.65	-0.015453
17.66	-0.019525
17.67	-0.015314
17.68	-0.012228
17.69	-0.013006
17.7	-0.013519
17.71	-0.012946
17.72	-0.01546
17.73	-0.023278
17.74	-0.033612
17.75	-0.043945
17.76	-0.051044
17.77	-0.052938
17.78	-0.057744
17.79	-0.072516
17.8	-0.08958
17.81	-0.10036
17.82	-0.10558
17.83	-0.10532
17.84	-0.09932
17.85	-0.091464
17.86	-0.084232
17.87	-0.079438
17.88	-0.078198
17.89	-0.079382
17.9	-0.083948
17.91	-0.090784
17.92	-0.093403
17.93	-0.088591
17.94	-0.081364
17.95	-0.075615
17.96	-0.068782
17.97	-0.060652
17.98	-0.0538
17.99	-0.047132
18	-0.038094
18.01	-0.027731
18.02	-0.018829
18.03	-0.01051
18.04	0.0010513
18.05	0.014821
18.06	0.0254
18.07	0.032193
18.08	0.03648
18.09	0.039513
18.1	0.04495
18.11	0.052715
18.12	0.061101
18.13	0.069957
18.14	0.075458
18.15	0.072837
18.16	0.068158
18.17	0.070799
18.18	0.074297
18.19	0.067759
18.2	0.053251
18.21	0.03793
18.22	0.023977
18.23	0.011581
18.24	0.0013687
18.25	-0.0059176
18.26	-0.0089885
18.27	-0.0082306
18.28	-0.0044364
18.29	-0.0018447
18.3	-0.0051035
18.31	-0.010657
18.32	-0.015581
18.33	-0.020952
18.34	-0.027461
18.35	-0.034635
18.36	-0.040909
18.37	-0.04654
18.38	-0.05117
18.39	-0.051731
18.4	-0.046592
18.41	-0.038235
18.42	-0.030383
18.43	-0.025879
18.44	-0.025558
18.45	-0.027006
18.46	-0.025933
18.47	-0.01967
18.48	-0.010753
18.49	-0.0024878
18.5	0.0050659
18.51	0.010343
18.52	0.011213
18.53	0.0099137
18.54	0.0091742
18.55	0.0088552
18.56	0.0084592
18.57	0.0080453
18.58	0.0076786
18.59	0.0073236
18.6	0.0068941
18.61	0.0062465
18.62	0.0061686
18.63	0.0095521
18.64	0.014093
18.65	0.012784
18.66	0.010616
18.67	0.016453
18.68	0.024153
18.69	0.025343
18.7	0.022816
18.71	0.020978
18.72	0.01872
18.73	0.013455
18.74	0.0068212
18.75	0.0021561
18.76	-0.00078885
18.77	-0.00064569
18.78	0.0022444
18.79	0.0016966
18.8	-0.0012479
18.81	-4.9501e-05
18.82	0.0044607
18.83	0.0099161
18.84	0.015604
18.85	0.018303
18.86	0.017796
18.87	0.017184
18.88	0.017456
18.89	0.01784
18.9	0.015608
18.91	0.0092053
18.92	0.00363
18.93	0.0023958
18.94	0.0035448
18.95	0.0076161
18.96	0.015831
18.97	0.025646
18.98	0.03459
18.99	0.041934
19	0.047049
19.01	0.049565
19.02	0.049758
19.03	0.047618
19.04	0.043996
19.05	0.039468
19.06	0.033021
19.07	0.027648
19.08	0.026472
19.09	0.026943
19.1	0.026839
19.11	0.025986
19.12	0.022553
19.13	0.016505
19.14	0.0099747
19.15	0.0031683
19.16	-0.001708
19.17	-0.0024545
19.18	-0.0013723
19.19	-0.0017659
19.2	-0.0049076
19.21	-0.0082619
19.22	-0.0090822
19.23	-0.0079979
19.24	-0.0059332
19.25	-0.0044033
19.26	-0.0047742
19.27	-0.0044145
19.28	-0.0043549
19.29	-0.0094156
19.3	-0.015468
19.31	-0.016678
19.32	-0.01571
19.33	-0.015838
19.34	-0.01464
19.35	-0.010299
19.36	-0.0063177
19.37	-0.0040081
19.38	-3.7655e-05
19.39	0.0056152
19.4	0.0092853
19.41	0.011018
19.42	0.01464
19.43	0.02014
19.44	0.021987
19.45	0.017366
19.46	0.010674
19.47	0.0061512
19.48	0.00125
19.49	-0.004864
19.5	-0.0077847
19.51	-0.0072923
19.52	-0.0041983
19.53	0.0019731
19.54	0.009613
19.55	0.019489
19.56	0.0303
19.57	0.036302
19.58	0.036485
19.59	0.033487
19.6	0.027952
19.61	0.021406
19.62	0.015607
19.63	0.010785
19.64	0.0065048
19.65	0.0018661
19.66	0.0024109
19.67	0.012332
19.68	0.022045
19.69	0.023834
19.7	0.022634
19.71	0.021537
19.72	0.016845
19.73	0.010766
19.74	0.0079629
19.75	0.0058934
19.76	0.0037147
19.77	0.0052721
19.78	0.0092942
19.79	0.0089053
19.8	0.0029057
19.81	-0.0039731
19.82	-0.010382
19.83	-0.015347
19.84	-0.017901
19.85	-0.021823
19.86	-0.027834
19.87	-0.031169
19.88	-0.030877
19.89	-0.030185
19.9	-0.030534
19.91	-0.031155
19.92	-0.030103
19.93	-0.02672
19.94	-0.02411
19.95	-0.023949
19.96	-0.024977
19.97	-0.027608
19.98	-0.031256
19.99	-0.032996
20	-0.032721
20.01	-0.0325
20.02	-0.032701
20.03	-0.034064
20.04	-0.037491
20.05	-0.040246
20.06	-0.041076
20.07	-0.042067
20.08	-0.041901
20.09	-0.03842
20.1	-0.034516
20.11	-0.03357
20.12	-0.03409
20.13	-0.034224
20.14	-0.037903
20.15	-0.047499
20.16	-0.054293
20.17	-0.052161
20.18	-0.048484
20.19	-0.047176
20.2	-0.042466
20.21	-0.033736
20.22	-0.025807
20.23	-0.018913
20.24	-0.010551
20.25	-0.001225
20.26	0.0084036
20.27	0.019326
20.28	0.026862
20.29	0.024457
20.3	0.016098
20.31	0.010726
20.32	0.010013
20.33	0.010675
20.34	0.012378
20.35	0.015047
20.36	0.016046
20.37	0.015198
20.38	0.014428
20.39	0.014334
20.4	0.01366
20.41	0.010453
20.42	0.0074529
20.43	0.0090033
20.44	0.011876
20.45	0.01189
20.46	0.011362
20.47	0.012897
20.48	0.015815
20.49	0.019459
20.5	0.022599
20.51	0.023271
20.52	0.023606
20.53	0.02646
20.54	0.029104
20.55	0.029436
20.56	0.030087
20.57	0.032564
20.58	0.033915
20.59	0.03108
20.6	0.026032
20.61	0.021434
20.62	0.016359
20.63	0.0098093
20.64	0.00048771
20.65	-0.011315
20.66	-0.017729
20.67	-0.016285
20.68	-0.015672
20.69	-0.018124
20.7	-0.019975
20.71	-0.021376
20.72	-0.022556
20.73	-0.023165
20.74	-0.025482
20.75	-0.029698
20.76	-0.03196
20.77	-0.030657
20.78	-0.029954
20.79	-0.033983
20.8	-0.038135
20.81	-0.036274
20.82	-0.030525
20.83	-0.024582
20.84	-0.020038
20.85	-0.018662
20.86	-0.019431
20.87	-0.018571
20.88	-0.014357
20.89	-0.0092861
20.9	-0.007008
20.91	-0.0067702
20.92	-0.0046119
20.93	-0.00018458
20.94	0.0041854
20.95	0.0087484
20.96	0.013729
20.97	0.017345
20.98	0.021073
20.99	0.02631
21	0.029561
21.01	0.029441
21.02	0.027241
21.03	0.02456
21.04	0.024549
21.05	0.026859
21.06	0.030039
21.07	0.035194
21.08	0.040014
21.09	0.039959
21.1	0.035746
21.11	0.032756
21.12	0.032842
21.13	0.033829
21.14	0.03311
21.15	0.026339
21.16	0.017796
21.17	0.018887
21.18	0.024395
21.19	0.023028
21.2	0.018894
21.21	0.018259
21.22	0.019126
21.23	0.020308
21.24	0.022996
21.25	0.025785
21.26	0.028211
21.27	0.033081
21.28	0.03982
21.29	0.04039
21.3	0.03236
21.31	0.024159
21.32	0.019857
21.33	0.015905
21.34	0.011207
21.35	0.007443
21.36	0.0035555
21.37	-0.0012708
21.38	-0.0047991
21.39	-0.0071633
21.4	-0.011655
21.41	-0.017946
21.42	-0.022863
21.43	-0.026221
21.44	-0.029699
21.45	-0.032364
21.46	-0.033798
21.47	-0.036658
21.48	-0.039053
21.49	-0.036814
21.5	-0.033029
21.51	-0.032056
21.52	-0.032827
21.53	-0.034566
21.54	-0.038482
21.55	-0.043153
21.56	-0.046696
21.57	-0.049334
21.58	-0.050133
21.59	-0.048334
21.6	-0.046157
21.61	-0.045904
21.62	-0.046572
21.63	-0.044873
21.64	-0.042556
21.65	-0.044023
21.66	-0.043441
21.67	-0.0355
21.68	-0.027101
21.69	-0.023383
21.7	-0.022229
21.71	-0.020241
21.72	-0.017266
21.73	-0.015791
21.74	-0.014409
21.75	-0.01191
21.76	-0.0096769
21.77	-0.0042539
21.78	0.0038609
21.79	0.0072959
21.8	0.0074951
21.81	0.011552
21.82	0.02012
21.83	0.028427
21.84	0.033478
21.85	0.037154
21.86	0.041492
21.87	0.04493
21.88	0.046568
21.89	0.049206
21.9	0.05371
21.91	0.057564
21.92	0.061488
21.93	0.068274
21.94	0.074536
21.95	0.075409
21.96	0.072683
21.97	0.068968
21.98	0.063816
21.99	0.058258
22	0.052928
22.01	0.047626
22.02	0.043587
22.03	0.040512
22.04	0.037184
22.05	0.033689
22.06	0.031338
22.07	0.029068
22.08	0.023937
22.09	0.016795
22.1	0.0099408
22.11	0.0036534
22.12	-0.00070945
22.13	-0.0018045
22.14	-0.0034942
22.15	-0.00895
22.16	-0.01133
22.17	-0.0055503
22.18	-0.00068646
22.19	-0.0033753
22.2	-0.0081897
22.21	-0.011605
22.22	-0.015362
22.23	-0.019404
22.24	-0.022879
22.25	-0.026015
22.26	-0.027399
22.27	-0.024118
22.28	-0.0172
22.29	-0.012564
22.3	-0.010437
22.31	-0.0054026
22.32	0.0023275
22.33	0.0077597
22.34	0.0078245
22.35	0.003741
22.36	-0.001133
22.37	-0.0048739
22.38	-0.0080951
22.39	-0.011445
22.4	-0.012922
22.41	-0.010743
22.42	-0.0061245
22.43	-0.0014761
22.44	0.0030257
22.45	0.0086923
22.46	0.013467
22.47	0.015483
22.48	0.015954
22.49	0.015226
22.5	0.014183
22.51	0.013918
22.52	0.015002
22.53	0.018061
22.54	0.020888
22.55	0.021548
22.56	0.021067
22.57	0.018725
22.58	0.013301
22.59	0.0072102
22.6	0.0017503
22.61	-0.0033015
22.62	-0.0072264
22.63	-0.010253
22.64	-0.013743
22.65	-0.019758
22.66	-0.025257
22.67	-0.024321
22.68	-0.019884
22.69	-0.018935
22.7	-0.020622
22.71	-0.021345
22.72	-0.023568
22.73	-0.029227
22.74	-0.034581
22.75	-0.03655
22.76	-0.036008
22.77	-0.033887
22.78	-0.028463
22.79	-0.021747
22.8	-0.019385
22.81	-0.020157
22.82	-0.017776
22.83	-0.01156
22.84	-0.0070177
22.85	-0.0065883
22.86	-0.0074412
22.87	-0.0076603
22.88	-0.0077035
22.89	-0.0079627
22.9	-0.008259
22.91	-0.0084971
22.92	-0.0087745
22.93	-0.0090523
22.94	-0.0092271
22.95	-0.0093897
22.96	-0.0097653
22.97	-0.010133
22.98	-0.0096823
22.99	-0.008752
23	-0.0082258
23.01	-0.0085553
23.02	-0.0103
23.03	-0.012207
23.04	-0.012796
23.05	-0.012732
23.06	-0.012739
23.07	-0.014196
23.08	-0.019213
23.09	-0.025461
23.1	-0.028151
23.11	-0.027641
23.12	-0.027245
23.13	-0.027418
23.14	-0.027915
23.15	-0.03208
23.16	-0.038181
23.17	-0.036907
23.18	-0.028446
23.19	-0.020606
23.2	-0.015911
23.21	-0.014153
23.22	-0.014283
23.23	-0.014564
23.24	-0.014587
23.25	-0.014781
23.26	-0.015178
23.27	-0.012706
23.28	-0.0060396
23.29	-0.0014323
23.3	-0.0021492
23.31	-0.0018559
23.32	0.0040319
23.33	0.01134
23.34	0.016591
23.35	0.021016
23.36	0.026026
23.37	0.03171
23.38	0.035467
23.39	0.035695
23.4	0.034618
23.41	0.034143
23.42	0.03425
23.43	0.033616
23.44	0.029181
23.45	0.021903
23.46	0.01787
23.47	0.017966
23.48	0.018238
23.49	0.017647
23.5	0.017417
23.51	0.015733
23.52	0.010248
23.53	0.0051409
23.54	0.0054059
23.55	0.0099654
23.56	0.014461
23.57	0.01601
23.58	0.01553
23.59	0.015104
23.6	0.015105
23.61	0.014966
23.62	0.01485
23.63	0.015665
23.64	0.016103
23.65	0.015194
23.66	0.017642
23.67	0.024185
23.68	0.027835
23.69	0.026977
23.7	0.02579
23.71	0.025801
23.72	0.025993
23.73	0.025788
23.74	0.025356
23.75	0.024935
23.76	0.024543
23.77	0.024929
23.78	0.026202
23.79	0.024757
23.8	0.018544
23.81	0.012128
23.82	0.0099321
23.83	0.010499
23.84	0.011068
23.85	0.0092545
23.86	0.0034923
23.87	-0.0017729
23.88	-0.0046991
23.89	-0.010044
23.9	-0.015815
23.91	-0.017013
23.92	-0.015761
23.93	-0.015336
23.94	-0.015379
23.95	-0.017376
23.96	-0.02328
23.97	-0.028741
23.98	-0.031952
23.99	-0.036495
24	-0.041018
24.01	-0.042365
24.02	-0.04177
24.03	-0.041496
24.04	-0.041758
24.05	-0.041837
24.06	-0.042003
24.07	-0.040743
24.08	-0.035119
24.09	-0.028757
24.1	-0.027479
24.11	-0.027454
24.12	-0.022058
24.13	-0.015192
24.14	-0.013686
24.15	-0.015177
24.16	-0.012398
24.17	-0.0026365
24.18	0.0080542
24.19	0.01241
24.2	0.011682
24.21	0.010894
24.22	0.011087
24.23	0.01111
24.24	0.010855
24.25	0.010631
24.26	0.010152
24.27	0.010165
24.28	0.012702
24.29	0.014501
24.3	0.011338
24.31	0.0077462
24.32	0.0074551
24.33	0.007881
24.34	0.007432
24.35	0.0068678
24.36	0.0066576
24.37	0.0060951
24.38	0.0063077
24.39	0.010732
24.4	0.016991
24.41	0.019036
24.42	0.020303
24.43	0.026156
24.44	0.031474
24.45	0.031616
24.46	0.027396
24.47	0.020694
24.48	0.015645
24.49	0.011354
24.5	0.0048929
24.51	0.00068138
24.52	0.00047736
24.53	-7.1402e-05
24.54	-0.0029218
24.55	-0.0077058
24.56	-0.012637
24.57	-0.014753
24.58	-0.014615
24.59	-0.014578
24.6	-0.014737
24.61	-0.014897
24.62	-0.018059
24.63	-0.024525
24.64	-0.028111
24.65	-0.028316
24.66	-0.027156
24.67	-0.021777
24.68	-0.014493
24.69	-0.0088474
24.7	-0.0042168
24.71	-0.0017976
24.72	-0.0018222
24.73	-0.0021525
24.74	-0.0020664
24.75	-0.0020334
24.76	-0.0024771
24.77	-0.0013763
24.78	0.0039975
24.79	0.0075777
24.8	0.0026818
24.81	-0.0018348
24.82	0.0032522
24.83	0.010907
24.84	0.012617
24.85	0.011044
24.86	0.010717
24.87	0.011118
24.88	0.010932
24.89	0.01057
24.9	0.0107
24.91	0.0091571
24.92	0.0031647
24.93	-0.0033066
24.94	-0.0050689
24.95	-0.0042395
24.96	-0.0040845
24.97	-0.0051374
24.98	-0.0094965
24.99	-0.016554
25	-0.020653
25.01	-0.020705
25.02	-0.017637
25.03	-0.011286
25.04	-0.0067223
25.05	-0.0069673
25.06	-0.0083746
25.07	-0.0057972
25.08	0.0011634
25.09	0.0057397
25.1	0.00526
25.11	0.0040278
25.12	0.0040346
25.13	0.0041647
25.14	0.0036496
25.15	0.0029809
25.16	0.0057332
25.17	0.012628
25.18	0.016944
25.19	0.016376
25.2	0.015274
25.21	0.015282
25.22	0.015254
25.23	0.014913
25.24	0.0148
25.25	0.012416
25.26	0.0052168
25.27	0.00094574
25.28	0.0047924
25.29	0.0060678
25.3	-0.001404
25.31	-0.010354
25.32	-0.013562
25.33	-0.0096018
25.34	-0.0033843
25.35	-0.001203
25.36	-0.0024139
25.37	-0.0031355
25.38	-0.0028235
25.39	-0.0027161
25.4	-0.0033397
25.41	-0.0016413
25.42	0.0049002
25.43	0.010827
25.44	0.011481
25.45	0.010182
25.46	0.010222
25.47	0.010828
25.48	0.010842
25.49	0.010623
25.5	0.010408
25.51	0.010739
25.52	0.014263
25.53	0.020819
25.54	0.025527
25.55	0.025025
25.56	0.019188
25.57	0.012479
25.58	0.010434
25.59	0.011928
25.6	0.011637
25.61	0.0071883
25.62	0.0045714
25.63	0.0085371
25.64	0.012424
25.65	0.0086913
25.66	0.00057267
25.67	0.00012748
25.68	0.008014
25.69	0.0091065
25.7	0.00064493
25.71	-0.004704
25.72	-0.0036529
25.73	-0.0022123
25.74	-0.0046869
25.75	-0.011816
25.76	-0.018313
25.77	-0.017657
25.78	-0.0095896
25.79	-0.0020687
25.8	-0.0019836
25.81	-0.0054306
25.82	-0.0065471
25.83	-0.0055483
25.84	-0.0044269
25.85	-0.004631
25.86	-0.0060823
25.87	-0.0069526
25.88	-0.0066535
25.89	-0.0064518
25.9	-0.0088528
25.91	-0.014096
25.92	-0.017383
25.93	-0.016187
25.94	-0.012912
25.95	-0.0092984
25.96	-0.0068345
25.97	-0.0065135
25.98	-0.0069143
25.99	-0.0068491
26	-0.0068059
26.01	-0.0078555
26.02	-0.0090074
26.03	-0.0082605
26.04	-0.0070267
26.05	-0.0071137
26.06	-0.0076752
26.07	-0.0079025
26.08	-0.00807
26.09	-0.0083255
26.1	-0.0084919
26.11	-0.0091665
26.12	-0.011878
26.13	-0.017074
26.14	-0.022571
26.15	-0.028254
26.16	-0.035162
26.17	-0.037441
26.18	-0.031544
26.19	-0.025667
26.2	-0.024276
26.21	-0.020816
26.22	-0.014672
26.23	-0.012245
26.24	-0.01129
26.25	-0.0078252
26.26	-0.0066468
26.27	-0.0075991
26.28	-0.0046975
26.29	-0.0034451
26.3	-0.0099514
26.31	-0.016143
26.32	-0.016342
26.33	-0.015018
26.34	-0.015263
26.35	-0.015904
26.36	-0.016085
26.37	-0.015691
26.38	-0.014093
26.39	-0.01175
26.4	-0.0094435
26.41	-0.0072186
26.42	-0.0064264
26.43	-0.0067398
26.44	-0.0052225
26.45	-0.0029288
26.46	-0.0025497
26.47	-0.0032545
26.48	-0.0035835
26.49	-0.0035798
26.5	-0.0037041
26.51	-0.0038855
26.52	-0.0039821
26.53	-0.0040675
26.54	-0.0034848
26.55	-0.00020074
26.56	0.0055065
26.57	0.0090327
26.58	0.0087996
26.59	0.0084917
26.6	0.010822
26.61	0.015702
26.62	0.020234
26.63	0.021607
26.64	0.019688
26.65	0.015412
26.66	0.015443
26.67	0.024332
26.68	0.032544
26.69	0.033409
26.7	0.034762
26.71	0.040908
26.72	0.046216
26.73	0.05015
26.74	0.054467
26.75	0.056043
26.76	0.054811
26.77	0.054289
26.78	0.055818
26.79	0.055397
26.8	0.049427
26.81	0.043048
26.82	0.041326
26.83	0.038948
26.84	0.032339
26.85	0.028058
26.86	0.026938
26.87	0.022076
26.88	0.015425
26.89	0.013471
26.9	0.014794
26.91	0.015255
26.92	0.014658
26.93	0.01432
26.94	0.014455
26.95	0.014688
26.96	0.014763
26.97	0.014647
26.98	0.014544
26.99	0.014453
27	0.011492
27.01	0.0044327
27.02	-0.00042613
27.03	-0.0021874
27.04	-0.0073231
27.05	-0.013627
27.06	-0.015355
27.07	-0.014462
27.08	-0.014404
27.09	-0.014822
27.1	-0.016667
27.11	-0.021537
27.12	-0.02647
27.13	-0.028711
27.14	-0.02926
27.15	-0.03054
27.16	-0.030607
27.17	-0.024494
27.18	-0.016498
27.19	-0.014141
27.2	-0.015423
27.21	-0.01575
27.22	-0.015127
27.23	-0.015182
27.24	-0.014871
27.25	-0.010433
27.26	-0.0032917
27.27	0.00036389
27.28	0.00065075
27.29	0.0006427
27.3	0.00022654
27.31	-0.00053738
27.32	-0.0016256
27.33	-0.0020703
27.34	-0.0012566
27.35	-0.0018166
27.36	-0.0041561
27.37	-0.0067104
27.38	-0.009964
27.39	-0.013032
27.4	-0.01389
27.41	-0.013359
27.42	-0.01315
27.43	-0.013339
27.44	-0.013548
27.45	-0.013746
27.46	-0.013933
27.47	-0.014077
27.48	-0.014259
27.49	-0.014471
27.5	-0.014711
27.51	-0.015052
27.52	-0.015414
27.53	-0.015775
27.54	-0.016195
27.55	-0.016592
27.56	-0.01695
27.57	-0.017338
27.58	-0.017686
27.59	-0.017943
27.6	-0.01822
27.61	-0.018639
27.62	-0.019149
27.63	-0.019198
27.64	-0.018531
27.65	-0.019176
27.66	-0.021221
27.67	-0.019335
27.68	-0.013123
27.69	-0.0092262
27.7	-0.0086875
27.71	-0.0080453
27.72	-0.0072599
27.73	-0.007294
27.74	-0.0076441
27.75	-0.0080419
27.76	-0.0077518
27.77	-0.0027868
27.78	0.0068888
27.79	0.011635
27.8	0.0076454
27.81	0.0045972
27.82	0.0088894
27.83	0.015209
27.84	0.01775
27.85	0.017437
27.86	0.016998
27.87	0.016875
27.88	0.016578
27.89	0.016066
27.9	0.015487
27.91	0.014915
27.92	0.01434
27.93	0.013874
27.94	0.013622
27.95	0.013411
27.96	0.013075
27.97	0.012656
27.98	0.012282
27.99	0.012021
28	0.011797
28.01	0.011481
28.02	0.011155
28.03	0.011021
28.04	0.011048
28.05	0.011084
28.06	0.011089
28.07	0.011038
28.08	0.01094
28.09	0.010943
28.1	0.011068
28.11	0.011161
28.12	0.011203
28.13	0.0115
28.14	0.0093613
28.15	0.004507
28.16	0.0053997
28.17	0.014909
28.18	0.023161
28.19	0.022246
28.2	0.016138
28.21	0.012172
28.22	0.011943
28.23	0.010245
28.24	0.0035823
28.25	-0.0020328
28.26	-0.002393
28.27	0.00098182
28.28	0.0042968
28.29	0.0026496
28.3	-0.0010756
28.31	-0.0017405
28.32	-0.00076175
28.33	-0.00049857
28.34	-0.00079973
28.35	-0.00084714
28.36	-0.00068904
28.37	-0.00064453
28.38	-0.00064225
28.39	-0.00063082
28.4	-0.00062663
28.41	-0.00057952
28.42	-0.00049884
28.43	-0.00056348
28.44	-0.00084846
28.45	-0.0010534
28.46	-0.00096408
28.47	-0.0010477
28.48	-0.0036019
28.49	-0.0092
28.5	-0.013966
28.51	-0.016014
28.52	-0.015765
28.53	-0.012802
28.54	-0.0082214
28.55	-0.0046614
28.56	-0.0037895
28.57	-0.0045261
28.58	-0.0051692
28.59	-0.0055309
28.6	-0.005937
28.61	-0.0064871
28.62	-0.0070478
28.63	-0.0075042
28.64	-0.0078895
28.65	-0.0083181
28.66	-0.0089217
28.67	-0.0090562
28.68	-0.0078666
28.69	-0.0071055
28.7	-0.008724
28.71	-0.010845
28.72	-0.011468
28.73	-0.011459
28.74	-0.011917
28.75	-0.012612
28.76	-0.013137
28.77	-0.011442
28.78	-0.0055925
28.79	0.00023936
28.8	0.0008328
28.81	-0.0029502
28.82	-0.0052595
28.83	-0.0027685
28.84	0.0002452
28.85	0.00038921
28.86	-0.00040974
28.87	-0.00043743
28.88	-9.1662e-05
28.89	4.4155e-05
28.9	0.00015015
28.91	0.00035987
28.92	0.00053317
28.93	0.00062333
28.94	0.00069269
28.95	0.00077506
28.96	0.00080268
28.97	0.00077294
28.98	0.00074069
28.99	0.00068394
29	0.00059787
29.01	0.00049444
29.02	0.00040176
29.03	0.00037603
29.04	0.00039477
29.05	0.00010632
29.06	0.00052227
29.07	0.0026991
29.08	0.004029
29.09	0.0029207
29.1	0.0023277
29.11	0.0039801
29.12	0.0054325
29.13	0.0052287
29.14	0.0039692
29.15	0.00030895
29.16	-0.0043365
29.17	-0.0053986
29.18	-0.0040409
29.19	-0.0038682
29.2	-0.004574
29.21	-0.004978
29.22	-0.0051806
29.23	-0.0054461
29.24	-0.0057277
29.25	-0.0059051
29.26	-0.0061434
29.27	-0.0054578
29.28	-0.0026645
29.29	-0.0014232
29.3	-0.0043963
29.31	-0.0071284
29.32	-0.0068688
29.33	-0.0062001
29.34	-0.008014
29.35	-0.011875
29.36	-0.015673
29.37	-0.018894
29.38	-0.020632
29.39	-0.020686
29.4	-0.020662
29.41	-0.021129
29.42	-0.02153
29.43	-0.021713
29.44	-0.022043
29.45	-0.022672
29.46	-0.02228
29.47	-0.019676
29.48	-0.016618
29.49	-0.014652
29.5	-0.01311
29.51	-0.012022
29.52	-0.011843
29.53	-0.011568
29.54	-0.0090908
29.55	-0.0040169
29.56	-0.00021376
29.57	-0.00020484
29.58	-0.0014244
29.59	-0.0016652
29.6	-0.0023896
29.61	-0.0040182
29.62	-0.0039768
29.63	-0.0025063
29.64	-0.003599
29.65	-0.0080573
29.66	-0.0082802
29.67	0.00034196
29.68	0.0090044
29.69	0.011542
29.7	0.014669
29.71	0.020943
29.72	0.024071
29.73	0.023175
29.74	0.022376
29.75	0.022553
29.76	0.022842
29.77	0.026049
29.78	0.031618
29.79	0.031074
29.8	0.024377
29.81	0.019759
29.82	0.019329
29.83	0.021057
29.84	0.022713
29.85	0.022968
29.86	0.02271
29.87	0.022829
29.88	0.021916
29.89	0.018266
29.9	0.01311
29.91	0.0093183
29.92	0.0082715
29.93	0.0085396
29.94	0.0084664
29.95	0.0082487
29.96	0.0082487
29.97	0.0081735
29.98	0.007941
29.99	0.0078091
30	0.0077307
30.01	0.0075056
30.02	0.0072298
30.03	0.0067756
30.04	0.0067827
30.05	0.0090752
30.06	0.012156
30.07	0.013528
30.08	0.015328
30.09	0.018191
30.1	0.019279
30.11	0.018726
30.12	0.018406
30.13	0.017177
30.14	0.011334
30.15	0.00066742
30.16	-0.0054466
30.17	-0.0010292
30.18	0.0044469
30.19	0.0043937
30.2	0.0046517
30.21	0.0082009
30.22	0.011526
30.23	0.014073
30.24	0.016488
30.25	0.017401
30.26	0.017009
30.27	0.017843
30.28	0.02054
30.29	0.020995
30.3	0.015977
30.31	0.0082522
30.32	0.0038379
30.33	0.004008
30.34	0.0049172
30.35	0.0047693
30.36	0.0044698
30.37	0.0044801
30.38	0.0045314
30.39	0.0044409
30.4	0.0049228
30.41	0.0070279
30.42	0.0088889
30.43	0.0074185
30.44	0.004336
30.45	0.0033338
30.46	0.0037514
30.47	0.0018666
30.48	-0.0038842
30.49	-0.0097257
30.5	-0.011551
30.51	-0.011264
30.52	-0.012365
30.53	-0.01353
30.54	-0.01269
30.55	-0.011742
30.56	-0.012145
30.57	-0.012734
30.58	-0.012789
30.59	-0.01264
30.6	-0.012626
30.61	-0.012779
30.62	-0.0127
30.63	-0.011363
30.64	-0.0098169
30.65	-0.012378
30.66	-0.017255
30.67	-0.017022
30.68	-0.013119
30.69	-0.011782
30.7	-0.012063
30.71	-0.010284
30.72	-0.0077694
30.73	-0.0075544
30.74	-0.0079495
30.75	-0.0065509
30.76	-0.0043672
30.77	-0.00059012
30.78	0.0052064
30.79	0.0072461
30.8	0.0020663
30.81	-0.0040841
30.82	-0.0064965
30.83	-0.0085018
30.84	-0.012295
30.85	-0.016355
30.86	-0.019892
30.87	-0.023644
30.88	-0.026903
30.89	-0.027501
30.9	-0.025472
30.91	-0.023093
30.92	-0.021755
30.93	-0.020753
30.94	-0.019078
30.95	-0.017919
30.96	-0.019488
30.97	-0.022727
30.98	-0.024515
30.99	-0.02452
31	-0.024457
31.01	-0.025072
31.02	-0.025023
31.03	-0.022472
31.04	-0.01936
31.05	-0.018729
31.06	-0.019548
31.07	-0.01989
31.08	-0.019969
31.09	-0.019982
31.1	-0.019138
31.11	-0.016996
31.12	-0.012927
31.13	-0.0081833
31.14	-0.0077402
31.15	-0.010218
31.16	-0.0061334
31.17	0.0035381
31.18	0.0090104
31.19	0.010396
31.2	0.013068
31.21	0.017233
31.22	0.018811
31.23	0.01731
31.24	0.016157
31.25	0.014667
31.26	0.014228
31.27	0.018858
31.28	0.024136
31.29	0.023028
31.3	0.018368
31.31	0.017358
31.32	0.02073
31.33	0.023836
31.34	0.024239
31.35	0.022704
31.36	0.019289
31.37	0.01576
31.38	0.014514
31.39	0.013041
31.4	0.0093131
31.41	0.0065262
31.42	0.0068464
31.43	0.0085993
31.44	0.0092799
31.45	0.0086027
31.46	0.0074991
31.47	0.00615
31.48	0.0052887
31.49	0.0051846
31.5	0.0051092
31.51	0.0049807
31.52	0.0042218
31.53	0.0031074
31.54	0.0029734
31.55	0.0030724
31.56	0.0019278
31.57	-0.00061891
31.58	-0.0023815
31.59	-0.0021374
31.6	-0.0015349
31.61	-0.0014504
31.62	-0.0014531
31.63	-0.0010342
31.64	-0.0020732
31.65	-0.0072532
31.66	-0.010566
31.67	-0.0059198
31.68	-0.00012545
31.69	0.0023301
31.7	0.0043765
31.71	0.0069412
31.72	0.010183
31.73	0.012772
31.74	0.013126
31.75	0.012441
31.76	0.011808
31.77	0.013025
31.78	0.017527
31.79	0.019865
31.8	0.014737
31.81	0.0068266
31.82	0.0043363
31.83	0.0078891
31.84	0.010902
31.85	0.010449
31.86	0.0094087
31.87	0.0093171
31.88	0.0092405
31.89	0.0088134
31.9	0.0083807
31.91	0.0080636
31.92	0.0077125
31.93	0.0074131
31.94	0.0068294
31.95	0.0043152
31.96	0.00065137
31.97	-0.00095098
31.98	-0.00056599
31.99	-0.00033568
32	-0.00063441
32.01	-0.00080296
32.02	-0.00069414
32.03	-0.0005148
32.04	-0.00037189
32.05	-0.00030863
32.06	-0.00017814
32.07	1.8497e-06
32.08	7.0232e-05
32.09	9.8778e-05
32.1	0.0002519
32.11	0.00043517
32.12	-0.00099468
32.13	-0.0042843
32.14	-0.0075088
32.15	-0.011453
32.16	-0.013554
32.17	-0.009981
32.18	-0.0054592
32.19	-0.0035759
32.2	-0.0021415
32.21	0.00070783
32.22	0.0041524
32.23	0.0047704
32.24	0.0018556
32.25	-0.0014766
32.26	-0.0028537
32.27	-0.0012136
32.28	0.0023024
32.29	0.0027268
32.3	-0.0020212
32.31	-0.0063912
32.32	-0.0062995
32.33	-0.0037153
32.34	-0.00074692
32.35	0.0005732
32.36	-0.0012987
32.37	-0.0040615
32.38	-0.0060306
32.39	-0.0089668
32.4	-0.011769
32.41	-0.010926
32.42	-0.0077723
32.43	-0.0067911
32.44	-0.0091272
32.45	-0.011778
32.46	-0.0123
32.47	-0.011737
32.48	-0.011537
32.49	-0.011929
32.5	-0.014058
32.51	-0.0175
32.52	-0.019278
32.53	-0.01916
32.54	-0.019334
32.55	-0.018891
32.56	-0.016033
32.57	-0.013341
32.58	-0.013192
32.59	-0.013994
32.6	-0.014356
32.61	-0.014602
32.62	-0.014807
32.63	-0.015353
32.64	-0.019396
32.65	-0.026514
32.66	-0.027719
32.67	-0.021081
32.68	-0.016551
32.69	-0.017088
32.7	-0.017024
32.71	-0.014644
32.72	-0.012499
32.73	-0.012233
32.74	-0.012528
32.75	-0.011528
32.76	-0.0087497
32.77	-0.0034855
32.78	0.0017901
32.79	0.00092338
32.8	-0.0043269
32.81	-0.0049964
32.82	-0.0011053
32.83	0.0020291
32.84	0.0046247
32.85	0.0067395
32.86	0.0070112
32.87	0.0064087
32.88	0.0061087
32.89	0.0060394
32.9	0.0058116
32.91	0.0056082
32.92	0.0071468
32.93	0.010354
32.94	0.012141
32.95	0.01336
32.96	0.016023
32.97	0.017615
32.98	0.016439
32.99	0.013625
33	0.010681
33.01	0.0087404
33.02	0.007993
33.03	0.0077177
33.04	0.0072744
33.05	0.0066223
33.06	0.0063146
33.07	0.007223
33.08	0.0093804
33.09	0.011453
33.1	0.012117
33.11	0.011781
33.12	0.01149
33.13	0.011615
33.14	0.01108
33.15	0.0074717
33.16	0.0043656
33.17	0.0072493
33.18	0.011275
33.19	0.011547
33.2	0.011583
33.21	0.013405
33.22	0.014906
33.23	0.015234
33.24	0.015576
33.25	0.016835
33.26	0.018998
33.27	0.022913
33.28	0.028719
33.29	0.032521
33.3	0.030262
33.31	0.024856
33.32	0.022277
33.33	0.022688
33.34	0.022998
33.35	0.02254
33.36	0.022246
33.37	0.021916
33.38	0.020521
33.39	0.01938
33.4	0.020086
33.41	0.020822
33.42	0.020465
33.43	0.019535
33.44	0.017585
33.45	0.014949
33.46	0.012855
33.47	0.010529
33.48	0.0073413
33.49	0.0046271
33.5	0.0020658
33.51	-0.00054988
33.52	-0.0031679
33.53	-0.0062333
33.54	-0.0078947
33.55	-0.0075244
33.56	-0.0069883
33.57	-0.0071015
33.58	-0.0072553
33.59	-0.0069771
33.6	-0.0064453
33.61	-0.0072511
33.62	-0.010372
33.63	-0.013928
33.64	-0.017143
33.65	-0.022476
33.66	-0.028737
33.67	-0.029015
33.68	-0.024639
33.69	-0.023747
33.7	-0.025935
33.71	-0.02545
33.72	-0.021349
33.73	-0.018371
33.74	-0.018061
33.75	-0.01643
33.76	-0.012796
33.77	-0.0079694
33.78	-0.0018646
33.79	-1.54e-05
33.8	-0.005462
33.81	-0.011476
33.82	-0.012764
33.83	-0.012889
33.84	-0.016106
33.85	-0.019434
33.86	-0.020297
33.87	-0.021004
33.88	-0.021634
33.89	-0.020992
33.9	-0.020603
33.91	-0.020857
33.92	-0.019514
33.93	-0.015381
33.94	-0.010681
33.95	-0.0082735
33.96	-0.0066343
33.97	-0.003889
33.98	-0.0023859
33.99	-0.003095
34	-0.0028898
34.01	9.1034e-05
34.02	0.0028441
34.03	0.0029334
34.04	0.002101
34.05	0.0019788
34.06	0.0020877
34.07	0.0018364
34.08	0.0014423
34.09	0.001198
34.1	0.0011067
34.11	0.00094674
34.12	0.00080453
34.13	0.00036712
34.14	-0.0022591
34.15	-0.005514
34.16	-0.0035538
34.17	0.0029381
34.18	0.0060825
34.19	0.0041835
34.2	0.0033242
34.21	0.0063504
34.22	0.010161
34.23	0.011108
34.24	0.010813
34.25	0.012748
34.26	0.016447
34.27	0.022006
34.28	0.027284
34.29	0.025727
34.3	0.018585
34.31	0.01405
34.32	0.014107
34.33	0.014592
34.34	0.012293
34.35	0.0083187
34.36	0.0062642
34.37	0.0067172
34.38	0.0062674
34.39	0.0029147
34.4	-0.00031571
34.41	-0.00075404
34.42	5.1563e-05
34.43	0.00031542
34.44	0.00010888
34.45	-2.9819e-05
34.46	0.00010168
34.47	0.000389
34.48	0.00056568
34.49	0.00060601
34.5	0.00064995
34.51	0.00057875
34.52	0.00078035
34.53	0.0022237
34.54	0.0048364
34.55	0.0072243
34.56	0.0081428
34.57	0.0080086
34.58	0.0079076
34.59	0.0081782
34.6	0.0073913
34.61	0.0041565
34.62	0.0009983
34.63	0.00064387
34.64	-0.00091092
34.65	-0.0075236
34.66	-0.010985
34.67	-0.0054295
34.68	0.00018561
34.69	4.1293e-05
34.7	-0.0015798
34.71	-0.0017031
34.72	-0.001449
34.73	-0.0018217
34.74	-0.002396
34.75	-0.0027394
34.76	-0.003091
34.77	-0.0022525
34.78	0.00054603
34.79	0.001121
34.8	-0.0021777
34.81	-0.0044976
34.82	-0.0041576
34.83	-0.003615
34.84	-0.0043343
34.85	-0.0059287
34.86	-0.0063666
34.87	-0.0052769
34.88	-0.0046325
34.89	-0.0048715
34.9	-0.0050518
34.91	-0.0050817
34.92	-0.0051943
34.93	-0.0064491
34.94	-0.0098265
34.95	-0.01288
34.96	-0.01344
34.97	-0.013172
34.98	-0.013646
34.99	-0.014461
35	-0.01459
35.01	-0.013428
35.02	-0.011334
35.03	-0.0093784
35.04	-0.0088461
35.05	-0.0090974
35.06	-0.0085386
35.07	-0.0076697
35.08	-0.0080726
35.09	-0.010001
35.1	-0.011564
35.11	-0.011731
35.12	-0.010934
35.13	-0.0088922
35.14	-0.0079989
35.15	-0.012038
35.16	-0.015392
35.17	-0.0099918
35.18	-0.0013661
35.19	0.0016541
35.2	0.00043207
35.21	0.0010632
35.22	0.004944
35.23	0.0078133
35.24	0.0077132
35.25	0.0069238
35.26	0.0073686
35.27	0.01012
35.28	0.013446
35.29	0.012162
35.3	0.0058611
35.31	0.0015293
35.32	0.0016598
35.33	0.0021209
35.34	0.0032416
35.35	0.0062284
35.36	0.0078974
35.37	0.0075409
35.38	0.0074614
35.39	0.0075057
35.4	0.0051804
35.41	0.0014307
35.42	-9.5595e-06
35.43	-0.00053137
35.44	-0.0033555
35.45	-0.0060874
35.46	-0.0063789
35.47	-0.0060742
35.48	-0.0059039
35.49	-0.004492
35.5	-0.0019614
35.51	9.5489e-05
35.52	0.00064231
35.53	0.0002818
35.54	9.9657e-05
35.55	0.0001877
35.56	0.00025051
35.57	0.00012553
35.58	-0.0015452
35.59	-0.0052045
35.6	-0.0078205
35.61	-0.0082467
35.62	-0.0076243
35.63	-0.0053129
35.64	-0.0054213
35.65	-0.010615
35.66	-0.011348
35.67	-0.0038933
35.68	0.0026178
35.69	0.0034231
35.7	0.0020815
35.71	0.0015944
35.72	0.0014504
35.73	0.0024824
35.74	0.0054971
35.75	0.0071725
35.76	0.0071489
35.77	0.010986
35.78	0.017458
35.79	0.017256
35.8	0.010067
35.81	0.0050033
35.82	0.0050592
35.83	0.0060128
35.84	0.0057506
35.85	0.005591
35.86	0.0057746
35.87	0.0049642
35.88	0.0026499
35.89	-8.0829e-05
35.9	-0.0001601
35.91	0.0029959
35.92	0.0049685
35.93	0.0049871
35.94	0.0054211
35.95	0.0042202
35.96	0.0006204
35.97	-0.0015439
35.98	-0.0012525
35.99	-0.00085098
36	-0.0010982
36.01	-0.0016025
36.02	-0.0018383
36.03	-0.0020408
36.04	-0.0024333
36.05	-0.0028633
36.06	-0.0031836
36.07	-0.0034536
36.08	-0.0038084
36.09	-0.0042772
36.1	-0.0047087
36.11	-0.0051827
36.12	-0.0069745
36.13	-0.0099822
36.14	-0.012347
36.15	-0.014694
36.16	-0.015717
36.17	-0.011601
36.18	-0.0046939
36.19	-0.0010103
36.2	-0.001361
36.21	-0.0022126
36.22	-0.0020472
36.23	-0.0018982
36.24	-0.0021137
36.25	-0.0023659
36.26	-0.001703
36.27	0.002131
36.28	0.0084709
36.29	0.011707
36.3	0.0087208
36.31	0.0041006
36.32	0.0023291
36.33	0.0012597
36.34	-0.00082158
36.35	-0.0018801
36.36	-0.0015813
36.37	-0.0013102
36.38	-0.0014583
36.39	-0.001303
36.4	0.00074629
36.41	0.0041015
36.42	0.0054736
36.43	0.0049511
36.44	0.0063703
36.45	0.0097847
36.46	0.011309
36.47	0.010497
36.48	0.0097258
36.49	0.0095559
36.5	0.009359
36.51	0.0088826
36.52	0.0082217
36.53	0.0088636
36.54	0.011729
36.55	0.013943
36.56	0.013603
36.57	0.012513
36.58	0.012121
36.59	0.012068
36.6	0.011793
36.61	0.011379
36.62	0.011089
36.63	0.011023
36.64	0.00984
36.65	0.0051465
36.66	0.0007415
36.67	0.0034346
36.68	0.009311
36.69	0.0095818
36.7	0.0050087
36.71	0.0021981
36.72	0.0025433
36.73	0.0030915
36.74	0.002864
36.75	0.0017137
36.76	-0.00083017
36.77	-0.0012227
36.78	0.0027268
36.79	0.0042359
36.8	-0.00076242
36.81	-0.0058076
36.82	-0.0068689
36.83	-0.0075352
36.84	-0.010023
36.85	-0.012551
36.86	-0.012941
36.87	-0.011312
36.88	-0.0092626
36.89	-0.0077121
36.9	-0.0071017
36.91	-0.007222
36.92	-0.0074601
36.93	-0.0076831
36.94	-0.0077084
36.95	-0.0068738
36.96	-0.0060818
36.97	-0.006858
36.98	-0.0079752
36.99	-0.0080387
37	-0.0078116
37.01	-0.0073658
37.02	-0.0052578
37.03	-0.0023686
37.04	-0.0012475
37.05	-0.0015702
37.06	-0.0016676
37.07	-0.0014284
37.08	-0.0013083
37.09	-0.0012787
37.1	-0.0012261
37.11	-0.0011884
37.12	-0.0011992
37.13	-0.0011225
37.14	-0.0015108
37.15	-0.0025731
37.16	-0.0015658
37.17	0.0032713
37.18	0.0083372
37.19	0.0098782
37.2	0.0091745
37.21	0.0089511
37.22	0.0092217
37.23	0.0086078
37.24	0.0073794
37.25	0.0065367
37.26	0.0064039
37.27	0.0085392
37.28	0.011937
37.29	0.01196
37.3	0.0091131
37.31	0.0077769
37.32	0.0081547
37.33	0.0082909
37.34	0.0078723
37.35	0.0069056
37.36	0.0050201
37.37	0.0030063
37.38	0.0026543
37.39	0.0042249
37.4	0.0059196
37.41	0.006312
37.42	0.0058623
37.43	0.0054881
37.44	0.005222
37.45	0.0049045
37.46	0.0046526
37.47	0.0043777
37.48	0.0039811
37.49	0.0036586
37.5	0.0034019
37.51	0.0030754
37.52	0.0028208
37.53	0.0026411
37.54	0.0023745
37.55	0.0020412
37.56	0.0020027
37.57	0.0024797
37.58	0.003142
37.59	0.0041721
37.6	0.0054069
37.61	0.0058176
37.62	0.0055923
37.63	0.0054449
37.64	0.0040959
37.65	0.00045548
37.66	-0.0017907
37.67	0.00095487
37.68	0.0043163
37.69	0.0032258
37.7	0.00059148
37.71	0.00023018
37.72	0.0010343
37.73	0.001221
37.74	0.0010745
37.75	0.00084843
37.76	-0.00021757
37.77	-0.00089942
37.78	0.00014819
37.79	-0.00044952
37.8	-0.0042918
37.81	-0.0069723
37.82	-0.0069517
37.83	-0.0069649
37.84	-0.0076127
37.85	-0.0082538
37.86	-0.0091772
37.87	-0.010044
37.88	-0.010198
37.89	-0.0099522
37.9	-0.0098361
37.91	-0.0097811
37.92	-0.01026
37.93	-0.011884
37.94	-0.013351
37.95	-0.013494
37.96	-0.013124
37.97	-0.013036
37.98	-0.013076
37.99	-0.012874
38	-0.012768
38.01	-0.013775
38.02	-0.015471
38.03	-0.015806
38.04	-0.014716
38.05	-0.013731
38.06	-0.01311
38.07	-0.012479
38.08	-0.011634
38.09	-0.010924
38.1	-0.010654
38.11	-0.010527
38.12	-0.010339
38.13	-0.010045
38.14	-0.0096696
38.15	-0.0099392
38.16	-0.010712
38.17	-0.0096893
38.18	-0.0069124
38.19	-0.0052499
38.2	-0.0052063
38.21	-0.0052407
38.22	-0.0048951
38.23	-0.0045687
38.24	-0.0044042
38.25	-0.0043331
38.26	-0.0038669
38.27	-0.0018334
38.28	0.0014302
38.29	0.0030441
38.3	0.002085
38.31	0.0012789
38.32	0.0023071
38.33	0.0037589
38.34	0.0040897
38.35	0.0037434
38.36	0.0040525
38.37	0.0052041
38.38	0.006415
38.39	0.0074462
38.4	0.0080099
38.41	0.0078253
38.42	0.0073861
38.43	0.0070766
38.44	0.0072208
38.45	0.0080131
38.46	0.0085975
38.47	0.008358
38.48	0.0078667
38.49	0.0075717
38.5	0.0073371
38.51	0.0070265
38.52	0.0064703
38.53	0.0058612
38.54	0.0057403
38.55	0.0057294
38.56	0.0056823
38.57	0.006182
38.58	0.0066726
38.59	0.0064624
38.6	0.0059868
38.61	0.0056564
38.62	0.0053831
38.63	0.0051346
38.64	0.0042928
38.65	0.0026793
38.66	0.0022819
38.67	0.0034514
38.68	0.0036503
38.69	0.0024062
38.7	0.0015418
38.71	0.0015173
38.72	0.001536
38.73	0.0013416
38.74	0.0011616
38.75	0.0009389
38.76	0.00058659
38.77	0.00081715
38.78	0.0015878
38.79	0.0012867
38.8	-0.00018324
38.81	-0.0011417
38.82	-0.0011138
38.83	-0.0009122
38.84	-0.00092584
38.85	-0.0010011
38.86	-0.00097259
38.87	-0.00058823
38.88	1.3424e-05
38.89	0.00025896
38.9	0.00014305
38.91	5.1629e-05
38.92	5.8289e-05
38.93	9.103e-05
38.94	-8.9902e-05
38.95	-0.00057165
38.96	-0.00066649
38.97	-0.00022354
38.98	-0.00022916
38.99	-0.00080024
39	-0.001076
39.01	-0.00094754
39.02	-0.00084774
39.03	-0.00083436
39.04	-0.00094691
39.05	-0.001311
39.06	-0.0016321
39.07	-0.0016365
39.08	-0.0014944
39.09	-0.0015597
39.1	-0.0018845
39.11	-0.001903
39.12	-0.0014565
39.13	-0.0011287
39.14	-0.0012425
39.15	-0.0015937
39.16	-0.001506
39.17	-0.0007874
39.18	-0.00025551
39.19	-0.00027096
39.2	-0.00039768
39.21	-0.00028185
39.22	3.8105e-05
39.23	0.00023787
39.24	0.00020735
39.25	0.00013389
39.26	9.6525e-05
39.27	0.00020287
39.28	0.00050959
39.29	0.00056927
39.3	0.0002012
39.31	-9.0823e-05
39.32	-0.00013324
39.33	-0.00020612
39.34	-0.00036818
39.35	-0.00045873
39.36	-0.0004286
39.37	-0.00036719
39.38	-0.00034925
39.39	-0.0003196
39.4	-0.00016131
39.41	3.9436e-05
39.42	0.00010724
39.43	7.9208e-05
39.44	6.4471e-05
39.45	6.8396e-05
39.46	3.8953e-05
39.47	-4.2072e-05
39.48	-0.000126
39.49	-0.0001548
39.5	-7.7408e-05
39.51	7.5065e-05
39.52	0.00016641
39.53	0.00018212
39.54	0.00022486
39.55	0.00028438
39.56	0.0003104
39.57	0.0003107
39.58	0.00026274
39.59	0.00018953
39.6	0.00017234
39.61	0.00020151
39.62	0.0002185
39.63	0.00024429
39.64	0.00028273
39.65	0.00024717
39.66	0.00020477
39.67	0.00028811
39.68	0.00040139
39.69	0.00043391
39.7	0.00042453
39.71	0.00041048
39.72	0.00038791
39.73	0.00035983
39.74	0.00033384
39.75	0.00030948
39.76	0.00028523
39.77	0.00027229
39.78	0.00027
39.79	0.00024859
39.8	0.00019969
39.81	0.00016022
39.82	0.00015049
39.83	0.00014315
39.84	0.00012025
39.85	9.4375e-05
39.86	7.3989e-05
39.87	5.6253e-05
39.88	3.9538e-05
39.89	2.5135e-05
39.9	1.3554e-05
39.91	4.2612e-06
39.92	-2.9969e-06
39.93	-8.1441e-06
39.94	-1.1198e-05
39.95	-1.2296e-05
39.96	-1.1525e-05
39.97	-8.9487e-06
39.98	-4.6962e-06
39.99	1.0924e-06
