0	0.00034382
0.01	0.00081984
0.02	0.001712
0.03	0.0018414
0.04	0.0015292
0.05	0.0013652
0.06	0.0011874
0.07	0.00098002
0.08	0.00076327
0.09	0.00066082
0.1	0.000777
0.11	0.0010836
0.12	0.0015512
0.13	0.002192
0.14	0.0028461
0.15	0.003094
0.16	0.0027653
0.17	0.0022467
0.18	0.0017564
0.19	0.0011296
0.2	0.00055103
0.21	0.00039348
0.22	0.00070483
0.23	0.0015772
0.24	0.0032827
0.25	0.0055086
0.26	0.0069505
0.27	0.0065784
0.28	0.0047803
0.29	0.0018953
0.3	-0.0021817
0.31	-0.0063783
0.32	-0.0094641
0.33	-0.010686
0.34	-0.0087332
0.35	-0.0031076
0.36	0.0046688
0.37	0.011844
0.38	0.016265
0.39	0.018283
0.4	0.019152
0.41	0.018569
0.42	0.014578
0.43	0.0052297
0.44	-0.0078376
0.45	-0.018998
0.46	-0.023476
0.47	-0.021368
0.48	-0.015786
0.49	-0.008629
0.5	-0.0005283
0.51	0.0072997
0.52	0.011996
0.53	0.0097267
0.54	-0.00070137
0.55	-0.014718
0.56	-0.024695
0.57	-0.0271
0.58	-0.024205
0.59	-0.018836
0.6	-0.011909
0.61	-0.003798
0.62	0.0067833
0.63	0.021976
0.64	0.038241
0.65	0.046524
0.66	0.041237
0.67	0.021809
0.68	-0.0064033
0.69	-0.030362
0.7	-0.041684
0.71	-0.044278
0.72	-0.042482
0.73	-0.032797
0.74	-0.012419
0.75	0.011859
0.76	0.027008
0.77	0.024513
0.78	0.004621
0.79	-0.02426
0.8	-0.047093
0.81	-0.053625
0.82	-0.047002
0.83	-0.035902
0.84	-0.025213
0.85	-0.015251
0.86	-0.0034735
0.87	0.01242
0.88	0.031247
0.89	0.04841
0.9	0.055833
0.91	0.045748
0.92	0.020611
0.93	-0.0066715
0.94	-0.021994
0.95	-0.019024
0.96	-0.0022965
0.97	0.017266
0.98	0.031813
0.99	0.043279
1	0.053157
1.01	0.052589
1.02	0.034381
1.03	0.0052005
1.04	-0.020687
1.05	-0.03065
1.06	-0.022693
1.07	-0.008654
1.08	0.00076081
1.09	0.0053576
1.1	0.0071929
1.11	0.0016036
1.12	-0.015931
1.13	-0.03625
1.14	-0.045396
1.15	-0.039297
1.16	-0.021026
1.17	0.0020447
1.18	0.019894
1.19	0.028612
1.2	0.033599
1.21	0.039621
1.22	0.041852
1.23	0.032853
1.24	0.015302
1.25	0.00054009
1.26	-0.0044517
1.27	-0.0048274
1.28	-0.012703
1.29	-0.030288
1.3	-0.040663
1.31	-0.025433
1.32	0.010289
1.33	0.040152
1.34	0.045248
1.35	0.029394
1.36	0.0083561
1.37	-0.0043226
1.38	-0.0064446
1.39	-0.0059797
1.4	-0.0083931
1.41	-0.009745
1.42	-0.0026468
1.43	0.014422
1.44	0.031448
1.45	0.033309
1.46	0.014892
1.47	-0.014422
1.48	-0.039156
1.49	-0.048799
1.5	-0.042998
1.51	-0.027503
1.52	-0.0083718
1.53	0.010978
1.54	0.027162
1.55	0.032809
1.56	0.022881
1.57	0.0039475
1.58	-0.011363
1.59	-0.017907
1.6	-0.018491
1.61	-0.014612
1.62	-0.0056494
1.63	0.0063838
1.64	0.016294
1.65	0.016606
1.66	0.007669
1.67	0.001942
1.68	0.0045892
1.69	0.0069141
1.7	0.0042758
1.71	0.0017694
1.72	0.0014464
1.73	-0.00052997
1.74	-0.0055023
1.75	-0.013481
1.76	-0.026483
1.77	-0.041613
1.78	-0.049853
1.79	-0.045576
1.8	-0.030165
1.81	-0.011434
1.82	2.7256e-05
1.83	0.0041559
1.84	0.011439
1.85	0.02545
1.86	0.037874
1.87	0.039591
1.88	0.028236
1.89	0.0072417
1.9	-0.01528
1.91	-0.032124
1.92	-0.04329
1.93	-0.051165
1.94	-0.052846
1.95	-0.042217
1.96	-0.018461
1.97	0.010184
1.98	0.031126
1.99	0.038148
2	0.034835
2.01	0.026689
2.02	0.016603
2.03	0.003652
2.04	-0.014316
2.05	-0.033248
2.06	-0.043427
2.07	-0.036605
2.08	-0.012196
2.09	0.020295
2.1	0.048335
2.11	0.06476
2.12	0.067843
2.13	0.058941
2.14	0.037601
2.15	0.0012054
2.16	-0.042272
2.17	-0.074107
2.18	-0.082789
2.19	-0.067787
2.2	-0.036077
2.21	-0.00055178
2.22	0.02859
2.23	0.04474
2.24	0.044914
2.25	0.034603
2.26	0.023941
2.27	0.02114
2.28	0.024616
2.29	0.024264
2.3	0.018157
2.31	0.012223
2.32	0.0081886
2.33	0.0063254
2.34	0.0072777
2.35	0.0082729
2.36	0.0051636
2.37	-0.0031225
2.38	-0.012194
2.39	-0.015531
2.4	-0.0098877
2.41	0.0021862
2.42	0.012511
2.43	0.017305
2.44	0.021834
2.45	0.028867
2.46	0.035108
2.47	0.036969
2.48	0.030378
2.49	0.01215
2.5	-0.01443
2.51	-0.040548
2.52	-0.056323
2.53	-0.052774
2.54	-0.026544
2.55	0.011423
2.56	0.041315
2.57	0.051711
2.58	0.043646
2.59	0.024102
2.6	0.0010953
2.61	-0.01925
2.62	-0.0339
2.63	-0.039904
2.64	-0.032649
2.65	-0.011507
2.66	0.018969
2.67	0.047894
2.68	0.056495
2.69	0.03809
2.7	0.010074
2.71	-0.0074488
2.72	-0.011209
2.73	-0.011298
2.74	-0.017154
2.75	-0.028676
2.76	-0.039539
2.77	-0.044491
2.78	-0.043844
2.79	-0.042527
2.8	-0.042775
2.81	-0.04342
2.82	-0.045706
2.83	-0.051485
2.84	-0.059344
2.85	-0.067463
2.86	-0.073419
2.87	-0.072868
2.88	-0.061403
2.89	-0.035651
2.9	0.0029105
2.91	0.048391
2.92	0.094532
2.93	0.13606
2.94	0.16739
2.95	0.1814
2.96	0.1719
2.97	0.13775
2.98	0.086326
2.99	0.02838
3	-0.026526
3.01	-0.071324
3.02	-0.10177
3.03	-0.11255
3.04	-0.10151
3.05	-0.07675
3.06	-0.052077
3.07	-0.034936
3.08	-0.022023
3.09	-0.005616
3.1	0.017089
3.11	0.040401
3.12	0.05972
3.13	0.074205
3.14	0.075084
3.15	0.048967
3.16	-0.0018211
3.17	-0.05583
3.18	-0.094778
3.19	-0.11563
3.2	-0.11804
3.21	-0.097947
3.22	-0.060658
3.23	-0.02139
3.24	0.011154
3.25	0.035962
3.26	0.051738
3.27	0.061702
3.28	0.075347
3.29	0.094022
3.3	0.1066
3.31	0.10185
3.32	0.074274
3.33	0.028079
3.34	-0.019837
3.35	-0.054206
3.36	-0.073568
3.37	-0.084181
3.38	-0.088287
3.39	-0.07988
3.4	-0.055558
3.41	-0.025016
3.42	-0.0022499
3.43	0.01101
3.44	0.023308
3.45	0.038774
3.46	0.055511
3.47	0.072388
3.48	0.088046
3.49	0.096789
3.5	0.093083
3.51	0.0772
3.52	0.052579
3.53	0.023346
3.54	-0.0031548
3.55	-0.01568
3.56	-0.0079189
3.57	0.013503
3.58	0.034908
3.59	0.043626
3.6	0.032737
3.61	0.0044508
3.62	-0.033552
3.63	-0.072094
3.64	-0.10343
3.65	-0.12206
3.66	-0.11992
3.67	-0.094956
3.68	-0.060622
3.69	-0.032017
3.7	-0.01412
3.71	-0.0075095
3.72	-0.010905
3.73	-0.015784
3.74	-0.013622
3.75	-0.0065885
3.76	0.00097866
3.77	0.0089746
3.78	0.013241
3.79	0.0094228
3.8	0.0050267
3.81	0.010195
3.82	0.023462
3.83	0.036788
3.84	0.04439
3.85	0.044861
3.86	0.039073
3.87	0.028126
3.88	0.014723
3.89	0.0026483
3.9	-0.0048229
3.91	-0.0064263
3.92	-0.00052872
3.93	0.013315
3.94	0.027866
3.95	0.03544
3.96	0.035068
3.97	0.027084
3.98	0.010267
3.99	-0.014037
4	-0.040097
4.01	-0.060326
4.02	-0.069248
4.03	-0.065004
4.04	-0.049996
4.05	-0.034338
4.06	-0.029703
4.07	-0.038994
4.08	-0.057755
4.09	-0.075901
4.1	-0.07793
4.11	-0.054763
4.12	-0.014472
4.13	0.026529
4.14	0.05802
4.15	0.079091
4.16	0.092919
4.17	0.099606
4.18	0.094265
4.19	0.075908
4.2	0.053698
4.21	0.037766
4.22	0.030584
4.23	0.02812
4.24	0.024051
4.25	0.01429
4.26	-0.00078895
4.27	-0.017227
4.28	-0.032117
4.29	-0.042746
4.3	-0.041764
4.31	-0.025039
4.32	-0.0033579
4.33	0.00705
4.34	0.0032499
4.35	-0.0065508
4.36	-0.015996
4.37	-0.02366
4.38	-0.029155
4.39	-0.031356
4.4	-0.027423
4.41	-0.015382
4.42	0.00082194
4.43	0.014339
4.44	0.021354
4.45	0.022595
4.46	0.022117
4.47	0.0241
4.48	0.027276
4.49	0.02613
4.5	0.018568
4.51	0.0046429
4.52	-0.014968
4.53	-0.036751
4.54	-0.056341
4.55	-0.069198
4.56	-0.073635
4.57	-0.070667
4.58	-0.058188
4.59	-0.032903
4.6	0.0015023
4.61	0.031997
4.62	0.046261
4.63	0.044247
4.64	0.035794
4.65	0.028323
4.66	0.0256
4.67	0.027985
4.68	0.026792
4.69	0.01592
4.7	0.0014768
4.71	-0.01012
4.72	-0.020036
4.73	-0.02987
4.74	-0.035376
4.75	-0.030505
4.76	-0.014403
4.77	0.0085859
4.78	0.030178
4.79	0.041212
4.8	0.040422
4.81	0.032112
4.82	0.01781
4.83	0.00018542
4.84	-0.013798
4.85	-0.021162
4.86	-0.025517
4.87	-0.029052
4.88	-0.03083
4.89	-0.03051
4.9	-0.025876
4.91	-0.014862
4.92	-0.001792
4.93	0.0069611
4.94	0.011493
4.95	0.017846
4.96	0.028246
4.97	0.037807
4.98	0.040998
4.99	0.036307
5	0.027229
5.01	0.018577
5.02	0.012346
5.03	0.01098
5.04	0.015941
5.05	0.024236
5.06	0.031794
5.07	0.03311
5.08	0.024395
5.09	0.0074518
5.1	-0.013484
5.11	-0.033613
5.12	-0.048185
5.13	-0.053127
5.14	-0.048592
5.15	-0.037339
5.16	-0.020557
5.17	-0.0022776
5.18	0.012318
5.19	0.022504
5.2	0.027935
5.21	0.023227
5.22	0.0057772
5.23	-0.014989
5.24	-0.02811
5.25	-0.030405
5.26	-0.023275
5.27	-0.013143
5.28	-0.0092347
5.29	-0.012635
5.3	-0.014866
5.31	-0.011614
5.32	-0.0085373
5.33	-0.010224
5.34	-0.013093
5.35	-0.011361
5.36	-0.0027269
5.37	0.0094284
5.38	0.017428
5.39	0.01566
5.4	0.0077106
5.41	0.0016161
5.42	-0.00087557
5.43	-0.0031438
5.44	-0.0092525
5.45	-0.018651
5.46	-0.023879
5.47	-0.019336
5.48	-0.0067448
5.49	0.010211
5.5	0.029816
5.51	0.050643
5.52	0.069247
5.53	0.081274
5.54	0.083488
5.55	0.074575
5.56	0.058098
5.57	0.040884
5.58	0.0275
5.59	0.019965
5.6	0.019881
5.61	0.027817
5.62	0.041906
5.63	0.057686
5.64	0.064718
5.65	0.052909
5.66	0.028901
5.67	0.0061184
5.68	-0.013059
5.69	-0.029757
5.7	-0.041014
5.71	-0.045095
5.72	-0.04129
5.73	-0.026347
5.74	-0.0015604
5.75	0.024758
5.76	0.044618
5.77	0.056185
5.78	0.060415
5.79	0.054135
5.8	0.035868
5.81	0.010308
5.82	-0.015264
5.83	-0.035415
5.84	-0.048966
5.85	-0.056255
5.86	-0.058406
5.87	-0.055488
5.88	-0.045518
5.89	-0.030764
5.9	-0.01721
5.91	-0.0089549
5.92	-0.0093077
5.93	-0.017086
5.94	-0.024256
5.95	-0.02597
5.96	-0.024612
5.97	-0.020713
5.98	-0.011593
5.99	1.4085e-05
6	0.0090534
6.01	0.013715
6.02	0.010169
6.03	-0.005389
6.04	-0.030408
6.05	-0.05731
6.06	-0.077451
6.07	-0.086638
6.08	-0.087097
6.09	-0.081415
6.1	-0.070094
6.11	-0.055832
6.12	-0.041976
6.13	-0.028433
6.14	-0.014957
6.15	-0.0072507
6.16	-0.0092016
6.17	-0.015176
6.18	-0.024509
6.19	-0.043947
6.2	-0.071171
6.21	-0.096794
6.22	-0.11627
6.23	-0.12896
6.24	-0.13297
6.25	-0.12866
6.26	-0.11876
6.27	-0.10293
6.28	-0.084985
6.29	-0.075282
6.3	-0.078629
6.31	-0.091716
6.32	-0.1094
6.33	-0.12719
6.34	-0.14
6.35	-0.14348
6.36	-0.13709
6.37	-0.12116
6.38	-0.097049
6.39	-0.069147
6.4	-0.04066
6.41	-0.015591
6.42	0.00081722
6.43	0.0076321
6.44	0.0062072
6.45	-0.0023184
6.46	-0.013568
6.47	-0.020114
6.48	-0.018755
6.49	-0.014528
6.5	-0.012279
6.51	-0.0075555
6.52	0.0058838
6.53	0.024749
6.54	0.040196
6.55	0.048976
6.56	0.055409
6.57	0.061524
6.58	0.064017
6.59	0.06302
6.6	0.060359
6.61	0.053948
6.62	0.042418
6.63	0.025826
6.64	0.0041558
6.65	-0.018685
6.66	-0.030425
6.67	-0.018734
6.68	0.014419
6.69	0.059767
6.7	0.11203
6.71	0.16478
6.72	0.20891
6.73	0.24004
6.74	0.25893
6.75	0.26741
6.76	0.26763
6.77	0.26136
6.78	0.24789
6.79	0.22534
6.8	0.19796
6.81	0.17538
6.82	0.16177
6.83	0.15655
6.84	0.15956
6.85	0.16772
6.86	0.17446
6.87	0.17169
6.88	0.1539
6.89	0.12286
6.9	0.086743
6.91	0.05465
6.92	0.031446
6.93	0.017056
6.94	0.0099019
6.95	0.010564
6.96	0.019746
6.97	0.033419
6.98	0.044243
6.99	0.04798
7	0.044261
7.01	0.031835
7.02	0.0098563
7.03	-0.020604
7.04	-0.057847
7.05	-0.097163
7.06	-0.13323
7.07	-0.16376
7.08	-0.18719
7.09	-0.2029
7.1	-0.21153
7.11	-0.21562
7.12	-0.21794
7.13	-0.21495
7.14	-0.20498
7.15	-0.19311
7.16	-0.17783
7.17	-0.15388
7.18	-0.12334
7.19	-0.088962
7.2	-0.050771
7.21	-0.013173
7.22	0.016333
7.23	0.032464
7.24	0.033801
7.25	0.021098
7.26	-0.0027791
7.27	-0.032398
7.28	-0.064273
7.29	-0.094703
7.3	-0.11598
7.31	-0.1228
7.32	-0.11715
7.33	-0.10419
7.34	-0.088148
7.35	-0.074371
7.36	-0.066014
7.37	-0.058969
7.38	-0.048612
7.39	-0.035353
7.4	-0.022235
7.41	-0.010806
7.42	0.0024925
7.43	0.019813
7.44	0.036002
7.45	0.048087
7.46	0.061886
7.47	0.083854
7.48	0.11158
7.49	0.13684
7.5	0.15451
7.51	0.16499
7.52	0.1701
7.53	0.16888
7.54	0.16021
7.55	0.1469
7.56	0.13295
7.57	0.12014
7.58	0.10872
7.59	0.098227
7.6	0.088338
7.61	0.07974
7.62	0.072507
7.63	0.066366
7.64	0.060615
7.65	0.054838
7.66	0.056455
7.67	0.072235
7.68	0.093117
7.69	0.10847
7.7	0.12074
7.71	0.13511
7.72	0.15074
7.73	0.16281
7.74	0.16624
7.75	0.1585
7.76	0.14238
7.77	0.12592
7.78	0.11385
7.79	0.099646
7.8	0.076346
7.81	0.047976
7.82	0.02073
7.83	-0.0036368
7.84	-0.022666
7.85	-0.030658
7.86	-0.025428
7.87	-0.013387
7.88	-0.00079896
7.89	0.012023
7.9	0.025921
7.91	0.038446
7.92	0.043126
7.93	0.034486
7.94	0.01333
7.95	-0.015849
7.96	-0.04683
7.97	-0.072109
7.98	-0.088349
7.99	-0.097844
8	-0.10378
8.01	-0.10793
8.02	-0.114
8.03	-0.12601
8.04	-0.14203
8.05	-0.15631
8.06	-0.16535
8.07	-0.16616
8.08	-0.15308
8.09	-0.12534
8.1	-0.092164
8.11	-0.065087
8.12	-0.04837
8.13	-0.038417
8.14	-0.034668
8.15	-0.03796
8.16	-0.039673
8.17	-0.036813
8.18	-0.040688
8.19	-0.057921
8.2	-0.082975
8.21	-0.10605
8.22	-0.11998
8.23	-0.12417
8.24	-0.12383
8.25	-0.1216
8.26	-0.11223
8.27	-0.092925
8.28	-0.071368
8.29	-0.05574
8.3	-0.045147
8.31	-0.036548
8.32	-0.030872
8.33	-0.026989
8.34	-0.02308
8.35	-0.019382
8.36	-0.014909
8.37	-0.011646
8.38	-0.013961
8.39	-0.021827
8.4	-0.031774
8.41	-0.040289
8.42	-0.043218
8.43	-0.037874
8.44	-0.024709
8.45	-0.0068417
8.46	0.010272
8.47	0.025785
8.48	0.040815
8.49	0.049715
8.5	0.047283
8.51	0.034369
8.52	0.014255
8.53	-0.0076098
8.54	-0.024771
8.55	-0.033751
8.56	-0.03611
8.57	-0.034994
8.58	-0.029173
8.59	-0.016704
8.6	-0.0015423
8.61	0.01097
8.62	0.01963
8.63	0.024269
8.64	0.022243
8.65	0.012853
8.66	0.003938
8.67	0.0005882
8.68	-0.0030328
8.69	-0.0080807
8.7	-0.0076992
8.71	0.0014305
8.72	0.015721
8.73	0.030461
8.74	0.044359
8.75	0.055366
8.76	0.059551
8.77	0.053535
8.78	0.031533
8.79	-0.0092781
8.8	-0.058232
8.81	-0.10102
8.82	-0.13341
8.83	-0.15632
8.84	-0.16757
8.85	-0.16293
8.86	-0.14208
8.87	-0.10994
8.88	-0.071701
8.89	-0.03214
8.9	0.00088648
8.91	0.019941
8.92	0.024728
8.93	0.019165
8.94	0.0055863
8.95	-0.012652
8.96	-0.030714
8.97	-0.045137
8.98	-0.053507
8.99	-0.052877
9	-0.03956
9.01	-0.011825
9.02	0.023023
9.03	0.051926
9.04	0.071917
9.05	0.085389
9.06	0.090918
9.07	0.088316
9.08	0.076731
9.09	0.057989
9.1	0.037476
9.11	0.015379
9.12	-0.0083838
9.13	-0.029813
9.14	-0.046756
9.15	-0.059222
9.16	-0.061409
9.17	-0.04836
9.18	-0.029803
9.19	-0.014378
9.2	0.0044503
9.21	0.033367
9.22	0.071576
9.23	0.11533
9.24	0.15803
9.25	0.19309
9.26	0.21737
9.27	0.23044
9.28	0.2299
9.29	0.20908
9.3	0.16874
9.31	0.11986
9.32	0.070148
9.33	0.022668
9.34	-0.018599
9.35	-0.050419
9.36	-0.072256
9.37	-0.08423
9.38	-0.08603
9.39	-0.076978
9.4	-0.058676
9.41	-0.036954
9.42	-0.015999
9.43	0.0022253
9.44	0.015291
9.45	0.023316
9.46	0.027598
9.47	0.027588
9.48	0.022015
9.49	0.010715
9.5	-0.0049272
9.51	-0.021244
9.52	-0.034125
9.53	-0.044128
9.54	-0.053937
9.55	-0.063173
9.56	-0.070422
9.57	-0.07392
9.58	-0.072162
9.59	-0.067882
9.6	-0.065359
9.61	-0.063471
9.62	-0.058034
9.63	-0.048614
9.64	-0.039754
9.65	-0.034208
9.66	-0.02768
9.67	-0.018313
9.68	-0.010505
9.69	-0.0053945
9.7	0.00033154
9.71	0.009024
9.72	0.020186
9.73	0.031459
9.74	0.041653
9.75	0.051469
9.76	0.061076
9.77	0.069747
9.78	0.074741
9.79	0.072133
9.8	0.062839
9.81	0.051558
9.82	0.04095
9.83	0.033318
9.84	0.030592
9.85	0.031055
9.86	0.034107
9.87	0.041752
9.88	0.051886
9.89	0.060245
9.9	0.06602
9.91	0.069369
9.92	0.069337
9.93	0.065516
9.94	0.058805
9.95	0.049262
9.96	0.03689
9.97	0.024484
9.98	0.014349
9.99	0.0097276
10	0.012874
10.01	0.019379
10.02	0.024774
10.03	0.027506
10.04	0.027449
10.05	0.026816
10.06	0.029283
10.07	0.036436
10.08	0.046208
10.09	0.056585
10.1	0.066264
10.11	0.073959
10.12	0.078711
10.13	0.080205
10.14	0.077435
10.15	0.068906
10.16	0.061931
10.17	0.063378
10.18	0.065235
10.19	0.062266
10.2	0.059863
10.21	0.059479
10.22	0.05683
10.23	0.052231
10.24	0.050516
10.25	0.051706
10.26	0.052956
10.27	0.053605
10.28	0.050066
10.29	0.034701
10.3	0.0095771
10.31	-0.010718
10.32	-0.01686
10.33	-0.011217
10.34	0.0017422
10.35	0.018973
10.36	0.036609
10.37	0.052275
10.38	0.064082
10.39	0.069727
10.4	0.07058
10.41	0.069319
10.42	0.064615
10.43	0.052888
10.44	0.033634
10.45	0.0090798
10.46	-0.018022
10.47	-0.046084
10.48	-0.074012
10.49	-0.098491
10.5	-0.11743
10.51	-0.13088
10.52	-0.13753
10.53	-0.13545
10.54	-0.12699
10.55	-0.11734
10.56	-0.10967
10.57	-0.10603
10.58	-0.10588
10.59	-0.1062
10.6	-0.10562
10.61	-0.10533
10.62	-0.10904
10.63	-0.11903
10.64	-0.1315
10.65	-0.14408
10.66	-0.15543
10.67	-0.15764
10.68	-0.14833
10.69	-0.13397
10.7	-0.11751
10.71	-0.099431
10.72	-0.083575
10.73	-0.075034
10.74	-0.075203
10.75	-0.082374
10.76	-0.095248
10.77	-0.11121
10.78	-0.1247
10.79	-0.13267
10.8	-0.13695
10.81	-0.13798
10.82	-0.13182
10.83	-0.11605
10.84	-0.094384
10.85	-0.073705
10.86	-0.058932
10.87	-0.051544
10.88	-0.050033
10.89	-0.052842
10.9	-0.058634
10.91	-0.061495
10.92	-0.056908
10.93	-0.047441
10.94	-0.035545
10.95	-0.020247
10.96	-0.0015691
10.97	0.017477
10.98	0.035399
10.99	0.053395
11	0.070555
11.01	0.081542
11.02	0.081545
11.03	0.072326
11.04	0.059256
11.05	0.045226
11.06	0.031455
11.07	0.019797
11.08	0.01202
11.09	0.010369
11.1	0.013407
11.11	0.018374
11.12	0.028907
11.13	0.047812
11.14	0.072182
11.15	0.097209
11.16	0.12391
11.17	0.15479
11.18	0.18162
11.19	0.19716
11.2	0.20413
11.21	0.20603
11.22	0.20211
11.23	0.18978
11.24	0.1714
11.25	0.153
11.26	0.13689
11.27	0.12232
11.28	0.10573
11.29	0.085186
11.3	0.067323
11.31	0.057375
11.32	0.051566
11.33	0.044554
11.34	0.036258
11.35	0.031021
11.36	0.030506
11.37	0.031339
11.38	0.031514
11.39	0.03393
11.4	0.037573
11.41	0.035683
11.42	0.027617
11.43	0.015406
11.44	-0.00084744
11.45	-0.017818
11.46	-0.032262
11.47	-0.042895
11.48	-0.048033
11.49	-0.046101
11.5	-0.037815
11.51	-0.026483
11.52	-0.014611
11.53	-0.0036388
11.54	0.0057079
11.55	0.012855
11.56	0.014581
11.57	0.0090224
11.58	0.00059434
11.59	-0.0059698
11.6	-0.010778
11.61	-0.014005
11.62	-0.015178
11.63	-0.015065
11.64	-0.014633
11.65	-0.012607
11.66	-0.0037322
11.67	0.012223
11.68	0.025389
11.69	0.027335
11.7	0.020651
11.71	0.013192
11.72	0.0073982
11.73	0.00067649
11.74	-0.0084276
11.75	-0.017387
11.76	-0.02155
11.77	-0.018481
11.78	-0.01246
11.79	-0.012064
11.8	-0.017895
11.81	-0.025281
11.82	-0.036073
11.83	-0.052419
11.84	-0.071872
11.85	-0.093711
11.86	-0.11767
11.87	-0.14055
11.88	-0.15879
11.89	-0.17174
11.9	-0.18029
11.91	-0.18297
11.92	-0.17617
11.93	-0.15752
11.94	-0.13149
11.95	-0.10713
11.96	-0.087206
11.97	-0.068017
11.98	-0.049694
11.99	-0.037216
12	-0.032718
12.01	-0.032997
12.02	-0.034154
12.03	-0.033553
12.04	-0.029868
12.05	-0.024858
12.06	-0.020291
12.07	-0.016526
12.08	-0.013092
12.09	-0.0096413
12.1	-0.0059389
12.11	-0.0012012
12.12	0.00067542
12.13	-0.0040882
12.14	-0.013162
12.15	-0.024788
12.16	-0.036647
12.17	-0.043139
12.18	-0.043822
12.19	-0.043493
12.2	-0.041484
12.21	-0.032966
12.22	-0.017727
12.23	0.0010446
12.24	0.020886
12.25	0.040742
12.26	0.058582
12.27	0.073419
12.28	0.088187
12.29	0.10007
12.3	0.10426
12.31	0.10752
12.32	0.11657
12.33	0.12634
12.34	0.12865
12.35	0.12191
12.36	0.11125
12.37	0.10155
12.38	0.093765
12.39	0.086959
12.4	0.079765
12.41	0.070962
12.42	0.061434
12.43	0.053431
12.44	0.048494
12.45	0.046813
12.46	0.048035
12.47	0.052643
12.48	0.059865
12.49	0.066533
12.5	0.068213
12.51	0.06315
12.52	0.055073
12.53	0.047381
12.54	0.038587
12.55	0.026822
12.56	0.014801
12.57	0.0075018
12.58	0.0069262
12.59	0.011394
12.6	0.018116
12.61	0.02503
12.62	0.030088
12.63	0.031955
12.64	0.029489
12.65	0.020311
12.66	0.0067942
12.67	-0.0079813
12.68	-0.028502
12.69	-0.056117
12.7	-0.082973
12.71	-0.10268
12.72	-0.11513
12.73	-0.12248
12.74	-0.12402
12.75	-0.11581
12.76	-0.096059
12.77	-0.066724
12.78	-0.034517
12.79	-0.0098382
12.8	0.0029228
12.81	0.0090764
12.82	0.015399
12.83	0.021843
12.84	0.024392
12.85	0.023734
12.86	0.023539
12.87	0.022672
12.88	0.018125
12.89	0.013262
12.9	0.012293
12.91	0.013111
12.92	0.013239
12.93	0.012763
12.94	0.0094973
12.95	0.00097738
12.96	-0.0099816
12.97	-0.019162
12.98	-0.026967
12.99	-0.034502
13	-0.039106
13.01	-0.039349
13.02	-0.035681
13.03	-0.026326
13.04	-0.011753
13.05	0.0030052
13.06	0.014106
13.07	0.021961
13.08	0.028208
13.09	0.031963
13.1	0.0345
13.11	0.038911
13.12	0.042868
13.13	0.0417
13.14	0.03293
13.15	0.019916
13.16	0.012959
13.17	0.017048
13.18	0.026225
13.19	0.034864
13.2	0.042227
13.21	0.050042
13.22	0.05913
13.23	0.067698
13.24	0.075999
13.25	0.085199
13.26	0.092231
13.27	0.094046
13.28	0.089203
13.29	0.075098
13.3	0.054659
13.31	0.03513
13.32	0.018683
13.33	0.0041914
13.34	-0.0082645
13.35	-0.017553
13.36	-0.022832
13.37	-0.023713
13.38	-0.021089
13.39	-0.019819
13.4	-0.024713
13.41	-0.035995
13.42	-0.051779
13.43	-0.068401
13.44	-0.081464
13.45	-0.088961
13.46	-0.093541
13.47	-0.098706
13.48	-0.10102
13.49	-0.09549
13.5	-0.083786
13.51	-0.069259
13.52	-0.053307
13.53	-0.038496
13.54	-0.027158
13.55	-0.020654
13.56	-0.019046
13.57	-0.020494
13.58	-0.025425
13.59	-0.034379
13.6	-0.044432
13.61	-0.05075
13.62	-0.048623
13.63	-0.038922
13.64	-0.027256
13.65	-0.019322
13.66	-0.016789
13.67	-0.012554
13.68	-0.0046284
13.69	-0.002915
13.7	-0.0084903
13.71	-0.011981
13.72	-0.009939
13.73	-0.0044669
13.74	0.0020386
13.75	0.00789
13.76	0.013635
13.77	0.02178
13.78	0.032157
13.79	0.039363
13.8	0.040514
13.81	0.039544
13.82	0.039301
13.83	0.037121
13.84	0.030372
13.85	0.02055
13.86	0.010668
13.87	0.0029917
13.88	-0.00063041
13.89	-0.0012851
13.9	-0.0042737
13.91	-0.013417
13.92	-0.027785
13.93	-0.044694
13.94	-0.062252
13.95	-0.079236
13.96	-0.092314
13.97	-0.097463
13.98	-0.09512
13.99	-0.087819
14	-0.075971
14.01	-0.057478
14.02	-0.032688
14.03	-0.0075381
14.04	0.014042
14.05	0.033189
14.06	0.050345
14.07	0.062583
14.08	0.069796
14.09	0.074988
14.1	0.07751
14.11	0.078908
14.12	0.082833
14.13	0.087967
14.14	0.092511
14.15	0.096994
14.16	0.10394
14.17	0.11267
14.18	0.1171
14.19	0.11489
14.2	0.10813
14.21	0.098432
14.22	0.087079
14.23	0.075178
14.24	0.063773
14.25	0.055863
14.26	0.053985
14.27	0.055912
14.28	0.056318
14.29	0.051232
14.3	0.040606
14.31	0.027185
14.32	0.013461
14.33	0.0001143
14.34	-0.012535
14.35	-0.02244
14.36	-0.028772
14.37	-0.033578
14.38	-0.038409
14.39	-0.044693
14.4	-0.053453
14.41	-0.063198
14.42	-0.071553
14.43	-0.078461
14.44	-0.084168
14.45	-0.086787
14.46	-0.086657
14.47	-0.086239
14.48	-0.08627
14.49	-0.086314
14.5	-0.086213
14.51	-0.086413
14.52	-0.085605
14.53	-0.081513
14.54	-0.07688
14.55	-0.075869
14.56	-0.076741
14.57	-0.074667
14.58	-0.069752
14.59	-0.065396
14.6	-0.059596
14.61	-0.050098
14.62	-0.039001
14.63	-0.027793
14.64	-0.019384
14.65	-0.016976
14.66	-0.016079
14.67	-0.011647
14.68	-0.0078608
14.69	-0.0075511
14.7	-0.0075281
14.71	-0.0077382
14.72	-0.0077974
14.73	-0.0044768
14.74	-0.00036434
14.75	0.00011027
14.76	0.00027473
14.77	0.0055699
14.78	0.011655
14.79	0.011369
14.8	0.010029
14.81	0.015493
14.82	0.025037
14.83	0.033002
14.84	0.038016
14.85	0.042425
14.86	0.048877
14.87	0.055628
14.88	0.060746
14.89	0.065528
14.9	0.066825
14.91	0.062263
14.92	0.057113
14.93	0.053387
14.94	0.049485
14.95	0.045785
14.96	0.041042
14.97	0.033789
14.98	0.02514
14.99	0.015569
15	0.0031083
15.01	-0.012741
15.02	-0.029199
15.03	-0.042473
15.04	-0.051371
15.05	-0.058184
15.06	-0.061823
15.07	-0.058801
15.08	-0.053881
15.09	-0.051807
15.1	-0.048675
15.11	-0.042461
15.12	-0.034654
15.13	-0.025872
15.14	-0.017849
15.15	-0.01412
15.16	-0.012791
15.17	-0.0055827
15.18	0.0073403
15.19	0.016018
15.2	0.016859
15.21	0.015382
15.22	0.015343
15.23	0.015755
15.24	0.015286
15.25	0.012805
15.26	0.0080266
15.27	0.0060492
15.28	0.009505
15.29	0.010173
15.3	0.0068224
15.31	0.0089745
15.32	0.016953
15.33	0.024829
15.34	0.03117
15.35	0.033968
15.36	0.030824
15.37	0.024703
15.38	0.019103
15.39	0.015179
15.4	0.01388
15.41	0.01415
15.42	0.014142
15.43	0.013762
15.44	0.013387
15.45	0.01322
15.46	0.015554
15.47	0.019722
15.48	0.019322
15.49	0.013771
15.5	0.0075328
15.51	-0.00010728
15.52	-0.010949
15.53	-0.023013
15.54	-0.032157
15.55	-0.033624
15.56	-0.027659
15.57	-0.019357
15.58	-0.012276
15.59	-0.0074354
15.6	-0.0035693
15.61	0.0013043
15.62	0.0072334
15.63	0.013287
15.64	0.018522
15.65	0.021322
15.66	0.024072
15.67	0.031316
15.68	0.039231
15.69	0.041473
15.7	0.041955
15.71	0.046295
15.72	0.051991
15.73	0.056412
15.74	0.057845
15.75	0.052999
15.76	0.043946
15.77	0.036001
15.78	0.027948
15.79	0.016725
15.8	0.0055535
15.81	-0.0012822
15.82	-0.0032601
15.83	-0.003038
15.84	-0.0031258
15.85	-0.0034787
15.86	-0.0035629
15.87	-0.0035619
15.88	-0.003603
15.89	-0.0035772
15.9	-0.0035074
15.91	-0.0034887
15.92	-0.003364
15.93	-0.0034599
15.94	-0.0062585
15.95	-0.011485
15.96	-0.015206
15.97	-0.018508
15.98	-0.022998
15.99	-0.027295
16	-0.03169
16.01	-0.035157
16.02	-0.038419
16.03	-0.042905
16.04	-0.046935
16.05	-0.051234
16.06	-0.055198
16.07	-0.05615
16.08	-0.055575
16.09	-0.055412
16.1	-0.053121
16.11	-0.046044
16.12	-0.037993
16.13	-0.034303
16.14	-0.036119
16.15	-0.040143
16.16	-0.039996
16.17	-0.036286
16.18	-0.034239
16.19	-0.031477
16.2	-0.024531
16.21	-0.016008
16.22	-0.0094481
16.23	-0.0049896
16.24	-0.00012154
16.25	0.0063417
16.26	0.013698
16.27	0.020519
16.28	0.02448
16.29	0.023847
16.3	0.019056
16.31	0.014108
16.32	0.012247
16.33	0.011748
16.34	0.01113
16.35	0.012598
16.36	0.018763
16.37	0.028612
16.38	0.038968
16.39	0.048358
16.4	0.055922
16.41	0.061763
16.42	0.06723
16.43	0.071043
16.44	0.070464
16.45	0.06559
16.46	0.060555
16.47	0.059054
16.48	0.05942
16.49	0.059942
16.5	0.063246
16.51	0.069199
16.52	0.072681
16.53	0.070151
16.54	0.061295
16.55	0.047327
16.56	0.031546
16.57	0.018634
16.58	0.0097681
16.59	0.0023962
16.6	-0.0047006
16.61	-0.011652
16.62	-0.017686
16.63	-0.02028
16.64	-0.021481
16.65	-0.026272
16.66	-0.031173
16.67	-0.031729
16.68	-0.03426
16.69	-0.044303
16.7	-0.057597
16.71	-0.069261
16.72	-0.079773
16.73	-0.089062
16.74	-0.093733
16.75	-0.092046
16.76	-0.085772
16.77	-0.076269
16.78	-0.064364
16.79	-0.05523
16.8	-0.053148
16.81	-0.054041
16.82	-0.051456
16.83	-0.044568
16.84	-0.037627
16.85	-0.034427
16.86	-0.03373
16.87	-0.032714
16.88	-0.030789
16.89	-0.027044
16.9	-0.020118
16.91	-0.010227
16.92	0.0007348
16.93	0.011598
16.94	0.022058
16.95	0.030502
16.96	0.035229
16.97	0.036338
16.98	0.035564
16.99	0.03405
17	0.030592
17.01	0.025137
17.02	0.019396
17.03	0.014906
17.04	0.013245
17.05	0.013566
17.06	0.013738
17.07	0.013464
17.08	0.013278
17.09	0.013057
17.1	0.013838
17.11	0.01751
17.12	0.02349
17.13	0.02999
17.14	0.034299
17.15	0.034935
17.16	0.036191
17.17	0.041563
17.18	0.048313
17.19	0.05249
17.2	0.053172
17.21	0.052276
17.22	0.049706
17.23	0.043663
17.24	0.034946
17.25	0.024734
17.26	0.015133
17.27	0.0096529
17.28	0.0064044
17.29	0.0017327
17.3	-0.0019142
17.31	-0.0019431
17.32	0.0012748
17.33	0.0068562
17.34	0.013051
17.35	0.018924
17.36	0.02445
17.37	0.028095
17.38	0.028742
17.39	0.028205
17.4	0.028289
17.41	0.028747
17.42	0.028836
17.43	0.028757
17.44	0.031198
17.45	0.036693
17.46	0.040403
17.47	0.039236
17.48	0.034416
17.49	0.02831
17.5	0.02283
17.51	0.017949
17.52	0.012956
17.53	0.008805
17.54	0.0048361
17.55	0.00055822
17.56	-0.0014014
17.57	-0.00098537
17.58	-0.00057486
17.59	-0.00071211
17.6	-0.00078166
17.61	-0.0006318
17.62	-0.00020266
17.63	-0.00012765
17.64	-0.0040061
17.65	-0.011581
17.66	-0.014633
17.67	-0.011477
17.68	-0.0091641
17.69	-0.0097474
17.7	-0.010131
17.71	-0.009702
17.72	-0.011586
17.73	-0.017445
17.74	-0.02519
17.75	-0.032934
17.76	-0.038254
17.77	-0.039673
17.78	-0.043276
17.79	-0.054346
17.8	-0.067135
17.81	-0.075211
17.82	-0.079124
17.83	-0.07893
17.84	-0.074434
17.85	-0.068546
17.86	-0.063127
17.87	-0.059534
17.88	-0.058604
17.89	-0.059492
17.9	-0.062914
17.91	-0.068036
17.92	-0.069999
17.93	-0.066393
17.94	-0.060977
17.95	-0.056669
17.96	-0.051548
17.97	-0.045455
17.98	-0.040319
17.99	-0.035322
18	-0.028549
18.01	-0.020782
18.02	-0.014111
18.03	-0.0078764
18.04	0.0007879
18.05	0.011107
18.06	0.019036
18.07	0.024127
18.08	0.027339
18.09	0.029612
18.1	0.033687
18.11	0.039506
18.12	0.045791
18.13	0.052428
18.14	0.056551
18.15	0.054586
18.16	0.05108
18.17	0.053059
18.18	0.055681
18.19	0.050781
18.2	0.039908
18.21	0.028426
18.22	0.017969
18.23	0.0086792
18.24	0.0010258
18.25	-0.0044349
18.26	-0.0067363
18.27	-0.0061683
18.28	-0.0033248
18.29	-0.0013825
18.3	-0.0038248
18.31	-0.007987
18.32	-0.011677
18.33	-0.015702
18.34	-0.02058
18.35	-0.025956
18.36	-0.030659
18.37	-0.034879
18.38	-0.038349
18.39	-0.038769
18.4	-0.034917
18.41	-0.028655
18.42	-0.02277
18.43	-0.019395
18.44	-0.019154
18.45	-0.020239
18.46	-0.019435
18.47	-0.014741
18.48	-0.0080585
18.49	-0.0018645
18.5	0.0037966
18.51	0.0077517
18.52	0.0084032
18.53	0.0074297
18.54	0.0068755
18.55	0.0066364
18.56	0.0063396
18.57	0.0060294
18.58	0.0057546
18.59	0.0054886
18.6	0.0051667
18.61	0.0046813
18.62	0.004623
18.63	0.0071587
18.64	0.010562
18.65	0.0095807
18.66	0.0079563
18.67	0.012331
18.68	0.018101
18.69	0.018993
18.7	0.017099
18.71	0.015722
18.72	0.01403
18.73	0.010084
18.74	0.005112
18.75	0.0016158
18.76	-0.0005912
18.77	-0.00048391
18.78	0.001682
18.79	0.0012715
18.8	-0.00093525
18.81	-3.7098e-05
18.82	0.003343
18.83	0.0074315
18.84	0.011694
18.85	0.013717
18.86	0.013337
18.87	0.012878
18.88	0.013082
18.89	0.01337
18.9	0.011697
18.91	0.0068988
18.92	0.0027205
18.93	0.0017955
18.94	0.0026566
18.95	0.0057077
18.96	0.011865
18.97	0.01922
18.98	0.025923
18.99	0.031427
19	0.03526
19.01	0.037145
19.02	0.03729
19.03	0.035687
19.04	0.032972
19.05	0.029579
19.06	0.024747
19.07	0.02072
19.08	0.019839
19.09	0.020192
19.1	0.020114
19.11	0.019475
19.12	0.016902
19.13	0.01237
19.14	0.0074754
19.15	0.0023744
19.16	-0.0012801
19.17	-0.0018395
19.18	-0.0010285
19.19	-0.0013234
19.2	-0.0036779
19.21	-0.0061918
19.22	-0.0068065
19.23	-0.0059939
19.24	-0.0044466
19.25	-0.0033
19.26	-0.003578
19.27	-0.0033084
19.28	-0.0032637
19.29	-0.0070564
19.3	-0.011592
19.31	-0.012499
19.32	-0.011774
19.33	-0.011869
19.34	-0.010972
19.35	-0.0077183
19.36	-0.0047347
19.37	-0.0030038
19.38	-2.822e-05
19.39	0.0042082
19.4	0.0069588
19.41	0.0082571
19.42	0.010971
19.43	0.015094
19.44	0.016478
19.45	0.013015
19.46	0.0079997
19.47	0.00461
19.48	0.00093679
19.49	-0.0036453
19.5	-0.0058341
19.51	-0.0054651
19.52	-0.0031464
19.53	0.0014787
19.54	0.0072043
19.55	0.014606
19.56	0.022708
19.57	0.027206
19.58	0.027343
19.59	0.025097
19.6	0.020948
19.61	0.016042
19.62	0.011696
19.63	0.0080825
19.64	0.004875
19.65	0.0013985
19.66	0.0018068
19.67	0.0092421
19.68	0.016521
19.69	0.017862
19.7	0.016963
19.71	0.01614
19.72	0.012624
19.73	0.0080684
19.74	0.0059677
19.75	0.0044167
19.76	0.0027839
19.77	0.0039511
19.78	0.0069654
19.79	0.006674
19.8	0.0021777
19.81	-0.0029776
19.82	-0.0077804
19.83	-0.011501
19.84	-0.013416
19.85	-0.016355
19.86	-0.02086
19.87	-0.023359
19.88	-0.02314
19.89	-0.022622
19.9	-0.022883
19.91	-0.023348
19.92	-0.02256
19.93	-0.020025
19.94	-0.018069
19.95	-0.017948
19.96	-0.018718
19.97	-0.020691
19.98	-0.023424
19.99	-0.024728
20	-0.024523
20.01	-0.024357
20.02	-0.024507
20.03	-0.025529
20.04	-0.028097
20.05	-0.030162
20.06	-0.030784
20.07	-0.031527
20.08	-0.031402
20.09	-0.028794
20.1	-0.025868
20.11	-0.025158
20.12	-0.025548
20.13	-0.025649
20.14	-0.028406
20.15	-0.035598
20.16	-0.040689
20.17	-0.039091
20.18	-0.036336
20.19	-0.035355
20.2	-0.031826
20.21	-0.025283
20.22	-0.019341
20.23	-0.014174
20.24	-0.0079071
20.25	-0.00091807
20.26	0.0062979
20.27	0.014484
20.28	0.020131
20.29	0.018329
20.3	0.012064
20.31	0.0080384
20.32	0.0075038
20.33	0.0080003
20.34	0.0092765
20.35	0.011277
20.36	0.012025
20.37	0.01139
20.38	0.010813
20.39	0.010742
20.4	0.010237
20.41	0.0078341
20.42	0.0055854
20.43	0.0067474
20.44	0.0089005
20.45	0.0089106
20.46	0.0085153
20.47	0.0096658
20.48	0.011852
20.49	0.014583
20.5	0.016936
20.51	0.01744
20.52	0.017692
20.53	0.01983
20.54	0.021811
20.55	0.02206
20.56	0.022548
20.57	0.024404
20.58	0.025417
20.59	0.023292
20.6	0.01951
20.61	0.016063
20.62	0.01226
20.63	0.0073515
20.64	0.00036551
20.65	-0.0084801
20.66	-0.013287
20.67	-0.012204
20.68	-0.011745
20.69	-0.013583
20.7	-0.01497
20.71	-0.01602
20.72	-0.016905
20.73	-0.017361
20.74	-0.019097
20.75	-0.022257
20.76	-0.023952
20.77	-0.022976
20.78	-0.022449
20.79	-0.025468
20.8	-0.02858
20.81	-0.027185
20.82	-0.022876
20.83	-0.018422
20.84	-0.015017
20.85	-0.013986
20.86	-0.014563
20.87	-0.013918
20.88	-0.01076
20.89	-0.0069594
20.9	-0.005252
20.91	-0.0050739
20.92	-0.0034563
20.93	-0.00013833
20.94	0.0031367
20.95	0.0065564
20.96	0.010289
20.97	0.012999
20.98	0.015793
20.99	0.019718
21	0.022154
21.01	0.022064
21.02	0.020415
21.03	0.018406
21.04	0.018398
21.05	0.020129
21.06	0.022512
21.07	0.026376
21.08	0.029988
21.09	0.029947
21.1	0.026789
21.11	0.024549
21.12	0.024613
21.13	0.025353
21.14	0.024813
21.15	0.019739
21.16	0.013337
21.17	0.014155
21.18	0.018282
21.19	0.017258
21.2	0.01416
21.21	0.013684
21.22	0.014334
21.23	0.01522
21.24	0.017234
21.25	0.019324
21.26	0.021142
21.27	0.024792
21.28	0.029843
21.29	0.03027
21.3	0.024252
21.31	0.018106
21.32	0.014881
21.33	0.01192
21.34	0.0083987
21.35	0.005578
21.36	0.0026646
21.37	-0.00095237
21.38	-0.0035966
21.39	-0.0053684
21.4	-0.0087349
21.41	-0.013449
21.42	-0.017134
21.43	-0.019651
21.44	-0.022257
21.45	-0.024255
21.46	-0.02533
21.47	-0.027473
21.48	-0.029268
21.49	-0.02759
21.5	-0.024753
21.51	-0.024024
21.52	-0.024602
21.53	-0.025905
21.54	-0.02884
21.55	-0.03234
21.56	-0.034996
21.57	-0.036973
21.58	-0.037571
21.59	-0.036224
21.6	-0.034592
21.61	-0.034402
21.62	-0.034902
21.63	-0.033629
21.64	-0.031893
21.65	-0.032993
21.66	-0.032557
21.67	-0.026605
21.68	-0.02031
21.69	-0.017524
21.7	-0.016659
21.71	-0.015169
21.72	-0.01294
21.73	-0.011834
21.74	-0.010799
21.75	-0.0089259
21.76	-0.0072522
21.77	-0.003188
21.78	0.0028935
21.79	0.0054678
21.8	0.0056171
21.81	0.0086573
21.82	0.015079
21.83	0.021304
21.84	0.02509
21.85	0.027845
21.86	0.031095
21.87	0.033672
21.88	0.0349
21.89	0.036877
21.9	0.040252
21.91	0.043141
21.92	0.046082
21.93	0.051167
21.94	0.05586
21.95	0.056514
21.96	0.054471
21.97	0.051687
21.98	0.047826
21.99	0.04366
22	0.039666
22.01	0.035693
22.02	0.032666
22.03	0.030361
22.04	0.027867
22.05	0.025248
22.06	0.023486
22.07	0.021785
22.08	0.017939
22.09	0.012587
22.1	0.00745
22.11	0.002738
22.12	-0.00053168
22.13	-0.0013523
22.14	-0.0026187
22.15	-0.0067075
22.16	-0.0084913
22.17	-0.0041596
22.18	-0.00051445
22.19	-0.0025296
22.2	-0.0061377
22.21	-0.0086976
22.22	-0.011513
22.23	-0.014542
22.24	-0.017146
22.25	-0.019497
22.26	-0.020534
22.27	-0.018075
22.28	-0.01289
22.29	-0.0094157
22.3	-0.0078217
22.31	-0.0040489
22.32	0.0017443
22.33	0.0058154
22.34	0.005864
22.35	0.0028036
22.36	-0.0008491
22.37	-0.0036527
22.38	-0.0060667
22.39	-0.0085769
22.4	-0.0096838
22.41	-0.0080515
22.42	-0.0045899
22.43	-0.0011062
22.44	0.0022676
22.45	0.0065143
22.46	0.010093
22.47	0.011603
22.48	0.011957
22.49	0.011411
22.5	0.010629
22.51	0.010431
22.52	0.011243
22.53	0.013536
22.54	0.015655
22.55	0.016149
22.56	0.015788
22.57	0.014033
22.58	0.0099679
22.59	0.0054036
22.6	0.0013118
22.61	-0.0024743
22.62	-0.0054158
22.63	-0.0076836
22.64	-0.0103
22.65	-0.014807
22.66	-0.018929
22.67	-0.018227
22.68	-0.014902
22.69	-0.014191
22.7	-0.015455
22.71	-0.015997
22.72	-0.017662
22.73	-0.021904
22.74	-0.025917
22.75	-0.027392
22.76	-0.026986
22.77	-0.025396
22.78	-0.021331
22.79	-0.016298
22.8	-0.014528
22.81	-0.015106
22.82	-0.013322
22.83	-0.0086632
22.84	-0.0052593
22.85	-0.0049375
22.86	-0.0055767
22.87	-0.0057409
22.88	-0.0057732
22.89	-0.0059675
22.9	-0.0061896
22.91	-0.006368
22.92	-0.0065759
22.93	-0.0067841
22.94	-0.0069151
22.95	-0.007037
22.96	-0.0073184
22.97	-0.0075941
22.98	-0.0072562
22.99	-0.0065591
23	-0.0061647
23.01	-0.0064116
23.02	-0.0077193
23.03	-0.0091481
23.04	-0.0095901
23.05	-0.0095416
23.06	-0.0095471
23.07	-0.010639
23.08	-0.014399
23.09	-0.019081
23.1	-0.021097
23.11	-0.020715
23.12	-0.020418
23.13	-0.020548
23.14	-0.02092
23.15	-0.024042
23.16	-0.028614
23.17	-0.02766
23.18	-0.021319
23.19	-0.015443
23.2	-0.011924
23.21	-0.010606
23.22	-0.010705
23.23	-0.010915
23.24	-0.010932
23.25	-0.011077
23.26	-0.011375
23.27	-0.0095221
23.28	-0.0045263
23.29	-0.0010734
23.3	-0.0016107
23.31	-0.0013909
23.32	0.0030217
23.33	0.0084985
23.34	0.012434
23.35	0.01575
23.36	0.019505
23.37	0.023765
23.38	0.02658
23.39	0.026751
23.4	0.025944
23.41	0.025588
23.42	0.025668
23.43	0.025193
23.44	0.021869
23.45	0.016415
23.46	0.013392
23.47	0.013464
23.48	0.013668
23.49	0.013225
23.5	0.013053
23.51	0.011791
23.52	0.0076799
23.53	0.0038528
23.54	0.0040514
23.55	0.0074684
23.56	0.010838
23.57	0.011998
23.58	0.011638
23.59	0.01132
23.6	0.01132
23.61	0.011216
23.62	0.011129
23.63	0.01174
23.64	0.012068
23.65	0.011387
23.66	0.013222
23.67	0.018125
23.68	0.02086
23.69	0.020218
23.7	0.019328
23.71	0.019336
23.72	0.01948
23.73	0.019327
23.74	0.019003
23.75	0.018688
23.76	0.018394
23.77	0.018683
23.78	0.019637
23.79	0.018554
23.8	0.013898
23.81	0.0090894
23.82	0.0074435
23.83	0.007868
23.84	0.0082944
23.85	0.0069356
23.86	0.0026172
23.87	-0.0013287
23.88	-0.0035217
23.89	-0.0075277
23.9	-0.011852
23.91	-0.01275
23.92	-0.011812
23.93	-0.011493
23.94	-0.011526
23.95	-0.013022
23.96	-0.017447
23.97	-0.02154
23.98	-0.023946
23.99	-0.027351
24	-0.030741
24.01	-0.03175
24.02	-0.031304
24.03	-0.031099
24.04	-0.031295
24.05	-0.031354
24.06	-0.031478
24.07	-0.030534
24.08	-0.026319
24.09	-0.021552
24.1	-0.020594
24.11	-0.020575
24.12	-0.016531
24.13	-0.011385
24.14	-0.010257
24.15	-0.011374
24.16	-0.0092915
24.17	-0.0019759
24.18	0.0060361
24.19	0.0093006
24.2	0.0087547
24.21	0.0081643
24.22	0.0083086
24.23	0.0083265
24.24	0.0081354
24.25	0.0079671
24.26	0.0076085
24.27	0.0076178
24.28	0.0095193
24.29	0.010867
24.3	0.0084969
24.31	0.0058053
24.32	0.0055871
24.33	0.0059063
24.34	0.0055698
24.35	0.005147
24.36	0.0049894
24.37	0.0045679
24.38	0.0047272
24.39	0.0080427
24.4	0.012734
24.41	0.014266
24.42	0.015216
24.43	0.019602
24.44	0.023587
24.45	0.023694
24.46	0.020531
24.47	0.015509
24.48	0.011725
24.49	0.0085089
24.5	0.0036669
24.51	0.00051065
24.52	0.00035775
24.53	-5.3511e-05
24.54	-0.0021897
24.55	-0.005775
24.56	-0.0094708
24.57	-0.011057
24.58	-0.010953
24.59	-0.010926
24.6	-0.011045
24.61	-0.011164
24.62	-0.013534
24.63	-0.01838
24.64	-0.021067
24.65	-0.021221
24.66	-0.020352
24.67	-0.01632
24.68	-0.010862
24.69	-0.0066306
24.7	-0.0031602
24.71	-0.0013472
24.72	-0.0013656
24.73	-0.0016132
24.74	-0.0015486
24.75	-0.0015239
24.76	-0.0018564
24.77	-0.0010314
24.78	0.0029958
24.79	0.005679
24.8	0.0020098
24.81	-0.001375
24.82	0.0024373
24.83	0.008174
24.84	0.0094557
24.85	0.0082767
24.86	0.0080315
24.87	0.0083324
24.88	0.0081926
24.89	0.0079214
24.9	0.0080189
24.91	0.0068626
24.92	0.0023717
24.93	-0.0024781
24.94	-0.0037988
24.95	-0.0031773
24.96	-0.0030611
24.97	-0.0038501
24.98	-0.0071171
24.99	-0.012406
25	-0.015478
25.01	-0.015517
25.02	-0.013218
25.03	-0.0084579
25.04	-0.0050379
25.05	-0.0052215
25.06	-0.0062763
25.07	-0.0043447
25.08	0.00087188
25.09	0.0043015
25.1	0.0039421
25.11	0.0030186
25.12	0.0030237
25.13	0.0031212
25.14	0.0027351
25.15	0.002234
25.16	0.0042967
25.17	0.009464
25.18	0.012698
25.19	0.012272
25.2	0.011447
25.21	0.011453
25.22	0.011432
25.23	0.011176
25.24	0.011092
25.25	0.0093053
25.26	0.0039096
25.27	0.00070877
25.28	0.0035916
25.29	0.0045474
25.3	-0.0010522
25.31	-0.0077596
25.32	-0.010164
25.33	-0.007196
25.34	-0.0025363
25.35	-0.00090156
25.36	-0.0018091
25.37	-0.0023498
25.38	-0.002116
25.39	-0.0020355
25.4	-0.0025029
25.41	-0.00123
25.42	0.0036724
25.43	0.0081142
25.44	0.0086045
25.45	0.0076305
25.46	0.0076605
25.47	0.0081148
25.48	0.0081256
25.49	0.007961
25.5	0.0078004
25.51	0.0080479
25.52	0.010689
25.53	0.015602
25.54	0.019131
25.55	0.018755
25.56	0.01438
25.57	0.0093525
25.58	0.0078197
25.59	0.0089391
25.6	0.0087213
25.61	0.0053872
25.62	0.003426
25.63	0.006398
25.64	0.0093111
25.65	0.0065135
25.66	0.00042918
25.67	9.5534e-05
25.68	0.006006
25.69	0.0068247
25.7	0.00048333
25.71	-0.0035254
25.72	-0.0027376
25.73	-0.0016579
25.74	-0.0035125
25.75	-0.008855
25.76	-0.013725
25.77	-0.013233
25.78	-0.0071868
25.79	-0.0015503
25.8	-0.0014866
25.81	-0.0040699
25.82	-0.0049066
25.83	-0.0041581
25.84	-0.0033177
25.85	-0.0034707
25.86	-0.0045583
25.87	-0.0052105
25.88	-0.0049863
25.89	-0.0048352
25.9	-0.0066346
25.91	-0.010564
25.92	-0.013027
25.93	-0.012131
25.94	-0.0096764
25.95	-0.0069686
25.96	-0.005122
25.97	-0.0048814
25.98	-0.0051819
25.99	-0.005133
26	-0.0051006
26.01	-0.0058872
26.02	-0.0067505
26.03	-0.0061907
26.04	-0.0052661
26.05	-0.0053313
26.06	-0.0057521
26.07	-0.0059224
26.08	-0.0060479
26.09	-0.0062394
26.1	-0.0063641
26.11	-0.0068697
26.12	-0.0089021
26.13	-0.012796
26.14	-0.016916
26.15	-0.021175
26.16	-0.026352
26.17	-0.028059
26.18	-0.02364
26.19	-0.019236
26.2	-0.018193
26.21	-0.0156
26.22	-0.010996
26.23	-0.009177
26.24	-0.0084611
26.25	-0.0058645
26.26	-0.0049814
26.27	-0.0056951
26.28	-0.0035205
26.29	-0.0025819
26.3	-0.0074579
26.31	-0.012098
26.32	-0.012247
26.33	-0.011255
26.34	-0.011439
26.35	-0.011919
26.36	-0.012055
26.37	-0.011759
26.38	-0.010562
26.39	-0.008806
26.4	-0.0070773
26.41	-0.0054098
26.42	-0.0048162
26.43	-0.005051
26.44	-0.0039139
26.45	-0.002195
26.46	-0.0019108
26.47	-0.0024391
26.48	-0.0026856
26.49	-0.0026828
26.5	-0.002776
26.51	-0.0029119
26.52	-0.0029843
26.53	-0.0030483
26.54	-0.0026116
26.55	-0.00015044
26.56	0.0041268
26.57	0.0067694
26.58	0.0065947
26.59	0.006364
26.6	0.0081104
26.61	0.011767
26.62	0.015164
26.63	0.016193
26.64	0.014755
26.65	0.01155
26.66	0.011574
26.67	0.018236
26.68	0.02439
26.69	0.025038
26.7	0.026052
26.71	0.030658
26.72	0.034636
26.73	0.037584
26.74	0.040819
26.75	0.042001
26.76	0.041077
26.77	0.040686
26.78	0.041832
26.79	0.041517
26.8	0.037042
26.81	0.032262
26.82	0.030972
26.83	0.029189
26.84	0.024236
26.85	0.021028
26.86	0.020188
26.87	0.016545
26.88	0.01156
26.89	0.010096
26.9	0.011087
26.91	0.011433
26.92	0.010985
26.93	0.010732
26.94	0.010833
26.95	0.011008
26.96	0.011064
26.97	0.010977
26.98	0.0109
26.99	0.010832
27	0.0086126
27.01	0.0033221
27.02	-0.00031936
27.03	-0.0016393
27.04	-0.0054882
27.05	-0.010213
27.06	-0.011507
27.07	-0.010838
27.08	-0.010795
27.09	-0.011108
27.1	-0.012491
27.11	-0.016141
27.12	-0.019837
27.13	-0.021517
27.14	-0.021929
27.15	-0.022887
27.16	-0.022938
27.17	-0.018357
27.18	-0.012364
27.19	-0.010598
27.2	-0.011558
27.21	-0.011803
27.22	-0.011337
27.23	-0.011378
27.24	-0.011145
27.25	-0.0078185
27.26	-0.0024669
27.27	0.00027271
27.28	0.0004877
27.29	0.00048166
27.3	0.00016977
27.31	-0.00040273
27.32	-0.0012183
27.33	-0.0015515
27.34	-0.00094177
27.35	-0.0013614
27.36	-0.0031147
27.37	-0.005029
27.38	-0.0074674
27.39	-0.0097668
27.4	-0.010409
27.41	-0.010012
27.42	-0.0098552
27.43	-0.0099964
27.44	-0.010153
27.45	-0.010302
27.46	-0.010442
27.47	-0.01055
27.48	-0.010686
27.49	-0.010845
27.5	-0.011025
27.51	-0.01128
27.52	-0.011552
27.53	-0.011823
27.54	-0.012137
27.55	-0.012435
27.56	-0.012703
27.57	-0.012994
27.58	-0.013254
27.59	-0.013447
27.6	-0.013654
27.61	-0.013969
27.62	-0.014351
27.63	-0.014387
27.64	-0.013888
27.65	-0.014371
27.66	-0.015904
27.67	-0.01449
27.68	-0.0098346
27.69	-0.0069145
27.7	-0.0065107
27.71	-0.0060295
27.72	-0.0054408
27.73	-0.0054664
27.74	-0.0057288
27.75	-0.0060269
27.76	-0.0058095
27.77	-0.0020886
27.78	0.0051627
27.79	0.00872
27.8	0.0057297
27.81	0.0034453
27.82	0.006662
27.83	0.011398
27.84	0.013302
27.85	0.013068
27.86	0.012739
27.87	0.012647
27.88	0.012424
27.89	0.01204
27.9	0.011606
27.91	0.011178
27.92	0.010747
27.93	0.010398
27.94	0.010209
27.95	0.010051
27.96	0.0097986
27.97	0.0094848
27.98	0.0092046
27.99	0.0090089
28	0.0088413
28.01	0.0086045
28.02	0.0083599
28.03	0.0082598
28.04	0.0082799
28.05	0.0083066
28.06	0.0083107
28.07	0.0082725
28.08	0.0081991
28.09	0.0082011
28.1	0.0082949
28.11	0.0083641
28.12	0.0083958
28.13	0.0086186
28.14	0.0070157
28.15	0.0033777
28.16	0.0040467
28.17	0.011173
28.18	0.017358
28.19	0.016672
28.2	0.012094
28.21	0.0091219
28.22	0.0089506
28.23	0.0076781
28.24	0.0026847
28.25	-0.0015234
28.26	-0.0017934
28.27	0.00073581
28.28	0.0032202
28.29	0.0019857
28.3	-0.0008061
28.31	-0.0013044
28.32	-0.00057088
28.33	-0.00037364
28.34	-0.00059934
28.35	-0.00063488
28.36	-0.00051639
28.37	-0.00048303
28.38	-0.00048133
28.39	-0.00047276
28.4	-0.00046962
28.41	-0.00043432
28.42	-0.00037385
28.43	-0.00042229
28.44	-0.00063587
28.45	-0.00078945
28.46	-0.00072251
28.47	-0.00078521
28.48	-0.0026994
28.49	-0.0068948
28.5	-0.010467
28.51	-0.012002
28.52	-0.011815
28.53	-0.0095944
28.54	-0.0061614
28.55	-0.0034934
28.56	-0.00284
28.57	-0.003392
28.58	-0.003874
28.59	-0.004145
28.6	-0.0044494
28.61	-0.0048617
28.62	-0.0052819
28.63	-0.0056239
28.64	-0.0059127
28.65	-0.0062339
28.66	-0.0066862
28.67	-0.0067871
28.68	-0.0058955
28.69	-0.0053251
28.7	-0.006538
28.71	-0.0081277
28.72	-0.0085943
28.73	-0.0085874
28.74	-0.0089313
28.75	-0.0094522
28.76	-0.0098457
28.77	-0.0085754
28.78	-0.0041912
28.79	0.00017938
28.8	0.00062413
28.81	-0.002211
28.82	-0.0039416
28.83	-0.0020748
28.84	0.00018376
28.85	0.00029168
28.86	-0.00030707
28.87	-0.00032783
28.88	-6.8695e-05
28.89	3.3092e-05
28.9	0.00011252
28.91	0.0002697
28.92	0.00039958
28.93	0.00046714
28.94	0.00051913
28.95	0.00058086
28.96	0.00060156
28.97	0.00057927
28.98	0.0005551
28.99	0.00051257
29	0.00044807
29.01	0.00037055
29.02	0.00030109
29.03	0.00028181
29.04	0.00029585
29.05	7.9677e-05
29.06	0.00039141
29.07	0.0020228
29.08	0.0030195
29.09	0.0021889
29.1	0.0017445
29.11	0.0029828
29.12	0.0040713
29.13	0.0039186
29.14	0.0029746
29.15	0.00023154
29.16	-0.00325
29.17	-0.0040459
29.18	-0.0030284
29.19	-0.002899
29.2	-0.0034279
29.21	-0.0037307
29.22	-0.0038825
29.23	-0.0040815
29.24	-0.0042925
29.25	-0.0044255
29.26	-0.0046041
29.27	-0.0040903
29.28	-0.0019969
29.29	-0.0010666
29.3	-0.0032947
29.31	-0.0053423
29.32	-0.0051478
29.33	-0.0046465
29.34	-0.006006
29.35	-0.0088995
29.36	-0.011746
29.37	-0.01416
29.38	-0.015462
29.39	-0.015503
29.4	-0.015485
29.41	-0.015835
29.42	-0.016136
29.43	-0.016273
29.44	-0.01652
29.45	-0.016991
29.46	-0.016697
29.47	-0.014746
29.48	-0.012454
29.49	-0.01098
29.5	-0.0098247
29.51	-0.00901
29.52	-0.0088757
29.53	-0.0086695
29.54	-0.006813
29.55	-0.0030104
29.56	-0.0001602
29.57	-0.00015351
29.58	-0.0010675
29.59	-0.001248
29.6	-0.0017908
29.61	-0.0030114
29.62	-0.0029803
29.63	-0.0018783
29.64	-0.0026972
29.65	-0.0060384
29.66	-0.0062054
29.67	0.00025628
29.68	0.0067482
29.69	0.0086502
29.7	0.010994
29.71	0.015695
29.72	0.01804
29.73	0.017368
29.74	0.01677
29.75	0.016902
29.76	0.017118
29.77	0.019522
29.78	0.023696
29.79	0.023288
29.8	0.018269
29.81	0.014808
29.82	0.014486
29.83	0.015781
29.84	0.017022
29.85	0.017213
29.86	0.017019
29.87	0.017109
29.88	0.016424
29.89	0.013689
29.9	0.0098252
29.91	0.0069835
29.92	0.006199
29.93	0.0063999
29.94	0.006345
29.95	0.0061819
29.96	0.0061819
29.97	0.0061255
29.98	0.0059513
29.99	0.0058524
30	0.0057937
30.01	0.0056249
30.02	0.0054182
30.03	0.0050779
30.04	0.0050832
30.05	0.0068013
30.06	0.00911
30.07	0.010138
30.08	0.011488
30.09	0.013633
30.1	0.014448
30.11	0.014034
30.12	0.013794
30.13	0.012873
30.14	0.0084943
30.15	0.00050019
30.16	-0.0040818
30.17	-0.00077131
30.18	0.0033326
30.19	0.0032928
30.2	0.0034862
30.21	0.0061461
30.22	0.0086377
30.23	0.010547
30.24	0.012357
30.25	0.013041
30.26	0.012747
30.27	0.013372
30.28	0.015393
30.29	0.015734
30.3	0.011974
30.31	0.0061845
30.32	0.0028763
30.33	0.0030037
30.34	0.0036851
30.35	0.0035743
30.36	0.0033498
30.37	0.0033575
30.38	0.003396
30.39	0.0033282
30.4	0.0036894
30.41	0.0052669
30.42	0.0066616
30.43	0.0055597
30.44	0.0032496
30.45	0.0024985
30.46	0.0028114
30.47	0.0013989
30.48	-0.002911
30.49	-0.0072888
30.5	-0.0086568
30.51	-0.0084419
30.52	-0.0092666
30.53	-0.01014
30.54	-0.0095106
30.55	-0.0088
30.56	-0.0091017
30.57	-0.0095431
30.58	-0.0095846
30.59	-0.0094727
30.6	-0.0094621
30.61	-0.0095774
30.62	-0.0095177
30.63	-0.0085155
30.64	-0.0073571
30.65	-0.0092768
30.66	-0.012931
30.67	-0.012757
30.68	-0.0098321
30.69	-0.0088298
30.7	-0.0090404
30.71	-0.0077073
30.72	-0.0058227
30.73	-0.0056616
30.74	-0.0059577
30.75	-0.0049095
30.76	-0.003273
30.77	-0.00044226
30.78	0.0039019
30.79	0.0054305
30.8	0.0015486
30.81	-0.0030608
30.82	-0.0048687
30.83	-0.0063716
30.84	-0.0092141
30.85	-0.012257
30.86	-0.014908
30.87	-0.017719
30.88	-0.020162
30.89	-0.02061
30.9	-0.01909
30.91	-0.017307
30.92	-0.016304
30.93	-0.015553
30.94	-0.014297
30.95	-0.013429
30.96	-0.014605
30.97	-0.017033
30.98	-0.018372
30.99	-0.018376
31	-0.018329
31.01	-0.01879
31.02	-0.018753
31.03	-0.016841
31.04	-0.014509
31.05	-0.014036
31.06	-0.01465
31.07	-0.014906
31.08	-0.014966
31.09	-0.014975
31.1	-0.014343
31.11	-0.012738
31.12	-0.0096879
31.13	-0.0061329
31.14	-0.0058008
31.15	-0.007658
31.16	-0.0045966
31.17	0.0026516
31.18	0.0067527
31.19	0.0077912
31.2	0.0097934
31.21	0.012915
31.22	0.014098
31.23	0.012973
31.24	0.012108
31.25	0.010992
31.26	0.010663
31.27	0.014133
31.28	0.018089
31.29	0.017258
31.3	0.013766
31.31	0.013009
31.32	0.015536
31.33	0.017864
31.34	0.018166
31.35	0.017015
31.36	0.014456
31.37	0.011811
31.38	0.010877
31.39	0.0097733
31.4	0.0069795
31.41	0.004891
31.42	0.0051309
31.43	0.0064447
31.44	0.0069547
31.45	0.0064472
31.46	0.0056201
31.47	0.004609
31.48	0.0039635
31.49	0.0038855
31.5	0.003829
31.51	0.0037327
31.52	0.003164
31.53	0.0023288
31.54	0.0022284
31.55	0.0023025
31.56	0.0014447
31.57	-0.00046383
31.58	-0.0017848
31.59	-0.0016019
31.6	-0.0011503
31.61	-0.0010869
31.62	-0.001089
31.63	-0.00077509
31.64	-0.0015537
31.65	-0.0054358
31.66	-0.0079184
31.67	-0.0044365
31.68	-9.4016e-05
31.69	0.0017462
31.7	0.0032799
31.71	0.005202
31.72	0.0076315
31.73	0.009572
31.74	0.0098367
31.75	0.0093239
31.76	0.0088492
31.77	0.0097614
31.78	0.013135
31.79	0.014887
31.8	0.011044
31.81	0.0051161
31.82	0.0032498
31.83	0.0059124
31.84	0.0081705
31.85	0.0078306
31.86	0.0070512
31.87	0.0069826
31.88	0.0069252
31.89	0.0066051
31.9	0.0062808
31.91	0.0060431
31.92	0.00578
31.93	0.0055557
31.94	0.0051182
31.95	0.003234
31.96	0.00048816
31.97	-0.0007127
31.98	-0.00042417
31.99	-0.00025157
32	-0.00047545
32.01	-0.00060177
32.02	-0.00052021
32.03	-0.00038581
32.04	-0.00027871
32.05	-0.0002313
32.06	-0.00013351
32.07	1.3863e-06
32.08	5.2635e-05
32.09	7.4028e-05
32.1	0.00018879
32.11	0.00032613
32.12	-0.00074545
32.13	-0.0032108
32.14	-0.0056274
32.15	-0.0085835
32.16	-0.010158
32.17	-0.0074801
32.18	-0.0040913
32.19	-0.0026799
32.2	-0.0016049
32.21	0.00053047
32.22	0.0031119
32.23	0.0035751
32.24	0.0013907
32.25	-0.0011066
32.26	-0.0021387
32.27	-0.0009095
32.28	0.0017255
32.29	0.0020436
32.3	-0.0015148
32.31	-0.0047898
32.32	-0.004721
32.33	-0.0027844
32.34	-0.00055977
32.35	0.00042958
32.36	-0.00097332
32.37	-0.0030438
32.38	-0.0045195
32.39	-0.00672
32.4	-0.0088203
32.41	-0.0081882
32.42	-0.0058248
32.43	-0.0050895
32.44	-0.0068403
32.45	-0.0088272
32.46	-0.0092179
32.47	-0.0087964
32.48	-0.008646
32.49	-0.0089402
32.5	-0.010535
32.51	-0.013115
32.52	-0.014447
32.53	-0.014359
32.54	-0.01449
32.55	-0.014158
32.56	-0.012016
32.57	-0.0099983
32.58	-0.0098862
32.59	-0.010488
32.6	-0.010759
32.61	-0.010943
32.62	-0.011097
32.63	-0.011506
32.64	-0.014536
32.65	-0.01987
32.66	-0.020774
32.67	-0.015799
32.68	-0.012404
32.69	-0.012806
32.7	-0.012759
32.71	-0.010975
32.72	-0.0093672
32.73	-0.0091679
32.74	-0.0093888
32.75	-0.0086396
32.76	-0.0065574
32.77	-0.0026122
32.78	0.0013416
32.79	0.00069201
32.8	-0.0032427
32.81	-0.0037445
32.82	-0.00082839
32.83	0.0015207
32.84	0.0034659
32.85	0.0050508
32.86	0.0052544
32.87	0.0048029
32.88	0.004578
32.89	0.0045262
32.9	0.0043554
32.91	0.004203
32.92	0.0053561
32.93	0.0077598
32.94	0.0090991
32.95	0.010012
32.96	0.012009
32.97	0.013201
32.98	0.01232
32.99	0.010211
33	0.008005
33.01	0.0065504
33.02	0.0059902
33.03	0.0057839
33.04	0.0054517
33.05	0.004963
33.06	0.0047324
33.07	0.0054132
33.08	0.00703
33.09	0.0085832
33.1	0.0090811
33.11	0.0088291
33.12	0.0086112
33.13	0.0087049
33.14	0.0083037
33.15	0.0055995
33.16	0.0032717
33.17	0.0054329
33.18	0.0084498
33.19	0.0086537
33.2	0.0086807
33.21	0.010047
33.22	0.011171
33.23	0.011417
33.24	0.011673
33.25	0.012616
33.26	0.014238
33.27	0.017172
33.28	0.021523
33.29	0.024372
33.3	0.022679
33.31	0.018628
33.32	0.016695
33.33	0.017003
33.34	0.017235
33.35	0.016892
33.36	0.016672
33.37	0.016425
33.38	0.015379
33.39	0.014524
33.4	0.015053
33.41	0.015604
33.42	0.015337
33.43	0.014641
33.44	0.013179
33.45	0.011203
33.46	0.0096337
33.47	0.007891
33.48	0.0055018
33.49	0.0034677
33.5	0.0015482
33.51	-0.0004121
33.52	-0.0023742
33.53	-0.0046714
33.54	-0.0059165
33.55	-0.005639
33.56	-0.0052373
33.57	-0.0053221
33.58	-0.0054374
33.59	-0.0052289
33.6	-0.0048304
33.61	-0.0054342
33.62	-0.0077731
33.63	-0.010438
33.64	-0.012848
33.65	-0.016844
33.66	-0.021537
33.67	-0.021745
33.68	-0.018465
33.69	-0.017797
33.7	-0.019437
33.71	-0.019073
33.72	-0.016
33.73	-0.013768
33.74	-0.013535
33.75	-0.012314
33.76	-0.0095901
33.77	-0.0059725
33.78	-0.0013974
33.79	-1.1541e-05
33.8	-0.0040934
33.81	-0.0086008
33.82	-0.0095659
33.83	-0.0096595
33.84	-0.01207
33.85	-0.014565
33.86	-0.015211
33.87	-0.015741
33.88	-0.016213
33.89	-0.015732
33.9	-0.01544
33.91	-0.015631
33.92	-0.014624
33.93	-0.011527
33.94	-0.0080046
33.95	-0.0062005
33.96	-0.004972
33.97	-0.0029146
33.98	-0.001788
33.99	-0.0023195
34	-0.0021657
34.01	6.8224e-05
34.02	0.0021315
34.03	0.0021984
34.04	0.0015746
34.05	0.001483
34.06	0.0015646
34.07	0.0013763
34.08	0.0010809
34.09	0.00089785
34.1	0.00082943
34.11	0.00070952
34.12	0.00060294
34.13	0.00027513
34.14	-0.001693
34.15	-0.0041324
34.16	-0.0026633
34.17	0.0022019
34.18	0.0045584
34.19	0.0031353
34.2	0.0024913
34.21	0.0047592
34.22	0.0076154
34.23	0.0083248
34.24	0.0081035
34.25	0.0095541
34.26	0.012326
34.27	0.016492
34.28	0.020448
34.29	0.019281
34.3	0.013928
34.31	0.01053
34.32	0.010572
34.33	0.010935
34.34	0.0092128
34.35	0.0062343
34.36	0.0046946
34.37	0.0050341
34.38	0.004697
34.39	0.0021844
34.4	-0.0002366
34.41	-0.0005651
34.42	3.8643e-05
34.43	0.00023639
34.44	8.1598e-05
34.45	-2.2347e-05
34.46	7.62e-05
34.47	0.00029153
34.48	0.00042394
34.49	0.00045417
34.5	0.00048709
34.51	0.00043373
34.52	0.00058482
34.53	0.0016665
34.54	0.0036246
34.55	0.0054142
34.56	0.0061025
34.57	0.006002
34.58	0.0059263
34.59	0.0061291
34.6	0.0055393
34.61	0.003115
34.62	0.00074817
34.63	0.00048254
34.64	-0.00068267
34.65	-0.0056385
34.66	-0.0082328
34.67	-0.004069
34.68	0.0001391
34.69	3.0946e-05
34.7	-0.0011839
34.71	-0.0012764
34.72	-0.001086
34.73	-0.0013652
34.74	-0.0017956
34.75	-0.002053
34.76	-0.0023165
34.77	-0.0016881
34.78	0.00040922
34.79	0.00084008
34.8	-0.001632
34.81	-0.0033706
34.82	-0.0031159
34.83	-0.0027092
34.84	-0.0032482
34.85	-0.0044432
34.86	-0.0047714
34.87	-0.0039547
34.88	-0.0034718
34.89	-0.0036509
34.9	-0.003786
34.91	-0.0038084
34.92	-0.0038928
34.93	-0.0048332
34.94	-0.0073644
34.95	-0.0096529
34.96	-0.010072
34.97	-0.0098717
34.98	-0.010227
34.99	-0.010837
35	-0.010935
35.01	-0.010063
35.02	-0.0084944
35.03	-0.0070285
35.04	-0.0066296
35.05	-0.0068179
35.06	-0.0063991
35.07	-0.0057479
35.08	-0.0060499
35.09	-0.0074954
35.1	-0.0086665
35.11	-0.0087918
35.12	-0.0081943
35.13	-0.0066641
35.14	-0.0059947
35.15	-0.0090218
35.16	-0.011535
35.17	-0.0074882
35.18	-0.0010238
35.19	0.0012396
35.2	0.00032381
35.21	0.00079678
35.22	0.0037052
35.23	0.0058556
35.24	0.0057806
35.25	0.0051889
35.26	0.0055223
35.27	0.0075841
35.28	0.010077
35.29	0.0091147
35.3	0.0043925
35.31	0.0011461
35.32	0.0012439
35.33	0.0015895
35.34	0.0024294
35.35	0.0046678
35.36	0.0059186
35.37	0.0056514
35.38	0.0055918
35.39	0.005625
35.4	0.0038824
35.41	0.0010722
35.42	-7.1643e-06
35.43	-0.00039822
35.44	-0.0025147
35.45	-0.0045621
35.46	-0.0047806
35.47	-0.0045522
35.48	-0.0044246
35.49	-0.0033665
35.5	-0.0014699
35.51	7.1563e-05
35.52	0.00048137
35.53	0.00021119
35.54	7.4687e-05
35.55	0.00014067
35.56	0.00018774
35.57	9.4077e-05
35.58	-0.001158
35.59	-0.0039004
35.6	-0.005861
35.61	-0.0061803
35.62	-0.0057139
35.63	-0.0039816
35.64	-0.0040629
35.65	-0.0079554
35.66	-0.0085047
35.67	-0.0029178
35.68	0.0019619
35.69	0.0025654
35.7	0.00156
35.71	0.0011949
35.72	0.001087
35.73	0.0018604
35.74	0.0041197
35.75	0.0053753
35.76	0.0053576
35.77	0.0082334
35.78	0.013084
35.79	0.012932
35.8	0.0075443
35.81	0.0037497
35.82	0.0037916
35.83	0.0045062
35.84	0.0043097
35.85	0.0041901
35.86	0.0043277
35.87	0.0037204
35.88	0.0019859
35.89	-6.0576e-05
35.9	-0.00011999
35.91	0.0022452
35.92	0.0037236
35.93	0.0037375
35.94	0.0040628
35.95	0.0031627
35.96	0.00046495
35.97	-0.0011571
35.98	-0.00093869
35.99	-0.00063776
36	-0.00082304
36.01	-0.001201
36.02	-0.0013777
36.03	-0.0015295
36.04	-0.0018236
36.05	-0.0021458
36.06	-0.0023859
36.07	-0.0025882
36.08	-0.0028542
36.09	-0.0032055
36.1	-0.0035289
36.11	-0.0038841
36.12	-0.005227
36.13	-0.007481
36.14	-0.0092531
36.15	-0.011012
36.16	-0.011779
36.17	-0.0086942
36.18	-0.0035178
36.19	-0.00075713
36.2	-0.0010199
36.21	-0.0016582
36.22	-0.0015343
36.23	-0.0014226
36.24	-0.0015841
36.25	-0.0017731
36.26	-0.0012763
36.27	0.001597
36.28	0.0063484
36.29	0.0087735
36.3	0.0065357
36.31	0.0030731
36.32	0.0017455
36.33	0.00094403
36.34	-0.00061572
36.35	-0.001409
36.36	-0.0011851
36.37	-0.00098194
36.38	-0.0010929
36.39	-0.00097653
36.4	0.0005593
36.41	0.0030738
36.42	0.0041021
36.43	0.0037106
36.44	0.0047741
36.45	0.007333
36.46	0.0084751
36.47	0.0078668
36.48	0.0072889
36.49	0.0071615
36.5	0.007014
36.51	0.006657
36.52	0.0061616
36.53	0.0066427
36.54	0.00879
36.55	0.01045
36.56	0.010194
36.57	0.0093778
36.58	0.0090838
36.59	0.0090444
36.6	0.0088384
36.61	0.008528
36.62	0.0083103
36.63	0.0082608
36.64	0.0073745
36.65	0.003857
36.66	0.0005557
36.67	0.002574
36.68	0.006978
36.69	0.007181
36.7	0.0037537
36.71	0.0016473
36.72	0.0019061
36.73	0.0023169
36.74	0.0021464
36.75	0.0012843
36.76	-0.00062216
36.77	-0.00091634
36.78	0.0020436
36.79	0.0031746
36.8	-0.00057139
36.81	-0.0043524
36.82	-0.0051478
36.83	-0.0056471
36.84	-0.0075114
36.85	-0.0094061
36.86	-0.0096988
36.87	-0.0084778
36.88	-0.0069417
36.89	-0.0057798
36.9	-0.0053223
36.91	-0.0054124
36.92	-0.0055908
36.93	-0.005758
36.94	-0.005777
36.95	-0.0051514
36.96	-0.0045579
36.97	-0.0051397
36.98	-0.0059769
36.99	-0.0060245
37	-0.0058543
37.01	-0.0055202
37.02	-0.0039404
37.03	-0.0017751
37.04	-0.00093492
37.05	-0.0011768
37.06	-0.0012497
37.07	-0.0010705
37.08	-0.00098049
37.09	-0.00095827
37.1	-0.00091892
37.11	-0.00089065
37.12	-0.00089871
37.13	-0.00084123
37.14	-0.0011322
37.15	-0.0019284
37.16	-0.0011735
37.17	0.0024517
37.18	0.0062482
37.19	0.0074031
37.2	0.0068757
37.21	0.0067083
37.22	0.006911
37.23	0.006451
37.24	0.0055304
37.25	0.0048989
37.26	0.0047993
37.27	0.0063996
37.28	0.0089461
37.29	0.0089632
37.3	0.0068297
37.31	0.0058283
37.32	0.0061115
37.33	0.0062135
37.34	0.0058998
37.35	0.0051753
37.36	0.0037623
37.37	0.002253
37.38	0.0019893
37.39	0.0031663
37.4	0.0044363
37.41	0.0047304
37.42	0.0043934
37.43	0.004113
37.44	0.0039135
37.45	0.0036756
37.46	0.0034868
37.47	0.0032808
37.48	0.0029836
37.49	0.0027419
37.5	0.0025495
37.51	0.0023048
37.52	0.002114
37.53	0.0019793
37.54	0.0017795
37.55	0.0015298
37.56	0.0015009
37.57	0.0018584
37.58	0.0023548
37.59	0.0031267
37.6	0.0040522
37.61	0.0043599
37.62	0.0041911
37.63	0.0040806
37.64	0.0030696
37.65	0.00034135
37.66	-0.001342
37.67	0.00071561
37.68	0.0032348
37.69	0.0024175
37.7	0.00044327
37.71	0.0001725
37.72	0.00077511
37.73	0.00091508
37.74	0.00080531
37.75	0.00063584
37.76	-0.00016305
37.77	-0.00067406
37.78	0.00011106
37.79	-0.00033689
37.8	-0.0032164
37.81	-0.0052253
37.82	-0.0052098
37.83	-0.0052197
37.84	-0.0057053
37.85	-0.0061857
37.86	-0.0068777
37.87	-0.0075273
37.88	-0.0076425
37.89	-0.0074585
37.9	-0.0073715
37.91	-0.0073303
37.92	-0.0076894
37.93	-0.0089064
37.94	-0.010006
37.95	-0.010113
37.96	-0.0098359
37.97	-0.0097696
37.98	-0.0097997
37.99	-0.0096484
38	-0.0095689
38.01	-0.010323
38.02	-0.011595
38.03	-0.011846
38.04	-0.011028
38.05	-0.010291
38.06	-0.0098252
38.07	-0.0093525
38.08	-0.0087191
38.09	-0.0081872
38.1	-0.0079848
38.11	-0.0078896
38.12	-0.0077482
38.13	-0.0075284
38.14	-0.0072468
38.15	-0.0074488
38.16	-0.0080277
38.17	-0.0072615
38.18	-0.0051804
38.19	-0.0039344
38.2	-0.0039018
38.21	-0.0039276
38.22	-0.0036686
38.23	-0.003424
38.24	-0.0033006
38.25	-0.0032474
38.26	-0.002898
38.27	-0.001374
38.28	0.0010718
38.29	0.0022813
38.3	0.0015626
38.31	0.00095845
38.32	0.0017291
38.33	0.0028171
38.34	0.0030649
38.35	0.0028054
38.36	0.0030371
38.37	0.0039001
38.38	0.0048077
38.39	0.0055804
38.4	0.0060029
38.41	0.0058645
38.42	0.0055354
38.43	0.0053034
38.44	0.0054115
38.45	0.0060053
38.46	0.0064433
38.47	0.0062638
38.48	0.0058956
38.49	0.0056745
38.5	0.0054987
38.51	0.0052659
38.52	0.0048491
38.53	0.0043926
38.54	0.004302
38.55	0.0042938
38.56	0.0042585
38.57	0.004633
38.58	0.0050007
38.59	0.0048431
38.6	0.0044867
38.61	0.0042391
38.62	0.0040343
38.63	0.003848
38.64	0.0032172
38.65	0.002008
38.66	0.0017102
38.67	0.0025866
38.68	0.0027357
38.69	0.0018033
38.7	0.0011555
38.71	0.0011371
38.72	0.0011512
38.73	0.0010054
38.74	0.00087057
38.75	0.00070364
38.76	0.00043961
38.77	0.0006124
38.78	0.00119
38.79	0.00096428
38.8	-0.00013733
38.81	-0.00085561
38.82	-0.00083475
38.83	-0.00068363
38.84	-0.00069386
38.85	-0.00075026
38.86	-0.00072889
38.87	-0.00044084
38.88	1.006e-05
38.89	0.00019408
38.9	0.00010721
38.91	3.8693e-05
38.92	4.3684e-05
38.93	6.8221e-05
38.94	-6.7375e-05
38.95	-0.00042842
38.96	-0.00049949
38.97	-0.00016753
38.98	-0.00017174
38.99	-0.00059973
39	-0.00080636
39.01	-0.00071012
39.02	-0.00063533
39.03	-0.0006253
39.04	-0.00070965
39.05	-0.00098253
39.06	-0.0012231
39.07	-0.0012265
39.08	-0.00112
39.09	-0.0011689
39.1	-0.0014123
39.11	-0.0014261
39.12	-0.0010916
39.13	-0.0008459
39.14	-0.00093118
39.15	-0.0011944
39.16	-0.0011286
39.17	-0.0005901
39.18	-0.00019149
39.19	-0.00020307
39.2	-0.00029804
39.21	-0.00021123
39.22	2.8557e-05
39.23	0.00017827
39.24	0.0001554
39.25	0.00010034
39.26	7.2339e-05
39.27	0.00015204
39.28	0.00038191
39.29	0.00042663
39.3	0.00015079
39.31	-6.8066e-05
39.32	-9.9853e-05
39.33	-0.00015447
39.34	-0.00027592
39.35	-0.00034379
39.36	-0.00032121
39.37	-0.00027518
39.38	-0.00026174
39.39	-0.00023952
39.4	-0.00012089
39.41	2.9555e-05
39.42	8.0367e-05
39.43	5.9361e-05
39.44	4.8317e-05
39.45	5.1258e-05
39.46	2.9193e-05
39.47	-3.153e-05
39.48	-9.4429e-05
39.49	-0.00011601
39.5	-5.8012e-05
39.51	5.6257e-05
39.52	0.00012471
39.53	0.00013649
39.54	0.00016852
39.55	0.00021313
39.56	0.00023263
39.57	0.00023285
39.58	0.00019691
39.59	0.00014204
39.6	0.00012916
39.61	0.00015102
39.62	0.00016375
39.63	0.00018308
39.64	0.00021189
39.65	0.00018524
39.66	0.00015346
39.67	0.00021592
39.68	0.00030082
39.69	0.00032519
39.7	0.00031815
39.71	0.00030763
39.72	0.00029071
39.73	0.00026967
39.74	0.00025019
39.75	0.00023194
39.76	0.00021376
39.77	0.00020406
39.78	0.00020235
39.79	0.0001863
39.8	0.00014966
39.81	0.00012007
39.82	0.00011278
39.83	0.00010728
39.84	9.0123e-05
39.85	7.0728e-05
39.86	5.545e-05
39.87	4.2158e-05
39.88	2.9632e-05
39.89	1.8837e-05
39.9	1.0158e-05
39.91	3.1935e-06
39.92	-2.246e-06
39.93	-6.1035e-06
39.94	-8.3918e-06
39.95	-9.2152e-06
39.96	-8.6372e-06
39.97	-6.7065e-06
39.98	-3.5195e-06
39.99	8.1871e-07
