0	0.0027684
0.005	0.0029965
0.01	0.0030366
0.015	0.0030568
0.02	0.0030677
0.025	0.0030703
0.03	0.0030507
0.035	0.0030057
0.04	0.0029101
0.045	0.0027439
0.05	0.0025046
0.055	0.0022196
0.06	0.0019478
0.065	0.0017733
0.07	0.0017516
0.075	0.0019038
0.08	0.0022133
0.085	0.0026417
0.09	0.003248
0.095	0.0040109
0.1	0.0049556
0.105	0.005954
0.11	0.0067362
0.115	0.0070714
0.12	0.0067854
0.125	0.0058556
0.13	0.0044499
0.135	0.0029466
0.14	0.0016433
0.145	0.00058067
0.15	-0.00027397
0.155	-0.00089735
0.16	-0.0014843
0.165	-0.0018266
0.17	-0.0018156
0.175	-0.0016537
0.18	-0.0013442
0.185	-0.0011325
0.19	-0.00085514
0.195	3.6883e-06
0.2	0.0018549
0.205	0.004706
0.21	0.0078876
0.215	0.011031
0.22	0.013451
0.225	0.014496
0.23	0.013731
0.235	0.011277
0.24	0.007592
0.245	0.0034758
0.25	-0.00065252
0.255	-0.0038647
0.26	-0.0050035
0.265	-0.0042432
0.27	-0.0027619
0.275	-0.0014452
0.28	-0.0010651
0.285	-0.0015293
0.29	-0.0020717
0.295	-0.0019309
0.3	-0.00079152
0.305	0.00058504
0.31	0.0014788
0.315	0.0027103
0.32	0.0052765
0.325	0.009286
0.33	0.014366
0.335	0.019141
0.34	0.021293
0.345	0.018922
0.35	0.010655
0.355	-0.0033907
0.36	-0.020824
0.365	-0.037818
0.37	-0.049229
0.375	-0.05419
0.38	-0.054231
0.385	-0.05122
0.39	-0.04713
0.395	-0.043138
0.4	-0.038021
0.405	-0.030909
0.41	-0.023653
0.415	-0.01874
0.42	-0.017798
0.425	-0.021107
0.43	-0.025288
0.435	-0.025079
0.44	-0.017749
0.445	-0.0039531
0.45	0.012442
0.455	0.024059
0.46	0.023597
0.465	0.011347
0.47	-0.0050984
0.475	-0.018377
0.48	-0.022933
0.485	-0.017572
0.49	-0.009708
0.495	-0.011145
0.5	-0.024528
0.505	-0.042334
0.51	-0.053189
0.515	-0.04868
0.52	-0.034336
0.525	-0.022023
0.53	-0.023239
0.535	-0.03975
0.54	-0.061284
0.545	-0.079775
0.55	-0.08939
0.555	-0.086149
0.56	-0.071522
0.565	-0.053477
0.57	-0.042756
0.575	-0.043351
0.58	-0.046024
0.585	-0.038699
0.59	-0.016051
0.595	0.017135
0.6	0.048542
0.605	0.064423
0.61	0.061859
0.615	0.05184
0.62	0.051803
0.625	0.070541
0.63	0.096835
0.635	0.1046
0.64	0.077091
0.645	0.024955
0.65	-0.023888
0.655	-0.044393
0.66	-0.026186
0.665	0.020032
0.67	0.071296
0.675	0.10825
0.68	0.12018
0.685	0.10929
0.69	0.08997
0.695	0.077853
0.7	0.085353
0.705	0.11005
0.71	0.14502
0.715	0.18227
0.72	0.2176
0.725	0.2485
0.73	0.27406
0.735	0.29704
0.74	0.31848
0.745	0.33642
0.75	0.35009
0.755	0.35726
0.76	0.35729
0.765	0.35612
0.77	0.36104
0.775	0.37408
0.78	0.39076
0.785	0.4056
0.79	0.41348
0.795	0.40701
0.8	0.38593
0.805	0.34802
0.81	0.29103
0.815	0.21373
0.82	0.11848
0.825	0.010082
0.83	-0.11244
0.835	-0.23653
0.84	-0.35322
0.845	-0.46486
0.85	-0.56936
0.855	-0.6696
0.86	-0.76336
0.865	-0.83944
0.87	-0.89042
0.875	-0.90485
0.88	-0.87331
0.885	-0.80305
0.89	-0.71965
0.895	-0.65031
0.9	-0.60234
0.905	-0.56459
0.91	-0.5185
0.915	-0.43756
0.92	-0.29842
0.925	-0.092181
0.93	0.15321
0.935	0.40119
0.94	0.61613
0.945	0.77104
0.95	0.86045
0.955	0.89523
0.96	0.89604
0.965	0.88908
0.97	0.89512
0.975	0.92283
0.98	0.95215
0.985	0.94646
0.99	0.88076
0.995	0.75235
1	0.56
1.005	0.308
1.01	-0.00055889
1.015	-0.31512
1.02	-0.56411
1.025	-0.72171
1.03	-0.79764
1.035	-0.81817
1.04	-0.79458
1.045	-0.72315
1.05	-0.60566
1.055	-0.45864
1.06	-0.3051
1.065	-0.17371
1.07	-0.078585
1.075	-0.0054566
1.08	0.075265
1.085	0.17394
1.09	0.26312
1.095	0.30313
1.1	0.26359
1.105	0.14542
1.11	-0.026753
1.115	-0.22524
1.12	-0.43394
1.125	-0.62121
1.13	-0.75843
1.135	-0.84582
1.14	-0.90481
1.145	-0.95407
1.15	-0.98956
1.155	-0.99205
1.16	-0.94459
1.165	-0.84993
1.17	-0.72633
1.175	-0.60092
1.18	-0.49
1.185	-0.38599
1.19	-0.27877
1.195	-0.16113
1.2	-0.043104
1.205	0.062676
1.21	0.15737
1.215	0.24109
1.22	0.31846
1.225	0.38331
1.23	0.42335
1.235	0.44213
1.24	0.45592
1.245	0.48044
1.25	0.51969
1.255	0.56357
1.26	0.59664
1.265	0.60631
1.27	0.59257
1.275	0.56986
1.28	0.54959
1.285	0.53569
1.29	0.528
1.295	0.5246
1.3	0.52125
1.305	0.50975
1.31	0.48126
1.315	0.42594
1.32	0.33674
1.325	0.21401
1.33	0.059337
1.335	-0.11591
1.34	-0.28799
1.345	-0.4465
1.35	-0.59426
1.355	-0.73434
1.36	-0.86335
1.365	-0.96381
1.37	-1.0162
1.375	-1.0153
1.38	-0.97424
1.385	-0.90833
1.39	-0.83097
1.395	-0.74367
1.4	-0.6355
1.405	-0.49076
1.41	-0.30472
1.415	-0.088278
1.42	0.13955
1.425	0.34428
1.43	0.50271
1.435	0.62539
1.44	0.73977
1.445	0.8522
1.45	0.94318
1.455	0.99438
1.46	0.9967
1.465	0.9565
1.47	0.89542
1.475	0.83416
1.48	0.77988
1.485	0.73193
1.49	0.68863
1.495	0.64649
1.5	0.60052
1.505	0.54772
1.51	0.49052
1.515	0.43391
1.52	0.38183
1.525	0.33465
1.53	0.29124
1.535	0.25128
1.54	0.20827
1.545	0.14862
1.55	0.064714
1.555	-0.044114
1.56	-0.17241
1.565	-0.31403
1.57	-0.46616
1.575	-0.618
1.58	-0.76107
1.585	-0.88618
1.59	-0.98516
1.595	-1.0562
1.6	-1.0975
1.605	-1.102
1.61	-1.0639
1.615	-0.97692
1.62	-0.83552
1.625	-0.63446
1.63	-0.38381
1.635	-0.12751
1.64	0.10054
1.645	0.26476
1.65	0.36177
1.655	0.41935
1.66	0.4602
1.665	0.48522
1.67	0.48989
1.675	0.48292
1.68	0.48727
1.685	0.51476
1.69	0.56385
1.695	0.62238
1.7	0.67648
1.705	0.71577
1.71	0.73613
1.715	0.72255
1.72	0.6578
1.725	0.52307
1.73	0.3217
1.735	0.088722
1.74	-0.13094
1.745	-0.30497
1.75	-0.42503
1.755	-0.50702
1.76	-0.57187
1.765	-0.63567
1.77	-0.69719
1.775	-0.73896
1.78	-0.73822
1.785	-0.69178
1.79	-0.60852
1.795	-0.50597
1.8	-0.4007
1.805	-0.30398
1.81	-0.2293
1.815	-0.17885
1.82	-0.14262
1.825	-0.10802
1.83	-0.067286
1.835	-0.012256
1.84	0.059251
1.845	0.14529
1.85	0.24617
1.855	0.35637
1.86	0.46235
1.865	0.53324
1.87	0.53078
1.875	0.43543
1.88	0.26432
1.885	0.06284
1.89	-0.11975
1.895	-0.25752
1.9	-0.36051
1.905	-0.45138
1.91	-0.54
1.915	-0.61468
1.92	-0.66034
1.925	-0.66587
1.93	-0.634
1.935	-0.57452
1.94	-0.48914
1.945	-0.37689
1.95	-0.23911
1.955	-0.089079
1.96	0.052527
1.965	0.16033
1.97	0.22201
1.975	0.25728
1.98	0.29641
1.985	0.35346
1.99	0.41662
1.995	0.46228
2	0.47369
2.005	0.45385
2.01	0.42345
2.015	0.40002
2.02	0.39224
2.025	0.40212
2.03	0.42701
2.035	0.45529
2.04	0.47663
2.045	0.48734
2.05	0.48184
2.055	0.45409
2.06	0.40372
2.065	0.33484
2.07	0.25369
2.075	0.16686
2.08	0.078801
2.085	-0.011652
2.09	-0.10678
2.095	-0.20245
2.1	-0.29416
2.105	-0.36911
2.11	-0.41198
2.115	-0.41802
2.12	-0.3918
2.125	-0.34645
2.13	-0.29454
2.135	-0.24557
2.14	-0.19978
2.145	-0.15636
2.15	-0.11639
2.155	-0.080071
2.16	-0.045568
2.165	-0.012789
2.17	0.016759
2.175	0.04164
2.18	0.057385
2.185	0.064711
2.19	0.071707
2.195	0.080873
2.2	0.091292
2.205	0.096297
2.21	0.087714
2.215	0.066389
2.22	0.036394
2.225	0.0050741
2.23	-0.017393
2.235	-0.028009
2.24	-0.031083
2.245	-0.031233
2.25	-0.031954
2.255	-0.033133
2.26	-0.030263
2.265	-0.024462
2.27	-0.02198
2.275	-0.027019
2.28	-0.035051
2.285	-0.038503
2.29	-0.036937
2.295	-0.033622
2.3	-0.027778
2.305	-0.01894
2.31	-0.0083953
2.315	0.0020138
2.32	0.010901
2.325	0.012601
2.33	0.006436
2.335	-0.0030364
2.34	-0.011047
2.345	-0.008782
2.35	0.008071
2.355	0.035651
2.36	0.070206
2.365	0.10786
2.37	0.13854
2.375	0.15284
2.38	0.1494
2.385	0.13898
2.39	0.13027
2.395	0.12193
2.4	0.1113
2.405	0.098199
2.41	0.083752
2.415	0.068362
2.42	0.053124
2.425	0.038981
2.43	0.025537
2.435	0.012018
2.44	-0.0017963
2.445	-0.016444
2.45	-0.034789
2.455	-0.060046
2.46	-0.092912
2.465	-0.13065
2.47	-0.16395
2.475	-0.18437
2.48	-0.19408
2.485	-0.19736
2.49	-0.19799
2.495	-0.19782
2.5	-0.19189
2.505	-0.17565
2.51	-0.15118
2.515	-0.12852
2.52	-0.11213
2.525	-0.10367
2.53	-0.10633
2.535	-0.12159
2.54	-0.14587
2.545	-0.16972
2.55	-0.18537
2.555	-0.19107
2.56	-0.18664
2.565	-0.17117
2.57	-0.1456
2.575	-0.11002
2.58	-0.064135
2.585	-0.006574
2.59	0.055278
2.595	0.11451
2.6	0.16693
2.605	0.21355
2.61	0.25789
2.615	0.29532
2.62	0.32151
2.625	0.33863
2.63	0.34376
2.635	0.33601
2.64	0.31414
2.645	0.28411
2.65	0.25425
2.655	0.22504
2.66	0.19458
2.665	0.1636
2.67	0.13066
2.675	0.092823
2.68	0.051083
2.685	0.010462
2.69	-0.028501
2.695	-0.068072
2.7	-0.10894
2.705	-0.14872
2.71	-0.18293
2.715	-0.21232
2.72	-0.23568
2.725	-0.25006
2.73	-0.25141
2.735	-0.23635
2.74	-0.20644
2.745	-0.16356
2.75	-0.11264
2.755	-0.062391
2.76	-0.018141
2.765	0.016345
2.77	0.03921
2.775	0.051854
2.78	0.054535
2.785	0.048765
2.79	0.041683
2.795	0.033794
2.8	0.023874
2.805	0.014562
2.81	0.0075014
2.815	0.0027224
2.82	0.0016658
2.825	0.0047986
2.83	0.007906
2.835	0.0082851
2.84	0.0086999
2.845	0.014128
2.85	0.021249
2.855	0.028418
2.86	0.038535
2.865	0.052918
2.87	0.069477
2.875	0.079936
2.88	0.078952
2.885	0.071317
2.89	0.06035
2.895	0.046823
2.9	0.030736
2.905	0.014113
2.91	-0.0026086
2.915	-0.01808
2.92	-0.031084
2.925	-0.041589
2.93	-0.054807
2.935	-0.075745
2.94	-0.099035
2.945	-0.11292
2.95	-0.10615
2.955	-0.080205
2.96	-0.049091
2.965	-0.024292
2.97	-0.0066371
2.975	0.0045071
2.98	0.014353
2.985	0.02553
2.99	0.033046
2.995	0.034532
3	0.03127
3.005	0.023874
3.01	0.015577
3.015	0.0043623
3.02	-0.0086014
3.025	-0.021535
3.03	-0.031358
3.035	-0.03192
3.04	-0.023687
3.045	-0.016162
3.05	-0.014453
3.055	-0.020051
3.06	-0.029206
3.065	-0.035748
3.07	-0.035977
3.075	-0.028704
3.08	-0.01167
3.085	0.01491
3.09	0.048708
3.095	0.082054
3.1	0.11333
3.105	0.14377
3.11	0.17402
3.115	0.20503
3.12	0.23325
3.125	0.25154
3.13	0.253
3.135	0.23857
3.14	0.2153
3.145	0.18933
3.15	0.16254
3.155	0.13548
3.16	0.11217
3.165	0.095164
3.17	0.085691
3.175	0.0811
3.18	0.076171
3.185	0.063753
3.19	0.043194
3.195	0.021189
3.2	0.0018052
3.205	-0.018287
3.21	-0.0393
3.215	-0.058728
3.22	-0.074398
3.225	-0.087599
3.23	-0.10055
3.235	-0.11175
3.24	-0.11903
3.245	-0.12511
3.25	-0.12834
3.255	-0.12598
3.26	-0.11823
3.265	-0.11006
3.27	-0.10163
3.275	-0.092499
3.28	-0.08222
3.285	-0.071988
3.29	-0.063094
3.295	-0.059066
3.3	-0.056664
3.305	-0.050804
3.31	-0.045557
3.315	-0.043985
3.32	-0.044721
3.325	-0.045327
3.33	-0.043432
3.335	-0.035955
3.34	-0.021315
3.345	-0.0024151
3.35	0.015685
3.355	0.032195
3.36	0.048014
3.365	0.064857
3.37	0.077906
3.375	0.081405
3.38	0.075824
3.385	0.066866
3.39	0.059869
3.395	0.054668
3.4	0.049333
3.405	0.039366
3.41	0.026485
3.415	0.012721
3.42	-0.0026398
3.425	-0.017171
3.43	-0.026556
3.435	-0.028297
3.44	-0.026093
3.445	-0.02458
3.45	-0.024968
3.455	-0.022899
3.46	-0.016779
3.465	-0.012364
3.47	-0.01186
3.475	-0.013248
3.48	-0.014089
3.485	-0.013713
3.49	-0.012758
3.495	-0.012012
3.5	-0.011374
3.505	-0.0070617
3.51	0.0060001
3.515	0.024937
3.52	0.042199
3.525	0.055023
3.53	0.063457
3.535	0.064105
3.54	0.055596
3.545	0.04182
3.55	0.026443
3.555	0.016577
3.56	0.015934
3.565	0.021786
3.57	0.030243
3.575	0.03905
3.58	0.044841
3.585	0.045424
3.59	0.04383
3.595	0.044078
3.6	0.050364
3.605	0.061338
3.61	0.071634
3.615	0.0807
3.62	0.089235
3.625	0.096955
3.63	0.10557
3.635	0.11282
3.64	0.11464
3.645	0.10901
3.65	0.10042
3.655	0.092309
3.66	0.084602
3.665	0.078181
3.67	0.074678
3.675	0.074282
3.68	0.074943
3.685	0.075018
3.69	0.074927
3.695	0.077393
3.7	0.084143
3.705	0.09503
3.71	0.1086
3.715	0.12226
3.72	0.13282
3.725	0.13917
3.73	0.14185
3.735	0.14212
3.74	0.14205
3.745	0.14268
3.75	0.1444
3.755	0.15024
3.76	0.15995
3.765	0.16894
3.77	0.17262
3.775	0.17035
3.78	0.16191
3.785	0.15154
3.79	0.14316
3.795	0.13374
3.8	0.11873
3.805	0.10037
3.81	0.081068
3.815	0.06128
3.82	0.041206
3.825	0.021371
3.83	0.0036748
3.835	-0.013191
3.84	-0.028288
3.845	-0.037051
3.85	-0.04302
3.855	-0.047552
3.86	-0.049331
3.865	-0.048279
3.87	-0.042301
3.875	-0.036134
3.88	-0.03519
3.885	-0.040552
3.89	-0.049638
3.895	-0.060954
3.9	-0.073219
3.905	-0.083049
3.91	-0.090057
3.915	-0.097924
3.92	-0.10481
3.925	-0.11028
3.93	-0.11692
3.935	-0.12767
3.94	-0.14254
3.945	-0.16155
3.95	-0.18509
3.955	-0.20858
3.96	-0.22616
3.965	-0.23739
3.97	-0.24302
3.975	-0.24779
3.98	-0.24794
3.985	-0.24373
3.99	-0.23812
3.995	-0.23142
4	-0.22154
4.005	-0.2082
4.01	-0.19408
4.015	-0.1824
4.02	-0.16997
4.025	-0.15694
4.03	-0.14259
4.035	-0.12931
4.04	-0.11684
4.045	-0.10066
4.05	-0.079335
4.055	-0.054686
4.06	-0.033738
4.065	-0.020139
4.07	-0.012471
4.075	-0.0068043
4.08	-0.00053703
4.085	0.0042175
4.09	0.0057389
4.095	0.0052847
4.1	0.004787
4.105	0.0049426
4.11	0.0052775
4.115	0.0053715
4.12	0.0052544
4.125	0.0051069
4.13	0.0050386
4.135	0.0049477
4.14	0.003811
4.145	-0.0021831
4.15	-0.010012
4.155	-0.019197
4.16	-0.031131
4.165	-0.044384
4.17	-0.055075
4.175	-0.061464
4.18	-0.063421
4.185	-0.064106
4.19	-0.069682
4.195	-0.077421
4.2	-0.084064
4.205	-0.090483
4.21	-0.09904
4.215	-0.10664
4.22	-0.11377
4.225	-0.11876
4.23	-0.11984
4.235	-0.1189
4.24	-0.11843
4.245	-0.1196
4.25	-0.12398
4.255	-0.13062
4.26	-0.13481
4.265	-0.1349
4.27	-0.13429
4.275	-0.13873
4.28	-0.14228
4.285	-0.13904
4.29	-0.13301
4.295	-0.12672
4.3	-0.11738
4.305	-0.10313
4.31	-0.082018
4.315	-0.057808
4.32	-0.03565
4.325	-0.016336
4.33	0.0019498
4.335	0.019238
4.34	0.038014
4.345	0.062105
4.35	0.090203
4.355	0.1165
4.36	0.13977
4.365	0.15904
4.37	0.17686
4.375	0.19268
4.38	0.20342
4.385	0.20918
4.39	0.21119
4.395	0.21327
4.4	0.22003
4.405	0.22857
4.41	0.23691
4.415	0.24106
4.42	0.23853
4.425	0.22836
4.43	0.21556
4.435	0.20732
4.44	0.20029
4.445	0.18948
4.45	0.17605
4.455	0.16412
4.46	0.15371
4.465	0.14313
4.47	0.12773
4.475	0.10778
4.48	0.088428
4.485	0.071128
4.49	0.056234
4.495	0.042864
4.5	0.029463
4.505	0.015402
4.51	0.0018878
4.515	-0.0092226
4.52	-0.020178
4.525	-0.032873
4.53	-0.045116
4.535	-0.051202
4.54	-0.050661
4.545	-0.046664
4.55	-0.040024
4.555	-0.035442
4.56	-0.035279
4.565	-0.03535
4.57	-0.028956
4.575	-0.017061
4.58	-0.0011981
4.585	0.019076
4.59	0.038156
4.595	0.05423
4.6	0.071257
4.605	0.086163
4.61	0.096758
4.615	0.10286
4.62	0.10786
4.625	0.1085
4.63	0.1039
4.635	0.097863
4.64	0.09105
4.645	0.08489
4.65	0.077322
4.655	0.068818
4.66	0.060153
4.665	0.050223
4.67	0.040802
4.675	0.033349
4.68	0.027144
4.685	0.02164
4.69	0.016822
4.695	0.010211
4.7	0.0048502
4.705	0.0016258
4.71	-0.0036242
4.715	-0.0085001
4.72	-0.0099891
4.725	-0.0092887
4.73	-0.010552
4.735	-0.018256
4.74	-0.029997
4.745	-0.041935
4.75	-0.049792
4.755	-0.051395
4.76	-0.049457
4.765	-0.046294
4.77	-0.040575
4.775	-0.035303
4.78	-0.031838
4.785	-0.031735
4.79	-0.037429
4.795	-0.049185
4.8	-0.062766
4.805	-0.07265
4.81	-0.079344
4.815	-0.088376
4.82	-0.10175
4.825	-0.11719
4.83	-0.13214
4.835	-0.14673
4.84	-0.16305
4.845	-0.18037
4.85	-0.19813
4.855	-0.21434
4.86	-0.22806
4.865	-0.23882
4.87	-0.24471
4.875	-0.24898
4.88	-0.256
4.885	-0.26614
4.89	-0.2728
4.895	-0.27197
4.9	-0.26302
4.905	-0.24619
4.91	-0.22328
4.915	-0.20026
4.92	-0.18013
4.925	-0.16294
4.93	-0.14846
4.935	-0.13503
4.94	-0.12133
4.945	-0.10982
4.95	-0.10498
4.955	-0.10295
4.96	-0.097385
4.965	-0.089178
4.97	-0.078801
4.975	-0.068111
4.98	-0.057652
4.985	-0.047907
4.99	-0.036603
4.995	-0.022858
5	-0.0083321
5.005	0.0041343
5.01	0.012672
5.015	0.020562
5.02	0.031191
5.025	0.043409
5.03	0.056887
5.035	0.070902
5.04	0.084619
5.045	0.097929
5.05	0.11131
5.055	0.12507
5.06	0.13886
5.065	0.15096
5.07	0.16113
5.075	0.171
5.08	0.1813
5.085	0.19218
5.09	0.20315
5.095	0.21565
5.1	0.22963
5.105	0.2439
5.11	0.25776
5.115	0.27127
5.12	0.28473
5.125	0.29829
5.13	0.31171
5.135	0.32221
5.14	0.32968
5.145	0.33493
5.15	0.33681
5.155	0.33666
5.16	0.33721
5.165	0.34252
5.17	0.34997
5.175	0.3529
5.18	0.34845
5.185	0.33626
5.19	0.31581
5.195	0.28869
5.2	0.2572
5.205	0.22159
5.21	0.18452
5.215	0.14901
5.22	0.11346
5.225	0.078428
5.23	0.043134
5.235	0.0065728
5.24	-0.029069
5.245	-0.060632
5.25	-0.085687
5.255	-0.10484
5.26	-0.11675
5.265	-0.12406
5.27	-0.12962
5.275	-0.13178
5.28	-0.1275
5.285	-0.11885
5.29	-0.10575
5.295	-0.088294
5.3	-0.063537
5.305	-0.033769
5.31	-0.0051013
5.315	0.018384
5.32	0.037178
5.325	0.052628
5.33	0.065404
5.335	0.072486
5.34	0.073554
5.345	0.072443
5.35	0.071214
5.355	0.066488
5.36	0.061099
5.365	0.059373
5.37	0.060541
5.375	0.061721
5.38	0.060512
5.385	0.053689
5.39	0.045325
5.395	0.037233
5.4	0.031245
5.405	0.024009
5.41	0.012496
5.415	7.3438e-05
5.42	-0.012329
5.425	-0.027742
5.43	-0.044635
5.435	-0.060374
5.44	-0.077156
5.445	-0.096326
5.45	-0.11478
5.455	-0.13335
5.46	-0.15646
5.465	-0.18495
5.47	-0.2177
5.475	-0.25197
5.48	-0.28313
5.485	-0.3106
5.49	-0.33758
5.495	-0.36169
5.5	-0.37944
5.505	-0.39259
5.51	-0.40356
5.515	-0.41133
5.52	-0.41844
5.525	-0.42331
5.53	-0.42457
5.535	-0.42375
5.54	-0.42129
5.545	-0.41515
5.55	-0.40806
5.555	-0.40065
5.56	-0.39443
5.565	-0.3869
5.57	-0.37815
5.575	-0.36919
5.58	-0.35984
5.585	-0.35246
5.59	-0.34475
5.595	-0.33638
5.6	-0.32962
5.605	-0.32696
5.61	-0.32749
5.615	-0.32844
5.62	-0.32831
5.625	-0.32729
5.63	-0.32462
5.635	-0.31816
5.64	-0.31251
5.645	-0.30956
5.65	-0.30474
5.655	-0.29809
5.66	-0.28897
5.665	-0.27955
5.67	-0.27099
5.675	-0.26049
5.68	-0.24607
5.685	-0.22772
5.69	-0.20907
5.695	-0.19337
5.7	-0.17776
5.705	-0.15804
5.71	-0.13475
5.715	-0.10628
5.72	-0.075748
5.725	-0.044416
5.73	-0.011273
5.735	0.018329
5.74	0.040513
5.745	0.054696
5.75	0.062207
5.755	0.071518
5.76	0.087418
5.765	0.10639
5.77	0.12089
5.775	0.13177
5.78	0.14303
5.785	0.15502
5.79	0.16495
5.795	0.17365
5.8	0.18463
5.805	0.19599
5.81	0.20405
5.815	0.21299
5.82	0.22447
5.825	0.2347
5.83	0.242
5.835	0.24775
5.84	0.25262
5.845	0.25744
5.85	0.26421
5.855	0.26899
5.86	0.27253
5.865	0.27961
5.87	0.28874
5.875	0.29817
5.88	0.30676
5.885	0.31189
5.89	0.31627
5.895	0.32374
5.9	0.33482
5.905	0.34491
5.91	0.35051
5.915	0.35227
5.92	0.35276
5.925	0.35092
5.93	0.34567
5.935	0.33425
5.94	0.3193
5.945	0.30476
5.95	0.2917
5.955	0.27908
5.96	0.26579
5.965	0.25183
5.97	0.23947
5.975	0.23127
5.98	0.22759
5.985	0.2276
5.99	0.23176
5.995	0.23848
6	0.24199
6.005	0.24479
6.01	0.25036
6.015	0.25782
6.02	0.26586
6.025	0.27337
6.03	0.28398
6.035	0.29765
6.04	0.31051
6.045	0.32077
6.05	0.3297
6.055	0.33737
6.06	0.34455
6.065	0.35337
6.07	0.36245
6.075	0.3679
6.08	0.36839
6.085	0.36283
6.09	0.35227
6.095	0.33511
6.1	0.31022
6.105	0.28164
6.11	0.25373
6.115	0.22723
6.12	0.19896
6.125	0.16598
6.13	0.12824
6.135	0.08718
6.14	0.046723
6.145	0.0069345
6.15	-0.034916
6.155	-0.075957
6.16	-0.11429
6.165	-0.15122
6.17	-0.18658
6.175	-0.21911
6.18	-0.24774
6.185	-0.27296
6.19	-0.29681
6.195	-0.32242
6.2	-0.3469
6.205	-0.36652
6.21	-0.38268
6.215	-0.39652
6.22	-0.40793
6.225	-0.41614
6.23	-0.42083
6.235	-0.42201
6.24	-0.42147
6.245	-0.41925
6.25	-0.41372
6.255	-0.40273
6.26	-0.38651
6.265	-0.37022
6.27	-0.35644
6.275	-0.34369
6.28	-0.32715
6.285	-0.3058
6.29	-0.28329
6.295	-0.26231
6.3	-0.24645
6.305	-0.23411
6.31	-0.2216
6.315	-0.20693
6.32	-0.18793
6.325	-0.16562
6.33	-0.14306
6.335	-0.11665
6.34	-0.085672
6.345	-0.051565
6.35	-0.014803
6.355	0.021003
6.36	0.053244
6.365	0.082679
6.37	0.11007
6.375	0.13158
6.38	0.14641
6.385	0.15694
6.39	0.16519
6.395	0.17429
6.4	0.1837
6.405	0.19003
6.41	0.19226
6.415	0.18988
6.42	0.18609
6.425	0.18479
6.43	0.18588
6.435	0.18671
6.44	0.18404
6.445	0.17722
6.45	0.16854
6.455	0.15862
6.46	0.14859
6.465	0.13902
6.47	0.13158
6.475	0.12475
6.48	0.11611
6.485	0.10705
6.49	0.097326
6.495	0.087039
6.5	0.075968
6.505	0.063113
6.51	0.049085
6.515	0.035458
6.52	0.024269
6.525	0.014813
6.53	0.0074668
6.535	0.00068034
6.54	-0.0058101
6.545	-0.011187
6.55	-0.016596
6.555	-0.0213
6.56	-0.027197
6.565	-0.0334
6.57	-0.036832
6.575	-0.041707
6.58	-0.0486
6.585	-0.058088
6.59	-0.071024
6.595	-0.08537
6.6	-0.098888
6.605	-0.10881
6.61	-0.11573
6.615	-0.12361
6.62	-0.13105
6.625	-0.13887
6.63	-0.1447
6.635	-0.14719
6.64	-0.15194
6.645	-0.15771
6.65	-0.16071
6.655	-0.16288
6.66	-0.16528
6.665	-0.16849
6.67	-0.16939
6.675	-0.17005
6.68	-0.17284
6.685	-0.18055
6.69	-0.19123
6.695	-0.20258
6.7	-0.2125
6.705	-0.22153
6.71	-0.22807
6.715	-0.23444
6.72	-0.23957
6.725	-0.24125
6.73	-0.24062
6.735	-0.239
6.74	-0.2345
6.745	-0.23336
6.75	-0.23162
6.755	-0.22245
6.76	-0.20417
6.765	-0.18041
6.77	-0.15625
6.775	-0.13616
6.78	-0.11736
6.785	-0.098346
6.79	-0.077277
6.795	-0.05787
6.8	-0.042784
6.805	-0.030262
6.81	-0.017436
6.815	-0.0032439
6.82	0.011475
6.825	0.024794
6.83	0.034297
6.835	0.040532
6.84	0.045292
6.845	0.047963
6.85	0.048479
6.855	0.048129
6.86	0.048065
6.865	0.049414
6.87	0.054923
6.875	0.065252
6.88	0.074691
6.885	0.077874
6.89	0.077116
6.895	0.0791
6.9	0.084937
6.905	0.089628
6.91	0.090474
6.915	0.088917
6.92	0.086055
6.925	0.081122
6.93	0.075776
6.935	0.072227
6.94	0.069503
6.945	0.066836
6.95	0.061888
6.955	0.055657
6.96	0.049652
6.965	0.04156
6.97	0.032856
6.975	0.025495
6.98	0.020508
6.985	0.017855
6.99	0.016595
6.995	0.019437
7	0.024836
7.005	0.029028
7.01	0.031801
7.015	0.032654
7.02	0.032401
7.025	0.03377
7.03	0.039243
7.035	0.04744
7.04	0.056923
7.045	0.06706
7.05	0.074154
7.055	0.077019
7.06	0.078804
7.065	0.07897
7.07	0.076745
7.075	0.076355
7.08	0.081237
7.085	0.088146
7.09	0.091457
7.095	0.092026
7.1	0.094962
7.105	0.10041
7.11	0.10422
7.115	0.10647
7.12	0.11106
7.125	0.11842
7.13	0.12676
7.135	0.13577
7.14	0.1437
7.145	0.14855
7.15	0.15302
7.155	0.15693
7.16	0.15514
7.165	0.1478
7.17	0.1408
7.175	0.13337
7.18	0.12248
7.185	0.10868
7.19	0.094293
7.195	0.080869
7.2	0.069622
7.205	0.060195
7.21	0.052205
7.215	0.045171
7.22	0.036142
7.225	0.025091
7.23	0.011995
7.235	-0.0019418
7.24	-0.014015
7.245	-0.023754
7.25	-0.032915
7.255	-0.04062
7.26	-0.043984
7.265	-0.043636
7.27	-0.044503
7.275	-0.046432
7.28	-0.047774
7.285	-0.048029
7.29	-0.047929
7.295	-0.04981
7.3	-0.05526
7.305	-0.060721
7.31	-0.060472
7.315	-0.053589
7.32	-0.046177
7.325	-0.041591
7.33	-0.037444
7.335	-0.031701
7.34	-0.024113
7.345	-0.014357
7.35	-0.0057427
7.355	0.0012224
7.36	0.0069697
7.365	0.011584
7.37	0.016828
7.375	0.020761
7.38	0.019282
7.385	0.012048
7.39	0.0012083
7.395	-0.0093622
7.4	-0.01708
7.405	-0.024247
7.41	-0.030539
7.415	-0.035359
7.42	-0.040563
7.425	-0.044518
7.43	-0.043958
7.435	-0.042484
7.44	-0.044025
7.445	-0.048836
7.45	-0.056229
7.455	-0.065936
7.46	-0.075915
7.465	-0.083475
7.47	-0.08915
7.475	-0.094497
7.48	-0.09753
7.485	-0.092841
7.49	-0.079478
7.495	-0.061528
7.5	-0.046095
7.505	-0.035433
7.51	-0.025568
7.515	-0.01509
7.52	-0.0034078
7.525	0.0098485
7.53	0.022098
7.535	0.03309
7.54	0.044463
7.545	0.053382
7.55	0.05996
7.555	0.063143
7.56	0.062389
7.565	0.063238
7.57	0.067281
7.575	0.073067
7.58	0.079792
7.585	0.086528
7.59	0.092767
7.595	0.096644
7.6	0.09735
7.605	0.096721
7.61	0.096505
7.615	0.097014
7.62	0.09725
7.625	0.09464
7.63	0.087834
7.635	0.076928
7.64	0.063201
7.645	0.048661
7.65	0.033365
7.655	0.01969
7.66	0.0092024
7.665	0.0026375
7.67	-0.0013431
7.675	-0.0063174
7.68	-0.011514
7.685	-0.016267
7.69	-0.02171
7.695	-0.025973
7.7	-0.027841
7.705	-0.031891
7.71	-0.038537
7.715	-0.045245
7.72	-0.051283
7.725	-0.054336
7.73	-0.05404
7.735	-0.05284
7.74	-0.052758
7.745	-0.05308
7.75	-0.049797
7.755	-0.040196
7.76	-0.028769
7.765	-0.020384
7.77	-0.015418
7.775	-0.013594
7.78	-0.012723
7.785	-0.0076533
7.79	-0.0030238
7.795	-0.0010856
7.8	-0.0033536
7.805	-0.0089406
7.81	-0.011142
7.815	-0.011103
7.82	-0.011513
7.825	-0.012807
7.83	-0.017472
7.835	-0.028612
7.84	-0.046188
7.845	-0.064832
7.85	-0.082118
7.855	-0.096657
7.86	-0.10697
7.865	-0.11681
7.87	-0.12967
7.875	-0.14437
7.88	-0.15602
7.885	-0.1626
7.89	-0.16437
7.895	-0.16362
7.9	-0.16193
7.905	-0.15654
7.91	-0.15129
7.915	-0.15027
7.92	-0.15382
7.925	-0.16164
7.93	-0.1693
7.935	-0.17706
7.94	-0.18465
7.945	-0.19037
7.95	-0.19248
7.955	-0.19188
7.96	-0.18925
7.965	-0.18319
7.97	-0.17828
7.975	-0.17748
7.98	-0.17715
7.985	-0.17168
7.99	-0.16336
7.995	-0.15258
8	-0.13936
8.005	-0.12527
8.01	-0.11156
8.015	-0.097952
8.02	-0.084677
8.025	-0.073288
8.03	-0.061584
8.035	-0.048145
8.04	-0.033761
8.045	-0.019354
8.05	-0.0042149
8.055	0.01122
8.06	0.022446
8.065	0.030377
8.07	0.037883
8.075	0.042319
8.08	0.044248
8.085	0.04564
8.09	0.046143
8.095	0.049386
8.1	0.054906
8.105	0.058124
8.11	0.057821
8.115	0.056386
8.12	0.058713
8.125	0.067928
8.13	0.0794
8.135	0.089814
8.14	0.096951
8.145	0.098921
8.15	0.10122
8.155	0.10775
8.16	0.11638
8.165	0.12484
8.17	0.1318
8.175	0.13973
8.18	0.14803
8.185	0.15745
8.19	0.16984
8.195	0.18429
8.2	0.19879
8.205	0.21224
8.21	0.22355
8.215	0.23326
8.22	0.24314
8.225	0.25347
8.23	0.26266
8.235	0.2701
8.24	0.27617
8.245	0.27893
8.25	0.28131
8.255	0.28647
8.26	0.29242
8.265	0.29893
8.27	0.30423
8.275	0.30329
8.28	0.29664
8.285	0.29073
8.29	0.28969
8.295	0.29178
8.3	0.29342
8.305	0.29249
8.31	0.2865
8.315	0.2782
8.32	0.26961
8.325	0.25853
8.33	0.24498
8.335	0.23072
8.34	0.21688
8.345	0.20343
8.35	0.18948
8.355	0.1728
8.36	0.15294
8.365	0.13398
8.37	0.11883
8.375	0.1052
8.38	0.090536
8.385	0.073031
8.39	0.055318
8.395	0.040732
8.4	0.03058
8.405	0.020942
8.41	0.0088046
8.415	-0.0027316
8.42	-0.010527
8.425	-0.014238
8.43	-0.019347
8.435	-0.024959
8.44	-0.02727
8.445	-0.026687
8.45	-0.025662
8.455	-0.025618
8.46	-0.02644
8.465	-0.027187
8.47	-0.027305
8.475	-0.02701
8.48	-0.026793
8.485	-0.027339
8.49	-0.03075
8.495	-0.036803
8.5	-0.04102
8.505	-0.041303
8.51	-0.039762
8.515	-0.038976
8.52	-0.040599
8.525	-0.047564
8.53	-0.055255
8.535	-0.061019
8.54	-0.067723
8.545	-0.07859
8.55	-0.091124
8.555	-0.09977
8.56	-0.10765
8.565	-0.11723
8.57	-0.1253
8.575	-0.13247
8.58	-0.13673
8.585	-0.13728
8.59	-0.13637
8.595	-0.13609
8.6	-0.13672
8.605	-0.13731
8.61	-0.13547
8.615	-0.12771
8.62	-0.11637
8.625	-0.10462
8.63	-0.094811
8.635	-0.086648
8.64	-0.082441
8.645	-0.081419
8.65	-0.080127
8.655	-0.079459
8.66	-0.078522
8.665	-0.079373
8.67	-0.081275
8.675	-0.08221
8.68	-0.081956
8.685	-0.081424
8.69	-0.081259
8.695	-0.081465
8.7	-0.081732
8.705	-0.08179
8.71	-0.081473
8.715	-0.078476
8.72	-0.07142
8.725	-0.064939
8.73	-0.059743
8.735	-0.05544
8.74	-0.050878
8.745	-0.044151
8.75	-0.039732
8.755	-0.039351
8.76	-0.040675
8.765	-0.041252
8.77	-0.040782
8.775	-0.043024
8.78	-0.052586
8.785	-0.064829
8.79	-0.073307
8.795	-0.080368
8.8	-0.087361
8.805	-0.092849
8.81	-0.094778
8.815	-0.093907
8.82	-0.090378
8.825	-0.083867
8.83	-0.078323
8.835	-0.073408
8.84	-0.066392
8.845	-0.057618
8.85	-0.05281
8.855	-0.052979
8.86	-0.054604
8.865	-0.053554
8.87	-0.047787
8.875	-0.040958
8.88	-0.039535
8.885	-0.045474
8.89	-0.053238
8.895	-0.056322
8.9	-0.054722
8.905	-0.052363
8.91	-0.051786
8.915	-0.052545
8.92	-0.05083
8.925	-0.044221
8.93	-0.035997
8.935	-0.026568
8.94	-0.017983
8.945	-0.0098173
8.95	0.00099319
8.955	0.014858
8.96	0.02961
8.965	0.042375
8.97	0.052205
8.975	0.061432
8.98	0.069887
8.985	0.077214
8.99	0.082716
8.995	0.08485
9	0.084385
9.005	0.083402
9.01	0.080696
9.015	0.07454
9.02	0.070122
9.025	0.069818
9.03	0.071408
9.035	0.07228
9.04	0.071799
9.045	0.070847
9.05	0.069908
9.055	0.066192
9.06	0.059499
9.065	0.055726
9.07	0.055858
9.075	0.053945
9.08	0.047559
9.085	0.042524
9.09	0.0398
9.095	0.035903
9.1	0.031104
9.105	0.026797
9.11	0.021764
9.115	0.016859
9.12	0.011459
9.125	0.0050219
9.13	0.0014968
9.135	9.9486e-05
9.14	-0.00022839
9.145	0.001528
9.15	0.0030058
9.155	0.0029464
9.16	0.0021352
9.165	0.0016477
9.17	0.0017763
9.175	0.0021467
9.18	0.0023435
9.185	0.0020688
9.19	-7.7558e-05
9.195	-0.0053416
9.2	-0.010721
9.205	-0.012562
9.21	-0.011945
9.215	-0.014522
9.22	-0.021541
9.225	-0.026868
9.23	-0.03126
9.235	-0.038924
9.24	-0.049576
9.245	-0.060912
9.25	-0.07102
9.255	-0.078533
9.26	-0.080716
9.265	-0.079558
9.27	-0.078738
9.275	-0.079425
9.28	-0.080655
9.285	-0.081109
9.29	-0.078849
9.295	-0.072652
9.3	-0.062908
9.305	-0.051929
9.31	-0.043544
9.315	-0.037366
9.32	-0.029634
9.325	-0.019038
9.33	-0.0076315
9.335	0.0031832
9.34	0.01309
9.345	0.022817
9.35	0.031285
9.355	0.040017
9.36	0.050191
9.365	0.060762
9.37	0.069208
9.375	0.071752
9.38	0.070363
9.385	0.069015
9.39	0.06916
9.395	0.068224
9.4	0.062953
9.405	0.054496
9.41	0.0458
9.415	0.036915
9.42	0.029397
9.425	0.022419
9.43	0.014047
9.435	0.0060036
9.44	0.0015701
9.445	0.0013743
9.45	0.0026142
9.455	0.0029126
9.46	0.002092
9.465	0.002139
9.47	0.0070797
9.475	0.014386
9.48	0.018532
9.485	0.022271
9.49	0.026924
9.495	0.029775
9.5	0.032128
9.505	0.034708
9.51	0.035703
9.515	0.033286
9.52	0.029079
9.525	0.024582
9.53	0.018575
9.535	0.0082726
9.54	-0.005089
9.545	-0.014323
9.55	-0.020352
9.555	-0.023851
9.56	-0.024681
9.565	-0.024341
9.57	-0.024313
9.575	-0.02485
9.58	-0.024851
9.585	-0.021549
9.59	-0.015195
9.595	-0.010665
9.6	-0.010206
9.605	-0.010669
9.61	-0.0056972
9.615	0.0014096
9.62	0.0044424
9.625	0.0034423
9.63	0.0016308
9.635	0.0017277
9.64	0.0061397
9.645	0.013238
9.65	0.017651
9.655	0.017578
9.66	0.015729
9.665	0.013484
9.67	0.0077241
9.675	0.0022469
9.68	0.00096765
9.685	0.0025439
9.69	0.0040403
9.695	0.0040373
9.7	0.0030391
9.705	0.0020718
9.71	0.0017911
9.715	0.0019042
9.72	0.00019131
9.725	-0.0061531
9.73	-0.012187
9.735	-0.015543
9.74	-0.020384
9.745	-0.025731
9.75	-0.030333
9.755	-0.033333
9.76	-0.034405
9.765	-0.030242
9.77	-0.025072
9.775	-0.023537
9.78	-0.024854
9.785	-0.02441
9.79	-0.018005
9.795	-0.0093821
9.8	-0.00080355
9.805	0.0062699
9.81	0.012952
9.815	0.019052
9.82	0.025991
9.825	0.031617
9.83	0.036844
9.835	0.041956
9.84	0.04713
9.845	0.053858
9.85	0.058075
9.855	0.058451
9.86	0.05752
9.865	0.058708
9.87	0.064095
9.875	0.070635
9.88	0.073528
9.885	0.072379
9.89	0.069077
9.895	0.063995
9.9	0.059051
9.905	0.057152
9.91	0.056523
9.915	0.052772
9.92	0.046725
9.925	0.04197
9.93	0.039825
9.935	0.038476
9.94	0.034269
9.945	0.030837
9.95	0.030159
9.955	0.030581
9.96	0.027378
9.965	0.020191
9.97	0.015628
9.975	0.015734
9.98	0.017714
9.985	0.019104
9.99	0.022398
9.995	0.028704
10	0.034487
10.005	0.039948
10.01	0.046084
10.015	0.05279
10.02	0.058269
10.025	0.063461
10.03	0.069635
10.035	0.073002
10.04	0.072957
10.045	0.071848
10.05	0.071554
10.055	0.071927
10.06	0.070461
10.065	0.065142
10.07	0.059501
10.075	0.057619
10.08	0.059652
10.085	0.065875
10.09	0.071817
10.095	0.069125
10.1	0.059497
10.105	0.046766
10.11	0.034807
10.115	0.028856
10.12	0.025345
10.125	0.020384
10.13	0.013089
10.135	0.0069407
10.14	0.0002289
10.145	-0.0082252
10.15	-0.016703
10.155	-0.022928
10.16	-0.024852
10.165	-0.026086
10.17	-0.028588
10.175	-0.030569
10.18	-0.030735
10.185	-0.028031
10.19	-0.024358
10.195	-0.02287
10.2	-0.023572
10.205	-0.024608
10.21	-0.024775
10.215	-0.024129
10.22	-0.023605
10.225	-0.02363
10.23	-0.023894
10.235	-0.024055
10.24	-0.02408
10.245	-0.024523
10.25	-0.026765
10.255	-0.02642
10.26	-0.020058
10.265	-0.0085618
10.27	0.002114
10.275	0.0066273
10.28	0.0072488
10.285	0.0052665
10.29	0.0029687
10.295	0.0016504
10.3	-0.003046
10.305	-0.0097163
10.31	-0.01761
10.315	-0.023107
10.32	-0.025056
10.325	-0.029494
10.33	-0.035058
10.335	-0.037494
10.34	-0.03695
10.345	-0.035853
10.35	-0.035705
10.355	-0.036337
10.36	-0.036892
10.365	-0.036841
10.37	-0.036568
10.375	-0.036296
10.38	-0.036012
10.385	-0.036423
10.39	-0.039934
10.395	-0.046234
10.4	-0.050664
10.405	-0.052092
10.41	-0.056456
10.415	-0.063489
10.42	-0.073058
10.425	-0.082967
10.43	-0.091562
10.435	-0.099768
10.44	-0.1062
10.445	-0.11275
10.45	-0.11749
10.455	-0.12043
10.46	-0.12576
10.465	-0.13084
10.47	-0.13245
10.475	-0.13157
10.48	-0.13061
10.485	-0.13068
10.49	-0.13139
10.495	-0.13191
10.5	-0.13195
10.505	-0.13154
10.51	-0.13002
10.515	-0.1256
10.52	-0.1195
10.525	-0.11507
10.53	-0.11118
10.535	-0.1066
10.54	-0.10366
10.545	-0.10332
10.55	-0.10405
10.555	-0.10441
10.56	-0.10398
10.565	-0.10138
10.57	-0.094615
10.575	-0.088868
10.58	-0.087773
10.585	-0.087707
10.59	-0.082627
10.595	-0.07558
10.6	-0.069069
10.605	-0.062099
10.61	-0.053683
10.615	-0.046342
10.62	-0.037468
10.625	-0.025773
10.63	-0.015067
10.635	-0.0065341
10.64	0.0034462
10.645	0.01646
10.65	0.03006
10.655	0.040134
10.66	0.047487
10.665	0.057083
10.67	0.068873
10.675	0.077806
10.68	0.08455
10.685	0.089033
10.69	0.093392
10.695	0.098644
10.7	0.10181
10.705	0.10017
10.71	0.091771
10.715	0.081171
10.72	0.072218
10.725	0.062555
10.73	0.050001
10.735	0.036379
10.74	0.024175
10.745	0.012189
10.75	0.0042095
10.755	0.0013729
10.76	0.0034693
10.765	0.0062717
10.77	0.0065132
10.775	0.0048392
10.78	0.0035917
10.785	0.0036691
10.79	0.0043964
10.795	0.0047949
10.8	0.0036652
10.805	-0.00080745
10.81	-0.0070731
10.815	-0.011477
10.82	-0.015288
10.825	-0.019682
10.83	-0.02245
10.835	-0.022712
10.84	-0.021848
10.845	-0.021458
10.85	-0.021853
10.855	-0.022338
10.86	-0.021422
10.865	-0.017046
10.87	-0.012598
10.875	-0.01539
10.88	-0.021472
10.885	-0.024247
10.89	-0.022951
10.895	-0.02065
10.9	-0.018748
10.905	-0.015026
10.91	-0.0096923
10.915	-0.0065132
10.92	-0.0065686
10.925	-0.0076756
10.93	-0.0077725
10.935	-0.0068034
10.94	-0.0058
10.945	-0.0053683
10.95	-0.0055159
10.955	-0.0059175
10.96	-0.0075662
10.965	-0.012338
10.97	-0.018043
10.975	-0.020497
10.98	-0.01975
10.985	-0.018518
10.99	-0.021118
10.995	-0.028837
11	-0.034486
11.005	-0.034874
11.01	-0.032709
11.015	-0.031398
11.02	-0.031851
11.025	-0.033187
11.03	-0.035374
11.035	-0.037447
11.04	-0.0361
11.045	-0.033508
11.05	-0.032401
11.055	-0.032697
11.06	-0.030677
11.065	-0.023803
11.07	-0.015548
11.075	-0.0063795
11.08	0.0019712
11.085	0.010102
11.09	0.020997
11.095	0.034808
11.1	0.048222
11.105	0.058796
11.11	0.06814
11.115	0.07763
11.12	0.086912
11.125	0.094544
11.13	0.10101
11.135	0.10375
11.14	0.10341
11.145	0.10257
11.15	0.10265
11.155	0.10298
11.16	0.099777
11.165	0.092826
11.17	0.088514
11.175	0.088672
11.18	0.090494
11.185	0.090881
11.19	0.086592
11.195	0.078853
11.2	0.074516
11.205	0.075084
11.21	0.077388
11.215	0.078513
11.22	0.077952
11.225	0.076831
11.23	0.075853
11.235	0.072172
11.24	0.065095
11.245	0.057544
11.25	0.051135
11.255	0.049456
11.26	0.054368
11.265	0.062702
11.27	0.066807
11.275	0.065541
11.28	0.063002
11.285	0.062372
11.29	0.063539
11.295	0.065265
11.3	0.069518
11.305	0.076788
11.31	0.084515
11.315	0.091277
11.32	0.094546
11.325	0.098617
11.33	0.10431
11.335	0.10793
11.34	0.11051
11.345	0.11292
11.35	0.11362
11.355	0.11124
11.36	0.10766
11.365	0.10619
11.37	0.10661
11.375	0.10489
11.38	0.098443
11.385	0.087293
11.39	0.073622
11.395	0.062147
11.4	0.054857
11.405	0.048042
11.41	0.041641
11.415	0.038034
11.42	0.033237
11.425	0.027028
11.43	0.023125
11.435	0.01861
11.44	0.013043
11.445	0.0098558
11.45	0.0073335
11.455	0.0025527
11.46	-0.0029818
11.465	-0.0099607
11.47	-0.018925
11.475	-0.027733
11.48	-0.037274
11.485	-0.049423
11.49	-0.063169
11.495	-0.074778
11.5	-0.082734
11.505	-0.091019
11.51	-0.10319
11.515	-0.11786
11.52	-0.13016
11.525	-0.13742
11.53	-0.14064
11.535	-0.14513
11.54	-0.15134
11.545	-0.15479
11.55	-0.15475
11.555	-0.15281
11.56	-0.14747
11.565	-0.14021
11.57	-0.13262
11.575	-0.12598
11.58	-0.11863
11.585	-0.10627
11.59	-0.091385
11.595	-0.081676
11.6	-0.074509
11.605	-0.064857
11.61	-0.056301
11.615	-0.048709
11.62	-0.04347
11.625	-0.041005
11.63	-0.035797
11.635	-0.029687
11.64	-0.027138
11.645	-0.027853
11.65	-0.029061
11.655	-0.028644
11.66	-0.024952
11.665	-0.020492
11.67	-0.016966
11.675	-0.017628
11.68	-0.020888
11.685	-0.022223
11.69	-0.019664
11.695	-0.019602
11.7	-0.018556
11.705	-0.015164
11.71	-0.013023
11.715	-0.013158
11.72	-0.014176
11.725	-0.015145
11.73	-0.017247
11.735	-0.017714
11.74	-0.018767
11.745	-0.023284
11.75	-0.027586
11.755	-0.027621
11.76	-0.020789
11.765	-0.012321
11.77	-0.004506
11.775	-9.1284e-07
11.78	0.0011238
11.785	0.0054029
11.79	0.011482
11.795	0.014581
11.8	0.014186
11.805	0.012677
11.81	0.011105
11.815	0.0059514
11.82	-0.00076269
11.825	-0.0084325
11.83	-0.014042
11.835	-0.016182
11.84	-0.020471
11.845	-0.025476
11.85	-0.02453
11.855	-0.017948
11.86	-0.012595
11.865	-0.01102
11.87	-0.0073132
11.875	-0.0023033
11.88	-0.0010825
11.885	-0.007462
11.89	-0.016168
11.895	-0.024264
11.9	-0.028717
11.905	-0.028556
11.91	-0.026843
11.915	-0.026299
11.92	-0.026605
11.925	-0.024212
11.93	-0.01842
11.935	-0.013869
11.94	-0.013191
11.945	-0.014537
11.95	-0.014424
11.955	-0.009312
11.96	-0.0066567
11.965	-0.0047456
11.97	-0.0018571
11.975	-0.00081972
11.98	-0.0039123
11.985	-0.0083587
11.99	-0.012486
11.995	-0.014677
12	-0.014507
12.005	-0.013609
12.01	-0.013367
12.015	-0.013949
12.02	-0.015713
12.025	-0.021843
12.03	-0.02826
12.035	-0.03014
12.04	-0.028573
12.045	-0.026965
12.05	-0.026959
12.055	-0.027953
12.06	-0.028658
12.065	-0.027578
12.07	-0.021367
12.075	-0.014551
12.08	-0.01246
12.085	-0.014093
12.09	-0.015887
12.095	-0.016011
12.1	-0.015028
12.105	-0.014197
12.11	-0.014088
12.115	-0.01443
12.12	-0.014746
12.125	-0.014792
12.13	-0.014671
12.135	-0.014475
12.14	-0.013311
12.145	-0.0074972
12.15	-0.0009854
12.155	0.0016642
12.16	0.0036144
12.165	0.0079063
12.17	0.01299
12.175	0.019463
12.18	0.026475
12.185	0.033685
12.19	0.040488
12.195	0.047233
12.2	0.052948
12.205	0.054952
12.21	0.054263
12.215	0.053443
12.22	0.05366
12.225	0.054409
12.23	0.054148
12.235	0.049234
12.24	0.041369
12.245	0.033245
12.25	0.027399
12.255	0.026213
12.26	0.027642
12.265	0.028601
12.27	0.028089
12.275	0.026987
12.28	0.026368
12.285	0.026511
12.29	0.027696
12.295	0.032775
12.3	0.03952
12.305	0.042442
12.31	0.041418
12.315	0.039652
12.32	0.039307
12.325	0.040166
12.33	0.04063
12.335	0.03802
12.34	0.031908
12.345	0.026651
12.35	0.025487
12.355	0.026962
12.36	0.028202
12.365	0.028042
12.37	0.027145
12.375	0.026518
12.38	0.026443
12.385	0.025931
12.39	0.021297
12.395	0.014526
12.4	0.011356
12.405	0.012215
12.41	0.013943
12.415	0.013863
12.42	0.0096921
12.425	0.0025081
12.43	-0.002298
12.435	-0.0035398
12.44	-0.0074642
12.445	-0.012983
12.45	-0.01551
12.455	-0.013896
12.46	-0.0068635
12.465	-8.1608e-05
12.47	0.001418
12.475	-0.0006938
12.48	-0.0025526
12.485	-0.0024835
12.49	-0.0013007
12.495	-0.00042018
12.5	-0.00037196
12.505	-0.00078097
12.51	-0.0011017
12.515	-0.0011231
12.52	-0.0009789
12.525	-0.00086291
12.53	-0.00085718
12.535	-0.0009103
12.54	-0.00095206
12.545	-0.0009578
12.55	-0.00093896
12.555	-0.00092521
12.56	-0.00092447
12.565	-0.00093242
12.57	-0.00093803
12.575	-0.00093844
12.58	-0.00094072
12.585	-0.0009376
12.59	-0.00093237
12.595	-0.0008373
12.6	0.00032614
12.605	0.0062026
12.61	0.012734
12.615	0.014799
12.62	0.013309
12.625	0.011692
12.63	0.012192
12.635	0.016097
12.64	0.020121
12.645	0.020681
12.65	0.016658
12.655	0.012265
12.66	0.011056
12.665	0.011231
12.67	0.0065955
12.675	-0.00099341
12.68	-0.0096293
12.685	-0.015268
12.69	-0.01593
12.695	-0.016142
12.7	-0.021627
12.705	-0.02806
12.71	-0.03042
12.715	-0.029291
12.72	-0.027749
12.725	-0.027447
12.73	-0.027213
12.735	-0.024663
12.74	-0.02092
12.745	-0.016847
12.75	-0.014358
12.755	-0.012323
12.76	-0.0067563
12.765	-0.0011444
12.77	0.0024658
12.775	0.0076936
12.78	0.012277
12.785	0.013546
12.79	0.012685
12.795	0.011919
12.8	0.012127
12.805	0.012846
12.81	0.013322
12.815	0.01356
12.82	0.015577
12.825	0.021936
12.83	0.027506
12.835	0.028686
12.84	0.028984
12.845	0.034031
12.85	0.039985
12.855	0.042168
12.86	0.041314
12.865	0.041951
12.87	0.048178
12.875	0.054666
12.88	0.056442
12.885	0.053856
12.89	0.04894
12.895	0.044806
12.9	0.041754
12.905	0.04068
12.91	0.041114
12.915	0.041605
12.92	0.041303
12.925	0.039183
12.93	0.033907
12.935	0.027969
12.94	0.025609
12.945	0.026768
12.95	0.028423
12.955	0.028681
12.96	0.027811
12.965	0.026746
12.97	0.023684
12.975	0.017085
12.98	0.012436
12.985	0.012184
12.99	0.013947
12.995	0.014911
13	0.014432
13.005	0.013459
13.01	0.012968
13.015	0.013089
13.02	0.01331
13.025	0.012177
13.03	0.010136
13.035	0.01099
13.04	0.013241
13.045	0.014352
13.05	0.014026
13.055	0.013662
13.06	0.017101
13.065	0.024435
13.07	0.028989
13.075	0.029252
13.08	0.031087
13.085	0.037193
13.09	0.041859
13.095	0.042487
13.1	0.041035
13.105	0.039981
13.11	0.040184
13.115	0.041096
13.12	0.041722
13.125	0.041717
13.13	0.041398
13.135	0.041169
13.14	0.041071
13.145	0.041067
13.15	0.041108
13.155	0.041001
13.16	0.040865
13.165	0.040781
13.17	0.040337
13.175	0.036536
13.18	0.029505
13.185	0.025193
13.19	0.023433
13.195	0.020023
13.2	0.015246
13.205	0.010747
13.21	0.0054763
13.215	0.00074295
13.22	-0.0016798
13.225	-0.0058463
13.23	-0.011799
13.235	-0.015027
13.24	-0.015573
13.245	-0.019153
13.25	-0.025547
13.255	-0.029189
13.26	-0.028956
13.265	-0.027405
13.27	-0.026793
13.275	-0.02736
13.28	-0.028155
13.285	-0.028466
13.29	-0.028288
13.295	-0.027995
13.3	-0.027875
13.305	-0.027928
13.31	-0.027989
13.315	-0.027557
13.32	-0.024518
13.325	-0.018434
13.33	-0.01353
13.335	-0.01229
13.34	-0.010849
13.345	-0.0060081
13.35	-0.00048154
13.355	0.0041872
13.36	0.0092024
13.365	0.013464
13.37	0.017296
13.375	0.022408
13.38	0.026727
13.385	0.02726
13.39	0.021676
13.395	0.014174
13.4	0.011281
13.405	0.01287
13.41	0.015092
13.415	0.015513
13.42	0.014479
13.425	0.013341
13.43	0.011925
13.435	0.00639
13.44	0.00023736
13.445	-0.0017813
13.45	-0.0013584
13.455	-0.0054811
13.46	-0.011936
13.465	-0.015604
13.47	-0.01844
13.475	-0.023072
13.48	-0.026927
13.485	-0.027825
13.49	-0.026435
13.495	-0.022805
13.5	-0.019215
13.505	-0.016426
13.51	-0.017263
13.515	-0.020874
13.52	-0.025428
13.525	-0.028163
13.53	-0.028003
13.535	-0.026746
13.54	-0.02621
13.545	-0.026707
13.55	-0.028036
13.555	-0.031871
13.56	-0.037951
13.565	-0.042003
13.57	-0.042165
13.575	-0.040628
13.58	-0.039841
13.585	-0.040324
13.59	-0.041192
13.595	-0.041616
13.6	-0.041485
13.605	-0.041178
13.61	-0.041021
13.615	-0.041054
13.62	-0.041112
13.625	-0.040536
13.63	-0.036994
13.635	-0.030745
13.64	-0.026417
13.645	-0.026042
13.65	-0.026462
13.655	-0.021419
13.66	-0.014266
13.665	-0.01124
13.67	-0.012179
13.675	-0.013261
13.68	-0.010726
13.685	-0.007582
13.69	-0.0079262
13.695	-0.008994
13.7	-0.011024
13.705	-0.01296
13.71	-0.01351
13.715	-0.014739
13.72	-0.020424
13.725	-0.026174
13.73	-0.027944
13.735	-0.028587
13.74	-0.033613
13.745	-0.039383
13.75	-0.041435
13.755	-0.040245
13.76	-0.0369
13.765	-0.030403
13.77	-0.025408
13.775	-0.024865
13.78	-0.026637
13.785	-0.027653
13.79	-0.026125
13.795	-0.020891
13.8	-0.01425
13.805	-0.010868
13.81	-0.011463
13.815	-0.013121
13.82	-0.013449
13.825	-0.012524
13.83	-0.011577
13.835	-0.011318
13.84	-0.011656
13.845	-0.012131
13.85	-0.012248
13.855	-0.012037
13.86	-0.0099976
13.865	-0.0036337
13.87	0.0020714
13.875	0.0032346
13.88	0.001421
13.885	-0.0013766
13.89	-0.00452
13.895	-0.0047796
13.9	-0.0023871
13.905	-0.0011654
13.91	0.00014934
13.915	0.0011248
13.92	0.0012189
13.925	0.00088001
13.93	0.00062747
13.935	0.00054317
13.94	0.00070389
13.945	0.0010288
13.95	0.00099496
13.955	-0.00085401
13.96	-0.0060443
13.965	-0.012047
13.97	-0.014732
13.975	-0.015546
13.98	-0.019208
13.985	-0.025059
13.99	-0.028733
13.995	-0.031561
14	-0.037161
14.005	-0.041838
14.01	-0.045633
14.015	-0.051522
14.02	-0.05575
14.025	-0.056581
14.03	-0.057134
14.035	-0.058409
14.04	-0.059022
14.045	-0.059068
14.05	-0.057279
14.055	-0.055615
14.06	-0.054878
14.065	-0.051463
14.07	-0.044577
14.075	-0.039864
14.08	-0.036258
14.085	-0.031101
14.09	-0.027481
14.095	-0.024984
14.1	-0.020586
14.105	-0.01551
14.11	-0.012659
14.115	-0.0091798
14.12	-0.0031522
14.125	0.00083072
14.13	0.0012585
14.135	0.00031491
14.14	0.0015469
14.145	0.0041244
14.15	0.0060964
14.155	0.010189
14.16	0.014628
14.165	0.016343
14.17	0.01567
14.175	0.014842
14.18	0.015007
14.185	0.015761
14.19	0.016535
14.195	0.017536
14.2	0.019996
14.205	0.021764
14.21	0.024275
14.215	0.027105
14.22	0.028649
14.225	0.027639
14.23	0.022868
14.235	0.018261
14.24	0.016538
14.245	0.013317
14.25	0.008002
14.255	0.0046922
14.26	0.0022194
14.265	-0.0022145
14.27	-0.0069812
14.275	-0.011353
14.28	-0.016839
14.285	-0.023868
14.29	-0.030913
14.295	-0.034959
14.3	-0.038022
14.305	-0.042654
14.31	-0.046444
14.315	-0.047233
14.32	-0.04611
14.325	-0.045216
14.33	-0.045344
14.335	-0.045801
14.34	-0.045971
14.345	-0.045748
14.35	-0.04438
14.355	-0.038354
14.36	-0.031536
14.365	-0.028131
14.37	-0.023664
14.375	-0.018672
14.38	-0.017084
14.385	-0.020469
14.39	-0.024563
14.395	-0.025027
14.4	-0.020704
14.405	-0.016071
14.41	-0.01487
14.415	-0.016103
14.42	-0.017305
14.425	-0.017414
14.43	-0.017377
14.435	-0.02034
14.44	-0.026424
14.445	-0.030729
14.45	-0.030972
14.455	-0.029307
14.46	-0.027826
14.465	-0.025235
14.47	-0.021838
14.475	-0.018069
14.48	-0.015834
14.485	-0.015761
14.49	-0.016475
14.495	-0.016635
14.5	-0.015925
14.505	-0.013513
14.51	-0.007967
14.515	-0.0044653
14.52	-0.0031206
14.525	-0.0025464
14.53	-0.001256
14.535	0.0030239
14.54	0.00928
14.545	0.014017
14.55	0.018111
14.555	0.022675
14.56	0.025502
14.565	0.025799
14.57	0.02516
14.575	0.025145
14.58	0.025778
14.585	0.026363
14.59	0.026503
14.595	0.026334
14.6	0.02615
14.605	0.026111
14.61	0.026245
14.615	0.026537
14.62	0.026759
14.625	0.026772
14.63	0.026685
14.635	0.026627
14.64	0.026628
14.645	0.026494
14.65	0.02449
14.655	0.018098
14.66	0.012342
14.665	0.011138
14.67	0.012808
14.675	0.014044
14.68	0.012412
14.685	0.0080008
14.69	0.0050828
14.695	0.0066149
14.7	0.0115
14.705	0.014666
14.71	0.014385
14.715	0.012861
14.72	0.012151
14.725	0.012553
14.73	0.013262
14.735	0.013596
14.74	0.013477
14.745	0.013095
14.75	0.01143
14.755	0.0079197
14.76	0.0069073
14.765	0.0105
14.77	0.015439
14.775	0.019665
14.78	0.021073
14.785	0.021509
14.79	0.024025
14.795	0.026587
14.8	0.027375
14.805	0.027181
14.81	0.028408
14.815	0.033367
14.82	0.039576
14.825	0.042415
14.83	0.041651
14.835	0.04009
14.84	0.039716
14.845	0.040458
14.85	0.041399
14.855	0.043206
14.86	0.047865
14.865	0.053497
14.87	0.056044
14.875	0.05533
14.88	0.053715
14.885	0.050549
14.89	0.044364
14.895	0.040132
14.9	0.039761
14.905	0.038628
14.91	0.033855
14.915	0.030239
14.92	0.026445
14.925	0.02067
14.93	0.014859
14.935	0.012352
14.94	0.01147
14.945	0.0077382
14.95	0.0018911
14.955	-0.0015011
14.96	-0.0014048
14.965	-6.4435e-05
14.97	0.00048948
14.975	-1.0351e-06
14.98	-0.00073187
14.985	-0.0011553
14.99	-0.002459
14.995	-0.0057622
15	-0.0094314
15.005	-0.011512
15.01	-0.0082542
15.015	-0.002
15.02	0.0013576
15.025	0.00065177
15.03	-0.0012944
15.035	-0.0020498
15.04	-0.0014166
15.045	-0.0004927
15.05	-0.00012551
15.055	-0.00032123
15.06	-0.00068296
15.065	-0.0012464
15.07	-0.0045394
15.075	-0.007605
15.08	-0.004586
15.085	-0.00016751
15.09	0.0012994
15.095	0.00018202
15.1	-0.00076193
15.105	0.0027873
15.11	0.010399
15.115	0.015084
15.12	0.015303
15.125	0.017041
15.13	0.023096
15.135	0.027789
15.14	0.028661
15.145	0.028941
15.15	0.029851
15.155	0.030803
15.16	0.034577
15.165	0.037902
15.17	0.036704
15.175	0.033735
15.18	0.030673
15.185	0.027807
15.19	0.026786
15.195	0.027321
15.2	0.027974
15.205	0.027954
15.21	0.027484
15.215	0.027105
15.22	0.027053
15.225	0.027208
15.23	0.027309
15.235	0.026864
15.24	0.022979
15.245	0.015918
15.25	0.011899
15.255	0.012785
15.26	0.018538
15.265	0.026318
15.27	0.029692
15.275	0.028292
15.28	0.02553
15.285	0.021155
15.29	0.015156
15.295	0.012229
15.3	0.012946
15.305	0.014518
15.31	0.014878
15.315	0.014094
15.32	0.013242
15.325	0.012994
15.33	0.013248
15.335	0.013558
15.34	0.013671
15.345	0.013812
15.35	0.015408
15.355	0.017228
15.36	0.017949
15.365	0.021419
15.37	0.0279
15.375	0.031886
15.38	0.029945
15.385	0.026333
15.39	0.023554
15.395	0.022795
15.4	0.023485
15.405	0.02295
15.41	0.023869
15.415	0.026488
15.42	0.027732
15.425	0.025521
15.43	0.023339
15.435	0.022094
15.44	0.019094
15.445	0.017263
15.45	0.016798
15.455	0.015983
15.46	0.017242
15.465	0.019853
15.47	0.019099
15.475	0.015403
15.48	0.012955
15.485	0.013084
15.49	0.014295
15.495	0.01496
15.5	0.01473
15.505	0.014188
15.51	0.013885
15.515	0.013786
15.52	0.013745
15.525	0.013747
15.53	0.013762
15.535	0.013766
15.54	0.013748
15.545	0.013737
15.55	0.013735
15.555	0.013751
15.56	0.013807
15.565	0.014027
15.57	0.014266
15.575	0.014344
15.58	0.014294
15.585	0.014202
15.59	0.013996
15.595	0.013805
15.6	0.013769
15.605	0.013834
15.61	0.013887
15.615	0.01389
15.62	0.013859
15.625	0.013843
15.63	0.013843
15.635	0.01377
15.64	0.012621
15.645	0.0067487
15.65	0.00022062
15.655	-0.0018395
15.66	-0.00033534
15.665	0.001327
15.67	0.0013337
15.675	-0.00055787
15.68	-0.0036303
15.685	-0.0045043
15.69	-0.006034
15.695	-0.010235
15.7	-0.014778
15.705	-0.019813
15.71	-0.025115
15.715	-0.027945
15.72	-0.028008
15.725	-0.02897
15.73	-0.034891
15.735	-0.041007
15.74	-0.042795
15.745	-0.041371
15.75	-0.039876
15.755	-0.03981
15.76	-0.040517
15.765	-0.039336
15.77	-0.034115
15.775	-0.030377
15.78	-0.029597
15.785	-0.031329
15.79	-0.032013
15.795	-0.031979
15.8	-0.030111
15.805	-0.029003
15.81	-0.03027
15.815	-0.031081
15.82	-0.03133
15.825	-0.029449
15.83	-0.027362
15.835	-0.026788
15.84	-0.027353
15.845	-0.027934
15.85	-0.027971
15.855	-0.027652
15.86	-0.027362
15.865	-0.027068
15.87	-0.024299
15.875	-0.017756
15.88	-0.015706
15.885	-0.022233
15.89	-0.029004
15.895	-0.030384
15.9	-0.028066
15.905	-0.026012
15.91	-0.026086
15.915	-0.028861
15.92	-0.033325
15.925	-0.035928
15.93	-0.037393
15.935	-0.039583
15.94	-0.040975
15.945	-0.040965
15.95	-0.040488
15.955	-0.040363
15.96	-0.040626
15.965	-0.040914
15.97	-0.040993
15.975	-0.040895
15.98	-0.040785
15.985	-0.040745
15.99	-0.04077
15.995	-0.040809
16	-0.040838
16.005	-0.04108
16.01	-0.043217
16.015	-0.048643
16.02	-0.054183
16.025	-0.056023
16.03	-0.054882
16.035	-0.053561
16.04	-0.053512
16.045	-0.054297
16.05	-0.054563
16.055	-0.052249
16.06	-0.048948
16.065	-0.049152
16.07	-0.050158
16.075	-0.047224
16.08	-0.044149
16.085	-0.042762
16.09	-0.041604
16.095	-0.041357
16.1	-0.04371
16.105	-0.04681
16.11	-0.045884
16.115	-0.041864
16.12	-0.039317
16.125	-0.039565
16.13	-0.040928
16.135	-0.04165
16.14	-0.041397
16.145	-0.040809
16.15	-0.040096
16.155	-0.036927
16.16	-0.031523
16.165	-0.029615
16.17	-0.029542
16.175	-0.028777
16.18	-0.027841
16.185	-0.027348
16.19	-0.027287
16.195	-0.027362
16.2	-0.027338
16.205	-0.026661
16.21	-0.02308
16.215	-0.016847
16.22	-0.012477
16.225	-0.011057
16.23	-0.0067676
16.235	-0.0011047
16.24	0.0013982
16.245	0.00078374
16.25	-0.00035361
16.255	0.00059532
16.26	0.007276
16.265	0.016467
16.27	0.025077
16.275	0.029172
16.28	0.028666
16.285	0.028067
16.29	0.03207
16.295	0.039284
16.3	0.043895
16.305	0.043961
16.31	0.042093
16.315	0.041088
16.32	0.041527
16.325	0.042339
16.33	0.041665
16.335	0.037276
16.34	0.030836
16.345	0.027021
16.35	0.025307
16.355	0.020592
16.36	0.0155
16.365	0.013651
16.37	0.01435
16.375	0.015073
16.38	0.012961
16.385	0.0059
16.39	-0.00038219
16.395	-0.0026238
16.4	-0.0048294
16.405	-0.0093054
16.41	-0.012975
16.415	-0.013854
16.42	-0.013057
16.425	-0.012376
16.43	-0.01247
16.435	-0.01296
16.44	-0.013327
16.445	-0.013387
16.45	-0.013272
16.455	-0.013135
16.46	-0.013025
16.465	-0.012947
16.47	-0.012879
16.475	-0.012943
16.48	-0.014379
16.485	-0.017782
16.49	-0.018936
16.495	-0.015724
16.5	-0.012316
16.505	-0.0116
16.51	-0.012799
16.515	-0.013856
16.52	-0.012548
16.525	-0.007306
16.53	-0.0010414
16.535	0.0016615
16.54	0.00076393
16.545	-0.00086489
16.55	-0.0013206
16.555	-0.00069782
16.56	8.874e-05
16.565	0.00050896
16.57	0.00059093
16.575	0.00036707
16.58	-0.0024828
16.585	-0.0094274
16.59	-0.014588
16.595	-0.015228
16.6	-0.013635
16.605	-0.012669
16.61	-0.01305
16.615	-0.013897
16.62	-0.014204
16.625	-0.012566
16.63	-0.0075035
16.635	-0.0016369
16.64	0.00070456
16.645	-0.00042315
16.65	-0.0021514
16.655	-0.0024691
16.66	-0.00026959
16.665	0.0052741
16.67	0.011277
16.675	0.013574
16.68	0.012495
16.685	0.011205
16.69	0.013741
16.695	0.019776
16.7	0.021976
16.705	0.021401
16.71	0.021247
16.715	0.021645
16.72	0.023947
16.725	0.026053
16.73	0.026693
16.735	0.026487
16.74	0.026328
16.745	0.025343
16.75	0.024794
16.755	0.027327
16.76	0.03038
16.765	0.031802
16.77	0.0319
16.775	0.031886
16.78	0.032442
16.785	0.033369
16.79	0.033955
16.795	0.032655
16.8	0.031034
16.805	0.032174
16.81	0.033897
16.815	0.034266
16.82	0.03353
16.825	0.032665
16.83	0.032222
16.835	0.031984
16.84	0.031442
16.845	0.030436
16.85	0.028973
16.855	0.027323
16.86	0.026126
16.865	0.028542
16.87	0.03454
16.875	0.037781
16.88	0.03506
16.885	0.027993
16.89	0.023676
16.895	0.026005
16.9	0.030229
16.905	0.033718
16.91	0.036185
16.915	0.03693
16.92	0.036992
16.925	0.037845
16.93	0.039868
16.935	0.042574
16.94	0.045142
16.945	0.046557
16.95	0.04502
16.955	0.041536
16.96	0.037578
16.965	0.033714
16.97	0.02775
16.975	0.02043
16.98	0.014002
16.985	0.0078346
16.99	0.0032263
16.995	0.0008509
17	-0.0038929
17.005	-0.010823
17.01	-0.014914
17.015	-0.015331
17.02	-0.014309
17.025	-0.01318
17.03	-0.01008
17.035	-0.0037856
17.04	0.0022292
17.045	0.0048627
17.05	0.0050623
17.055	0.0057688
17.06	0.011331
17.065	0.019261
17.07	0.023233
17.075	0.023122
17.08	0.024031
17.085	0.026391
17.09	0.028162
17.095	0.030498
17.1	0.03242
17.105	0.03242
17.11	0.031113
17.115	0.029812
17.12	0.02859
17.125	0.025802
17.13	0.023963
17.135	0.020229
17.14	0.017135
17.145	0.014862
17.15	0.012915
17.155	0.012074
17.16	0.01209
17.165	0.012178
17.17	0.011925
17.175	0.011388
17.18	0.010326
17.185	0.0065951
17.19	0.00041679
17.195	-0.0037216
17.2	-0.003891
17.205	-0.0028264
17.21	-0.005399
17.215	-0.011996
17.22	-0.017145
17.225	-0.01785
17.23	-0.016089
17.235	-0.014878
17.24	-0.016784
17.245	-0.023375
17.25	-0.027732
17.255	-0.023602
17.26	-0.014347
17.265	-0.0081529
17.27	-0.0075412
17.275	-0.0091743
17.28	-0.0095678
17.285	-0.0081047
17.29	-0.0062387
17.295	-0.0053954
17.3	-0.0066113
17.305	-0.010526
17.31	-0.01407
17.315	-0.015214
17.32	-0.015817
17.325	-0.01898
17.33	-0.022949
17.335	-0.025359
17.34	-0.026343
17.345	-0.027185
17.35	-0.028512
17.355	-0.030749
17.36	-0.033727
17.365	-0.03223
17.37	-0.024449
17.375	-0.01895
17.38	-0.022396
17.385	-0.030885
17.39	-0.035827
17.395	-0.034829
17.4	-0.031564
17.405	-0.02963
17.41	-0.02837
17.415	-0.024473
17.42	-0.018906
17.425	-0.015771
17.43	-0.01571
17.435	-0.016406
17.44	-0.014715
17.445	-0.0086657
17.45	-0.0016626
17.455	0.001356
17.46	0.00059272
17.465	-0.00081378
17.47	0.00058699
17.475	0.0055294
17.48	0.011072
17.485	0.015684
17.49	0.01648
17.495	0.013485
17.5	0.012543
17.505	0.015273
17.51	0.015234
17.515	0.011142
17.52	0.0078691
17.525	0.0076733
17.53	0.0089472
17.535	0.0095153
17.54	0.0086887
17.545	0.0070427
17.55	0.005233
17.555	0.0031076
17.56	-0.0022058
17.565	-0.010583
17.57	-0.015708
17.575	-0.016008
17.58	-0.01456
17.585	-0.014529
17.59	-0.019157
17.595	-0.027143
17.6	-0.031532
17.605	-0.030979
17.61	-0.028936
17.615	-0.028377
17.62	-0.029544
17.625	-0.031442
17.63	-0.035717
17.635	-0.040475
17.64	-0.038594
17.645	-0.032037
17.65	-0.027443
17.655	-0.026577
17.66	-0.027045
17.665	-0.026525
17.67	-0.024432
17.675	-0.018914
17.68	-0.010933
17.685	-0.0066001
17.69	-0.0068807
17.695	-0.0084993
17.7	-0.0086923
17.705	-0.0059905
17.71	-0.0015109
17.715	0.0024731
17.72	0.0048192
17.725	0.0042
17.73	0.00023961
17.735	-0.0045661
17.74	-0.0085894
17.745	-0.011899
17.75	-0.016901
17.755	-0.021272
17.76	-0.023068
17.765	-0.022433
17.77	-0.020772
17.775	-0.02259
17.78	-0.02725
17.785	-0.030469
17.79	-0.030785
17.795	-0.029504
17.8	-0.028155
17.805	-0.027208
17.81	-0.026385
17.815	-0.025455
17.82	-0.024481
17.825	-0.02361
17.83	-0.022903
17.835	-0.022332
17.84	-0.021904
17.845	-0.02162
17.85	-0.021212
17.855	-0.019334
17.86	-0.017954
17.865	-0.015541
17.87	-0.011511
17.875	-0.0096677
17.88	-0.011076
17.885	-0.015118
17.89	-0.01763
17.895	-0.018518
17.9	-0.021496
17.905	-0.023166
17.91	-0.019596
17.915	-0.014579
17.92	-0.012843
17.925	-0.014095
17.93	-0.015555
17.935	-0.015624
17.94	-0.014561
17.945	-0.01353
17.95	-0.01332
17.955	-0.013767
17.96	-0.014224
17.965	-0.013649
17.97	-0.0089134
17.975	-0.0022006
17.98	0.00098132
17.985	0.00038787
17.99	-0.00086148
17.995	-0.00028226
18	0.0039493
18.005	0.011234
18.01	0.017007
18.015	0.018444
18.02	0.017415
18.025	0.016841
18.03	0.01763
18.035	0.018867
18.04	0.019496
18.045	0.019293
18.05	0.019026
18.055	0.020478
18.06	0.021128
18.065	0.019083
18.07	0.016878
18.075	0.016193
18.08	0.016593
18.085	0.016957
18.09	0.016779
18.095	0.016281
18.1	0.015874
18.105	0.015751
18.11	0.015815
18.115	0.015863
18.12	0.015762
18.125	0.01507
18.13	0.011984
18.135	0.0080308
18.14	0.004162
18.145	0.0018176
18.15	0.0017639
18.155	0.0027961
18.16	0.0032273
18.165	0.0027407
18.17	0.0020385
18.175	0.0011719
18.18	-0.0021643
18.185	-0.0076338
18.19	-0.0095272
18.195	-0.009548
18.2	-0.010241
18.205	-0.011122
18.21	-0.011606
18.215	-0.011684
18.22	-0.011625
18.225	-0.01164
18.23	-0.011753
18.235	-0.01197
18.24	-0.013209
18.245	-0.019033
18.25	-0.024384
18.255	-0.020501
18.26	-0.012316
18.265	-0.0073828
18.27	-0.0029348
18.275	0.00085663
18.28	0.001844
18.285	0.00098018
18.29	0.0002053
18.295	0.00032222
18.3	0.00092145
18.305	0.0013588
18.31	0.0013984
18.315	0.0012326
18.32	0.0011449
18.325	0.0012348
18.33	0.0014079
18.335	0.0015609
18.34	0.0016647
18.345	0.0017424
18.35	0.0018243
18.355	0.00197
18.36	0.0027054
18.365	0.0063289
18.37	0.012638
18.375	0.017061
18.38	0.017475
18.385	0.015922
18.39	0.015126
18.395	0.016299
18.4	0.02027
18.405	0.023583
18.41	0.022169
18.415	0.020761
18.42	0.022022
18.425	0.024333
18.43	0.0278
18.435	0.02996
18.44	0.02684
18.445	0.019654
18.45	0.014659
18.455	0.014566
18.46	0.016796
18.465	0.01818
18.47	0.017883
18.475	0.016915
18.48	0.016371
18.485	0.016456
18.49	0.016728
18.495	0.016766
18.5	0.016488
18.505	0.016045
18.51	0.015583
18.515	0.015184
18.52	0.014843
18.525	0.01453
18.53	0.01422
18.535	0.013914
18.54	0.013663
18.545	0.0135
18.55	0.013404
18.555	0.013385
18.56	0.013442
18.565	0.013515
18.57	0.012708
18.575	0.0097152
18.58	0.0069592
18.585	0.0055618
18.59	0.0034238
18.595	0.001462
18.6	0.0010317
18.605	0.0016597
18.61	0.0021884
18.615	0.0012611
18.62	-0.0029976
18.625	-0.0089929
18.63	-0.012183
18.635	-0.0116
18.64	-0.0097997
18.645	-0.0090537
18.65	-0.0095814
18.655	-0.010425
18.66	-0.010767
18.665	-0.0096814
18.67	-0.0054631
18.675	0.00038321
18.68	0.0034583
18.685	0.0028918
18.69	0.0013341
18.695	0.00082917
18.7	0.001352
18.705	0.0018883
18.71	0.0018405
18.715	-0.00029155
18.72	-0.0066655
18.725	-0.012406
18.73	-0.01373
18.735	-0.013143
18.74	-0.015928
18.745	-0.022138
18.75	-0.026599
18.755	-0.027057
18.76	-0.025542
18.765	-0.024615
18.77	-0.02499
18.775	-0.025853
18.78	-0.02635
18.785	-0.026321
18.79	-0.026006
18.795	-0.024631
18.8	-0.02272
18.805	-0.023768
18.81	-0.025978
18.815	-0.026732
18.82	-0.026025
18.825	-0.0251
18.83	-0.024643
18.835	-0.02324
18.84	-0.01856
18.845	-0.01264
18.85	-0.0099324
18.855	-0.01071
18.86	-0.011812
18.865	-0.008876
18.87	-0.0010534
18.875	0.0044945
18.88	0.0047527
18.885	0.0024307
18.89	0.0013365
18.895	0.0046732
18.9	0.012632
18.905	0.018105
18.91	0.018216
18.915	0.015922
18.92	0.014656
18.925	0.015314
18.93	0.017835
18.935	0.020515
18.94	0.019617
18.945	0.01844
18.95	0.020661
18.955	0.02365
18.96	0.024734
18.965	0.024225
18.97	0.024841
18.975	0.028136
18.98	0.031011
18.985	0.031594
18.99	0.030786
18.995	0.030133
19	0.030189
19.005	0.030547
19.01	0.030656
19.015	0.029235
19.02	0.026674
19.025	0.025943
19.03	0.026126
19.035	0.028002
19.04	0.02953
19.045	0.028321
19.05	0.025747
19.055	0.026342
19.06	0.028648
19.065	0.030181
19.07	0.030405
19.075	0.030045
19.08	0.029913
19.085	0.030496
19.09	0.034461
19.095	0.041561
19.1	0.045646
19.105	0.045272
19.11	0.043442
19.115	0.04282
19.12	0.043645
19.125	0.04476
19.13	0.045303
19.135	0.04525
19.14	0.045039
19.145	0.045
19.15	0.045129
19.155	0.044879
19.16	0.04118
19.165	0.034189
19.17	0.030142
19.175	0.030542
19.18	0.032418
19.185	0.032984
19.19	0.031691
19.195	0.026938
19.2	0.019624
19.205	0.015749
19.21	0.016148
19.215	0.016155
19.22	0.013068
19.225	0.0083447
19.23	0.0039928
19.235	0.0025073
19.24	0.0030678
19.245	0.0019238
19.25	-0.0032147
19.255	-0.007215
19.26	-0.0041534
19.265	0.0026143
19.27	0.0080085
19.275	0.012405
19.28	0.015723
19.285	0.016659
19.29	0.016075
19.295	0.015622
19.3	0.01594
19.305	0.016597
19.31	0.017017
19.315	0.017032
19.32	0.016879
19.325	0.0168
19.33	0.016891
19.335	0.01704
19.34	0.016952
19.345	0.015143
19.35	0.011697
19.355	0.0094897
19.36	0.0078101
19.365	0.0055004
19.37	0.0059738
19.375	0.010804
19.38	0.012957
19.385	0.0078848
19.39	0.0021048
19.395	-0.001077
19.4	-0.00081745
19.405	0.0025935
19.41	0.0050502
19.415	0.0046272
19.42	0.00076588
19.425	-0.0057474
19.43	-0.010814
19.435	-0.011729
19.44	-0.010223
19.445	-0.0090629
19.45	-0.0095382
19.455	-0.012471
19.46	-0.016842
19.465	-0.02062
19.47	-0.021919
19.475	-0.020951
19.48	-0.021621
19.485	-0.023291
19.49	-0.024321
19.495	-0.024512
19.5	-0.024323
19.505	-0.024194
19.51	-0.024242
19.515	-0.024359
19.52	-0.024437
19.525	-0.02446
19.53	-0.024479
19.535	-0.024508
19.54	-0.024561
19.545	-0.024607
19.55	-0.024445
19.555	-0.022851
19.56	-0.021515
19.565	-0.02278
19.57	-0.02305
19.575	-0.021977
19.58	-0.022618
19.585	-0.022458
19.59	-0.021459
19.595	-0.022618
19.6	-0.024382
19.605	-0.025031
19.61	-0.024628
19.615	-0.023889
19.62	-0.022094
19.625	-0.020512
19.63	-0.020134
19.635	-0.017064
19.64	-0.012285
19.645	-0.0098629
19.65	-0.010306
19.655	-0.011515
19.66	-0.011866
19.665	-0.01134
19.67	-0.010714
19.675	-0.010513
19.68	-0.01071
19.685	-0.010988
19.69	-0.011116
19.695	-0.011052
19.7	-0.010707
19.705	-0.0086768
19.71	-0.0048898
19.715	-0.0011292
19.72	0.0005682
19.725	0.0001674
19.73	0.0011858
19.735	0.0024664
19.74	-0.00036434
19.745	-0.0072456
19.75	-0.011013
19.755	-0.0067934
19.76	0.0023359
19.765	0.0070738
19.77	0.0041712
19.775	-0.00045643
19.78	-0.0020117
19.785	-0.0020887
19.79	-0.00018524
19.795	0.0017075
19.8	0.002086
19.805	0.0015548
19.81	0.0011514
19.815	0.0028818
19.82	0.004773
19.825	0.0053677
19.83	0.0049899
19.835	0.0045762
19.84	0.004609
19.845	0.0049162
19.85	0.0052047
19.855	0.0057234
19.86	0.0085576
19.865	0.014407
19.87	0.019417
19.875	0.020232
19.88	0.016229
19.885	0.0094406
19.89	0.0047951
19.895	0.0046245
19.9	0.0065949
19.905	0.0076964
19.91	0.0071847
19.915	0.0060968
19.92	0.0054871
19.925	0.0055403
19.93	0.0058237
19.935	0.0059442
19.94	0.0058386
19.945	0.0056311
19.95	0.0054417
19.955	0.0049293
19.96	0.00209
19.965	-0.003399
19.97	-0.0064014
19.975	-0.0066527
19.98	-0.007319
19.985	-0.0083502
19.99	-0.0090421
19.995	-0.0092909
20	-0.0097652
20.005	-0.012556
20.01	-0.015968
20.015	-0.017209
20.02	-0.016576
20.025	-0.015942
20.03	-0.016591
20.035	-0.019478
20.04	-0.020169
20.045	-0.017946
20.05	-0.015998
20.055	-0.01578
20.06	-0.016474
20.065	-0.01629
20.07	-0.013237
20.075	-0.0097198
20.08	-0.0084995
20.085	-0.0091149
20.09	-0.0092867
20.095	-0.0057747
20.1	0.00095998
20.105	0.0057005
20.11	0.0060642
20.115	0.0043742
20.12	0.0034134
20.125	0.0038827
20.13	0.0048781
20.135	0.005458
20.14	0.0054178
20.145	0.0051428
20.15	0.0049962
20.155	0.0050444
20.16	0.005164
20.165	0.0052372
20.17	0.0052426
20.175	0.0052397
20.18	0.0052703
20.185	0.0053127
20.19	0.0053782
20.195	0.0055997
20.2	0.005875
20.205	0.0059737
20.21	0.0059009
20.215	0.0058084
20.22	0.005765
20.225	0.0056457
20.23	0.0044176
20.235	-8.5904e-05
20.24	-0.0063719
20.245	-0.010752
20.25	-0.012703
20.255	-0.010978
20.26	-0.0082815
20.265	-0.0076447
20.27	-0.008934
20.275	-0.01018
20.28	-0.010396
20.285	-0.009993
20.29	-0.0096707
20.295	-0.0097319
20.3	-0.010009
20.305	-0.010221
20.31	-0.010261
20.315	-0.010199
20.32	-0.010148
20.325	-0.010182
20.33	-0.010256
20.335	-0.010322
20.34	-0.010342
20.345	-0.010303
20.35	-0.010213
20.355	-0.010111
20.36	-0.0099574
20.365	-0.0088042
20.37	-0.0045287
20.375	0.0014569
20.38	0.0029863
20.385	-0.0035644
20.39	-0.010741
20.395	-0.012319
20.4	-0.0088912
20.405	-0.0033597
20.41	-0.00011747
20.415	0.00063728
20.42	0.002329
20.425	0.0043033
20.43	0.0052342
20.435	0.005263
20.44	0.0052222
20.445	0.005582
20.45	0.0060674
20.455	0.0063298
20.46	0.0063227
20.465	0.0062127
20.47	0.0061398
20.475	0.0060302
20.48	0.0058081
20.485	0.0056579
20.49	0.0056466
20.495	0.0056582
20.5	0.0056161
20.505	0.0055027
20.51	0.0053439
20.515	0.0052086
20.52	0.0051158
20.525	0.0050289
20.53	0.0050644
20.535	0.0063323
20.54	0.0084364
20.545	0.0090043
20.55	0.011495
20.555	0.016213
20.56	0.01927
20.565	0.019331
20.57	0.018231
20.575	0.017642
20.58	0.017964
20.585	0.018632
20.59	0.019118
20.595	0.019241
20.6	0.018815
20.605	0.016997
20.61	0.014886
20.615	0.014804
20.62	0.01555
20.625	0.016216
20.63	0.015973
20.635	0.015489
20.64	0.013136
20.645	0.0095425
20.65	0.0073838
20.655	0.0075883
20.66	0.006843
20.665	0.0055911
20.67	0.0049651
20.675	0.0050322
20.68	0.0052811
20.685	0.0053642
20.69	0.0053673
20.695	0.0053235
20.7	0.0051549
20.705	0.0050375
20.71	0.0052773
20.715	0.0072992
20.72	0.010924
20.725	0.012827
20.73	0.010979
20.735	0.0082366
20.74	0.0074845
20.745	0.0064236
20.75	0.0040588
20.755	0.0021791
20.76	0.0022206
20.765	0.0030208
20.77	0.0052647
20.775	0.0068748
20.78	0.0067321
20.785	0.0042012
20.79	0.00015341
20.795	-0.0034819
20.8	-0.0044647
20.805	-0.0035953
20.81	-0.0045936
20.815	-0.0064054
20.82	-0.0073346
20.825	-0.0071138
20.83	-0.0065634
20.835	-0.0064423
20.84	-0.0067634
20.845	-0.007143
20.85	-0.0073338
20.855	-0.0073412
20.86	-0.0073162
20.865	-0.0073325
20.87	-0.0070483
20.875	-0.005087
20.88	-0.0041774
20.885	-0.0064993
20.89	-0.01137
20.895	-0.017663
20.9	-0.021994
20.905	-0.022672
20.91	-0.021574
20.915	-0.020971
20.92	-0.02148
20.925	-0.022383
20.93	-0.022901
20.935	-0.022878
20.94	-0.022679
20.945	-0.022965
20.95	-0.025112
20.955	-0.026423
20.96	-0.024946
20.965	-0.023132
20.97	-0.022755
20.975	-0.023608
20.98	-0.024568
20.985	-0.025012
20.99	-0.025011
20.995	-0.024867
21	-0.024861
21.005	-0.025132
21.01	-0.025196
21.015	-0.023542
21.02	-0.022414
21.025	-0.021563
21.03	-0.01794
21.035	-0.013768
21.04	-0.012425
21.045	-0.013503
21.05	-0.014744
21.055	-0.015061
21.06	-0.014719
21.065	-0.014332
21.07	-0.014259
21.075	-0.014395
21.08	-0.014215
21.085	-0.012386
21.09	-0.011211
21.095	-0.010353
21.1	-0.006665
21.105	-0.002319
21.11	-0.00060596
21.115	-0.0012297
21.12	-0.002234
21.125	-0.0023597
21.13	-0.0016419
21.135	-0.00085619
21.14	-0.00058943
21.145	-0.00032191
21.15	0.0024325
21.155	0.0084595
21.16	0.013754
21.165	0.015149
21.17	0.014001
21.175	0.013022
21.18	0.01332
21.185	0.014261
21.19	0.014936
21.195	0.015365
21.2	0.017148
21.205	0.018279
21.21	0.01879
21.215	0.020199
21.22	0.021245
21.225	0.020915
21.23	0.018362
21.235	0.01661
21.24	0.015985
21.245	0.014681
21.25	0.01359
21.255	0.01332
21.26	0.013896
21.265	0.016496
21.27	0.020228
21.275	0.024043
21.28	0.026916
21.285	0.027619
21.29	0.027015
21.295	0.026567
21.3	0.026799
21.305	0.027333
21.31	0.027691
21.315	0.027691
21.32	0.027174
21.325	0.024685
21.33	0.021365
21.335	0.019988
21.34	0.020595
21.345	0.021605
21.35	0.022285
21.355	0.024042
21.36	0.025132
21.365	0.025911
21.37	0.027463
21.375	0.028452
21.38	0.027894
21.385	0.024155
21.39	0.018018
21.395	0.014109
21.4	0.014263
21.405	0.016123
21.41	0.017132
21.415	0.016799
21.42	0.015971
21.425	0.014902
21.43	0.012124
21.435	0.0087983
21.44	0.005006
21.445	0.0024814
21.45	0.0023107
21.455	0.0031521
21.46	0.0035735
21.465	0.0037532
21.47	0.0055913
21.475	0.0062691
21.48	0.0076112
21.485	0.012195
21.49	0.016461
21.495	0.017452
21.5	0.016284
21.505	0.01525
21.51	0.015317
21.515	0.01597
21.52	0.016413
21.525	0.01639
21.53	0.016147
21.535	0.015992
21.54	0.016081
21.545	0.017053
21.55	0.020125
21.555	0.022452
21.56	0.020166
21.565	0.017172
21.57	0.018729
21.575	0.021577
21.58	0.020273
21.585	0.016856
21.59	0.014922
21.595	0.015106
21.6	0.016005
21.605	0.016266
21.61	0.014798
21.615	0.010037
21.62	0.0036836
21.625	0.00020246
21.63	0.00047488
21.635	0.0018504
21.64	0.0020012
21.645	0.00095836
21.65	-0.00013766
21.655	-0.00061214
21.66	-0.00055465
21.665	-0.00039856
21.67	-0.00046716
21.675	-0.00082025
21.68	-0.0011839
21.685	-0.0013554
21.69	-0.0013866
21.695	-0.0014541
21.7	-0.0017355
21.705	-0.0020527
21.71	-0.0022013
21.715	-0.0022048
21.72	-0.0022511
21.725	-0.0024636
21.73	-0.0025579
21.735	-0.0026803
21.74	-0.004317
21.745	-0.0080091
21.75	-0.010477
21.755	-0.009189
21.76	-0.0047883
21.765	-0.0017928
21.77	-0.001917
21.775	-0.0035134
21.78	-0.004583
21.785	-0.0044656
21.79	-0.0037234
21.795	-0.0031035
21.8	-0.0031168
21.805	-0.0035499
21.81	-0.0037383
21.815	-0.0036094
21.82	-0.0033684
21.825	-0.0032149
21.83	-0.0032726
21.835	-0.0032737
21.84	-0.0031986
21.845	-0.0032504
21.85	-0.0045477
21.855	-0.0075806
21.86	-0.008336
21.865	-0.0048171
21.87	-0.0011181
21.875	-0.00017952
21.88	-0.0012107
21.885	-0.0020749
21.89	-0.0017832
21.895	-0.00093702
21.9	-0.00038529
21.905	-0.00026198
21.91	-0.00024385
21.915	-0.00023723
21.92	-0.00023598
21.925	-0.00011834
21.93	0.00014167
21.935	0.00030994
21.94	0.00039063
21.945	0.00053449
21.95	0.00073676
21.955	0.00094818
21.96	0.0010136
21.965	0.00093321
21.97	0.00083453
21.975	0.00087545
21.98	0.0011103
21.985	0.0012838
21.99	0.0012598
21.995	0.0011348
22	0.0010624
22.005	0.0010868
22.01	0.0011783
22.015	0.001286
22.02	0.0014064
22.025	0.001483
22.03	0.0015525
22.035	0.00182
22.04	0.0020453
22.045	0.0020578
22.05	0.0021003
22.055	0.0023196
22.06	0.0026627
22.065	0.0029815
22.07	0.0031001
22.075	0.0021214
22.08	-0.0010131
22.085	-0.003671
22.09	-0.0040763
22.095	-0.0033216
22.1	-0.0026741
22.105	-0.0027116
22.11	-0.0030976
22.115	-0.0032726
22.12	-0.0031395
22.125	-0.0029458
22.13	-0.0019768
22.135	0.00034336
22.14	0.001062
22.145	0.0018521
22.15	0.0031495
22.155	0.0039707
22.16	0.0049017
22.165	0.0068582
22.17	0.0065473
22.175	0.0052955
22.18	0.006134
22.185	0.0067002
22.19	0.0080552
22.195	0.0097154
22.2	0.010274
22.205	0.009763
22.21	0.0089664
22.215	0.0086531
22.22	0.008957
22.225	0.0093469
22.23	0.009329
22.235	0.0087761
22.24	0.0065211
22.245	0.00014873
22.25	-0.0055616
22.255	-0.0068264
22.26	-0.0051872
22.265	-0.0027502
22.27	0.0011476
22.275	0.0049599
22.28	0.0040543
22.285	-0.00029087
22.29	-0.0052814
22.295	-0.007696
22.3	-0.0071379
22.305	-0.0058225
22.31	-0.0054828
22.315	-0.0061226
22.32	-0.0068819
22.325	-0.0071012
22.33	-0.0067106
22.335	-0.0061894
22.34	-0.0058656
22.345	-0.0059025
22.35	-0.0059496
22.355	-0.005772
22.36	-0.0045529
22.365	-0.00026104
22.37	0.0058497
22.375	0.0093471
22.38	0.0089983
22.385	0.0055359
22.39	-0.0013505
22.395	-0.0064378
22.4	-0.0067459
22.405	-0.0046742
22.41	-0.0034991
22.415	-0.0049233
22.42	-0.0092295
22.425	-0.013635
22.43	-0.017216
22.435	-0.018757
22.44	-0.018345
22.445	-0.017552
22.45	-0.017427
22.455	-0.017876
22.46	-0.018297
22.465	-0.018358
22.47	-0.018159
22.475	-0.017945
22.48	-0.017851
22.485	-0.017764
22.49	-0.016736
22.495	-0.012673
22.5	-0.0065897
22.505	-0.003046
22.51	-0.003153
22.515	-0.0046589
22.52	-0.0053037
22.525	-0.0047071
22.53	-0.003879
22.535	-0.0045445
22.54	-0.0088425
22.545	-0.015145
22.55	-0.018618
22.555	-0.018045
22.56	-0.01619
22.565	-0.015567
22.57	-0.017351
22.575	-0.022606
22.58	-0.029038
22.585	-0.032328
22.59	-0.031824
22.595	-0.030211
22.6	-0.029674
22.605	-0.030263
22.61	-0.030913
22.615	-0.031171
22.62	-0.031041
22.625	-0.030758
22.63	-0.030489
22.635	-0.030222
22.64	-0.030047
22.645	-0.030014
22.65	-0.030054
22.655	-0.03007
22.66	-0.030048
22.665	-0.030035
22.67	-0.030017
22.675	-0.030026
22.68	-0.030095
22.685	-0.03022
22.69	-0.030369
22.695	-0.030518
22.7	-0.03064
22.705	-0.030758
22.71	-0.030878
22.715	-0.031005
22.72	-0.031052
22.725	-0.030899
22.73	-0.030003
22.735	-0.02791
22.74	-0.028438
22.745	-0.030873
22.75	-0.032106
22.755	-0.029958
22.76	-0.022945
22.765	-0.016922
22.77	-0.015837
22.775	-0.01759
22.78	-0.018948
22.785	-0.018817
22.79	-0.01776
22.795	-0.016876
22.8	-0.015924
22.805	-0.014132
22.81	-0.01388
22.815	-0.012099
22.82	-0.0073147
22.825	-0.0045047
22.83	-0.0062771
22.835	-0.0072302
22.84	-0.0057462
22.845	-0.0040056
22.85	-0.0034134
22.855	-0.0037321
22.86	-0.0039478
22.865	-0.0015407
22.87	0.0050731
22.875	0.0090634
22.88	0.0050839
22.885	-0.0025811
22.89	-0.0064388
22.895	-0.0053138
22.9	-0.0027855
22.905	-0.0018114
22.91	-0.002566
22.915	-0.0036709
22.92	-0.0041232
22.925	-0.0039037
22.93	-0.0035267
22.935	-0.0033864
22.94	-0.0035751
22.945	-0.0039803
22.95	-0.0054192
22.955	-0.0087097
22.96	-0.011241
22.965	-0.013013
22.97	-0.015899
22.975	-0.01808
22.98	-0.018349
22.985	-0.016369
22.99	-0.014016
22.995	-0.013269
23	-0.012276
23.005	-0.012935
23.01	-0.014081
23.015	-0.01108
23.02	-0.0071376
23.025	-0.0058649
23.03	-0.0050062
23.035	-0.0043775
23.04	-0.0041806
23.045	-0.0042124
23.05	-0.0042142
23.055	-0.0041418
23.06	-0.0040874
23.065	-0.0041032
23.07	-0.0041571
23.075	-0.0042172
23.08	-0.0042481
23.085	-0.0042159
23.09	-0.0041431
23.095	-0.0040866
23.1	-0.0040327
23.105	-0.0039546
23.11	-0.0038207
23.115	-0.0033088
23.12	-0.00078079
23.125	0.0026884
23.13	0.0042848
23.135	0.0038727
23.14	0.0030689
23.145	0.0033073
23.15	0.0058504
23.155	0.0077594
23.16	0.0085543
23.165	0.0098963
23.17	0.010919
23.175	0.011148
23.18	0.010982
23.185	0.010896
23.19	0.011037
23.195	0.011632
23.2	0.014198
23.205	0.018023
23.21	0.021765
23.215	0.022271
23.22	0.022273
23.225	0.023672
23.23	0.024996
23.235	0.024801
23.24	0.021037
23.245	0.014556
23.25	0.010328
23.255	0.011334
23.26	0.018871
23.265	0.026192
23.27	0.027118
23.275	0.021702
23.28	0.016273
23.285	0.015212
23.29	0.016648
23.295	0.015485
23.3	0.012305
23.305	0.010364
23.31	0.010416
23.315	0.011248
23.32	0.011691
23.325	0.011536
23.33	0.011219
23.335	0.011099
23.34	0.011204
23.345	0.011375
23.35	0.011389
23.355	0.010443
23.36	0.008213
23.365	0.0085311
23.37	0.010842
23.375	0.012178
23.38	0.010076
23.385	0.0029863
23.39	-0.0031007
23.395	-0.0040938
23.4	-0.0020336
23.405	-0.00047875
23.41	-0.00083302
23.415	-0.0030476
23.42	-0.0071756
23.425	-0.011132
23.43	-0.014597
23.435	-0.01642
23.44	-0.0164
23.445	-0.015866
23.45	-0.015853
23.455	-0.016356
23.46	-0.016863
23.465	-0.017061
23.47	-0.01699
23.475	-0.016872
23.48	-0.016835
23.485	-0.016851
23.49	-0.016779
23.495	-0.01536
23.5	-0.011814
23.505	-0.0080335
23.51	-0.0057767
23.515	-0.006275
23.52	-0.0057013
23.525	-0.0040886
23.53	-0.0030143
23.535	-0.0029042
23.54	-0.003229
23.545	-0.0035246
23.55	-0.0047135
23.555	-0.006274
23.56	-0.0050088
23.565	-0.0028209
23.57	-0.0019004
23.575	-0.0022657
23.58	-0.0028513
23.585	-0.0029577
23.59	-0.0026589
23.595	-0.0023372
23.6	-0.0022153
23.605	-0.002258
23.61	-0.0023255
23.615	-0.0023121
23.62	-0.0022449
23.625	-0.0021903
23.63	-0.0021255
23.635	-0.0019472
23.64	-0.0016567
23.645	-0.0014503
23.65	-0.0011989
23.655	0.00065937
23.66	0.0041656
23.665	0.0064949
23.67	0.0085023
23.675	0.011064
23.68	0.012427
23.685	0.012335
23.69	0.011826
23.695	0.0117
23.7	0.011977
23.705	0.012283
23.71	0.012344
23.715	0.012235
23.72	0.012124
23.725	0.012113
23.73	0.012189
23.735	0.012243
23.74	0.012194
23.745	0.011383
23.75	0.0065926
23.755	0.00066997
23.76	0.0025587
23.765	0.010411
23.77	0.01535
23.775	0.014773
23.78	0.012035
23.785	0.01069
23.79	0.011365
23.795	0.012684
23.8	0.013373
23.805	0.013254
23.81	0.012859
23.815	0.012657
23.82	0.01273
23.825	0.012883
23.83	0.012931
23.835	0.012881
23.84	0.012828
23.845	0.012882
23.85	0.013212
23.855	0.014155
23.86	0.017824
23.865	0.024077
23.87	0.028886
23.875	0.031542
23.88	0.03033
23.885	0.027246
23.89	0.025879
23.895	0.026649
23.9	0.02789
23.905	0.028306
23.91	0.02789
23.915	0.02733
23.92	0.027083
23.925	0.027127
23.93	0.027181
23.935	0.026954
23.94	0.026591
23.945	0.026374
23.95	0.026335
23.955	0.026332
23.96	0.026185
23.965	0.024905
23.97	0.018901
23.975	0.012263
23.98	0.010115
23.985	0.01156
23.99	0.01318
23.995	0.013219
24	0.012225
24.005	0.011416
24.01	0.011309
24.015	0.011646
24.02	0.011923
24.025	0.011935
24.03	0.011806
24.035	0.011716
24.04	0.011719
24.045	0.011753
24.05	0.011733
24.055	0.011672
24.06	0.011598
24.065	0.011592
24.07	0.011798
24.075	0.01203
24.08	0.012072
24.085	0.01197
24.09	0.011863
24.095	0.011824
24.1	0.011853
24.105	0.012332
24.11	0.01443
24.115	0.014436
24.12	0.012028
24.125	0.010213
24.13	0.010118
24.135	0.010892
24.14	0.011865
24.145	0.014054
24.15	0.013967
24.155	0.011473
24.16	0.0096852
24.165	0.0096985
24.17	0.010557
24.175	0.011065
24.18	0.010915
24.185	0.010505
24.19	0.010258
24.195	0.010267
24.2	0.010423
24.205	0.010559
24.21	0.010595
24.215	0.01056
24.22	0.010528
24.225	0.010531
24.23	0.010566
24.235	0.01063
24.24	0.010695
24.245	0.010757
24.25	0.010839
24.255	0.010947
24.26	0.011102
24.265	0.011792
24.27	0.014874
24.275	0.018781
24.28	0.022288
24.285	0.021966
24.29	0.018459
24.295	0.013847
24.3	0.011251
24.305	0.011546
24.31	0.012841
24.315	0.013429
24.32	0.013075
24.325	0.012484
24.33	0.012269
24.335	0.01248
24.34	0.012787
24.345	0.012856
24.35	0.011691
24.355	0.0058681
24.36	0.00050743
24.365	0.0043139
24.37	0.011748
24.375	0.011959
24.38	0.0042937
24.385	-0.0032497
24.39	-0.0078923
24.395	-0.011109
24.4	-0.010987
24.405	-0.010442
24.41	-0.0099032
24.415	-0.011317
24.42	-0.014061
24.425	-0.01549
24.43	-0.01518
24.435	-0.014347
24.44	-0.014002
24.445	-0.014227
24.45	-0.01454
24.455	-0.01463
24.46	-0.014504
24.465	-0.014314
24.47	-0.014173
24.475	-0.014105
24.48	-0.014089
24.485	-0.014046
24.49	-0.01396
24.495	-0.013878
24.5	-0.01377
24.505	-0.013532
24.51	-0.013341
24.515	-0.013489
24.52	-0.013758
24.525	-0.013864
24.53	-0.013794
24.535	-0.013708
24.54	-0.013727
24.545	-0.013828
24.55	-0.013937
24.555	-0.014003
24.56	-0.014038
24.565	-0.01404
24.57	-0.01404
24.575	-0.01413
24.58	-0.015145
24.585	-0.018343
24.59	-0.021283
24.595	-0.022862
24.6	-0.02512
24.605	-0.026374
24.61	-0.024882
24.615	-0.024843
24.62	-0.026055
24.625	-0.025517
24.63	-0.025107
24.635	-0.024485
24.64	-0.024793
24.645	-0.023813
24.65	-0.021932
24.655	-0.020998
24.66	-0.021228
24.665	-0.021767
24.67	-0.021967
24.675	-0.021779
24.68	-0.021433
24.685	-0.020318
24.69	-0.01718
24.695	-0.014398
24.7	-0.013808
24.705	-0.014547
24.71	-0.015107
24.715	-0.014933
24.72	-0.014321
24.725	-0.013717
24.73	-0.01348
24.735	-0.013676
24.74	-0.014858
24.745	-0.018011
24.75	-0.019641
24.755	-0.016794
24.76	-0.013278
24.765	-0.012329
24.77	-0.013423
24.775	-0.014556
24.78	-0.014693
24.785	-0.014154
24.79	-0.013684
24.795	-0.013638
24.8	-0.013858
24.805	-0.014028
24.81	-0.014008
24.815	-0.013883
24.82	-0.0138
24.825	-0.013794
24.83	-0.013827
24.835	-0.013847
24.84	-0.013838
24.845	-0.013837
24.85	-0.013869
24.855	-0.013919
24.86	-0.01398
24.865	-0.014033
24.87	-0.014083
24.875	-0.014162
24.88	-0.014378
24.885	-0.015937
24.89	-0.019671
24.895	-0.023646
24.9	-0.024715
24.905	-0.020776
24.91	-0.018718
24.915	-0.020006
24.92	-0.020599
24.925	-0.017963
24.93	-0.015082
24.935	-0.014247
24.94	-0.015932
24.945	-0.018222
24.95	-0.017144
24.955	-0.014704
24.96	-0.013541
24.965	-0.013922
24.97	-0.014705
24.975	-0.015
24.98	-0.014763
24.985	-0.014584
24.99	-0.015992
24.995	-0.017545
25	-0.016267
25.005	-0.014201
25.01	-0.013436
25.015	-0.013905
25.02	-0.014517
25.025	-0.014632
25.03	-0.014345
25.035	-0.014035
25.04	-0.013929
25.045	-0.013976
25.05	-0.014026
25.055	-0.014024
25.06	-0.013961
25.065	-0.013666
25.07	-0.011513
25.075	-0.0061018
25.08	-0.00057439
25.085	0.001262
25.09	0.00012983
25.095	-0.0011885
25.1	-0.0012278
25.105	-0.00040409
25.11	0.00028259
25.115	0.00039669
25.12	0.0001671
25.125	-6.6124e-06
25.13	0.00037943
25.135	0.0029014
25.14	0.0063739
25.145	0.0076253
25.15	0.0055437
25.155	0.0060928
25.16	0.010774
25.165	0.012369
25.17	0.0094335
25.175	0.006159
25.18	0.0036972
25.185	0.0038502
25.19	0.0065997
25.195	0.0082442
25.2	0.0061572
25.205	0.0041503
25.21	0.0053707
25.215	0.007468
25.22	0.0079237
25.225	0.0053976
25.23	0.0033322
25.235	0.0028926
25.24	0.0037086
25.245	0.0037791
25.25	0.0017262
25.255	-0.00015388
25.26	-0.00056338
25.265	-6.0043e-05
25.27	0.000424
25.275	0.0014127
25.28	0.0057884
25.285	0.0061711
25.29	0.0016321
25.295	-0.0018776
25.3	-0.0019775
25.305	-0.00038315
25.31	0.00064312
25.315	0.00045681
25.32	-0.0002332
25.325	-0.00061576
25.33	-0.00050607
25.335	-0.00019476
25.34	2.2095e-05
25.345	6.0062e-05
25.35	1.9674e-05
25.355	2.4793e-05
25.36	9.1269e-05
25.365	0.00020476
25.37	0.0008463
25.375	0.0039431
25.38	0.0068496
25.385	0.0050166
25.39	0.00095314
25.395	-0.00099615
25.4	-0.00033628
25.405	0.00098809
25.41	0.0014391
25.415	0.0009832
25.42	0.00038794
25.425	0.00016324
25.43	0.00024978
25.435	0.00024508
25.44	0.00011374
25.445	6.4069e-05
25.45	0.00028521
25.455	0.00059519
25.46	0.00076346
25.465	0.00079733
25.47	0.00078196
25.475	0.00080992
25.48	0.00087152
25.485	0.00091394
25.49	0.00092195
25.495	0.00091165
25.5	0.00090321
25.505	0.00086077
25.51	0.00063462
25.515	0.00036357
25.52	0.00026502
25.525	0.0003195
25.53	0.00038302
25.535	0.0003527
25.54	0.00027151
25.545	0.00022853
25.55	0.00023763
25.555	0.00026402
25.56	0.00027493
25.565	0.0002469
25.57	0.00019699
25.575	0.0001683
25.58	0.00017649
25.585	0.00023646
25.59	0.00046513
25.595	0.00074202
25.6	0.00085406
25.605	0.0008094
25.61	0.00074056
25.615	0.00073405
25.62	0.00081547
25.625	0.0013943
25.63	0.0038126
25.635	0.0047156
25.64	0.0054524
25.645	0.0074492
25.65	0.010316
25.655	0.0089068
25.66	0.0084223
25.665	0.0091178
25.67	0.008749
25.675	0.0080146
25.68	0.0072246
25.685	0.0049727
25.69	0.0042293
25.695	0.0035624
25.7	0.002552
25.705	0.0044627
25.71	0.0076237
25.715	0.0083718
25.72	0.0048233
25.725	0.0010797
25.73	0.0021224
25.735	0.0035104
25.74	0.0022988
25.745	0.0004074
25.75	-0.00040134
25.755	-0.00015176
25.76	0.0003112
25.765	0.0005412
25.77	0.0016057
25.775	0.0067356
25.78	0.010647
25.785	0.011747
25.79	0.0096104
25.795	0.0065096
25.8	0.0054992
25.805	0.0069548
25.81	0.010615
25.815	0.011424
25.82	0.0088919
25.825	0.0071697
25.83	0.0093344
25.835	0.011188
25.84	0.012648
25.845	0.014171
25.85	0.014753
25.855	0.01452
25.86	0.014219
25.865	0.014274
25.87	0.014536
25.875	0.014727
25.88	0.014697
25.885	0.014016
25.89	0.010479
25.895	0.0042994
25.9	7.1448e-05
25.905	0.00033493
25.91	0.0042667
25.915	0.0054326
25.92	0.0027047
25.925	1.701e-06
25.93	-0.00056927
25.935	0.00029459
25.94	0.001087
25.945	0.001135
25.95	0.00067262
25.955	9.3544e-05
25.96	-0.00019869
25.965	-0.00012932
25.97	5.4511e-05
25.975	0.00013283
25.98	8.5217e-05
25.985	2.1627e-05
25.99	2.723e-05
25.995	8.057e-05
26	0.00012095
26.005	0.00012071
26.01	7.3663e-05
26.015	3.2646e-05
26.02	0.00012691
26.025	0.0004261
26.03	0.00072506
26.035	0.0008491
26.04	0.00082966
26.045	0.00080202
26.05	0.00084506
26.055	0.00093239
26.06	0.0010005
26.065	0.0010479
26.07	0.0010939
26.075	0.0011452
26.08	0.0011869
26.085	0.0012035
26.09	0.0012171
26.095	0.0012431
26.1	0.0013378
26.105	0.002264
26.11	0.0044255
26.115	0.0040889
26.12	0.0025138
26.125	0.0031473
26.13	0.0039617
26.135	0.0057194
26.14	0.0075902
26.145	0.0080898
26.15	0.0066442
26.155	0.0029785
26.16	9.7881e-05
26.165	-0.00020727
26.17	0.00087332
26.175	0.0016047
26.18	0.0014104
26.185	0.00078645
26.19	0.00036094
26.195	0.00032128
26.2	0.00041633
26.205	-0.00039093
26.21	-0.0026612
26.215	-0.0034945
26.22	-0.0054622
26.225	-0.01005
26.23	-0.013607
26.235	-0.01415
26.24	-0.013933
26.245	-0.01614
26.25	-0.018918
26.255	-0.018851
26.26	-0.015168
26.265	-0.011808
26.27	-0.011167
26.275	-0.011258
26.28	-0.010119
26.285	-0.0094737
26.29	-0.0087596
26.295	-0.0074997
26.3	-0.0025944
26.305	0.0017612
26.31	0.0026105
26.315	0.0013293
26.32	0.00034926
26.325	0.00054695
26.33	0.0013991
26.335	0.002072
26.34	0.0020468
26.345	0.0017918
26.35	0.0018459
26.355	0.0021227
26.36	0.002474
26.365	0.0040885
26.37	0.0087359
26.375	0.012926
26.38	0.010763
26.385	0.0043003
26.39	0.00033012
26.395	0.00077666
26.4	0.002905
26.405	0.0039483
26.41	0.0034518
26.415	0.0025978
26.42	0.0034474
26.425	0.0056091
26.43	0.0050997
26.435	0.0042774
26.44	0.00525
26.445	0.0061687
26.45	0.008086
26.455	0.0093348
26.46	0.0079892
26.465	0.007563
26.47	0.010561
26.475	0.013327
26.48	0.015444
26.485	0.014586
26.49	0.012253
26.495	0.011169
26.5	0.0099364
26.505	0.0089547
26.51	0.0072266
26.515	0.005604
26.52	0.0051826
26.525	0.0036733
26.53	0.0020322
26.535	0.001283
26.54	0.0013703
26.545	0.0016138
26.55	0.0015793
26.555	0.0013315
26.56	0.0010858
26.565	0.00083948
26.57	0.00055557
26.575	0.00038173
26.58	0.00034534
26.585	0.00034603
26.59	0.00028487
26.595	0.00017489
26.6	8.9163e-05
26.605	3.9085e-05
26.61	1.9377e-05
26.615	-1.2702e-07
26.62	-3.2959e-05
26.625	-5.715e-05
26.63	-4.7618e-05
26.635	1.2808e-05
26.64	8.6146e-05
26.645	0.00014462
26.65	0.0002111
26.655	0.00029546
26.66	0.00038367
26.665	0.00043398
26.67	0.00013572
26.675	-0.0018647
26.68	-0.0031895
26.685	-0.0034309
26.69	-0.0031972
26.695	-0.0054022
26.7	-0.0088268
26.705	-0.011115
26.71	-0.012717
26.715	-0.012836
26.72	-0.010187
26.725	-0.006585
26.73	-0.0051534
26.735	-0.0058988
26.74	-0.0073453
26.745	-0.0099526
26.75	-0.012809
26.755	-0.013776
26.76	-0.012734
26.765	-0.009097
26.77	-0.0028854
26.775	0.0015489
26.78	0.0018816
26.785	0.00023292
26.79	-0.00072632
26.795	-0.00030185
26.8	0.00065984
26.805	0.0011966
26.81	0.0011027
26.815	0.0007652
26.82	0.00057104
26.825	0.00064081
26.83	0.001311
26.835	0.0042745
26.84	0.0074593
26.845	0.0078671
26.85	0.0041625
26.855	7.6819e-05
26.86	-0.00089576
26.865	0.0014967
26.87	0.0085538
26.875	0.014547
26.88	0.01244
26.885	0.004239
26.89	-0.0015464
26.895	-0.001419
26.9	0.0014109
26.905	0.0030539
26.91	0.0025692
26.915	0.0012964
26.92	0.00062485
26.925	0.0007855
26.93	0.0012398
26.935	0.001484
26.94	0.0014314
26.945	0.0012705
26.95	0.0011817
26.955	0.0012104
26.96	0.001277
26.965	0.0012574
26.97	0.001021
26.975	0.00075844
26.98	0.00067245
26.985	0.001608
26.99	0.0016315
26.995	0.0015888
27	0.0014967
27.005	0.0014151
27.01	0.0013615
27.015	0.0013041
27.02	0.0012257
27.025	0.0011434
27.03	0.0010746
27.035	0.0010147
27.04	0.00095485
27.045	0.0008997
27.05	0.00085647
27.055	0.00081856
27.06	0.00080607
27.065	0.00081613
27.07	0.00082503
27.075	0.00083037
27.08	0.00083214
27.085	0.00086112
27.09	0.0009143
27.095	0.00094575
27.1	0.00095064
27.105	0.0009822
27.11	0.0011947
27.115	0.0014627
27.12	0.0015919
27.125	0.0015705
27.13	0.0015078
27.135	0.0014918
27.14	0.0015229
27.145	0.0015592
27.15	0.0015747
27.155	0.0015715
27.16	0.0015903
27.165	0.0016406
27.17	0.0016979
27.175	0.001745
27.18	0.0017579
27.185	0.0017249
27.19	0.0017151
27.195	0.0022664
27.2	0.0051809
27.205	0.0084118
27.21	0.0094237
27.215	0.0087075
27.22	0.0083975
27.225	0.010993
27.23	0.01401
27.235	0.012566
27.24	0.00817
27.245	0.0033251
27.25	0.0015223
27.255	0.0072289
27.26	0.014735
27.265	0.017218
27.27	0.015267
27.275	0.012923
27.28	0.012513
27.285	0.013557
27.29	0.01455
27.295	0.014724
27.3	0.014337
27.305	0.013973
27.31	0.013924
27.315	0.014097
27.32	0.014258
27.325	0.014285
27.33	0.014235
27.335	0.01418
27.34	0.014142
27.345	0.014137
27.35	0.014143
27.355	0.014125
27.36	0.01417
27.365	0.014824
27.37	0.017098
27.375	0.017369
27.38	0.015096
27.385	0.013212
27.39	0.013051
27.395	0.013831
27.4	0.014368
27.405	0.014299
27.41	0.013957
27.415	0.013747
27.42	0.013763
27.425	0.013866
27.43	0.013928
27.435	0.013931
27.44	0.013906
27.445	0.013876
27.45	0.013842
27.455	0.013798
27.46	0.013757
27.465	0.013716
27.47	0.013649
27.475	0.013559
27.48	0.013462
27.485	0.01334
27.49	0.013169
27.495	0.012536
27.5	0.010183
27.505	0.0092209
27.51	0.0084233
27.515	0.0069624
27.52	0.0068205
27.525	0.0086791
27.53	0.0085254
27.535	0.0064218
27.54	0.0047936
27.545	0.0037546
27.55	0.0014171
27.555	-0.00087133
27.56	-0.0015663
27.565	-0.0011268
27.57	-0.00069916
27.575	-0.00078668
27.58	-0.0011684
27.585	-0.0014653
27.59	-0.0015278
27.595	-0.001459
27.6	-0.0013968
27.605	-0.0014006
27.61	-0.0014661
27.615	-0.0015438
27.62	-0.0015742
27.625	-0.0015946
27.63	-0.0016338
27.635	-0.0016738
27.64	-0.0017063
27.645	-0.0017335
27.65	-0.0017619
27.655	-0.0018466
27.66	-0.0026893
27.665	-0.0046816
27.67	-0.0051921
27.675	-0.0050929
27.68	-0.0035738
27.685	-0.0017987
27.69	-0.0013057
27.695	-0.0018616
27.7	-0.0024473
27.705	-0.0025291
27.71	-0.0022988
27.715	-0.0021125
27.72	-0.0021148
27.725	-0.0022388
27.73	-0.0024231
27.735	-0.0033897
27.74	-0.0069073
27.745	-0.011942
27.75	-0.014591
27.755	-0.012219
27.76	-0.0054096
27.765	-0.00042582
27.77	-0.00024319
27.775	-0.0025237
27.78	-0.0050768
27.785	-0.0075767
27.79	-0.0085717
27.795	-0.0082095
27.8	-0.0087319
27.805	-0.01147
27.81	-0.013819
27.815	-0.014219
27.82	-0.013433
27.825	-0.012787
27.83	-0.012784
27.835	-0.013107
27.84	-0.013303
27.845	-0.013233
27.85	-0.013048
27.855	-0.012918
27.86	-0.012872
27.865	-0.012849
27.87	-0.012804
27.875	-0.012741
27.88	-0.012776
27.885	-0.013769
27.89	-0.016305
27.895	-0.019061
27.9	-0.020714
27.905	-0.020142
27.91	-0.019349
27.915	-0.017843
27.92	-0.017608
27.925	-0.019062
27.93	-0.019759
27.935	-0.020739
27.94	-0.02131
27.945	-0.019008
27.95	-0.014501
27.955	-0.011973
27.96	-0.010993
27.965	-0.010966
27.97	-0.01113
27.975	-0.010987
27.98	-0.01059
27.985	-0.010228
27.99	-0.010074
27.995	-0.01009
28	-0.010105
28.005	-0.0098709
28.01	-0.0083247
28.015	-0.00547
28.02	-0.0025363
28.025	-0.00011949
28.03	0.00064766
28.035	0.00022579
28.04	-0.00021161
28.045	-0.00012442
28.05	0.0002603
28.055	0.00054362
28.06	0.00072287
28.065	0.001956
28.07	0.004452
28.075	0.0071394
28.08	0.0094206
28.085	0.0101
28.09	0.0095776
28.095	0.009013
28.1	0.0089484
28.105	0.0091832
28.11	0.0093179
28.115	0.0092029
28.12	0.0089497
28.125	0.0087255
28.13	0.0086068
28.135	0.0085501
28.14	0.0084843
28.145	0.0083821
28.15	0.0082595
28.155	0.008145
28.16	0.0080629
28.165	0.0079992
28.17	0.0079339
28.175	0.0078527
28.18	0.0077478
28.185	0.0076333
28.19	0.007541
28.195	0.0075471
28.2	0.00758
28.205	0.0074312
28.21	0.0071456
28.215	0.0069408
28.22	0.00693
28.225	0.0069839
28.23	0.0068483
28.235	0.0065175
28.24	0.0057769
28.245	0.0026727
28.25	-0.0015051
28.255	-0.0033533
28.26	-0.0027383
28.265	-0.0013571
28.27	0.00055459
28.275	0.0017025
28.28	6.5915e-05
28.285	-0.002481
28.29	-0.003452
28.295	-0.002861
28.3	-0.0020325
28.305	-0.0018195
28.31	-0.0021302
28.315	-0.0024604
28.32	-0.0025324
28.325	-0.002417
28.33	-0.0022983
28.335	-0.0022707
28.34	-0.0023308
28.345	-0.002663
28.35	-0.0040006
28.355	-0.0044789
28.36	-0.0050961
28.365	-0.0068505
28.37	-0.0058464
28.375	-0.0027842
28.38	-0.0011019
28.385	-0.0017793
28.39	-0.004644
28.395	-0.0080303
28.4	-0.008085
28.405	-0.004371
28.41	-0.00091264
28.415	-0.00027726
28.42	-0.0014788
28.425	-0.0025002
28.43	-0.0024993
28.435	-0.0019384
28.44	-0.0016069
28.445	-0.0016954
28.45	-0.0019289
28.455	-0.0020536
28.46	-0.0020314
28.465	-0.0019556
28.47	-0.0019141
28.475	-0.0019193
28.48	-0.0019411
28.485	-0.0019504
28.49	-0.0019415
28.495	-0.0019267
28.5	-0.0019163
28.505	-0.0019119
28.51	-0.0019089
28.515	-0.0019045
28.52	-0.0018976
28.525	-0.0018926
28.53	-0.0019045
28.535	-0.0019172
28.54	-0.0019138
28.545	-0.0018984
28.55	-0.0018841
28.555	-0.001876
28.56	-0.0018783
28.565	-0.0018798
28.57	-0.0018692
28.575	-0.0018445
28.58	-0.0018198
28.585	-0.001805
28.59	-0.001794
28.595	-0.0017667
28.6	-0.0017317
28.605	-0.0016945
28.61	-0.0016672
28.615	-0.0016546
28.62	-0.0016403
28.625	-0.0015944
28.63	-0.0014797
28.635	-0.0013857
28.64	-0.0014363
28.645	-0.0015454
28.65	-0.0015862
28.655	-0.0015533
28.66	-0.0015118
28.665	-0.0015155
28.67	-0.0017645
28.675	-0.0030917
28.68	-0.005182
28.685	-0.0056103
28.69	-0.0044026
28.695	-0.0033617
28.7	-0.0032719
28.705	-0.0037058
28.71	-0.004167
28.715	-0.004911
28.72	-0.0047549
28.725	-0.0039338
28.73	-0.0040646
28.735	-0.0043258
28.74	-0.0047839
28.745	-0.0053574
28.75	-0.0055141
28.755	-0.0052606
28.76	-0.0047577
28.765	-0.0034797
28.77	-0.0015096
28.775	-0.00020473
28.78	-0.00012834
28.785	-0.00058048
28.79	-0.00080114
28.795	-0.00064547
28.8	-0.000375
28.805	-0.0002328
28.81	-0.00024836
28.815	-0.0003115
28.82	-0.00033202
28.825	-0.000296
28.83	-0.00024609
28.835	-0.00021429
28.84	-0.00019348
28.845	-0.00014271
28.85	-0.00012233
28.855	-0.00012769
28.86	-8.6744e-05
28.865	-6.2418e-05
28.87	-7.8542e-05
28.875	-9.1808e-05
28.88	-8.1299e-05
28.885	-5.6609e-05
28.89	-3.4771e-05
28.895	-1.5387e-05
28.9	7.4996e-06
28.905	2.6626e-05
28.91	3.9463e-05
28.915	5.0094e-05
28.92	6.2672e-05
28.925	8.5012e-05
28.93	0.00013501
28.935	0.00015158
28.94	0.00012779
28.945	0.00011212
28.95	0.00012531
28.955	0.00015255
28.96	0.00016959
28.965	0.00017537
28.97	0.00017935
28.975	0.00018776
28.98	0.00019956
28.985	0.00020574
28.99	0.00020495
28.995	0.00020839
29	0.00021866
29.005	0.0002254
29.01	0.00022588
29.015	0.0002293
29.02	0.00023934
29.025	0.00025215
29.03	0.00026325
29.035	0.00027036
29.04	0.0002547
29.045	8.6112e-05
29.05	-0.00027181
29.055	-0.00035114
29.06	-0.00042963
29.065	-0.00054498
29.07	-0.00044004
29.075	4.1799e-05
29.08	0.000462
29.085	0.00054397
29.09	0.00040692
29.095	0.00029545
29.1	0.00031591
29.105	0.00040782
29.11	0.00047287
29.115	0.00048225
29.12	0.00046738
29.125	0.000461
29.13	0.00047154
29.135	0.00048523
29.14	0.00048521
29.145	0.00048843
29.15	0.0004892
29.155	0.0004891
29.16	0.00049239
29.165	0.00049959
29.17	0.00051157
29.175	0.00052384
29.18	0.00053003
29.185	0.00053157
29.19	0.00053287
29.195	0.00053603
29.2	0.0005401
29.205	0.00054367
29.21	0.00054616
29.215	0.00054793
29.22	0.00054941
29.225	0.00055084
29.23	0.00055241
29.235	0.00055305
29.24	0.00054788
29.245	0.00048311
29.25	0.00034634
29.255	0.000386
29.26	0.00052952
29.265	0.00060538
29.27	0.00058394
29.275	0.00053808
29.28	0.0005289
29.285	0.00054634
29.29	0.00056137
29.295	0.00056053
29.3	0.00054836
29.305	0.00053743
29.31	0.00053467
29.315	0.00053995
29.32	0.00055007
29.325	0.0005603
29.33	0.00056183
29.335	0.00055533
29.34	0.00054721
29.345	0.00054187
29.35	0.00053869
29.355	0.00053619
29.36	0.00053538
29.365	0.0005335
29.37	0.00052805
29.375	0.00052132
29.38	0.00051802
29.385	0.00051575
29.39	0.00051011
29.395	0.00046513
29.4	0.00035848
29.405	0.00028857
29.41	0.00032522
29.415	0.0004102
29.42	0.00039491
29.425	0.00029287
29.43	0.00020239
29.435	0.00020828
29.44	0.0002521
29.445	0.00035181
29.45	0.00042964
29.455	0.00040304
29.46	0.0003719
29.465	0.00037662
29.47	0.00036937
29.475	0.00041319
29.48	0.0004924
29.485	0.00049527
29.49	0.0004445
29.495	0.00040424
29.5	0.00039622
29.505	0.00040358
29.51	0.0004051
29.515	0.00039505
29.52	0.00037982
29.525	0.00036539
29.53	0.00035383
29.535	0.00034559
29.54	0.00033859
29.545	0.00033056
29.55	0.00032012
29.555	0.00030748
29.56	0.0002958
29.565	0.00028698
29.57	0.00027998
29.575	0.00027165
29.58	0.00026034
29.585	0.00024948
29.59	0.00024076
29.595	0.00023309
29.6	0.00022593
29.605	0.00021841
29.61	0.00021097
29.615	0.00020366
29.62	0.00019597
29.625	0.0001893
29.63	0.000185
29.635	0.00018737
29.64	0.0001856
29.645	0.00017899
29.65	0.00016766
29.655	0.00015166
29.66	0.00014001
29.665	0.00013527
29.67	0.00013239
29.675	0.00012714
29.68	0.00011958
29.685	0.00011148
29.69	0.0001038
29.695	9.7263e-05
29.7	9.1638e-05
29.705	8.6159e-05
29.71	8.0373e-05
29.715	7.4487e-05
29.72	6.8401e-05
29.725	6.22e-05
29.73	5.6531e-05
29.735	5.1204e-05
29.74	4.5253e-05
29.745	3.5653e-05
29.75	2.5295e-05
29.755	1.9464e-05
29.76	1.7995e-05
29.765	1.9604e-05
29.77	2.0307e-05
29.775	1.6722e-05
29.78	1.0603e-05
29.785	4.7083e-06
29.79	-7.0022e-08
29.795	-4.0068e-06
29.8	-7.7526e-06
29.805	-1.1697e-05
29.81	-1.57e-05
29.815	-1.9547e-05
29.82	-2.3352e-05
29.825	-2.7106e-05
29.83	-3.066e-05
29.835	-3.4115e-05
29.84	-3.7416e-05
29.845	-4.0559e-05
29.85	-4.3593e-05
29.855	-4.6522e-05
29.86	-4.9333e-05
29.865	-5.2029e-05
29.87	-5.4599e-05
29.875	-5.7045e-05
29.88	-5.9351e-05
29.885	-6.1519e-05
29.89	-6.3656e-05
29.895	-6.5751e-05
29.9	-6.7663e-05
29.905	-6.9358e-05
29.91	-7.0941e-05
29.915	-7.2494e-05
29.92	-7.3979e-05
29.925	-7.536e-05
29.93	-7.6651e-05
29.935	-7.7849e-05
29.94	-7.8947e-05
29.945	-7.9954e-05
29.95	-8.0863e-05
29.955	-8.1662e-05
29.96	-8.2354e-05
29.965	-8.2941e-05
29.97	-8.3424e-05
29.975	-8.3806e-05
