0	0.013807
0.02	0.029617
0.04	0.04085
0.06	0.039322
0.08	0.021996
0.1	-0.007642
0.12	-0.024805
0.14	-0.031176
0.16	-0.028691
0.18	-0.022878
0.2	-0.0022503
0.22	0.032077
0.24	0.033931
0.26	0.014754
0.28	0.013147
0.3	-0.0066431
0.32	-0.025465
0.34	-0.03585
0.36	-0.039161
0.38	-0.019352
0.4	0.0045537
0.42	0.012267
0.44	0.011953
0.46	0.013264
0.48	0.011291
0.5	0.0046676
0.52	0.0098434
0.54	-0.0067472
0.56	-0.033572
0.58	-0.025178
0.6	-0.013648
0.62	0.0087272
0.64	0.022597
0.66	0.026711
0.68	0.0020488
0.7	-0.011644
0.72	-0.002129
0.74	-0.017273
0.76	-0.01543
0.78	-0.022285
0.8	-0.033772
0.82	-0.0012414
0.84	0.031289
0.86	0.028847
0.88	-0.0043408
0.9	-0.04298
0.92	-0.036432
0.94	-0.03023
0.96	-0.012125
0.98	0.020475
1	-0.0064387
1.02	0.0091779
1.04	0.064991
1.06	0.011942
1.08	-0.069598
1.1	-0.062024
1.12	-0.065063
1.14	-0.055089
1.16	0.026922
1.18	0.046168
1.2	0.024161
1.22	0.041209
1.24	0.065718
1.26	0.075559
1.28	0.029293
1.3	-0.013083
1.32	-0.032745
1.34	-0.04751
1.36	-0.04508
1.38	-0.0046161
1.4	0.035847
1.42	0.04629
1.44	0.049358
1.46	0.053619
1.48	0.06744
1.5	0.03704
1.52	-0.012923
1.54	-0.062932
1.56	-0.040607
1.58	0.050967
1.6	0.074829
1.62	0.0065593
1.64	-0.04144
1.66	-0.012356
1.68	0.044828
1.7	0.081515
1.72	0.039554
1.74	-0.032418
1.76	-0.042839
1.78	-0.047409
1.8	-0.056738
1.82	-0.062019
1.84	-0.031099
1.86	0.011033
1.88	0.038586
1.9	0.066062
1.92	0.05459
1.94	0.04023
1.96	0.010433
1.98	-0.0073335
2	-0.017013
2.02	-0.045552
2.04	-0.039138
2.06	-0.033395
2.08	-0.070395
2.1	-0.054646
2.12	0.024467
2.14	0.098629
2.16	0.12903
2.18	0.057159
2.2	-0.0323
2.22	-0.044814
2.24	-0.049972
2.26	-0.080367
2.28	-0.07264
2.3	-0.0053506
2.32	0.064378
2.34	0.066103
2.36	0.027499
2.38	-0.0522
2.4	-0.1013
2.42	-0.084732
2.44	-0.013089
2.46	0.075563
2.48	0.086041
2.5	0.0075121
2.52	-0.029429
2.54	-0.07425
2.56	-0.12554
2.58	-0.05534
2.6	0.0052302
2.62	0.052057
2.64	0.10952
2.66	0.09188
2.68	0.011421
2.7	-0.046852
2.72	-0.089279
2.74	0.01011
2.76	0.087303
2.78	0.00044141
2.8	-0.046245
2.82	-0.067858
2.84	-0.080026
2.86	-0.058338
2.88	-0.0066248
2.9	0.062191
2.92	0.087478
2.94	0.065268
2.96	0.06051
2.98	0.052953
3	-0.030107
3.02	-0.10325
3.04	-0.11507
3.06	-0.055062
3.08	0.053672
3.1	0.089283
3.12	0.051587
3.14	-0.036273
3.16	-0.031
3.18	0.0035337
3.2	-0.0073511
3.22	-0.012751
3.24	-0.013358
3.26	-0.036239
3.28	-0.013638
3.3	0.013318
3.32	0.00012253
3.34	0.023464
3.36	0.058438
3.38	0.067581
3.4	0.054243
3.42	0.012563
3.44	-0.020434
3.46	-0.029591
3.48	-0.12176
3.5	-0.13161
3.52	-0.055396
3.54	0.022321
3.56	0.077623
3.58	0.084704
3.6	0.072432
3.62	0.089282
3.64	0.097656
3.66	0.057452
3.68	-0.0078367
3.7	-0.06577
3.72	-0.017849
3.74	0.073044
3.76	0.031621
3.78	-0.074466
3.8	-0.046287
3.82	0.021209
3.84	0.049903
3.86	0.060923
3.88	0.050171
3.9	-0.019857
3.92	-0.11624
3.94	-0.096836
3.96	-0.033565
3.98	-0.087598
4	-0.089163
4.02	-0.0071572
4.04	0.023056
4.06	0.075565
4.08	0.036418
4.1	-0.064934
4.12	-0.041297
4.14	-0.0192
4.16	-0.0086345
4.18	0.023865
4.2	0.016525
4.22	-0.0032021
4.24	-0.00371
4.26	-0.090306
4.28	-0.10982
4.3	0.00044664
4.32	0.057714
4.34	0.091512
4.36	0.12348
4.38	0.066919
4.4	-0.037741
4.42	-0.0032675
4.44	0.074147
4.46	0.013243
4.48	-0.078241
4.5	-0.098338
4.52	-0.042454
4.54	0.022885
4.56	0.0099615
4.58	-0.029024
4.6	-0.020647
4.62	0.057419
4.64	0.082618
4.66	0.047948
4.68	-0.044685
4.7	-0.13814
4.72	-0.16775
4.74	-0.099501
4.76	0.039994
4.78	0.094868
4.8	0.096651
4.82	0.10906
4.84	0.046885
4.86	-0.074911
4.88	-0.093039
4.9	-0.08401
4.92	-0.10681
4.94	-0.078955
4.96	-0.0024346
4.98	0.002133
5	-0.016988
5.02	0.081912
5.04	0.11184
5.06	-0.015548
5.08	-0.083944
5.1	-0.0081148
5.12	0.066595
5.14	0.042829
5.16	0.043609
5.18	0.039961
5.2	0.0018543
5.22	0.044336
5.24	0.04636
5.26	0.060494
5.28	0.099451
5.3	0.058476
5.32	0.020349
5.34	0.015985
5.36	0.052784
5.38	0.080208
5.4	0.047626
5.42	-0.015111
5.44	-0.019381
5.46	-0.022718
5.48	-0.017095
5.5	0.0069127
5.52	-0.0051773
5.54	0.0031461
5.56	0.023106
5.58	-0.0023724
5.6	-0.080956
5.62	-0.10316
5.64	-0.078602
5.66	-0.099316
5.68	-0.14104
5.7	-0.065105
5.72	0.025475
5.74	0.055976
5.76	0.091427
5.78	0.0451
5.8	0.012369
5.82	0.057526
5.84	0.063604
5.86	-0.03334
5.88	-0.095618
5.9	-0.074982
5.92	-0.090543
5.94	-0.064615
5.96	0.057767
5.98	0.10302
6	0.097845
6.02	0.11181
6.04	0.10345
6.06	0.083914
6.08	0.12107
6.1	0.18909
6.12	0.14673
6.14	0.086621
6.16	0.040729
6.18	-0.093941
6.2	-0.18116
6.22	-0.14869
6.24	-0.055358
6.26	-0.026838
6.28	-0.042102
6.3	-0.0069477
6.32	0.036304
6.34	0.00032976
6.36	-0.017749
6.38	0.019484
6.4	0.032488
6.42	0.059438
6.44	0.093413
6.46	0.077225
6.48	0.088195
6.5	0.15885
6.52	0.06249
6.54	-0.0052039
6.56	-0.026323
6.58	-0.083931
6.6	-0.13925
6.62	-0.17574
6.64	-0.17605
6.66	-0.14586
6.68	-0.03222
6.7	-0.015
6.72	-0.065651
6.74	-0.08957
6.76	-0.11002
6.78	-0.10128
6.8	-0.048033
6.82	-0.077071
6.84	-0.16824
6.86	-0.15971
6.88	-0.052217
6.9	0.02541
6.92	0.12969
6.94	0.24375
6.96	0.24864
6.98	0.24054
7	0.27989
7.02	0.22453
7.04	0.035564
7.06	-0.089842
7.08	-0.03421
7.1	0.12479
7.12	0.098329
7.14	0.01927
7.16	0.015212
7.18	-0.0018298
7.2	0.037694
7.22	-0.026671
7.24	-0.17612
7.26	-0.22924
7.28	-0.14931
7.3	-0.027271
7.32	-0.091977
7.34	-0.13207
7.36	-0.010596
7.38	0.023439
7.4	0.0080311
7.42	0.0047037
7.44	0.020151
7.46	0.063634
7.48	0.033343
7.5	-0.094471
7.52	-0.18899
7.54	-0.23201
7.56	-0.21591
7.58	-0.20036
7.6	-0.076334
7.62	0.063724
7.64	0.039066
7.66	0.023145
7.68	0.093474
7.7	0.16533
7.72	0.149
7.74	0.078393
7.76	0.036242
7.78	0.034257
7.8	0.039
7.82	0.1452
7.84	0.23277
7.86	0.28262
7.88	0.2316
7.9	0.025565
7.92	-0.17947
7.94	-0.32016
7.96	-0.30188
7.98	-0.16954
8	-0.13336
8.02	-0.19429
8.04	-0.06673
8.06	0.088168
8.08	0.024523
8.1	-0.026638
8.12	0.028861
8.14	0.056345
8.16	0.10289
8.18	0.073515
8.2	-0.034675
8.22	-0.0061363
8.24	0.035604
8.26	-0.013724
8.28	0.014404
8.3	0.12405
8.32	0.12956
8.34	0.11657
8.36	0.10971
8.38	0.080761
8.4	0.016439
8.42	-0.0096672
8.44	-0.046629
8.46	-0.11396
8.48	-0.18203
8.5	-0.18404
8.52	-0.068739
8.54	-0.039187
8.56	-0.050893
8.58	-0.011349
8.6	-0.0038448
8.62	-0.062929
8.64	-0.097961
8.66	-0.089237
8.68	-0.10063
8.7	-0.16937
8.72	-0.22716
8.74	-0.17132
8.76	-0.026412
8.78	0.072665
8.8	0.070839
8.82	0.13151
8.84	0.29012
8.86	0.33493
8.88	0.2108
8.9	0.10573
8.92	0.079545
8.94	-0.031524
8.96	-0.12661
8.98	-0.052059
9	0.076589
9.02	0.13879
9.04	0.18426
9.06	0.15222
9.08	-0.018353
9.1	-0.19225
9.12	-0.24762
9.14	-0.23356
9.16	-0.18677
9.18	-0.093151
9.2	-0.089967
9.22	-0.14122
9.24	-0.077297
9.26	0.041256
9.28	0.079787
9.3	0.074757
9.32	0.067776
9.34	0.039977
9.36	0.035804
9.38	0.086356
9.4	0.20448
9.42	0.35326
9.44	0.44884
9.46	0.4952
9.48	0.50598
9.5	0.48589
9.52	0.32907
9.54	0.10602
9.56	-0.033075
9.58	-0.066096
9.6	-0.01424
9.62	0.070089
9.64	0.13215
9.66	0.14864
9.68	0.12589
9.7	0.093714
9.72	-0.018049
9.74	-0.20493
9.76	-0.36338
9.78	-0.51084
9.8	-0.54916
9.82	-0.51064
9.84	-0.46002
9.86	-0.38421
9.88	-0.32806
9.9	-0.31168
9.92	-0.33981
9.94	-0.41535
9.96	-0.48327
9.98	-0.496
10	-0.4734
10.02	-0.38626
10.04	-0.22323
10.06	-0.02711
10.08	0.18333
10.1	0.41282
10.12	0.5944
10.14	0.67457
10.16	0.70921
10.18	0.70723
10.2	0.58675
10.22	0.38895
10.24	0.30493
10.26	0.2661
10.28	0.18496
10.3	0.15942
10.32	0.17993
10.34	0.20008
10.36	0.18638
10.38	0.17477
10.4	0.12425
10.42	0.017145
10.44	-0.077533
10.46	-0.10371
10.48	-0.057956
10.5	-0.0034885
10.52	-0.0030783
10.54	-0.054224
10.56	-0.097752
10.58	-0.093893
10.6	-0.024239
10.62	0.029502
10.64	0.0026322
10.66	-0.089183
10.68	-0.19443
10.7	-0.26761
10.72	-0.32488
10.74	-0.34093
10.76	-0.38145
10.78	-0.49446
10.8	-0.55605
10.82	-0.55796
10.84	-0.44197
10.86	-0.21238
10.88	-0.067184
10.9	-0.054308
10.92	-0.073394
10.94	-0.046829
10.96	-0.0105
10.98	-0.00023083
11	-0.011058
11.02	-0.0020384
11.04	0.025227
11.06	0.066301
11.08	0.088802
11.1	0.10368
11.12	0.11704
11.14	0.13548
11.16	0.039534
11.18	-0.14398
11.2	-0.14031
11.22	-0.0409
11.24	0.087336
11.26	0.22052
11.28	0.30998
11.3	0.38527
11.32	0.46817
11.34	0.51585
11.36	0.50942
11.38	0.43645
11.4	0.34432
11.42	0.29834
11.44	0.22214
11.46	0.12407
11.48	0.09624
11.5	0.093959
11.52	0.054469
11.54	0.016203
11.56	0.013576
11.58	0.011003
11.6	0.019603
11.62	0.096152
11.64	0.11953
11.66	0.09914
11.68	0.021267
11.7	-0.057115
11.72	-0.079301
11.74	-0.11674
11.76	-0.17864
11.78	-0.30902
11.8	-0.43121
11.82	-0.52082
11.84	-0.58491
11.86	-0.59883
11.88	-0.56319
11.9	-0.42416
11.92	-0.20334
11.94	-0.0081861
11.96	0.07491
11.98	0.07853
12	0.049492
12.02	-0.017678
12.04	-0.07886
12.06	-0.12266
12.08	-0.14588
12.1	-0.12379
12.12	-0.082502
12.14	-0.021592
12.16	0.082336
12.18	0.19155
12.2	0.2949
12.22	0.35454
12.24	0.36956
12.26	0.36381
12.28	0.23078
12.3	0.058158
12.32	0.039945
12.34	0.082282
12.36	0.13759
12.38	0.19961
12.4	0.2011
12.42	0.17284
12.44	0.16275
12.46	0.14202
12.48	0.077989
12.5	0.014925
12.52	-0.06581
12.54	-0.17203
12.56	-0.22044
12.58	-0.24923
12.6	-0.27074
12.62	-0.26288
12.64	-0.23982
12.66	-0.24555
12.68	-0.27017
12.7	-0.26267
12.72	-0.24397
12.74	-0.17873
12.76	-0.092094
12.78	-0.042642
12.8	-0.011086
12.82	0.00080242
12.84	-0.054179
12.86	-0.11698
12.88	-0.090836
12.9	-0.049293
12.92	-0.02773
12.94	0.031403
12.96	0.08118
12.98	0.11806
13	0.13814
13.02	0.17847
13.04	0.23931
13.06	0.27232
13.08	0.28427
13.1	0.30105
13.12	0.28434
13.14	0.18184
13.16	0.12237
13.18	0.11203
13.2	0.11332
13.22	0.079433
13.24	0.03319
13.26	0.0022995
13.28	-0.018139
13.3	-0.022884
13.32	-0.020258
13.34	0.0064098
13.36	0.053595
13.38	0.10251
13.4	0.11646
13.42	0.11207
13.44	0.093412
13.46	0.012226
13.48	-0.052644
13.5	-0.067213
13.52	-0.088802
13.54	-0.087993
13.56	-0.088457
13.58	-0.11276
13.6	-0.13435
13.62	-0.13806
13.64	-0.16229
13.66	-0.1795
13.68	-0.17316
13.7	-0.14757
13.72	-0.11988
13.74	-0.10883
13.76	-0.057844
13.78	-0.020102
13.8	0.0012001
13.82	0.016036
13.84	0.0054409
13.86	0.0039054
13.88	0.025054
13.9	0.039347
13.92	-0.027216
13.94	-0.096825
13.96	-0.089086
13.98	-0.051626
14	0.0027523
14.02	0.049791
14.04	0.05141
14.06	0.073596
14.08	0.14032
14.1	0.19997
14.12	0.24237
14.14	0.2783
14.16	0.25633
14.18	0.16078
14.2	0.11773
14.22	0.1185
14.24	0.078637
14.26	0.018146
14.28	-0.042127
14.3	-0.10281
14.32	-0.13075
14.34	-0.15167
14.36	-0.11672
14.38	-0.047848
14.4	0.0080709
14.42	0.1107
14.44	0.20897
14.46	0.21307
14.48	0.15815
14.5	0.1024
14.52	0.032338
14.54	-0.027383
14.56	-0.087241
14.58	-0.13223
14.6	-0.13302
14.62	-0.13143
14.64	-0.16585
14.66	-0.21959
14.68	-0.25
14.7	-0.26351
14.72	-0.25095
14.74	-0.21288
14.76	-0.20246
14.78	-0.17592
14.8	-0.10234
14.82	-0.075311
14.84	-0.073737
14.86	0.00085779
14.88	0.10284
14.9	0.17105
14.92	0.19751
14.94	0.18944
14.96	0.17614
14.98	0.15091
15	0.12262
15.02	0.11425
15.04	0.096659
15.06	0.077736
15.08	0.068618
15.1	0.051798
15.12	0.0038423
15.14	-0.042386
15.16	-0.057755
15.18	-0.0395
15.2	-0.0037872
15.22	-0.00044496
15.24	0.0038396
15.26	0.051534
15.28	0.090826
15.3	0.11045
15.32	0.090427
15.34	0.049032
15.36	0.038418
15.38	0.035648
15.4	0.035781
15.42	0.012756
15.44	-0.0196
15.46	-0.036454
15.48	-0.071762
15.5	-0.11045
15.52	-0.098185
15.54	-0.067004
15.56	-0.049799
15.58	-0.075342
15.6	-0.13008
15.62	-0.16127
15.64	-0.14437
15.66	-0.11081
15.68	-0.10008
15.7	-0.062509
15.72	-0.018048
15.74	0.034258
15.76	0.089693
15.78	0.091851
15.8	0.053117
15.82	0.0041985
15.84	-0.051667
15.86	-0.087854
15.88	-0.086892
15.9	-0.056708
15.92	-0.028317
15.94	-0.0026211
15.96	0.039559
15.98	0.073391
16	0.10126
16.02	0.10449
16.04	0.082376
16.06	0.078748
16.08	0.073959
16.1	0.073998
16.12	0.12353
16.14	0.16306
16.16	0.19372
16.18	0.20483
16.2	0.16994
16.22	0.08262
16.24	-0.0051558
16.26	-0.073808
16.28	-0.13341
16.3	-0.16429
16.32	-0.16688
16.34	-0.15155
16.36	-0.087303
16.38	-0.0038658
16.4	0.015225
16.42	0.010081
16.44	0.0051492
16.46	0.01566
16.48	0.042852
16.5	0.072433
16.52	0.072449
16.54	0.030698
16.56	-0.0098178
16.58	-0.035835
16.6	-0.073814
16.62	-0.11549
16.64	-0.10749
16.66	-0.055569
16.68	-0.012204
16.7	0.052932
16.72	0.10724
16.74	0.12232
16.76	0.11602
16.78	0.082451
16.8	0.024187
16.82	-0.021291
16.84	-0.063322
16.86	-0.12564
16.88	-0.17177
16.9	-0.18709
16.92	-0.18277
16.94	-0.14556
16.96	-0.053694
16.98	0.024649
17	0.086922
17.02	0.12003
17.04	0.079376
17.06	-0.0032862
17.08	-0.057724
17.1	-0.10289
17.12	-0.14059
17.14	-0.14055
17.16	-0.10539
17.18	-0.101
17.2	-0.13411
17.22	-0.12019
17.24	-0.08253
17.26	-0.014649
17.28	0.044479
17.3	0.10122
17.32	0.14398
17.34	0.15157
17.36	0.17983
17.38	0.18266
17.4	0.17985
17.42	0.17332
17.44	0.1633
17.46	0.15308
17.48	0.14094
17.5	0.11978
17.52	0.089793
17.54	0.0904
17.56	0.11122
17.58	0.10873
17.6	0.079906
17.62	0.045763
17.64	0.036477
17.66	0.044756
17.68	0.023326
17.7	0.0015004
17.72	-0.046845
17.74	-0.11128
17.76	-0.15054
17.78	-0.17531
17.8	-0.1943
17.82	-0.18809
17.84	-0.18528
17.86	-0.18886
17.88	-0.17156
17.9	-0.14246
17.92	-0.076277
17.94	-0.028488
17.96	-0.014759
17.98	-0.014413
18	0.012226
18.02	0.029308
18.04	0.017865
18.06	-0.055569
18.08	-0.10591
18.1	-0.092956
18.12	-0.085823
18.14	-0.047479
18.16	-0.018421
18.18	0.0070339
18.2	0.0017765
18.22	-0.011523
18.24	-0.017126
18.26	-0.015102
18.28	-0.0061616
18.3	0.0096709
18.32	0.031625
18.34	0.033911
18.36	0.042061
18.38	0.06758
18.4	0.094738
18.42	0.10214
18.44	0.09385
18.46	0.086243
18.48	0.083819
18.5	0.080783
18.52	0.061283
18.54	0.028325
18.56	0.0091604
18.58	0.0086418
18.6	0.024558
18.62	0.05878
18.64	0.089265
18.66	0.12044
18.68	0.1325
18.7	0.12062
18.72	0.06292
18.74	-0.006684
18.76	-0.05933
18.78	-0.11221
18.8	-0.1447
18.82	-0.13848
18.84	-0.11984
18.86	-0.094833
18.88	-0.025481
18.9	0.035494
18.92	0.066103
18.94	0.081507
18.96	0.091499
18.98	0.091273
19	0.047227
19.02	0.012225
19.04	-0.0034288
19.06	-0.048541
19.08	-0.084467
19.1	-0.087592
19.12	-0.063694
19.14	-0.0033514
19.16	0.072562
19.18	0.098368
19.2	0.10033
19.22	0.070456
19.24	0.012257
19.26	-0.01568
19.28	-0.043114
19.3	-0.062161
19.32	-0.03879
19.34	0.000887
19.36	0.046029
19.38	0.066024
19.4	0.040497
19.42	0.0078942
19.44	-0.0050598
19.46	-0.0029122
19.48	0.007727
19.5	0.0021734
19.52	-0.018205
19.54	-0.022999
19.56	-0.050373
19.58	-0.074253
19.6	-0.068605
19.62	-0.048344
19.64	-0.03186
19.66	-0.039709
19.68	-0.061402
19.7	-0.044942
19.72	-0.010958
19.74	0.010261
19.76	0.031203
19.78	0.021883
19.8	0.01948
19.82	0.0020434
19.84	-0.058595
19.86	-0.097359
19.88	-0.10709
19.9	-0.11007
19.92	-0.076462
19.94	-0.01724
19.96	0.007849
19.98	0.010219
20	0.0053271
20.02	-0.012292
20.04	-0.014469
20.06	0.012659
20.08	0.029212
20.1	0.043228
20.12	0.044147
20.14	0.041348
20.16	0.067429
20.18	0.099208
20.2	0.10139
20.22	0.08271
20.24	0.046845
20.26	0.0084075
20.28	-0.0020734
20.3	0.0076621
20.32	0.023885
20.34	0.0064978
20.36	-0.010183
20.38	-0.03306
20.4	-0.042076
20.42	-0.017056
20.44	0.015023
20.46	0.051319
20.48	0.063519
20.5	0.03924
20.52	-0.0087798
20.54	-0.054549
20.56	-0.090029
20.58	-0.090592
20.6	-0.056395
20.62	0.0068357
20.64	0.067949
20.66	0.11033
20.68	0.12848
20.7	0.10296
20.72	0.030634
20.74	-0.044865
20.76	-0.073236
20.78	-0.064247
20.8	-0.036225
20.82	-0.025379
20.84	-0.035193
20.86	-0.023646
20.88	-0.015199
20.9	0.0014781
20.92	0.019927
20.94	0.034348
20.96	0.073606
20.98	0.095496
21	0.078642
21.02	0.03905
21.04	0.013295
21.06	-0.024378
21.08	-0.069159
21.1	-0.10828
21.12	-0.10525
21.14	-0.063457
21.16	-0.039528
21.18	-0.039735
21.2	-0.029481
21.22	-0.018324
21.24	-0.023512
21.26	-0.032675
21.28	-0.057492
21.3	-0.069616
21.32	-0.055986
21.34	-0.012818
21.36	0.043491
21.38	0.080177
21.4	0.08857
21.42	0.07184
21.44	0.035738
21.46	-0.0072074
21.48	-0.027636
21.5	-0.018957
21.52	-0.015925
21.54	-0.019257
21.56	-0.01554
21.58	-0.0066436
21.6	0.02119
21.62	0.050367
21.64	0.032694
21.66	0.0029453
21.68	-0.012309
21.7	-0.026423
21.72	-0.017147
21.74	0.00084273
21.76	0.037652
21.78	0.068191
21.8	0.067959
21.82	0.079393
21.84	0.093755
21.86	0.10664
21.88	0.10847
21.9	0.086485
21.92	0.03532
21.94	-0.0052356
21.96	-0.038085
21.98	-0.085394
22	-0.089541
22.02	-0.038164
22.04	-0.0032947
22.06	-0.0095492
22.08	-0.011425
22.1	-0.035669
22.12	-0.079789
22.14	-0.093992
22.16	-0.092452
22.18	-0.054977
22.2	0.0019496
22.22	0.032948
22.24	0.053871
22.26	0.071683
22.28	0.051009
22.3	0.0053292
22.32	-0.033311
22.34	-0.080195
22.36	-0.097326
22.38	-0.086846
22.4	-0.06429
22.42	-0.049893
22.44	-0.03417
22.46	-0.0041781
22.48	0.018408
22.5	0.037923
22.52	0.050177
22.54	0.057385
22.56	0.051511
22.58	0.034163
22.6	0.013
22.62	0.002904
22.64	0.0003716
22.66	0.0062269
22.68	0.0076488
22.7	0.019897
22.72	0.043718
22.74	0.073526
22.76	0.088194
22.78	0.064715
22.8	0.034221
22.82	0.0077059
22.84	-0.0019897
22.86	-0.0049467
22.88	-0.0070298
22.9	-0.0079181
22.92	-0.0087965
22.94	-0.024135
22.96	-0.032162
22.98	-0.034704
23	-0.035474
23.02	-0.017519
23.04	-0.0013262
23.06	0.0073481
23.08	0.0048011
23.1	-0.0011326
23.12	-0.018796
23.14	-0.046585
23.16	-0.052657
23.18	-0.04114
23.2	-0.0227
23.22	-0.012096
23.24	-0.017249
23.26	-0.03438
23.28	-0.05579
23.3	-0.084893
23.32	-0.10424
23.34	-0.11745
23.36	-0.10894
23.38	-0.081353
23.4	-0.0488
23.42	-0.001954
23.44	0.036212
23.46	0.062813
23.48	0.071897
23.5	0.066951
23.52	0.048527
23.54	0.027299
23.56	-0.0055601
23.58	-0.015468
23.6	0.010287
23.62	0.035376
23.64	0.031709
23.66	0.019174
23.68	0.018612
23.7	0.017857
23.72	0.013083
23.74	0.0035896
23.76	0.021688
23.78	0.049783
23.8	0.073332
23.82	0.087171
23.84	0.092355
23.86	0.080586
23.88	0.056549
23.9	0.024643
23.92	-0.0038818
23.94	-0.0047211
23.96	0.0059673
23.98	0.0040275
24	-0.018785
24.02	-0.0551
24.04	-0.090028
24.06	-0.10033
24.08	-0.093302
24.1	-0.051215
24.12	-0.010877
24.14	0.013122
24.16	0.047734
24.18	0.059667
24.2	0.065028
24.22	0.065863
24.24	0.053146
24.26	0.048599
24.28	0.04044
24.3	0.018091
24.32	-0.014862
24.34	-0.047247
24.36	-0.069873
24.38	-0.071319
24.4	-0.059664
24.42	-0.058291
24.44	-0.056489
24.46	-0.032634
24.48	0.0018937
24.5	0.038658
24.52	0.048384
24.54	0.037904
24.56	0.023509
24.58	-0.0019008
24.6	-0.027898
24.62	-0.028727
24.64	-0.019782
24.66	-0.0059783
24.68	-0.0053215
24.7	-0.020463
24.72	-0.019599
24.74	-0.019929
24.76	-0.00030057
24.78	0.022582
24.8	0.028472
24.82	0.024942
24.84	0.017883
24.86	0.021422
24.88	0.030812
24.9	0.026957
24.92	0.015627
24.94	0.0063067
24.96	-0.00034797
24.98	-0.0016907
25	-0.010572
25.02	-0.0017845
25.04	0.035508
25.06	0.068916
25.08	0.083939
25.1	0.094618
25.12	0.082854
25.14	0.041577
25.16	-0.0086986
25.18	-0.052098
25.2	-0.066485
25.22	-0.058245
25.24	-0.038572
25.26	-0.013913
25.28	0.016829
25.3	0.035026
25.32	0.025098
25.34	0.016321
25.36	0.02267
25.38	0.017936
25.4	0.0027702
25.42	-0.012805
25.44	-0.027719
25.46	-0.030222
25.48	-0.022798
25.5	-0.020191
25.52	-0.0086587
25.54	-0.0035588
25.56	-0.013003
25.58	-0.025686
25.6	-0.0281
25.62	-0.019332
25.64	-0.0098729
25.66	-0.0042399
25.68	-0.0087965
25.7	-0.01124
25.72	-0.011986
25.74	-0.01903
25.76	7.2588e-07
25.78	0.044921
25.8	0.074556
25.82	0.082204
25.84	0.05792
25.86	0.02632
25.88	-0.0057988
25.9	-0.030059
25.92	-0.035533
25.94	-0.025556
25.96	-0.018112
25.98	-0.021878
26	-0.027131
26.02	-0.027699
26.04	-0.027674
26.06	-0.030562
26.08	-0.02102
26.1	-0.0075866
26.12	0.0035065
26.14	0.0019219
26.16	-0.0050142
26.18	-0.011521
26.2	-0.017643
26.22	-0.028509
26.24	-0.037553
26.26	-0.040007
26.28	-0.052013
26.3	-0.047718
26.32	-0.024367
26.34	-0.0091766
26.36	-0.019312
26.38	-0.025271
26.4	-0.014252
26.42	-0.011023
26.44	-0.019021
26.46	-0.02454
26.48	-0.018661
26.5	-0.018054
26.52	-0.0098588
26.54	-0.0019253
26.56	0.0016242
26.58	-0.0038359
26.6	-0.016005
26.62	-0.013848
26.64	-0.006384
26.66	0.0029317
26.68	0.023138
26.7	0.051772
26.72	0.070699
26.74	0.075631
26.76	0.060584
26.78	0.053845
26.8	0.063713
26.82	0.056521
26.84	0.03468
26.86	0.041863
26.88	0.056501
26.9	0.05301
26.92	0.040727
26.94	0.029762
26.96	0.010287
26.98	-0.013149
27	-0.030808
27.02	-0.027308
27.04	0.0019221
27.06	0.029247
27.08	0.061692
27.1	0.066486
27.12	0.051572
27.14	0.040113
27.16	0.019097
27.18	-0.026662
27.2	-0.062667
27.22	-0.063284
27.24	-0.037707
27.26	-0.0082298
27.28	-0.0049124
27.3	0.00025125
27.32	3.4034e-05
27.34	-0.014224
27.36	-0.028442
27.38	-0.056616
27.4	-0.052179
27.42	-0.027031
27.44	-0.010182
27.46	0.005729
27.48	-0.0045396
27.5	-0.020071
27.52	-0.040051
27.54	-0.042574
27.56	-0.03505
27.58	-0.03042
27.6	-0.046652
27.62	-0.056438
27.64	-0.040275
27.66	-0.021225
27.68	-0.0093419
27.7	-0.0069527
27.72	-0.0099349
27.74	-0.0097772
27.76	-0.0054381
27.78	0.0017199
27.8	0.011376
27.82	0.00025816
27.84	-0.013738
27.86	-0.012682
27.88	0.013413
27.9	0.039998
27.92	0.037055
27.94	0.018404
27.96	0.0073251
27.98	0.00053663
28	-0.0055756
28.02	-0.005112
28.04	0.0021101
28.06	0.012205
28.08	0.019916
28.1	0.030604
28.12	0.036607
28.14	0.039411
28.16	0.034928
28.18	0.019322
28.2	0.019899
28.22	0.010588
28.24	0.0048855
28.26	0.010054
28.28	0.00031816
28.3	-0.018664
28.32	-0.028879
28.34	-0.025952
28.36	-0.0087286
28.38	0.012163
28.4	0.017095
28.42	0.0072704
28.44	-0.0029591
28.46	-0.011041
28.48	-0.014206
28.5	-0.016048
28.52	-0.024599
28.54	-0.0219
28.56	-0.009272
28.58	0.0078384
28.6	0.020906
28.62	0.024578
28.64	0.033444
28.66	0.044467
28.68	0.037323
28.7	0.030569
28.72	0.037535
28.74	0.025227
28.76	0.014716
28.78	0.012987
28.8	0.011903
28.82	0.031922
28.84	0.035553
28.86	0.028765
28.88	0.031785
28.9	0.034633
28.92	0.021499
28.94	0.0026771
28.96	-0.013897
28.98	-0.026365
29	-0.027233
29.02	-0.026426
29.04	-0.027429
29.06	-0.041324
29.08	-0.05753
29.1	-0.071166
29.12	-0.072319
29.14	-0.058689
29.16	-0.035607
29.18	-0.019541
29.2	-0.018846
29.22	-0.023568
29.24	-0.034125
29.26	-0.036257
29.28	-0.031692
29.3	-0.029111
29.32	-0.030741
29.34	-0.037947
29.36	-0.025229
29.38	-0.00043502
29.4	0.015365
29.42	0.018665
29.44	0.019909
29.46	0.025346
29.48	0.030558
29.5	0.042209
29.52	0.051988
29.54	0.052098
29.56	0.046967
29.58	0.047189
29.6	0.038393
29.62	0.026249
29.64	0.015309
29.66	0.0084669
29.68	0.0040595
29.7	0.0053676
29.72	0.01357
29.74	0.010936
29.76	0.0066472
29.78	0.0036814
29.8	0.0048041
29.82	0.0021426
29.84	-0.0072324
29.86	-0.016233
29.88	-0.021923
29.9	-0.021019
29.92	-0.018985
29.94	-0.02517
29.96	-0.026189
29.98	-0.022837
30	-0.017131
30.02	-0.0029348
30.04	0.0008314
30.06	-0.0073537
30.08	-0.012506
30.1	-0.014274
30.12	-0.010789
30.14	-0.0036232
30.16	-0.0028455
30.18	-0.002249
30.2	-0.001408
30.22	-0.002063
30.24	-0.001116
30.26	0.0016127
30.28	0.0047271
30.3	0.0068994
30.32	0.005461
30.34	0.0051514
30.36	0.012311
30.38	0.014885
30.4	0.0091616
30.42	0.004637
30.44	0.0043452
30.46	0.0036021
30.48	0.0061345
30.5	0.01092
30.52	0.015809
30.54	0.013672
30.56	0.0087378
30.58	0.0039561
30.6	0.0033938
30.62	0.0019333
30.64	-0.0026083
30.66	-0.0017511
30.68	0.00014959
30.7	0.0038448
30.72	0.0027241
30.74	0.00103
30.76	-0.0028729
30.78	-0.005363
30.8	-0.0031255
30.82	-0.0027288
30.84	-0.0061533
30.86	-0.005287
30.88	-0.00070903
30.9	0.0045252
30.92	0.0077851
30.94	0.0079417
30.96	0.0063424
30.98	0.00022354
31	-0.004724
31.02	-0.0076961
31.04	-0.0080695
31.06	-0.0072972
31.08	-0.006318
31.1	-0.0049801
31.12	-0.0025037
31.14	-0.0010677
31.16	9.3036e-05
31.18	-4.2226e-05
31.2	-0.00034996
31.22	-0.00071734
31.24	-0.0017537
31.26	-0.0017265
31.28	-0.0029829
31.3	-0.0025862
31.32	-0.00077783
31.34	0.00048785
31.36	0.0013359
31.38	0.0019945
31.4	0.0018362
31.42	0.0013064
31.44	0.0012076
31.46	0.00091881
31.48	0.00062248
31.5	0.00043587
31.52	0.00082103
31.54	0.0013455
31.56	0.0012519
31.58	0.00098125
31.6	0.00071481
31.62	0.0002169
31.64	-0.0002603
31.66	-0.00028467
31.68	-0.00034454
31.7	-0.00046505
31.72	-0.0005361
31.74	-0.00046341
31.76	-0.00028739
31.78	-0.00023758
31.8	-0.00022115
31.82	-0.00027615
31.84	-0.00037229
31.86	-0.00038047
31.88	-0.00036428
31.9	-0.00031962
31.92	-0.00025577
31.94	-0.0001725
31.96	-7.2324e-05
31.98	4.483e-05
