0	0.00081837
0.005	0.00081478
0.01	0.00081377
0.015	0.00081116
0.02	0.00081098
0.025	0.00080917
0.03	0.00080995
0.035	0.00080905
0.04	0.00081066
0.045	0.00081061
0.05	0.00081129
0.055	0.00081187
0.06	0.00081476
0.065	0.00081327
0.07	0.00081651
0.075	0.00081807
0.08	0.00081802
0.085	0.00081985
0.09	0.00081897
0.095	0.00082102
0.1	0.00082526
0.105	0.00082109
0.11	0.00082528
0.115	0.0008279
0.12	0.00082399
0.125	0.00082645
0.13	0.00083101
0.135	0.00082308
0.14	0.00082743
0.145	0.00082996
0.15	0.00082144
0.155	0.00082366
0.16	0.00082804
0.165	0.00083041
0.17	0.00081822
0.175	0.00082033
0.18	0.00082456
0.185	0.00080702
0.19	0.00081052
0.195	0.00081232
0.2	0.00081629
0.205	0.00081797
0.21	0.00082213
0.215	0.00082438
0.22	0.00082852
0.225	0.00083093
0.23	0.00083541
0.235	0.00083776
0.24	0.00084251
0.245	0.0008453
0.25	0.00084992
0.255	0.00085291
0.26	0.00085815
0.265	0.00086104
0.27	0.00086633
0.275	0.00086963
0.28	0.00087474
0.285	0.00087829
0.29	0.0008841
0.295	0.00088717
0.3	0.00089308
0.305	0.0008969
0.31	0.00090239
0.315	0.00090623
0.32	0.00091241
0.325	0.0009159
0.33	0.00092219
0.335	0.0009264
0.34	0.00093213
0.345	0.0009365
0.35	0.00094308
0.355	0.0010148
0.36	0.0010225
0.365	0.0010997
0.37	0.0011085
0.375	0.0011906
0.38	0.0012776
0.385	0.0012866
0.39	0.0013785
0.395	0.0013886
0.4	0.0014864
0.405	0.0015839
0.41	0.0015985
0.415	0.0017021
0.42	0.0018099
0.425	0.0018253
0.43	0.0019391
0.435	0.0018561
0.44	0.0018739
0.445	0.0018893
0.45	0.0019059
0.455	0.0018148
0.46	0.0018306
0.465	0.0018448
0.47	0.0017478
0.475	0.0017613
0.48	0.0017757
0.485	0.0016691
0.49	0.0016839
0.495	0.001695
0.5	0.0015833
0.505	0.0015936
0.51	0.0016073
0.515	0.0016174
0.52	0.0016296
0.525	0.0016396
0.53	0.0016517
0.535	0.0016629
0.54	0.0016748
0.545	0.0016844
0.55	0.0016963
0.555	0.0017056
0.56	0.0017188
0.565	0.0017279
0.57	0.0017393
0.575	0.0017481
0.58	0.0017594
0.585	0.0017698
0.59	0.0017808
0.595	0.0017892
0.6	0.0016308
0.605	0.0016388
0.61	0.0016485
0.615	0.0014819
0.62	0.0014914
0.625	0.001496
0.63	0.0013226
0.635	0.0013286
0.64	0.001337
0.645	0.0013429
0.65	0.0011595
0.655	0.001165
0.66	0.0011724
0.665	0.0009773
0.67	0.00098467
0.675	0.00098923
0.68	0.00099417
0.685	0.00099856
0.69	0.0010054
0.695	0.0010075
0.7	0.001014
0.705	0.0010179
0.71	0.0010221
0.715	0.0010258
0.72	0.0010319
0.725	0.0010331
0.73	0.001039
0.735	0.0010423
0.74	0.001048
0.745	0.0010485
0.75	0.001054
0.755	0.0010567
0.76	0.0012991
0.765	0.0013006
0.77	0.0013056
0.775	0.0015529
0.78	0.0015566
0.785	0.0015575
0.79	0.0015585
0.795	0.001813
0.8	0.0018152
0.805	0.001815
0.81	0.0020769
0.815	0.0020777
0.82	0.002079
0.825	0.0023428
0.83	0.0023424
0.835	0.0023392
0.84	0.0023385
0.845	0.002611
0.85	0.0026084
0.855	0.0026035
0.86	0.0028825
0.865	0.0028753
0.87	0.0028739
0.875	0.003151
0.88	0.0031473
0.885	0.0031383
0.89	0.003424
0.895	0.0034124
0.9	0.0034067
0.905	0.0033948
0.91	0.003685
0.915	0.0033745
0.92	0.0027648
0.925	0.0024554
0.93	0.0021457
0.935	0.001832
0.94	0.0012153
0.945	0.00090309
0.95	0.00059367
0.955	0.00027787
0.96	-3.1538e-05
0.965	-0.00066152
0.97	-0.00096795
0.975	-0.0012823
0.98	-0.0015911
0.985	-0.0022286
0.99	-0.0025316
0.995	0.00070452
1	-0.00091989
1.005	-0.00091439
1.01	-0.0012367
1.015	-0.0012305
1.02	-0.0015529
1.025	-0.0015447
1.03	-0.0015367
1.035	-0.0018603
1.04	-0.0018499
1.045	-0.002175
1.05	-0.0021613
1.055	-0.0021535
1.06	-0.0024773
1.065	-0.0021244
1.07	-0.0014328
1.075	-0.0010865
1.08	-0.0007395
1.085	-0.00039627
1.09	0.00028995
1.095	0.00062955
1.1	0.00096627
1.105	0.00026495
1.11	-0.00077754
1.115	-0.001471
1.12	-0.0025045
1.125	-0.0031864
1.13	-0.0042133
1.135	-0.0048863
1.14	-0.0059023
1.145	-0.0065657
1.15	-0.0072187
1.155	-0.008224
1.16	-0.008869
1.165	-0.008097
1.17	-0.0069754
1.175	-0.0058611
1.18	-0.0051098
1.185	-0.0040086
1.19	-0.0032686
1.195	-0.0021778
1.2	-0.0010985
1.205	-0.00038191
1.21	0.00068599
1.215	0.0013893
1.22	0.0024452
1.225	0.003487
1.23	0.004166
1.235	0.0051939
1.24	0.0047846
1.245	0.0043817
1.25	0.0043365
1.255	0.0039364
1.26	0.0035397
1.265	0.0035
1.27	0.0031103
1.275	0.0037884
1.28	0.0048195
1.285	0.0054824
1.29	0.0064963
1.295	0.0071412
1.3	0.0081415
1.305	0.0087686
1.31	0.0093991
1.315	0.010373
1.32	0.010985
1.325	0.010159
1.33	0.0093487
1.335	0.008539
1.34	0.0077405
1.345	0.0073027
1.35	0.0065115
1.355	0.0057295
1.36	0.0049535
1.365	0.0041832
1.37	0.0034215
1.375	0.00088011
1.38	-0.0016313
1.385	-0.0041243
1.39	-0.0065925
1.395	-0.0090416
1.4	-0.011463
1.405	-0.013865
1.41	-0.013031
1.415	-0.012213
1.42	-0.011753
1.425	-0.010945
1.43	-0.010141
1.435	-0.0093447
1.44	-0.0085522
1.445	-0.0077714
1.45	-0.0073503
1.455	-0.0065767
1.46	-0.0058111
1.465	-0.0050529
1.47	-0.0042983
1.475	-0.0035554
1.48	-0.0031678
1.485	-0.002437
1.49	-0.0056261
1.495	-0.0087881
1.5	-0.011922
1.505	-0.015026
1.51	-0.0181
1.515	-0.020788
1.52	-0.016675
1.525	-0.012608
1.53	-0.0085716
1.535	-0.0045771
1.54	-0.00025811
1.545	0.0036627
1.55	0.0075495
1.555	0.011398
1.56	0.015573
1.565	0.019342
1.57	0.01453
1.575	0.0097606
1.58	0.0050368
1.585	0.00035442
1.59	-0.0042855
1.595	-0.0088823
1.6	-0.0073742
1.605	-0.0055329
1.61	-0.0040575
1.615	-0.0022442
1.62	-0.00044275
1.625	0.00098139
1.63	0.0027541
1.635	0.0041491
1.64	0.0058932
1.645	0.0072591
1.65	0.0089752
1.655	0.010668
1.66	0.011993
1.665	0.013658
1.67	0.014958
1.675	0.016593
1.68	0.0096616
1.685	0.0031532
1.69	-0.0036545
1.695	-0.010399
1.7	-0.017088
1.705	-0.023344
1.71	-0.018144
1.715	-0.012638
1.72	-0.0071884
1.725	-0.014977
1.73	-0.022322
1.735	-0.029609
1.74	-0.027547
1.745	-0.025524
1.75	-0.023502
1.755	-0.021513
1.76	-0.023095
1.765	-0.024666
1.77	-0.026217
1.775	-0.027756
1.78	-0.026777
1.785	-0.02582
1.79	-0.025215
1.795	-0.024267
1.8	-0.023316
1.805	-0.022385
1.81	-0.02145
1.815	-0.020889
1.82	-0.019965
1.825	-0.019062
1.83	-0.018148
1.835	-0.0086984
1.84	0.0006644
1.845	0.010298
1.85	0.019492
1.855	0.02859
1.86	0.027986
1.865	0.027035
1.87	0.026448
1.875	0.025507
1.88	0.024578
1.885	0.024007
1.89	0.023086
1.895	0.022173
1.9	0.021622
1.905	0.012156
1.91	0.0031519
1.915	-0.0061451
1.92	-0.015334
1.925	-0.010905
1.93	-0.0068815
1.935	-0.0028914
1.94	0.0014206
1.945	0.0053356
1.95	0.0095726
1.955	0.013411
1.96	0.01722
1.965	0.021346
1.97	0.025794
1.975	0.030549
1.98	0.034913
1.985	0.039578
1.99	0.032802
1.995	0.026443
2	0.019791
2.005	0.013544
2.01	0.0070082
2.015	0.00087859
2.02	-0.0055437
2.025	-0.011561
2.03	-0.01787
2.035	-0.023773
2.04	-0.029967
2.045	-0.035759
2.05	-0.040058
2.055	-0.044335
2.06	-0.048545
2.065	-0.032048
2.07	-0.015362
2.075	0.00081793
2.08	0.00080978
2.085	0.00081739
2.09	0.00081473
2.095	0.0058144
2.1	0.010398
2.105	0.015307
2.11	0.019793
2.115	0.0028546
2.12	-0.013904
2.125	-0.030884
2.13	-0.0427
2.135	-0.05443
2.14	-0.066022
2.145	-0.057915
2.15	-0.050246
2.155	-0.042288
2.16	-0.034393
2.165	-0.0087339
2.17	0.016299
2.175	0.041492
2.18	0.066415
2.185	0.061892
2.19	0.057081
2.195	0.052652
2.2	0.047913
2.205	0.043564
2.21	0.039255
2.215	0.024281
2.22	0.0091068
2.225	-0.005588
2.23	-0.020138
2.235	-0.034567
2.24	-0.048852
2.245	-0.063012
2.25	-0.063124
2.255	-0.063262
2.26	-0.063014
2.265	-0.072073
2.27	-0.080982
2.275	-0.049909
2.28	-0.019497
2.285	0.010995
2.29	0.011617
2.295	0.01226
2.3	0.01253
2.305	0.013161
2.31	0.01378
2.315	0.014395
2.32	0.015001
2.325	0.015605
2.33	0.015846
2.335	0.01644
2.34	0.017027
2.345	0.017607
2.35	0.018185
2.355	0.018755
2.36	0.018963
2.365	0.019523
2.37	0.019722
2.375	0.019919
2.38	0.020113
2.385	0.020304
2.39	0.020492
2.395	0.020677
2.4	0.020864
2.405	0.021041
2.41	0.021226
2.415	0.02139
2.42	0.0048099
2.425	-0.01126
2.43	-0.027532
2.435	-0.035817
2.44	-0.044392
2.445	-0.052523
2.45	-0.070218
2.455	-0.088064
2.46	-0.059779
2.465	-0.03213
2.47	-0.0043704
2.475	0.010297
2.48	0.025211
2.485	0.039611
2.49	0.054257
2.495	0.074097
2.5	0.093771
2.505	0.11323
2.51	0.088316
2.515	0.063654
2.52	0.039557
2.525	0.015331
2.53	-0.0086868
2.535	-0.032468
2.54	-0.023592
2.545	-0.015188
2.55	-0.0068321
2.555	0.0014176
2.56	-0.012137
2.565	-0.025202
2.57	-0.038509
2.575	-0.051685
2.58	-0.046553
2.585	-0.041135
2.59	-0.036104
2.595	-0.030775
2.6	-0.026549
2.605	-0.022374
2.61	-0.017867
2.615	-0.013768
2.62	-0.0093338
2.625	-0.005312
2.63	0.010464
2.635	0.02604
2.64	0.0026555
2.645	-0.020515
2.65	-0.043459
2.655	-0.059792
2.66	-0.075605
2.665	-0.091653
2.67	-0.10715
2.675	-0.085089
2.68	-0.063615
2.685	-0.041956
2.69	-0.020863
2.695	0.00040239
2.7	0.021475
2.705	0.041996
2.71	0.062697
2.715	0.08282
2.72	0.062133
2.725	0.041656
2.73	0.021355
2.735	0.001242
2.74	-0.015833
2.745	-0.032766
2.75	-0.049526
2.755	-0.066157
2.76	-0.08259
2.765	-0.055032
2.77	-0.027774
2.775	-0.00073127
2.78	0.026045
2.785	0.052595
2.79	0.078882
2.795	0.096737
2.8	0.11444
2.805	0.13195
2.81	0.10581
2.815	0.0803
2.82	0.054634
2.825	0.029588
2.83	0.027565
2.835	0.025546
2.84	0.023557
2.845	0.030134
2.85	0.037002
2.855	0.043806
2.86	0.040561
2.865	0.037356
2.87	0.034173
2.875	0.031021
2.88	0.027893
2.885	0.025152
2.89	0.022074
2.895	0.019026
2.9	0.016004
2.905	0.01301
2.91	0.014319
2.915	0.015257
2.92	0.016191
2.925	0.024245
2.93	0.032218
2.935	0.04012
2.94	0.056866
2.945	0.073786
2.95	0.050632
2.955	0.027362
2.96	0.0046383
2.965	-0.018215
2.97	-0.040529
2.975	-0.06296
2.98	-0.049553
2.985	-0.036286
2.99	-0.02313
2.995	-0.0097407
3	0.0038855
3.005	0.017033
3.01	0.030052
3.015	0.043325
3.02	0.056084
3.025	0.022737
3.03	-0.010596
3.035	-0.043676
3.04	-0.076409
3.045	-0.10889
3.05	-0.14065
3.055	-0.12688
3.06	-0.11325
3.065	-0.099378
3.07	-0.085987
3.075	-0.072712
3.08	-0.059554
3.085	-0.046158
3.09	-0.033233
3.095	-0.020439
3.1	-0.034134
3.105	-0.047688
3.11	-0.061116
3.115	-0.064432
3.12	-0.067735
3.125	-0.070993
3.13	-0.074222
3.135	-0.074563
3.14	-0.075266
3.145	-0.075584
3.15	-0.062364
3.155	-0.049262
3.16	-0.036278
3.165	-0.023765
3.17	-0.01101
3.175	0.00163
3.18	0.014161
3.185	0.02656
3.19	0.0042632
3.195	-0.017415
3.2	0.0074188
3.205	0.031645
3.21	0.056018
3.215	0.079794
3.22	0.082685
3.225	0.085202
3.23	0.088045
3.235	0.090861
3.24	0.099716
3.245	0.10845
3.25	0.071843
3.255	0.035251
3.26	-0.00069198
3.265	-0.036258
3.27	-0.022328
3.275	-0.008554
3.28	0.0051039
3.285	0.018636
3.29	0.032047
3.295	0.045332
3.3	0.058496
3.305	0.07154
3.31	0.084462
3.315	0.12546
3.32	0.16598
3.325	0.13343
3.33	0.10089
3.335	0.033625
3.34	-0.032543
3.345	-0.040778
3.35	-0.048961
3.355	-0.056706
3.36	-0.064736
3.365	-0.072335
3.37	-0.080216
3.375	-0.088024
3.38	-0.095399
3.385	-0.10306
3.39	-0.11029
3.395	-0.11781
3.4	-0.12526
3.405	-0.15618
3.41	-0.18674
3.415	-0.16357
3.42	-0.14066
3.425	-0.1179
3.43	-0.067934
3.435	-0.0184
3.44	0.030637
3.445	0.029338
3.45	0.0281
3.455	0.026842
3.46	0.025614
3.465	0.024386
3.47	0.029596
3.475	0.034381
3.48	0.0395
3.485	0.057752
3.49	0.07547
3.495	0.093386
3.5	0.11113
3.505	0.12872
3.51	0.16111
3.515	0.1932
3.52	0.22531
3.525	0.21185
3.53	0.19857
3.535	0.18536
3.54	0.17194
3.545	0.15895
3.55	0.14612
3.555	0.13334
3.56	0.097549
3.565	0.061697
3.57	0.026207
3.575	0.0016986
3.58	-0.022212
3.585	-0.046288
3.59	-0.070111
3.595	-0.09375
3.6	-0.11713
3.605	-0.14034
3.61	-0.16328
3.615	-0.18608
3.62	-0.20818
3.625	-0.12818
3.63	-0.048616
3.635	0.030248
3.64	0.059884
3.645	0.089677
3.65	0.11914
3.655	0.12269
3.66	0.12658
3.665	0.1304
3.67	0.13387
3.675	0.13758
3.68	0.060376
3.685	-0.016099
3.69	-0.092228
3.695	-0.16091
3.7	-0.22891
3.705	-0.22036
3.71	-0.21197
3.715	-0.20324
3.72	-0.19498
3.725	-0.19245
3.73	-0.19031
3.735	-0.18782
3.74	-0.21496
3.745	-0.24141
3.75	-0.2049
3.755	-0.16876
3.76	-0.1329
3.765	-0.042446
3.77	0.046737
3.775	0.13554
3.78	0.22346
3.785	0.31065
3.79	0.39695
3.795	0.46148
3.8	0.52574
3.805	0.58943
3.81	0.65209
3.815	0.67143
3.82	0.69055
3.825	0.65563
3.83	0.62144
3.835	0.58711
3.84	0.52637
3.845	0.46614
3.85	0.40648
3.855	0.34728
3.86	0.25442
3.865	0.1624
3.87	0.071564
3.875	-0.05235
3.88	-0.1747
3.885	-0.29636
3.89	-0.41684
3.895	-0.53591
3.9	-0.65419
3.905	-0.77103
3.91	-0.80472
3.915	-0.83825
3.92	-0.87126
3.925	-0.83383
3.93	-0.79663
3.935	-0.64677
3.94	-0.49795
3.945	-0.2427
3.95	0.010024
3.955	0.30772
3.96	0.60242
3.965	0.80045
3.97	0.85929
3.975	0.79228
3.98	0.72584
3.985	0.5908
3.99	0.45742
3.995	0.3248
4	0.1938
4.005	0.063884
4.01	-0.10934
4.015	-0.28066
4.02	-0.45071
4.025	-0.53679
4.03	-0.4853
4.035	-0.43395
4.04	-0.34167
4.045	-0.25027
4.05	-0.15964
4.055	-0.070256
4.06	-0.062564
4.065	-0.05491
4.07	-0.10154
4.075	-0.14763
4.08	-0.11885
4.085	-0.090002
4.09	-0.061752
4.095	-0.033416
4.1	-0.0056758
4.105	0.022152
4.11	0.049398
4.115	0.076688
4.12	0.017842
4.125	-0.040409
4.13	-0.098158
4.135	-0.15536
4.14	-0.21206
4.145	-0.29533
4.15	-0.37743
4.155	-0.45882
4.16	-0.53939
4.165	-0.56859
4.17	-0.59758
4.175	-0.62618
4.18	-0.56187
4.185	-0.49849
4.19	-0.36651
4.195	-0.23613
4.2	-0.10651
4.205	0.021498
4.21	0.079951
4.215	0.13752
4.22	0.13538
4.225	0.1333
4.23	0.13125
4.235	0.19233
4.24	0.25275
4.245	0.31268
4.25	0.37663
4.255	0.43968
4.26	0.50244
4.265	0.56432
4.27	0.62587
4.275	0.62987
4.28	0.63343
4.285	0.55741
4.29	0.48256
4.295	0.40788
4.3	0.29796
4.305	0.18896
4.31	0.08104
4.315	0.032856
4.32	-0.014907
4.325	-0.062261
4.33	-0.10912
4.335	-0.076052
4.34	-0.043389
4.345	-0.010591
4.35	0.02148
4.355	0.034423
4.36	0.046859
4.365	0.059584
4.37	0.072106
4.375	-0.0045931
4.38	-0.080128
4.385	-0.15541
4.39	-0.22957
4.395	-0.30314
4.4	-0.37625
4.405	-0.32359
4.41	-0.27154
4.415	-0.21984
4.42	-0.16872
4.425	-0.16325
4.43	-0.15748
4.435	-0.15206
4.44	-0.07328
4.445	0.0051076
4.45	0.08243
4.455	0.15907
4.46	0.28313
4.465	0.40565
4.47	0.52742
4.475	0.58521
4.48	0.52854
4.485	0.4723
4.49	0.34426
4.495	0.21734
4.5	0.04134
4.505	-0.13308
4.51	-0.34439
4.515	-0.55374
4.52	-0.64949
4.525	-0.61435
4.53	-0.57996
4.535	-0.54581
4.54	-0.51161
4.545	-0.47805
4.55	-0.44476
4.555	-0.3629
4.56	-0.28217
4.565	-0.12615
4.57	0.027918
4.575	0.1961
4.58	0.36214
4.585	0.36886
4.59	0.37596
4.595	0.38258
4.6	0.3895
4.605	0.39597
4.61	0.40275
4.615	0.46508
4.62	0.52708
4.625	0.52219
4.63	0.42502
4.635	0.25317
4.64	0.083008
4.645	-0.031168
4.65	-0.14391
4.655	-0.20538
4.66	-0.26633
4.665	-0.29458
4.67	-0.323
4.675	-0.35108
4.68	-0.37862
4.685	-0.44433
4.69	-0.50944
4.695	-0.57388
4.7	-0.57002
4.705	-0.56656
4.71	-0.56309
4.715	-0.47611
4.72	-0.2842
4.725	-0.094334
4.73	0.094087
4.735	0.28055
4.74	0.46516
4.745	0.60471
4.75	0.74288
4.755	0.81888
4.76	0.89412
4.765	0.89273
4.77	0.89172
4.775	0.83501
4.78	0.77891
4.785	0.72354
4.79	0.66839
4.795	0.61357
4.8	0.44238
4.805	0.27275
4.81	0.061501
4.815	-0.14811
4.82	-0.28562
4.825	-0.42153
4.83	-0.47954
4.835	-0.53705
4.84	-0.51519
4.845	-0.49326
4.85	-0.47143
4.855	-0.44986
4.86	-0.42836
4.865	-0.30795
4.87	-0.18875
4.875	-0.054822
4.88	0.077726
4.885	0.13254
4.89	0.18716
4.895	0.16003
4.9	0.13316
4.905	-0.031168
4.91	-0.19338
4.915	-0.37967
4.92	-0.56429
4.925	-0.60694
4.93	-0.6492
4.935	-0.67645
4.94	-0.70341
4.945	-0.73014
4.95	-0.76795
4.955	-0.80544
4.96	-0.84282
4.965	-0.82177
4.97	-0.80088
4.975	-0.6731
4.98	-0.46111
4.985	-0.25058
4.99	-0.042078
4.995	0.080452
5	0.16164
5.005	0.24139
5.01	0.3204
5.015	0.39869
5.02	0.47623
5.025	0.53666
5.03	0.59653
5.035	0.59799
5.04	0.50115
5.045	0.40481
5.05	0.30937
5.055	0.21472
5.06	0.12101
5.065	0.076565
5.07	0.032541
5.075	0.043454
5.08	0.054209
5.085	0.064881
5.09	0.029431
5.095	-0.005232
5.1	0.023442
5.105	0.052249
5.11	0.16597
5.115	0.27895
5.12	0.39092
5.125	0.49504
5.13	0.59862
5.135	0.70114
5.14	0.71899
5.145	0.73699
5.15	0.67212
5.155	0.6082
5.16	0.5445
5.165	0.48165
5.17	0.37271
5.175	0.26468
5.18	0.046437
5.185	-0.17013
5.19	-0.38434
5.195	-0.50455
5.2	-0.48614
5.205	-0.37093
5.21	-0.25691
5.215	-0.14377
5.22	-0.00040652
5.225	0.14175
5.23	0.2825
5.235	0.42207
5.24	0.56024
5.245	0.69728
5.25	0.83283
5.255	0.8457
5.26	0.85875
5.265	0.79503
5.27	0.73152
5.275	0.52979
5.28	0.32977
5.285	0.13135
5.29	-0.065064
5.295	-0.17391
5.3	-0.28177
5.305	-0.38863
5.31	-0.39287
5.315	-0.39719
5.32	-0.40171
5.325	-0.41129
5.33	-0.42094
5.335	-0.32685
5.34	-0.23362
5.345	-0.085613
5.35	0.061004
5.355	0.20662
5.36	0.27465
5.365	0.34239
5.37	0.25726
5.375	0.1727
5.38	0.089172
5.385	0.0060915
5.39	-0.080912
5.395	-0.16708
5.4	-0.2525
5.405	-0.33746
5.41	-0.42131
5.415	-0.50755
5.42	-0.59303
5.425	-0.67801
5.43	-0.74229
5.435	-0.80625
5.44	-0.81047
5.445	-0.81459
5.45	-0.75665
5.455	-0.6992
5.46	-0.5381
5.465	-0.28154
5.47	-0.02778
5.475	0.22414
5.48	0.4733
5.485	0.72066
5.49	0.96559
5.495	1.1167
5.5	1.1584
5.505	1.2001
5.51	1.1835
5.515	1.0734
5.52	0.96428
5.525	0.85577
5.53	0.83482
5.535	0.81433
5.54	0.79361
5.545	0.70923
5.55	0.62565
5.555	0.49175
5.56	0.35917
5.565	0.22768
5.57	0.097096
5.575	-0.032354
5.58	-0.1021
5.585	-0.1717
5.59	-0.29053
5.595	-0.49636
5.6	-0.70013
5.605	-0.90213
5.61	-0.98978
5.615	-0.98309
5.62	-0.97632
5.625	-0.90869
5.63	-0.84162
5.635	-0.71274
5.64	-0.58507
5.645	-0.45886
5.65	-0.33343
5.655	-0.20913
5.66	-0.086292
5.665	0.035767
5.67	0.15676
5.675	0.27655
5.68	0.28659
5.685	0.29688
5.69	0.24078
5.695	0.18518
5.7	0.050942
5.705	-0.082027
5.71	-0.24698
5.715	-0.41033
5.72	-0.46204
5.725	-0.51304
5.73	-0.56377
5.735	-0.51962
5.74	-0.47589
5.745	-0.36439
5.75	-0.25403
5.755	-0.14454
5.76	0.0045142
5.765	0.15225
5.77	0.2986
5.775	0.44361
5.78	0.51204
5.785	0.57993
5.79	0.64712
5.795	0.71369
5.8	0.63368
5.805	0.3827
5.81	0.13413
5.815	-0.1123
5.82	-0.36423
5.825	-0.61432
5.83	-0.86198
5.835	-1.0004
5.84	-0.99822
5.845	-0.8909
5.85	-0.785
5.855	-0.67957
5.86	-0.57516
5.865	-0.47159
5.87	-0.36901
5.875	-0.22482
5.88	-0.081746
5.885	0.059859
5.89	0.2003
5.895	0.23589
5.9	0.27106
5.905	0.15264
5.91	0.035443
5.915	-0.12146
5.92	-0.27675
5.925	-0.35799
5.93	-0.43816
5.935	-0.51787
5.94	-0.49742
5.945	-0.47715
5.95	-0.35436
5.955	-0.23279
5.96	-0.11222
5.965	0.024304
5.97	0.15928
5.975	0.29293
5.98	0.33024
5.985	0.36757
5.99	0.34107
5.995	0.31524
6	0.28922
6.005	0.26383
6.01	0.23822
6.015	0.12836
6.02	0.019263
6.025	-0.049696
6.03	-0.11805
6.035	-0.24285
6.04	-0.36603
6.045	-0.48854
6.05	-0.60979
6.055	-0.69545
6.06	-0.78057
6.065	-0.80542
6.07	-0.82998
6.075	-0.77229
6.08	-0.71521
6.085	-0.65849
6.09	-0.55031
6.095	-0.4427
6.1	-0.33645
6.105	-0.24038
6.11	-0.14482
6.115	-0.050499
6.12	-0.0033682
6.125	0.042998
6.13	0.018691
6.135	-0.0056699
6.14	-0.047331
6.145	-0.088909
6.15	-0.13014
6.155	-0.14277
6.16	-0.15538
6.165	-0.16778
6.17	-0.18015
6.175	-0.19227
6.18	-0.13809
6.185	-0.083943
6.19	0.049829
6.195	0.18242
6.2	0.31407
6.205	0.44431
6.21	0.67375
6.215	0.90147
6.22	1.0831
6.225	1.1534
6.23	1.2233
6.235	1.2123
6.24	1.2015
6.245	1.0915
6.25	0.88736
6.255	0.68553
6.26	0.70546
6.265	0.64316
6.27	0.33713
6.275	0.033636
6.28	-0.055317
6.285	-0.14377
6.29	-0.30179
6.295	-0.45883
6.3	-0.61428
6.305	-0.64496
6.31	-0.58527
6.315	-0.52576
6.32	-0.46714
6.325	-0.40895
6.33	-0.23546
6.335	-0.06396
6.34	0.10599
6.345	0.23125
6.35	0.35541
6.355	0.41129
6.36	0.34485
6.365	0.18413
6.37	0.02546
6.375	-0.070626
6.38	-0.16576
6.385	-0.25978
6.39	-0.35315
6.395	-0.39514
6.4	-0.43669
6.405	-0.47756
6.41	-0.51829
6.415	-0.50739
6.42	-0.49648
6.425	-0.37161
6.43	-0.24794
6.435	-0.031155
6.44	0.18379
6.445	0.39697
6.45	0.60798
6.455	0.72344
6.46	0.83816
6.465	0.89833
6.47	0.95798
6.475	1.0174
6.48	1.0758
6.485	1.0016
6.49	0.73015
6.495	0.46108
6.5	0.19451
6.505	-0.06976
6.51	-0.3315
6.515	-0.591
6.52	-0.84793
6.525	-0.98992
6.53	-1.0329
6.535	-0.93109
6.54	-0.7765
6.545	-0.62327
6.55	-0.54773
6.555	-0.47238
6.56	-0.39813
6.565	-0.3241
6.57	-0.19229
6.575	0.026768
6.58	0.24368
6.585	0.45872
6.59	0.60068
6.595	0.63383
6.6	0.66667
6.605	0.69955
6.61	0.73173
6.615	0.76395
6.62	0.67666
6.625	0.43269
6.63	0.19069
6.635	-0.048808
6.64	-0.20587
6.645	-0.36162
6.65	-0.52515
6.655	-0.6875
6.66	-0.62541
6.665	-0.3794
6.67	-0.069776
6.675	0.23737
6.68	0.46293
6.685	0.68684
6.69	0.7952
6.695	0.78649
6.7	0.77787
6.705	0.76927
6.71	0.76074
6.715	0.75225
6.72	0.74378
6.725	0.67329
6.73	0.6039
6.735	0.53498
6.74	0.3505
6.745	0.068205
6.75	-0.21096
6.755	-0.43284
6.76	-0.65296
6.765	-0.77227
6.77	-0.75119
6.775	-0.73035
6.78	-0.70928
6.785	-0.68876
6.79	-0.69368
6.795	-0.69817
6.8	-0.70295
6.805	-0.70727
6.81	-0.58776
6.815	-0.35712
6.82	-0.129
6.825	0.097429
6.83	0.23833
6.835	0.37808
6.84	0.47898
6.845	0.49703
6.85	0.44717
6.855	0.39787
6.86	0.45446
6.865	0.51082
6.87	0.5663
6.875	0.55058
6.88	0.43779
6.885	0.32637
6.89	0.21559
6.895	0.1062
6.9	0.097977
6.905	0.09007
6.91	0.081947
6.915	0.084895
6.92	0.087838
6.925	0.090722
6.93	0.093605
6.935	0.10642
6.94	0.11912
6.945	0.13168
6.95	0.11168
6.955	0.091918
6.96	0.072215
6.965	-0.079547
6.97	-0.22943
6.975	-0.45439
6.98	-0.67704
6.985	-0.89786
6.99	-1.1164
6.995	-1.2439
7	-1.2671
7.005	-1.1401
7.01	-1.0139
7.015	-0.82352
7.02	-0.63496
7.025	-0.44798
7.03	-0.26313
7.035	-0.07948
7.04	0.099879
7.045	0.27745
7.05	0.61119
7.055	0.94145
7.06	1.1434
7.065	1.1676
7.07	1.1919
7.075	1.1724
7.08	1.1528
7.085	0.94369
7.09	0.59055
7.095	0.62167
7.1	0.87341
7.105	0.98156
7.11	0.91129
7.115	0.67115
7.12	0.25553
7.125	-0.22732
7.13	-0.58034
7.135	-0.7775
7.14	-0.88181
7.145	-0.87018
7.15	-0.8586
7.155	-0.84718
7.16	-0.83565
7.165	-0.68565
7.17	-0.72505
7.175	-0.90818
7.18	-0.98683
7.185	-0.93251
7.19	-0.66656
7.195	-0.25842
7.2	0.044931
7.205	0.1681
7.21	0.12124
7.215	-0.067049
7.22	-0.25335
7.225	-0.34402
7.23	-0.4338
7.235	-0.52321
7.24	-0.61127
7.245	-0.61342
7.25	-0.61548
7.255	-0.50591
7.26	-0.39781
7.265	-0.25812
7.27	-0.11983
7.275	-0.049041
7.28	0.021524
7.285	0.091028
7.29	0.12182
7.295	0.15225
7.3	0.065515
7.305	-0.02
7.31	-0.10477
7.315	-0.18875
7.32	-0.27233
7.325	-0.39831
7.33	-0.523
7.335	-0.55992
7.34	-0.48283
7.345	-0.40687
7.35	-0.33148
7.355	-0.18586
7.36	-0.04162
7.365	0.10171
7.37	0.24336
7.375	0.38657
7.38	0.52848
7.385	0.66866
7.39	0.73274
7.395	0.79582
7.4	0.78706
7.405	0.7783
7.41	0.65128
7.415	0.5254
7.42	0.31333
7.425	0.10284
7.43	-0.10569
7.435	-0.23321
7.44	-0.35961
7.445	-0.46237
7.45	-0.56419
7.455	-0.60761
7.46	-0.57727
7.465	-0.54757
7.47	-0.593
7.475	-0.63751
7.48	-0.6289
7.485	-0.61998
7.49	-0.61149
7.495	-0.60304
7.5	-0.59463
7.505	-0.58595
7.51	-0.67788
7.515	-0.76842
7.52	-0.73234
7.525	-0.69697
7.53	-0.66153
7.535	-0.62884
7.54	-0.50227
7.545	-0.27993
7.55	-0.059702
7.555	0.15862
7.56	0.40556
7.565	0.6506
7.57	0.89341
7.575	1.1339
7.58	1.2667
7.585	1.3986
7.59	1.4123
7.595	1.426
7.6	1.3549
7.605	1.2848
7.61	1.0993
7.615	0.68554
7.62	0.276
7.625	0.4029
7.63	0.8568
7.635	0.9307
7.64	0.66461
7.645	0.55628
7.65	0.74985
7.655	0.94112
7.66	1.0369
7.665	1.1318
7.67	0.96278
7.675	0.28877
7.68	-0.55595
7.685	-1.071
7.69	-1.1638
7.695	-1.1366
7.7	-1.1096
7.705	-1.0826
7.71	-0.90807
7.715	-0.73541
7.72	-0.51124
7.725	-0.42393
7.73	-0.33706
7.735	-0.026448
7.74	0.28102
7.745	0.43321
7.75	0.50212
7.755	0.57004
7.76	0.63769
7.765	0.7336
7.77	0.82886
7.775	0.80733
7.78	0.71306
7.785	0.61955
7.79	0.52697
7.795	0.43469
7.8	0.2125
7.805	-0.0079875
7.81	-0.16762
7.815	-0.32557
7.82	-0.48229
7.825	-0.62346
7.83	-0.76277
7.835	-0.68617
7.84	-0.46573
7.845	-0.24769
7.85	-0.18102
7.855	-0.1151
7.86	-0.049566
7.865	0.015513
7.87	0.13801
7.875	0.25942
7.88	0.37967
7.885	0.49922
7.89	0.61155
7.895	0.72325
7.9	0.83383
7.905	0.8435
7.91	0.69132
7.915	0.54026
7.92	0.48891
7.925	0.43755
7.93	0.38671
7.935	0.33661
7.94	0.28451
7.945	0.2328
7.95	0.12099
7.955	0.0098468
7.96	-0.099909
7.965	-0.20907
7.97	-0.31714
7.975	-0.28978
7.98	-0.16302
7.985	-0.03741
7.99	0.013582
7.995	0.06388
8	0.11397
8.005	0.16335
8.01	0.21248
8.015	0.1468
8.02	0.082133
8.025	0.018048
8.03	0.013008
8.035	0.0083439
8.04	0.059707
8.045	0.11054
8.05	0.16092
8.055	0.18693
8.06	0.21275
8.065	0.23829
8.07	0.26789
8.075	0.29683
8.08	0.32586
8.085	0.31357
8.09	0.30185
8.095	0.28973
8.1	0.20724
8.105	0.12543
8.11	0.044822
8.115	0.035104
8.12	0.02581
8.125	0.016219
8.13	0.0071214
8.135	-0.0023462
8.14	-0.09151
8.145	-0.17986
8.15	-0.26736
8.155	-0.35414
8.16	-0.43996
8.165	-0.39708
8.17	-0.35465
8.175	-0.25264
8.18	-0.15203
8.185	-0.051873
8.19	0.046941
8.195	0.14527
8.2	0.2423
8.205	0.29205
8.21	0.22911
8.215	0.1668
8.22	0.10537
8.225	0.044152
8.23	-0.016514
8.235	-0.076296
8.24	-0.18401
8.245	-0.29068
8.25	-0.3961
8.255	-0.58002
8.26	-0.76217
8.265	-0.97834
8.27	-1.0811
8.275	-1.0262
8.28	-0.97182
8.285	-0.95422
8.29	-0.81438
8.295	-0.67574
8.3	-0.76875
8.305	-0.68524
8.31	-0.35962
8.315	-0.037103
8.32	0.066481
8.325	0.16898
8.33	0.27042
8.335	0.37134
8.34	0.35713
8.345	0.24373
8.35	0.13139
8.355	0.020038
8.36	-0.12311
8.365	-0.26452
8.37	-0.3398
8.375	-0.41402
8.38	-0.39985
8.385	-0.38552
8.39	-0.37163
8.395	-0.43426
8.4	-0.58701
8.405	-0.73807
8.41	-0.88794
8.415	-0.9581
8.42	-1.0272
8.425	-0.99364
8.43	-0.96047
8.435	-0.92752
8.44	-0.8948
8.445	-0.76606
8.45	-0.63861
8.455	-0.52433
8.46	-0.41107
8.465	-0.19463
8.47	0.019958
8.475	0.15963
8.48	0.16533
8.485	0.075605
8.49	-0.013268
8.495	-0.051408
8.5	-0.089302
8.505	-0.12673
8.51	-0.10402
8.515	-0.081804
8.52	0.031086
8.525	0.14251
8.53	0.18556
8.535	0.22828
8.54	0.27056
8.545	0.31248
8.55	0.354
8.555	0.44544
8.56	0.5359
8.565	0.58246
8.57	0.62856
8.575	0.67426
8.58	0.74516
8.585	0.81534
8.59	0.78825
8.595	0.76146
8.6	0.68595
8.605	0.61126
8.61	0.59379
8.615	0.63292
8.62	0.67167
8.625	0.46894
8.63	0.5799
8.635	0.77122
8.64	0.49234
8.645	-0.12811
8.65	-0.56518
8.655	-0.64676
8.66	-0.61297
8.665	-0.57918
8.67	-0.64727
8.675	-0.71418
8.68	-0.65436
8.685	-0.59507
8.69	-0.44003
8.695	-0.28648
8.7	-0.13459
8.705	0.016192
8.71	0.10685
8.715	0.19666
8.72	0.23328
8.725	0.2699
8.73	0.2513
8.735	0.23325
8.74	0.21495
8.745	0.079079
8.75	-0.13696
8.755	-0.35152
8.76	-0.56355
8.765	-0.66255
8.77	-0.76062
8.775	-0.80966
8.78	-0.85824
8.785	-0.90635
8.79	-0.84507
8.795	-0.42068
8.8	0.10519
8.805	0.45461
8.81	0.70395
8.815	0.95139
8.82	1.1006
8.825	1.2482
8.83	1.3244
8.835	1.3996
8.84	1.1894
8.845	0.98121
8.85	0.98493
8.855	0.98821
8.86	1.047
8.865	1.1055
8.87	1.0551
8.875	0.96596
8.88	0.8776
8.885	0.78993
8.89	0.48831
8.895	-0.082113
8.9	-0.54417
8.905	-0.60506
8.91	-0.45718
8.915	-0.31029
8.92	-0.24536
8.925	-0.18043
8.93	0.028524
8.935	0.23589
8.94	0.44102
8.945	0.64424
8.95	0.74862
8.955	0.85208
8.96	0.81294
8.965	0.6962
8.97	0.58089
8.975	0.53686
8.98	0.49272
8.985	0.44905
8.99	0.40603
8.995	0.33742
9	0.2801
9.005	0.24007
9.01	0.20069
9.015	0.16171
9.02	0.12266
9.025	0.084382
9.03	0.046009
9.035	-0.03118
9.04	-0.10767
9.045	-0.18344
9.05	-0.25855
9.055	-0.33293
9.06	-0.40667
9.065	-0.43465
9.07	-0.32708
9.075	-0.22079
9.08	-0.11559
9.085	-0.13747
9.09	-0.15943
9.095	-0.21937
9.1	-0.27905
9.105	-0.33821
9.11	-0.39681
9.115	-0.45483
9.12	-0.44067
9.125	-0.4263
9.13	-0.41242
9.135	-0.45641
9.14	-0.4999
9.145	-0.54304
9.15	-0.58569
9.155	-0.58198
9.16	-0.57796
9.165	-0.57392
9.17	-0.53996
9.175	-0.50595
9.18	-0.47257
9.185	-0.40416
9.19	-0.33678
9.195	-0.26995
9.2	-0.20339
9.205	-0.092786
9.21	0.016632
9.215	0.036409
9.22	0.056343
9.225	-0.0030563
9.23	-0.061451
9.235	-0.11974
9.24	-0.16031
9.245	-0.20061
9.25	-0.29893
9.255	-0.39635
9.26	-0.4925
9.265	-0.5881
9.27	-0.65109
9.275	-0.71316
9.28	-0.77497
9.285	-0.83616
9.29	-0.82654
9.295	-0.81703
9.3	-0.77008
9.305	-0.72364
9.31	-0.7499
9.315	-0.77586
9.32	-0.8012
9.325	-0.82592
9.33	-0.85001
9.335	-0.87386
9.34	-0.8978
9.345	-0.81402
9.35	-0.55016
9.355	-0.55202
9.36	-0.79322
9.365	-0.85822
9.37	-0.84112
9.375	-0.82381
9.38	-0.86189
9.385	-0.89913
9.39	-0.86399
9.395	-0.59894
9.4	0.11397
9.405	0.89537
9.41	1.2462
9.415	1.1964
9.42	1.1472
9.425	1.1358
9.43	1.1245
9.435	1.1132
9.44	1.0342
9.445	0.84954
9.45	0.49955
9.455	0.32024
9.46	0.62242
9.465	0.82761
9.47	0.80673
9.475	0.89399
9.48	0.72551
9.485	-0.025695
9.49	-0.8689
9.495	-1.2237
9.5	-1.1424
9.505	-0.91978
9.51	-0.69948
9.515	-0.31496
9.52	0.06612
9.525	0.31659
9.53	0.47715
9.535	0.63589
9.54	0.71438
9.545	0.79181
9.55	0.76223
9.555	0.73337
9.56	0.70433
9.565	0.67587
9.57	0.46464
9.575	0.11617
9.58	-0.091414
9.585	-0.19103
9.59	-0.28982
9.595	-0.45757
9.6	-0.62331
9.605	-0.78794
9.61	-0.7993
9.615	-0.49195
9.62	-0.1878
9.625	-0.0045193
9.63	0.17707
9.635	0.3567
9.64	0.51929
9.645	0.68045
9.65	0.76445
9.655	0.8482
9.66	0.9306
9.665	0.92431
9.67	0.91795
9.675	0.73655
9.68	0.55706
9.685	0.49496
9.69	0.64911
9.695	0.87817
9.7	0.85483
9.705	0.75816
9.71	0.83705
9.715	1.0155
9.72	1.0914
9.725	1.0518
9.73	0.86743
9.735	0.68456
9.74	0.69757
9.745	0.70984
9.75	0.59446
9.755	0.48017
9.76	0.48962
9.765	0.70781
9.77	0.92363
9.775	0.87116
9.78	0.63483
9.785	0.5508
9.79	0.66091
9.795	0.7702
9.8	0.7698
9.805	0.76906
9.81	0.72797
9.815	0.68696
9.82	0.64653
9.825	0.50701
9.83	0.36921
9.835	0.2322
9.84	0.1104
9.845	-0.010026
9.85	-0.12928
9.855	-0.24789
9.86	-0.36497
9.865	-0.48143
9.87	-0.59632
9.875	-0.63859
9.88	-0.68042
9.885	-0.65984
9.89	-0.63981
9.895	-0.55857
9.9	-0.47852
9.905	-0.39908
9.91	-0.32011
9.915	-0.29881
9.92	-0.27734
9.925	-0.29991
9.93	-0.32254
9.935	-0.34503
9.94	-0.36686
9.945	-0.3379
9.95	-0.30921
9.955	-0.28044
9.96	-0.31571
9.965	-0.35064
9.97	-0.42265
9.975	-0.49399
9.98	-0.56462
9.985	-0.58362
9.99	-0.60284
9.995	-0.62147
10	-0.63992
10.005	-0.62856
10.01	-0.61698
10.015	-0.6058
10.02	-0.59472
10.025	-0.58334
10.03	-0.5724
10.035	-0.5248
10.04	-0.47802
10.045	-0.43126
10.05	-0.42202
10.055	-0.41278
10.06	-0.404
10.065	-0.39491
10.07	-0.41157
10.075	-0.42803
10.08	-0.44433
10.085	-0.41479
10.09	-0.3856
10.095	-0.35694
10.1	-0.32823
10.105	-0.28151
10.11	-0.23531
10.115	-0.18941
10.12	-0.14405
10.125	-0.1571
10.13	-0.17042
10.135	-0.23529
10.14	-0.29951
10.145	-0.36314
10.15	-0.39659
10.155	-0.42938
10.16	-0.46221
10.165	-0.49472
10.17	-0.52655
10.175	-0.55843
10.18	-0.58965
10.185	-0.62089
10.19	-0.65186
10.195	-0.7046
10.2	-0.75682
10.205	-0.80854
10.21	-0.85974
10.215	-0.89369
10.22	-0.92767
10.225	-0.9184
10.23	-0.71603
10.235	-0.38574
10.24	-0.058695
10.245	0.12257
10.25	0.30229
10.255	0.57558
10.26	0.84579
10.265	0.97452
10.27	0.97026
10.275	0.96643
10.28	0.96217
10.285	0.87053
10.29	0.70355
10.295	0.53837
10.3	0.3744
10.305	0.29672
10.31	0.21965
10.315	0.14332
10.32	0.067646
10.325	0.078359
10.33	0.21638
10.335	0.3532
10.34	0.51791
10.345	0.68154
10.35	0.84317
10.355	0.94745
10.36	1.0503
10.365	1.0684
10.37	1.0864
10.375	1.1042
10.38	1.1218
10.385	1.0089
10.39	0.78207
10.395	0.64642
10.4	0.51184
10.405	0.3783
10.41	0.56214
10.415	0.7439
10.42	0.76234
10.425	0.78057
10.43	0.74338
10.435	0.7065
10.44	0.66995
10.445	0.63365
10.45	0.59776
10.455	0.67017
10.46	0.74209
10.465	0.75491
10.47	0.76804
10.475	0.90689
10.48	1.0442
10.485	1.0837
10.49	1.1228
10.495	1.0213
10.5	0.83217
10.505	0.55393
10.51	0.092391
10.515	-0.365
10.52	-0.69108
10.525	-0.7723
10.53	-0.75985
10.535	-0.74756
10.54	-0.77446
10.545	-0.69131
10.55	-0.71888
10.555	-0.88508
10.56	-1.0495
10.565	-1.0257
10.57	-1.0019
10.575	-0.93234
10.58	-0.69857
10.585	-0.46731
10.59	-0.39648
10.595	-0.326
10.6	-0.17359
10.605	0.11238
10.61	0.3956
10.615	0.43588
10.62	0.4762
10.625	0.51584
10.63	0.55527
10.635	0.41757
10.64	0.28127
10.645	0.11185
10.65	-0.055905
10.655	-0.22223
10.66	-0.38697
10.665	-0.54988
10.67	-0.66633
10.675	-0.78141
10.68	-0.89538
10.685	-1.0086
10.69	-1.0395
10.695	-1.0702
10.7	-1.1008
10.705	-1.1308
10.71	-1.1604
10.715	-1.1116
10.72	-0.93603
10.725	-0.76201
10.73	-0.50757
10.735	-0.25512
10.74	-0.0049117
10.745	0.24261
10.75	0.41198
10.755	0.5798
10.76	0.673
10.765	0.76536
10.77	0.7709
10.775	0.77647
10.78	0.78189
10.785	0.78728
10.79	0.79288
10.795	0.7635
10.8	0.73437
10.805	0.70544
10.81	0.58401
10.815	0.3218
10.82	0.061839
10.825	-0.12034
10.83	-0.30117
10.835	-0.48009
10.84	-0.6986
10.845	-0.80025
10.85	-0.7699
10.855	-0.73985
10.86	-0.70964
10.865	-0.61121
10.87	-0.51342
10.875	-0.41638
10.88	-0.31461
10.885	-0.21364
10.89	-0.11371
10.895	-0.075191
10.9	-0.03707
10.905	-0.090903
10.91	-0.14448
10.915	-0.19765
10.92	-0.24989
10.925	-0.26141
10.93	-0.27282
10.935	-0.28412
10.94	-0.29565
10.945	-0.26747
10.95	-0.23961
10.955	-0.21193
10.96	-0.18457
10.965	-0.1959
10.97	-0.20713
10.975	-0.2728
10.98	-0.3378
10.985	-0.40257
10.99	-0.41607
10.995	-0.42918
11	-0.4424
11.005	-0.41314
11.01	-0.38373
11.015	-0.30075
11.02	-0.21892
11.025	-0.13784
11.03	-0.14232
11.035	-0.14671
11.04	-0.2124
11.045	-0.27705
11.05	-0.34148
11.055	-0.35249
11.06	-0.36354
11.065	-0.37395
11.07	-0.31095
11.075	-0.2484
11.08	-0.076345
11.085	0.094133
11.09	0.2634
11.095	0.43079
11.1	0.59661
11.105	0.76092
11.11	0.83845
11.115	0.9154
11.12	0.99146
11.125	1.0184
11.13	1.0451
11.135	1.1093
11.14	1.0746
11.145	0.89283
11.15	0.88141
11.155	0.96654
11.16	1.0511
11.165	0.97579
11.17	0.90173
11.175	0.79959
11.18	0.69828
11.185	0.82237
11.19	0.94499
11.195	0.85786
11.2	0.39519
11.205	-0.16707
11.21	-0.39536
11.215	-0.37806
11.22	-0.36106
11.225	-0.42652
11.23	-0.49159
11.235	-0.45126
11.24	-0.41142
11.245	-0.37146
11.25	-0.33232
11.255	-0.32408
11.26	-0.31633
11.265	-0.30817
11.27	-0.24563
11.275	-0.18321
11.28	-0.026241
11.285	0.12966
11.29	0.28373
11.295	0.43683
11.3	0.58803
11.305	0.65664
11.31	0.72424
11.315	0.71168
11.32	0.69932
11.325	0.68695
11.33	0.62409
11.335	0.5618
11.34	0.50002
11.345	0.38886
11.35	0.27877
11.355	0.16961
11.36	0.05041
11.365	-0.06806
11.37	-0.14266
11.375	-0.21699
11.38	-0.29061
11.385	-0.36357
11.39	-0.43584
11.395	-0.50706
11.4	-0.51168
11.405	-0.51589
11.41	-0.42805
11.415	-0.34074
11.42	-0.25449
11.425	-0.1691
11.43	-0.15395
11.435	-0.1389
11.44	-0.1568
11.445	-0.17485
11.45	-0.19272
11.455	-0.14122
11.46	-0.090336
11.465	-0.039757
11.47	0.062278
11.475	0.16349
11.48	0.32284
11.485	0.4808
11.49	0.63753
11.495	0.71948
11.5	0.80024
11.505	0.8065
11.51	0.81266
11.515	0.72496
11.52	0.63775
11.525	0.44602
11.53	0.25626
11.535	0.04195
11.54	-0.17048
11.545	-0.29816
11.55	-0.52045
11.555	-0.56195
11.56	-0.6039
11.565	-0.92072
11.57	-0.96202
11.575	-1.0034
11.58	-0.99785
11.585	-0.6985
11.59	-0.53049
11.595	-0.45811
11.6	-0.22278
11.605	0.0106
11.61	0.12929
11.615	0.24729
11.62	0.30394
11.625	0.36014
11.63	0.41575
11.635	0.4295
11.64	0.44315
11.645	0.45664
11.65	0.46998
11.655	0.36789
11.66	0.12757
11.665	-0.11099
11.67	-0.34689
11.675	-0.51871
11.68	-0.68858
11.685	-0.85727
11.69	-0.98188
11.695	-0.997
11.7	-1.0121
11.705	-1.0268
11.71	-0.99908
11.715	-0.97188
11.72	-0.94493
11.725	-0.91809
11.73	-0.79564
11.735	-0.67426
11.74	-0.49444
11.745	-0.31661
11.75	-0.14004
11.755	-0.0035765
11.76	0.13207
11.765	0.26606
11.77	0.35252
11.775	0.43818
11.78	0.52307
11.785	0.60712
11.79	0.64159
11.795	0.67569
11.8	0.6314
11.805	0.58752
11.81	0.47376
11.815	0.3611
11.82	0.24938
11.825	0.13874
11.83	0.076462
11.835	0.014756
11.84	0.0052942
11.845	-0.0044824
11.85	-0.013798
11.855	-0.023024
11.86	-0.032552
11.865	-0.088695
11.87	-0.14426
11.875	-0.19901
11.88	-0.27282
11.885	-0.34596
11.89	-0.41806
11.895	-0.48985
11.9	-0.56061
11.905	-0.63104
11.91	-0.62878
11.915	-0.6266
11.92	-0.624
11.925	-0.58398
11.93	-0.54434
11.935	-0.50499
11.94	-0.41324
11.945	-0.32233
11.95	-0.23224
11.955	-0.14292
11.96	-0.034488
11.965	0.072645
11.97	0.17909
11.975	0.22007
11.98	0.26105
11.985	0.24136
11.99	0.22196
11.995	0.20297
12	0.14218
12.005	0.081869
12.01	-0.0067088
12.015	-0.094509
12.02	-0.15293
12.025	-0.21127
12.03	-0.26897
12.035	-0.31662
12.04	-0.36405
12.045	-0.31592
12.05	-0.2686
12.055	-0.16391
12.06	-0.060267
12.065	0.042505
12.07	0.1443
12.075	0.24519
12.08	0.34514
12.085	0.44417
12.09	0.49914
12.095	0.55364
12.1	0.60759
12.105	0.66068
12.11	0.72469
12.115	0.78765
12.12	0.75275
12.125	0.71812
12.13	0.53974
12.135	0.36275
12.14	0.18762
12.145	0.014158
12.15	-0.11039
12.155	-0.23375
12.16	-0.27795
12.165	-0.32139
12.17	-0.29633
12.175	-0.27156
12.18	-0.24694
12.185	-0.16907
12.19	-0.091962
12.195	0.015537
12.2	0.1223
12.205	0.22785
12.21	0.33228
12.215	0.356
12.22	0.37981
12.225	0.30535
12.23	0.23169
12.235	0.15858
12.24	0.086254
12.245	0.077597
12.25	0.069024
12.255	0.10544
12.26	0.14183
12.265	0.17754
12.27	0.16227
12.275	0.14721
12.28	0.13221
12.285	0.11744
12.29	0.15441
12.295	0.1907
12.3	0.22696
12.305	0.2626
12.31	0.29815
12.315	0.25
12.32	0.20231
12.325	0.10261
12.33	0.004252
12.335	-0.093609
12.34	-0.14205
12.345	-0.19014
12.35	-0.23735
12.355	-0.28456
12.36	-0.36907
12.365	-0.45243
12.37	-0.53502
12.375	-0.61719
12.38	-0.69825
12.385	-0.77849
12.39	-0.76352
12.395	-0.74871
12.4	-0.62876
12.405	-0.43368
12.41	-0.24076
12.415	-0.049217
12.42	0.080661
12.425	0.20947
12.43	0.337
12.435	0.43492
12.44	0.53189
12.445	0.62802
12.45	0.72315
12.455	0.73116
12.46	0.73913
12.465	0.74662
12.47	0.71903
12.475	0.58437
12.48	0.45104
12.485	0.27705
12.49	0.10484
12.495	0.0032208
12.5	-0.097118
12.505	-0.19689
12.51	-0.24262
12.515	-0.28836
12.52	-0.33325
12.525	-0.37813
12.53	-0.42219
12.535	-0.46622
12.54	-0.50375
12.545	-0.54091
12.55	-0.52388
12.555	-0.50704
12.56	-0.48994
12.565	-0.47335
12.57	-0.46046
12.575	-0.44726
12.58	-0.33792
12.585	-0.22965
12.59	-0.12194
12.595	-0.015608
12.6	0.090166
12.605	0.19455
12.61	0.24527
12.615	0.29516
12.62	0.32
12.625	0.34426
12.63	0.36862
12.635	0.32854
12.64	0.28895
12.645	0.2499
12.65	0.12648
12.655	0.0041391
12.66	-0.11702
12.665	-0.23681
12.67	-0.35573
12.675	-0.41699
12.68	-0.47759
12.685	-0.43641
12.69	-0.39604
12.695	-0.35563
12.7	-0.35589
12.705	-0.35605
12.71	-0.35591
12.715	-0.35603
12.72	-0.28809
12.725	-0.22114
12.73	-0.15443
12.735	-0.10222
12.74	-0.05082
12.745	0.00044678
12.75	0.033095
12.755	0.065432
12.76	0.097512
12.765	0.17777
12.77	0.25689
12.775	0.33566
12.78	0.41334
12.785	0.49062
12.79	0.48626
12.795	0.48199
12.8	0.44739
12.805	0.41279
12.81	0.3788
12.815	0.3448
12.82	0.32886
12.825	0.31275
12.83	0.32952
12.835	0.34651
12.84	0.36291
12.845	0.31428
12.85	0.26614
12.855	0.1845
12.86	0.10369
12.865	0.023527
12.87	-0.056183
12.875	-0.11955
12.88	-0.18265
12.885	-0.24522
12.89	-0.30716
12.895	-0.36858
12.9	-0.42936
12.905	-0.46002
12.91	-0.49074
12.915	-0.52117
12.92	-0.50741
12.925	-0.41924
12.93	-0.24675
12.935	-0.076199
12.94	0.092842
12.945	0.26062
12.95	0.32531
12.955	0.38944
12.96	0.37023
12.965	0.35128
12.97	0.33244
12.975	0.31378
12.98	0.29527
12.985	0.32402
12.99	0.35238
12.995	0.34201
13	0.29535
13.005	0.23704
13.01	0.17921
13.015	0.12161
13.02	0.11581
13.025	0.11006
13.03	0.1043
13.035	0.034802
13.04	-0.034379
13.045	-0.15111
13.05	-0.26632
13.055	-0.38051
13.06	-0.44228
13.065	-0.50354
13.07	-0.46569
13.075	-0.32103
13.08	-0.17768
13.085	-0.036025
13.09	0.033422
13.095	0.10194
13.1	0.16981
13.105	0.23741
13.11	0.30405
13.115	0.39288
13.12	0.48124
13.125	0.56837
13.13	0.58486
13.135	0.60116
13.14	0.54246
13.145	0.48425
13.15	0.2843
13.155	0.086308
13.16	-0.10999
13.165	-0.3044
13.17	-0.42189
13.175	-0.53827
13.18	-0.58053
13.185	-0.62238
13.19	-0.58254
13.195	-0.54276
13.2	-0.50365
13.205	-0.46451
13.21	-0.40182
13.215	-0.33935
13.22	-0.27777
13.225	-0.19035
13.23	-0.10377
13.235	-0.01792
13.24	0.067087
13.245	0.10607
13.25	0.14439
13.255	0.18267
13.26	0.1846
13.265	0.18655
13.27	0.18806
13.275	0.13894
13.28	0.089969
13.285	0.041389
13.29	-0.0063462
13.295	-0.054052
13.3	-0.10128
13.305	-0.14776
13.31	-0.19412
13.315	-0.23583
13.32	-0.27707
13.325	-0.24559
13.33	-0.2141
13.335	-0.18319
13.34	-0.12798
13.345	-0.073274
13.35	-0.018704
13.355	0.035
13.36	0.050426
13.365	0.065761
13.37	0.080548
13.375	0.056707
13.38	0.033135
13.385	0.0097149
13.39	-0.060869
13.395	-0.13115
13.4	-0.20079
13.405	-0.29263
13.41	-0.3839
13.415	-0.42124
13.42	-0.45864
13.425	-0.4956
13.43	-0.46739
13.435	-0.43939
13.44	-0.33572
13.445	-0.23337
13.45	-0.13193
13.455	-0.031033
13.46	0.090676
13.465	0.21128
13.47	0.33075
13.475	0.37887
13.48	0.42702
13.485	0.47424
13.49	0.47442
13.495	0.47449
13.5	0.39547
13.505	0.31716
13.51	0.23958
13.515	0.16264
13.52	0.067902
13.525	-0.026012
13.53	-0.11902
13.535	-0.20733
13.54	-0.29507
13.545	-0.29578
13.55	-0.29619
13.555	-0.29691
13.56	-0.29762
13.565	-0.27476
13.57	-0.25214
13.575	-0.22968
13.58	-0.20781
13.585	-0.18573
13.59	-0.16388
13.595	-0.14218
13.6	-0.080055
13.605	-0.018861
13.61	0.04214
13.615	0.10257
13.62	0.12787
13.625	0.15297
13.63	0.17783
13.635	0.25241
13.64	0.32655
13.645	0.39972
13.65	0.47214
13.655	0.54398
13.66	0.61537
13.665	0.59668
13.67	0.57814
13.675	0.45739
13.68	0.3379
13.685	0.21933
13.69	0.10196
13.695	-0.014469
13.7	-0.12972
13.705	-0.24405
13.71	-0.35716
13.715	-0.37488
13.72	-0.3924
13.725	-0.32169
13.73	-0.25169
13.735	-0.11021
13.74	0.029814
13.745	0.16871
13.75	0.3062
13.755	0.44221
13.76	0.57717
13.765	0.65218
13.77	0.72605
13.775	0.72405
13.78	0.72171
13.785	0.658
13.79	0.59496
13.795	0.53239
13.8	0.47042
13.805	0.40251
13.81	0.33563
13.815	0.26892
13.82	0.20288
13.825	0.13768
13.83	-0.0002999
13.835	-0.13665
13.84	-0.27177
13.845	-0.40562
13.85	-0.47943
13.855	-0.55258
13.86	-0.55835
13.865	-0.56376
13.87	-0.5095
13.875	-0.45548
13.88	-0.40217
13.885	-0.34196
13.89	-0.2825
13.895	-0.14915
13.9	-0.017369
13.905	0.14565
13.91	0.30754
13.915	0.46753
13.92	0.53269
13.925	0.5976
13.93	0.55887
13.935	0.52054
13.94	0.44757
13.945	0.37529
13.95	0.30327
13.955	0.23226
13.96	0.16187
13.965	0.092126
13.97	0.036918
13.975	-0.017461
13.98	-0.071676
13.985	-0.12508
13.99	-0.17793
13.995	-0.1872
14	-0.19602
14.005	-0.16374
14.01	-0.13218
14.015	-0.10084
14.02	-0.069487
14.025	-0.058343
14.03	-0.046937
14.035	-0.03599
14.04	-0.024789
14.045	-0.036887
14.05	-0.048783
14.055	0.0096181
14.06	0.067808
14.065	0.16328
14.07	0.25782
14.075	0.35151
14.08	0.38906
14.085	0.42628
14.09	0.37541
14.095	0.32547
14.1	0.27551
14.105	0.2261
14.11	0.20698
14.115	0.18808
14.12	0.16926
14.125	0.096828
14.13	0.025047
14.135	-0.077087
14.14	-0.17793
14.145	-0.27816
14.15	-0.29336
14.155	-0.30846
14.16	-0.28846
14.165	-0.26865
14.17	-0.24903
14.175	-0.28592
14.18	-0.32274
14.185	-0.3589
14.19	-0.40611
14.195	-0.4532
14.2	-0.43211
14.205	-0.41092
14.21	-0.39021
14.215	-0.3697
14.22	-0.34934
14.225	-0.32882
14.23	-0.30881
14.235	-0.28896
14.24	-0.23542
14.245	-0.18239
14.25	-0.12944
14.255	-0.077361
14.26	-0.025712
14.265	0.025417
14.27	0.028698
14.275	0.031965
14.28	0.035203
14.285	0.038046
14.29	0.041238
14.295	0.070779
14.3	0.10036
14.305	0.12936
14.31	0.15802
14.315	0.12798
14.32	0.097885
14.325	0.0070368
14.33	-0.083199
14.335	-0.17238
14.34	-0.26062
14.345	-0.34818
14.35	-0.43513
14.355	-0.45185
14.36	-0.39384
14.365	-0.23196
14.37	-0.07127
14.375	0.08764
14.38	0.24511
14.385	0.40145
14.39	0.504
14.395	0.6052
14.4	0.61638
14.405	0.62708
14.41	0.55459
14.415	0.48281
14.42	0.41163
14.425	0.31433
14.43	0.21796
14.435	0.12238
14.44	-0.011836
14.445	-0.14488
14.45	-0.27662
14.455	-0.35945
14.46	-0.44149
14.465	-0.4586
14.47	-0.47526
14.475	-0.49205
14.48	-0.46376
14.485	-0.43576
14.49	-0.40829
14.495	-0.31226
14.5	-0.21718
14.505	-0.12288
14.51	-0.013077
14.515	0.095717
14.52	0.14434
14.525	0.19256
14.53	0.19681
14.535	0.20072
14.54	0.20455
14.545	0.20836
14.55	0.21247
14.555	0.21617
14.56	0.17597
14.565	0.13583
14.57	0.096345
14.575	0.015888
14.58	-0.063809
14.585	-0.14278
14.59	-0.17645
14.595	-0.20989
14.6	-0.24256
14.605	-0.2258
14.61	-0.20881
14.615	-0.13348
14.62	-0.058927
14.625	0.01502
14.63	0.088242
14.635	0.16083
14.64	0.1942
14.645	0.227
14.65	0.25975
14.655	0.22771
14.66	0.19598
14.665	0.11637
14.67	0.037216
14.675	-0.040951
14.68	-0.11866
14.685	-0.15153
14.69	-0.18406
14.695	-0.14356
14.7	-0.10352
14.705	-0.063771
14.71	-0.0019584
14.715	0.05965
14.72	0.12034
14.725	0.19581
14.73	0.27057
14.735	0.34462
14.74	0.35097
14.745	0.3573
14.75	0.36319
14.755	0.36934
14.76	0.31054
14.765	0.25197
14.77	0.19424
14.775	0.13705
14.78	0.079993
14.785	0.023832
14.79	-0.015436
14.795	-0.05435
14.8	-0.09292
14.805	-0.15825
14.81	-0.22255
14.815	-0.28633
14.82	-0.34979
14.825	-0.37637
14.83	-0.40264
14.835	-0.34845
14.84	-0.2952
14.845	-0.242
14.85	-0.18932
14.855	-0.12458
14.86	-0.060477
14.865	0.0034363
14.87	0.043912
14.875	0.084084
14.88	0.12383
14.885	0.16326
14.89	0.20193
14.895	0.24063
14.9	0.30106
14.905	0.36089
14.91	0.35671
14.915	0.35225
14.92	0.29964
14.925	0.24722
14.93	0.19522
14.935	0.14408
14.94	0.092996
14.945	0.042765
14.95	-0.007401
14.955	-0.056719
14.96	-0.10456
14.965	-0.15192
14.97	-0.19888
14.975	-0.24502
14.98	-0.29113
14.985	-0.33461
14.99	-0.3774
14.995	-0.42003
15	-0.3718
15.005	-0.32433
15.01	-0.22063
15.015	-0.1175
15.02	-0.015713
15.025	0.048465
15.03	0.11243
15.035	0.17582
15.04	0.23825
15.045	0.30047
15.05	0.31431
15.055	0.3281
15.06	0.34201
15.065	0.29951
15.07	0.25738
15.075	0.14501
15.08	0.033416
15.085	-0.076896
15.09	-0.18649
15.095	-0.29479
15.1	-0.40237
15.105	-0.43875
15.11	-0.47487
15.115	-0.51092
15.12	-0.49177
15.125	-0.47314
15.13	-0.45468
15.135	-0.43596
15.14	-0.37002
15.145	-0.30431
15.15	-0.23956
15.155	-0.17499
15.16	-0.081805
15.165	0.010554
15.17	0.10203
15.175	0.1574
15.18	0.2123
15.185	0.26665
15.19	0.26774
15.195	0.26852
15.2	0.26956
15.205	0.21143
15.21	0.15388
15.215	0.096812
15.22	0.03992
15.225	-0.016101
15.23	-0.033458
15.235	-0.050705
15.24	-0.067404
15.245	-0.084332
15.25	-0.10001
15.255	-0.11521
15.26	-0.13024
15.265	-0.14551
15.27	-0.16026
15.275	-0.17489
15.28	-0.18969
15.285	-0.14125
15.29	-0.093332
15.295	-0.046137
15.3	0.00092874
15.305	0.037276
15.31	0.073619
15.315	0.1093
15.32	0.14499
15.325	0.19679
15.33	0.24803
15.335	0.29888
15.34	0.34915
15.345	0.34306
15.35	0.33733
15.355	0.25607
15.36	0.17563
15.365	0.096201
15.37	0.017175
15.375	-0.061145
15.38	-0.099875
15.385	-0.1383
15.39	-0.17599
15.395	-0.2137
15.4	-0.23179
15.405	-0.25009
15.41	-0.26786
15.415	-0.28542
15.42	-0.24543
15.425	-0.20582
15.43	-0.12519
15.435	-0.045344
15.44	0.033457
15.445	0.11188
15.45	0.1896
15.455	0.2573
15.46	0.32444
15.465	0.39124
15.47	0.39613
15.475	0.40101
15.48	0.40615
15.485	0.39305
15.49	0.38045
15.495	0.3679
15.5	0.35514
15.505	0.34276
15.51	0.2646
15.515	0.18711
15.52	0.058295
15.525	-0.068983
15.53	-0.19508
15.535	-0.32043
15.54	-0.44419
15.545	-0.48447
15.55	-0.52448
15.555	-0.56365
15.56	-0.55725
15.565	-0.55046
15.57	-0.47069
15.575	-0.39163
15.58	-0.2787
15.585	-0.16679
15.59	-0.05591
15.595	0.053997
15.6	0.16287
15.605	0.27079
15.61	0.37763
15.615	0.37406
15.62	0.37064
15.625	0.36713
15.63	0.32629
15.635	0.28576
15.64	0.24565
15.645	0.20581
15.65	0.11505
15.655	0.025096
15.66	-0.064004
15.665	-0.16912
15.67	-0.27279
15.675	-0.31822
15.68	-0.36351
15.685	-0.31213
15.69	-0.26133
15.695	-0.21055
15.7	-0.17419
15.705	-0.13772
15.71	-0.10165
15.715	-0.096519
15.72	-0.091422
15.725	-0.086373
15.73	-0.08135
15.735	-0.0457
15.74	-0.010434
15.745	0.024215
15.75	0.058825
15.755	0.021488
15.76	-0.015073
15.765	-0.051722
15.77	-0.097962
15.775	-0.14418
15.78	-0.18991
15.785	-0.18712
15.79	-0.18438
15.795	-0.18129
15.8	-0.18571
15.805	-0.18972
15.81	-0.1937
15.815	-0.20939
15.82	-0.22491
15.825	-0.24031
15.83	-0.25552
15.835	-0.24672
15.84	-0.23836
15.845	-0.23005
15.85	-0.22181
15.855	-0.21364
15.86	-0.20552
15.865	-0.16823
15.87	-0.13096
15.875	-0.094342
15.88	-0.058083
15.885	-0.022118
15.89	0.013829
15.895	-0.0018777
15.9	-0.01737
15.905	-0.032779
15.91	-0.058335
15.915	-0.084058
15.92	-0.10911
15.925	-0.062652
15.93	-0.016693
15.935	0.028898
15.94	0.074036
15.945	0.10666
15.95	0.13899
15.955	0.17065
15.96	0.16851
15.965	0.16606
15.97	0.16397
15.975	0.16187
15.98	0.11523
15.985	0.069054
15.99	0.023267
15.995	-0.033152
16	-0.088684
16.005	-0.14408
16.01	-0.19859
16.015	-0.23014
16.02	-0.26141
16.025	-0.29239
16.03	-0.32306
16.035	-0.31706
16.04	-0.31117
16.045	-0.30523
16.05	-0.22989
16.055	-0.15557
16.06	-0.043432
16.065	0.067677
16.07	0.17741
16.075	0.28652
16.08	0.39424
16.085	0.46745
16.09	0.54004
16.095	0.61187
16.1	0.63176
16.105	0.65104
16.11	0.60351
16.115	0.55637
16.12	0.44405
16.125	0.33278
16.13	0.22251
16.135	0.15067
16.14	0.079774
16.145	0.0095768
16.15	-0.0043958
16.155	-0.018285
16.16	-0.03201
16.165	-0.0081819
16.17	0.015025
16.175	0.038413
16.18	0.061557
16.185	0.092723
16.19	0.12391
16.195	0.1545
16.2	0.18476
16.205	0.18802
16.21	0.19162
16.215	0.19515
16.22	0.16479
16.225	0.13508
16.23	0.10561
16.235	0.076066
16.24	0.047138
16.245	0.018471
16.25	-0.010297
16.255	-0.038442
16.26	-0.064905
16.265	-0.091134
16.27	-0.1171
16.275	-0.11752
16.28	-0.1176
16.285	-0.11802
16.29	-0.11844
16.295	-0.11885
16.3	-0.16775
16.305	-0.21614
16.31	-0.26414
16.315	-0.32519
16.32	-0.38534
16.325	-0.44488
16.33	-0.45221
16.335	-0.45944
16.34	-0.41919
16.345	-0.37932
16.35	-0.33979
16.355	-0.30059
16.36	-0.26175
16.365	-0.22324
16.37	-0.18508
16.375	-0.1476
16.38	-0.11012
16.385	-0.085787
16.39	-0.061687
16.395	-0.038129
16.4	-0.014469
16.405	-0.020231
16.41	-0.026283
16.415	-0.032275
16.42	-0.037866
16.425	-0.043733
16.43	-0.012843
16.435	0.017747
16.44	0.047711
16.445	0.077758
16.45	0.10717
16.455	0.13667
16.46	0.16303
16.465	0.18882
16.47	0.21469
16.475	0.23999
16.48	0.26539
16.485	0.29021
16.49	0.31512
16.495	0.33947
16.5	0.36387
16.505	0.31213
16.51	0.26129
16.515	0.21083
16.52	0.15018
16.525	0.090396
16.53	0.030825
16.535	-0.028228
16.54	-0.07817
16.545	-0.12732
16.55	-0.17636
16.555	-0.22496
16.56	-0.27311
16.565	-0.32078
16.57	-0.32096
16.575	-0.32151
16.58	-0.27567
16.585	-0.22994
16.59	-0.18493
16.595	-0.14
16.6	-0.095795
16.605	-0.051681
16.61	-0.057129
16.615	-0.062499
16.62	-0.067825
16.625	-0.073101
16.63	-0.078318
16.635	-0.083137
16.64	-0.088255
16.645	-0.093333
16.65	-0.098344
16.655	-0.097972
16.66	-0.097946
16.665	-0.097578
16.67	-0.097527
16.675	-0.053628
16.68	-0.010184
16.685	0.032552
16.69	0.075218
16.695	0.11754
16.7	0.15905
16.705	0.14744
16.71	0.13599
16.715	0.12423
16.72	0.084448
16.725	0.045
16.73	0.0059737
16.735	0.033595
16.74	0.061241
16.745	0.08833
16.75	0.11513
16.755	0.14207
16.76	0.16837
16.765	0.17306
16.77	0.1777
16.775	0.1823
16.78	0.18683
16.785	0.18348
16.79	0.17981
16.795	0.17652
16.8	0.17324
16.805	0.16964
16.81	0.16642
16.815	0.16286
16.82	0.15968
16.825	0.15654
16.83	0.16553
16.835	0.17442
16.84	0.18324
16.845	0.19231
16.85	0.17456
16.855	0.15698
16.86	0.13954
16.865	0.12227
16.87	0.10514
16.875	0.088164
16.88	0.070977
16.885	0.054314
16.89	0.037773
16.895	-0.0024916
16.9	-0.042377
16.905	-0.081882
16.91	-0.071473
16.915	-0.060852
16.92	-0.050285
16.925	-0.022721
16.93	0.0049466
16.935	0.031998
16.94	0.043834
16.945	0.055568
16.95	0.067556
16.955	0.087272
16.96	0.10644
16.965	0.12579
16.97	0.1232
16.975	0.1203
16.98	0.11742
16.985	0.1406
16.99	0.16387
16.995	0.18125
17	0.1831
17.005	0.16464
17.01	0.1467
17.015	0.12856
17.02	0.11094
17.025	0.093112
17.03	0.075446
17.035	0.05829
17.04	0.040933
17.045	0.024087
17.05	0.0070393
17.055	-0.0098625
17.06	-0.050141
17.065	-0.090382
17.07	-0.12992
17.075	-0.16943
17.08	-0.20503
17.085	-0.24027
17.09	-0.27522
17.095	-0.32728
17.1	-0.37887
17.105	-0.42993
17.11	-0.43491
17.115	-0.43946
17.12	-0.38658
17.125	-0.33453
17.13	-0.24658
17.135	-0.15943
17.14	-0.073449
17.145	-0.036012
17.15	0.00079129
17.155	0.037573
17.16	0.059431
17.165	0.081085
17.17	0.10254
17.175	0.1238
17.18	0.14486
17.185	0.16572
17.19	0.18637
17.195	0.16439
17.2	0.14268
17.205	0.12145
17.21	0.085493
17.215	0.049817
17.22	0.014874
17.225	0.0073064
17.23	-0.00019728
17.235	-0.0076379
17.24	-0.015003
17.245	-0.022309
17.25	-0.029536
17.255	-0.036711
17.26	-0.043805
17.265	-0.050849
17.27	-0.057799
17.275	-0.042594
17.28	-0.027542
17.285	-0.01262
17.29	0.0021685
17.295	0.016816
17.3	0.019215
17.305	0.021595
17.31	0.024311
17.315	0.026637
17.32	0.017537
17.325	0.008171
17.33	-0.00075505
17.335	-0.0095994
17.34	-0.018366
17.345	-0.027047
17.35	-0.031013
17.355	-0.034952
17.36	-0.038847
17.365	-0.042351
17.37	-0.046177
17.375	-0.061382
17.38	-0.076419
17.385	-0.091347
17.39	-0.11252
17.395	-0.13353
17.4	-0.15393
17.405	-0.12996
17.41	-0.10587
17.415	-0.048815
17.42	0.0076562
17.425	0.064037
17.43	0.11947
17.435	0.14201
17.44	0.16433
17.445	0.18646
17.45	0.20836
17.455	0.23186
17.46	0.25511
17.465	0.27816
17.47	0.30061
17.475	0.28933
17.48	0.27783
17.485	0.26674
17.49	0.22903
17.495	0.19165
17.5	0.15425
17.505	0.11219
17.51	0.070516
17.515	0.029219
17.52	0.02325
17.525	0.017269
17.53	0.011412
17.535	0.062626
17.54	0.11331
17.545	0.16357
17.55	0.21332
17.555	0.21591
17.56	0.21854
17.565	0.22107
17.57	0.17441
17.575	0.12818
17.58	0.082376
17.585	0.036963
17.59	-0.0080093
17.595	-0.027637
17.6	-0.047098
17.605	-0.066382
17.61	-0.085471
17.615	-0.080504
17.62	-0.075605
17.625	-0.070732
17.63	-0.065911
17.635	-0.061481
17.64	-0.056733
17.645	-0.052044
17.65	-0.089102
17.655	-0.12578
17.66	-0.16215
17.665	-0.19813
17.67	-0.18711
17.675	-0.17621
17.68	-0.16538
17.685	-0.14217
17.69	-0.11918
17.695	-0.096381
17.7	-0.073795
17.705	-0.041771
17.71	-0.010419
17.715	0.020672
17.72	0.051455
17.725	0.08199
17.73	0.11219
17.735	0.10185
17.74	0.091285
17.745	0.081142
17.75	0.070753
17.755	0.060784
17.76	0.027747
17.765	-0.0053404
17.77	-0.038126
17.775	-0.070259
17.78	-0.10709
17.785	-0.14357
17.79	-0.17973
17.795	-0.21553
17.8	-0.21928
17.805	-0.223
17.81	-0.22668
17.815	-0.2303
17.82	-0.1829
17.825	-0.13597
17.83	-0.089423
17.835	-0.02442
17.84	0.039981
17.845	0.10345
17.85	0.16669
17.855	0.22933
17.86	0.25505
17.865	0.28054
17.87	0.30579
17.875	0.33076
17.88	0.28385
17.885	0.23706
17.89	0.19064
17.895	0.12613
17.9	0.062544
17.905	-0.00080475
17.91	-0.036134
17.915	-0.071165
17.92	-0.10587
17.925	-0.14024
17.93	-0.14542
17.935	-0.15022
17.94	-0.15531
17.945	-0.14858
17.95	-0.14157
17.955	-0.1346
17.96	-0.12772
17.965	-0.14191
17.97	-0.15595
17.975	-0.16986
17.98	-0.18365
17.985	-0.19727
17.99	-0.16514
17.995	-0.13334
18	-0.1018
18.005	-0.070547
18.01	-0.039575
18.015	-0.012451
18.02	0.014075
18.025	0.040363
18.03	0.066755
18.035	0.072582
18.04	0.078744
18.045	0.084817
18.05	0.090508
18.055	0.096452
18.06	0.052098
18.065	0.0081733
18.07	-0.03572
18.075	-0.078844
18.08	-0.095909
18.085	-0.11284
18.09	-0.12959
18.095	-0.1462
18.1	-0.16265
18.105	-0.17894
18.11	-0.19508
18.115	-0.21105
18.12	-0.17694
18.125	-0.14356
18.13	-0.11007
18.135	-0.053018
18.14	0.0038672
18.145	0.060221
18.15	0.082559
18.155	0.10436
18.16	0.1263
18.165	0.14769
18.17	0.16924
18.175	0.19021
18.18	0.16535
18.185	0.14076
18.19	0.11634
18.195	0.06221
18.2	0.0089576
18.205	-0.044189
18.21	-0.096485
18.215	-0.1483
18.22	-0.15469
18.225	-0.16074
18.23	-0.16666
18.235	-0.12192
18.24	-0.077629
18.245	-0.033706
18.25	0.0097939
18.255	0.053281
18.26	0.10383
18.265	0.15394
18.27	0.20356
18.275	0.2185
18.28	0.2337
18.285	0.24834
18.29	0.20654
18.295	0.16514
18.3	0.12446
18.305	0.075935
18.31	0.027878
18.315	-0.019784
18.32	-0.066955
18.325	-0.065944
18.33	-0.064633
18.335	-0.063652
18.34	-0.042377
18.345	-0.021655
18.35	-0.00075857
18.355	0.019575
18.36	0.017273
18.365	0.015365
18.37	0.013111
18.375	0.010875
18.38	0.0086645
18.385	0.0068153
18.39	-0.012471
18.395	-0.031586
18.4	-0.05014
18.405	-0.029311
18.41	-0.0087241
18.415	0.012068
18.42	0.032284
18.425	0.051991
18.43	0.071486
18.435	0.091189
18.44	0.11031
18.445	0.096832
18.45	0.083496
18.455	0.070268
18.46	0.057162
18.465	0.044169
18.47	0.031293
18.475	0.010329
18.48	-0.01043
18.485	-0.031016
18.49	-0.051038
18.495	-0.071254
18.5	-0.091258
18.505	-0.093621
18.51	-0.095614
18.515	-0.097935
18.52	-0.10023
18.525	-0.10251
18.53	-0.10475
18.535	-0.10662
18.54	-0.10882
18.545	-0.11101
18.55	-0.11315
18.555	-0.094944
18.56	-0.07729
18.565	-0.059408
18.57	-0.041722
18.575	-0.042709
18.58	-0.043327
18.585	-0.043924
18.59	-0.022061
18.595	-0.00041404
18.6	0.021402
18.605	0.042656
18.61	0.063731
18.615	0.084584
18.62	0.074599
18.625	0.064722
18.63	0.054926
18.635	0.056637
18.64	0.058301
18.645	0.059975
18.65	0.061597
18.655	0.034692
18.66	0.0077057
18.665	-0.018698
18.67	-0.045206
18.675	-0.071476
18.68	-0.097151
18.685	-0.12293
18.69	-0.11139
18.695	-0.099638
18.7	-0.088321
18.705	-0.077119
18.71	-0.065644
18.715	-0.054643
18.72	-0.04372
18.725	-0.032924
18.73	-0.049295
18.735	-0.065512
18.74	-0.081562
18.745	-0.073224
18.75	-0.064633
18.755	-0.056456
18.76	-0.048002
18.765	-0.039975
18.77	-0.031666
18.775	-0.023783
18.78	-0.015616
18.785	-0.0078794
18.79	0.00014353
18.795	0.0077397
18.8	0.01562
18.805	0.023077
18.81	0.030817
18.815	0.038139
18.82	0.065356
18.825	0.092298
18.83	0.11902
18.835	0.14545
18.84	0.12282
18.845	0.10042
18.85	0.0782
18.855	0.056196
18.86	0.049007
18.865	0.041501
18.87	0.034441
18.875	0.043122
18.88	0.052064
18.885	0.060571
18.89	0.069354
18.895	0.077696
18.9	0.086323
18.905	0.094502
18.91	0.10298
18.915	0.11097
18.92	0.070793
18.925	0.030999
18.93	-0.0087984
18.935	-0.047883
18.94	-0.086582
18.945	-0.084646
18.95	-0.082782
18.955	-0.08088
18.96	-0.056924
18.965	-0.032818
18.97	-0.0092989
18.975	0.014019
18.98	0.037114
18.985	0.060001
18.99	0.058424
18.995	0.056543
19	0.054993
19.005	0.031376
19.01	0.0076216
19.015	-0.015915
19.02	-0.038884
19.025	-0.061993
19.03	-0.084548
19.035	-0.10722
19.04	-0.084062
19.045	-0.061144
19.05	-0.038774
19.055	-0.016258
19.06	0.0060595
19.065	0.027815
19.07	0.049731
19.075	0.071446
19.08	0.092959
19.085	0.11392
19.09	0.13503
19.095	0.13455
19.1	0.13375
19.105	0.13327
19.11	0.11072
19.115	0.088006
19.12	0.065857
19.125	0.0439
19.13	0.022149
19.135	0.00023041
19.14	-0.011493
19.145	-0.023138
19.15	-0.034648
19.155	-0.046087
19.16	-0.057723
19.165	-0.03149
19.17	-0.0058765
19.175	0.019513
19.18	0.045033
19.185	0.069935
19.19	0.051489
19.195	0.033235
19.2	0.01514
19.205	-0.002445
19.21	-0.020187
19.215	0.023552
19.22	0.066802
19.225	0.10972
19.23	0.15112
19.235	0.1922
19.24	0.23283
19.245	0.23747
19.25	0.24242
19.255	0.24697
19.26	0.25181
19.265	0.25625
19.27	0.26097
19.275	0.22357
19.28	0.18656
19.285	0.15019
19.29	0.093138
19.295	0.036946
19.3	-0.018714
19.305	-0.073902
19.31	-0.1289
19.315	-0.14633
19.32	-0.16363
19.325	-0.18074
19.33	-0.16062
19.335	-0.14071
19.34	-0.12096
19.345	-0.10139
19.35	-0.081984
19.355	-0.06312
19.36	-0.044054
19.365	-0.025187
19.37	-0.040341
19.375	-0.055338
19.38	-0.070198
19.385	-0.084926
19.39	-0.099497
19.395	-0.086131
19.4	-0.073273
19.405	-0.060503
19.41	-0.047869
19.415	-0.035324
19.42	-8.5625e-05
19.425	0.034817
19.43	0.069055
19.435	0.10546
19.44	0.14191
19.445	0.17762
19.45	0.1592
19.455	0.14131
19.46	0.081494
19.465	0.022625
19.47	-0.0361
19.475	-0.093897
19.48	-0.11589
19.485	-0.13735
19.49	-0.15893
19.495	-0.15716
19.5	-0.15541
19.505	-0.15366
19.51	-0.15229
19.515	-0.15056
19.52	-0.14883
19.525	-0.11252
19.53	-0.076952
19.535	-0.041288
19.54	-0.0060229
19.545	-0.012385
19.55	-0.018316
19.555	-0.024551
19.56	-0.030734
19.565	-0.036488
19.57	-0.02009
19.575	-0.0038625
19.58	0.012238
19.585	0.028159
19.59	0.0054499
19.595	-0.017025
19.6	-0.039672
19.605	-0.072801
19.61	-0.10526
19.615	-0.13778
19.62	-0.16963
19.625	-0.20156
19.63	-0.23281
19.635	-0.22776
19.64	-0.2228
19.645	-0.21781
19.65	-0.16299
19.655	-0.10904
19.66	-0.055211
19.665	-0.0018626
19.67	0.045282
19.675	0.091662
19.68	0.13796
19.685	0.18384
19.69	0.19219
19.695	0.20017
19.7	0.20836
19.705	0.17622
19.71	0.14474
19.715	0.11317
19.72	0.070123
19.725	0.027119
19.73	-0.015152
19.735	-0.057011
19.74	-0.062139
19.745	-0.067242
19.75	-0.07229
19.755	-0.077281
19.76	-0.057628
19.765	-0.038167
19.77	-0.018877
19.775	0.00023607
19.78	0.019175
19.785	0.037945
19.79	0.056537
19.795	0.063549
19.8	0.07051
19.805	0.077397
19.81	0.084222
19.815	0.090977
19.82	0.097673
19.825	0.10429
19.83	0.093029
19.835	0.082237
19.84	0.071527
19.845	0.060562
19.85	0.050044
19.855	0.027496
19.86	0.0048094
19.865	-0.017323
19.87	-0.039245
19.875	-0.06133
19.88	-0.082849
19.885	-0.10453
19.89	-0.12566
19.895	-0.14657
19.9	-0.14484
19.905	-0.14278
19.91	-0.14108
19.915	-0.13903
19.92	-0.137
19.925	-0.13533
19.93	-0.11477
19.935	-0.094424
19.94	-0.074573
19.945	-0.019265
19.95	0.035147
19.955	0.089085
19.96	0.14288
19.965	0.19581
19.97	0.1962
19.975	0.19628
19.98	0.19631
19.985	0.19672
19.99	0.19674
19.995	0.19713
20	0.19713
20.005	0.1975
20.01	0.19746
20.015	0.15678
20.02	0.11652
20.025	0.076581
20.03	0.037035
20.035	-0.0021897
20.04	-0.041012
20.045	-0.039212
20.05	-0.037467
20.055	-0.035354
20.06	-0.033636
20.065	-0.031913
20.07	-0.029871
20.075	-0.028177
20.08	-0.026527
20.085	-0.024491
20.09	0.0074374
20.095	0.039444
20.1	0.070756
20.105	0.057594
20.11	0.044594
20.115	0.031325
20.12	0.018555
20.125	0.0069507
20.13	-0.0045346
20.135	-0.016285
20.14	-0.027561
20.145	-0.038741
20.15	-0.049813
20.155	-0.060785
20.16	-0.063448
20.165	-0.066101
20.17	-0.068717
20.175	-0.070956
20.18	-0.073521
20.185	-0.07607
20.19	-0.078582
20.195	-0.081078
20.2	-0.083537
20.205	-0.085987
20.21	-0.088387
20.215	-0.071517
20.22	-0.054817
20.225	-0.038256
20.23	-0.021851
20.235	-0.0055937
20.24	0.003386
20.245	0.012651
20.25	0.021467
20.255	0.030563
20.26	0.039219
20.265	0.062065
20.27	0.084312
20.275	0.10674
20.28	0.12893
20.285	0.11776
20.29	0.10673
20.295	0.096111
20.3	0.067434
20.305	0.039367
20.31	0.011203
20.315	-0.016717
20.32	-0.044014
20.325	-0.071427
20.33	-0.09858
20.335	-0.12514
20.34	-0.15179
20.345	-0.1782
20.35	-0.18154
20.355	-0.18524
20.36	-0.18884
20.365	-0.14465
20.37	-0.1009
20.375	-0.057515
20.38	-0.01098
20.385	0.035509
20.39	0.081201
20.395	0.12684
20.4	0.15743
20.405	0.18812
20.41	0.2185
20.415	0.24862
20.42	0.27842
20.425	0.27444
20.43	0.27088
20.435	0.26731
20.44	0.22955
20.445	0.19178
20.45	0.1547
20.455	0.0994
20.46	0.044273
20.465	-0.01002
20.47	-0.063807
20.475	-0.11746
20.48	-0.13995
20.485	-0.16264
20.49	-0.18506
20.495	-0.172
20.5	-0.15908
20.505	-0.14661
20.51	-0.1339
20.515	-0.10061
20.52	-0.068004
20.525	-0.035313
20.53	0.0013422
20.535	0.038033
20.54	0.074024
20.545	0.11003
20.55	0.10435
20.555	0.098768
20.56	0.093184
20.565	0.065213
20.57	0.037149
20.575	0.0096908
20.58	-0.017523
20.585	-0.04448
20.59	-0.061212
20.595	-0.077439
20.6	-0.093875
20.605	-0.11014
20.61	-0.10309
20.615	-0.095763
20.62	-0.08885
20.625	-0.081995
20.63	-0.075201
20.635	-0.068458
20.64	-0.055363
20.645	-0.042739
20.65	-0.029878
20.655	-0.017482
20.66	-0.0048455
20.665	0.0073199
20.67	0.01973
20.675	0.03203
20.68	0.04386
20.685	0.055938
20.69	0.06754
20.695	0.079404
20.7	0.10185
20.705	0.12371
20.71	0.14574
20.715	0.16754
20.72	0.15314
20.725	0.13854
20.73	0.1244
20.735	0.1104
20.74	0.096513
20.745	0.085251
20.75	0.07372
20.755	0.062661
20.76	0.051676
20.765	0.026897
20.77	0.002352
20.775	-0.021618
20.78	-0.045726
20.785	-0.069613
20.79	-0.093283
20.795	-0.11637
20.8	-0.13962
20.805	-0.18189
20.81	-0.22376
20.815	-0.26523
20.82	-0.25639
20.825	-0.24769
20.83	-0.23936
20.835	-0.19225
20.84	-0.14596
20.845	-0.10005
20.85	-0.041392
20.855	0.017109
20.86	0.074693
20.865	0.13179
20.87	0.18831
20.875	0.20477
20.88	0.22107
20.885	0.18551
20.89	0.15035
20.895	0.11506
20.9	0.066258
20.905	0.017851
20.91	-0.030073
20.915	-0.077252
20.92	-0.12431
20.925	-0.17099
20.93	-0.21716
20.935	-0.21875
20.94	-0.22031
20.945	-0.17656
20.95	-0.13362
20.955	-0.091024
20.96	-0.048495
20.965	-0.0066651
20.97	0.034742
20.975	0.050126
20.98	0.06538
20.985	0.080493
20.99	0.095463
20.995	0.11208
21	0.12318
21.005	0.11243
21.01	0.10144
21.015	0.090527
21.02	0.06654
21.025	0.042754
21.03	0.019211
21.035	0.024034
21.04	0.028785
21.045	0.033503
21.05	0.038171
21.055	0.042797
21.06	0.047381
21.065	0.051914
21.07	0.044287
21.075	0.037093
21.08	0.029601
21.085	0.022179
21.09	0.015174
21.095	0.0028851
21.1	-0.0092817
21.105	-0.021707
21.11	-0.033647
21.115	-0.045495
21.12	-0.06007
21.125	-0.074879
21.13	-0.089171
21.135	-0.080878
21.14	-0.072681
21.145	-0.064185
21.15	-0.056133
21.155	-0.048142
21.16	-0.040228
21.165	-0.032377
21.17	-0.024604
21.175	-0.016533
21.18	-0.0039085
21.185	0.0086008
21.19	0.021356
21.195	0.033627
21.2	0.032244
21.205	0.030883
21.21	0.029169
21.215	0.027835
21.22	0.026501
21.225	0.025191
21.23	0.035294
21.235	0.045296
21.24	0.05521
21.245	0.06538
21.25	0.065833
21.255	0.066283
21.26	0.066728
21.265	0.067163
21.27	0.067597
21.275	0.068018
21.28	0.06844
21.285	0.068835
21.29	0.050344
21.295	0.031668
21.3	0.013525
21.305	0.012303
21.31	0.011421
21.315	0.010567
21.32	0.0093386
21.325	-0.015759
21.33	-0.04024
21.335	-0.064882
21.34	-0.088903
21.345	-0.087052
21.35	-0.085238
21.355	-0.083065
21.36	-0.067723
21.365	-0.052172
21.37	-0.037105
21.375	-0.021837
21.38	-0.032008
21.385	-0.041714
21.39	-0.051334
21.395	-0.061226
21.4	-0.070651
21.405	-0.055035
21.41	-0.039233
21.415	-0.023912
21.42	-0.0087387
21.425	0.0066581
21.43	0.021565
21.435	0.057731
21.44	0.093894
21.445	0.12937
21.45	0.11494
21.455	0.10072
21.46	0.086197
21.465	0.042252
21.47	-0.0012892
21.475	-0.044429
21.48	-0.087189
21.485	-0.12953
21.49	-0.13085
21.495	-0.13219
21.5	-0.13349
21.505	-0.13479
21.51	-0.13605
21.515	-0.11091
21.52	-0.086044
21.525	-0.061349
21.53	-0.01838
21.535	0.023869
21.54	0.066045
21.545	0.073276
21.55	0.080112
21.555	0.087222
21.56	0.093917
21.565	0.1009
21.57	0.10461
21.575	0.10828
21.58	0.11227
21.585	0.11585
21.59	0.096938
21.595	0.078219
21.6	0.059645
21.605	0.041265
21.61	0.052269
21.615	0.063509
21.62	0.074291
21.625	0.085331
21.63	0.095906
21.635	0.10639
21.64	0.11712
21.645	0.1274
21.65	0.13793
21.655	0.14801
21.66	0.15833
21.665	0.14145
21.67	0.12512
21.675	0.1089
21.68	0.072875
21.685	0.037176
21.69	0.0021599
21.695	-0.032892
21.7	-0.048014
21.705	-0.063379
21.71	-0.078226
21.715	-0.092954
21.72	-0.10753
21.725	-0.12234
21.73	-0.13662
21.735	-0.12548
21.74	-0.11445
21.745	-0.10386
21.75	-0.082315
21.755	-0.061326
21.76	-0.040522
21.765	-0.019558
21.77	-0.0216
21.775	-0.023598
21.78	-0.025591
21.785	-0.027558
21.79	-0.029511
21.795	-0.03144
21.8	-0.033354
21.805	-0.035246
21.81	-0.037124
21.815	-0.038979
21.82	-0.040819
21.825	-0.042641
21.83	-0.044442
21.835	-0.040876
21.84	-0.036992
21.845	-0.033136
21.85	-0.029321
21.855	-0.026959
21.86	-0.024623
21.865	-0.0223
21.87	-0.020003
21.875	-0.011656
21.88	-0.0034041
21.885	0.0051515
21.89	0.01324
21.895	-0.0083255
21.9	-0.029661
21.905	-0.050828
21.91	-0.071412
21.915	-0.069718
21.92	-0.068056
21.925	-0.066394
21.93	-0.064395
21.935	-0.062766
21.94	-0.061151
21.945	-0.055264
21.95	-0.049795
21.955	-0.044008
21.96	-0.038281
21.965	-0.032953
21.97	-0.027325
21.975	-0.021739
21.98	-0.016564
21.985	-0.01107
21.99	-0.0056345
21.995	-0.00060394
22	-0.0056048
22.005	-0.010189
22.01	-0.0151
22.015	-0.01995
22.02	-0.024773
22.025	-0.029531
22.03	-0.018572
22.035	-0.0077135
22.04	0.0030431
22.045	0.013709
22.05	0.024265
22.055	0.034741
22.06	0.045091
22.065	0.028265
22.07	0.011613
22.075	-0.0048993
22.08	-0.0209
22.085	-0.037105
22.09	-0.036408
22.095	-0.035375
22.1	-0.034344
22.105	-0.033678
22.11	-0.032665
22.115	-0.032002
22.12	-0.0046058
22.125	0.022509
22.13	0.049401
22.135	0.075654
22.14	0.05962
22.145	0.044111
22.15	0.028372
22.155	0.012787
22.16	0.0033953
22.165	-0.0059166
22.17	-0.01513
22.175	-0.012499
22.18	-0.0099089
22.185	-0.0076835
22.19	-0.0051317
22.195	-0.0025991
22.2	-0.00044729
22.205	0.002045
22.21	0.0045071
22.215	0.012308
22.22	0.020016
22.225	0.027677
22.23	0.035239
22.235	0.025986
22.24	0.016829
22.245	0.0077533
22.25	-0.0012463
22.255	-0.010158
22.26	-0.018993
22.265	-0.027736
22.27	-0.036424
22.275	-0.065338
22.28	-0.093621
22.285	-0.12199
22.29	-0.10838
22.295	-0.09529
22.3	-0.082287
22.305	-0.055505
22.31	-0.028977
22.315	-0.0023194
22.32	0.023716
22.325	0.026706
22.33	0.029692
22.335	0.032278
22.34	0.03521
22.345	0.038099
22.35	0.031344
22.355	0.024647
22.36	0.018018
22.365	0.011441
22.37	0.0049265
22.375	-0.0015285
22.38	-0.0075667
22.385	-0.013913
22.39	-0.020196
22.395	-0.026423
22.4	-0.032592
22.405	-0.038701
22.41	-0.036193
22.415	-0.033365
22.42	-0.030908
22.425	-0.028478
22.43	-0.026063
22.435	-0.023321
22.44	-0.020943
22.445	-0.0014792
22.45	0.017433
22.455	0.036545
22.46	0.055462
22.465	0.074229
22.47	0.092437
22.475	0.088739
22.48	0.085091
22.485	0.081464
22.49	0.07787
22.495	0.074302
22.5	0.070413
22.505	0.064837
22.51	0.061354
22.515	0.057878
22.52	0.043385
22.525	0.029024
22.53	0.01479
22.535	0.00069747
22.54	0.00063195
22.545	0.00055282
22.55	0.00048191
22.555	0.00040148
22.56	0.00032922
22.565	0.0002545
22.57	0.0037395
22.575	0.0075343
22.58	0.010939
22.585	0.014659
22.59	0.017987
22.595	0.021623
22.6	0.024869
22.605	0.02736
22.61	0.029823
22.615	0.031896
22.62	0.034302
22.625	0.036658
22.63	0.025545
22.635	0.014905
22.64	0.0040273
22.645	-0.0067312
22.65	-0.01701
22.655	-0.027528
22.66	-0.037913
22.665	-0.04783
22.67	-0.057964
22.675	-0.067982
22.68	-0.077502
22.685	-0.087268
22.69	-0.09687
22.695	-0.074415
22.7	-0.052606
22.705	-0.030682
22.71	-0.0093895
22.715	0.011659
22.72	0.032771
22.725	0.053288
22.73	0.073848
22.735	0.062782
22.74	0.052228
22.745	0.041779
22.75	0.03112
22.755	0.020928
22.76	0.0011657
22.765	-0.018335
22.77	-0.037577
22.775	-0.056544
22.78	-0.055576
22.785	-0.054282
22.79	-0.052988
22.795	-0.051708
22.8	-0.050425
22.805	-0.049161
22.81	-0.047896
22.815	-0.046649
22.82	-0.045404
22.825	-0.044165
22.83	-0.03441
22.835	-0.024461
22.84	-0.014979
22.845	-0.0056404
22.85	0.0039162
22.855	0.021108
22.86	0.038043
22.865	0.054715
22.87	0.070795
22.875	0.086948
22.88	0.10285
22.885	0.11846
22.89	0.091611
22.895	0.06518
22.9	0.039466
22.905	0.01247
22.91	-0.013772
22.915	-0.039612
22.92	-0.065017
22.925	-0.069818
22.93	-0.074548
22.935	-0.079176
22.94	-0.083716
22.945	-0.088165
22.95	-0.09251
22.955	-0.076452
22.96	-0.06035
22.965	-0.044785
22.97	-0.011584
22.975	0.020749
22.98	0.052849
22.985	0.084418
22.99	0.11507
22.995	0.10907
23	0.10319
23.005	0.097341
23.01	0.060513
23.015	0.024309
23.02	-0.011587
23.025	-0.046544
23.03	-0.08086
23.035	-0.10505
23.04	-0.12879
23.045	-0.15206
23.05	-0.14591
23.055	-0.14017
23.06	-0.13447
23.065	-0.10258
23.07	-0.071276
23.075	-0.040817
23.08	-0.010613
23.085	0.018743
23.09	0.047838
23.095	0.076398
23.1	0.10406
23.105	0.10542
23.11	0.10677
23.115	0.10802
23.12	0.080636
23.125	0.053763
23.13	0.027398
23.135	0.0018285
23.14	-0.023528
23.145	-0.048404
23.15	-0.072441
23.155	-0.063739
23.16	-0.054928
23.165	-0.046256
23.17	-0.038058
23.175	-0.028813
23.18	-0.019471
23.185	-0.010588
23.19	-0.0019049
23.195	-0.0044783
23.2	-0.0072827
23.205	-0.010022
23.21	-0.012712
23.215	-0.019948
23.22	-0.027022
23.225	-0.034225
23.23	-0.040982
23.235	-0.047849
23.24	-0.028437
23.245	-0.009738
23.25	0.008575
23.255	0.026761
23.26	0.044271
23.265	0.06137
23.27	0.05664
23.275	0.051732
23.28	0.047187
23.285	0.042456
23.29	0.038087
23.295	0.033806
23.3	0.029336
23.305	0.025227
23.31	0.020934
23.315	0.017001
23.32	0.012882
23.325	0.0091257
23.33	0.005448
23.335	0.0015895
23.34	-0.0019152
23.345	-0.005597
23.35	0.0013342
23.355	0.007831
23.36	0.014434
23.365	0.02061
23.37	0.026893
23.375	0.032751
23.38	0.038715
23.385	0.044256
23.39	0.049908
23.395	0.057931
23.4	0.065489
23.405	0.073067
23.41	0.061852
23.415	0.050653
23.42	0.039705
23.425	0.029266
23.43	0.018828
23.435	0.0086428
23.44	-0.0012849
23.445	-0.010718
23.45	-0.02015
23.455	-0.029332
23.46	-0.038023
23.465	-0.046718
23.47	-0.055155
23.475	-0.054565
23.48	-0.054209
23.485	-0.0536
23.49	-0.052989
23.495	-0.052603
23.5	-0.051972
23.505	-0.051566
23.51	-0.050917
23.515	-0.050493
23.52	-0.049828
23.525	-0.049384
23.53	-0.048701
23.535	-0.048014
23.54	-0.047546
23.545	-0.046845
23.55	-0.046356
23.555	-0.039907
23.56	-0.033626
23.565	-0.0275
23.57	-0.021754
23.575	-0.015938
23.58	-0.010287
23.585	-0.0047839
23.59	0.00055867
23.595	0.0057503
23.6	0.010576
23.605	0.015469
23.61	0.020207
23.615	0.024801
23.62	0.02924
23.625	0.033335
23.63	0.037482
23.635	0.027289
23.64	0.017208
23.645	0.0076169
23.65	-0.0016747
23.655	-0.010884
23.66	-0.019594
23.665	-0.028227
23.67	-0.036364
23.675	-0.044238
23.68	-0.052007
23.685	-0.04321
23.69	-0.03487
23.695	-0.026571
23.7	-0.014192
23.705	-0.0021975
23.71	0.0094132
23.715	0.020641
23.72	0.021752
23.725	0.022826
23.73	0.023848
23.735	0.024826
23.74	0.02576
23.745	0.026825
23.75	0.022882
23.755	0.019063
23.76	0.015536
23.765	0.011949
23.77	0.0084803
23.775	0.0053004
23.78	0.002063
23.785	-0.0010569
23.79	-0.0038919
23.795	-0.0067875
23.8	-0.0095606
23.805	-0.0053297
23.81	-0.0012557
23.815	0.002677
23.82	0.0064602
23.825	0.0099432
23.83	0.013444
23.835	0.016803
23.84	0.020019
23.845	0.023095
23.85	0.02588
23.855	0.028684
23.86	0.031348
23.865	0.031357
23.87	0.031338
23.875	0.031291
23.88	0.031218
23.885	0.031114
23.89	0.030987
23.895	0.030832
23.9	0.030654
23.905	0.030444
23.91	0.023418
23.915	0.016677
23.92	0.010218
23.925	0.0040308
23.93	-0.0018764
23.935	-0.0040402
23.94	-0.0060996
23.945	-0.0080596
23.95	-0.0099126
23.955	-0.002181
23.96	0.0052987
23.965	0.012302
23.97	0.019067
23.975	0.025364
23.98	0.030041
23.985	0.034449
23.99	0.038588
23.995	0.04246
24	0.036576
24.005	0.030942
24.01	0.025431
24.015	0.020268
24.02	0.015331
24.025	0.010625
24.03	0.0061357
24.035	0.0018692
24.04	-0.0021851
24.045	-0.0060264
24.05	-0.0096623
24.055	-0.01309
24.06	-0.013321
24.065	-0.013621
24.07	-0.013799
24.075	-0.013953
24.08	-0.014173
24.085	-0.014276
24.09	-0.014443
24.095	-0.014497
24.1	-0.014616
24.105	-0.017974
24.11	-0.021104
24.115	-0.024096
24.12	-0.026788
24.125	-0.025676
24.13	-0.024515
24.135	-0.02338
24.14	-0.022344
24.145	-0.021257
24.15	-0.020197
24.155	-0.019231
24.16	-0.018219
24.165	-0.017231
24.17	-0.015223
24.175	-0.013311
24.18	-0.011493
24.185	-0.0097646
24.19	-0.0081265
24.195	-0.006574
24.2	-0.0051074
24.205	-0.0037222
24.21	-0.0024195
24.215	-0.0011932
24.22	-4.4962e-05
24.225	0.0010305
24.23	0.0020303
24.235	0.0001267
24.24	-0.0016305
24.245	-0.00325
24.25	-0.0046853
24.255	-0.0060406
24.26	-0.0072682
24.265	-0.0083739
24.27	-0.0093599
24.275	-0.0090414
24.28	-0.0086669
24.285	-0.0083217
24.29	-0.0079638
24.295	-0.007592
24.3	-0.0062253
24.305	-0.0048933
24.31	-0.0036702
24.315	-0.0025138
24.32	-0.0014237
24.325	-0.00039639
24.33	0.00060106
24.335	0.0015047
24.34	0.0023493
24.345	0.0031386
24.35	0.0038727
24.355	0.0045547
24.36	0.0052128
24.365	0.0057928
24.37	0.0063246
24.375	0.0068118
24.38	0.008204
24.385	0.0094627
24.39	0.01057
24.395	0.011579
24.4	0.011223
24.405	0.010902
24.41	0.010566
24.415	0.0088982
24.42	0.0073589
24.425	0.0059816
24.43	0.0047392
24.435	0.003608
24.44	0.0026186
24.445	0.0017473
24.45	0.0029462
24.455	0.0040515
24.46	0.0050368
24.465	0.0059383
24.47	0.0072009
24.475	0.0083198
24.48	0.0093159
24.485	0.010168
24.49	0.01091
24.495	0.011523
24.5	0.01116
24.505	0.0108
24.51	0.010439
24.515	0.0093601
24.52	0.0083837
24.525	0.0074929
24.53	0.0066847
24.535	0.005945
24.54	0.0052888
24.545	0.0047016
24.55	0.0041808
24.555	0.0044238
24.56	0.0046283
24.565	0.0047978
24.57	0.0049336
24.575	0.0050385
24.58	0.0051139
24.585	0.0050072
24.59	0.0048981
24.595	0.0047868
24.6	0.0046735
24.605	0.0045635
24.61	0.0044468
24.615	0.0042302
24.62	0.0040286
24.625	0.0038452
24.63	0.0036708
24.635	0.0034738
24.64	0.0032946
24.645	0.0031286
24.65	0.0029816
24.655	0.0028487
24.66	0.0027291
24.665	0.0027452
24.67	0.0027522
24.675	0.0027463
24.68	0.0027308
24.685	0.0027088
24.69	0.0026767
24.695	0.0026395
24.7	0.0026185
24.705	0.0025871
24.71	0.0025463
24.715	0.0024972
24.72	0.0023644
24.725	0.0022432
24.73	0.0021301
24.735	0.0020269
24.74	0.0019306
24.745	0.0018426
24.75	0.0017605
24.755	0.0016854
24.76	0.0016151
24.765	0.0015507
24.77	0.0015005
24.775	0.0014514
24.78	0.0014042
24.785	0.0013583
24.79	0.0013136
24.795	0.0012696
24.8	0.001227
24.805	0.0011853
24.81	0.0011468
24.815	0.0011084
24.82	0.0010697
24.825	0.0010314
24.83	0.00099315
24.835	0.00095505
24.84	0.0009171
24.845	0.00087934
24.85	0.00084178
24.855	0.00080562
24.86	0.00076928
24.865	0.0007327
24.87	0.00069612
24.875	0.00065955
24.88	0.00062108
24.885	0.00058374
24.89	0.00054736
24.895	0.00051174
24.9	0.00047676
24.905	0.00044233
24.91	0.00040775
24.915	0.00037387
24.92	0.00034046
24.925	0.00030739
24.93	0.00027453
24.935	0.00024201
24.94	0.00020932
24.945	0.00017651
24.95	0.0001436
24.955	0.00011063
24.96	7.7639e-05
24.965	4.4605e-05
24.97	1.1571e-05
24.975	-2.1429e-05
24.98	-5.4371e-05
24.985	-8.724e-05
24.99	-0.00012003
24.995	-0.00015272
25	-0.00018533
