0	-8.6084e-06
0.01	-3.2635e-05
0.02	-1.6922e-05
0.03	-2.9929e-05
0.04	6.6898e-06
0.05	-2.3278e-05
0.06	-1.7742e-05
0.07	-3.5666e-05
0.08	-1.4314e-05
0.09	-3.7527e-05
0.1	-2.0278e-05
0.11	-6.6035e-05
0.12	-0.00015655
0.13	-0.00016303
0.14	-4.0057e-05
0.15	0.00015591
0.16	0.00037573
0.17	0.00046331
0.18	0.00050145
0.19	0.00034712
0.2	4.1973e-05
0.21	-0.00025735
0.22	-0.00025843
0.23	-0.00031178
0.24	-0.00022173
0.25	-0.00044398
0.26	-0.0010022
0.27	-0.0016645
0.28	-0.001492
0.29	-0.00051573
0.3	0.00010755
0.31	0.0011638
0.32	0.0018219
0.33	0.0014933
0.34	0.00061016
0.35	-0.00068543
0.36	-0.0018057
0.37	-0.0018072
0.38	-0.00096778
0.39	-1.2664e-05
0.4	0.0010339
0.41	0.0015143
0.42	0.0010148
0.43	0.00025409
0.44	-0.00036723
0.45	-0.0011986
0.46	-0.0014641
0.47	-0.00074115
0.48	0.00025715
0.49	0.0016385
0.5	0.0020295
0.51	0.0001213
0.52	-0.0015611
0.53	-0.0029715
0.54	-0.0024157
0.55	-0.0020533
0.56	-0.0028441
0.57	-0.0020108
0.58	-0.00034989
0.59	0.00074499
0.6	0.0024721
0.61	0.0039877
0.62	0.0039638
0.63	0.0050325
0.64	0.0056356
0.65	0.0043298
0.66	0.0041963
0.67	0.0053094
0.68	0.0041517
0.69	0.0012182
0.7	-0.0026825
0.71	-0.0035781
0.72	-0.0020817
0.73	-0.00052461
0.74	0.0005754
0.75	-0.00045125
0.76	-0.0014823
0.77	0.00042004
0.78	-0.0014888
0.79	-0.0037974
0.8	-0.0037483
0.81	-0.0017006
0.82	0.0013264
0.83	0.0052845
0.84	0.0022932
0.85	-0.0013066
0.86	-0.00066884
0.87	0.0033223
0.88	0.0075146
0.89	0.0074751
0.9	0.0025681
0.91	0.00019619
0.92	-0.0015616
0.93	-0.0046837
0.94	-0.0060455
0.95	-0.0080563
0.96	-0.0047308
0.97	-0.0044335
0.98	-0.0090854
0.99	-0.01355
1	-0.011495
1.01	-0.0031392
1.02	0.00684
1.03	0.01047
1.04	0.012267
1.05	0.015975
1.06	0.022666
1.07	0.021536
1.08	0.012893
1.09	0.0045634
1.1	-0.0050727
1.11	-0.019277
1.12	-0.027169
1.13	-0.033044
1.14	-0.036887
1.15	-0.034845
1.16	-0.031385
1.17	-0.028883
1.18	-0.028804
1.19	-0.019908
1.2	-0.0059987
1.21	0.0024355
1.22	0.0089344
1.23	0.021483
1.24	0.025209
1.25	0.013677
1.26	0.0095343
1.27	0.020754
1.28	0.0225
1.29	0.010253
1.3	-0.0083462
1.31	-0.022864
1.32	-0.035972
1.33	-0.035313
1.34	-0.01858
1.35	-0.0019383
1.36	0.015292
1.37	0.032106
1.38	0.036144
1.39	0.018897
1.4	1.9046e-05
1.41	0.0043485
1.42	0.026682
1.43	0.041192
1.44	0.036837
1.45	0.024473
1.46	0.026093
1.47	0.029325
1.48	0.016652
1.49	-0.0033349
1.5	-0.015115
1.51	-0.012462
1.52	-0.0016413
1.53	0.0010629
1.54	0.0047292
1.55	0.015024
1.56	0.012579
1.57	0.00039145
1.58	-0.0010564
1.59	-0.0018824
1.6	-0.0076546
1.61	-0.026572
1.62	-0.054064
1.63	-0.077578
1.64	-0.082375
1.65	-0.068238
1.66	-0.040204
1.67	-0.013918
1.68	0.0037409
1.69	0.0013115
1.7	-0.0041761
1.71	0.0040722
1.72	0.018143
1.73	0.036648
1.74	0.048938
1.75	0.042176
1.76	0.037672
1.77	0.035897
1.78	0.032263
1.79	0.031046
1.8	0.042456
1.81	0.04006
1.82	0.03089
1.83	0.016866
1.84	-0.018562
1.85	-0.056421
1.86	-0.076507
1.87	-0.07032
1.88	-0.04811
1.89	-0.024171
1.9	-0.0066543
1.91	-0.00058785
1.92	-0.0033161
1.93	-0.017561
1.94	-0.023821
1.95	-0.020429
1.96	-0.019454
1.97	-0.01973
1.98	-0.010201
1.99	0.0076403
2	0.024835
2.01	0.019193
2.02	-0.0052337
2.03	-0.012264
2.04	-0.0062523
2.05	-0.011195
2.06	-0.028032
2.07	-0.036265
2.08	-0.034926
2.09	-0.026242
2.1	-0.0077217
2.11	0.014762
2.12	0.032839
2.13	0.047216
2.14	0.070475
2.15	0.082797
2.16	0.076131
2.17	0.061824
2.18	0.052965
2.19	0.035613
2.2	0.0056284
2.21	-0.022054
2.22	-0.011556
2.23	0.020071
2.24	0.017693
2.25	-0.008485
2.26	-0.032433
2.27	-0.062922
2.28	-0.09368
2.29	-0.099906
2.3	-0.092819
2.31	-0.071674
2.32	-0.047936
2.33	-0.029511
2.34	-0.010982
2.35	0.0047407
2.36	0.014326
2.37	0.016275
2.38	0.012904
2.39	0.0053501
2.4	0.011629
2.41	0.031589
2.42	0.044533
2.43	0.036315
2.44	0.026826
2.45	0.027509
2.46	0.041138
2.47	0.046007
2.48	0.048202
2.49	0.043367
2.5	0.023351
2.51	0.00073847
2.52	-0.0076153
2.53	-0.00046037
2.54	0.01201
2.55	0.023702
2.56	0.0090464
2.57	-0.026085
2.58	-0.056743
2.59	-0.078322
2.6	-0.080669
2.61	-0.06794
2.62	-0.039323
2.63	-0.0047811
2.64	0.028249
2.65	0.047848
2.66	0.039187
2.67	-0.00091592
2.68	-0.031252
2.69	-0.027297
2.7	-0.011506
2.71	-0.006946
2.72	-0.0013083
2.73	0.0045086
2.74	-0.0082726
2.75	-0.027114
2.76	-0.021035
2.77	0.00099232
2.78	0.015737
2.79	0.024965
2.8	0.032835
2.81	0.042592
2.82	0.040877
2.83	0.027927
2.84	0.022622
2.85	0.032325
2.86	0.042276
2.87	0.0481
2.88	0.04973
2.89	0.032666
2.9	0.0029375
2.91	-0.023687
2.92	-0.024747
2.93	-0.019186
2.94	-0.025042
2.95	-0.021514
2.96	0.0047586
2.97	0.041618
2.98	0.072506
2.99	0.081389
3	0.064282
3.01	0.031348
3.02	-0.013324
3.03	-0.050162
3.04	-0.083094
3.05	-0.1073
3.06	-0.11611
3.07	-0.10311
3.08	-0.075232
3.09	-0.044298
3.1	-0.0058326
3.11	-0.0044278
3.12	-0.025806
3.13	-0.012039
3.14	0.02219
3.15	0.030081
3.16	0.0098378
3.17	-0.018417
3.18	-0.043564
3.19	-0.047317
3.2	-0.01548
3.21	0.020858
3.22	0.026846
3.23	0.008483
3.24	-0.020328
3.25	-0.044578
3.26	-0.056446
3.27	-0.050233
3.28	-0.021916
3.29	0.027602
3.3	0.068691
3.31	0.070499
3.32	0.055335
3.33	0.053061
3.34	0.04999
3.35	0.043566
3.36	0.035482
3.37	0.037221
3.38	0.019247
3.39	-0.03495
3.4	-0.081047
3.41	-0.081496
3.42	-0.043264
3.43	-0.01013
3.44	0.0033218
3.45	0.02479
3.46	0.059304
3.47	0.079851
3.48	0.073999
3.49	0.057539
3.5	0.052678
3.51	0.053447
3.52	0.06153
3.53	0.072553
3.54	0.069031
3.55	0.0583
3.56	0.055383
3.57	0.055208
3.58	0.052646
3.59	0.046156
3.6	0.035516
3.61	0.021916
3.62	0.016387
3.63	0.023359
3.64	0.038951
3.65	0.049406
3.66	0.044549
3.67	0.020838
3.68	-0.0027147
3.69	-0.020386
3.7	-0.01931
3.71	0.0063682
3.72	0.052096
3.73	0.090433
3.74	0.10225
3.75	0.073237
3.76	0.033114
3.77	0.014528
3.78	0.0064732
3.79	-0.015857
3.8	-0.066038
3.81	-0.12531
3.82	-0.16624
3.83	-0.19361
3.84	-0.2269
3.85	-0.24927
3.86	-0.24869
3.87	-0.21988
3.88	-0.15362
3.89	-0.054217
3.9	0.03164
3.91	0.083038
3.92	0.11062
3.93	0.13799
3.94	0.16536
3.95	0.17792
3.96	0.15388
3.97	0.069304
3.98	-0.025618
3.99	-0.088175
4	-0.07714
4.01	-0.0026349
4.02	0.11803
4.03	0.18798
4.04	0.20467
4.05	0.20318
4.06	0.19429
4.07	0.19643
4.08	0.20792
4.09	0.21931
4.1	0.21172
4.11	0.16699
4.12	0.081271
4.13	-0.010115
4.14	-0.071954
4.15	-0.096006
4.16	-0.087398
4.17	-0.052965
4.18	-0.015387
4.19	0.011752
4.2	0.0050807
4.21	-0.020352
4.22	-0.057111
4.23	-0.080666
4.24	-0.065262
4.25	-0.081634
4.26	-0.12869
4.27	-0.19821
4.28	-0.28484
4.29	-0.36682
4.3	-0.45264
4.31	-0.48549
4.32	-0.45873
4.33	-0.36692
4.34	-0.2233
4.35	-0.012728
4.36	0.22108
4.37	0.35967
4.38	0.35141
4.39	0.29512
4.4	0.19373
4.41	0.077862
4.42	0.011732
4.43	0.018778
4.44	0.05579
4.45	0.11205
4.46	0.14716
4.47	0.13417
4.48	0.088723
4.49	0.064742
4.5	0.085894
4.51	0.10223
4.52	0.082778
4.53	0.026565
4.54	-0.089171
4.55	-0.17226
4.56	-0.18205
4.57	-0.16063
4.58	-0.11269
4.59	-0.047352
4.6	-0.0007188
4.61	0.0058042
4.62	-0.029684
4.63	-0.10082
4.64	-0.16168
4.65	-0.16377
4.66	-0.099384
4.67	0.05102
4.68	0.1933
4.69	0.26058
4.7	0.25453
4.71	0.18827
4.72	0.10983
4.73	0.072744
4.74	0.056315
4.75	0.029074
4.76	-0.037173
4.77	-0.11709
4.78	-0.16324
4.79	-0.14245
4.8	-0.055923
4.81	-0.0069809
4.82	-0.066482
4.83	-0.149
4.84	-0.19752
4.85	-0.1718
4.86	-0.083919
4.87	0.0042875
4.88	0.087308
4.89	0.13894
4.9	0.14359
4.91	0.17929
4.92	0.20484
4.93	0.18349
4.94	0.12453
4.95	0.064888
4.96	0.0090184
4.97	-0.045231
4.98	-0.10691
4.99	-0.15624
5	-0.17354
5.01	-0.12608
5.02	-0.063346
5.03	0.0035249
5.04	0.0031047
5.05	-0.062412
5.06	-0.093334
5.07	-0.058962
5.08	0.0040776
5.09	0.10737
5.1	0.18997
5.11	0.17429
5.12	0.086498
5.13	-0.041002
5.14	-0.13017
5.15	-0.16222
5.16	-0.1443
5.17	-0.10542
5.18	-0.046784
5.19	0.019037
5.2	0.079971
5.21	0.095281
5.22	0.072836
5.23	0.022459
5.24	-0.039454
5.25	-0.087695
5.26	-0.083998
5.27	-0.057917
5.28	-0.015352
5.29	0.037172
5.3	0.066127
5.31	0.061408
5.32	0.041289
5.33	0.035709
5.34	0.03675
5.35	0.033594
5.36	0.028488
5.37	0.021405
5.38	0.016285
5.39	0.010544
5.4	0.0037281
5.41	0.0050541
5.42	0.021478
5.43	0.066391
5.44	0.10738
5.45	0.11575
5.46	0.099594
5.47	0.070793
5.48	0.047078
5.49	0.017051
5.5	-0.052587
5.51	-0.15618
5.52	-0.23288
5.53	-0.26225
5.54	-0.25487
5.55	-0.24737
5.56	-0.25789
5.57	-0.28485
5.58	-0.314
5.59	-0.33232
5.6	-0.33326
5.61	-0.31597
5.62	-0.27273
5.63	-0.19928
5.64	-0.11308
5.65	0.0035895
5.66	0.10242
5.67	0.15279
5.68	0.1489
5.69	0.11876
5.7	0.11189
5.71	0.12034
5.72	0.14437
5.73	0.2066
5.74	0.31625
5.75	0.40207
5.76	0.46258
5.77	0.48072
5.78	0.45082
5.79	0.39544
5.8	0.26268
5.81	0.097816
5.82	-0.022804
5.83	-0.070357
5.84	-0.079891
5.85	-0.11114
5.86	-0.17745
5.87	-0.23023
5.88	-0.22899
5.89	-0.20703
5.9	-0.14218
5.91	-0.10547
5.92	-0.10223
5.93	-0.11118
5.94	-0.1102
5.95	-0.092441
5.96	0.0058572
5.97	0.16897
5.98	0.33531
5.99	0.41517
6	0.43022
6.01	0.38869
6.02	0.26703
6.03	0.11322
6.04	0.0057098
6.05	-0.078603
6.06	-0.1289
6.07	-0.1347
6.08	-0.14019
6.09	-0.17265
6.1	-0.26677
6.11	-0.41053
6.12	-0.50657
6.13	-0.51459
6.14	-0.45413
6.15	-0.24582
6.16	0.091746
6.17	0.29999
6.18	0.38283
6.19	0.40827
6.2	0.40085
6.21	0.362
6.22	0.31058
6.23	0.24963
6.24	0.17675
6.25	0.018993
6.26	-0.17222
6.27	-0.28636
6.28	-0.33495
6.29	-0.3345
6.3	-0.2615
6.31	-0.09194
6.32	0.17138
6.33	0.30296
6.34	0.31619
6.35	0.31162
6.36	0.27598
6.37	0.23788
6.38	0.19344
6.39	0.1265
6.4	0.019137
6.41	-0.10499
6.42	-0.25918
6.43	-0.37271
6.44	-0.3886
6.45	-0.28341
6.46	-0.049136
6.47	0.2314
6.48	0.42075
6.49	0.51121
6.5	0.49699
6.51	0.43721
6.52	0.27421
6.53	0.037116
6.54	-0.18533
6.55	-0.3247
6.56	-0.40702
6.57	-0.4373
6.58	-0.41873
6.59	-0.34969
6.6	-0.27466
6.61	-0.25084
6.62	-0.26778
6.63	-0.32935
6.64	-0.39266
6.65	-0.40965
6.66	-0.36479
6.67	-0.23434
6.68	0.0039872
6.69	0.17793
6.7	0.19391
6.71	0.13581
6.72	0.052693
6.73	0.029886
6.74	0.078543
6.75	0.19042
6.76	0.33142
6.77	0.40863
6.78	0.42742
6.79	0.41187
6.8	0.38605
6.81	0.3391
6.82	0.26098
6.83	0.14417
6.84	0.011931
6.85	-0.11999
6.86	-0.224
6.87	-0.32372
6.88	-0.41839
6.89	-0.47478
6.9	-0.51439
6.91	-0.52781
6.92	-0.51835
6.93	-0.49371
6.94	-0.47532
6.95	-0.46416
6.96	-0.4524
6.97	-0.40729
6.98	-0.32543
6.99	-0.22213
7	-0.10717
7.01	0.023453
7.02	0.12068
7.03	0.17203
7.04	0.20208
7.05	0.23486
7.06	0.30236
7.07	0.38398
7.08	0.45115
7.09	0.51559
7.1	0.56977
7.11	0.58778
7.12	0.60336
7.13	0.61481
7.14	0.59827
7.15	0.55235
7.16	0.48534
7.17	0.34158
7.18	0.12539
7.19	-0.013128
7.2	-0.059638
7.21	-0.046804
7.22	-0.013728
7.23	0.021047
7.24	0.026859
7.25	0.0061368
7.26	-0.014737
7.27	-0.028548
7.28	-0.039631
7.29	-0.060963
7.3	-0.11125
7.31	-0.18732
7.32	-0.28519
7.33	-0.35545
7.34	-0.36796
7.35	-0.31336
7.36	-0.1538
7.37	0.032577
7.38	0.11647
7.39	0.13889
7.4	0.15734
7.41	0.16735
7.42	0.17944
7.43	0.20378
7.44	0.23407
7.45	0.27584
7.46	0.31286
7.47	0.32315
7.48	0.29143
7.49	0.24179
7.5	0.1759
7.51	0.086592
7.52	-0.0054292
7.53	-0.16658
7.54	-0.30486
7.55	-0.37035
7.56	-0.42529
7.57	-0.44764
7.58	-0.41922
7.59	-0.3449
7.6	-0.26894
7.61	-0.20904
7.62	-0.1456
7.63	-0.11417
7.64	-0.1589
7.65	-0.21176
7.66	-0.21796
7.67	-0.18735
7.68	-0.17325
7.69	-0.20664
7.7	-0.26778
7.71	-0.33671
7.72	-0.38698
7.73	-0.41831
7.74	-0.44507
7.75	-0.4387
7.76	-0.38319
7.77	-0.25118
7.78	-0.091958
7.79	-0.034095
7.8	-0.056447
7.81	-0.10439
7.82	-0.13403
7.83	-0.11879
7.84	-0.04663
7.85	0.013704
7.86	0.057585
7.87	0.085193
7.88	0.086274
7.89	0.10354
7.9	0.14797
7.91	0.20942
7.92	0.31262
7.93	0.39525
7.94	0.42669
7.95	0.42484
7.96	0.38881
7.97	0.30473
7.98	0.15821
7.99	0.021581
8	-0.041746
8.01	-0.053468
8.02	-0.0227
8.03	0.039596
8.04	0.091242
8.05	0.11354
8.06	0.13164
8.07	0.15883
8.08	0.19089
8.09	0.1752
8.1	0.11431
8.11	0.0068031
8.12	-0.08451
8.13	-0.12125
8.14	-0.12697
8.15	-0.10689
8.16	-0.083483
8.17	-0.051278
8.18	0.023742
8.19	0.15511
8.2	0.27799
8.21	0.36236
8.22	0.42063
8.23	0.46082
8.24	0.4839
8.25	0.46493
8.26	0.3531
8.27	0.17202
8.28	-0.029141
8.29	-0.26132
8.3	-0.40104
8.31	-0.46665
8.32	-0.50756
8.33	-0.51202
8.34	-0.49334
8.35	-0.3968
8.36	-0.18595
8.37	0.082935
8.38	0.30268
8.39	0.40096
8.4	0.40698
8.41	0.35097
8.42	0.26635
8.43	0.18495
8.44	0.10614
8.45	0.024896
8.46	-0.031782
8.47	-0.062192
8.48	-0.058939
8.49	-0.036708
8.5	0.00089915
8.51	0.0054219
8.52	-0.057724
8.53	-0.19743
8.54	-0.32808
8.55	-0.39675
8.56	-0.42312
8.57	-0.42447
8.58	-0.4015
8.59	-0.3551
8.6	-0.28097
8.61	-0.15995
8.62	-0.038074
8.63	0.03253
8.64	0.091242
8.65	0.14588
8.66	0.25243
8.67	0.3892
8.68	0.51552
8.69	0.59357
8.7	0.60091
8.71	0.56554
8.72	0.5129
8.73	0.41979
8.74	0.34061
8.75	0.29608
8.76	0.26353
8.77	0.24797
8.78	0.24128
8.79	0.22632
8.8	0.19689
8.81	0.12648
8.82	0.036437
8.83	-0.046308
8.84	-0.12344
8.85	-0.15672
8.86	-0.15862
8.87	-0.12998
8.88	-0.084735
8.89	-0.057875
8.9	-0.060639
8.91	-0.081996
8.92	-0.10109
8.93	-0.099985
8.94	-0.06873
8.95	-0.007117
8.96	0.040768
8.97	0.031132
8.98	-0.046149
8.99	-0.19276
9	-0.33152
9.01	-0.42798
9.02	-0.48829
9.03	-0.52523
9.04	-0.52555
9.05	-0.48565
9.06	-0.41527
9.07	-0.36074
9.08	-0.32464
9.09	-0.29663
9.1	-0.26696
9.11	-0.22256
9.12	-0.17396
9.13	-0.12542
9.14	-0.089252
9.15	-0.055383
9.16	-0.034674
9.17	-0.005466
9.18	0.02885
9.19	0.057765
9.2	0.086591
9.21	0.10118
9.22	0.079943
9.23	0.022478
9.24	-0.049082
9.25	-0.11425
9.26	-0.15154
9.27	-0.15244
9.28	-0.14347
9.29	-0.13122
9.3	-0.12422
9.31	-0.12044
9.32	-0.11066
9.33	-0.077117
9.34	-0.032462
9.35	0.032002
9.36	0.11415
9.37	0.19996
9.38	0.28019
9.39	0.34913
9.4	0.37858
9.41	0.38079
9.42	0.38147
9.43	0.39317
9.44	0.41513
9.45	0.45592
9.46	0.49041
9.47	0.48849
9.48	0.46389
9.49	0.38268
9.5	0.27584
9.51	0.17409
9.52	0.10745
9.53	0.098611
9.54	0.13976
9.55	0.22299
9.56	0.30793
9.57	0.35894
9.58	0.37151
9.59	0.33244
9.6	0.25687
9.61	0.12206
9.62	-0.013265
9.63	-0.091337
9.64	-0.094203
9.65	-0.064542
9.66	0.047047
9.67	0.18031
9.68	0.2967
9.69	0.36555
9.7	0.37069
9.71	0.32179
9.72	0.1903
9.73	-0.023184
9.74	-0.24481
9.75	-0.42712
9.76	-0.52779
9.77	-0.56659
9.78	-0.56709
9.79	-0.53444
9.8	-0.48628
9.81	-0.42373
9.82	-0.34297
9.83	-0.27406
9.84	-0.24662
9.85	-0.23213
9.86	-0.22994
9.87	-0.23383
9.88	-0.25844
9.89	-0.29605
9.9	-0.33693
9.91	-0.34168
9.92	-0.31419
9.93	-0.23055
9.94	-0.13225
9.95	-0.036087
9.96	0.037757
9.97	0.044812
9.98	-0.0083121
9.99	-0.074794
10	-0.12272
10.01	-0.12949
10.02	-0.096176
10.03	-0.0066604
10.04	0.10559
10.05	0.20252
10.06	0.24409
10.07	0.24704
10.08	0.22755
10.09	0.1691
10.1	0.086337
10.11	0.0056335
10.12	-0.066128
10.13	-0.098052
10.14	-0.10263
10.15	-0.095685
10.16	-0.083597
10.17	-0.07336
10.18	-0.075621
10.19	-0.094292
10.2	-0.11068
10.21	-0.10859
10.22	-0.068874
10.23	-0.0030494
10.24	0.072655
10.25	0.14492
10.26	0.18082
10.27	0.18584
10.28	0.17304
10.29	0.13695
10.3	0.086391
10.31	0.039048
10.32	0.0094114
10.33	0.012648
10.34	0.04291
10.35	0.08091
10.36	0.10604
10.37	0.10172
10.38	0.074374
10.39	0.027269
10.4	-0.020276
10.41	-0.051519
10.42	-0.048579
10.43	-0.012509
10.44	0.043914
10.45	0.074062
10.46	0.065967
10.47	0.020067
10.48	-0.048598
10.49	-0.11639
10.5	-0.1728
10.51	-0.19531
10.52	-0.19717
10.53	-0.17053
10.54	-0.11127
10.55	-0.023807
10.56	0.06563
10.57	0.14609
10.58	0.20245
10.59	0.23888
10.6	0.26097
10.61	0.28264
10.62	0.29513
10.63	0.28789
10.64	0.25164
10.65	0.20784
10.66	0.17276
10.67	0.1446
10.68	0.12722
10.69	0.12118
10.7	0.12056
10.71	0.13095
10.72	0.1325
10.73	0.11698
10.74	0.10608
10.75	0.10317
10.76	0.10424
10.77	0.10456
10.78	0.093338
10.79	0.053585
10.8	-0.017311
10.81	-0.088037
10.82	-0.15794
10.83	-0.22438
10.84	-0.2623
10.85	-0.27309
10.86	-0.2371
10.87	-0.16306
10.88	-0.054262
10.89	0.057235
10.9	0.11797
10.91	0.12854
10.92	0.099553
10.93	-0.0080229
10.94	-0.12525
10.95	-0.24058
10.96	-0.33557
10.97	-0.37803
10.98	-0.39268
10.99	-0.40396
11	-0.41854
11.01	-0.43777
11.02	-0.45329
11.03	-0.44915
11.04	-0.42292
11.05	-0.37092
11.06	-0.28865
11.07	-0.20511
11.08	-0.14979
11.09	-0.11301
11.1	-0.080666
11.11	-0.047029
11.12	-0.011353
11.13	0.032975
11.14	0.098462
11.15	0.19213
11.16	0.26737
11.17	0.31145
11.18	0.33972
11.19	0.36137
11.2	0.38175
11.21	0.39917
11.22	0.40666
11.23	0.40429
11.24	0.37948
11.25	0.32745
11.26	0.25462
11.27	0.17431
11.28	0.10528
11.29	0.03311
11.3	-0.024713
11.31	-0.075279
11.32	-0.10348
11.33	-0.12638
11.34	-0.16109
11.35	-0.19551
11.36	-0.22054
11.37	-0.24517
11.38	-0.27721
11.39	-0.30961
11.4	-0.35213
11.41	-0.39305
11.42	-0.41363
11.43	-0.42204
11.44	-0.42453
11.45	-0.41693
11.46	-0.39432
11.47	-0.34438
11.48	-0.26855
11.49	-0.1691
11.5	-0.096454
11.51	-0.07079
11.52	-0.065134
11.53	-0.061828
11.54	-0.046013
11.55	-0.0023386
11.56	0.090961
11.57	0.18162
11.58	0.25394
11.59	0.30714
11.6	0.32444
11.61	0.3204
11.62	0.28972
11.63	0.23912
11.64	0.14912
11.65	0.035762
11.66	-0.076545
11.67	-0.17407
11.68	-0.22364
11.69	-0.22675
11.7	-0.20687
11.71	-0.15486
11.72	-0.067171
11.73	0.05327
11.74	0.13389
11.75	0.20125
11.76	0.24326
11.77	0.26446
11.78	0.27716
11.79	0.28603
11.8	0.28716
11.81	0.27177
11.82	0.24124
11.83	0.19152
11.84	0.1185
11.85	0.056931
11.86	0.030745
11.87	0.026969
11.88	0.050742
11.89	0.097148
11.9	0.13533
11.91	0.13942
11.92	0.11056
11.93	0.061871
11.94	0.042898
11.95	0.048424
11.96	0.064227
11.97	0.07991
11.98	0.064802
11.99	0.024908
12	-0.030896
12.01	-0.092898
12.02	-0.12258
12.03	-0.12139
12.04	-0.09194
12.05	-0.025234
12.06	0.046605
12.07	0.092177
12.08	0.11246
12.09	0.11746
12.1	0.11657
12.11	0.11499
12.12	0.11329
12.13	0.1107
12.14	0.11221
12.15	0.11557
12.16	0.12368
12.17	0.13483
12.18	0.13979
12.19	0.13825
12.2	0.13413
12.21	0.12124
12.22	0.11067
12.23	0.10839
12.24	0.11035
12.25	0.11824
12.26	0.12831
12.27	0.15004
12.28	0.17125
12.29	0.19369
12.3	0.2146
12.31	0.23389
12.32	0.24503
12.33	0.25347
12.34	0.25337
12.35	0.2387
12.36	0.19006
12.37	0.12081
12.38	0.053214
12.39	-0.012242
12.4	-0.078638
12.41	-0.13914
12.42	-0.1793
12.43	-0.19827
12.44	-0.20789
12.45	-0.20698
12.46	-0.19617
12.47	-0.16629
12.48	-0.10952
12.49	-0.037866
12.5	0.020669
12.51	0.046573
12.52	0.051405
12.53	0.052479
12.54	0.057929
12.55	0.070837
12.56	0.090028
12.57	0.11209
12.58	0.1268
12.59	0.14281
12.6	0.15949
12.61	0.17581
12.62	0.18537
12.63	0.19597
12.64	0.1987
12.65	0.17917
12.66	0.14022
12.67	0.082971
12.68	0.021483
12.69	-0.011002
12.7	-0.029346
12.71	-0.037219
12.72	-0.026768
12.73	-0.0059659
12.74	0.013271
12.75	0.017132
12.76	0.013335
12.77	-0.0025997
12.78	-0.025386
12.79	-0.041039
12.8	-0.056325
12.81	-0.064649
12.82	-0.072243
12.83	-0.079703
12.84	-0.076927
12.85	-0.06438
12.86	-0.048699
12.87	-0.032477
12.88	-0.021962
12.89	-0.012485
12.9	0.0017651
12.91	0.025389
12.92	0.044859
12.93	0.054805
12.94	0.052708
12.95	0.033866
12.96	-0.0072868
12.97	-0.050861
12.98	-0.093723
12.99	-0.12431
13	-0.13523
13.01	-0.13896
13.02	-0.13784
13.03	-0.12979
13.04	-0.12677
13.05	-0.12359
13.06	-0.11948
13.07	-0.11149
13.08	-0.097833
13.09	-0.076389
13.1	-0.049218
13.11	-0.016648
13.12	0.0085081
13.13	0.016441
13.14	0.00071417
13.15	-0.02785
13.16	-0.072373
13.17	-0.12045
13.18	-0.16223
13.19	-0.17714
13.2	-0.1769
13.21	-0.17835
13.22	-0.17554
13.23	-0.17574
13.24	-0.179
13.25	-0.17395
13.26	-0.16071
13.27	-0.14689
13.28	-0.13504
13.29	-0.13352
13.3	-0.14108
13.31	-0.15024
13.32	-0.15765
13.33	-0.16301
13.34	-0.16534
13.35	-0.1625
13.36	-0.15098
13.37	-0.14184
13.38	-0.13424
13.39	-0.13355
13.4	-0.12669
13.41	-0.11219
13.42	-0.09147
13.43	-0.064807
13.44	-0.043564
13.45	-0.041222
13.46	-0.061023
13.47	-0.11026
13.48	-0.16186
13.49	-0.21447
13.5	-0.26127
13.51	-0.28987
13.52	-0.2974
13.53	-0.29712
13.54	-0.2828
13.55	-0.25351
13.56	-0.19824
13.57	-0.10938
13.58	-0.0086048
13.59	0.04617
13.6	0.065065
13.61	0.067369
13.62	0.051745
13.63	0.026719
13.64	-0.0002962
13.65	-0.022342
13.66	-0.036277
13.67	-0.042483
13.68	-0.039959
13.69	-0.02524
13.7	0.0044976
13.71	0.052374
13.72	0.096637
13.73	0.12437
13.74	0.13859
13.75	0.13887
13.76	0.13175
13.77	0.1189
13.78	0.10665
13.79	0.10071
13.8	0.10353
13.81	0.1002
13.82	0.076611
13.83	0.031684
13.84	-0.01318
13.85	-0.033522
13.86	-0.031681
13.87	-0.016888
13.88	0.0062799
13.89	0.030365
13.9	0.041657
13.91	0.039584
13.92	0.021557
13.93	-0.015363
13.94	-0.052019
13.95	-0.081542
13.96	-0.10422
13.97	-0.11724
13.98	-0.11675
13.99	-0.098064
14	-0.052253
14.01	0.016255
14.02	0.087998
14.03	0.1325
14.04	0.14917
14.05	0.14561
14.06	0.13084
14.07	0.11801
14.08	0.10865
14.09	0.097674
14.1	0.088559
14.11	0.087885
14.12	0.10051
14.13	0.12903
14.14	0.16007
14.15	0.17763
14.16	0.17926
14.17	0.17303
14.18	0.16807
14.19	0.15433
14.2	0.1345
14.21	0.12419
14.22	0.11732
14.23	0.11015
14.24	0.09238
14.25	0.060119
14.26	0.012258
14.27	-0.041946
14.28	-0.090919
14.29	-0.12394
14.3	-0.13442
14.31	-0.13051
14.32	-0.10938
14.33	-0.070724
14.34	-0.030494
14.35	-0.0017249
14.36	0.012439
14.37	0.0043984
14.38	-0.017343
14.39	-0.03754
14.4	-0.048328
14.41	-0.049809
14.42	-0.045732
14.43	-0.042362
14.44	-0.046081
14.45	-0.062062
14.46	-0.080485
14.47	-0.092277
14.48	-0.091959
14.49	-0.077622
14.5	-0.046638
14.51	9.5643e-06
14.52	0.047184
14.53	0.084191
14.54	0.10575
14.55	0.11362
14.56	0.11434
14.57	0.11381
14.58	0.11251
14.59	0.099583
14.6	0.068228
14.61	0.037601
14.62	0.013724
14.63	-0.0017824
14.64	-0.012066
14.65	-0.017135
14.66	-0.013254
14.67	-0.0068369
14.68	0.0045287
14.69	0.0094615
14.7	0.0098456
14.71	0.0083283
14.72	-0.0045983
14.73	-0.03053
14.74	-0.074084
14.75	-0.11664
14.76	-0.15587
14.77	-0.17626
14.78	-0.18108
14.79	-0.18274
14.8	-0.18084
14.81	-0.17352
14.82	-0.16318
14.83	-0.15111
14.84	-0.13422
14.85	-0.10315
14.86	-0.06321
14.87	-0.014313
14.88	0.028193
14.89	0.054133
14.9	0.07224
14.91	0.085561
14.92	0.099823
14.93	0.10773
14.94	0.10537
14.95	0.1004
14.96	0.084173
14.97	0.067722
14.98	0.056176
14.99	0.056107
15	0.062294
15.01	0.068759
15.02	0.079151
15.03	0.093843
15.04	0.11211
15.05	0.13393
15.06	0.16163
15.07	0.1906
15.08	0.21205
15.09	0.21549
15.1	0.20139
15.11	0.16152
15.12	0.093502
15.13	0.027476
15.14	-0.014005
15.15	-0.026051
15.16	-0.022812
15.17	-0.012303
15.18	-0.0026072
15.19	-0.0035571
15.2	-0.014699
15.21	-0.026358
15.22	-0.02834
15.23	-0.027941
15.24	-0.024844
15.25	-0.028392
15.26	-0.034448
15.27	-0.043908
15.28	-0.054537
15.29	-0.066383
15.3	-0.077007
15.31	-0.091182
15.32	-0.098878
15.33	-0.10168
15.34	-0.088694
15.35	-0.070024
15.36	-0.048277
15.37	-0.037582
15.38	-0.037193
15.39	-0.036594
15.4	-0.033337
15.41	-0.020196
15.42	-0.0081455
15.43	0.0042674
15.44	0.012494
15.45	0.022388
15.46	0.035214
15.47	0.054042
15.48	0.08387
15.49	0.11482
15.5	0.13898
15.51	0.15435
15.52	0.16441
15.53	0.16785
15.54	0.16341
15.55	0.15692
15.56	0.15317
15.57	0.15002
15.58	0.13466
15.59	0.10831
15.6	0.074839
15.61	0.043946
15.62	0.01504
15.63	-0.0126
15.64	-0.057986
15.65	-0.1054
15.66	-0.1266
15.67	-0.12399
15.68	-0.10286
15.69	-0.068148
15.7	-0.020717
15.71	0.010269
15.72	0.022255
15.73	0.030623
15.74	0.03787
15.75	0.038154
15.76	0.02992
15.77	0.012941
15.78	-0.011645
15.79	-0.023698
15.8	-0.024282
15.81	-0.024837
15.82	-0.022548
15.83	-0.020851
15.84	-0.031622
15.85	-0.048343
15.86	-0.060635
15.87	-0.067109
15.88	-0.065495
15.89	-0.057298
15.9	-0.033214
15.91	0.0064797
15.92	0.069587
15.93	0.12428
15.94	0.15258
15.95	0.16445
15.96	0.16192
15.97	0.15358
15.98	0.14417
15.99	0.14098
16	0.13934
16.01	0.1447
16.02	0.1419
16.03	0.14434
16.04	0.14561
16.05	0.14499
16.06	0.15128
16.07	0.16187
16.08	0.16662
16.09	0.16922
16.1	0.16271
16.11	0.1437
16.12	0.090847
16.13	0.025998
16.14	-0.033831
16.15	-0.094793
16.16	-0.13751
16.17	-0.14431
16.18	-0.13912
16.19	-0.12843
16.2	-0.10392
16.21	-0.078451
16.22	-0.060823
16.23	-0.044934
16.24	-0.032568
16.25	-0.030283
16.26	-0.03023
16.27	-0.028065
16.28	-0.018784
16.29	-0.0049708
16.3	0.01388
16.31	0.030792
16.32	0.04242
16.33	0.053542
16.34	0.059747
16.35	0.062369
16.36	0.065546
16.37	0.064999
16.38	0.063114
16.39	0.061948
16.4	0.064567
16.41	0.066939
16.42	0.070947
16.43	0.077365
16.44	0.08267
16.45	0.081099
16.46	0.066213
16.47	0.040565
16.48	0.0065174
16.49	-0.040628
16.5	-0.077944
16.51	-0.095805
16.52	-0.10354
16.53	-0.11005
16.54	-0.11402
16.55	-0.1218
16.56	-0.12995
16.57	-0.13175
16.58	-0.13541
16.59	-0.13927
16.6	-0.14089
16.61	-0.14046
16.62	-0.13866
16.63	-0.14619
16.64	-0.16016
16.65	-0.17229
16.66	-0.18597
16.67	-0.19536
16.68	-0.20077
16.69	-0.19942
16.7	-0.1952
16.71	-0.18159
16.72	-0.16127
16.73	-0.13225
16.74	-0.097075
16.75	-0.069743
16.76	-0.056034
16.77	-0.056911
16.78	-0.078555
16.79	-0.10601
16.8	-0.14126
16.81	-0.16944
16.82	-0.19828
16.83	-0.22015
16.84	-0.2313
16.85	-0.2369
16.86	-0.23108
16.87	-0.22314
16.88	-0.19489
16.89	-0.14467
16.9	-0.060901
16.91	0.023796
16.92	0.10642
16.93	0.16393
16.94	0.2028
16.95	0.22697
16.96	0.24824
16.97	0.26893
16.98	0.28868
16.99	0.30449
17	0.31057
17.01	0.30214
17.02	0.27427
17.03	0.2352
17.04	0.18335
17.05	0.13082
17.06	0.10316
17.07	0.081404
17.08	0.053024
17.09	0.016123
17.1	-0.020282
17.11	-0.05733
17.12	-0.082722
17.13	-0.094316
17.14	-0.096441
17.15	-0.085336
17.16	-0.058919
17.17	-0.012056
17.18	0.034119
17.19	0.067406
17.2	0.090292
17.21	0.09931
17.22	0.098907
17.23	0.097022
17.24	0.092533
17.25	0.079776
17.26	0.065498
17.27	0.047163
17.28	0.027397
17.29	0.014001
17.3	0.010495
17.31	0.025341
17.32	0.052591
17.33	0.079462
17.34	0.099054
17.35	0.11328
17.36	0.11295
17.37	0.096567
17.38	0.072387
17.39	0.038666
17.4	0.010769
17.41	-0.01216
17.42	-0.027311
17.43	-0.039914
17.44	-0.051265
17.45	-0.065583
17.46	-0.083549
17.47	-0.10402
17.48	-0.11773
17.49	-0.11639
17.5	-0.10275
17.51	-0.077807
17.52	-0.049506
17.53	-0.038721
17.54	-0.046724
17.55	-0.07165
17.56	-0.095258
17.57	-0.11638
17.58	-0.12887
17.59	-0.12647
17.6	-0.10923
17.61	-0.08985
17.62	-0.074293
17.63	-0.078622
17.64	-0.094733
17.65	-0.11258
17.66	-0.12477
17.67	-0.12954
17.68	-0.13261
17.69	-0.12741
17.7	-0.11599
17.71	-0.10105
17.72	-0.091723
17.73	-0.089519
17.74	-0.087891
17.75	-0.08271
17.76	-0.073786
17.77	-0.060073
17.78	-0.043923
17.79	-0.022641
17.8	0.0080084
17.81	0.047139
17.82	0.076837
17.83	0.099066
17.84	0.10655
17.85	0.099947
17.86	0.087587
17.87	0.078506
17.88	0.071438
17.89	0.068093
17.9	0.065792
17.91	0.060522
17.92	0.053448
17.93	0.034263
17.94	0.0048675
17.95	-0.030366
17.96	-0.057334
17.97	-0.077697
17.98	-0.084816
17.99	-0.086333
18	-0.084929
18.01	-0.088406
18.02	-0.094171
18.03	-0.098083
18.04	-0.096255
18.05	-0.087128
18.06	-0.063039
18.07	-0.031615
18.08	-0.0074322
18.09	0.009647
18.1	0.018531
18.11	0.021687
18.12	0.024028
18.13	0.032641
18.14	0.042863
18.15	0.054214
18.16	0.062224
18.17	0.064974
18.18	0.061014
18.19	0.05991
18.2	0.064115
18.21	0.070078
18.22	0.082603
18.23	0.093935
18.24	0.097183
18.25	0.093279
18.26	0.083148
18.27	0.06807
18.28	0.054502
18.29	0.041813
18.3	0.028406
18.31	0.017821
18.32	0.0058277
18.33	0.00054886
18.34	0.0050639
18.35	0.014724
18.36	0.031218
18.37	0.047937
18.38	0.058172
18.39	0.06064
18.4	0.061811
18.41	0.059616
18.42	0.05772
18.43	0.05295
18.44	0.03881
18.45	0.017006
18.46	-0.014078
18.47	-0.045409
18.48	-0.067689
18.49	-0.073908
18.5	-0.067354
18.51	-0.053073
18.52	-0.036831
18.53	-0.026694
18.54	-0.025474
18.55	-0.028363
18.56	-0.031878
18.57	-0.030263
18.58	-0.018921
18.59	-0.0078631
18.6	0.0012004
18.61	0.0053606
18.62	0.0053079
18.63	0.00094896
18.64	-0.017704
18.65	-0.033567
18.66	-0.04504
18.67	-0.063513
18.68	-0.087134
18.69	-0.10214
18.7	-0.11834
18.71	-0.13308
18.72	-0.14204
18.73	-0.14146
18.74	-0.13337
18.75	-0.11823
18.76	-0.10041
18.77	-0.081521
18.78	-0.06863
18.79	-0.061419
18.8	-0.056815
18.81	-0.05448
18.82	-0.05972
18.83	-0.05562
18.84	-0.048232
18.85	-0.031572
18.86	-0.0065357
18.87	0.022053
18.88	0.048383
18.89	0.070937
18.9	0.083198
18.91	0.093309
18.92	0.095952
18.93	0.10187
18.94	0.10504
18.95	0.10625
18.96	0.097805
18.97	0.092752
18.98	0.078094
18.99	0.063591
19	0.052704
19.01	0.046456
19.02	0.044063
19.03	0.030539
19.04	0.026722
19.05	0.030355
19.06	0.0333
19.07	0.037969
19.08	0.040595
19.09	0.042499
19.1	0.031592
19.11	0.012303
19.12	-0.00094394
19.13	-0.022606
19.14	-0.041137
19.15	-0.054133
19.16	-0.066994
19.17	-0.076912
19.18	-0.073408
19.19	-0.074748
19.2	-0.07466
19.21	-0.077489
19.22	-0.072754
19.23	-0.065674
19.24	-0.053855
19.25	-0.034055
19.26	-0.011239
19.27	0.028881
19.28	0.07231
19.29	0.11305
19.3	0.14536
19.31	0.16097
19.32	0.16473
19.33	0.1596
19.34	0.15499
19.35	0.14492
19.36	0.1311
19.37	0.12398
19.38	0.11606
19.39	0.10605
19.4	0.093217
19.41	0.072641
19.42	0.050246
19.43	0.027219
19.44	0.0049698
19.45	-0.017799
19.46	-0.029005
19.47	-0.040759
19.48	-0.046344
19.49	-0.044733
19.5	-0.043524
19.51	-0.039717
19.52	-0.034378
19.53	-0.027259
19.54	-0.024679
19.55	-0.038624
19.56	-0.060225
19.57	-0.08172
19.58	-0.10483
19.59	-0.11574
19.6	-0.11341
19.61	-0.10469
19.62	-0.085331
19.63	-0.054126
19.64	-0.025139
19.65	-0.011013
19.66	-0.00049192
19.67	0.00075786
19.68	0.012651
19.69	0.037848
19.7	0.059055
19.71	0.07714
19.72	0.092482
19.73	0.096405
19.74	0.097971
19.75	0.096357
19.76	0.091454
19.77	0.087226
19.78	0.07944
19.79	0.072479
19.8	0.070368
19.81	0.060698
19.82	0.051136
19.83	0.052765
19.84	0.057494
19.85	0.068363
19.86	0.08547
19.87	0.10378
19.88	0.11668
19.89	0.12703
19.9	0.1347
19.91	0.13428
19.92	0.13308
19.93	0.13152
19.94	0.13433
19.95	0.13373
19.96	0.13437
19.97	0.12919
19.98	0.12302
19.99	0.11978
20	0.11778
20.01	0.11929
20.02	0.12056
20.03	0.12173
20.04	0.12154
20.05	0.11547
20.06	0.095102
20.07	0.070286
20.08	0.048375
20.09	0.028289
20.1	0.01425
20.11	0.018018
20.12	0.02819
20.13	0.04751
20.14	0.068032
20.15	0.085004
20.16	0.098191
20.17	0.10722
20.18	0.11111
20.19	0.11778
20.2	0.12435
20.21	0.13164
20.22	0.14096
20.23	0.14879
20.24	0.15258
20.25	0.14368
20.26	0.12825
20.27	0.099699
20.28	0.06246
20.29	0.025033
20.3	-0.0057328
20.31	-0.017654
20.32	-0.018245
20.33	-0.018226
20.34	-0.021982
20.35	-0.028886
20.36	-0.037456
20.37	-0.045187
20.38	-0.050549
20.39	-0.050305
20.4	-0.054177
20.41	-0.056447
20.42	-0.063839
20.43	-0.064803
20.44	-0.076859
20.45	-0.091278
20.46	-0.10566
20.47	-0.12293
20.48	-0.12512
20.49	-0.13759
20.5	-0.13998
20.51	-0.146
20.52	-0.15282
20.53	-0.15523
20.54	-0.15165
20.55	-0.14024
20.56	-0.13079
20.57	-0.11868
20.58	-0.10656
20.59	-0.088879
20.6	-0.068869
20.61	-0.049915
20.62	-0.025333
20.63	-0.0052019
20.64	0.0016594
20.65	0.0080694
20.66	0.0088339
20.67	0.0049019
20.68	0.00052951
20.69	-0.00058784
20.7	-0.0017363
20.71	-0.0020368
20.72	-0.004064
20.73	-0.0049433
20.74	-0.00076466
20.75	0.0070664
20.76	0.011389
20.77	0.019993
20.78	0.027376
20.79	0.03483
20.8	0.044437
20.81	0.049025
20.82	0.049354
20.83	0.050428
20.84	0.038651
20.85	0.018814
20.86	-0.0060047
20.87	-0.035997
20.88	-0.059187
20.89	-0.075892
20.9	-0.079357
20.91	-0.081673
20.92	-0.093382
20.93	-0.096717
20.94	-0.10904
20.95	-0.12623
20.96	-0.14915
20.97	-0.167
20.98	-0.18032
20.99	-0.18755
21	-0.19679
21.01	-0.20131
21.02	-0.19636
21.03	-0.19726
21.04	-0.19473
21.05	-0.1768
21.06	-0.15825
21.07	-0.1439
21.08	-0.12809
21.09	-0.12213
21.1	-0.11664
21.11	-0.11529
21.12	-0.11729
21.13	-0.12153
21.14	-0.12018
21.15	-0.1205
21.16	-0.12421
21.17	-0.12578
21.18	-0.11782
21.19	-0.10376
21.2	-0.085313
21.21	-0.056047
21.22	-0.02645
21.23	-0.0032034
21.24	0.0067827
21.25	0.0045265
21.26	-0.0045824
21.27	-0.028197
21.28	-0.050206
21.29	-0.068353
21.3	-0.072395
21.31	-0.066225
21.32	-0.057612
21.33	-0.048536
21.34	-0.03832
21.35	-0.024944
21.36	-0.011854
21.37	0.00087203
21.38	0.0098805
21.39	0.019425
21.4	0.028025
21.41	0.02988
21.42	0.029281
21.43	0.029404
21.44	0.027647
21.45	0.024433
21.46	0.021459
21.47	0.013767
21.48	0.0098321
21.49	-0.0034696
21.5	-0.010146
21.51	-0.015637
21.52	-0.025168
21.53	-0.027583
21.54	-0.025547
21.55	-0.017269
21.56	-0.0077889
21.57	0.0019513
21.58	0.0094851
21.59	0.01579
21.6	0.016406
21.61	0.013768
21.62	-0.001368
21.63	-0.012072
21.64	-0.018512
21.65	-0.019027
21.66	-0.017883
21.67	-0.02644
21.68	-0.03877
21.69	-0.050803
21.7	-0.060976
21.71	-0.065847
21.72	-0.073064
21.73	-0.066605
21.74	-0.059832
21.75	-0.049959
21.76	-0.034087
21.77	-0.021735
21.78	-0.012127
21.79	-0.0033764
21.8	0.0071632
21.81	0.016307
21.82	0.032248
21.83	0.04737
21.84	0.059078
21.85	0.069221
21.86	0.08134
21.87	0.098036
21.88	0.11398
21.89	0.12828
21.9	0.13847
21.91	0.13434
21.92	0.12285
21.93	0.1074
21.94	0.086926
21.95	0.076698
21.96	0.078338
21.97	0.08509
21.98	0.094397
21.99	0.10201
22	0.10594
22.01	0.11062
22.02	0.1061
22.03	0.091934
22.04	0.082657
22.05	0.077125
22.06	0.065157
22.07	0.053802
22.08	0.037098
22.09	0.019289
22.1	0.00047415
22.11	-0.015462
22.12	-0.026789
22.13	-0.029389
22.14	-0.028075
22.15	-0.022403
22.16	-0.01387
22.17	-0.0074382
22.18	0.0044319
22.19	0.020303
22.2	0.034848
22.21	0.039319
22.22	0.035597
22.23	0.021383
22.24	0.00091356
22.25	-0.021042
22.26	-0.037825
22.27	-0.047735
22.28	-0.047667
22.29	-0.043165
22.3	-0.040557
22.31	-0.034515
22.32	-0.028764
22.33	-0.025065
22.34	-0.015778
22.35	-0.0062604
22.36	0.0046842
22.37	0.012286
22.38	0.013668
22.39	0.013888
22.4	0.0091875
22.41	-0.00012659
22.42	-0.0016598
22.43	0.0027393
22.44	0.0107
22.45	0.028302
22.46	0.044856
22.47	0.053289
22.48	0.057176
22.49	0.057485
22.5	0.05421
22.51	0.051267
22.52	0.043667
22.53	0.032593
22.54	0.027879
22.55	0.025773
22.56	0.025115
22.57	0.024451
22.58	0.023715
22.59	0.025672
22.6	0.034791
22.61	0.043621
22.62	0.053771
22.63	0.064264
22.64	0.073048
22.65	0.073941
22.66	0.066115
22.67	0.052231
22.68	0.028562
22.69	0.0028421
22.7	-0.021313
22.71	-0.042481
22.72	-0.044777
22.73	-0.046179
22.74	-0.047474
22.75	-0.047764
22.76	-0.049213
22.77	-0.0555
22.78	-0.056462
22.79	-0.0543
22.8	-0.051267
22.81	-0.04004
22.82	-0.029692
22.83	-0.016722
22.84	-0.0045722
22.85	0.0014066
22.86	0.01286
22.87	0.026631
22.88	0.043431
22.89	0.063156
22.9	0.076693
22.91	0.084482
22.92	0.091229
22.93	0.091534
22.94	0.084056
22.95	0.078922
22.96	0.072744
22.97	0.069246
22.98	0.062262
22.99	0.05559
23	0.05065
23.01	0.046547
23.02	0.049291
23.03	0.048864
23.04	0.047368
23.05	0.048609
23.06	0.042649
23.07	0.039148
23.08	0.024155
23.09	0.014952
23.1	-0.00022127
23.11	-0.019588
23.12	-0.044225
23.13	-0.065624
23.14	-0.081409
23.15	-0.09297
23.16	-0.10172
23.17	-0.10311
23.18	-0.10205
23.19	-0.096882
23.2	-0.087593
23.21	-0.082439
23.22	-0.081147
23.23	-0.0763
23.24	-0.068142
23.25	-0.059464
23.26	-0.051604
23.27	-0.042152
23.28	-0.038985
23.29	-0.036797
23.3	-0.036267
23.31	-0.036845
23.32	-0.035139
23.33	-0.030962
23.34	-0.026128
23.35	-0.022573
23.36	-0.014951
23.37	-0.007215
23.38	0.00017991
23.39	0.01221
23.4	0.028451
23.41	0.043697
23.42	0.052817
23.43	0.063471
23.44	0.067148
23.45	0.064197
23.46	0.056771
23.47	0.047613
23.48	0.041768
23.49	0.043629
23.5	0.046007
23.51	0.052371
23.52	0.058078
23.53	0.057076
23.54	0.051553
23.55	0.047011
23.56	0.033968
23.57	0.020007
23.58	0.01125
23.59	0.011036
23.6	0.013021
23.61	0.023564
23.62	0.033118
23.63	0.0362
23.64	0.041907
23.65	0.04999
23.66	0.052673
23.67	0.055387
23.68	0.053824
23.69	0.059137
23.7	0.061211
23.71	0.05344
23.72	0.043834
23.73	0.034054
23.74	0.018298
23.75	0.0049007
23.76	-0.014528
23.77	-0.03102
23.78	-0.043489
23.79	-0.048803
23.8	-0.043748
23.81	-0.033393
23.82	-0.02217
23.83	-0.0090964
23.84	0.00026523
23.85	0.0046934
23.86	-0.0020112
23.87	-0.017335
23.88	-0.037318
23.89	-0.050014
23.9	-0.060112
23.91	-0.069083
23.92	-0.067749
23.93	-0.069439
23.94	-0.070004
23.95	-0.075162
23.96	-0.079845
23.97	-0.079187
23.98	-0.075081
23.99	-0.072423
24	-0.068934
24.01	-0.064989
24.02	-0.057429
24.03	-0.050443
24.04	-0.036584
24.05	-0.016493
24.06	0.0069652
24.07	0.021024
24.08	0.034095
24.09	0.040936
24.1	0.043483
24.11	0.044203
24.12	0.043435
24.13	0.04659
24.14	0.045254
24.15	0.038274
24.16	0.024947
24.17	0.0088875
24.18	-0.0027283
24.19	0.001412
24.2	0.011125
24.21	0.022956
24.22	0.039786
24.23	0.051936
24.24	0.060187
24.25	0.063685
24.26	0.061999
24.27	0.05381
24.28	0.048846
24.29	0.038572
24.3	0.024662
24.31	0.0078971
24.32	-0.010084
24.33	-0.028474
24.34	-0.031759
24.35	-0.041035
24.36	-0.045624
24.37	-0.04722
24.38	-0.049411
24.39	-0.052182
24.4	-0.050762
24.41	-0.037106
24.42	-0.019756
24.43	-0.0098691
24.44	-0.0048109
24.45	-0.013191
24.46	-0.030269
24.47	-0.047772
24.48	-0.062895
24.49	-0.068142
24.5	-0.066333
24.51	-0.054739
24.52	-0.042829
24.53	-0.029306
24.54	-0.021728
24.55	-0.022072
24.56	-0.031042
24.57	-0.0378
24.58	-0.041898
24.59	-0.044619
24.6	-0.042474
24.61	-0.03374
24.62	-0.020021
24.63	-0.0080797
24.64	0.0039712
24.65	0.017151
24.66	0.022816
24.67	0.024519
24.68	0.026032
24.69	0.02206
24.7	0.011414
24.71	-0.0023815
24.72	-0.011393
24.73	-0.015234
24.74	-0.015925
24.75	-0.016035
24.76	-0.011034
24.77	-0.0043982
24.78	0.0036696
24.79	0.012696
24.8	0.0208
24.81	0.022889
24.82	0.027771
24.83	0.026637
24.84	0.025364
24.85	0.022859
24.86	0.016508
24.87	0.007716
24.88	0.0042744
24.89	-0.0037331
24.9	-0.012804
24.91	-0.024871
24.92	-0.033947
24.93	-0.036675
24.94	-0.047195
24.95	-0.052637
24.96	-0.050745
24.97	-0.055994
24.98	-0.059274
24.99	-0.065129
25	-0.068078
25.01	-0.073542
25.02	-0.07615
25.03	-0.071741
25.04	-0.065489
25.05	-0.056081
25.06	-0.049742
25.07	-0.04012
25.08	-0.028063
25.09	-0.019389
25.1	-0.01769
25.11	-0.01904
25.12	-0.027909
25.13	-0.031989
25.14	-0.035288
25.15	-0.048489
25.16	-0.052207
25.17	-0.063503
25.18	-0.066891
25.19	-0.066099
25.2	-0.067641
25.21	-0.065867
25.22	-0.060266
25.23	-0.050694
25.24	-0.046666
25.25	-0.043911
25.26	-0.042374
25.27	-0.038869
25.28	-0.03598
25.29	-0.032466
25.3	-0.027333
25.31	-0.020596
25.32	-0.015556
25.33	-0.0078554
25.34	0.0015459
25.35	0.0078546
25.36	0.013973
25.37	0.014252
25.38	0.010506
25.39	0.0022227
25.4	-0.0074989
25.41	-0.020473
25.42	-0.027853
25.43	-0.03466
25.44	-0.034534
25.45	-0.028067
25.46	-0.022492
25.47	-0.015796
25.48	-0.0098898
25.49	-0.0081311
25.5	-0.0025344
25.51	0.0026583
25.52	0.013436
25.53	0.023599
25.54	0.032089
25.55	0.034812
25.56	0.034785
25.57	0.033017
25.58	0.031479
25.59	0.027911
25.6	0.022398
25.61	0.01542
25.62	0.0092985
25.63	0.006574
25.64	-0.0011066
25.65	-0.010232
25.66	-0.014149
25.67	-0.0166
25.68	-0.023245
25.69	-0.023322
25.7	-0.021453
25.71	-0.018015
25.72	-0.0088088
25.73	0.00066605
25.74	0.017066
25.75	0.035391
25.76	0.051081
25.77	0.064355
25.78	0.07317
25.79	0.080698
25.8	0.08461
25.81	0.086624
25.82	0.085081
25.83	0.086964
25.84	0.088032
25.85	0.083794
25.86	0.081933
25.87	0.086171
25.88	0.087777
25.89	0.088156
25.9	0.09101
25.91	0.089221
25.92	0.089768
25.93	0.092691
25.94	0.098105
25.95	0.10354
25.96	0.1073
25.97	0.11467
25.98	0.12022
25.99	0.11484
26	0.10542
26.01	0.089649
26.02	0.07669
26.03	0.061101
26.04	0.043592
26.05	0.033767
26.06	0.019699
26.07	0.0029039
26.08	-0.0059854
26.09	-0.012436
26.1	-0.015512
26.11	-0.016106
26.12	-0.0131
26.13	-0.0088017
26.14	-0.0052265
26.15	-0.0094379
26.16	-0.0090206
26.17	-0.0081683
26.18	-0.00022331
26.19	0.0039044
26.2	0.0075143
26.21	0.0095044
26.22	0.010541
26.23	0.016794
26.24	0.02568
26.25	0.029491
26.26	0.031788
26.27	0.03203
26.28	0.03136
26.29	0.031386
26.3	0.031662
26.31	0.038896
26.32	0.044465
26.33	0.046564
26.34	0.04819
26.35	0.047198
26.36	0.046674
26.37	0.041729
26.38	0.03921
26.39	0.039239
26.4	0.041046
26.41	0.048725
26.42	0.056224
26.43	0.057451
26.44	0.059392
26.45	0.059823
26.46	0.062878
26.47	0.063324
26.48	0.063902
26.49	0.062697
26.5	0.060043
26.51	0.051421
26.52	0.047429
26.53	0.039525
26.54	0.029725
26.55	0.021292
26.56	0.018815
26.57	0.018195
26.58	0.020946
26.59	0.022616
26.6	0.020613
26.61	0.011856
26.62	-0.00093302
26.63	-0.015085
26.64	-0.026234
26.65	-0.031118
26.66	-0.028713
26.67	-0.01676
26.68	0.0047139
26.69	0.024208
26.7	0.03865
26.71	0.045975
26.72	0.048571
26.73	0.045283
26.74	0.038717
26.75	0.03107
26.76	0.026423
26.77	0.023749
26.78	0.022127
26.79	0.021812
26.8	0.024578
26.81	0.020796
26.82	0.012377
26.83	0.0074217
26.84	-0.0016214
26.85	-0.0098077
26.86	-0.013886
26.87	-0.018355
26.88	-0.02234
26.89	-0.030193
26.9	-0.032639
26.91	-0.040359
26.92	-0.045313
26.93	-0.043981
26.94	-0.04355
26.95	-0.044105
26.96	-0.041373
26.97	-0.042072
26.98	-0.04212
26.99	-0.045497
27	-0.051997
27.01	-0.054683
27.02	-0.057617
27.03	-0.059248
27.04	-0.057686
27.05	-0.059178
27.06	-0.061964
27.07	-0.062615
27.08	-0.061726
27.09	-0.057558
27.1	-0.053497
27.11	-0.054964
27.12	-0.052219
27.13	-0.046401
27.14	-0.043719
27.15	-0.04314
27.16	-0.036942
27.17	-0.03123
27.18	-0.028159
27.19	-0.027525
27.2	-0.023361
27.21	-0.020052
27.22	-0.016632
27.23	-0.0079293
27.24	0.00097071
27.25	0.00059801
27.26	-0.00046662
27.27	-0.0079717
27.28	-0.01629
27.29	-0.028828
27.3	-0.040543
27.31	-0.049048
27.32	-0.060155
27.33	-0.068156
27.34	-0.069294
27.35	-0.070894
27.36	-0.071801
27.37	-0.066378
27.38	-0.05782
27.39	-0.044512
27.4	-0.028273
27.41	-0.015639
27.42	-0.0032539
27.43	0.0067679
27.44	0.010963
27.45	0.011411
27.46	0.0081837
27.47	0.0004504
27.48	-0.0052907
27.49	-0.010171
27.5	-0.01489
27.51	-0.014827
27.52	-0.013943
27.53	-0.01717
27.54	-0.024019
27.55	-0.032424
27.56	-0.042783
27.57	-0.053874
27.58	-0.058987
27.59	-0.059152
27.6	-0.051366
27.61	-0.041798
27.62	-0.035223
27.63	-0.023351
27.64	-0.017718
27.65	-0.010467
27.66	-0.004838
27.67	-0.0044153
27.68	-0.0084602
27.69	-0.018576
27.7	-0.028756
27.71	-0.036149
27.72	-0.039835
27.73	-0.037587
27.74	-0.035833
27.75	-0.031549
27.76	-0.030501
27.77	-0.030078
27.78	-0.027514
27.79	-0.020382
27.8	-0.015634
27.81	-0.01144
27.82	-0.0075415
27.83	-0.00076724
27.84	0.0051556
27.85	0.0070691
27.86	0.0088134
27.87	0.0096893
27.88	0.0088954
27.89	0.0094588
27.9	0.0056301
27.91	-0.0042664
27.92	-0.0089514
27.93	-0.013885
27.94	-0.022918
27.95	-0.021923
27.96	-0.027067
27.97	-0.030137
27.98	-0.033387
27.99	-0.030397
28	-0.024743
28.01	-0.015586
28.02	0.0013491
28.03	0.014824
28.04	0.019622
28.05	0.02018
28.06	0.019936
28.07	0.020415
28.08	0.020375
28.09	0.028797
28.1	0.036455
28.11	0.044096
28.12	0.055114
28.13	0.061957
28.14	0.067621
28.15	0.064321
28.16	0.062482
28.17	0.060149
28.18	0.053653
28.19	0.050211
28.2	0.039793
28.21	0.032653
28.22	0.029949
28.23	0.02702
28.24	0.025999
28.25	0.022548
28.26	0.02192
28.27	0.021551
28.28	0.020982
28.29	0.022992
28.3	0.031287
28.31	0.039568
28.32	0.05106
28.33	0.060928
28.34	0.067522
28.35	0.073457
28.36	0.075708
28.37	0.073255
28.38	0.070842
28.39	0.072082
28.4	0.066876
28.41	0.060447
28.42	0.052458
28.43	0.046954
28.44	0.038214
28.45	0.029421
28.46	0.024724
28.47	0.018368
28.48	0.0085804
28.49	0.003864
28.5	-0.00076725
28.51	-0.006395
28.52	-0.0082165
28.53	-0.0044421
28.54	0.0010816
28.55	0.012072
28.56	0.020252
28.57	0.021786
28.58	0.020966
28.59	0.020215
28.6	0.012356
28.61	0.0039766
28.62	-0.0065049
28.63	-0.013351
28.64	-0.019654
28.65	-0.021506
28.66	-0.018601
28.67	-0.01345
28.68	-0.0071311
28.69	-0.004802
28.7	-0.0016148
28.71	0.0010014
28.72	0.0021878
28.73	0.0037707
28.74	0.00084119
28.75	0.001848
28.76	0.0070435
28.77	0.0088958
28.78	0.01173
28.79	0.012749
28.8	0.0079958
28.81	0.0067158
28.82	0.0043682
28.83	0.00049303
28.84	-0.0023132
28.85	-0.0046136
28.86	-0.0074149
28.87	-0.010516
28.88	-0.012068
28.89	-0.01613
28.9	-0.015631
28.91	-0.01205
28.92	-0.0073495
28.93	-0.0056961
28.94	-0.0054236
28.95	-0.0064007
28.96	-0.0054147
28.97	-0.012599
28.98	-0.016698
28.99	-0.021259
29	-0.026283
29.01	-0.021943
29.02	-0.010292
29.03	-0.0084369
29.04	-0.0076473
29.05	-0.0095309
29.06	-0.015379
29.07	-0.017993
29.08	-0.02216
29.09	-0.019559
29.1	-0.011227
29.11	-0.0082087
29.12	-0.0040234
29.13	0.0050443
29.14	0.0061637
29.15	0.0066089
29.16	0.010126
29.17	0.013149
29.18	0.013147
29.19	0.0087761
29.2	0.0077227
29.21	0.0038836
29.22	0.002963
29.23	0.0030244
29.24	0.0061509
29.25	0.0082368
29.26	0.0095137
29.27	0.0094381
29.28	0.0099505
29.29	0.011815
29.3	0.015401
29.31	0.021032
29.32	0.023847
29.33	0.024274
29.34	0.024748
29.35	0.020249
29.36	0.011557
29.37	0.0045761
29.38	0.00015054
29.39	-0.0041802
29.4	-0.0055107
29.41	-0.0052123
29.42	-0.00883
29.43	-0.013007
29.44	-0.014587
29.45	-0.016091
29.46	-0.016551
29.47	-0.016457
29.48	-0.016234
29.49	-0.016843
29.5	-0.018089
29.51	-0.016187
29.52	-0.015828
29.53	-0.015977
29.54	-0.015954
29.55	-0.015896
29.56	-0.015772
29.57	-0.015338
29.58	-0.017869
29.59	-0.020901
29.6	-0.019859
29.61	-0.020056
29.62	-0.017807
29.63	-0.014382
29.64	-0.013967
29.65	-0.017715
29.66	-0.018964
29.67	-0.018531
29.68	-0.018454
29.69	-0.019203
29.7	-0.024503
29.71	-0.032242
29.72	-0.035825
29.73	-0.039244
29.74	-0.040514
29.75	-0.041786
29.76	-0.041288
29.77	-0.04019
29.78	-0.035503
29.79	-0.033886
29.8	-0.029587
29.81	-0.027449
29.82	-0.027375
29.83	-0.026938
29.84	-0.026371
29.85	-0.027338
29.86	-0.02776
29.87	-0.028137
29.88	-0.02928
29.89	-0.029453
29.9	-0.030679
29.91	-0.029322
29.92	-0.027945
29.93	-0.027611
29.94	-0.02744
29.95	-0.023495
29.96	-0.023858
29.97	-0.028981
29.98	-0.029863
29.99	-0.032673
30	-0.037943
30.01	-0.038595
30.02	-0.039735
30.03	-0.044682
30.04	-0.05007
30.05	-0.05674
30.06	-0.058892
30.07	-0.062338
30.08	-0.062476
30.09	-0.061031
30.1	-0.054794
30.11	-0.048958
30.12	-0.037842
30.13	-0.025431
30.14	-0.020871
30.15	-0.01485
30.16	-0.0097576
30.17	-0.007467
30.18	-0.0049807
30.19	-0.0042073
30.2	-0.0040961
30.21	-0.0049947
30.22	-0.0056922
30.23	-0.001183
30.24	0.0022021
30.25	0.0093928
30.26	0.015027
30.27	0.019109
30.28	0.022923
30.29	0.027398
30.3	0.031358
30.31	0.032122
30.32	0.035163
30.33	0.035987
30.34	0.039011
30.35	0.038978
30.36	0.037787
30.37	0.037456
30.38	0.037107
30.39	0.034101
30.4	0.031869
30.41	0.033071
30.42	0.032936
30.43	0.033311
30.44	0.028833
30.45	0.021509
30.46	0.015187
30.47	0.0095353
30.48	0.0030263
30.49	-0.0034343
30.5	-0.009465
30.51	-0.013495
30.52	-0.013564
30.53	-0.009546
30.54	-0.0072732
30.55	-0.0055551
30.56	0.0023191
30.57	0.008812
30.58	0.012794
30.59	0.019141
30.6	0.027938
30.61	0.031244
30.62	0.031047
30.63	0.032565
30.64	0.032798
30.65	0.028569
30.66	0.025734
30.67	0.023465
30.68	0.021632
30.69	0.024776
30.7	0.02551
30.71	0.02617
30.72	0.03382
30.73	0.039593
30.74	0.035082
30.75	0.02834
30.76	0.029278
30.77	0.028836
30.78	0.036992
30.79	0.04111
30.8	0.049922
30.81	0.058814
30.82	0.065314
30.83	0.075186
30.84	0.077746
30.85	0.082532
30.86	0.090711
30.87	0.091828
30.88	0.090456
30.89	0.081168
30.9	0.07588
30.91	0.062438
30.92	0.046032
30.93	0.036795
30.94	0.027702
30.95	0.024179
30.96	0.027153
30.97	0.030639
30.98	0.031335
30.99	0.030512
31	0.029765
31.01	0.029951
31.02	0.032932
31.03	0.033046
31.04	0.027339
31.05	0.02284
31.06	0.017628
31.07	0.01295
31.08	0.010454
31.09	0.0077888
31.1	0.0068183
31.11	0.010279
31.12	0.013051
31.13	0.012831
31.14	0.0074761
31.15	-0.0011738
31.16	-0.013069
31.17	-0.025416
31.18	-0.031987
31.19	-0.038617
31.2	-0.036671
31.21	-0.034146
31.22	-0.03405
31.23	-0.024707
31.24	-0.012955
31.25	-0.0057046
31.26	0.0047724
31.27	0.011583
31.28	0.017216
31.29	0.021326
31.3	0.024077
31.31	0.025775
31.32	0.024078
31.33	0.018624
31.34	0.01812
31.35	0.015304
31.36	0.013774
31.37	0.013851
31.38	0.016236
31.39	0.020656
31.4	0.023647
31.41	0.024
31.42	0.022956
31.43	0.021807
31.44	0.015841
31.45	0.0052169
31.46	-0.0028448
31.47	-0.009643
31.48	-0.017919
31.49	-0.02464
31.5	-0.035748
31.51	-0.036451
31.52	-0.037394
31.53	-0.037686
31.54	-0.032924
31.55	-0.031287
31.56	-0.035831
31.57	-0.037371
31.58	-0.035858
31.59	-0.036734
31.6	-0.03826
31.61	-0.038208
31.62	-0.031145
31.63	-0.034734
31.64	-0.037042
31.65	-0.037858
31.66	-0.033731
31.67	-0.023056
31.68	-0.017736
31.69	-0.00441
31.7	0.0010224
31.71	0.0030827
31.72	0.0030779
31.73	0.00087783
31.74	-0.0071691
31.75	-0.011883
31.76	-0.01649
31.77	-0.013001
31.78	-0.0045445
31.79	-0.0031232
31.8	0.00039547
31.81	0.0015452
31.82	0.0045544
31.83	0.0048266
31.84	0.0060332
31.85	0.0091516
31.86	0.0085872
31.87	0.010789
31.88	0.0091875
31.89	0.0072403
31.9	0.0097631
31.91	0.010476
31.92	0.0090316
31.93	0.0085883
31.94	0.0078216
31.95	0.0074277
31.96	0.0054052
31.97	0.0027326
31.98	0.00035534
31.99	-0.0015436
32	-0.0054982
32.01	-0.0023309
32.02	-0.0030922
32.03	-0.011326
32.04	-0.014652
32.05	-0.02108
32.06	-0.029536
32.07	-0.039637
32.08	-0.047365
32.09	-0.05001
32.1	-0.052619
32.11	-0.052528
32.12	-0.047917
32.13	-0.045974
32.14	-0.045756
32.15	-0.043969
32.16	-0.045741
32.17	-0.051257
32.18	-0.0529
32.19	-0.054406
32.2	-0.057245
32.21	-0.055767
32.22	-0.056137
32.23	-0.053214
32.24	-0.050559
32.25	-0.040843
32.26	-0.034809
32.27	-0.030922
32.28	-0.020653
32.29	-0.015581
32.3	-0.011724
32.31	-0.0064671
32.32	-0.0020741
32.33	-0.00079985
32.34	-0.0006681
32.35	-0.0020081
32.36	-0.0049592
32.37	-0.0088882
32.38	-0.0083775
32.39	-0.0031124
32.4	0.00098507
32.41	-0.00025777
32.42	-0.0018936
32.43	-0.0056826
32.44	-0.010596
32.45	-0.014965
32.46	-0.016743
32.47	-0.016021
32.48	-0.015901
32.49	-0.014289
32.5	-0.010848
32.51	-0.010268
32.52	-0.010405
32.53	-0.0096676
32.54	-0.0115
32.55	-0.014492
32.56	-0.018032
32.57	-0.023189
32.58	-0.028591
32.59	-0.030639
32.6	-0.03319
32.61	-0.036036
32.62	-0.034453
32.63	-0.033366
32.64	-0.031186
32.65	-0.027183
32.66	-0.019495
32.67	-0.015909
32.68	-0.011225
32.69	-0.0074476
32.7	-0.0028636
32.71	0.0029245
32.72	0.0056373
32.73	0.008505
32.74	0.0092163
32.75	0.009026
32.76	0.0099555
32.77	0.015417
32.78	0.019588
32.79	0.022264
32.8	0.031194
32.81	0.034848
32.82	0.040428
32.83	0.044252
32.84	0.042531
32.85	0.038933
32.86	0.03294
32.87	0.026676
32.88	0.019113
32.89	0.012551
32.9	0.0077301
32.91	0.0025452
32.92	-0.0010467
32.93	-0.00075277
32.94	-0.00078621
32.95	-0.0002132
32.96	0.00026994
32.97	-0.00082014
32.98	-0.0009075
32.99	-0.0040984
33	-0.0065349
33.01	-0.009238
33.02	-0.011496
33.03	-0.010955
33.04	-0.010397
33.05	-0.0086607
33.06	-0.0037626
33.07	-0.002785
33.08	-0.0029123
33.09	-0.0033973
33.1	-0.002209
33.11	0.00079701
33.12	0.0015327
33.13	0.00051609
33.14	-0.00094645
33.15	-0.0014757
33.16	-0.0048396
33.17	-0.006921
33.18	-0.0088332
33.19	-0.012684
33.2	-0.013984
33.21	-0.012907
33.22	-0.01187
33.23	-0.012843
33.24	-0.013121
33.25	-0.01184
33.26	-0.010921
33.27	-0.0098548
33.28	-0.0077767
33.29	-0.0057628
33.3	-0.0046643
33.31	-0.0045538
33.32	-0.0046865
33.33	-0.0049384
33.34	-0.0047237
33.35	-0.0054638
33.36	-0.0047634
33.37	-0.003712
33.38	-0.0037196
33.39	-0.0060752
33.4	-0.0053765
33.41	-0.0050392
33.42	-0.0054853
33.43	-0.005603
33.44	-0.0038002
33.45	-0.0015335
33.46	0.0011997
33.47	0.0053351
33.48	0.007032
33.49	0.011847
33.5	0.016004
33.51	0.017265
33.52	0.016573
33.53	0.016063
33.54	0.015712
33.55	0.015531
33.56	0.016816
33.57	0.018374
33.58	0.020502
33.59	0.02191
33.6	0.022474
33.61	0.022586
33.62	0.021115
33.63	0.01952
33.64	0.017917
33.65	0.016346
33.66	0.013074
33.67	0.010813
33.68	0.0085468
33.69	0.007332
33.7	0.0076783
33.71	0.0083138
33.72	0.0095933
33.73	0.010909
33.74	0.013257
33.75	0.014531
33.76	0.01511
33.77	0.016115
33.78	0.016859
33.79	0.017277
33.8	0.017621
33.81	0.017319
33.82	0.016799
33.83	0.016214
33.84	0.016021
33.85	0.015422
33.86	0.015113
33.87	0.015324
33.88	0.015171
33.89	0.014098
33.9	0.013125
33.91	0.012212
33.92	0.011686
33.93	0.011323
33.94	0.010857
33.95	0.010322
33.96	0.0094948
33.97	0.0089125
33.98	0.007742
33.99	0.0068799
34	0.0067344
34.01	0.0065939
34.02	0.0063502
34.03	0.0062283
34.04	0.0058955
34.05	0.0054648
34.06	0.005209
34.07	0.0046506
34.08	0.0042022
34.09	0.0038993
34.1	0.0037755
34.11	0.0034316
34.12	0.003162
34.13	0.0034592
34.14	0.0036164
34.15	0.004137
34.16	0.0045583
34.17	0.0049642
34.18	0.0051877
34.19	0.0049795
34.2	0.0046918
34.21	0.0043998
34.22	0.0040357
34.23	0.0037453
34.24	0.003345
34.25	0.0030216
34.26	0.0027714
34.27	0.0025576
34.28	0.0024489
34.29	0.002474
34.3	0.0022911
34.31	0.0020931
34.32	0.0017934
34.33	0.001515
34.34	0.0013084
34.35	0.0010728
34.36	0.00084176
34.37	0.00069916
34.38	0.00057817
34.39	0.00047651
34.4	0.00041857
34.41	0.00038395
34.42	0.00030452
34.43	0.00022356
34.44	0.00012398
34.45	3.112e-05
34.46	-4.6742e-05
34.47	-0.00020731
34.48	-0.00031546
34.49	-0.00040083
34.5	-0.00053274
34.51	-0.00066252
34.52	-0.00078808
34.53	-0.00091421
34.54	-0.0010426
34.55	-0.0011529
34.56	-0.0012434
34.57	-0.0013298
34.58	-0.0014213
34.59	-0.0014878
34.6	-0.0015753
34.61	-0.0016715
34.62	-0.0017616
34.63	-0.0018506
34.64	-0.0019243
34.65	-0.0019945
34.66	-0.002066
34.67	-0.0021236
34.68	-0.0021853
34.69	-0.0022417
34.7	-0.0022979
34.71	-0.0023491
34.72	-0.0023947
34.73	-0.0024328
34.74	-0.0024671
34.75	-0.0024966
34.76	-0.0025222
34.77	-0.0025422
34.78	-0.0025611
34.79	-0.0025761
34.8	-0.0025884
34.81	-0.002598
34.82	-0.0026062
34.83	-0.0026104
34.84	-0.0026123
34.85	-0.0026107
34.86	-0.0026065
34.87	-0.0025991
34.88	-0.0025892
34.89	-0.0025763
34.9	-0.002561
34.91	-0.0025429
34.92	-0.0025225
34.93	-0.0024995
34.94	-0.0024741
34.95	-0.0024464
34.96	-0.0024164
34.97	-0.0023841
34.98	-0.0023495
