0	0.0066844
0.005	0.0090394
0.01	0.012014
0.015	0.014196
0.02	0.014548
0.025	0.014716
0.03	0.014878
0.035	0.015025
0.04	0.015158
0.045	0.015311
0.05	0.015492
0.055	0.015681
0.06	0.01586
0.065	0.015993
0.07	0.015984
0.075	0.015847
0.08	0.01564
0.085	0.015491
0.09	0.015683
0.095	0.016039
0.1	0.016382
0.105	0.016478
0.11	0.015842
0.115	0.015084
0.12	0.014515
0.125	0.014408
0.13	0.014521
0.135	0.014384
0.14	0.014282
0.145	0.014431
0.15	0.015182
0.155	0.015678
0.16	0.015487
0.165	0.014468
0.17	0.012788
0.175	0.011676
0.18	0.011286
0.185	0.011578
0.19	0.012345
0.195	0.012843
0.2	0.012646
0.205	0.011687
0.21	0.009951
0.215	0.0086622
0.22	0.0087323
0.225	0.010004
0.23	0.012188
0.235	0.013146
0.24	0.012561
0.245	0.011041
0.25	0.0091525
0.255	0.0080118
0.26	0.0076203
0.265	0.0074743
0.27	0.0071516
0.275	0.0055944
0.28	0.0031292
0.285	0.00048628
0.29	-0.0019317
0.295	-0.003497
0.3	-0.0026244
0.305	-3.1617e-05
0.31	0.0035095
0.315	0.0066295
0.32	0.0079423
0.325	0.008244
0.33	0.0076521
0.335	0.0062528
0.34	0.0046287
0.345	0.0037322
0.35	0.0028131
0.355	0.0010874
0.36	-0.0033887
0.365	-0.0070481
0.37	-0.008894
0.375	-0.0086038
0.38	-0.0081887
0.385	-0.0092764
0.39	-0.010725
0.395	-0.011823
0.4	-0.011336
0.405	-0.0088136
0.41	-0.0049371
0.415	-0.00030285
0.42	0.0039452
0.425	0.0044788
0.43	0.00085146
0.435	-0.0064126
0.44	-0.01635
0.445	-0.024413
0.45	-0.027317
0.455	-0.023406
0.46	-0.011359
0.465	0.003297
0.47	0.0057745
0.475	-0.0039996
0.48	-0.024317
0.485	-0.037618
0.49	-0.030538
0.495	-0.01291
0.5	0.0072544
0.505	0.010503
0.51	-0.00056129
0.515	-0.01178
0.52	-0.018851
0.525	-0.020549
0.53	-0.028186
0.535	-0.035607
0.54	-0.03844
0.545	-0.029984
0.55	-0.01629
0.555	-0.0079406
0.56	-0.0056022
0.565	-0.0090106
0.57	-0.012078
0.575	-0.013202
0.58	-0.012648
0.585	-0.010578
0.59	-0.0051307
0.595	0.0010169
0.6	0.0048105
0.605	0.0041869
0.61	-0.0036809
0.615	-0.014194
0.62	-0.025516
0.625	-0.036455
0.63	-0.044787
0.635	-0.043485
0.64	-0.034347
0.645	-0.020033
0.65	-0.0059779
0.655	-0.0022006
0.66	-0.0072607
0.665	-0.019711
0.67	-0.037512
0.675	-0.050047
0.68	-0.050614
0.685	-0.039534
0.69	-0.017962
0.695	0.003324
0.7	0.013167
0.705	0.012179
0.71	0.0015759
0.715	-0.011668
0.72	-0.023157
0.725	-0.032318
0.73	-0.036658
0.735	-0.025273
0.74	-0.0021603
0.745	0.011747
0.75	0.0087249
0.755	-0.018334
0.76	-0.041654
0.765	-0.052348
0.77	-0.051112
0.775	-0.041487
0.78	-0.02604
0.785	-0.010458
0.79	0.0021452
0.795	0.0086059
0.8	0.008972
0.805	0.007152
0.81	0.0025354
0.815	-0.0050506
0.82	-0.012183
0.825	-0.012005
0.83	-0.0056946
0.835	0.0047648
0.84	0.010668
0.845	0.0063446
0.85	-0.0021618
0.855	-0.011911
0.86	-0.019148
0.865	-0.028757
0.87	-0.038534
0.875	-0.044544
0.88	-0.039013
0.885	-0.018058
0.89	0.0021102
0.895	0.015047
0.9	0.013908
0.905	0.00069548
0.91	-0.010663
0.915	-0.017999
0.92	-0.019467
0.925	-0.011083
0.93	0.003848
0.935	0.018956
0.94	0.028494
0.945	0.016914
0.95	-0.010264
0.955	-0.037269
0.96	-0.053907
0.965	-0.041722
0.97	-0.013367
0.975	0.0078514
0.98	0.014382
0.985	0.00035659
0.99	-0.010423
0.995	-0.010769
1	-0.003739
1.005	0.0039845
1.01	0.0027849
1.015	0.0006474
1.02	0.0001752
1.025	0.0036689
1.03	0.0053949
1.035	0.00047837
1.04	-0.0090073
1.045	-0.021133
1.05	-0.031759
1.055	-0.036484
1.06	-0.032154
1.065	-0.017887
1.07	0.0029857
1.075	0.014386
1.08	0.017759
1.085	0.015697
1.09	0.015298
1.095	0.018322
1.1	0.018503
1.105	0.014794
1.11	0.0071554
1.115	0.0060111
1.12	0.0085857
1.125	0.010664
1.13	0.0070866
1.135	-0.0043791
1.14	-0.015771
1.145	-0.025845
1.15	-0.033492
1.155	-0.036582
1.16	-0.035567
1.165	-0.030403
1.17	-0.021419
1.175	-0.011165
1.18	-0.0067755
1.185	-0.00537
1.19	-0.0037795
1.195	0.0066966
1.2	0.02407
1.205	0.034916
1.21	0.034391
1.215	0.017452
1.22	0.0023309
1.225	-0.0032337
1.23	-0.0014371
1.235	0.0029183
1.24	0.0024488
1.245	0.0020926
1.25	0.0022425
1.255	0.0029355
1.26	-0.0023147
1.265	-0.014564
1.27	-0.030319
1.275	-0.045465
1.28	-0.042841
1.285	-0.020199
1.29	0.0048282
1.295	0.020592
1.3	0.0062943
1.305	-0.010675
1.31	-0.012232
1.315	0.0031976
1.32	0.026178
1.325	0.031862
1.33	0.03006
1.335	0.025725
1.34	0.025422
1.345	0.023908
1.35	0.01938
1.355	0.012567
1.36	0.0045347
1.365	-0.0088947
1.37	-0.025466
1.375	-0.040735
1.38	-0.050254
1.385	-0.0412
1.39	-0.018492
1.395	0.0070438
1.4	0.027511
1.405	0.027974
1.41	0.01905
1.415	0.01048
1.42	0.0055607
1.425	0.004851
1.43	0.0066131
1.435	0.011289
1.44	0.017821
1.445	0.023627
1.45	0.022213
1.455	0.015889
1.46	0.00664
1.465	-0.0029466
1.47	-0.0039975
1.475	0.00058528
1.48	0.0055116
1.485	0.0055215
1.49	-0.0062637
1.495	-0.015099
1.5	-0.015357
1.505	-0.0041037
1.51	0.014031
1.515	0.020176
1.52	0.015294
1.525	0.0026101
1.53	-0.0047113
1.535	0.0019078
1.54	0.011747
1.545	0.019348
1.55	0.016741
1.555	0.0081423
1.56	0.0019779
1.565	8.8379e-05
1.57	0.003735
1.575	0.010019
1.58	0.015884
1.585	0.020722
1.59	0.024046
1.595	0.025278
1.6	0.024036
1.605	0.018577
1.61	0.0075787
1.615	-0.0099415
1.62	-0.023282
1.625	-0.029096
1.63	-0.025994
1.635	-0.015291
1.64	-0.0038957
1.645	0.0049327
1.65	0.010166
1.655	0.011594
1.66	0.014536
1.665	0.015875
1.67	0.013807
1.675	0.005663
1.68	0.00022746
1.685	0.0012653
1.69	0.00758
1.695	0.017056
1.7	0.023936
1.705	0.025415
1.71	0.02017
1.715	0.0071151
1.72	-0.015797
1.725	-0.036725
1.73	-0.047259
1.735	-0.041642
1.74	-0.012841
1.745	0.01807
1.75	0.036819
1.755	0.036934
1.76	0.013123
1.765	-0.0070874
1.77	-0.012689
1.775	-0.0036742
1.78	0.013963
1.785	0.019907
1.79	0.015353
1.795	0.0041302
1.8	-0.0077991
1.805	-0.0088151
1.81	-0.0013215
1.815	0.011183
1.82	0.024723
1.825	0.027332
1.83	0.021963
1.835	0.011983
1.84	-0.00020971
1.845	-0.014493
1.85	-0.025933
1.855	-0.027116
1.86	-0.014504
1.865	0.013179
1.87	0.030097
1.875	0.030509
1.88	0.014859
1.885	-0.010691
1.89	-0.029405
1.895	-0.033681
1.9	-0.020972
1.905	0.011414
1.91	0.04674
1.915	0.065649
1.92	0.062982
1.925	0.034611
1.93	-0.01282
1.935	-0.046644
1.94	-0.058086
1.945	-0.040661
1.95	0.0018835
1.955	0.040825
1.96	0.065449
1.965	0.068028
1.97	0.034959
1.975	-0.0062741
1.98	-0.035531
1.985	-0.044375
1.99	-0.026312
1.995	0.00013529
2	0.021044
2.005	0.031406
2.01	0.025891
2.015	0.0052977
2.02	-0.017992
2.025	-0.037123
2.03	-0.043822
2.035	-0.023335
2.04	0.0089927
2.045	0.04233
2.05	0.065616
2.055	0.05474
2.06	0.028389
2.065	-6.4647e-05
2.07	-0.021
2.075	-0.025241
2.08	-0.025798
2.085	-0.02433
2.09	-0.019944
2.095	-0.005182
2.1	0.013734
2.105	0.022352
2.11	0.015493
2.115	-0.011441
2.12	-0.033741
2.125	-0.038031
2.13	-0.023262
2.135	0.0091125
2.14	0.036096
2.145	0.042389
2.15	0.03031
2.155	0.0042765
2.16	-0.0040722
2.165	0.010336
2.17	0.036756
2.175	0.063938
2.18	0.056274
2.185	0.021875
2.19	-0.016918
2.195	-0.047308
2.2	-0.05846
2.205	-0.061313
2.21	-0.048726
2.215	-0.01942
2.22	0.023414
2.225	0.033757
2.23	0.017939
2.235	-0.012153
2.24	-0.033353
2.245	-0.031114
2.25	-0.017863
2.255	0.0068196
2.26	0.044782
2.265	0.080881
2.27	0.08753
2.275	0.067054
2.28	0.024446
2.285	-0.0016854
2.29	-0.003344
2.295	0.0034753
2.3	0.0068715
2.305	-0.012058
2.31	-0.033933
2.315	-0.045258
2.32	-0.040881
2.325	-0.020494
2.33	-0.003336
2.335	0.0070138
2.34	0.011219
2.345	0.013118
2.35	0.021806
2.355	0.03413
2.36	0.045197
2.365	0.047557
2.37	0.031608
2.375	0.013887
2.38	-0.0001128
2.385	-0.0054775
2.39	-0.0089013
2.395	-0.012797
2.4	-0.011112
2.405	-0.00019764
2.41	0.013069
2.415	0.0072804
2.42	-0.01093
2.425	-0.034141
2.43	-0.03816
2.435	-0.019003
2.44	0.0018323
2.445	0.014277
2.45	0.005432
2.455	-0.0056066
2.46	-0.0050526
2.465	0.0081804
2.47	0.031861
2.475	0.052314
2.48	0.065485
2.485	0.070472
2.49	0.066715
2.495	0.051078
2.5	0.030734
2.505	0.0093551
2.51	-0.0096009
2.515	-0.02051
2.52	-0.023056
2.525	-0.016764
2.53	-0.002045
2.535	0.016344
2.54	0.026746
2.545	0.027632
2.55	0.018447
2.555	-0.0008679
2.56	-0.021645
2.565	-0.035715
2.57	-0.036986
2.575	-0.014729
2.58	0.038771
2.585	0.09239
2.59	0.12765
2.595	0.12154
2.6	0.070532
2.605	0.02689
2.61	2.6364e-05
2.615	-0.0028759
2.62	0.012269
2.625	0.031043
2.63	0.049136
2.635	0.062275
2.64	0.056806
2.645	0.042026
2.65	0.034709
2.655	0.04291
2.66	0.071505
2.665	0.081371
2.67	0.064489
2.675	0.02602
2.68	-0.012835
2.685	-0.0089456
2.69	0.023139
2.695	0.072163
2.7	0.12124
2.705	0.14499
2.71	0.14907
2.715	0.13879
2.72	0.12046
2.725	0.10464
2.73	0.092552
2.735	0.08521
2.74	0.083624
2.745	0.091967
2.75	0.1044
2.755	0.11523
2.76	0.12009
2.765	0.10992
2.77	0.087858
2.775	0.060199
2.78	0.030415
2.785	0.0038349
2.79	-0.0097953
2.795	-0.0073805
2.8	0.011665
2.805	0.047455
2.81	0.077988
2.815	0.086249
2.82	0.07284
2.825	0.041188
2.83	0.034449
2.835	0.055096
2.84	0.08245
2.845	0.095027
2.85	0.049106
2.855	-0.010576
2.86	-0.062772
2.865	-0.093255
2.87	-0.09176
2.875	-0.063012
2.88	-0.011305
2.885	0.056773
2.89	0.11887
2.895	0.13933
2.9	0.12968
2.905	0.097613
2.91	0.056539
2.915	0.017447
2.92	-0.01977
2.925	-0.051833
2.93	-0.07315
2.935	-0.060464
2.94	-0.030673
2.945	-0.0012668
2.95	0.0088655
2.955	-0.03274
2.96	-0.081173
2.965	-0.11697
2.97	-0.12485
2.975	-0.091757
2.98	-0.035963
2.985	0.034088
2.99	0.10863
2.995	0.15441
3	0.13774
3.005	0.091251
3.01	0.036278
3.015	0.012113
3.02	0.015252
3.025	0.017293
3.03	0.011935
3.035	-0.0039744
3.04	-0.027404
3.045	-0.062104
3.05	-0.10334
3.055	-0.14436
3.06	-0.14601
3.065	-0.12306
3.07	-0.091937
3.075	-0.068681
3.08	-0.081916
3.085	-0.11314
3.09	-0.14659
3.095	-0.17117
3.1	-0.17089
3.105	-0.15537
3.11	-0.13036
3.115	-0.099801
3.12	-0.071524
3.125	-0.076253
3.13	-0.10731
3.135	-0.15315
3.14	-0.18862
3.145	-0.19269
3.15	-0.18412
3.155	-0.16529
3.16	-0.1367
3.165	-0.10006
3.17	-0.076442
3.175	-0.068622
3.18	-0.077873
3.185	-0.089424
3.19	-0.092282
3.195	-0.087567
3.2	-0.076884
3.205	-0.068084
3.21	-0.068899
3.215	-0.076572
3.22	-0.088533
3.225	-0.097626
3.23	-0.10059
3.235	-0.097702
3.24	-0.085943
3.245	-0.055874
3.25	-0.0058544
3.255	0.038858
3.26	0.06617
3.265	0.060298
3.27	0.025334
3.275	-0.003944
3.28	-0.01908
3.285	-0.013004
3.29	0.0047858
3.295	0.039967
3.3	0.10474
3.305	0.2059
3.31	0.30476
3.315	0.33561
3.32	0.31718
3.325	0.26671
3.33	0.23337
3.335	0.21574
3.34	0.20177
3.345	0.19164
3.35	0.20079
3.355	0.2312
3.36	0.25686
3.365	0.26905
3.37	0.2593
3.375	0.24162
3.38	0.22308
3.385	0.20303
3.39	0.17955
3.395	0.14155
3.4	0.089524
3.405	0.030733
3.41	-0.027019
3.415	-0.066477
3.42	-0.091768
3.425	-0.10248
3.43	-0.09924
3.435	-0.089218
3.44	-0.095367
3.445	-0.11533
3.45	-0.14402
3.455	-0.16196
3.46	-0.1485
3.465	-0.11676
3.47	-0.076451
3.475	-0.045767
3.48	-0.028679
3.485	-0.010277
3.49	0.008633
3.495	0.023089
3.5	0.0079652
3.505	-0.021759
3.51	-0.056656
3.515	-0.086694
3.52	-0.1028
3.525	-0.11004
3.53	-0.10585
3.535	-0.087957
3.54	-0.050343
3.545	-0.0019286
3.55	0.051265
3.555	0.10335
3.56	0.13663
3.565	0.14492
3.57	0.14549
3.575	0.1474
3.58	0.16381
3.585	0.18468
3.59	0.19696
3.595	0.1953
3.6	0.17314
3.605	0.1214
3.61	0.057036
3.615	-0.0053889
3.62	-0.048133
3.625	-0.034943
3.63	-0.0054596
3.635	0.020701
3.64	0.026152
3.645	0.0057867
3.65	-0.0064564
3.655	-0.009223
3.66	-0.003906
3.665	-0.0074105
3.67	-0.031382
3.675	-0.072459
3.68	-0.12663
3.685	-0.18194
3.69	-0.20736
3.695	-0.19959
3.7	-0.16035
3.705	-0.09584
3.71	-0.076423
3.715	-0.11283
3.72	-0.17488
3.725	-0.21115
3.73	-0.1492
3.735	-0.090299
3.74	-0.065637
3.745	-0.10246
3.75	-0.17303
3.755	-0.21477
3.76	-0.22947
3.765	-0.21965
3.77	-0.19528
3.775	-0.14438
3.78	-0.090134
3.785	-0.053092
3.79	-0.087677
3.795	-0.12322
3.8	-0.11238
3.805	-0.053325
3.81	0.018492
3.815	0.018135
3.82	-0.020402
3.825	-0.072274
3.83	-0.099228
3.835	-0.078386
3.84	-0.041032
3.845	0.0057569
3.85	0.055633
3.855	0.086637
3.86	0.073274
3.865	0.017583
3.87	-0.074443
3.875	-0.15089
3.88	-0.17926
3.885	-0.16208
3.89	-0.10048
3.895	0.0074403
3.9	0.10256
3.905	0.1485
3.91	0.13241
3.915	0.052605
3.92	-0.017407
3.925	-0.055623
3.93	-0.059282
3.935	-0.032192
3.94	0.012429
3.945	0.063769
3.95	0.11343
3.955	0.15045
3.96	0.13948
3.965	0.1087
3.97	0.078838
3.975	0.070436
3.98	0.10906
3.985	0.15818
3.99	0.20519
3.995	0.24181
4	0.26766
4.005	0.28866
4.01	0.29999
4.015	0.29777
4.02	0.27289
4.025	0.23396
4.03	0.18688
4.035	0.12932
4.04	0.050183
4.045	-0.037637
4.05	-0.09309
4.055	-0.10641
4.06	-0.070408
4.065	-0.041695
4.07	-0.048908
4.075	-0.084483
4.08	-0.1365
4.085	-0.1449
4.09	-0.10497
4.095	-0.037694
4.1	0.036358
4.105	0.068599
4.11	0.07313
4.115	0.062476
4.12	0.04237
4.125	0.0096493
4.13	-0.024198
4.135	-0.051291
4.14	-0.067674
4.145	-0.068038
4.15	-0.040574
4.155	0.0073231
4.16	0.067062
4.165	0.12284
4.17	0.13552
4.175	0.12007
4.18	0.089314
4.185	0.059493
4.19	0.037494
4.195	0.028764
4.2	0.045457
4.205	0.097313
4.21	0.16537
4.215	0.18155
4.22	0.14426
4.225	0.057903
4.23	-0.034672
4.235	-0.09792
4.24	-0.13618
4.245	-0.1456
4.25	-0.10201
4.255	0.0084848
4.26	0.12788
4.265	0.21572
4.27	0.19969
4.275	0.075727
4.28	-0.061818
4.285	-0.18353
4.29	-0.25991
4.295	-0.2516
4.3	-0.19497
4.305	-0.1214
4.31	-0.064582
4.315	-0.075889
4.32	-0.10323
4.325	-0.12934
4.33	-0.14127
4.335	-0.13474
4.34	-0.11465
4.345	-0.081318
4.35	-0.038009
4.355	-0.0023097
4.36	0.006438
4.365	0.0031066
4.37	-0.0051718
4.375	-0.0090061
4.38	-0.017167
4.385	-0.027344
4.39	-0.034764
4.395	-0.030512
4.4	-0.017548
4.405	-0.017135
4.41	-0.036237
4.415	-0.08131
4.42	-0.14127
4.425	-0.17331
4.43	-0.16105
4.435	-0.092256
4.44	0.021819
4.445	0.092641
4.45	0.10212
4.455	0.044786
4.46	-0.045917
4.465	-0.10019
4.47	-0.1238
4.475	-0.12291
4.48	-0.11433
4.485	-0.097281
4.49	-0.067151
4.495	-0.029589
4.5	-0.00082261
4.505	-0.023312
4.51	-0.071334
4.515	-0.12707
4.52	-0.16714
4.525	-0.18412
4.53	-0.20221
4.535	-0.21696
4.54	-0.22221
4.545	-0.18471
4.55	-0.12484
4.555	-0.064351
4.56	-0.021329
4.565	-0.02989
4.57	-0.059132
4.575	-0.081886
4.58	-0.084163
4.585	-0.053999
4.59	-0.010272
4.595	0.045765
4.6	0.11467
4.605	0.19911
4.61	0.25623
4.615	0.26719
4.62	0.23684
4.625	0.17945
4.63	0.14575
4.635	0.12497
4.64	0.10793
4.645	0.084372
4.65	0.075995
4.655	0.088234
4.66	0.10229
4.665	0.10023
4.67	0.043004
4.675	-0.027261
4.68	-0.081381
4.685	-0.10371
4.69	-0.090648
4.695	-0.086613
4.7	-0.086891
4.705	-0.084112
4.71	-0.056735
4.715	-0.02415
4.72	-0.011992
4.725	-0.026219
4.73	-0.069427
4.735	-0.11351
4.74	-0.13197
4.745	-0.1165
4.75	-0.059268
4.755	0.014902
4.76	0.062923
4.765	0.076687
4.77	0.050164
4.775	-0.019397
4.78	-0.097943
4.785	-0.1737
4.79	-0.23715
4.795	-0.26928
4.8	-0.26185
4.805	-0.22067
4.81	-0.15031
4.815	-0.061439
4.82	-0.0062087
4.825	-0.0044543
4.83	-0.052464
4.835	-0.12716
4.84	-0.15666
4.845	-0.15049
4.85	-0.11376
4.855	-0.053214
4.86	0.018517
4.865	0.052702
4.87	0.035472
4.875	-0.04392
4.88	-0.13456
4.885	-0.17694
4.89	-0.17222
4.895	-0.12245
4.9	-0.032789
4.905	0.068102
4.91	0.15316
4.915	0.20243
4.92	0.17512
4.925	0.1078
4.93	0.050631
4.935	0.026268
4.94	0.061081
4.945	0.11719
4.95	0.15439
4.955	0.15536
4.96	0.098101
4.965	-0.013278
4.97	-0.11459
4.975	-0.18809
4.98	-0.21762
4.985	-0.2239
4.99	-0.22109
4.995	-0.19594
5	-0.13716
5.005	-0.047464
5.01	0.0094807
5.015	0.020487
5.02	-0.01979
5.025	-0.094734
5.03	-0.15062
5.035	-0.18099
5.04	-0.18297
5.045	-0.15449
5.05	-0.093203
5.055	-0.026467
5.06	0.020891
5.065	0.00085685
5.07	-0.10172
5.075	-0.21121
5.08	-0.29794
5.085	-0.32846
5.09	-0.2618
5.095	-0.15143
5.1	-0.03216
5.105	0.059769
5.11	0.051566
5.115	0.0014289
5.12	-0.051301
5.125	-0.076365
5.13	-0.043562
5.135	-0.0054657
5.14	0.022086
5.145	0.033055
5.15	0.032509
5.155	0.026027
5.16	0.0033253
5.165	-0.042417
5.17	-0.12372
5.175	-0.2196
5.18	-0.30514
5.185	-0.37304
5.19	-0.41656
5.195	-0.42141
5.2	-0.39424
5.205	-0.34309
5.21	-0.27799
5.215	-0.22234
5.22	-0.16635
5.225	-0.11153
5.23	-0.061749
5.235	-0.058396
5.24	-0.090423
5.245	-0.12972
5.25	-0.15751
5.255	-0.1482
5.26	-0.10867
5.265	-0.041911
5.27	0.044366
5.275	0.12441
5.28	0.11948
5.285	0.047842
5.29	-0.073223
5.295	-0.21199
5.3	-0.32545
5.305	-0.38836
5.31	-0.39274
5.315	-0.33129
5.32	-0.23454
5.325	-0.12485
5.33	-0.012776
5.335	0.087626
5.34	0.053577
5.345	-0.080338
5.35	-0.21479
5.355	-0.27231
5.36	-0.12954
5.365	0.053152
5.37	0.19236
5.375	0.25353
5.38	0.23449
5.385	0.19199
5.39	0.13188
5.395	0.062046
5.4	0.00084044
5.405	0.0091448
5.41	0.057416
5.415	0.11557
5.42	0.13703
5.425	0.063954
5.43	-0.033733
5.435	-0.1171
5.44	-0.14574
5.445	-0.066909
5.45	0.031941
5.455	0.11954
5.46	0.17008
5.465	0.16006
5.47	0.12787
5.475	0.097049
5.48	0.081458
5.485	0.094636
5.49	0.10713
5.495	0.11364
5.5	0.11705
5.505	0.13322
5.51	0.15775
5.515	0.16691
5.52	0.1554
5.525	0.12085
5.53	0.075653
5.535	0.026611
5.54	-0.014343
5.545	-0.031759
5.55	0.020759
5.555	0.10525
5.56	0.20415
5.565	0.29983
5.57	0.3551
5.575	0.34615
5.58	0.27769
5.585	0.15985
5.59	0.049977
5.595	0.027363
5.6	0.082529
5.605	0.20033
5.61	0.32985
5.615	0.39021
5.62	0.38785
5.625	0.32643
5.63	0.21141
5.635	0.072381
5.64	-0.043023
5.645	-0.1171
5.65	-0.13032
5.655	-0.11038
5.66	-0.11852
5.665	-0.1631
5.67	-0.24868
5.675	-0.34211
5.68	-0.40213
5.685	-0.42602
5.69	-0.4132
5.695	-0.3747
5.7	-0.33676
5.705	-0.30253
5.71	-0.27253
5.715	-0.2415
5.72	-0.19841
5.725	-0.14759
5.73	-0.094705
5.735	-0.054102
5.74	-0.020557
5.745	0.030161
5.75	0.10495
5.755	0.20987
5.76	0.32265
5.765	0.41863
5.77	0.49153
5.775	0.53622
5.78	0.53837
5.785	0.5083
5.79	0.45482
5.795	0.38663
5.8	0.31447
5.805	0.22219
5.81	0.11451
5.815	-0.000594
5.82	-0.085157
5.825	-0.13364
5.83	-0.17363
5.835	-0.22103
5.84	-0.30118
5.845	-0.39961
5.85	-0.47835
5.855	-0.51956
5.86	-0.49887
5.865	-0.44578
5.87	-0.41077
5.875	-0.40404
5.88	-0.43264
5.885	-0.47932
5.89	-0.52017
5.895	-0.54649
5.9	-0.55012
5.905	-0.51298
5.91	-0.47265
5.915	-0.45
5.92	-0.45814
5.925	-0.49102
5.93	-0.48774
5.935	-0.44479
5.94	-0.36397
5.945	-0.2621
5.95	-0.14821
5.955	-0.029343
5.96	0.079014
5.965	0.1366
5.97	0.096054
5.975	0.015693
5.98	-0.076906
5.985	-0.14638
5.99	-0.18222
5.995	-0.19825
6	-0.1933
6.005	-0.16561
6.01	-0.1229
6.015	-0.076456
6.02	-0.021745
6.025	0.043934
6.03	0.11042
6.035	0.15086
6.04	0.1763
6.045	0.1986
6.05	0.25752
6.055	0.34973
6.06	0.45071
6.065	0.54766
6.07	0.62231
6.075	0.65818
6.08	0.67775
6.085	0.69774
6.09	0.74616
6.095	0.82419
6.1	0.88817
6.105	0.9292
6.11	0.94077
6.115	0.94266
6.12	0.939
6.125	0.91003
6.13	0.834
6.135	0.62118
6.14	0.37169
6.145	0.19725
6.15	0.17729
6.155	0.40477
6.16	0.6463
6.165	0.79406
6.17	0.80238
6.175	0.65509
6.18	0.49137
6.185	0.37252
6.19	0.31665
6.195	0.334
6.2	0.35049
6.205	0.30462
6.21	0.18321
6.215	-0.022509
6.22	-0.23523
6.225	-0.39313
6.23	-0.51405
6.235	-0.62275
6.24	-0.76875
6.245	-0.86163
6.25	-0.8813
6.255	-0.8183
6.26	-0.72407
6.265	-0.63754
6.27	-0.54881
6.275	-0.45968
6.28	-0.40673
6.285	-0.42754
6.29	-0.46226
6.295	-0.47129
6.3	-0.381
6.305	-0.22093
6.31	-0.0742
6.315	0.032999
6.32	0.075469
6.325	0.049838
6.33	-0.015775
6.335	-0.10266
6.34	-0.18871
6.345	-0.21302
6.35	-0.18343
6.355	-0.087655
6.36	0.082709
6.365	0.3116
6.37	0.42164
6.375	0.37102
6.38	0.14482
6.385	-0.19286
6.39	-0.41164
6.395	-0.46599
6.4	-0.35494
6.405	-0.14256
6.41	0.075199
6.415	0.33407
6.42	0.60814
6.425	0.81369
6.43	0.69465
6.435	0.43608
6.44	0.14744
6.445	-0.031032
6.45	-0.086666
6.455	-0.13157
6.46	-0.15977
6.465	-0.16075
6.47	-0.11324
6.475	-0.049688
6.48	0.025154
6.485	0.10612
6.49	0.17454
6.495	0.22181
6.5	0.2556
6.505	0.28052
6.51	0.30338
6.515	0.3385
6.52	0.39086
6.525	0.46073
6.53	0.54508
6.535	0.58726
6.54	0.55652
6.545	0.45121
6.55	0.27696
6.555	0.08178
6.56	-0.11408
6.565	-0.29374
6.57	-0.43883
6.575	-0.46357
6.58	-0.44587
6.585	-0.41792
6.59	-0.40422
6.595	-0.37039
6.6	-0.29283
6.605	-0.19711
6.61	-0.09908
6.615	-0.014727
6.62	0.098407
6.625	0.26727
6.63	0.48045
6.635	0.66179
6.64	0.61902
6.645	0.47931
6.65	0.33153
6.655	0.32347
6.66	0.4397
6.665	0.52741
6.67	0.56506
6.675	0.54379
6.68	0.53392
6.685	0.53002
6.69	0.5015
6.695	0.41844
6.7	0.25118
6.705	0.11055
6.71	0.040072
6.715	0.068323
6.72	0.20759
6.725	0.34297
6.73	0.41366
6.735	0.3943
6.74	0.28098
6.745	0.23921
6.75	0.2984
6.755	0.44523
6.76	0.62252
6.765	0.74814
6.77	0.84534
6.775	0.91116
6.78	0.93497
6.785	0.83896
6.79	0.6286
6.795	0.3056
6.8	-0.12317
6.805	-0.449
6.81	-0.50064
6.815	-0.36224
6.82	-0.1226
6.825	-0.052798
6.83	-0.095494
6.835	-0.14572
6.84	-0.14596
6.845	-0.056993
6.85	0.0317
6.855	0.10166
6.86	0.14843
6.865	0.17588
6.87	0.15265
6.875	0.090702
6.88	0.010385
6.885	-0.049595
6.89	-0.033116
6.895	0.032759
6.9	0.13578
6.905	0.26171
6.91	0.39052
6.915	0.51387
6.92	0.61571
6.925	0.67638
6.93	0.57512
6.935	0.32295
6.94	0.02089
6.945	-0.24298
6.95	-0.24424
6.955	-0.042592
6.96	0.18889
6.965	0.35251
6.97	0.30414
6.975	0.1413
6.98	0.0050547
6.985	-0.063983
6.99	-0.041624
6.995	-0.039072
7	-0.11151
7.005	-0.26628
7.01	-0.50423
7.015	-0.70318
7.02	-0.76649
7.025	-0.71271
7.03	-0.57104
7.035	-0.44609
7.04	-0.33066
7.045	-0.23993
7.05	-0.19435
7.055	-0.3024
7.06	-0.47103
7.065	-0.60347
7.07	-0.65434
7.075	-0.61338
7.08	-0.60823
7.085	-0.63749
7.09	-0.68717
7.095	-0.7144
7.1	-0.7217
7.105	-0.75464
7.11	-0.82355
7.115	-0.93465
7.12	-1.0097
7.125	-1.0032
7.13	-0.90597
7.135	-0.71293
7.14	-0.42068
7.145	-0.15339
7.15	0.0099689
7.155	0.001466
7.16	-0.247
7.165	-0.46982
7.17	-0.57168
7.175	-0.50184
7.18	-0.26663
7.185	-0.050979
7.19	0.11465
7.195	0.22147
7.2	0.27575
7.205	0.22843
7.21	0.089829
7.215	-0.10407
7.22	-0.27292
7.225	-0.27025
7.23	-0.18537
7.235	-0.072052
7.24	0.0022743
7.245	0.007102
7.25	0.011867
7.255	0.020299
7.26	0.033228
7.265	0.027784
7.27	0.037997
7.275	0.0822
7.28	0.16888
7.285	0.26741
7.29	0.30279
7.295	0.28815
7.3	0.23447
7.305	0.16925
7.31	0.087427
7.315	0.0098977
7.32	-0.041244
7.325	-0.017181
7.33	0.064211
7.335	0.13111
7.34	0.16702
7.345	0.16041
7.35	0.15697
7.355	0.18234
7.36	0.22824
7.365	0.28228
7.37	0.2852
7.375	0.24802
7.38	0.19462
7.385	0.14745
7.39	0.15222
7.395	0.19053
7.4	0.24161
7.405	0.29115
7.41	0.31475
7.415	0.30619
7.42	0.28274
7.425	0.2581
7.43	0.26187
7.435	0.31
7.44	0.36031
7.445	0.38777
7.45	0.35427
7.455	0.25331
7.46	0.14894
7.465	0.070361
7.47	0.049832
7.475	0.11616
7.48	0.19647
7.485	0.26934
7.49	0.31578
7.495	0.32372
7.5	0.32323
7.505	0.32531
7.51	0.33602
7.515	0.35053
7.52	0.34993
7.525	0.34736
7.53	0.35328
7.535	0.39181
7.54	0.43614
7.545	0.45781
7.55	0.44839
7.555	0.40282
7.56	0.35184
7.565	0.31349
7.57	0.29147
7.575	0.28811
7.58	0.31786
7.585	0.36707
7.59	0.41736
7.595	0.44837
7.6	0.40018
7.605	0.31402
7.61	0.22601
7.615	0.16677
7.62	0.18594
7.625	0.24568
7.63	0.32195
7.635	0.39869
7.64	0.44822
7.645	0.44091
7.65	0.39829
7.655	0.33876
7.66	0.30216
7.665	0.30847
7.67	0.32867
7.675	0.35379
7.68	0.3754
7.685	0.40722
7.69	0.45047
7.695	0.4936
7.7	0.52158
7.705	0.46116
7.71	0.32608
7.715	0.14795
7.72	-0.039301
7.725	-0.13662
7.73	-0.15602
7.735	-0.13067
7.74	-0.081417
7.745	-0.024776
7.75	0.036347
7.755	0.10237
7.76	0.17651
7.765	0.27106
7.77	0.34081
7.775	0.33222
7.78	0.23892
7.785	0.072444
7.79	-0.044953
7.795	-0.12656
7.8	-0.20014
7.805	-0.30666
7.81	-0.42483
7.815	-0.47973
7.82	-0.46952
7.825	-0.39698
7.83	-0.27605
7.835	-0.11751
7.84	0.032534
7.845	0.13147
7.85	0.063646
7.855	-0.043963
7.86	-0.1135
7.865	-0.11773
7.87	-0.087407
7.875	-0.10981
7.88	-0.15605
7.885	-0.20819
7.89	-0.23523
7.895	-0.25357
7.9	-0.28517
7.905	-0.33199
7.91	-0.39165
7.915	-0.42634
7.92	-0.42771
7.925	-0.40494
7.93	-0.37046
7.935	-0.36659
7.94	-0.38508
7.945	-0.4092
7.95	-0.42305
7.955	-0.39449
7.96	-0.34429
7.965	-0.29194
7.97	-0.24978
7.975	-0.23245
7.98	-0.21691
7.985	-0.18911
7.99	-0.14569
7.995	-0.090813
8	-0.057172
8.005	-0.05018
8.01	-0.065968
8.015	-0.093535
8.02	-0.1077
8.025	-0.11671
8.03	-0.12623
8.035	-0.14329
8.04	-0.17573
8.045	-0.21592
8.05	-0.25913
8.055	-0.30078
8.06	-0.33741
8.065	-0.3761
8.07	-0.41017
8.075	-0.43129
8.08	-0.40354
8.085	-0.33029
8.09	-0.237
8.095	-0.13627
8.1	-0.040017
8.105	0.042609
8.11	0.082217
8.115	0.05893
8.12	-0.062861
8.125	-0.26356
8.13	-0.47876
8.135	-0.67568
8.14	-0.81216
8.145	-0.77147
8.15	-0.58973
8.155	-0.29674
8.16	0.072055
8.165	0.44142
8.17	0.70817
8.175	0.82586
8.18	0.76353
8.185	0.54073
8.19	0.31499
8.195	0.096788
8.2	-0.1027
8.205	-0.24821
8.21	-0.26069
8.215	-0.17712
8.22	-0.027441
8.225	0.12421
8.23	0.22721
8.235	0.29699
8.24	0.3355
8.245	0.34118
8.25	0.29411
8.255	0.21405
8.26	0.1164
8.265	0.019841
8.27	-0.034235
8.275	-0.051638
8.28	-0.032077
8.285	0.023844
8.29	0.11533
8.295	0.19529
8.3	0.2442
8.305	0.25166
8.31	0.22392
8.315	0.22011
8.32	0.20666
8.325	0.13505
8.33	-0.14635
8.335	-0.57265
8.34	-0.87281
8.345	-0.95607
8.35	-0.74096
8.355	-0.51661
8.36	-0.34347
8.365	-0.16297
8.37	0.1302
8.375	0.51
8.38	0.69309
8.385	0.64865
8.39	0.36794
8.395	0.11167
8.4	-0.0022626
8.405	-0.051279
8.41	-0.099723
8.415	-0.2528
8.42	-0.438
8.425	-0.59699
8.43	-0.69285
8.435	-0.66731
8.44	-0.53711
8.445	-0.35141
8.45	-0.13365
8.455	0.084986
8.46	0.26642
8.465	0.35475
8.47	0.30551
8.475	0.049128
8.48	-0.35419
8.485	-0.68918
8.49	-0.90261
8.495	-0.95037
8.5	-0.85614
8.505	-0.74741
8.51	-0.61774
8.515	-0.45818
8.52	-0.20712
8.525	0.066371
8.53	0.32191
8.535	0.52966
8.54	0.63408
8.545	0.60233
8.55	0.48044
8.555	0.29839
8.56	0.11238
8.565	-0.042069
8.57	-0.15816
8.575	-0.21473
8.58	-0.16508
8.585	0.07637
8.59	0.3366
8.595	0.50343
8.6	0.43748
8.605	0.1336
8.61	-0.17108
8.615	-0.42477
8.62	-0.57831
8.625	-0.45306
8.63	-0.16728
8.635	0.13054
8.64	0.32401
8.645	0.22393
8.65	0.011858
8.655	-0.1922
8.66	-0.3402
8.665	-0.43616
8.67	-0.55939
8.675	-0.67013
8.68	-0.74379
8.685	-0.73837
8.69	-0.68094
8.695	-0.5986
8.7	-0.4968
8.705	-0.37858
8.71	-0.28929
8.715	-0.24128
8.72	-0.22246
8.725	-0.21699
8.73	-0.18325
8.735	-0.13061
8.74	-0.08117
8.745	-0.057573
8.75	-0.1338
8.755	-0.26656
8.76	-0.38941
8.765	-0.45924
8.77	-0.41322
8.775	-0.29804
8.78	-0.15339
8.785	-0.00061358
8.79	0.12825
8.795	0.18253
8.8	0.17573
8.805	0.11865
8.81	0.029132
8.815	-0.08061
8.82	-0.2124
8.825	-0.3488
8.83	-0.46556
8.835	-0.43774
8.84	-0.30616
8.845	-0.11374
8.85	0.093205
8.855	0.182
8.86	0.12834
8.865	0.0014513
8.87	-0.14263
8.875	-0.18693
8.88	-0.17073
8.885	-0.10805
8.89	-0.0064242
8.895	0.12379
8.9	0.14065
8.905	0.077371
8.91	-0.020248
8.915	-0.05177
8.92	0.0010745
8.925	0.047022
8.93	0.063406
8.935	0.031299
8.94	-0.025354
8.945	-0.049477
8.95	-0.01055
8.955	0.11923
8.96	0.30054
8.965	0.36957
8.97	0.33163
8.975	0.20491
8.98	0.13467
8.985	0.16554
8.99	0.22872
8.995	0.27832
9	0.23444
9.005	0.12033
9.01	-0.030596
9.015	-0.20627
9.02	-0.3983
9.025	-0.5588
9.03	-0.6149
9.035	-0.51105
9.04	-0.15948
9.045	0.23627
9.05	0.43031
9.055	0.46174
9.06	0.40744
9.065	0.41944
9.07	0.40753
9.075	0.38539
9.08	0.37064
9.085	0.45214
9.09	0.54519
9.095	0.57912
9.1	0.51136
9.105	0.31563
9.11	0.12807
9.115	-0.013878
9.12	-0.10328
9.125	-0.16413
9.13	-0.23146
9.135	-0.27735
9.14	-0.29039
9.145	-0.25668
9.15	-0.22826
9.155	-0.22073
9.16	-0.22142
9.165	-0.20828
9.17	-0.11314
9.175	0.047093
9.18	0.21555
9.185	0.32941
9.19	0.19069
9.195	-0.021779
9.2	-0.21143
9.205	-0.31799
9.21	-0.37655
9.215	-0.47069
9.22	-0.54636
9.225	-0.56727
9.23	-0.46664
9.235	-0.3496
9.24	-0.29505
9.245	-0.3153
9.25	-0.38692
9.255	-0.38352
9.26	-0.31545
9.265	-0.20361
9.27	-0.083752
9.275	-0.034903
9.28	-0.055352
9.285	-0.11945
9.29	-0.19526
9.295	-0.1816
9.3	-0.12702
9.305	-0.076621
9.31	-0.069296
9.315	-0.14725
9.32	-0.23705
9.325	-0.31638
9.33	-0.37291
9.335	-0.40038
9.34	-0.37891
9.345	-0.2903
9.35	-0.11937
9.355	0.1677
9.36	0.42972
9.365	0.53064
9.37	0.4708
9.375	0.30694
9.38	0.30088
9.385	0.35222
9.39	0.39014
9.395	0.32774
9.4	0.19993
9.405	0.11996
9.41	0.083635
9.415	0.082356
9.42	0.084352
9.425	0.089523
9.43	0.089976
9.435	0.075186
9.44	-0.0027397
9.445	-0.13728
9.45	-0.27755
9.455	-0.39162
9.46	-0.42451
9.465	-0.39932
9.47	-0.35128
9.475	-0.29017
9.48	-0.21995
9.485	-0.14988
9.49	-0.083294
9.495	-0.020725
9.5	0.03768
9.505	0.051811
9.51	0.015757
9.515	-0.057498
9.52	-0.15139
9.525	-0.20617
9.53	-0.20347
9.535	-0.16033
9.54	-0.094529
9.545	-0.060422
9.55	-0.04301
9.555	-0.015439
9.56	0.038002
9.565	0.1347
9.57	0.24918
9.575	0.34586
9.58	0.40138
9.585	0.37264
9.59	0.27258
9.595	0.16166
9.6	0.058702
9.605	-0.018464
9.61	-0.08378
9.615	-0.1384
9.62	-0.16457
9.625	-0.1395
9.63	-0.022462
9.635	0.11599
9.64	0.25421
9.645	0.37203
9.65	0.43658
9.655	0.44859
9.66	0.42166
9.665	0.36826
9.67	0.32316
9.675	0.31731
9.68	0.34605
9.685	0.40576
9.69	0.48811
9.695	0.56078
9.7	0.61087
9.705	0.64038
9.71	0.66112
9.715	0.71464
9.72	0.78028
9.725	0.83578
9.73	0.84974
9.735	0.78548
9.74	0.69464
9.745	0.5869
9.75	0.47
9.755	0.31524
9.76	0.12531
9.765	-0.096089
9.77	-0.3428
9.775	-0.58074
9.78	-0.687
9.785	-0.62146
9.79	-0.38098
9.795	-0.041195
9.8	0.10442
9.805	0.079436
9.81	-0.051136
9.815	-0.10886
9.82	0.023159
9.825	0.17233
9.83	0.27492
9.835	0.25919
9.84	0.1821
9.845	0.11369
9.85	0.05023
9.855	-0.01849
9.86	-0.054653
9.865	0.031425
9.87	0.22137
9.875	0.48101
9.88	0.55921
9.885	0.42504
9.89	0.22065
9.895	0.039466
9.9	0.0061311
9.905	0.016924
9.91	0.034377
9.915	0.053127
9.92	0.099214
9.925	0.16291
9.93	0.2068
9.935	0.21738
9.94	0.1801
9.945	0.099881
9.95	0.0082739
9.955	-0.078017
9.96	-0.13915
9.965	-0.14047
9.97	-0.1145
9.975	-0.078947
9.98	-0.051966
9.985	-0.076604
9.99	-0.15169
9.995	-0.26005
10	-0.38421
10.005	-0.46687
10.01	-0.48507
10.015	-0.45679
10.02	-0.38592
10.025	-0.25762
10.03	-0.10302
10.035	0.0094404
10.04	0.058094
10.045	0.02858
10.05	-0.003524
10.055	-0.024135
10.06	-0.039319
10.065	-0.0631
10.07	-0.10437
10.075	-0.14497
10.08	-0.17859
10.085	-0.19951
10.09	-0.21971
10.095	-0.26813
10.1	-0.32643
10.105	-0.37215
10.11	-0.29976
10.115	-0.16665
10.12	-0.060971
10.125	-0.032018
10.13	-0.11814
10.135	-0.20862
10.14	-0.28279
10.145	-0.3367
10.15	-0.37827
10.155	-0.37256
10.16	-0.32051
10.165	-0.23648
10.17	-0.15051
10.175	-0.11656
10.18	-0.12208
10.185	-0.15836
10.19	-0.21444
10.195	-0.26026
10.2	-0.28421
10.205	-0.28275
10.21	-0.25275
10.215	-0.17887
10.22	-0.09666
10.225	-0.034475
10.23	-0.012616
10.235	-0.060338
10.24	-0.1341
10.245	-0.20596
10.25	-0.26014
10.255	-0.27337
10.26	-0.23663
10.265	-0.17838
10.27	-0.11973
10.275	-0.098852
10.28	-0.13305
10.285	-0.16878
10.29	-0.19118
10.295	-0.18652
10.3	-0.21547
10.305	-0.32469
10.31	-0.49481
10.315	-0.69834
10.32	-0.7781
10.325	-0.76803
10.33	-0.72842
10.335	-0.70017
10.34	-0.66152
10.345	-0.511
10.35	-0.33184
10.355	-0.19584
10.36	-0.2885
10.365	-0.46156
10.37	-0.55904
10.375	-0.54259
10.38	-0.42713
10.385	-0.3335
10.39	-0.24379
10.395	-0.15739
10.4	-0.078713
10.405	-0.11575
10.41	-0.21519
10.415	-0.32501
10.42	-0.38447
10.425	-0.34136
10.43	-0.27307
10.435	-0.18963
10.44	-0.10046
10.445	-0.019299
10.45	0.041934
10.455	0.093068
10.46	0.14205
10.465	0.20704
10.47	0.2901
10.475	0.37921
10.48	0.4627
10.485	0.51114
10.49	0.51503
10.495	0.50475
10.5	0.4803
10.505	0.42691
10.51	0.28643
10.515	0.13518
10.52	0.016011
10.525	-0.018811
10.53	-0.0042191
10.535	-0.021957
10.54	-0.04685
10.545	-0.046888
10.55	0.11629
10.555	0.30591
10.56	0.40921
10.565	0.35198
10.57	0.1226
10.575	-0.052634
10.58	-0.15225
10.585	-0.17048
10.59	-0.12324
10.595	-0.034547
10.6	0.037881
10.605	0.06285
10.61	-0.0079389
10.615	-0.08999
10.62	-0.098812
10.625	-0.02266
10.63	0.1381
10.635	0.31694
10.64	0.47371
10.645	0.58646
10.65	0.6333
10.655	0.57349
10.66	0.50739
10.665	0.4553
10.67	0.42998
10.675	0.39168
10.68	0.31203
10.685	0.22216
10.69	0.14931
10.695	0.16556
10.7	0.23094
10.705	0.26813
10.71	0.24815
10.715	0.15371
10.72	0.090165
10.725	0.069385
10.73	0.075465
10.735	0.068831
10.74	0.018143
10.745	-0.035258
10.75	-0.07704
10.755	-0.092582
10.76	-0.043357
10.765	0.063992
10.77	0.19776
10.775	0.32288
10.78	0.32255
10.785	0.25698
10.79	0.18858
10.795	0.15899
10.8	0.20044
10.805	0.26973
10.81	0.37731
10.815	0.52053
10.82	0.67024
10.825	0.68398
10.83	0.6081
10.835	0.49038
10.84	0.42944
10.845	0.44304
10.85	0.44599
10.855	0.42241
10.86	0.36358
10.865	0.3129
10.87	0.27778
10.875	0.2525
10.88	0.23009
10.885	0.20519
10.89	0.1813
10.895	0.16337
10.9	0.15753
10.905	0.19345
10.91	0.27481
10.915	0.36992
10.92	0.45463
10.925	0.47574
10.93	0.47594
10.935	0.49621
10.94	0.53925
10.945	0.57577
10.95	0.5221
10.955	0.41464
10.96	0.28472
10.965	0.18374
10.97	0.16634
10.975	0.19325
10.98	0.25418
10.985	0.33893
10.99	0.44699
10.995	0.53481
11	0.57623
11.005	0.54919
11.01	0.43973
11.015	0.31918
11.02	0.20813
11.025	0.1204
11.03	0.072422
11.035	0.047342
11.04	0.030503
11.045	0.014997
11.05	-0.0063406
11.055	-0.039632
11.06	-0.082064
11.065	-0.12416
11.07	-0.1441
11.075	-0.091834
11.08	-0.0070008
11.085	0.085008
11.09	0.1514
11.095	0.18779
11.1	0.2332
11.105	0.28151
11.11	0.32367
11.115	0.30713
11.12	0.25677
11.125	0.18863
11.13	0.11233
11.135	0.014334
11.14	-0.09994
11.145	-0.20163
11.15	-0.27426
11.155	-0.29703
11.16	-0.30774
11.165	-0.30871
11.17	-0.28055
11.175	-0.16332
11.18	0.081314
11.185	0.31491
11.19	0.46885
11.195	0.45281
11.2	0.29566
11.205	0.12309
11.21	-0.042476
11.215	-0.18373
11.22	-0.21373
11.225	-0.15169
11.23	-0.055283
11.235	0.02144
11.24	-0.017442
11.245	-0.080367
11.25	-0.14259
11.255	-0.1995
11.26	-0.30391
11.265	-0.43028
11.27	-0.50592
11.275	-0.50225
11.28	-0.4004
11.285	-0.31309
11.29	-0.28052
11.295	-0.30495
11.3	-0.37443
11.305	-0.41823
11.31	-0.4029
11.315	-0.3201
11.32	-0.16327
11.325	-0.0083985
11.33	0.04729
11.335	0.011222
11.34	-0.10079
11.345	-0.17873
11.35	-0.19185
11.355	-0.16649
11.36	-0.12204
11.365	-0.083067
11.37	-0.049701
11.375	-0.028753
11.38	-0.018703
11.385	-0.00017675
11.39	0.065058
11.395	0.13323
11.4	0.18067
11.405	0.17093
11.41	0.12679
11.415	0.080213
11.42	0.035653
11.425	-0.0064451
11.43	-0.047445
11.435	-0.066191
11.44	-0.059813
11.445	-0.027561
11.45	-0.016832
11.455	-0.038701
11.46	-0.073974
11.465	-0.10494
11.47	-0.093809
11.475	-0.043838
11.48	0.030562
11.485	0.11768
11.49	0.18892
11.495	0.21746
11.5	0.20458
11.505	0.15309
11.51	0.071238
11.515	0.00082262
11.52	-0.061763
11.525	-0.12205
11.53	-0.19035
11.535	-0.22343
11.54	-0.2085
11.545	-0.16093
11.55	-0.1032
11.555	-0.076652
11.56	-0.033762
11.565	0.03872
11.57	0.14897
11.575	0.24856
11.58	0.30644
11.585	0.3428
11.59	0.37068
11.595	0.40029
11.6	0.39974
11.605	0.36957
11.61	0.31432
11.615	0.25246
11.62	0.20132
11.625	0.142
11.63	0.062579
11.635	-0.056878
11.64	-0.18695
11.645	-0.29371
11.65	-0.37069
11.655	-0.41408
11.66	-0.40638
11.665	-0.36079
11.67	-0.28987
11.675	-0.20772
11.68	-0.148
11.685	-0.13
11.69	-0.15726
11.695	-0.22823
11.7	-0.30555
11.705	-0.338
11.71	-0.33136
11.715	-0.2888
11.72	-0.21404
11.725	-0.1292
11.73	-0.066362
11.735	-0.041668
11.74	-0.078341
11.745	-0.13534
11.75	-0.18197
11.755	-0.21833
11.76	-0.25374
11.765	-0.29892
11.77	-0.31751
11.775	-0.29075
11.78	-0.19978
11.785	-0.032549
11.79	0.14365
11.795	0.2914
11.8	0.37577
11.805	0.32522
11.81	0.24356
11.815	0.17962
11.82	0.15888
11.825	0.17772
11.83	0.18924
11.835	0.17737
11.84	0.13215
11.845	0.036117
11.85	-0.071144
11.855	-0.14583
11.86	-0.17562
11.865	-0.15153
11.87	-0.093264
11.875	-0.0083133
11.88	0.098662
11.885	0.2216
11.89	0.29299
11.895	0.29313
11.9	0.23754
11.905	0.14563
11.91	0.086467
11.915	0.047209
11.92	0.0013761
11.925	-0.065717
11.93	-0.13299
11.935	-0.14294
11.94	-0.1195
11.945	-0.083624
11.95	-0.089155
11.955	-0.13618
11.96	-0.18665
11.965	-0.2226
11.97	-0.21966
11.975	-0.18377
11.98	-0.15438
11.985	-0.1456
11.99	-0.17295
11.995	-0.21494
12	-0.23529
12.005	-0.22433
12.01	-0.17395
12.015	-0.067114
12.02	0.067208
12.025	0.19334
12.03	0.27571
12.035	0.20662
12.04	0.065477
12.045	-0.07323
12.05	-0.16897
12.055	-0.19866
12.06	-0.22832
12.065	-0.25672
12.07	-0.27472
12.075	-0.25169
12.08	-0.21521
12.085	-0.20294
12.09	-0.21821
12.095	-0.2538
12.1	-0.26952
12.105	-0.26966
12.11	-0.25451
12.115	-0.22428
12.12	-0.14649
12.125	-0.038471
12.13	0.079343
12.135	0.18615
12.14	0.2365
12.145	0.24385
12.15	0.22145
12.155	0.17604
12.16	0.09781
12.165	-0.02071
12.17	-0.12872
12.175	-0.18972
12.18	-0.12835
12.185	-0.03923
12.19	-0.010375
12.195	-0.057317
12.2	-0.16894
12.205	-0.23656
12.21	-0.25329
12.215	-0.22792
12.22	-0.17655
12.225	-0.068491
12.23	0.099956
12.235	0.28868
12.24	0.45085
12.245	0.43495
12.25	0.33916
12.255	0.21876
12.26	0.11214
12.265	0.0024483
12.27	-0.14098
12.275	-0.25321
12.28	-0.28882
12.285	-0.16128
12.29	0.00040034
12.295	0.096184
12.3	0.093965
12.305	-0.019118
12.31	-0.090182
12.315	-0.073383
12.32	0.014968
12.325	0.12766
12.33	0.17604
12.335	0.1939
12.34	0.19581
12.345	0.1975
12.35	0.19933
12.355	0.19607
12.36	0.18781
12.365	0.17485
12.37	0.15884
12.375	0.14386
12.38	0.12951
12.385	0.11465
12.39	0.092746
12.395	0.061252
12.4	0.027312
12.405	-0.0036822
12.41	-0.020052
12.415	-0.023369
12.42	-0.027396
12.425	-0.03517
12.43	-0.047181
12.435	-0.043824
12.44	-0.020969
12.445	0.018065
12.45	0.067337
12.455	0.10125
12.46	0.12367
12.465	0.143
12.47	0.168
12.475	0.20935
12.48	0.24204
12.485	0.25362
12.49	0.2352
12.495	0.17926
12.5	0.10978
12.505	0.032028
12.51	-0.053338
12.515	-0.15398
12.52	-0.2384
12.525	-0.26873
12.53	-0.22947
12.535	-0.10339
12.54	0.036012
12.545	0.12334
12.55	0.14459
12.555	0.09133
12.56	0.033079
12.565	0.0056906
12.57	-0.00098249
12.575	-0.0022073
12.58	-0.029718
12.585	-0.060204
12.59	-0.085177
12.595	-0.098065
12.6	-0.10013
12.605	-0.091429
12.61	-0.061039
12.615	-0.0033582
12.62	0.081661
12.625	0.13996
12.63	0.16429
12.635	0.15742
12.64	0.13768
12.645	0.12297
12.65	0.10545
12.655	0.080561
12.66	0.041379
12.665	-0.015236
12.67	-0.070088
12.675	-0.11146
12.68	-0.12551
12.685	-0.10349
12.69	-0.081141
12.695	-0.066044
12.7	-0.06408
12.705	-0.065671
12.71	-0.060341
12.715	-0.047098
12.72	-0.023332
12.725	0.028017
12.73	0.098194
12.735	0.15882
12.74	0.19384
12.745	0.18083
12.75	0.14409
12.755	0.092388
12.76	0.025323
12.765	-0.063834
12.77	-0.1336
12.775	-0.15071
12.78	-0.11696
12.785	-0.042883
12.79	0.020673
12.795	0.075302
12.8	0.12002
12.805	0.15338
12.81	0.13803
12.815	0.097552
12.82	0.051063
12.825	0.013315
12.83	-0.009548
12.835	-0.042287
12.84	-0.081809
12.845	-0.12136
12.85	-0.13068
12.855	-0.10357
12.86	-0.07035
12.865	-0.045068
12.87	-0.045031
12.875	-0.039114
12.88	-0.0098291
12.885	0.039416
12.89	0.095602
12.895	0.10826
12.9	0.087345
12.905	0.048101
12.91	0.0099243
12.915	0.0049206
12.92	0.011061
12.925	0.021556
12.93	0.030938
12.935	0.047187
12.94	0.067929
12.945	0.079393
12.95	0.071038
12.955	0.022541
12.96	-0.033699
12.965	-0.078189
12.97	-0.10497
12.975	-0.11825
12.98	-0.13344
12.985	-0.14078
12.99	-0.1347
12.995	-0.10643
13	-0.075482
13.005	-0.054709
13.01	-0.042173
13.015	-0.032453
13.02	-0.025725
13.025	-0.035131
13.03	-0.061088
13.035	-0.10249
13.04	-0.13523
13.045	-0.14036
13.05	-0.1237
13.055	-0.09275
13.06	-0.081285
13.065	-0.098895
13.07	-0.12041
13.075	-0.12885
13.08	-0.092968
13.085	-0.036547
13.09	0.015771
13.095	0.055137
13.1	0.074574
13.105	0.078075
13.11	0.074109
13.115	0.065986
13.12	0.057569
13.125	0.048488
13.13	0.040972
13.135	0.040922
13.14	0.055113
13.145	0.087181
13.15	0.1007
13.155	0.086294
13.16	0.038457
13.165	-0.019059
13.17	-0.042231
13.175	-0.031736
13.18	0.0080796
13.185	0.050661
13.19	0.063359
13.195	0.0547
13.2	0.031451
13.205	0.0086005
13.21	-0.0024636
13.215	-0.0067068
13.22	-0.0061624
13.225	-0.0032619
13.23	0.0022728
13.235	0.0087449
13.24	0.01483
13.245	0.018839
13.25	0.018885
13.255	0.017073
13.26	0.013121
13.265	0.0067019
13.27	-0.0036585
13.275	-0.01553
13.28	-0.026827
13.285	-0.035659
13.29	-0.03702
13.295	-0.033559
13.3	-0.029738
13.305	-0.028013
13.31	-0.031513
13.315	-0.035549
13.32	-0.03788
13.325	-0.038108
13.33	-0.036647
13.335	-0.033023
13.34	-0.028346
13.345	-0.023548
13.35	-0.020007
13.355	-0.020416
13.36	-0.022994
13.365	-0.02605
13.37	-0.02775
13.375	-0.027662
13.38	-0.02827
13.385	-0.029356
13.39	-0.030679
13.395	-0.031411
13.4	-0.031643
13.405	-0.031165
13.41	-0.03002
13.415	-0.029066
13.42	-0.028653
13.425	-0.028114
13.43	-0.027513
13.435	-0.027751
13.44	-0.028106
13.445	-0.027983
13.45	-0.027534
13.455	-0.027306
13.46	-0.027491
13.465	-0.027337
13.47	-0.027001
13.475	-0.026787
13.48	-0.027061
13.485	-0.026955
13.49	-0.026725
13.495	-0.026614
13.5	-0.026583
13.505	-0.026327
13.51	-0.026062
13.515	-0.025947
13.52	-0.026255
13.525	-0.026377
13.53	-0.02621
13.535	-0.025798
13.54	-0.025504
13.545	-0.0254
13.55	-0.025539
13.555	-0.025698
13.56	-0.025264
13.565	-0.024968
13.57	-0.025168
13.575	-0.025404
13.58	-0.02486
13.585	-0.024422
13.59	-0.024508
13.595	-0.024784
13.6	-0.024865
13.605	-0.024451
13.61	-0.024146
13.615	-0.024041
13.62	-0.024159
13.625	-0.024089
13.63	-0.023893
13.635	-0.023714
13.64	-0.02362
13.645	-0.023623
13.65	-0.023594
13.655	-0.02346
13.66	-0.0232
13.665	-0.022818
13.67	-0.022909
13.675	-0.023014
13.68	-0.022941
13.685	-0.022454
13.69	-0.022669
13.695	-0.022807
13.7	-0.022627
13.705	-0.021905
13.71	-0.021801
13.715	-0.022008
13.72	-0.022196
13.725	-0.022089
13.73	-0.021722
13.735	-0.021575
13.74	-0.021496
13.745	-0.021404
13.75	-0.021306
13.755	-0.021338
13.76	-0.021208
13.765	-0.020895
13.77	-0.020702
13.775	-0.02068
13.78	-0.02066
13.785	-0.020592
13.79	-0.020439
13.795	-0.020246
13.8	-0.020281
13.805	-0.020308
13.81	-0.01993
13.815	-0.019828
13.82	-0.01977
13.825	-0.019615
13.83	-0.019256
13.835	-0.01935
13.84	-0.019461
13.845	-0.019464
13.85	-0.01926
13.855	-0.018674
13.86	-0.018722
13.865	-0.018874
13.87	-0.018857
13.875	-0.018402
13.88	-0.01837
13.885	-0.018368
13.89	-0.018249
13.895	-0.017878
13.9	-0.017737
13.905	-0.017906
13.91	-0.018138
13.915	-0.017959
13.92	-0.017189
13.925	-0.017001
13.93	-0.017224
13.935	-0.017566
13.94	-0.017039
13.945	-0.016855
13.95	-0.01683
13.955	-0.016798
13.96	-0.01654
13.965	-0.016345
13.97	-0.016359
13.975	-0.016576
13.98	-0.016504
13.985	-0.015741
13.99	-0.01537
13.995	-0.015609
14	-0.016036
14.005	-0.015593
14.01	-0.015279
14.015	-0.015265
14.02	-0.015534
14.025	-0.015168
14.03	-0.014814
14.035	-0.01463
14.04	-0.014753
14.045	-0.014645
14.05	-0.014622
14.055	-0.014527
14.06	-0.014216
14.065	-0.013755
14.07	-0.013869
14.075	-0.014072
14.08	-0.01405
14.085	-0.013657
14.09	-0.013509
14.095	-0.013409
14.1	-0.013276
14.105	-0.013095
14.11	-0.013029
14.115	-0.012997
14.12	-0.012954
14.125	-0.012834
14.13	-0.012389
14.135	-0.01217
14.14	-0.012205
14.145	-0.012424
14.15	-0.012148
14.155	-0.012146
14.16	-0.012194
14.165	-0.012006
14.17	-0.011457
14.175	-0.011325
14.18	-0.011319
14.185	-0.011235
14.19	-0.011232
14.195	-0.011068
14.2	-0.010884
14.205	-0.010755
14.21	-0.010723
14.215	-0.010325
14.22	-0.010281
14.225	-0.010566
14.23	-0.010429
14.235	-0.0099132
14.24	-0.0099302
14.245	-0.010204
14.25	-0.0098702
14.255	-0.0093415
14.26	-0.0092524
14.265	-0.0093582
14.27	-0.0092759
14.275	-0.0091651
14.28	-0.0091006
14.285	-0.0089738
14.29	-0.008702
14.295	-0.0084777
14.3	-0.0083993
14.305	-0.008408
14.31	-0.0084305
14.315	-0.0081751
14.32	-0.0079241
14.325	-0.0078623
14.33	-0.0079587
14.335	-0.0078256
14.34	-0.0075514
14.345	-0.0073406
14.35	-0.0072169
14.355	-0.0071336
14.36	-0.0071688
14.365	-0.007068
14.37	-0.0068204
14.375	-0.0064541
14.38	-0.0065232
14.385	-0.0066
14.39	-0.0065221
14.395	-0.0061539
14.4	-0.0059107
14.405	-0.006084
14.41	-0.0061889
14.415	-0.0058853
14.42	-0.005033
14.425	-0.0052974
14.43	-0.0057752
14.435	-0.0059248
14.44	-0.0049602
14.445	-0.0046536
14.45	-0.0046681
14.455	-0.0048151
14.46	-0.0047947
14.465	-0.0047954
14.47	-0.0046347
14.475	-0.0043256
14.48	-0.0039428
14.485	-0.0038537
14.49	-0.0039545
14.495	-0.0040622
14.5	-0.003965
14.505	-0.0034107
14.51	-0.0032066
14.515	-0.0033154
14.52	-0.0036401
14.525	-0.003314
14.53	-0.002999
14.535	-0.0027618
14.54	-0.0026366
14.545	-0.002624
14.55	-0.0026695
14.555	-0.0025076
14.56	-0.0022018
14.565	-0.0023029
14.57	-0.0022259
14.575	-0.0019178
14.58	-0.0016116
14.585	-0.0018584
14.59	-0.0015712
14.595	-0.0013032
14.6	-0.001291
14.605	-0.0017957
14.61	-0.0013565
14.615	-0.00091495
14.62	-0.0006881
14.625	-0.00083111
14.63	-0.00068013
14.635	-0.00050392
14.64	-0.0070578
14.645	-0.0067056
14.65	-0.0063435
14.655	-0.0060769
14.66	-0.0056357
14.665	-0.0049998
14.67	-0.0045665
14.675	-0.0044323
14.68	-0.0039217
14.685	-0.003146
14.69	-0.0028541
14.695	-0.0028019
14.7	-0.002394
14.705	-0.0017817
14.71	-0.0013622
14.715	-0.00085725
14.72	-0.0004814
14.725	-0.00019965
14.73	4.6489e-05
14.735	0.00064516
14.74	0.0011109
14.745	0.0014876
14.75	0.0018127
14.755	0.0021259
14.76	0.0026158
14.765	0.0030413
14.77	0.0033407
14.775	0.0038217
14.78	0.0043592
14.785	0.0045444
14.79	0.0045703
14.795	0.0054886
14.8	0.0060865
14.805	0.0061909
14.81	0.0061706
14.815	0.0068509
14.82	0.0070992
14.825	0.0073334
14.83	0.007754
14.835	0.0085773
14.84	0.0089193
14.845	0.009113
14.85	0.0093304
14.855	0.0096927
14.86	0.0096893
14.865	0.010059
14.87	0.010756
14.875	0.011605
14.88	0.011479
14.885	0.011566
14.89	0.011831
14.895	0.012183
14.9	0.012295
14.905	0.01295
14.91	0.013477
14.915	0.013741
14.92	0.013762
14.925	0.014149
14.93	0.0144
14.935	0.014576
14.94	0.014861
14.945	0.015093
14.95	0.015381
14.955	0.015765
14.96	0.016267
14.965	0.0164
14.97	0.016509
14.975	0.016596
14.98	0.016694
14.985	0.017132
14.99	0.017641
14.995	0.017798
15	0.017588
15.005	0.017896
15.01	0.018579
15.015	0.018819
15.02	0.018624
15.025	0.018676
15.03	0.018948
15.035	0.019159
15.04	0.019329
15.045	0.019579
15.05	0.019791
15.055	0.01993
15.06	0.020029
15.065	0.020128
15.07	0.020457
15.075	0.020546
15.08	0.020573
15.085	0.020685
15.09	0.020841
15.095	0.020839
15.1	0.020956
15.105	0.021274
15.11	0.021376
15.115	0.021272
15.12	0.021302
15.125	0.02151
15.13	0.021645
15.135	0.02167
15.14	0.021635
15.145	0.021614
15.15	0.021751
15.155	0.021953
15.16	0.021957
15.165	0.021866
15.17	0.021865
15.175	0.021927
15.18	0.02198
15.185	0.022021
15.19	0.022044
15.195	0.021902
15.2	0.021839
15.205	0.021917
15.21	0.022106
15.215	0.021797
15.22	0.021689
15.225	0.02177
15.23	0.021947
15.235	0.021814
15.24	0.021816
15.245	0.02169
15.25	0.021457
15.255	0.021336
15.26	0.021395
15.265	0.021358
15.27	0.021222
15.275	0.021044
15.28	0.021066
15.285	0.021136
15.29	0.021071
15.295	0.020687
15.3	0.020385
15.305	0.020412
15.31	0.020508
15.315	0.020465
15.32	0.020132
15.325	0.01994
15.33	0.019802
15.335	0.019668
15.34	0.019501
15.345	0.019493
15.35	0.019355
15.355	0.019052
15.36	0.018754
15.365	0.018742
15.37	0.018612
15.375	0.018353
15.38	0.018093
15.385	0.01798
15.39	0.017847
15.395	0.017677
15.4	0.017465
15.405	0.017169
15.41	0.016954
15.415	0.016782
15.42	0.016611
15.425	0.016316
15.43	0.016126
15.435	0.015966
15.44	0.015776
15.445	0.015433
15.45	0.015144
15.455	0.014968
15.46	0.014869
15.465	0.014602
15.47	0.014185
15.475	0.01389
15.48	0.013727
15.485	0.013567
15.49	0.013343
15.495	0.013103
15.5	0.01283
15.505	0.01248
15.51	0.012217
15.515	0.011973
15.52	0.011728
15.525	0.011467
15.53	0.011215
15.535	0.010927
15.54	0.010687
15.545	0.010525
15.55	0.010138
15.555	0.0097415
15.56	0.0094997
15.565	0.0094126
15.57	0.0091244
15.575	0.0087313
15.58	0.0084262
15.585	0.0082204
15.59	0.0079959
15.595	0.0076247
15.6	0.007354
15.605	0.0071547
15.61	0.0069033
15.615	0.0065388
15.62	0.0062604
15.625	0.0060167
15.63	0.0057293
15.635	0.0054827
15.64	0.0051952
15.645	0.0049072
15.65	0.0046506
15.655	0.0044198
15.66	0.004084
15.665	0.0037801
15.67	0.0035605
15.675	0.0033114
15.68	0.0030205
15.685	0.0027817
15.69	0.0025809
15.695	0.0022551
15.7	0.0019464
15.705	0.0016975
15.71	0.0014841
15.715	0.001236
15.72	0.0010015
15.725	0.00073211
15.73	0.00046032
15.735	0.00023851
15.74	-4.6565e-06
15.745	-0.000259
15.75	-0.00050657
15.755	-0.00073159
15.76	-0.00094127
15.765	-0.0011473
15.77	-0.0013839
15.775	-0.0016593
15.78	-0.0018694
15.785	-0.0020979
15.79	-0.0023236
15.795	-0.0025312
15.8	-0.0026867
15.805	-0.0028769
15.81	-0.0030867
15.815	-0.0033123
15.82	-0.0035556
15.825	-0.0037334
15.83	-0.0038922
15.835	-0.0040529
15.84	-0.0042393
15.845	-0.0044248
15.85	-0.0046145
15.855	-0.0047878
15.86	-0.0049236
15.865	-0.0050975
15.87	-0.0052667
15.875	-0.0054175
15.88	-0.0055455
15.885	-0.005708
15.89	-0.0058597
15.895	-0.0059926
15.9	-0.0061086
15.905	-0.0062355
15.91	-0.0063792
15.915	-0.0065041
15.92	-0.0066069
15.925	-0.0067076
15.93	-0.0068075
15.935	-0.0069104
15.94	-0.0070169
15.945	-0.0071272
15.95	-0.0072049
15.955	-0.0072804
15.96	-0.0073602
15.965	-0.0074488
15.97	-0.0075083
15.975	-0.0075717
15.98	-0.0076412
15.985	-0.0077148
15.99	-0.0077284
15.995	-0.0077663
16	-0.0078257
16.005	-0.0078952
16.01	-0.0079088
16.015	-0.007922
16.02	-0.0079484
16.025	-0.0079831
16.03	-0.0079948
16.035	-0.0079906
16.04	-0.0079951
16.045	-0.0080062
16.05	-0.0080104
16.055	-0.0079972
16.06	-0.0079831
16.065	-0.007968
16.07	-0.0079493
16.075	-0.0079168
16.08	-0.007885
16.085	-0.0078545
16.09	-0.0078249
16.095	-0.007777
16.1	-0.007725
16.105	-0.0076728
16.11	-0.0076214
16.115	-0.007566
16.12	-0.0075026
16.125	-0.0074338
16.13	-0.0073612
16.135	-0.0072872
16.14	-0.0072082
16.145	-0.0071277
16.15	-0.0070442
16.155	-0.0069536
16.16	-0.0068575
16.165	-0.0067616
16.17	-0.0066636
16.175	-0.0065596
16.18	-0.0064536
16.185	-0.0063454
16.19	-0.0062333
16.195	-0.0061163
16.2	-0.0059978
16.205	-0.005877
16.21	-0.0057531
16.215	-0.005626
16.22	-0.0054967
16.225	-0.0053652
16.23	-0.0052312
16.235	-0.0050948
16.24	-0.0049561
16.245	-0.0048154
16.25	-0.0046728
16.255	-0.0045283
16.26	-0.0043819
