0	0.0015795
0.005	0.0017097
0.01	0.0017326
0.015	0.0017441
0.02	0.0017503
0.025	0.0017518
0.03	0.0017406
0.035	0.001715
0.04	0.0016604
0.045	0.0015656
0.05	0.001429
0.055	0.0012664
0.06	0.0011113
0.065	0.0010118
0.07	0.00099938
0.075	0.0010863
0.08	0.0012628
0.085	0.0015073
0.09	0.0018532
0.095	0.0022885
0.1	0.0028275
0.105	0.0033971
0.11	0.0038434
0.115	0.0040347
0.12	0.0038715
0.125	0.003341
0.13	0.002539
0.135	0.0016812
0.14	0.00093758
0.145	0.00033131
0.15	-0.00015632
0.155	-0.000512
0.16	-0.00084686
0.165	-0.0010422
0.17	-0.0010359
0.175	-0.00094355
0.18	-0.00076697
0.185	-0.00064617
0.19	-0.00048791
0.195	2.1044e-06
0.2	0.0010584
0.205	0.0026851
0.21	0.0045004
0.215	0.0062939
0.22	0.0076746
0.225	0.0082708
0.23	0.0078345
0.235	0.0064342
0.24	0.0043317
0.245	0.0019832
0.25	-0.0003723
0.255	-0.002205
0.26	-0.0028548
0.265	-0.002421
0.27	-0.0015759
0.275	-0.00082455
0.28	-0.00060773
0.285	-0.00087254
0.29	-0.001182
0.295	-0.0011017
0.3	-0.00045161
0.305	0.0003338
0.31	0.00084376
0.315	0.0015464
0.32	0.0030106
0.325	0.0052983
0.33	0.0081967
0.335	0.010921
0.34	0.012149
0.345	0.010796
0.35	0.0060796
0.355	-0.0019346
0.36	-0.011881
0.365	-0.021578
0.37	-0.028089
0.375	-0.030919
0.38	-0.030942
0.385	-0.029224
0.39	-0.026891
0.395	-0.024613
0.4	-0.021693
0.405	-0.017636
0.41	-0.013496
0.415	-0.010692
0.42	-0.010155
0.425	-0.012043
0.43	-0.014429
0.435	-0.014309
0.44	-0.010127
0.445	-0.0022555
0.45	0.0070987
0.455	0.013727
0.46	0.013464
0.465	0.0064743
0.47	-0.002909
0.475	-0.010485
0.48	-0.013085
0.485	-0.010026
0.49	-0.005539
0.495	-0.0063587
0.5	-0.013995
0.505	-0.024155
0.51	-0.030348
0.515	-0.027775
0.52	-0.019591
0.525	-0.012566
0.53	-0.01326
0.535	-0.02268
0.54	-0.034966
0.545	-0.045517
0.55	-0.051003
0.555	-0.049153
0.56	-0.040808
0.565	-0.030512
0.57	-0.024395
0.575	-0.024735
0.58	-0.026259
0.585	-0.022081
0.59	-0.0091579
0.595	0.0097765
0.6	0.027696
0.605	0.036758
0.61	0.035295
0.615	0.029578
0.62	0.029557
0.625	0.040248
0.63	0.055251
0.635	0.059682
0.64	0.043985
0.645	0.014238
0.65	-0.013629
0.655	-0.025329
0.66	-0.014941
0.665	0.01143
0.67	0.040679
0.675	0.061764
0.68	0.068573
0.685	0.062358
0.69	0.051334
0.695	0.04442
0.7	0.048699
0.705	0.062789
0.71	0.082742
0.715	0.10399
0.72	0.12416
0.725	0.14179
0.73	0.15637
0.735	0.16948
0.74	0.18172
0.745	0.19195
0.75	0.19975
0.755	0.20384
0.76	0.20386
0.765	0.20319
0.77	0.206
0.775	0.21343
0.78	0.22295
0.785	0.23142
0.79	0.23592
0.795	0.23222
0.8	0.2202
0.805	0.19857
0.81	0.16605
0.815	0.12195
0.82	0.067603
0.825	0.0057522
0.83	-0.064154
0.835	-0.13496
0.84	-0.20153
0.845	-0.26523
0.85	-0.32486
0.855	-0.38205
0.86	-0.43555
0.865	-0.47895
0.87	-0.50804
0.875	-0.51628
0.88	-0.49828
0.885	-0.45819
0.89	-0.41061
0.895	-0.37104
0.9	-0.34368
0.905	-0.32214
0.91	-0.29584
0.915	-0.24966
0.92	-0.17027
0.925	-0.052595
0.93	0.087414
0.935	0.2289
0.94	0.35154
0.945	0.43993
0.95	0.49094
0.955	0.51078
0.96	0.51125
0.965	0.50728
0.97	0.51072
0.975	0.52654
0.98	0.54326
0.985	0.54001
0.99	0.50253
0.995	0.42926
1	0.31952
1.005	0.17573
1.01	-0.00031888
1.015	-0.1798
1.02	-0.32186
1.025	-0.41178
1.03	-0.45511
1.035	-0.46682
1.04	-0.45336
1.045	-0.41261
1.05	-0.34557
1.055	-0.26168
1.06	-0.17408
1.065	-0.099114
1.07	-0.044838
1.075	-0.0031133
1.08	0.042944
1.085	0.099241
1.09	0.15013
1.095	0.17295
1.1	0.1504
1.105	0.082972
1.11	-0.015264
1.115	-0.12851
1.12	-0.24759
1.125	-0.35444
1.13	-0.43273
1.135	-0.4826
1.14	-0.51625
1.145	-0.54436
1.15	-0.56461
1.155	-0.56603
1.16	-0.53895
1.165	-0.48494
1.17	-0.41442
1.175	-0.34286
1.18	-0.27958
1.185	-0.22023
1.19	-0.15906
1.195	-0.091937
1.2	-0.024594
1.205	0.03576
1.21	0.089792
1.215	0.13756
1.22	0.1817
1.225	0.21871
1.23	0.24155
1.235	0.25227
1.24	0.26013
1.245	0.27412
1.25	0.29652
1.255	0.32155
1.26	0.34042
1.265	0.34594
1.27	0.3381
1.275	0.32514
1.28	0.31358
1.285	0.30565
1.29	0.30126
1.295	0.29932
1.3	0.2974
1.305	0.29085
1.31	0.27459
1.315	0.24302
1.32	0.19213
1.325	0.12211
1.33	0.033856
1.335	-0.066135
1.34	-0.16432
1.345	-0.25476
1.35	-0.33906
1.355	-0.41899
1.36	-0.4926
1.365	-0.54992
1.37	-0.57978
1.375	-0.57928
1.38	-0.55587
1.385	-0.51826
1.39	-0.47412
1.395	-0.42431
1.4	-0.3626
1.405	-0.28001
1.41	-0.17386
1.415	-0.050368
1.42	0.07962
1.425	0.19643
1.43	0.28683
1.435	0.35683
1.44	0.42209
1.445	0.48623
1.45	0.53814
1.455	0.56736
1.46	0.56868
1.465	0.54574
1.47	0.51089
1.475	0.47594
1.48	0.44497
1.485	0.41761
1.49	0.39291
1.495	0.36886
1.5	0.34263
1.505	0.31251
1.51	0.27987
1.515	0.24757
1.52	0.21786
1.525	0.19094
1.53	0.16617
1.535	0.14337
1.54	0.11883
1.545	0.0848
1.55	0.036923
1.555	-0.02517
1.56	-0.09837
1.565	-0.17917
1.57	-0.26597
1.575	-0.35261
1.58	-0.43424
1.585	-0.50562
1.59	-0.5621
1.595	-0.60261
1.6	-0.62622
1.605	-0.62877
1.61	-0.60703
1.615	-0.55739
1.62	-0.47672
1.625	-0.362
1.63	-0.21899
1.635	-0.072751
1.64	0.057362
1.645	0.15106
1.65	0.20641
1.655	0.23927
1.66	0.26257
1.665	0.27685
1.67	0.27951
1.675	0.27554
1.68	0.27802
1.685	0.2937
1.69	0.32171
1.695	0.35511
1.7	0.38598
1.705	0.40839
1.71	0.42001
1.715	0.41226
1.72	0.37531
1.725	0.29844
1.73	0.18355
1.735	0.050622
1.74	-0.074707
1.745	-0.174
1.75	-0.24251
1.755	-0.28929
1.76	-0.32629
1.765	-0.36269
1.77	-0.39779
1.775	-0.42162
1.78	-0.4212
1.785	-0.3947
1.79	-0.3472
1.795	-0.28869
1.8	-0.22862
1.805	-0.17344
1.81	-0.13083
1.815	-0.10204
1.82	-0.081372
1.825	-0.061633
1.83	-0.038391
1.835	-0.006993
1.84	0.033806
1.845	0.0829
1.85	0.14045
1.855	0.20333
1.86	0.2638
1.865	0.30425
1.87	0.30285
1.875	0.24844
1.88	0.15081
1.885	0.035854
1.89	-0.068326
1.895	-0.14693
1.9	-0.20569
1.905	-0.25754
1.91	-0.3081
1.915	-0.35072
1.92	-0.37677
1.925	-0.37992
1.93	-0.36174
1.935	-0.3278
1.94	-0.27909
1.945	-0.21504
1.95	-0.13643
1.955	-0.050825
1.96	0.02997
1.965	0.091476
1.97	0.12667
1.975	0.14679
1.98	0.16912
1.985	0.20167
1.99	0.23771
1.995	0.26376
2	0.27027
2.005	0.25895
2.01	0.2416
2.015	0.22824
2.02	0.2238
2.025	0.22944
2.03	0.24363
2.035	0.25977
2.04	0.27195
2.045	0.27806
2.05	0.27492
2.055	0.25909
2.06	0.23035
2.065	0.19105
2.07	0.14475
2.075	0.095203
2.08	0.044961
2.085	-0.0066482
2.09	-0.060926
2.095	-0.11551
2.1	-0.16783
2.105	-0.2106
2.11	-0.23506
2.115	-0.23851
2.12	-0.22355
2.125	-0.19767
2.13	-0.16805
2.135	-0.14011
2.14	-0.11399
2.145	-0.089216
2.15	-0.06641
2.155	-0.045686
2.16	-0.026
2.165	-0.0072968
2.17	0.0095618
2.175	0.023758
2.18	0.032742
2.185	0.036922
2.19	0.040913
2.195	0.046143
2.2	0.052088
2.205	0.054944
2.21	0.050046
2.215	0.037879
2.22	0.020765
2.225	0.0028951
2.23	-0.0099236
2.235	-0.015981
2.24	-0.017735
2.245	-0.017821
2.25	-0.018232
2.255	-0.018904
2.26	-0.017267
2.265	-0.013957
2.27	-0.012541
2.275	-0.015416
2.28	-0.019999
2.285	-0.021969
2.29	-0.021075
2.295	-0.019183
2.3	-0.015849
2.305	-0.010806
2.31	-0.0047901
2.315	0.001149
2.32	0.00622
2.325	0.0071898
2.33	0.0036722
2.335	-0.0017324
2.34	-0.0063029
2.345	-0.0050107
2.35	0.004605
2.355	0.020341
2.36	0.040057
2.365	0.061541
2.37	0.079045
2.375	0.087204
2.38	0.085244
2.385	0.079299
2.39	0.07433
2.395	0.069567
2.4	0.063503
2.405	0.056029
2.41	0.047786
2.415	0.039005
2.42	0.03031
2.425	0.022241
2.43	0.01457
2.435	0.0068569
2.44	-0.0010249
2.445	-0.0093826
2.45	-0.01985
2.455	-0.03426
2.46	-0.053012
2.465	-0.074545
2.47	-0.093542
2.475	-0.10519
2.48	-0.11074
2.485	-0.11261
2.49	-0.11297
2.495	-0.11287
2.5	-0.10949
2.505	-0.10022
2.51	-0.08626
2.515	-0.073329
2.52	-0.063978
2.525	-0.05915
2.53	-0.060669
2.535	-0.069377
2.54	-0.083228
2.545	-0.096839
2.55	-0.10576
2.555	-0.10902
2.56	-0.10649
2.565	-0.097662
2.57	-0.083074
2.575	-0.062773
2.58	-0.036593
2.585	-0.0037509
2.59	0.03154
2.595	0.065334
2.6	0.095247
2.605	0.12184
2.61	0.14714
2.615	0.1685
2.62	0.18344
2.625	0.19321
2.63	0.19614
2.635	0.19172
2.64	0.17924
2.645	0.1621
2.65	0.14507
2.655	0.1284
2.66	0.11102
2.665	0.093343
2.67	0.074552
2.675	0.052961
2.68	0.029146
2.685	0.0059695
2.69	-0.016262
2.695	-0.038839
2.7	-0.062156
2.705	-0.084852
2.71	-0.10438
2.715	-0.12114
2.72	-0.13447
2.725	-0.14268
2.73	-0.14344
2.735	-0.13485
2.74	-0.11779
2.745	-0.093319
2.75	-0.064268
2.755	-0.035598
2.76	-0.010351
2.765	0.009326
2.77	0.022372
2.775	0.029586
2.78	0.031116
2.785	0.027824
2.79	0.023783
2.795	0.019282
2.8	0.013622
2.805	0.0083083
2.81	0.00428
2.815	0.0015533
2.82	0.00095044
2.825	0.0027379
2.83	0.0045109
2.835	0.0047272
2.84	0.0049638
2.845	0.0080611
2.85	0.012124
2.855	0.016214
2.86	0.021987
2.865	0.030193
2.87	0.039641
2.875	0.045609
2.88	0.045047
2.885	0.040691
2.89	0.034434
2.895	0.026716
2.9	0.017537
2.905	0.0080523
2.91	-0.0014884
2.915	-0.010316
2.92	-0.017735
2.925	-0.023729
2.93	-0.031271
2.935	-0.043217
2.94	-0.056506
2.945	-0.064429
2.95	-0.060565
2.955	-0.045762
2.96	-0.028009
2.965	-0.01386
2.97	-0.0037869
2.975	0.0025716
2.98	0.0081893
2.985	0.014567
2.99	0.018855
2.995	0.019703
3	0.017842
3.005	0.013621
3.01	0.0088877
3.015	0.002489
3.02	-0.0049077
3.025	-0.012287
3.03	-0.017892
3.035	-0.018212
3.04	-0.013515
3.045	-0.0092216
3.05	-0.0082464
3.055	-0.011441
3.06	-0.016664
3.065	-0.020397
3.07	-0.020527
3.075	-0.016377
3.08	-0.0066586
3.085	0.0085072
3.09	0.027791
3.095	0.046817
3.1	0.064664
3.105	0.082028
3.11	0.099287
3.115	0.11698
3.12	0.13309
3.125	0.14352
3.13	0.14436
3.135	0.13612
3.14	0.12284
3.145	0.10803
3.15	0.092742
3.155	0.077298
3.16	0.063999
3.165	0.054297
3.17	0.048892
3.175	0.046273
3.18	0.043461
3.185	0.036375
3.19	0.024645
3.195	0.01209
3.2	0.00103
3.205	-0.010434
3.21	-0.022423
3.215	-0.033508
3.22	-0.042449
3.225	-0.049981
3.23	-0.057371
3.235	-0.063763
3.24	-0.067916
3.245	-0.071383
3.25	-0.073226
3.255	-0.07188
3.26	-0.067458
3.265	-0.062795
3.27	-0.057989
3.275	-0.052776
3.28	-0.046912
3.285	-0.041074
3.29	-0.035999
3.295	-0.033701
3.3	-0.03233
3.305	-0.028987
3.31	-0.025993
3.315	-0.025096
3.32	-0.025516
3.325	-0.025862
3.33	-0.02478
3.335	-0.020515
3.34	-0.012161
3.345	-0.001378
3.35	0.008949
3.355	0.018369
3.36	0.027395
3.365	0.037005
3.37	0.04445
3.375	0.046447
3.38	0.043262
3.385	0.038152
3.39	0.034159
3.395	0.031191
3.4	0.028148
3.405	0.022461
3.41	0.015111
3.415	0.0072582
3.42	-0.0015062
3.425	-0.0097973
3.43	-0.015152
3.435	-0.016146
3.44	-0.014888
3.445	-0.014025
3.45	-0.014246
3.455	-0.013065
3.46	-0.0095736
3.465	-0.0070545
3.47	-0.0067668
3.475	-0.007559
3.48	-0.0080388
3.485	-0.0078242
3.49	-0.0072795
3.495	-0.0068534
3.5	-0.0064894
3.505	-0.0040291
3.51	0.0034235
3.515	0.014228
3.52	0.024077
3.525	0.031394
3.53	0.036206
3.535	0.036576
3.54	0.031721
3.545	0.023861
3.55	0.015087
3.555	0.0094583
3.56	0.0090914
3.565	0.01243
3.57	0.017256
3.575	0.022281
3.58	0.025585
3.585	0.025917
3.59	0.025008
3.595	0.025149
3.6	0.028736
3.605	0.034997
3.61	0.040872
3.615	0.046044
3.62	0.050915
3.625	0.055319
3.63	0.060236
3.635	0.064371
3.64	0.065409
3.645	0.062199
3.65	0.057294
3.655	0.052668
3.66	0.048271
3.665	0.044607
3.67	0.042608
3.675	0.042383
3.68	0.04276
3.685	0.042803
3.69	0.042751
3.695	0.044158
3.7	0.048009
3.705	0.054221
3.71	0.061965
3.715	0.06976
3.72	0.075781
3.725	0.079404
3.73	0.080933
3.735	0.081089
3.74	0.081051
3.745	0.081407
3.75	0.082389
3.755	0.085719
3.76	0.09126
3.765	0.096392
3.77	0.09849
3.775	0.097195
3.78	0.092381
3.785	0.086464
3.79	0.081679
3.795	0.07631
3.8	0.067744
3.805	0.057268
3.81	0.046254
3.815	0.034964
3.82	0.023511
3.825	0.012194
3.83	0.0020967
3.835	-0.007526
3.84	-0.01614
3.845	-0.02114
3.85	-0.024546
3.855	-0.027132
3.86	-0.028146
3.865	-0.027546
3.87	-0.024135
3.875	-0.020617
3.88	-0.020078
3.885	-0.023138
3.89	-0.028322
3.895	-0.034778
3.9	-0.041776
3.905	-0.047385
3.91	-0.051383
3.915	-0.055872
3.92	-0.059802
3.925	-0.062921
3.93	-0.066709
3.935	-0.072841
3.94	-0.081331
3.945	-0.092173
3.95	-0.1056
3.955	-0.11901
3.96	-0.12904
3.965	-0.13545
3.97	-0.13866
3.975	-0.14138
3.98	-0.14147
3.985	-0.13907
3.99	-0.13586
3.995	-0.13204
4	-0.12641
4.005	-0.11879
4.01	-0.11073
4.015	-0.10407
4.02	-0.096977
4.025	-0.089543
4.03	-0.081359
4.035	-0.073779
4.04	-0.066667
4.045	-0.057431
4.05	-0.045266
4.055	-0.031202
4.06	-0.01925
4.065	-0.01149
4.07	-0.0071153
4.075	-0.0038823
4.08	-0.00030641
4.085	0.0024063
4.09	0.0032744
4.095	0.0030153
4.1	0.0027313
4.105	0.00282
4.11	0.0030111
4.115	0.0030648
4.12	0.002998
4.125	0.0029138
4.13	0.0028748
4.135	0.002823
4.14	0.0021744
4.145	-0.0012456
4.15	-0.0057124
4.155	-0.010953
4.16	-0.017762
4.165	-0.025324
4.17	-0.031424
4.175	-0.035069
4.18	-0.036186
4.185	-0.036577
4.19	-0.039758
4.195	-0.044173
4.2	-0.047964
4.205	-0.051626
4.21	-0.056509
4.215	-0.060843
4.22	-0.064916
4.225	-0.067762
4.23	-0.068378
4.235	-0.067838
4.24	-0.06757
4.245	-0.068237
4.25	-0.070739
4.255	-0.074526
4.26	-0.076917
4.265	-0.076969
4.27	-0.076621
4.275	-0.079153
4.28	-0.081181
4.285	-0.079331
4.29	-0.075888
4.295	-0.072301
4.3	-0.066971
4.305	-0.058843
4.31	-0.046797
4.315	-0.032983
4.32	-0.02034
4.325	-0.0093205
4.33	0.0011125
4.335	0.010976
4.34	0.021689
4.345	0.035435
4.35	0.051466
4.355	0.06647
4.36	0.079746
4.365	0.090741
4.37	0.10091
4.375	0.10994
4.38	0.11607
4.385	0.11935
4.39	0.1205
4.395	0.12169
4.4	0.12554
4.405	0.13042
4.41	0.13517
4.415	0.13754
4.42	0.1361
4.425	0.13029
4.43	0.12299
4.435	0.11829
4.44	0.11428
4.445	0.10811
4.45	0.10045
4.455	0.09364
4.46	0.087701
4.465	0.081667
4.47	0.072877
4.475	0.061493
4.48	0.050454
4.485	0.040583
4.49	0.032085
4.495	0.024457
4.5	0.016811
4.505	0.0087879
4.51	0.0010771
4.515	-0.0052621
4.52	-0.011513
4.525	-0.018756
4.53	-0.025742
4.535	-0.029214
4.54	-0.028905
4.545	-0.026625
4.55	-0.022836
4.555	-0.020222
4.56	-0.020129
4.565	-0.020169
4.57	-0.016521
4.575	-0.0097345
4.58	-0.00068359
4.585	0.010884
4.59	0.021771
4.595	0.030942
4.6	0.040657
4.605	0.049162
4.61	0.055207
4.615	0.058688
4.62	0.06154
4.625	0.061903
4.63	0.059279
4.635	0.055837
4.64	0.05195
4.645	0.048435
4.65	0.044117
4.655	0.039265
4.66	0.034321
4.665	0.028655
4.67	0.02328
4.675	0.019028
4.68	0.015487
4.685	0.012347
4.69	0.0095978
4.695	0.0058258
4.7	0.0027673
4.705	0.00092762
4.71	-0.0020679
4.715	-0.0048499
4.72	-0.0056994
4.725	-0.0052998
4.73	-0.0060205
4.735	-0.010416
4.74	-0.017115
4.745	-0.023927
4.75	-0.02841
4.755	-0.029324
4.76	-0.028218
4.765	-0.026414
4.77	-0.023151
4.775	-0.020142
4.78	-0.018166
4.785	-0.018107
4.79	-0.021356
4.795	-0.028063
4.8	-0.035812
4.805	-0.041452
4.81	-0.045271
4.815	-0.050424
4.82	-0.058053
4.825	-0.066862
4.83	-0.075396
4.835	-0.083721
4.84	-0.093032
4.845	-0.10291
4.85	-0.11305
4.855	-0.12229
4.86	-0.13012
4.865	-0.13626
4.87	-0.13962
4.875	-0.14206
4.88	-0.14606
4.885	-0.15185
4.89	-0.15565
4.895	-0.15517
4.9	-0.15007
4.905	-0.14047
4.91	-0.1274
4.915	-0.11426
4.92	-0.10278
4.925	-0.092965
4.93	-0.084706
4.935	-0.077043
4.94	-0.069225
4.945	-0.062657
4.95	-0.059899
4.955	-0.058737
4.96	-0.055564
4.965	-0.050882
4.97	-0.044961
4.975	-0.038862
4.98	-0.032894
4.985	-0.027334
4.99	-0.020884
4.995	-0.013042
5	-0.004754
5.005	0.0023589
5.01	0.0072301
5.015	0.011732
5.02	0.017797
5.025	0.024768
5.03	0.032458
5.035	0.040454
5.04	0.048281
5.045	0.055875
5.05	0.063512
5.055	0.071363
5.06	0.079228
5.065	0.086134
5.07	0.091934
5.075	0.097569
5.08	0.10344
5.085	0.10965
5.09	0.11591
5.095	0.12304
5.1	0.13102
5.105	0.13916
5.11	0.14707
5.115	0.15478
5.12	0.16246
5.125	0.17019
5.13	0.17785
5.135	0.18384
5.14	0.18811
5.145	0.1911
5.15	0.19217
5.155	0.19209
5.16	0.1924
5.165	0.19543
5.17	0.19968
5.175	0.20135
5.18	0.19881
5.185	0.19186
5.19	0.18019
5.195	0.16472
5.2	0.14675
5.205	0.12643
5.21	0.10528
5.215	0.085018
5.22	0.064737
5.225	0.044748
5.23	0.024611
5.235	0.0037502
5.24	-0.016586
5.245	-0.034594
5.25	-0.04889
5.255	-0.059817
5.26	-0.066612
5.265	-0.070782
5.27	-0.073958
5.275	-0.075189
5.28	-0.072747
5.285	-0.067812
5.29	-0.060334
5.295	-0.050377
5.3	-0.036252
5.305	-0.019267
5.31	-0.0029106
5.315	0.010489
5.32	0.021213
5.325	0.030028
5.33	0.037317
5.335	0.041358
5.34	0.041967
5.345	0.041334
5.35	0.040632
5.355	0.037936
5.36	0.034861
5.365	0.033876
5.37	0.034543
5.375	0.035216
5.38	0.034526
5.385	0.030633
5.39	0.025861
5.395	0.021244
5.4	0.017827
5.405	0.013698
5.41	0.00713
5.415	4.1901e-05
5.42	-0.0070344
5.425	-0.015829
5.43	-0.025467
5.435	-0.034447
5.44	-0.044023
5.445	-0.05496
5.45	-0.065492
5.455	-0.076083
5.46	-0.089269
5.465	-0.10553
5.47	-0.12421
5.475	-0.14376
5.48	-0.16154
5.485	-0.17722
5.49	-0.19261
5.495	-0.20637
5.5	-0.2165
5.505	-0.224
5.51	-0.23026
5.515	-0.23469
5.52	-0.23875
5.525	-0.24153
5.53	-0.24224
5.535	-0.24178
5.54	-0.24037
5.545	-0.23687
5.55	-0.23282
5.555	-0.2286
5.56	-0.22505
5.565	-0.22075
5.57	-0.21576
5.575	-0.21065
5.58	-0.20531
5.585	-0.2011
5.59	-0.1967
5.595	-0.19193
5.6	-0.18807
5.605	-0.18655
5.61	-0.18685
5.615	-0.1874
5.62	-0.18732
5.625	-0.18674
5.63	-0.18522
5.635	-0.18153
5.64	-0.17831
5.645	-0.17662
5.65	-0.17387
5.655	-0.17008
5.66	-0.16488
5.665	-0.1595
5.67	-0.15462
5.675	-0.14862
5.68	-0.1404
5.685	-0.12993
5.69	-0.11929
5.695	-0.11033
5.7	-0.10142
5.705	-0.090171
5.71	-0.076884
5.715	-0.06064
5.72	-0.043219
5.725	-0.025342
5.73	-0.0064319
5.735	0.010458
5.74	0.023115
5.745	0.031208
5.75	0.035493
5.755	0.040806
5.76	0.049877
5.765	0.060705
5.77	0.068977
5.775	0.075183
5.78	0.081607
5.785	0.088449
5.79	0.094116
5.795	0.099079
5.8	0.10534
5.805	0.11182
5.81	0.11642
5.815	0.12152
5.82	0.12808
5.825	0.13391
5.83	0.13807
5.835	0.14136
5.84	0.14413
5.845	0.14689
5.85	0.15075
5.855	0.15348
5.86	0.1555
5.865	0.15953
5.87	0.16475
5.875	0.17013
5.88	0.17502
5.885	0.17795
5.89	0.18045
5.895	0.18471
5.9	0.19103
5.905	0.19679
5.91	0.19999
5.915	0.20099
5.92	0.20127
5.925	0.20022
5.93	0.19723
5.935	0.19071
5.94	0.18218
5.945	0.17389
5.95	0.16643
5.955	0.15923
5.96	0.15165
5.965	0.14369
5.97	0.13663
5.975	0.13196
5.98	0.12985
5.985	0.12986
5.99	0.13224
5.995	0.13607
6	0.13807
6.005	0.13967
6.01	0.14285
6.015	0.1471
6.02	0.15169
6.025	0.15597
6.03	0.16203
6.035	0.16983
6.04	0.17716
6.045	0.18302
6.05	0.18812
6.055	0.19249
6.06	0.19659
6.065	0.20162
6.07	0.2068
6.075	0.20991
6.08	0.21019
6.085	0.20702
6.09	0.20099
6.095	0.1912
6.1	0.177
6.105	0.16069
6.11	0.14477
6.115	0.12965
6.12	0.11352
6.125	0.094705
6.13	0.073167
6.135	0.049742
6.14	0.026659
6.145	0.0039566
6.15	-0.019922
6.155	-0.043338
6.16	-0.065211
6.165	-0.086278
6.17	-0.10646
6.175	-0.12502
6.18	-0.14135
6.185	-0.15574
6.19	-0.16935
6.195	-0.18396
6.2	-0.19793
6.205	-0.20912
6.21	-0.21834
6.215	-0.22624
6.22	-0.23275
6.225	-0.23743
6.23	-0.24011
6.235	-0.24079
6.24	-0.24048
6.245	-0.23921
6.25	-0.23605
6.255	-0.22978
6.26	-0.22053
6.265	-0.21123
6.27	-0.20337
6.275	-0.19609
6.28	-0.18666
6.285	-0.17448
6.29	-0.16163
6.295	-0.14967
6.3	-0.14062
6.305	-0.13357
6.31	-0.12643
6.315	-0.11807
6.32	-0.10722
6.325	-0.094496
6.33	-0.081625
6.335	-0.066558
6.34	-0.048881
6.345	-0.029421
6.35	-0.0084459
6.355	0.011983
6.36	0.030379
6.365	0.047174
6.37	0.0628
6.375	0.075076
6.38	0.083538
6.385	0.089544
6.39	0.09425
6.395	0.099446
6.4	0.10481
6.405	0.10842
6.41	0.1097
6.415	0.10834
6.42	0.10617
6.425	0.10544
6.43	0.10606
6.435	0.10653
6.44	0.10501
6.445	0.10112
6.45	0.096161
6.455	0.0905
6.46	0.084782
6.465	0.079318
6.47	0.075073
6.475	0.071178
6.48	0.066251
6.485	0.061077
6.49	0.055531
6.495	0.049661
6.5	0.043345
6.505	0.03601
6.51	0.028006
6.515	0.020231
6.52	0.013847
6.525	0.0084517
6.53	0.0042603
6.535	0.00038818
6.54	-0.003315
6.545	-0.0063827
6.55	-0.0094693
6.555	-0.012153
6.56	-0.015517
6.565	-0.019057
6.57	-0.021015
6.575	-0.023797
6.58	-0.027729
6.585	-0.033143
6.59	-0.040524
6.595	-0.048709
6.6	-0.056422
6.605	-0.062085
6.61	-0.066033
6.615	-0.070528
6.62	-0.074773
6.625	-0.079232
6.63	-0.082561
6.635	-0.083981
6.64	-0.086692
6.645	-0.089986
6.65	-0.091698
6.655	-0.092935
6.66	-0.094304
6.665	-0.096134
6.67	-0.096646
6.675	-0.097023
6.68	-0.098618
6.685	-0.10301
6.69	-0.10911
6.695	-0.11558
6.7	-0.12125
6.705	-0.1264
6.71	-0.13013
6.715	-0.13376
6.72	-0.13669
6.725	-0.13765
6.73	-0.13729
6.735	-0.13636
6.74	-0.1338
6.745	-0.13314
6.75	-0.13216
6.755	-0.12692
6.76	-0.11649
6.765	-0.10294
6.77	-0.089153
6.775	-0.077686
6.78	-0.066963
6.785	-0.056113
6.79	-0.044091
6.795	-0.033018
6.8	-0.024411
6.805	-0.017267
6.81	-0.0099481
6.815	-0.0018509
6.82	0.0065473
6.825	0.014147
6.83	0.019568
6.835	0.023126
6.84	0.025842
6.845	0.027366
6.85	0.02766
6.855	0.027461
6.86	0.027424
6.865	0.028194
6.87	0.031337
6.875	0.03723
6.88	0.042616
6.885	0.044432
6.89	0.043999
6.895	0.045131
6.9	0.048462
6.905	0.051138
6.91	0.051621
6.915	0.050733
6.92	0.0491
6.925	0.046285
6.93	0.043235
6.935	0.04121
6.94	0.039656
6.945	0.038134
6.95	0.035311
6.955	0.031756
6.96	0.028329
6.965	0.023713
6.97	0.018746
6.975	0.014547
6.98	0.011701
6.985	0.010188
6.99	0.0094688
6.995	0.01109
7	0.01417
7.005	0.016562
7.01	0.018144
7.015	0.018631
7.02	0.018487
7.025	0.019268
7.03	0.022391
7.035	0.027067
7.04	0.032478
7.045	0.038262
7.05	0.04231
7.055	0.043944
7.06	0.044963
7.065	0.045057
7.07	0.043788
7.075	0.043565
7.08	0.046351
7.085	0.050293
7.09	0.052182
7.095	0.052507
7.1	0.054182
7.105	0.057288
7.11	0.059464
7.115	0.06075
7.12	0.063369
7.125	0.067569
7.13	0.072327
7.135	0.077464
7.14	0.081988
7.145	0.08476
7.15	0.087309
7.155	0.089539
7.16	0.088517
7.165	0.084329
7.17	0.080334
7.175	0.076095
7.18	0.069881
7.185	0.062008
7.19	0.0538
7.195	0.046141
7.2	0.039724
7.205	0.034345
7.21	0.029786
7.215	0.025773
7.22	0.020622
7.225	0.014316
7.23	0.0068439
7.235	-0.0011079
7.24	-0.0079963
7.245	-0.013553
7.25	-0.01878
7.255	-0.023176
7.26	-0.025096
7.265	-0.024897
7.27	-0.025392
7.275	-0.026493
7.28	-0.027258
7.285	-0.027403
7.29	-0.027346
7.295	-0.02842
7.3	-0.031529
7.305	-0.034645
7.31	-0.034503
7.315	-0.030576
7.32	-0.026347
7.325	-0.02373
7.33	-0.021364
7.335	-0.018087
7.34	-0.013758
7.345	-0.0081916
7.35	-0.0032766
7.355	0.00069744
7.36	0.0039767
7.365	0.0066093
7.37	0.0096017
7.375	0.011845
7.38	0.011002
7.385	0.0068742
7.39	0.00068941
7.395	-0.0053418
7.4	-0.0097452
7.405	-0.013834
7.41	-0.017424
7.415	-0.020175
7.42	-0.023144
7.425	-0.0254
7.43	-0.025081
7.435	-0.02424
7.44	-0.025119
7.445	-0.027864
7.45	-0.032082
7.455	-0.037621
7.46	-0.043315
7.465	-0.047628
7.47	-0.050866
7.475	-0.053917
7.48	-0.055647
7.485	-0.052972
7.49	-0.045347
7.495	-0.035106
7.5	-0.0263
7.505	-0.020217
7.51	-0.014588
7.515	-0.00861
7.52	-0.0019444
7.525	0.0056192
7.53	0.012608
7.535	0.01888
7.54	0.025369
7.545	0.030458
7.55	0.034211
7.555	0.036027
7.56	0.035597
7.565	0.036081
7.57	0.038388
7.575	0.041689
7.58	0.045526
7.585	0.04937
7.59	0.052929
7.595	0.055141
7.6	0.055545
7.605	0.055186
7.61	0.055062
7.615	0.055353
7.62	0.055487
7.625	0.053998
7.63	0.050115
7.635	0.043892
7.64	0.03606
7.645	0.027764
7.65	0.019037
7.655	0.011234
7.66	0.0052506
7.665	0.0015049
7.67	-0.00076633
7.675	-0.0036045
7.68	-0.0065694
7.685	-0.0092813
7.69	-0.012387
7.695	-0.014819
7.7	-0.015885
7.705	-0.018196
7.71	-0.021988
7.715	-0.025815
7.72	-0.029261
7.725	-0.031002
7.73	-0.030833
7.735	-0.030149
7.74	-0.030102
7.745	-0.030286
7.75	-0.028413
7.755	-0.022934
7.76	-0.016415
7.765	-0.01163
7.77	-0.0087971
7.775	-0.0077565
7.78	-0.0072593
7.785	-0.0043667
7.79	-0.0017253
7.795	-0.0006194
7.8	-0.0019135
7.805	-0.0051012
7.81	-0.0063572
7.815	-0.006335
7.82	-0.0065687
7.825	-0.0073073
7.83	-0.009969
7.835	-0.016325
7.84	-0.026353
7.845	-0.036991
7.85	-0.046854
7.855	-0.055149
7.86	-0.061035
7.865	-0.066647
7.87	-0.073988
7.875	-0.082373
7.88	-0.089021
7.885	-0.092772
7.89	-0.093782
7.895	-0.093354
7.9	-0.092391
7.905	-0.089314
7.91	-0.086322
7.915	-0.08574
7.92	-0.087765
7.925	-0.092227
7.93	-0.096596
7.935	-0.10102
7.94	-0.10536
7.945	-0.10862
7.95	-0.10982
7.955	-0.10948
7.96	-0.10798
7.965	-0.10452
7.97	-0.10172
7.975	-0.10126
7.98	-0.10107
7.985	-0.097953
7.99	-0.093206
7.995	-0.087055
8	-0.079516
8.005	-0.071477
8.01	-0.063651
8.015	-0.055888
8.02	-0.048313
8.025	-0.041816
8.03	-0.035138
8.035	-0.02747
8.04	-0.019263
8.045	-0.011043
8.05	-0.0024049
8.055	0.0064019
8.06	0.012807
8.065	0.017332
8.07	0.021614
8.075	0.024146
8.08	0.025246
8.085	0.02604
8.09	0.026328
8.095	0.028178
8.1	0.031327
8.105	0.033163
8.11	0.032991
8.115	0.032172
8.12	0.0335
8.125	0.038757
8.13	0.045303
8.135	0.051245
8.14	0.055317
8.145	0.056441
8.15	0.057754
8.155	0.061477
8.16	0.066405
8.165	0.07123
8.17	0.075199
8.175	0.079725
8.18	0.084461
8.185	0.089836
8.19	0.096906
8.195	0.10515
8.2	0.11342
8.205	0.12109
8.21	0.12755
8.215	0.13309
8.22	0.13873
8.225	0.14462
8.23	0.14986
8.235	0.15411
8.24	0.15757
8.245	0.15915
8.25	0.16051
8.255	0.16345
8.26	0.16684
8.265	0.17056
8.27	0.17358
8.275	0.17305
8.28	0.16925
8.285	0.16588
8.29	0.16529
8.295	0.16648
8.3	0.16742
8.305	0.16688
8.31	0.16347
8.315	0.15873
8.32	0.15383
8.325	0.14751
8.33	0.13977
8.335	0.13164
8.34	0.12375
8.345	0.11607
8.35	0.10811
8.355	0.098593
8.36	0.08726
8.365	0.076442
8.37	0.067802
8.375	0.060023
8.38	0.051657
8.385	0.041669
8.39	0.031562
8.395	0.02324
8.4	0.017448
8.405	0.011949
8.41	0.0050236
8.415	-0.0015586
8.42	-0.0060061
8.425	-0.0081237
8.43	-0.011039
8.435	-0.014241
8.44	-0.015559
8.445	-0.015227
8.45	-0.014642
8.455	-0.014617
8.46	-0.015086
8.465	-0.015512
8.47	-0.015579
8.475	-0.015411
8.48	-0.015287
8.485	-0.015599
8.49	-0.017545
8.495	-0.020998
8.5	-0.023404
8.505	-0.023566
8.51	-0.022687
8.515	-0.022238
8.52	-0.023164
8.525	-0.027138
8.53	-0.031527
8.535	-0.034815
8.54	-0.038641
8.545	-0.044841
8.55	-0.051992
8.555	-0.056925
8.56	-0.061423
8.565	-0.066885
8.57	-0.071494
8.575	-0.075585
8.58	-0.078014
8.585	-0.078329
8.59	-0.077808
8.595	-0.077647
8.6	-0.078008
8.605	-0.078345
8.61	-0.077292
8.615	-0.072866
8.62	-0.066397
8.625	-0.059695
8.63	-0.054096
8.635	-0.049438
8.64	-0.047038
8.645	-0.046455
8.65	-0.045718
8.655	-0.045336
8.66	-0.044802
8.665	-0.045288
8.67	-0.046372
8.675	-0.046906
8.68	-0.046761
8.685	-0.046458
8.69	-0.046363
8.695	-0.046481
8.7	-0.046634
8.705	-0.046667
8.71	-0.046486
8.715	-0.044776
8.72	-0.04075
8.725	-0.037052
8.73	-0.034087
8.735	-0.031632
8.74	-0.029029
8.745	-0.025191
8.75	-0.02267
8.755	-0.022452
8.76	-0.023208
8.765	-0.023537
8.77	-0.023269
8.775	-0.024548
8.78	-0.030004
8.785	-0.036989
8.79	-0.041827
8.795	-0.045855
8.8	-0.049845
8.805	-0.052976
8.81	-0.054077
8.815	-0.05358
8.82	-0.051567
8.825	-0.047852
8.83	-0.044688
8.835	-0.041884
8.84	-0.037881
8.845	-0.032875
8.85	-0.030131
8.855	-0.030228
8.86	-0.031155
8.865	-0.030556
8.87	-0.027265
8.875	-0.023369
8.88	-0.022557
8.885	-0.025946
8.89	-0.030376
8.895	-0.032135
8.9	-0.031222
8.905	-0.029876
8.91	-0.029547
8.915	-0.02998
8.92	-0.029002
8.925	-0.025231
8.93	-0.020539
8.935	-0.015159
8.94	-0.010261
8.945	-0.0056014
8.95	0.00056668
8.955	0.0084772
8.96	0.016894
8.965	0.024177
8.97	0.029786
8.975	0.035051
8.98	0.039875
8.985	0.044055
8.99	0.047195
8.995	0.048413
9	0.048147
9.005	0.047586
9.01	0.046042
9.015	0.04253
9.02	0.040009
9.025	0.039836
9.03	0.040743
9.035	0.04124
9.04	0.040966
9.045	0.040423
9.05	0.039887
9.055	0.037767
9.06	0.033948
9.065	0.031795
9.07	0.03187
9.075	0.030779
9.08	0.027135
9.085	0.024262
9.09	0.022708
9.095	0.020485
9.1	0.017747
9.105	0.01529
9.11	0.012418
9.115	0.0096191
9.12	0.0065379
9.125	0.0028653
9.13	0.00085401
9.135	5.6763e-05
9.14	-0.00013031
9.145	0.00087184
9.15	0.001715
9.155	0.0016811
9.16	0.0012183
9.165	0.00094013
9.17	0.0010135
9.175	0.0012248
9.18	0.0013371
9.185	0.0011804
9.19	-4.4252e-05
9.195	-0.0030477
9.2	-0.006117
9.205	-0.0071674
9.21	-0.0068151
9.215	-0.0082859
9.22	-0.01229
9.225	-0.01533
9.23	-0.017836
9.235	-0.022209
9.24	-0.028286
9.245	-0.034754
9.25	-0.040521
9.255	-0.044808
9.26	-0.046053
9.265	-0.045393
9.27	-0.044925
9.275	-0.045317
9.28	-0.046019
9.285	-0.046278
9.29	-0.044988
9.295	-0.041452
9.3	-0.035893
9.305	-0.029629
9.31	-0.024845
9.315	-0.02132
9.32	-0.016908
9.325	-0.010862
9.33	-0.0043542
9.335	0.0018162
9.34	0.0074688
9.345	0.013018
9.35	0.01785
9.355	0.022832
9.36	0.028637
9.365	0.034669
9.37	0.039488
9.375	0.040939
9.38	0.040147
9.385	0.039377
9.39	0.03946
9.395	0.038926
9.4	0.035919
9.405	0.031093
9.41	0.026132
9.415	0.021062
9.42	0.016773
9.425	0.012791
9.43	0.0080145
9.435	0.0034255
9.44	0.00089582
9.445	0.00078411
9.45	0.0014916
9.455	0.0016618
9.46	0.0011936
9.465	0.0012204
9.47	0.0040394
9.475	0.0082082
9.48	0.010574
9.485	0.012707
9.49	0.015362
9.495	0.016989
9.5	0.018331
9.505	0.019803
9.51	0.020371
9.515	0.018992
9.52	0.016592
9.525	0.014025
9.53	0.010598
9.535	0.0047201
9.54	-0.0029036
9.545	-0.008172
9.55	-0.011612
9.555	-0.013608
9.56	-0.014082
9.565	-0.013888
9.57	-0.013872
9.575	-0.014179
9.58	-0.014179
9.585	-0.012295
9.59	-0.0086699
9.595	-0.0060852
9.6	-0.005823
9.605	-0.0060872
9.61	-0.0032506
9.615	0.00080426
9.62	0.0025347
9.625	0.001964
9.63	0.00093046
9.635	0.00098578
9.64	0.0035031
9.645	0.0075529
9.65	0.010071
9.655	0.010029
9.66	0.0089744
9.665	0.0076937
9.67	0.0044071
9.675	0.001282
9.68	0.0005521
9.685	0.0014515
9.69	0.0023052
9.695	0.0023035
9.7	0.001734
9.705	0.0011821
9.71	0.0010219
9.715	0.0010865
9.72	0.00010916
9.725	-0.0035107
9.73	-0.0069536
9.735	-0.0088682
9.74	-0.011631
9.745	-0.014681
9.75	-0.017307
9.755	-0.019019
9.76	-0.01963
9.765	-0.017255
9.77	-0.014305
9.775	-0.013429
9.78	-0.014181
9.785	-0.013927
9.79	-0.010273
9.795	-0.0053531
9.8	-0.00045848
9.805	0.0035774
9.81	0.0073897
9.815	0.010871
9.82	0.01483
9.825	0.01804
9.83	0.021022
9.835	0.023939
9.84	0.026891
9.845	0.03073
9.85	0.033136
9.855	0.03335
9.86	0.032819
9.865	0.033496
9.87	0.03657
9.875	0.040302
9.88	0.041952
9.885	0.041297
9.89	0.039413
9.895	0.036513
9.9	0.033693
9.905	0.032609
9.91	0.03225
9.915	0.03011
9.92	0.02666
9.925	0.023947
9.93	0.022723
9.935	0.021953
9.94	0.019553
9.945	0.017594
9.95	0.017208
9.955	0.017448
9.96	0.015621
9.965	0.01152
9.97	0.008917
9.975	0.0089772
9.98	0.010107
9.985	0.0109
9.99	0.012779
9.995	0.016378
10	0.019677
10.005	0.022793
10.01	0.026294
10.015	0.03012
10.02	0.033246
10.025	0.036208
10.03	0.039732
10.035	0.041653
10.04	0.041626
10.045	0.040994
10.05	0.040826
10.055	0.041039
10.06	0.040202
10.065	0.037168
10.07	0.033949
10.075	0.032875
10.08	0.034035
10.085	0.037586
10.09	0.040976
10.095	0.03944
10.1	0.033947
10.105	0.026683
10.11	0.01986
10.115	0.016464
10.12	0.014461
10.125	0.01163
10.13	0.0074683
10.135	0.0039601
10.14	0.00013061
10.145	-0.004693
10.15	-0.0095299
10.155	-0.013082
10.16	-0.01418
10.165	-0.014884
10.17	-0.016311
10.175	-0.017442
10.18	-0.017536
10.185	-0.015994
10.19	-0.013898
10.195	-0.013049
10.2	-0.013449
10.205	-0.014041
10.21	-0.014136
10.215	-0.013767
10.22	-0.013468
10.225	-0.013482
10.23	-0.013633
10.235	-0.013725
10.24	-0.013739
10.245	-0.013992
10.25	-0.015271
10.255	-0.015074
10.26	-0.011444
10.265	-0.0048851
10.27	0.0012062
10.275	0.0037813
10.28	0.0041359
10.285	0.0030049
10.29	0.0016938
10.295	0.00094167
10.3	-0.001738
10.305	-0.0055438
10.31	-0.010047
10.315	-0.013184
10.32	-0.014296
10.325	-0.016828
10.33	-0.020003
10.335	-0.021393
10.34	-0.021082
10.345	-0.020456
10.35	-0.020372
10.355	-0.020733
10.36	-0.021049
10.365	-0.02102
10.37	-0.020864
10.375	-0.020709
10.38	-0.020547
10.385	-0.020782
10.39	-0.022785
10.395	-0.02638
10.4	-0.028907
10.405	-0.029722
10.41	-0.032212
10.415	-0.036225
10.42	-0.041684
10.425	-0.047338
10.43	-0.052242
10.435	-0.056924
10.44	-0.060593
10.445	-0.064334
10.45	-0.067033
10.455	-0.068714
10.46	-0.071757
10.465	-0.074652
10.47	-0.075572
10.475	-0.075069
10.48	-0.074524
10.485	-0.074564
10.49	-0.074964
10.495	-0.075264
10.5	-0.075285
10.505	-0.075054
10.51	-0.074184
10.515	-0.071662
10.52	-0.068181
10.525	-0.065657
10.53	-0.063437
10.535	-0.06082
10.54	-0.059147
10.545	-0.05895
10.55	-0.059367
10.555	-0.05957
10.56	-0.059328
10.565	-0.057841
10.57	-0.053984
10.575	-0.050705
10.58	-0.05008
10.585	-0.050042
10.59	-0.047144
10.595	-0.043123
10.6	-0.039408
10.605	-0.035432
10.61	-0.030629
10.615	-0.026441
10.62	-0.021378
10.625	-0.014705
10.63	-0.0085967
10.635	-0.0037281
10.64	0.0019663
10.645	0.0093917
10.65	0.017151
10.655	0.022899
10.66	0.027094
10.665	0.032569
10.67	0.039296
10.675	0.044393
10.68	0.048241
10.685	0.050799
10.69	0.053286
10.695	0.056283
10.7	0.058092
10.705	0.057154
10.71	0.052362
10.715	0.046313
10.72	0.041205
10.725	0.035691
10.73	0.028529
10.735	0.020756
10.74	0.013793
10.745	0.0069549
10.75	0.0024018
10.755	0.00078333
10.76	0.0019795
10.765	0.0035784
10.77	0.0037162
10.775	0.0027611
10.78	0.0020493
10.785	0.0020935
10.79	0.0025084
10.795	0.0027358
10.8	0.0020912
10.805	-0.0004607
10.81	-0.0040356
10.815	-0.0065485
10.82	-0.0087226
10.825	-0.01123
10.83	-0.012809
10.835	-0.012959
10.84	-0.012466
10.845	-0.012243
10.85	-0.012469
10.855	-0.012745
10.86	-0.012223
10.865	-0.0097258
10.87	-0.0071881
10.875	-0.0087812
10.88	-0.012251
10.885	-0.013834
10.89	-0.013095
10.895	-0.011782
10.9	-0.010697
10.905	-0.0085731
10.91	-0.0055301
10.915	-0.0037162
10.92	-0.0037478
10.925	-0.0043794
10.93	-0.0044347
10.935	-0.0038818
10.94	-0.0033093
10.945	-0.003063
10.95	-0.0031472
10.955	-0.0033763
10.96	-0.004317
10.965	-0.0070399
10.97	-0.010295
10.975	-0.011695
10.98	-0.011269
10.985	-0.010566
10.99	-0.012049
10.995	-0.016454
11	-0.019677
11.005	-0.019898
11.01	-0.018663
11.015	-0.017914
11.02	-0.018173
11.025	-0.018935
11.03	-0.020183
11.035	-0.021366
11.04	-0.020598
11.045	-0.019119
11.05	-0.018487
11.055	-0.018656
11.06	-0.017503
11.065	-0.013581
11.07	-0.008871
11.075	-0.0036399
11.08	0.0011247
11.085	0.005764
11.09	0.01198
11.095	0.01986
11.1	0.027514
11.105	0.033547
11.11	0.038878
11.115	0.044293
11.12	0.049589
11.125	0.053943
11.13	0.057634
11.135	0.059199
11.14	0.058999
11.145	0.058521
11.15	0.058571
11.155	0.058759
11.16	0.056929
11.165	0.052963
11.17	0.050503
11.175	0.050593
11.18	0.051633
11.185	0.051854
11.19	0.049406
11.195	0.04499
11.2	0.042516
11.205	0.04284
11.21	0.044155
11.215	0.044797
11.22	0.044477
11.225	0.043837
11.23	0.043279
11.235	0.041179
11.24	0.037141
11.245	0.032833
11.25	0.029176
11.255	0.028218
11.26	0.03102
11.265	0.035776
11.27	0.038118
11.275	0.037396
11.28	0.035947
11.285	0.035588
11.29	0.036253
11.295	0.037238
11.3	0.039664
11.305	0.043813
11.31	0.048222
11.315	0.05208
11.32	0.053944
11.325	0.056267
11.33	0.059518
11.335	0.061581
11.34	0.063055
11.345	0.064431
11.35	0.064828
11.355	0.063472
11.36	0.061426
11.365	0.060586
11.37	0.060827
11.375	0.059847
11.38	0.056168
11.385	0.049806
11.39	0.042006
11.395	0.035459
11.4	0.031299
11.405	0.027411
11.41	0.023759
11.415	0.021701
11.42	0.018964
11.425	0.015421
11.43	0.013194
11.435	0.010618
11.44	0.0074417
11.445	0.0056234
11.45	0.0041842
11.455	0.0014565
11.46	-0.0017013
11.465	-0.0056832
11.47	-0.010798
11.475	-0.015824
11.48	-0.021268
11.485	-0.028199
11.49	-0.036042
11.495	-0.042666
11.5	-0.047205
11.505	-0.051932
11.51	-0.058876
11.515	-0.067247
11.52	-0.074264
11.525	-0.078406
11.53	-0.080245
11.535	-0.082805
11.54	-0.08635
11.545	-0.088316
11.55	-0.088293
11.555	-0.087187
11.56	-0.084142
11.565	-0.079996
11.57	-0.075669
11.575	-0.071878
11.58	-0.067686
11.585	-0.060636
11.59	-0.052141
11.595	-0.046602
11.6	-0.042512
11.605	-0.037005
11.61	-0.032124
11.615	-0.027792
11.62	-0.024802
11.625	-0.023396
11.63	-0.020425
11.635	-0.016939
11.64	-0.015484
11.645	-0.015892
11.65	-0.016581
11.655	-0.016343
11.66	-0.014237
11.665	-0.011692
11.67	-0.00968
11.675	-0.010058
11.68	-0.011918
11.685	-0.01268
11.69	-0.01122
11.695	-0.011184
11.7	-0.010588
11.705	-0.0086522
11.71	-0.0074303
11.715	-0.0075072
11.72	-0.0080881
11.725	-0.0086415
11.73	-0.0098406
11.735	-0.010107
11.74	-0.010708
11.745	-0.013285
11.75	-0.015739
11.755	-0.01576
11.76	-0.011861
11.765	-0.0070298
11.77	-0.002571
11.775	-5.2084e-07
11.78	0.00064123
11.785	0.0030827
11.79	0.0065515
11.795	0.0083192
11.8	0.008094
11.805	0.0072331
11.81	0.0063361
11.815	0.0033956
11.82	-0.00043517
11.825	-0.0048113
11.83	-0.008012
11.835	-0.0092328
11.84	-0.01168
11.845	-0.014535
11.85	-0.013996
11.855	-0.01024
11.86	-0.007186
11.865	-0.0062875
11.87	-0.0041727
11.875	-0.0013142
11.88	-0.00061762
11.885	-0.0042575
11.89	-0.0092248
11.895	-0.013844
11.9	-0.016385
11.905	-0.016293
11.91	-0.015315
11.915	-0.015005
11.92	-0.01518
11.925	-0.013815
11.93	-0.01051
11.935	-0.0079131
11.94	-0.0075264
11.945	-0.0082941
11.95	-0.0082296
11.955	-0.0053131
11.96	-0.0037981
11.965	-0.0027077
11.97	-0.0010596
11.975	-0.00046771
11.98	-0.0022322
11.985	-0.0047692
11.99	-0.0071243
11.995	-0.0083745
12	-0.0082771
12.005	-0.0077646
12.01	-0.0076267
12.015	-0.0079587
12.02	-0.0089651
12.025	-0.012463
12.03	-0.016124
12.035	-0.017197
12.04	-0.016303
12.045	-0.015385
12.05	-0.015382
12.055	-0.015949
12.06	-0.016351
12.065	-0.015735
12.07	-0.012191
12.075	-0.0083021
12.08	-0.0071092
12.085	-0.0080411
12.09	-0.0090648
12.095	-0.0091353
12.1	-0.0085746
12.105	-0.0081003
12.11	-0.0080381
12.115	-0.0082333
12.12	-0.0084133
12.125	-0.0084395
12.13	-0.0083705
12.135	-0.0082587
12.14	-0.0075945
12.145	-0.0042776
12.15	-0.00056224
12.155	0.00094954
12.16	0.0020622
12.165	0.0045111
12.17	0.0074116
12.175	0.011105
12.18	0.015106
12.185	0.019219
12.19	0.023101
12.195	0.026949
12.2	0.03021
12.205	0.031354
12.21	0.030961
12.215	0.030492
12.22	0.030616
12.225	0.031044
12.23	0.030895
12.235	0.028091
12.24	0.023603
12.245	0.018968
12.25	0.015633
12.255	0.014956
12.26	0.015772
12.265	0.016318
12.27	0.016027
12.275	0.015398
12.28	0.015044
12.285	0.015126
12.29	0.015802
12.295	0.0187
12.3	0.022549
12.305	0.024216
12.31	0.023632
12.315	0.022624
12.32	0.022427
12.325	0.022917
12.33	0.023182
12.335	0.021693
12.34	0.018206
12.345	0.015206
12.35	0.014542
12.355	0.015384
12.36	0.016091
12.365	0.016
12.37	0.015488
12.375	0.01513
12.38	0.015088
12.385	0.014795
12.39	0.012151
12.395	0.0082877
12.4	0.0064793
12.405	0.0069696
12.41	0.0079553
12.415	0.0079098
12.42	0.00553
12.425	0.001431
12.43	-0.0013111
12.435	-0.0020197
12.44	-0.0042588
12.445	-0.0074076
12.45	-0.0088494
12.455	-0.0079284
12.46	-0.0039161
12.465	-4.6563e-05
12.47	0.00080903
12.475	-0.00039586
12.48	-0.0014564
12.485	-0.001417
12.49	-0.00074214
12.495	-0.00023974
12.5	-0.00021223
12.505	-0.00044559
12.51	-0.00062861
12.515	-0.00064077
12.52	-0.00055852
12.525	-0.00049234
12.53	-0.00048908
12.535	-0.00051938
12.54	-0.00054321
12.545	-0.00054648
12.55	-0.00053574
12.555	-0.00052789
12.56	-0.00052747
12.565	-0.000532
12.57	-0.0005352
12.575	-0.00053544
12.58	-0.00053674
12.585	-0.00053496
12.59	-0.00053197
12.595	-0.00047774
12.6	0.00018608
12.605	0.003539
12.61	0.0072658
12.615	0.0084439
12.62	0.0075935
12.625	0.0066711
12.63	0.0069564
12.635	0.0091842
12.64	0.01148
12.645	0.0118
12.65	0.0095047
12.655	0.0069981
12.66	0.0063084
12.665	0.0064077
12.67	0.0037631
12.675	-0.0005668
12.68	-0.0054942
12.685	-0.0087115
12.69	-0.009089
12.695	-0.0092103
12.7	-0.01234
12.705	-0.01601
12.71	-0.017356
12.715	-0.016713
12.72	-0.015832
12.725	-0.015661
12.73	-0.015527
12.735	-0.014072
12.74	-0.011936
12.745	-0.009612
12.75	-0.0081922
12.755	-0.0070309
12.76	-0.0038549
12.765	-0.00065294
12.77	0.0014069
12.775	0.0043897
12.78	0.0070047
12.785	0.0077289
12.79	0.0072378
12.795	0.0068007
12.8	0.0069195
12.805	0.0073295
12.81	0.0076012
12.815	0.0077367
12.82	0.0088878
12.825	0.012516
12.83	0.015694
12.835	0.016367
12.84	0.016537
12.845	0.019417
12.85	0.022814
12.855	0.02406
12.86	0.023572
12.865	0.023936
12.87	0.027489
12.875	0.03119
12.88	0.032204
12.885	0.030728
12.89	0.027924
12.895	0.025565
12.9	0.023823
12.905	0.023211
12.91	0.023458
12.915	0.023738
12.92	0.023566
12.925	0.022356
12.93	0.019346
12.935	0.015958
12.94	0.014612
12.945	0.015273
12.95	0.016217
12.955	0.016364
12.96	0.015868
12.965	0.01526
12.97	0.013513
12.975	0.0097479
12.98	0.0070953
12.985	0.0069516
12.99	0.0079576
12.995	0.0085076
13	0.0082343
13.005	0.0076791
13.01	0.0073992
13.015	0.0074681
13.02	0.0075941
13.025	0.0069479
13.03	0.0057833
13.035	0.0062703
13.04	0.0075546
13.045	0.0081889
13.05	0.008003
13.055	0.0077951
13.06	0.0097572
13.065	0.013942
13.07	0.01654
13.075	0.01669
13.08	0.017737
13.085	0.021221
13.09	0.023883
13.095	0.024242
13.1	0.023413
13.105	0.022812
13.11	0.022928
13.115	0.023448
13.12	0.023805
13.125	0.023802
13.13	0.02362
13.135	0.02349
13.14	0.023434
13.145	0.023432
13.15	0.023455
13.155	0.023394
13.16	0.023316
13.165	0.023268
13.17	0.023015
13.175	0.020846
13.18	0.016835
13.185	0.014374
13.19	0.01337
13.195	0.011424
13.2	0.008699
13.205	0.0061318
13.21	0.0031246
13.215	0.0004239
13.22	-0.00095842
13.225	-0.0033357
13.23	-0.006732
13.235	-0.0085738
13.24	-0.0088856
13.245	-0.010928
13.25	-0.014576
13.255	-0.016654
13.26	-0.016521
13.265	-0.015636
13.27	-0.015287
13.275	-0.01561
13.28	-0.016065
13.285	-0.016242
13.29	-0.01614
13.295	-0.015973
13.3	-0.015905
13.305	-0.015935
13.31	-0.01597
13.315	-0.015723
13.32	-0.013989
13.325	-0.010518
13.33	-0.0077196
13.335	-0.0070123
13.34	-0.00619
13.345	-0.003428
13.35	-0.00027475
13.355	0.0023891
13.36	0.0052506
13.365	0.0076822
13.37	0.0098684
13.375	0.012785
13.38	0.015249
13.385	0.015554
13.39	0.012367
13.395	0.0080872
13.4	0.0064366
13.405	0.0073429
13.41	0.0086109
13.415	0.0088514
13.42	0.0082614
13.425	0.0076119
13.43	0.0068037
13.435	0.0036459
13.44	0.00013543
13.445	-0.0010163
13.45	-0.00077507
13.455	-0.0031273
13.46	-0.00681
13.465	-0.0089033
13.47	-0.010521
13.475	-0.013164
13.48	-0.015364
13.485	-0.015876
13.49	-0.015083
13.495	-0.013012
13.5	-0.010963
13.505	-0.009372
13.51	-0.0098497
13.515	-0.01191
13.52	-0.014509
13.525	-0.016069
13.53	-0.015978
13.535	-0.01526
13.54	-0.014954
13.545	-0.015238
13.55	-0.015996
13.555	-0.018185
13.56	-0.021654
13.565	-0.023965
13.57	-0.024058
13.575	-0.023181
13.58	-0.022732
13.585	-0.023007
13.59	-0.023503
13.595	-0.023745
13.6	-0.02367
13.605	-0.023495
13.61	-0.023405
13.615	-0.023424
13.62	-0.023457
13.625	-0.023128
13.63	-0.021108
13.635	-0.017542
13.64	-0.015073
13.645	-0.014858
13.65	-0.015099
13.655	-0.012221
13.66	-0.0081397
13.665	-0.0064131
13.67	-0.0069489
13.675	-0.007566
13.68	-0.0061198
13.685	-0.004326
13.69	-0.0045224
13.695	-0.0051317
13.7	-0.0062899
13.705	-0.0073943
13.71	-0.0077082
13.715	-0.0084097
13.72	-0.011653
13.725	-0.014934
13.73	-0.015944
13.735	-0.01631
13.74	-0.019178
13.745	-0.022471
13.75	-0.023641
13.755	-0.022962
13.76	-0.021054
13.765	-0.017347
13.77	-0.014497
13.775	-0.014187
13.78	-0.015198
13.785	-0.015778
13.79	-0.014906
13.795	-0.01192
13.8	-0.0081303
13.805	-0.006201
13.81	-0.0065402
13.815	-0.0074866
13.82	-0.0076733
13.825	-0.0071456
13.83	-0.0066055
13.835	-0.0064578
13.84	-0.0066504
13.845	-0.0069213
13.85	-0.0069881
13.855	-0.006868
13.86	-0.0057043
13.865	-0.0020733
13.87	0.0011819
13.875	0.0018455
13.88	0.0008108
13.885	-0.00078542
13.89	-0.0025789
13.895	-0.002727
13.9	-0.001362
13.905	-0.00066496
13.91	8.5208e-05
13.915	0.00064179
13.92	0.00069545
13.925	0.0005021
13.93	0.00035801
13.935	0.00030991
13.94	0.00040161
13.945	0.000587
13.95	0.00056769
13.955	-0.00048727
13.96	-0.0034486
13.965	-0.0068734
13.97	-0.0084058
13.975	-0.0088702
13.98	-0.01096
13.985	-0.014298
13.99	-0.016394
13.995	-0.018008
14	-0.021203
14.005	-0.023872
14.01	-0.026037
14.015	-0.029397
14.02	-0.031809
14.025	-0.032283
14.03	-0.032599
14.035	-0.033326
14.04	-0.033676
14.045	-0.033702
14.05	-0.032681
14.055	-0.031732
14.06	-0.031311
14.065	-0.029363
14.07	-0.025434
14.075	-0.022745
14.08	-0.020687
14.085	-0.017745
14.09	-0.01568
14.095	-0.014255
14.1	-0.011746
14.105	-0.0088496
14.11	-0.007223
14.115	-0.0052377
14.12	-0.0017986
14.125	0.00047398
14.13	0.00071808
14.135	0.00017968
14.14	0.0008826
14.145	0.0023532
14.15	0.0034784
14.155	0.0058137
14.16	0.0083462
14.165	0.0093249
14.17	0.0089409
14.175	0.0084682
14.18	0.0085626
14.185	0.0089929
14.19	0.009434
14.195	0.010005
14.2	0.011409
14.205	0.012418
14.21	0.013851
14.215	0.015465
14.22	0.016346
14.225	0.01577
14.23	0.013048
14.235	0.010419
14.24	0.009436
14.245	0.0075984
14.25	0.0045656
14.255	0.0026772
14.26	0.0012663
14.265	-0.0012635
14.27	-0.0039833
14.275	-0.0064776
14.28	-0.0096078
14.285	-0.013618
14.29	-0.017638
14.295	-0.019946
14.3	-0.021694
14.305	-0.024337
14.31	-0.026499
14.315	-0.02695
14.32	-0.026309
14.325	-0.025799
14.33	-0.025872
14.335	-0.026132
14.34	-0.026229
14.345	-0.026102
14.35	-0.025322
14.355	-0.021883
14.36	-0.017993
14.365	-0.016051
14.37	-0.013502
14.375	-0.010654
14.38	-0.0097474
14.385	-0.011679
14.39	-0.014015
14.395	-0.01428
14.4	-0.011813
14.405	-0.0091694
14.41	-0.0084846
14.415	-0.0091877
14.42	-0.0098738
14.425	-0.0099361
14.43	-0.0099149
14.435	-0.011605
14.44	-0.015077
14.445	-0.017533
14.45	-0.017671
14.455	-0.016722
14.46	-0.015877
14.465	-0.014398
14.47	-0.01246
14.475	-0.010309
14.48	-0.0090341
14.485	-0.0089927
14.49	-0.0093999
14.495	-0.0094914
14.5	-0.0090864
14.505	-0.00771
14.51	-0.0045457
14.515	-0.0025477
14.52	-0.0017805
14.525	-0.0014529
14.53	-0.00071661
14.535	0.0017253
14.54	0.0052948
14.545	0.0079977
14.55	0.010334
14.555	0.012938
14.56	0.014551
14.565	0.01472
14.57	0.014356
14.575	0.014347
14.58	0.014708
14.585	0.015042
14.59	0.015121
14.595	0.015025
14.6	0.01492
14.605	0.014898
14.61	0.014975
14.615	0.015141
14.62	0.015268
14.625	0.015275
14.63	0.015226
14.635	0.015192
14.64	0.015193
14.645	0.015116
14.65	0.013973
14.655	0.010326
14.66	0.0070421
14.665	0.0063549
14.67	0.0073075
14.675	0.0080128
14.68	0.0070818
14.685	0.004565
14.69	0.0029
14.695	0.0037742
14.7	0.0065616
14.705	0.0083679
14.71	0.0082077
14.715	0.0073378
14.72	0.0069328
14.725	0.0071621
14.73	0.0075668
14.735	0.0077572
14.74	0.0076893
14.745	0.0074713
14.75	0.0065217
14.755	0.0045187
14.76	0.0039411
14.765	0.0059912
14.77	0.0088087
14.775	0.01122
14.78	0.012024
14.785	0.012272
14.79	0.013708
14.795	0.01517
14.8	0.015619
14.805	0.015508
14.81	0.016209
14.815	0.019038
14.82	0.022581
14.825	0.024201
14.83	0.023764
14.835	0.022874
14.84	0.022661
14.845	0.023084
14.85	0.023621
14.855	0.024652
14.86	0.02731
14.865	0.030523
14.87	0.031976
14.875	0.031569
14.88	0.030648
14.885	0.028841
14.89	0.025312
14.895	0.022898
14.9	0.022686
14.905	0.02204
14.91	0.019316
14.915	0.017253
14.92	0.015088
14.925	0.011793
14.93	0.0084781
14.935	0.0070478
14.94	0.0065445
14.945	0.0044151
14.95	0.001079
14.955	-0.00085646
14.96	-0.00080154
14.965	-3.6764e-05
14.97	0.00027928
14.975	-5.906e-07
14.98	-0.00041758
14.985	-0.00065917
14.99	-0.001403
14.995	-0.0032877
15	-0.0053812
15.005	-0.0065682
15.01	-0.0047095
15.015	-0.0011411
15.02	0.00077459
15.025	0.00037188
15.03	-0.00073853
15.035	-0.0011696
15.04	-0.00080825
15.045	-0.00028112
15.05	-7.1614e-05
15.055	-0.00018328
15.06	-0.00038967
15.065	-0.00071118
15.07	-0.00259
15.075	-0.0043391
15.08	-0.0026166
15.085	-9.5574e-05
15.09	0.00074138
15.095	0.00010385
15.1	-0.00043473
15.105	0.0015903
15.11	0.0059333
15.115	0.0086067
15.12	0.0087314
15.125	0.0097231
15.13	0.013178
15.135	0.015855
15.14	0.016353
15.145	0.016513
15.15	0.017032
15.155	0.017575
15.16	0.019728
15.165	0.021625
15.17	0.020942
15.175	0.019248
15.18	0.017501
15.185	0.015866
15.19	0.015283
15.195	0.015588
15.2	0.015961
15.205	0.015949
15.21	0.015681
15.215	0.015465
15.22	0.015436
15.225	0.015524
15.23	0.015582
15.235	0.015327
15.24	0.013111
15.245	0.0090821
15.25	0.0067892
15.255	0.0072947
15.26	0.010577
15.265	0.015016
15.27	0.016941
15.275	0.016143
15.28	0.014566
15.285	0.01207
15.29	0.0086475
15.295	0.0069774
15.3	0.0073865
15.305	0.0082834
15.31	0.0084889
15.315	0.0080415
15.32	0.0075557
15.325	0.0074139
15.33	0.007559
15.335	0.0077358
15.34	0.0078004
15.345	0.0078808
15.35	0.0087915
15.355	0.0098297
15.36	0.010241
15.365	0.012221
15.37	0.015918
15.375	0.018193
15.38	0.017086
15.385	0.015025
15.39	0.013439
15.395	0.013006
15.4	0.013399
15.405	0.013094
15.41	0.013619
15.415	0.015113
15.42	0.015823
15.425	0.014561
15.43	0.013317
15.435	0.012606
15.44	0.010894
15.445	0.0098494
15.45	0.0095844
15.455	0.0091194
15.46	0.0098376
15.465	0.011327
15.47	0.010897
15.475	0.0087883
15.48	0.0073916
15.485	0.0074653
15.49	0.0081562
15.495	0.0085354
15.5	0.0084046
15.505	0.0080954
15.51	0.0079223
15.515	0.0078658
15.52	0.0078426
15.525	0.0078435
15.53	0.0078521
15.535	0.0078542
15.54	0.007844
15.545	0.0078376
15.55	0.0078367
15.555	0.0078459
15.56	0.0078779
15.565	0.0080034
15.57	0.0081396
15.575	0.0081841
15.58	0.0081555
15.585	0.0081034
15.59	0.0079854
15.595	0.0078766
15.6	0.0078561
15.605	0.0078933
15.61	0.0079234
15.615	0.0079249
15.62	0.0079074
15.625	0.0078984
15.63	0.0078982
15.635	0.0078568
15.64	0.007201
15.645	0.0038506
15.65	0.00012588
15.655	-0.0010496
15.66	-0.00019133
15.665	0.00075713
15.67	0.00076098
15.675	-0.0003183
15.68	-0.0020713
15.685	-0.00257
15.69	-0.0034428
15.695	-0.0058395
15.7	-0.0084321
15.705	-0.011305
15.71	-0.01433
15.715	-0.015945
15.72	-0.01598
15.725	-0.016529
15.73	-0.019907
15.735	-0.023397
15.74	-0.024417
15.745	-0.023605
15.75	-0.022752
15.755	-0.022714
15.76	-0.023117
15.765	-0.022444
15.77	-0.019465
15.775	-0.017332
15.78	-0.016887
15.785	-0.017875
15.79	-0.018266
15.795	-0.018246
15.8	-0.01718
15.805	-0.016548
15.81	-0.017271
15.815	-0.017734
15.82	-0.017876
15.825	-0.016803
15.83	-0.015612
15.835	-0.015284
15.84	-0.015607
15.845	-0.015938
15.85	-0.015959
15.855	-0.015777
15.86	-0.015612
15.865	-0.015444
15.87	-0.013864
15.875	-0.010131
15.88	-0.0089614
15.885	-0.012685
15.89	-0.016549
15.895	-0.017336
15.9	-0.016014
15.905	-0.014842
15.91	-0.014884
15.915	-0.016467
15.92	-0.019014
15.925	-0.020499
15.93	-0.021335
15.935	-0.022584
15.94	-0.023379
15.945	-0.023373
15.95	-0.023101
15.955	-0.02303
15.96	-0.02318
15.965	-0.023344
15.97	-0.023389
15.975	-0.023333
15.98	-0.023271
15.985	-0.023248
15.99	-0.023262
15.995	-0.023284
16	-0.0233
16.005	-0.023439
16.01	-0.024658
16.015	-0.027754
16.02	-0.030915
16.025	-0.031965
16.03	-0.031314
16.035	-0.03056
16.04	-0.030532
16.045	-0.03098
16.05	-0.031132
16.055	-0.029812
16.06	-0.027928
16.065	-0.028044
16.07	-0.028619
16.075	-0.026944
16.08	-0.02519
16.085	-0.024399
16.09	-0.023738
16.095	-0.023597
16.1	-0.024939
16.105	-0.026708
16.11	-0.02618
16.115	-0.023886
16.12	-0.022433
16.125	-0.022574
16.13	-0.023352
16.135	-0.023764
16.14	-0.023619
16.145	-0.023284
16.15	-0.022877
16.155	-0.021069
16.16	-0.017986
16.165	-0.016897
16.17	-0.016855
16.175	-0.016419
16.18	-0.015885
16.185	-0.015604
16.19	-0.015569
16.195	-0.015612
16.2	-0.015598
16.205	-0.015212
16.21	-0.013168
16.215	-0.0096123
16.22	-0.0071189
16.225	-0.0063086
16.23	-0.0038614
16.235	-0.00063032
16.24	0.00079774
16.245	0.00044717
16.25	-0.00020176
16.255	0.00033967
16.26	0.0041514
16.265	0.0093954
16.27	0.014308
16.275	0.016645
16.28	0.016356
16.285	0.016014
16.29	0.018298
16.295	0.022414
16.3	0.025045
16.305	0.025083
16.31	0.024017
16.315	0.023443
16.32	0.023694
16.325	0.024157
16.33	0.023772
16.335	0.021269
16.34	0.017594
16.345	0.015417
16.35	0.014439
16.355	0.011749
16.36	0.0088438
16.365	0.0077885
16.37	0.0081876
16.375	0.0086004
16.38	0.0073948
16.385	0.0033663
16.39	-0.00021807
16.395	-0.001497
16.4	-0.0027555
16.405	-0.0053093
16.41	-0.0074032
16.415	-0.0079047
16.42	-0.0074497
16.425	-0.0070612
16.43	-0.007115
16.435	-0.0073943
16.44	-0.0076042
16.445	-0.0076384
16.45	-0.0075727
16.455	-0.0074944
16.46	-0.0074316
16.465	-0.0073873
16.47	-0.0073483
16.475	-0.0073847
16.48	-0.0082044
16.485	-0.010146
16.49	-0.010804
16.495	-0.0089716
16.5	-0.0070272
16.505	-0.0066188
16.51	-0.0073027
16.515	-0.0079056
16.52	-0.0071593
16.525	-0.0041686
16.53	-0.00059416
16.535	0.000948
16.54	0.00043587
16.545	-0.00049348
16.55	-0.00075346
16.555	-0.00039815
16.56	5.0632e-05
16.565	0.00029039
16.57	0.00033716
16.575	0.00020944
16.58	-0.0014166
16.585	-0.005379
16.59	-0.0083236
16.595	-0.0086885
16.6	-0.0077796
16.605	-0.0072282
16.61	-0.007446
16.615	-0.0079292
16.62	-0.0081042
16.625	-0.0071696
16.63	-0.0042813
16.635	-0.00093397
16.64	0.000402
16.645	-0.00024144
16.65	-0.0012275
16.655	-0.0014088
16.66	-0.00015382
16.665	0.0030092
16.67	0.0064344
16.675	0.0077448
16.68	0.0071289
16.685	0.0063932
16.69	0.0078399
16.695	0.011284
16.7	0.012539
16.705	0.012211
16.71	0.012123
16.715	0.01235
16.72	0.013663
16.725	0.014865
16.73	0.01523
16.735	0.015113
16.74	0.015022
16.745	0.01446
16.75	0.014146
16.755	0.015592
16.76	0.017334
16.765	0.018145
16.77	0.018201
16.775	0.018193
16.78	0.01851
16.785	0.019039
16.79	0.019373
16.795	0.018632
16.8	0.017707
16.805	0.018357
16.81	0.019341
16.815	0.019551
16.82	0.019131
16.825	0.018637
16.83	0.018385
16.835	0.018249
16.84	0.01794
16.845	0.017366
16.85	0.016531
16.855	0.015589
16.86	0.014907
16.865	0.016285
16.87	0.019707
16.875	0.021557
16.88	0.020004
16.885	0.015972
16.89	0.013509
16.895	0.014837
16.9	0.017248
16.905	0.019239
16.91	0.020646
16.915	0.021071
16.92	0.021106
16.925	0.021593
16.93	0.022747
16.935	0.024291
16.94	0.025756
16.945	0.026564
16.95	0.025687
16.955	0.023699
16.96	0.021441
16.965	0.019236
16.97	0.015833
16.975	0.011656
16.98	0.0079889
16.985	0.0044702
16.99	0.0018408
16.995	0.00048549
17	-0.0022211
17.005	-0.006175
17.01	-0.0085095
17.015	-0.0087472
17.02	-0.0081644
17.025	-0.0075198
17.03	-0.005751
17.035	-0.0021599
17.04	0.0012719
17.045	0.0027745
17.05	0.0028884
17.055	0.0032915
17.06	0.0064649
17.065	0.01099
17.07	0.013256
17.075	0.013193
17.08	0.013711
17.085	0.015057
17.09	0.016068
17.095	0.017401
17.1	0.018498
17.105	0.018498
17.11	0.017752
17.115	0.017009
17.12	0.016312
17.125	0.014722
17.13	0.013673
17.135	0.011542
17.14	0.0097765
17.145	0.0084798
17.15	0.0073687
17.155	0.0068893
17.16	0.0068979
17.165	0.0069482
17.17	0.0068041
17.175	0.0064977
17.18	0.0058918
17.185	0.0037629
17.19	0.00023781
17.195	-0.0021234
17.2	-0.0022201
17.205	-0.0016126
17.21	-0.0030805
17.215	-0.0068444
17.22	-0.0097825
17.225	-0.010185
17.23	-0.00918
17.235	-0.0084887
17.24	-0.0095762
17.245	-0.013337
17.25	-0.015823
17.255	-0.013467
17.26	-0.0081859
17.265	-0.0046518
17.27	-0.0043028
17.275	-0.0052345
17.28	-0.0054591
17.285	-0.0046243
17.29	-0.0035596
17.295	-0.0030784
17.3	-0.0037722
17.305	-0.0060056
17.31	-0.0080276
17.315	-0.0086806
17.32	-0.0090246
17.325	-0.010829
17.33	-0.013094
17.335	-0.014469
17.34	-0.01503
17.345	-0.015511
17.35	-0.016268
17.355	-0.017544
17.36	-0.019243
17.365	-0.018389
17.37	-0.01395
17.375	-0.010812
17.38	-0.012779
17.385	-0.017622
17.39	-0.020441
17.395	-0.019872
17.4	-0.018009
17.405	-0.016906
17.41	-0.016187
17.415	-0.013963
17.42	-0.010787
17.425	-0.0089985
17.43	-0.0089637
17.435	-0.0093609
17.44	-0.0083957
17.445	-0.0049443
17.45	-0.00094863
17.455	0.00077371
17.46	0.00033819
17.465	-0.00046431
17.47	0.00033492
17.475	0.0031549
17.48	0.0063175
17.485	0.0089488
17.49	0.0094029
17.495	0.0076943
17.5	0.0071567
17.505	0.0087141
17.51	0.0086922
17.515	0.0063571
17.52	0.0044899
17.525	0.0043781
17.53	0.005105
17.535	0.0054291
17.54	0.0049575
17.545	0.0040183
17.55	0.0029858
17.555	0.0017731
17.56	-0.0012586
17.565	-0.0060381
17.57	-0.0089623
17.575	-0.0091339
17.58	-0.0083074
17.585	-0.0082899
17.59	-0.010931
17.595	-0.015487
17.6	-0.017991
17.605	-0.017676
17.61	-0.01651
17.615	-0.016191
17.62	-0.016856
17.625	-0.01794
17.63	-0.020379
17.635	-0.023093
17.64	-0.02202
17.645	-0.018279
17.65	-0.015658
17.655	-0.015164
17.66	-0.015431
17.665	-0.015134
17.67	-0.01394
17.675	-0.010792
17.68	-0.0062378
17.685	-0.0037658
17.69	-0.0039259
17.695	-0.0048494
17.7	-0.0049595
17.705	-0.003418
17.71	-0.00086205
17.715	0.0014111
17.72	0.0027496
17.725	0.0023964
17.73	0.00013672
17.735	-0.0026052
17.74	-0.0049008
17.745	-0.0067892
17.75	-0.0096433
17.755	-0.012137
17.76	-0.013162
17.765	-0.0128
17.77	-0.011852
17.775	-0.012889
17.78	-0.015548
17.785	-0.017384
17.79	-0.017565
17.795	-0.016834
17.8	-0.016064
17.805	-0.015524
17.81	-0.015054
17.815	-0.014524
17.82	-0.013968
17.825	-0.013471
17.83	-0.013067
17.835	-0.012742
17.84	-0.012497
17.845	-0.012336
17.85	-0.012103
17.855	-0.011031
17.86	-0.010244
17.865	-0.0088672
17.87	-0.0065678
17.875	-0.005516
17.88	-0.0063194
17.885	-0.0086256
17.89	-0.010059
17.895	-0.010566
17.9	-0.012265
17.905	-0.013218
17.91	-0.011181
17.915	-0.008318
17.92	-0.0073279
17.925	-0.0080421
17.93	-0.0088751
17.935	-0.0089147
17.94	-0.0083082
17.945	-0.0077199
17.95	-0.0075999
17.955	-0.0078551
17.96	-0.0081155
17.965	-0.0077875
17.97	-0.0050857
17.975	-0.0012556
17.98	0.00055991
17.985	0.0002213
17.99	-0.00049153
17.995	-0.00016105
18	0.0022533
18.005	0.0064097
18.01	0.0097038
18.015	0.010523
18.02	0.0099362
18.025	0.0096086
18.03	0.010059
18.035	0.010765
18.04	0.011124
18.045	0.011008
18.05	0.010856
18.055	0.011684
18.06	0.012055
18.065	0.010888
18.07	0.00963
18.075	0.0092392
18.08	0.0094673
18.085	0.0096751
18.09	0.0095736
18.095	0.0092896
18.1	0.0090569
18.105	0.0089871
18.11	0.0090235
18.115	0.0090507
18.12	0.0089935
18.125	0.0085981
18.13	0.0068377
18.135	0.0045821
18.14	0.0023747
18.145	0.001037
18.15	0.0010064
18.155	0.0015953
18.16	0.0018414
18.165	0.0015637
18.17	0.0011631
18.175	0.00066864
18.18	-0.0012349
18.185	-0.0043556
18.19	-0.0054359
18.195	-0.0054478
18.2	-0.005843
18.205	-0.0063459
18.21	-0.0066218
18.215	-0.0066664
18.22	-0.0066326
18.225	-0.0066413
18.23	-0.0067059
18.235	-0.0068295
18.24	-0.0075369
18.245	-0.01086
18.25	-0.013913
18.255	-0.011697
18.26	-0.0070273
18.265	-0.0042124
18.27	-0.0016745
18.275	0.00048876
18.28	0.0010521
18.285	0.00055926
18.29	0.00011714
18.295	0.00018385
18.3	0.00052575
18.305	0.00077527
18.31	0.0007979
18.315	0.00070326
18.32	0.00065325
18.325	0.00070455
18.33	0.00080332
18.335	0.00089059
18.34	0.00094981
18.345	0.00099416
18.35	0.0010409
18.355	0.001124
18.36	0.0015436
18.365	0.0036111
18.37	0.0072109
18.375	0.0097342
18.38	0.0099704
18.385	0.0090845
18.39	0.0086302
18.395	0.0092997
18.4	0.011565
18.405	0.013455
18.41	0.012649
18.415	0.011846
18.42	0.012565
18.425	0.013884
18.43	0.015862
18.435	0.017094
18.44	0.015314
18.445	0.011214
18.45	0.0083639
18.455	0.0083111
18.46	0.0095833
18.465	0.010373
18.47	0.010203
18.475	0.0096511
18.48	0.0093407
18.485	0.0093891
18.49	0.0095442
18.495	0.009566
18.5	0.0094076
18.505	0.009155
18.51	0.0088909
18.515	0.0086633
18.52	0.0084687
18.525	0.0082904
18.53	0.0081134
18.535	0.0079389
18.54	0.0077954
18.545	0.0077026
18.55	0.0076477
18.555	0.0076372
18.56	0.0076698
18.565	0.007711
18.57	0.0072507
18.575	0.0055431
18.58	0.0039707
18.585	0.0031734
18.59	0.0019535
18.595	0.00083417
18.6	0.00058866
18.605	0.00094696
18.61	0.0012486
18.615	0.00071954
18.62	-0.0017103
18.625	-0.005131
18.63	-0.0069512
18.635	-0.0066183
18.64	-0.0055914
18.645	-0.0051657
18.65	-0.0054668
18.655	-0.0059481
18.66	-0.006143
18.665	-0.0055239
18.67	-0.003117
18.675	0.00021865
18.68	0.0019732
18.685	0.0016499
18.69	0.0007612
18.695	0.0004731
18.7	0.0007714
18.705	0.0010774
18.71	0.0010501
18.715	-0.00016635
18.72	-0.0038031
18.725	-0.0070785
18.73	-0.0078339
18.735	-0.007499
18.74	-0.0090881
18.745	-0.012631
18.75	-0.015176
18.755	-0.015438
18.76	-0.014573
18.765	-0.014045
18.77	-0.014259
18.775	-0.014751
18.78	-0.015034
18.785	-0.015018
18.79	-0.014838
18.795	-0.014054
18.8	-0.012963
18.805	-0.013561
18.81	-0.014822
18.815	-0.015253
18.82	-0.014849
18.825	-0.014321
18.83	-0.014061
18.835	-0.01326
18.84	-0.010589
18.845	-0.0072119
18.85	-0.0056671
18.855	-0.0061108
18.86	-0.0067396
18.865	-0.0050643
18.87	-0.00060102
18.875	0.0025644
18.88	0.0027117
18.885	0.0013869
18.89	0.00076257
18.895	0.0026664
18.9	0.0072074
18.905	0.01033
18.91	0.010394
18.915	0.0090845
18.92	0.0083623
18.925	0.0087377
18.93	0.010176
18.935	0.011705
18.94	0.011193
18.945	0.010521
18.95	0.011789
18.955	0.013494
18.96	0.014112
18.965	0.013822
18.97	0.014173
18.975	0.016054
18.98	0.017694
18.985	0.018027
18.99	0.017566
18.995	0.017193
19	0.017225
19.005	0.017429
19.01	0.017491
19.015	0.016681
19.02	0.015219
19.025	0.014802
19.03	0.014907
19.035	0.015977
19.04	0.016849
19.045	0.016159
19.05	0.014691
19.055	0.01503
19.06	0.016346
19.065	0.01722
19.07	0.017348
19.075	0.017143
19.08	0.017067
19.085	0.0174
19.09	0.019662
19.095	0.023713
19.1	0.026044
19.105	0.02583
19.11	0.024786
19.115	0.024432
19.12	0.024902
19.125	0.025539
19.13	0.025848
19.135	0.025818
19.14	0.025698
19.145	0.025676
19.15	0.025749
19.155	0.025606
19.16	0.023496
19.165	0.019507
19.17	0.017198
19.175	0.017426
19.18	0.018497
19.185	0.018819
19.19	0.018082
19.195	0.01537
19.2	0.011197
19.205	0.008986
19.21	0.0092137
19.215	0.0092174
19.22	0.0074563
19.225	0.0047612
19.23	0.0022781
19.235	0.0014306
19.24	0.0017504
19.245	0.0010976
19.25	-0.0018342
19.255	-0.0041166
19.26	-0.0023698
19.265	0.0014916
19.27	0.0045693
19.275	0.0070779
19.28	0.0089711
19.285	0.0095053
19.29	0.0091716
19.295	0.0089135
19.3	0.0090948
19.305	0.0094699
19.31	0.0097093
19.315	0.009718
19.32	0.0096304
19.325	0.0095855
19.33	0.0096372
19.335	0.0097222
19.34	0.0096722
19.345	0.00864
19.35	0.0066741
19.355	0.0054145
19.36	0.0044562
19.365	0.0031384
19.37	0.0034085
19.375	0.0061645
19.38	0.0073926
19.385	0.0044988
19.39	0.001201
19.395	-0.00061448
19.4	-0.00046641
19.405	0.0014798
19.41	0.0028815
19.415	0.0026401
19.42	0.00043699
19.425	-0.0032793
19.43	-0.0061702
19.435	-0.0066921
19.44	-0.0058329
19.445	-0.0051709
19.45	-0.0054421
19.455	-0.0071156
19.46	-0.0096092
19.465	-0.011765
19.47	-0.012506
19.475	-0.011954
19.48	-0.012336
19.485	-0.013289
19.49	-0.013877
19.495	-0.013986
19.5	-0.013878
19.505	-0.013804
19.51	-0.013832
19.515	-0.013899
19.52	-0.013943
19.525	-0.013956
19.53	-0.013967
19.535	-0.013983
19.54	-0.014014
19.545	-0.01404
19.55	-0.013948
19.555	-0.013038
19.56	-0.012276
19.565	-0.012998
19.57	-0.013152
19.575	-0.012539
19.58	-0.012905
19.585	-0.012814
19.59	-0.012244
19.595	-0.012905
19.6	-0.013912
19.605	-0.014282
19.61	-0.014052
19.615	-0.01363
19.62	-0.012606
19.625	-0.011703
19.63	-0.011488
19.635	-0.0097361
19.64	-0.0070096
19.645	-0.0056274
19.65	-0.0058805
19.655	-0.0065698
19.66	-0.0067705
19.665	-0.0064704
19.67	-0.0061129
19.675	-0.0059984
19.68	-0.0061109
19.685	-0.0062696
19.69	-0.0063425
19.695	-0.0063058
19.7	-0.0061091
19.705	-0.0049507
19.71	-0.00279
19.715	-0.00064427
19.72	0.0003242
19.725	9.5512e-05
19.73	0.0006766
19.735	0.0014073
19.74	-0.00020788
19.745	-0.0041341
19.75	-0.0062839
19.755	-0.0038761
19.76	0.0013328
19.765	0.0040361
19.77	0.0023799
19.775	-0.00026042
19.78	-0.0011478
19.785	-0.0011918
19.79	-0.00010569
19.795	0.00097426
19.8	0.0011902
19.805	0.0008871
19.81	0.00065694
19.815	0.0016443
19.82	0.0027233
19.825	0.0030626
19.83	0.0028471
19.835	0.002611
19.84	0.0026297
19.845	0.002805
19.85	0.0029696
19.855	0.0032656
19.86	0.0048827
19.865	0.0082199
19.87	0.011079
19.875	0.011544
19.88	0.0092596
19.885	0.0053865
19.89	0.0027359
19.895	0.0026385
19.9	0.0037628
19.905	0.0043913
19.91	0.0040993
19.915	0.0034786
19.92	0.0031307
19.925	0.0031611
19.93	0.0033228
19.935	0.0033916
19.94	0.0033313
19.945	0.0032129
19.95	0.0031048
19.955	0.0028125
19.96	0.0011925
19.965	-0.0019393
19.97	-0.0036524
19.975	-0.0037958
19.98	-0.0041759
19.985	-0.0047643
19.99	-0.0051591
19.995	-0.005301
20	-0.0055717
20.005	-0.0071643
20.01	-0.0091108
20.015	-0.0098191
20.02	-0.0094579
20.025	-0.0090957
20.03	-0.0094661
20.035	-0.011114
20.04	-0.011508
20.045	-0.010239
20.05	-0.0091282
20.055	-0.0090034
20.06	-0.0093994
20.065	-0.0092947
20.07	-0.0075525
20.075	-0.0055458
20.08	-0.0048495
20.085	-0.0052006
20.09	-0.0052987
20.095	-0.0032948
20.1	0.00054773
20.105	0.0032525
20.11	0.00346
20.115	0.0024958
20.12	0.0019476
20.125	0.0022153
20.13	0.0027833
20.135	0.0031142
20.14	0.0030912
20.145	0.0029343
20.15	0.0028506
20.155	0.0028782
20.16	0.0029464
20.165	0.0029881
20.17	0.0029913
20.175	0.0029896
20.18	0.003007
20.185	0.0030312
20.19	0.0030686
20.195	0.003195
20.2	0.0033521
20.205	0.0034084
20.21	0.0033668
20.215	0.0033141
20.22	0.0032893
20.225	0.0032212
20.23	0.0025205
20.235	-4.9014e-05
20.24	-0.0036356
20.245	-0.0061344
20.25	-0.0072481
20.255	-0.0062637
20.26	-0.0047251
20.265	-0.0043618
20.27	-0.0050974
20.275	-0.0058082
20.28	-0.0059317
20.285	-0.0057016
20.29	-0.0055178
20.295	-0.0055527
20.3	-0.0057107
20.305	-0.005832
20.31	-0.0058545
20.315	-0.0058189
20.32	-0.00579
20.325	-0.0058094
20.33	-0.0058516
20.335	-0.0058895
20.34	-0.0059009
20.345	-0.0058787
20.35	-0.0058272
20.355	-0.0057689
20.36	-0.0056814
20.365	-0.0050234
20.37	-0.0025839
20.375	0.00083126
20.38	0.0017039
20.385	-0.0020337
20.39	-0.0061285
20.395	-0.0070287
20.4	-0.005073
20.405	-0.0019169
20.41	-6.7021e-05
20.415	0.00036361
20.42	0.0013288
20.425	0.0024553
20.43	0.0029864
20.435	0.0030029
20.44	0.0029796
20.445	0.0031849
20.45	0.0034618
20.455	0.0036116
20.46	0.0036075
20.465	0.0035448
20.47	0.0035031
20.475	0.0034406
20.48	0.0033139
20.485	0.0032282
20.49	0.0032218
20.495	0.0032284
20.5	0.0032044
20.505	0.0031397
20.51	0.003049
20.515	0.0029719
20.52	0.0029189
20.525	0.0028693
20.53	0.0028896
20.535	0.003613
20.54	0.0048135
20.545	0.0051376
20.55	0.0065585
20.555	0.0092506
20.56	0.010995
20.565	0.01103
20.57	0.010402
20.575	0.010066
20.58	0.01025
20.585	0.010631
20.59	0.010908
20.595	0.010978
20.6	0.010735
20.605	0.0096977
20.61	0.0084933
20.615	0.0084466
20.62	0.0088725
20.625	0.0092524
20.63	0.0091134
20.635	0.0088375
20.64	0.0074951
20.645	0.0054446
20.65	0.0042129
20.655	0.0043296
20.66	0.0039044
20.665	0.0031901
20.67	0.0028329
20.675	0.0028712
20.68	0.0030132
20.685	0.0030606
20.69	0.0030624
20.695	0.0030374
20.7	0.0029412
20.705	0.0028742
20.71	0.003011
20.715	0.0041647
20.72	0.006233
20.725	0.0073187
20.73	0.0062645
20.735	0.0046995
20.74	0.0042704
20.745	0.0036651
20.75	0.0023158
20.755	0.0012433
20.76	0.001267
20.765	0.0017236
20.77	0.0030038
20.775	0.0039225
20.78	0.0038411
20.785	0.0023971
20.79	8.7528e-05
20.795	-0.0019867
20.8	-0.0025474
20.805	-0.0020514
20.81	-0.002621
20.815	-0.0036547
20.82	-0.0041849
20.825	-0.0040589
20.83	-0.0037449
20.835	-0.0036757
20.84	-0.003859
20.845	-0.0040756
20.85	-0.0041844
20.855	-0.0041887
20.86	-0.0041744
20.865	-0.0041837
20.87	-0.0040215
20.875	-0.0029024
20.88	-0.0023835
20.885	-0.0037083
20.89	-0.0064874
20.895	-0.010078
20.9	-0.012549
20.905	-0.012936
20.91	-0.012309
20.915	-0.011966
20.92	-0.012256
20.925	-0.012771
20.93	-0.013066
20.935	-0.013053
20.94	-0.01294
20.945	-0.013103
20.95	-0.014328
20.955	-0.015076
20.96	-0.014233
20.965	-0.013198
20.97	-0.012983
20.975	-0.01347
20.98	-0.014018
20.985	-0.014271
20.99	-0.01427
20.995	-0.014188
21	-0.014185
21.005	-0.014339
21.01	-0.014376
21.015	-0.013432
21.02	-0.012789
21.025	-0.012303
21.03	-0.010236
21.035	-0.0078553
21.04	-0.0070892
21.045	-0.0077045
21.05	-0.0084127
21.055	-0.0085935
21.06	-0.008398
21.065	-0.0081773
21.07	-0.0081357
21.075	-0.0082132
21.08	-0.0081108
21.085	-0.0070668
21.09	-0.0063967
21.095	-0.0059069
21.1	-0.0038028
21.105	-0.0013232
21.11	-0.00034574
21.115	-0.00070164
21.12	-0.0012747
21.125	-0.0013464
21.13	-0.00093684
21.135	-0.00048851
21.14	-0.00033631
21.145	-0.00018367
21.15	0.0013879
21.155	0.0048267
21.16	0.0078473
21.165	0.0086434
21.17	0.0079883
21.175	0.0074301
21.18	0.0076
21.185	0.008137
21.19	0.0085222
21.195	0.0087667
21.2	0.0097838
21.205	0.010429
21.21	0.010721
21.215	0.011525
21.22	0.012121
21.225	0.011933
21.23	0.010476
21.235	0.0094773
21.24	0.0091202
21.245	0.0083765
21.25	0.0077538
21.255	0.0075998
21.26	0.0079287
21.265	0.0094123
21.27	0.011542
21.275	0.013718
21.28	0.015357
21.285	0.015759
21.29	0.015414
21.295	0.015158
21.3	0.01529
21.305	0.015595
21.31	0.015799
21.315	0.015799
21.32	0.015504
21.325	0.014084
21.33	0.01219
21.335	0.011405
21.34	0.011751
21.345	0.012327
21.35	0.012715
21.355	0.013718
21.36	0.014339
21.365	0.014784
21.37	0.01567
21.375	0.016234
21.38	0.015915
21.385	0.013782
21.39	0.01028
21.395	0.0080498
21.4	0.008138
21.405	0.0091991
21.41	0.0097751
21.415	0.0095851
21.42	0.0091125
21.425	0.0085028
21.43	0.0069176
21.435	0.00502
21.44	0.0028563
21.445	0.0014158
21.45	0.0013184
21.455	0.0017985
21.46	0.0020389
21.465	0.0021414
21.47	0.0031902
21.475	0.0035769
21.48	0.0043427
21.485	0.0069579
21.49	0.0093918
21.495	0.0099573
21.5	0.0092913
21.505	0.0087011
21.51	0.0087392
21.515	0.0091121
21.52	0.0093647
21.525	0.0093516
21.53	0.0092128
21.535	0.0091246
21.54	0.0091754
21.545	0.0097299
21.55	0.011482
21.555	0.012811
21.56	0.011506
21.565	0.0097976
21.57	0.010686
21.575	0.012311
21.58	0.011567
21.585	0.0096176
21.59	0.0085141
21.595	0.0086187
21.6	0.0091319
21.605	0.0092808
21.61	0.008443
21.615	0.0057269
21.62	0.0021017
21.625	0.00011551
21.63	0.00027095
21.635	0.0010558
21.64	0.0011418
21.645	0.0005468
21.65	-7.8544e-05
21.655	-0.00034926
21.66	-0.00031646
21.665	-0.0002274
21.67	-0.00026654
21.675	-0.00046801
21.68	-0.00067552
21.685	-0.00077333
21.69	-0.00079115
21.695	-0.00082967
21.7	-0.00099021
21.705	-0.0011712
21.71	-0.001256
21.715	-0.001258
21.72	-0.0012844
21.725	-0.0014057
21.73	-0.0014595
21.735	-0.0015293
21.74	-0.0024631
21.745	-0.0045697
21.75	-0.0059776
21.755	-0.0052429
21.76	-0.0027321
21.765	-0.0010229
21.77	-0.0010937
21.775	-0.0020046
21.78	-0.0026149
21.785	-0.0025479
21.79	-0.0021244
21.795	-0.0017708
21.8	-0.0017783
21.805	-0.0020255
21.81	-0.0021329
21.815	-0.0020594
21.82	-0.0019219
21.825	-0.0018343
21.83	-0.0018672
21.835	-0.0018679
21.84	-0.001825
21.845	-0.0018545
21.85	-0.0025948
21.855	-0.0043252
21.86	-0.0047562
21.865	-0.0027485
21.87	-0.00063794
21.875	-0.00010243
21.88	-0.00069077
21.885	-0.0011839
21.89	-0.0010174
21.895	-0.00053463
21.9	-0.00021983
21.905	-0.00014948
21.91	-0.00013913
21.915	-0.00013536
21.92	-0.00013464
21.925	-6.7519e-05
21.93	8.0832e-05
21.935	0.00017684
21.94	0.00022288
21.945	0.00030496
21.95	0.00042037
21.955	0.000541
21.96	0.00057834
21.965	0.00053246
21.97	0.00047616
21.975	0.0004995
21.98	0.00063351
21.985	0.00073251
21.99	0.00071878
21.995	0.00064749
22	0.00060618
22.005	0.00062007
22.01	0.0006723
22.015	0.00073375
22.02	0.00080242
22.025	0.00084615
22.03	0.0008858
22.035	0.0010384
22.04	0.001167
22.045	0.0011741
22.05	0.0011984
22.055	0.0013235
22.06	0.0015192
22.065	0.0017011
22.07	0.0017688
22.075	0.0012104
22.08	-0.00057803
22.085	-0.0020945
22.09	-0.0023258
22.095	-0.0018952
22.1	-0.0015258
22.105	-0.0015472
22.11	-0.0017674
22.115	-0.0018672
22.12	-0.0017913
22.125	-0.0016808
22.13	-0.0011279
22.135	0.00019591
22.14	0.00060597
22.145	0.0010567
22.15	0.001797
22.155	0.0022656
22.16	0.0027967
22.165	0.0039131
22.17	0.0037357
22.175	0.0030214
22.18	0.0034998
22.185	0.0038229
22.19	0.004596
22.195	0.0055432
22.2	0.0058621
22.205	0.0055704
22.21	0.0051159
22.215	0.0049371
22.22	0.0051105
22.225	0.005333
22.23	0.0053228
22.235	0.0050073
22.24	0.0037207
22.245	8.486e-05
22.25	-0.0031733
22.255	-0.0038949
22.26	-0.0029596
22.265	-0.0015692
22.27	0.0006548
22.275	0.0028299
22.28	0.0023133
22.285	-0.00016596
22.29	-0.0030134
22.295	-0.0043911
22.3	-0.0040727
22.305	-0.0033221
22.31	-0.0031283
22.315	-0.0034933
22.32	-0.0039266
22.325	-0.0040517
22.33	-0.0038288
22.335	-0.0035315
22.34	-0.0033467
22.345	-0.0033678
22.35	-0.0033946
22.355	-0.0032933
22.36	-0.0025977
22.365	-0.00014894
22.37	0.0033376
22.375	0.0053331
22.38	0.0051341
22.385	0.0031586
22.39	-0.00077053
22.395	-0.0036732
22.4	-0.003849
22.405	-0.0026669
22.41	-0.0019965
22.415	-0.002809
22.42	-0.005266
22.425	-0.0077796
22.43	-0.0098226
22.435	-0.010702
22.44	-0.010467
22.445	-0.010015
22.45	-0.0099432
22.455	-0.0102
22.46	-0.01044
22.465	-0.010475
22.47	-0.010361
22.475	-0.010239
22.48	-0.010185
22.485	-0.010136
22.49	-0.0095488
22.495	-0.0072308
22.5	-0.0037599
22.505	-0.0017379
22.51	-0.001799
22.515	-0.0026582
22.52	-0.0030261
22.525	-0.0026857
22.53	-0.0022132
22.535	-0.0025929
22.54	-0.0050452
22.545	-0.008641
22.55	-0.010623
22.555	-0.010296
22.56	-0.0092377
22.565	-0.0088818
22.57	-0.0099001
22.575	-0.012898
22.58	-0.016568
22.585	-0.018445
22.59	-0.018158
22.595	-0.017237
22.6	-0.016931
22.605	-0.017267
22.61	-0.017638
22.615	-0.017785
22.62	-0.017711
22.625	-0.01755
22.63	-0.017396
22.635	-0.017244
22.64	-0.017144
22.645	-0.017125
22.65	-0.017148
22.655	-0.017157
22.66	-0.017144
22.665	-0.017137
22.67	-0.017127
22.675	-0.017132
22.68	-0.017171
22.685	-0.017242
22.69	-0.017328
22.695	-0.017413
22.7	-0.017482
22.705	-0.017549
22.71	-0.017618
22.715	-0.01769
22.72	-0.017717
22.725	-0.01763
22.73	-0.017119
22.735	-0.015925
22.74	-0.016226
22.745	-0.017615
22.75	-0.018319
22.755	-0.017093
22.76	-0.013092
22.765	-0.0096549
22.77	-0.0090362
22.775	-0.010036
22.78	-0.010811
22.785	-0.010736
22.79	-0.010133
22.795	-0.0096287
22.8	-0.0090854
22.805	-0.0080634
22.81	-0.0079192
22.815	-0.0069032
22.82	-0.0041735
22.825	-0.0025702
22.83	-0.0035815
22.835	-0.0041253
22.84	-0.0032786
22.845	-0.0022854
22.85	-0.0019476
22.855	-0.0021294
22.86	-0.0022525
22.865	-0.00087908
22.87	0.0028946
22.875	0.0051713
22.88	0.0029007
22.885	-0.0014727
22.89	-0.0036737
22.895	-0.0030319
22.9	-0.0015893
22.905	-0.0010335
22.91	-0.0014641
22.915	-0.0020945
22.92	-0.0023526
22.925	-0.0022273
22.93	-0.0020122
22.935	-0.0019321
22.94	-0.0020399
22.945	-0.002271
22.95	-0.003092
22.955	-0.0049695
22.96	-0.0064135
22.965	-0.0074245
22.97	-0.0090715
22.975	-0.010316
22.98	-0.010469
22.985	-0.0093397
22.99	-0.0079971
22.995	-0.007571
23	-0.0070044
23.005	-0.00738
23.01	-0.008034
23.015	-0.0063217
23.02	-0.0040725
23.025	-0.0033463
23.03	-0.0028563
23.035	-0.0024977
23.04	-0.0023853
23.045	-0.0024034
23.05	-0.0024045
23.055	-0.0023632
23.06	-0.0023321
23.065	-0.0023412
23.07	-0.0023719
23.075	-0.0024062
23.08	-0.0024238
23.085	-0.0024055
23.09	-0.0023639
23.095	-0.0023317
23.1	-0.0023009
23.105	-0.0022564
23.11	-0.00218
23.115	-0.0018879
23.12	-0.00044549
23.125	0.0015339
23.13	0.0024447
23.135	0.0022096
23.14	0.001751
23.145	0.0018871
23.15	0.003338
23.155	0.0044272
23.16	0.0048808
23.165	0.0056465
23.17	0.0062298
23.175	0.0063609
23.18	0.006266
23.185	0.0062171
23.19	0.0062972
23.195	0.0066369
23.2	0.0081008
23.205	0.010283
23.21	0.012418
23.215	0.012707
23.22	0.012708
23.225	0.013507
23.23	0.014262
23.235	0.01415
23.24	0.012003
23.245	0.008305
23.25	0.0058925
23.255	0.0064669
23.26	0.010767
23.265	0.014944
23.27	0.015472
23.275	0.012382
23.28	0.0092848
23.285	0.0086796
23.29	0.009499
23.295	0.0088352
23.3	0.0070206
23.305	0.0059134
23.31	0.0059428
23.315	0.0064176
23.32	0.0066706
23.325	0.0065819
23.33	0.0064011
23.335	0.0063329
23.34	0.0063926
23.345	0.0064899
23.35	0.0064983
23.355	0.0059582
23.36	0.004686
23.365	0.0048675
23.37	0.0061858
23.375	0.0069482
23.38	0.0057492
23.385	0.0017039
23.39	-0.0017691
23.395	-0.0023358
23.4	-0.0011603
23.405	-0.00027316
23.41	-0.00047529
23.415	-0.0017389
23.42	-0.0040942
23.425	-0.0063513
23.43	-0.0083284
23.435	-0.0093685
23.44	-0.0093573
23.445	-0.0090526
23.45	-0.0090451
23.455	-0.0093319
23.46	-0.0096217
23.465	-0.0097345
23.47	-0.0096939
23.475	-0.0096266
23.48	-0.0096054
23.485	-0.0096147
23.49	-0.0095733
23.495	-0.0087639
23.5	-0.0067407
23.505	-0.0045836
23.51	-0.003296
23.515	-0.0035803
23.52	-0.0032529
23.525	-0.0023328
23.53	-0.0017198
23.535	-0.001657
23.54	-0.0018423
23.545	-0.002011
23.55	-0.0026893
23.555	-0.0035797
23.56	-0.0028578
23.565	-0.0016095
23.57	-0.0010843
23.575	-0.0012927
23.58	-0.0016269
23.585	-0.0016875
23.59	-0.0015171
23.595	-0.0013335
23.6	-0.001264
23.605	-0.0012884
23.61	-0.0013268
23.615	-0.0013192
23.62	-0.0012809
23.625	-0.0012497
23.63	-0.0012127
23.635	-0.001111
23.64	-0.00094526
23.645	-0.00082752
23.65	-0.00068405
23.655	0.00037621
23.66	0.0023767
23.665	0.0037057
23.67	0.0048511
23.675	0.0063128
23.68	0.0070903
23.685	0.0070379
23.69	0.0067476
23.695	0.0066758
23.7	0.0068337
23.705	0.0070085
23.71	0.0070433
23.715	0.0069806
23.72	0.0069173
23.725	0.0069112
23.73	0.0069548
23.735	0.0069857
23.74	0.0069572
23.745	0.0064945
23.75	0.0037615
23.755	0.00038226
23.76	0.0014599
23.765	0.0059402
23.77	0.0087582
23.775	0.008429
23.78	0.0068665
23.785	0.0060993
23.79	0.0064847
23.795	0.0072369
23.8	0.0076302
23.805	0.0075625
23.81	0.0073366
23.815	0.0072218
23.82	0.0072634
23.825	0.0073504
23.83	0.0073782
23.835	0.0073493
23.84	0.0073192
23.845	0.0073498
23.85	0.0075382
23.855	0.0080764
23.86	0.01017
23.865	0.013737
23.87	0.016481
23.875	0.017997
23.88	0.017305
23.885	0.015545
23.89	0.014766
23.895	0.015205
23.9	0.015913
23.905	0.016151
23.91	0.015913
23.915	0.015593
23.92	0.015452
23.925	0.015478
23.93	0.015508
23.935	0.015379
23.94	0.015172
23.945	0.015048
23.95	0.015026
23.955	0.015024
23.96	0.01494
23.965	0.01421
23.97	0.010784
23.975	0.0069969
23.98	0.0057714
23.985	0.0065955
23.99	0.0075202
23.995	0.0075422
24	0.0069753
24.005	0.0065135
24.01	0.0064522
24.015	0.0066449
24.02	0.0068026
24.025	0.0068099
24.03	0.0067362
24.035	0.0066845
24.04	0.0066865
24.045	0.0067059
24.05	0.0066947
24.055	0.0066595
24.06	0.0066173
24.065	0.0066141
24.07	0.0067314
24.075	0.0068638
24.08	0.0068881
24.085	0.0068298
24.09	0.0067685
24.095	0.0067462
24.1	0.006763
24.105	0.0070364
24.11	0.0082331
24.115	0.0082366
24.12	0.0068627
24.125	0.0058271
24.13	0.0057728
24.135	0.0062146
24.14	0.0067696
24.145	0.0080185
24.15	0.0079691
24.155	0.006546
24.16	0.0055261
24.165	0.0055336
24.17	0.0060233
24.175	0.0063134
24.18	0.0062276
24.185	0.0059941
24.19	0.0058529
24.195	0.0058577
24.2	0.005947
24.205	0.0060247
24.21	0.0060451
24.215	0.0060254
24.22	0.006007
24.225	0.0060087
24.23	0.0060284
24.235	0.006065
24.24	0.0061021
24.245	0.0061374
24.25	0.0061845
24.255	0.0062458
24.26	0.0063343
24.265	0.0067279
24.27	0.0084867
24.275	0.010716
24.28	0.012717
24.285	0.012533
24.29	0.010532
24.295	0.0079005
24.3	0.0064197
24.305	0.006588
24.31	0.0073265
24.315	0.0076619
24.32	0.0074599
24.325	0.0071227
24.33	0.007
24.335	0.0071205
24.34	0.0072961
24.345	0.007335
24.35	0.0066705
24.355	0.0033481
24.36	0.00028952
24.365	0.0024614
24.37	0.0067028
24.375	0.0068236
24.38	0.0024499
24.385	-0.0018541
24.39	-0.004503
24.395	-0.0063384
24.4	-0.006269
24.405	-0.005958
24.41	-0.0056504
24.415	-0.0064574
24.42	-0.0080227
24.425	-0.0088378
24.43	-0.0086614
24.435	-0.0081861
24.44	-0.0079893
24.445	-0.0081172
24.45	-0.0082962
24.455	-0.0083471
24.46	-0.0082752
24.465	-0.0081668
24.47	-0.0080865
24.475	-0.0080477
24.48	-0.0080384
24.485	-0.0080141
24.49	-0.0079653
24.495	-0.007918
24.5	-0.0078569
24.505	-0.0077208
24.51	-0.0076119
24.515	-0.0076963
24.52	-0.00785
24.525	-0.00791
24.53	-0.0078703
24.535	-0.0078214
24.54	-0.0078319
24.545	-0.0078895
24.55	-0.0079517
24.555	-0.0079896
24.56	-0.0080097
24.565	-0.0080107
24.57	-0.0080105
24.575	-0.0080621
24.58	-0.0086411
24.585	-0.010466
24.59	-0.012144
24.595	-0.013044
24.6	-0.014333
24.605	-0.015048
24.61	-0.014197
24.615	-0.014175
24.62	-0.014866
24.625	-0.014559
24.63	-0.014325
24.635	-0.01397
24.64	-0.014146
24.645	-0.013587
24.65	-0.012513
24.655	-0.011981
24.66	-0.012112
24.665	-0.01242
24.67	-0.012534
24.675	-0.012426
24.68	-0.012229
24.685	-0.011593
24.69	-0.0098022
24.695	-0.008215
24.7	-0.0078781
24.705	-0.0083002
24.71	-0.0086195
24.715	-0.00852
24.72	-0.0081713
24.725	-0.0078263
24.73	-0.0076913
24.735	-0.0078031
24.74	-0.0084776
24.745	-0.010277
24.75	-0.011206
24.755	-0.0095818
24.76	-0.007576
24.765	-0.0070346
24.77	-0.0076584
24.775	-0.0083054
24.78	-0.008383
24.785	-0.0080757
24.79	-0.0078074
24.795	-0.0077814
24.8	-0.0079068
24.805	-0.008004
24.81	-0.0079924
24.815	-0.0079213
24.82	-0.0078736
24.825	-0.0078705
24.83	-0.0078895
24.835	-0.0079005
24.84	-0.0078954
24.845	-0.0078948
24.85	-0.0079133
24.855	-0.0079415
24.86	-0.0079766
24.865	-0.0080069
24.87	-0.0080353
24.875	-0.0080802
24.88	-0.0082034
24.885	-0.0090929
24.89	-0.011224
24.895	-0.013492
24.9	-0.014102
24.905	-0.011854
24.91	-0.01068
24.915	-0.011415
24.92	-0.011753
24.925	-0.010249
24.93	-0.0086054
24.935	-0.0081286
24.94	-0.0090904
24.945	-0.010397
24.95	-0.0097818
24.955	-0.0083893
24.96	-0.0077262
24.965	-0.0079436
24.97	-0.0083902
24.975	-0.0085584
24.98	-0.0084231
24.985	-0.0083214
24.99	-0.0091242
24.995	-0.010011
25	-0.0092815
25.005	-0.0081024
25.01	-0.0076664
25.015	-0.0079338
25.02	-0.0082828
25.025	-0.0083482
25.03	-0.0081847
25.035	-0.0080077
25.04	-0.0079472
25.045	-0.007974
25.05	-0.008003
25.055	-0.0080017
25.06	-0.0079654
25.065	-0.0077972
25.07	-0.0065692
25.075	-0.0034815
25.08	-0.00032773
25.085	0.00072005
25.09	7.4074e-05
25.095	-0.0006781
25.1	-0.00070052
25.105	-0.00023056
25.11	0.00016124
25.115	0.00022633
25.12	9.5341e-05
25.125	-3.7728e-06
25.13	0.00021649
25.135	0.0016554
25.14	0.0036367
25.145	0.0043507
25.15	0.0031631
25.155	0.0034763
25.16	0.0061473
25.165	0.0070574
25.17	0.0053824
25.175	0.0035141
25.18	0.0021095
25.185	0.0021968
25.19	0.0037656
25.195	0.0047039
25.2	0.0035131
25.205	0.002368
25.21	0.0030644
25.215	0.004261
25.22	0.004521
25.225	0.0030797
25.23	0.0019012
25.235	0.0016504
25.24	0.002116
25.245	0.0021562
25.25	0.00098489
25.255	-8.7798e-05
25.26	-0.00032144
25.265	-3.4259e-05
25.27	0.00024192
25.275	0.00080601
25.28	0.0033026
25.285	0.003521
25.29	0.00093122
25.295	-0.0010713
25.3	-0.0011283
25.305	-0.00021861
25.31	0.00036694
25.315	0.00026064
25.32	-0.00013306
25.325	-0.00035133
25.33	-0.00028874
25.335	-0.00011112
25.34	1.2607e-05
25.345	3.4269e-05
25.35	1.1226e-05
25.355	1.4146e-05
25.36	5.2075e-05
25.365	0.00011683
25.37	0.00048287
25.375	0.0022498
25.38	0.0039081
25.385	0.0028623
25.39	0.00054383
25.395	-0.00056837
25.4	-0.00019187
25.405	0.00056377
25.41	0.0008211
25.415	0.00056098
25.42	0.00022134
25.425	9.3137e-05
25.43	0.00014252
25.435	0.00013983
25.44	6.4895e-05
25.445	3.6556e-05
25.45	0.00016273
25.455	0.00033959
25.46	0.0004356
25.465	0.00045493
25.47	0.00044616
25.475	0.00046211
25.48	0.00049726
25.485	0.00052146
25.49	0.00052603
25.495	0.00052015
25.5	0.00051534
25.505	0.00049112
25.51	0.00036209
25.515	0.00020744
25.52	0.00015121
25.525	0.0001823
25.53	0.00021854
25.535	0.00020124
25.54	0.00015491
25.545	0.00013039
25.55	0.00013558
25.555	0.00015064
25.56	0.00015687
25.565	0.00014087
25.57	0.0001124
25.575	9.6024e-05
25.58	0.0001007
25.585	0.00013491
25.59	0.00026539
25.595	0.00042337
25.6	0.0004873
25.605	0.00046181
25.61	0.00042254
25.615	0.00041882
25.62	0.00046528
25.625	0.00079552
25.63	0.0021753
25.635	0.0026906
25.64	0.0031109
25.645	0.0042502
25.65	0.0058858
25.655	0.0050819
25.66	0.0048055
25.665	0.0052023
25.67	0.0049919
25.675	0.0045728
25.68	0.0041221
25.685	0.0028373
25.69	0.0024131
25.695	0.0020326
25.7	0.0014561
25.705	0.0025463
25.71	0.0043498
25.715	0.0047767
25.72	0.002752
25.725	0.00061604
25.73	0.001211
25.735	0.0020029
25.74	0.0013116
25.745	0.00023245
25.75	-0.00022899
25.755	-8.6586e-05
25.76	0.00017756
25.765	0.00030879
25.77	0.00091618
25.775	0.0038431
25.78	0.0060745
25.785	0.0067024
25.79	0.0054834
25.795	0.0037141
25.8	0.0031376
25.805	0.0039682
25.81	0.0060564
25.815	0.0065184
25.82	0.0050734
25.825	0.0040908
25.83	0.0053259
25.835	0.0063832
25.84	0.0072165
25.845	0.0080853
25.85	0.0084175
25.855	0.0082844
25.86	0.0081129
25.865	0.0081441
25.87	0.008294
25.875	0.008403
25.88	0.0083856
25.885	0.007997
25.89	0.0059789
25.895	0.0024531
25.9	4.0766e-05
25.905	0.0001911
25.91	0.0024344
25.915	0.0030997
25.92	0.0015432
25.925	9.7055e-07
25.93	-0.0003248
25.935	0.00016808
25.94	0.00062019
25.945	0.00064759
25.95	0.00038377
25.955	5.3373e-05
25.96	-0.00011337
25.965	-7.3785e-05
25.97	3.1102e-05
25.975	7.5791e-05
25.98	4.8622e-05
25.985	1.2339e-05
25.99	1.5537e-05
25.995	4.597e-05
26	6.901e-05
26.005	6.8872e-05
26.01	4.2029e-05
26.015	1.8626e-05
26.02	7.2411e-05
26.025	0.00024312
26.03	0.00041369
26.035	0.00048446
26.04	0.00047337
26.045	0.00045761
26.05	0.00048216
26.055	0.00053199
26.06	0.00057085
26.065	0.00059788
26.07	0.00062416
26.075	0.00065343
26.08	0.00067718
26.085	0.00068667
26.09	0.00069443
26.095	0.00070929
26.1	0.00076328
26.105	0.0012917
26.11	0.0025251
26.115	0.002333
26.12	0.0014343
26.125	0.0017958
26.13	0.0022604
26.135	0.0032633
26.14	0.0043307
26.145	0.0046158
26.15	0.003791
26.155	0.0016994
26.16	5.5847e-05
26.165	-0.00011826
26.17	0.00049829
26.175	0.00091559
26.18	0.00080472
26.185	0.00044872
26.19	0.00020594
26.195	0.00018331
26.2	0.00023754
26.205	-0.00022305
26.21	-0.0015184
26.215	-0.0019938
26.22	-0.0031165
26.225	-0.005734
26.23	-0.0077637
26.235	-0.0080737
26.24	-0.0079495
26.245	-0.009209
26.25	-0.010794
26.255	-0.010756
26.26	-0.0086541
26.265	-0.0067374
26.27	-0.0063713
26.275	-0.0064232
26.28	-0.0057734
26.285	-0.0054054
26.29	-0.0049979
26.295	-0.0042791
26.3	-0.0014803
26.305	0.0010049
26.31	0.0014895
26.315	0.00075847
26.32	0.00019928
26.325	0.00031207
26.33	0.00079826
26.335	0.0011822
26.34	0.0011678
26.345	0.0010223
26.35	0.0010532
26.355	0.0012112
26.36	0.0014116
26.365	0.0023328
26.37	0.0049844
26.375	0.0073752
26.38	0.0061408
26.385	0.0024536
26.39	0.00018836
26.395	0.00044313
26.4	0.0016575
26.405	0.0022528
26.41	0.0019694
26.415	0.0014822
26.42	0.001967
26.425	0.0032004
26.43	0.0029097
26.435	0.0024405
26.44	0.0029955
26.445	0.0035196
26.45	0.0046136
26.455	0.0053261
26.46	0.0045583
26.465	0.0043152
26.47	0.0060257
26.475	0.007604
26.48	0.0088116
26.485	0.008322
26.49	0.0069912
26.495	0.0063727
26.5	0.0056693
26.505	0.0051093
26.51	0.0041232
26.515	0.0031974
26.52	0.002957
26.525	0.0020958
26.53	0.0011595
26.535	0.00073202
26.54	0.00078185
26.545	0.00092075
26.55	0.00090112
26.555	0.00075969
26.56	0.0006195
26.565	0.00047898
26.57	0.00031699
26.575	0.0002178
26.58	0.00019704
26.585	0.00019744
26.59	0.00016253
26.595	9.9787e-05
26.6	5.0873e-05
26.605	2.2301e-05
26.61	1.1056e-05
26.615	-7.2474e-08
26.62	-1.8805e-05
26.625	-3.2608e-05
26.63	-2.7169e-05
26.635	7.3076e-06
26.64	4.9152e-05
26.645	8.2515e-05
26.65	0.00012044
26.655	0.00016858
26.66	0.00021891
26.665	0.00024761
26.67	7.7439e-05
26.675	-0.001064
26.68	-0.0018198
26.685	-0.0019575
26.69	-0.0018242
26.695	-0.0030823
26.7	-0.0050362
26.705	-0.0063421
26.71	-0.0072561
26.715	-0.0073236
26.72	-0.0058123
26.725	-0.0037572
26.73	-0.0029404
26.735	-0.0033656
26.74	-0.0041909
26.745	-0.0056786
26.75	-0.0073084
26.755	-0.0078602
26.76	-0.0072653
26.765	-0.0051904
26.77	-0.0016463
26.775	0.00088376
26.78	0.0010736
26.785	0.0001329
26.79	-0.00041441
26.795	-0.00017222
26.8	0.00037648
26.805	0.00068274
26.81	0.00062918
26.815	0.0004366
26.82	0.00032582
26.825	0.00036562
26.83	0.00074804
26.835	0.0024389
26.84	0.004256
26.845	0.0044887
26.85	0.002375
26.855	4.383e-05
26.86	-0.00051109
26.865	0.00085394
26.87	0.0048805
26.875	0.0082999
26.88	0.0070979
26.885	0.0024187
26.89	-0.00088234
26.895	-0.00080963
26.9	0.00080504
26.905	0.0017424
26.91	0.0014659
26.915	0.00073969
26.92	0.00035651
26.925	0.00044818
26.93	0.00070737
26.935	0.00084669
26.94	0.00081669
26.945	0.00072491
26.95	0.00067426
26.955	0.00069059
26.96	0.00072861
26.965	0.00071743
26.97	0.00058257
26.975	0.00043274
26.98	0.00038367
26.985	0.00091747
26.99	0.0009309
26.995	0.00090654
27	0.00085398
27.005	0.0008074
27.01	0.0007768
27.015	0.00074409
27.02	0.00069934
27.025	0.00065241
27.03	0.00061312
27.035	0.00057898
27.04	0.00054481
27.045	0.00051334
27.05	0.00048867
27.055	0.00046704
27.06	0.00045991
27.065	0.00046565
27.07	0.00047073
27.075	0.00047378
27.08	0.00047479
27.085	0.00049132
27.09	0.00052167
27.095	0.00053961
27.1	0.0005424
27.105	0.00056041
27.11	0.00068168
27.115	0.00083458
27.12	0.00090828
27.125	0.00089604
27.13	0.00086029
27.135	0.00085119
27.14	0.00086889
27.145	0.00088963
27.15	0.00089846
27.155	0.00089666
27.16	0.00090737
27.165	0.00093607
27.17	0.00096877
27.175	0.00099564
27.18	0.001003
27.185	0.00098414
27.19	0.0009786
27.195	0.0012931
27.2	0.002956
27.205	0.0047995
27.21	0.0053768
27.215	0.0049682
27.22	0.0047913
27.225	0.0062721
27.23	0.0079935
27.235	0.0071695
27.24	0.0046615
27.245	0.0018972
27.25	0.00086856
27.255	0.0041245
27.26	0.0084073
27.265	0.0098241
27.27	0.0087109
27.275	0.0073734
27.28	0.0071394
27.285	0.0077354
27.29	0.0083016
27.295	0.0084008
27.3	0.0081801
27.305	0.0079723
27.31	0.0079447
27.315	0.0080435
27.32	0.0081348
27.325	0.0081505
27.33	0.0081221
27.335	0.0080906
27.34	0.0080686
27.345	0.0080663
27.35	0.0080697
27.355	0.0080591
27.36	0.008085
27.365	0.0084578
27.37	0.0097555
27.375	0.0099099
27.38	0.0086133
27.385	0.0075382
27.39	0.0074463
27.395	0.0078913
27.4	0.0081981
27.405	0.0081587
27.41	0.0079634
27.415	0.0078438
27.42	0.0078525
27.425	0.0079113
27.43	0.0079468
27.435	0.0079484
27.44	0.007934
27.445	0.007917
27.45	0.007898
27.455	0.0078724
27.46	0.0078495
27.465	0.0078261
27.47	0.0077875
27.475	0.0077363
27.48	0.007681
27.485	0.0076114
27.49	0.007514
27.495	0.0071524
27.5	0.00581
27.505	0.0052611
27.51	0.004806
27.515	0.0039725
27.52	0.0038915
27.525	0.004952
27.53	0.0048643
27.535	0.003664
27.54	0.002735
27.545	0.0021422
27.55	0.00080857
27.555	-0.00049715
27.56	-0.00089369
27.565	-0.00064294
27.57	-0.00039892
27.575	-0.00044885
27.58	-0.00066663
27.585	-0.00083604
27.59	-0.00087172
27.595	-0.00083244
27.6	-0.00079697
27.605	-0.00079912
27.61	-0.00083652
27.615	-0.00088085
27.62	-0.0008982
27.625	-0.00090985
27.63	-0.00093216
27.635	-0.00095503
27.64	-0.00097356
27.645	-0.00098908
27.65	-0.0010053
27.655	-0.0010536
27.66	-0.0015344
27.665	-0.0026712
27.67	-0.0029624
27.675	-0.0029058
27.68	-0.0020391
27.685	-0.0010263
27.69	-0.000745
27.695	-0.0010622
27.7	-0.0013964
27.705	-0.001443
27.71	-0.0013116
27.715	-0.0012053
27.72	-0.0012066
27.725	-0.0012774
27.73	-0.0013825
27.735	-0.0019341
27.74	-0.0039411
27.745	-0.0068139
27.75	-0.0083253
27.755	-0.0069716
27.76	-0.0030865
27.765	-0.00024296
27.77	-0.00013876
27.775	-0.0014399
27.78	-0.0028966
27.785	-0.004323
27.79	-0.0048907
27.795	-0.0046841
27.8	-0.0049821
27.805	-0.0065445
27.81	-0.0078847
27.815	-0.0081126
27.82	-0.0076646
27.825	-0.0072957
27.83	-0.0072939
27.835	-0.0074782
27.84	-0.0075904
27.845	-0.0075504
27.85	-0.0074446
27.855	-0.0073705
27.86	-0.0073441
27.865	-0.0073314
27.87	-0.0073055
27.875	-0.0072697
27.88	-0.0072894
27.885	-0.0078559
27.89	-0.0093029
27.895	-0.010876
27.9	-0.011819
27.905	-0.011492
27.91	-0.01104
27.915	-0.01018
27.92	-0.010047
27.925	-0.010876
27.93	-0.011274
27.935	-0.011833
27.94	-0.012159
27.945	-0.010845
27.95	-0.008274
27.955	-0.0068311
27.96	-0.0062722
27.965	-0.0062565
27.97	-0.0063502
27.975	-0.0062689
27.98	-0.006042
27.985	-0.0058358
27.99	-0.0057476
27.995	-0.0057568
28	-0.0057653
28.005	-0.005632
28.01	-0.0047498
28.015	-0.003121
28.02	-0.0014471
28.025	-6.8178e-05
28.03	0.00036953
28.035	0.00012883
28.04	-0.00012074
28.045	-7.0988e-05
28.05	0.00014852
28.055	0.00031017
28.06	0.00041244
28.065	0.0011161
28.07	0.0025402
28.075	0.0040735
28.08	0.0053751
28.085	0.0057625
28.09	0.0054646
28.095	0.0051425
28.1	0.0051057
28.105	0.0052396
28.11	0.0053165
28.115	0.0052508
28.12	0.0051064
28.125	0.0049785
28.13	0.0049108
28.135	0.0048784
28.14	0.0048408
28.145	0.0047825
28.15	0.0047126
28.155	0.0046472
28.16	0.0046004
28.165	0.0045641
28.17	0.0045268
28.175	0.0044805
28.18	0.0044206
28.185	0.0043553
28.19	0.0043026
28.195	0.0043061
28.2	0.0043249
28.205	0.00424
28.21	0.004077
28.215	0.0039602
28.22	0.003954
28.225	0.0039848
28.23	0.0039074
28.235	0.0037186
28.24	0.0032961
28.245	0.001525
28.25	-0.00085878
28.255	-0.0019133
28.26	-0.0015624
28.265	-0.0007743
28.27	0.00031643
28.275	0.00097136
28.28	3.7609e-05
28.285	-0.0014156
28.29	-0.0019696
28.295	-0.0016324
28.3	-0.0011597
28.305	-0.0010381
28.31	-0.0012154
28.315	-0.0014038
28.32	-0.0014449
28.325	-0.001379
28.33	-0.0013114
28.335	-0.0012956
28.34	-0.0013298
28.345	-0.0015194
28.35	-0.0022826
28.355	-0.0025555
28.36	-0.0029077
28.365	-0.0039087
28.37	-0.0033357
28.375	-0.0015886
28.38	-0.00062873
28.385	-0.0010152
28.39	-0.0026497
28.395	-0.0045818
28.4	-0.004613
28.405	-0.0024939
28.41	-0.00052072
28.415	-0.00015819
28.42	-0.00084376
28.425	-0.0014265
28.43	-0.001426
28.435	-0.001106
28.44	-0.00091683
28.445	-0.00096734
28.45	-0.0011006
28.455	-0.0011717
28.46	-0.001159
28.465	-0.0011158
28.47	-0.0010921
28.475	-0.0010951
28.48	-0.0011075
28.485	-0.0011128
28.49	-0.0011077
28.495	-0.0010993
28.5	-0.0010934
28.505	-0.0010909
28.51	-0.0010892
28.515	-0.0010866
28.52	-0.0010827
28.525	-0.0010799
28.53	-0.0010866
28.535	-0.0010939
28.54	-0.0010919
28.545	-0.0010832
28.55	-0.001075
28.555	-0.0010704
28.56	-0.0010717
28.565	-0.0010725
28.57	-0.0010665
28.575	-0.0010524
28.58	-0.0010383
28.585	-0.0010299
28.59	-0.0010236
28.595	-0.001008
28.6	-0.00098807
28.605	-0.00096684
28.61	-0.00095126
28.615	-0.00094405
28.62	-0.0009359
28.625	-0.00090971
28.63	-0.00084424
28.635	-0.0007906
28.64	-0.0008195
28.645	-0.00088175
28.65	-0.00090505
28.655	-0.00088626
28.66	-0.00086257
28.665	-0.00086468
28.67	-0.0010068
28.675	-0.001764
28.68	-0.0029566
28.685	-0.003201
28.69	-0.002512
28.695	-0.0019181
28.7	-0.0018668
28.705	-0.0021144
28.71	-0.0023775
28.715	-0.0028021
28.72	-0.002713
28.725	-0.0022445
28.73	-0.0023191
28.735	-0.0024682
28.74	-0.0027295
28.745	-0.0030568
28.75	-0.0031461
28.755	-0.0030015
28.76	-0.0027146
28.765	-0.0019854
28.77	-0.0008613
28.775	-0.00011681
28.78	-7.3229e-05
28.785	-0.0003312
28.79	-0.0004571
28.795	-0.00036828
28.8	-0.00021396
28.805	-0.00013283
28.81	-0.0001417
28.815	-0.00017773
28.82	-0.00018944
28.825	-0.00016889
28.83	-0.00014041
28.835	-0.00012227
28.84	-0.00011039
28.845	-8.1424e-05
28.85	-6.9799e-05
28.855	-7.2857e-05
28.86	-4.9493e-05
28.865	-3.5614e-05
28.87	-4.4813e-05
28.875	-5.2382e-05
28.88	-4.6386e-05
28.885	-3.2299e-05
28.89	-1.9839e-05
28.895	-8.7795e-06
28.9	4.279e-06
28.905	1.5192e-05
28.91	2.2516e-05
28.915	2.8582e-05
28.92	3.5758e-05
28.925	4.8505e-05
28.93	7.703e-05
28.935	8.6489e-05
28.94	7.2914e-05
28.945	6.3974e-05
28.95	7.1497e-05
28.955	8.7038e-05
28.96	9.6763e-05
28.965	0.00010006
28.97	0.00010233
28.975	0.00010713
28.98	0.00011386
28.985	0.00011739
28.99	0.00011694
28.995	0.0001189
29	0.00012476
29.005	0.00012861
29.01	0.00012888
29.015	0.00013083
29.02	0.00013656
29.025	0.00014387
29.03	0.0001502
29.035	0.00015426
29.04	0.00014532
29.045	4.9132e-05
29.05	-0.00015508
29.055	-0.00020035
29.06	-0.00024513
29.065	-0.00031094
29.07	-0.00025107
29.075	2.3849e-05
29.08	0.0002636
29.085	0.00031037
29.09	0.00023217
29.095	0.00016857
29.1	0.00018025
29.105	0.00023269
29.11	0.0002698
29.115	0.00027515
29.12	0.00026667
29.125	0.00026303
29.13	0.00026905
29.135	0.00027686
29.14	0.00027685
29.145	0.00027868
29.15	0.00027912
29.155	0.00027906
29.16	0.00028094
29.165	0.00028505
29.17	0.00029188
29.175	0.00029888
29.18	0.00030241
29.185	0.00030329
29.19	0.00030404
29.195	0.00030584
29.2	0.00030816
29.205	0.0003102
29.21	0.00031162
29.215	0.00031263
29.22	0.00031347
29.225	0.00031429
29.23	0.00031519
29.235	0.00031555
29.24	0.0003126
29.245	0.00027564
29.25	0.00019761
29.255	0.00022024
29.26	0.00030213
29.265	0.00034541
29.27	0.00033317
29.275	0.00030701
29.28	0.00030177
29.285	0.00031172
29.29	0.0003203
29.295	0.00031982
29.3	0.00031287
29.305	0.00030664
29.31	0.00030506
29.315	0.00030807
29.32	0.00031385
29.325	0.00031969
29.33	0.00032056
29.335	0.00031685
29.34	0.00031222
29.345	0.00030917
29.35	0.00030736
29.355	0.00030593
29.36	0.00030547
29.365	0.00030439
29.37	0.00030129
29.375	0.00029745
29.38	0.00029557
29.385	0.00029427
29.39	0.00029105
29.395	0.00026539
29.4	0.00020453
29.405	0.00016465
29.41	0.00018556
29.415	0.00023405
29.42	0.00022532
29.425	0.0001671
29.43	0.00011548
29.435	0.00011884
29.44	0.00014384
29.445	0.00020073
29.45	0.00024514
29.455	0.00022996
29.46	0.00021219
29.465	0.00021489
29.47	0.00021075
29.475	0.00023575
29.48	0.00028095
29.485	0.00028258
29.49	0.00025362
29.495	0.00023065
29.5	0.00022607
29.505	0.00023027
29.51	0.00023114
29.515	0.0002254
29.52	0.00021671
29.525	0.00020848
29.53	0.00020188
29.535	0.00019718
29.54	0.00019319
29.545	0.0001886
29.55	0.00018265
29.555	0.00017544
29.56	0.00016878
29.565	0.00016374
29.57	0.00015974
29.575	0.00015499
29.58	0.00014854
29.585	0.00014234
29.59	0.00013737
29.595	0.00013299
29.6	0.00012891
29.605	0.00012462
29.61	0.00012037
29.615	0.0001162
29.62	0.00011181
29.625	0.00010801
29.63	0.00010555
29.635	0.00010691
29.64	0.0001059
29.645	0.00010212
29.65	9.5662e-05
29.655	8.6534e-05
29.66	7.9883e-05
29.665	7.7179e-05
29.67	7.5535e-05
29.675	7.254e-05
29.68	6.823e-05
29.685	6.3604e-05
29.69	5.9223e-05
29.695	5.5495e-05
29.7	5.2286e-05
29.705	4.9159e-05
29.71	4.5858e-05
29.715	4.25e-05
29.72	3.9027e-05
29.725	3.5489e-05
29.73	3.2254e-05
29.735	2.9215e-05
29.74	2.582e-05
29.745	2.0342e-05
29.75	1.4433e-05
29.755	1.1105e-05
29.76	1.0268e-05
29.765	1.1186e-05
29.77	1.1586e-05
29.775	9.5412e-06
29.78	6.0496e-06
29.785	2.6864e-06
29.79	-3.9952e-08
29.795	-2.2861e-06
29.8	-4.4233e-06
29.805	-6.6738e-06
29.81	-8.9579e-06
29.815	-1.1153e-05
29.82	-1.3324e-05
29.825	-1.5466e-05
29.83	-1.7494e-05
29.835	-1.9465e-05
29.84	-2.1348e-05
29.845	-2.3142e-05
29.85	-2.4872e-05
29.855	-2.6544e-05
29.86	-2.8148e-05
29.865	-2.9686e-05
29.87	-3.1152e-05
29.875	-3.2548e-05
29.88	-3.3863e-05
29.885	-3.5101e-05
29.89	-3.632e-05
29.895	-3.7515e-05
29.9	-3.8606e-05
29.905	-3.9573e-05
29.91	-4.0477e-05
29.915	-4.1362e-05
29.92	-4.221e-05
29.925	-4.2998e-05
29.93	-4.3735e-05
29.935	-4.4418e-05
29.94	-4.5044e-05
29.945	-4.5619e-05
29.95	-4.6137e-05
29.955	-4.6593e-05
29.96	-4.6988e-05
29.965	-4.7323e-05
29.97	-4.7599e-05
29.975	-4.7817e-05
