0	2.2703e-05
0.01	0.00024435
0.02	0.0008333
0.03	0.0010867
0.04	0.00090652
0.05	0.00084557
0.06	0.00078695
0.07	0.00073431
0.08	0.00068715
0.09	0.00064374
0.1	0.00060223
0.11	0.00056524
0.12	0.00053545
0.13	0.00051697
0.14	0.00051711
0.15	0.00053999
0.16	0.00057822
0.17	0.00061729
0.18	0.000645
0.19	0.00064907
0.2	0.00062354
0.21	0.00058148
0.22	0.00054543
0.23	0.00052597
0.24	0.00051135
0.25	0.00048714
0.26	0.00045843
0.27	0.00044797
0.28	0.00047659
0.29	0.00054599
0.3	0.00062904
0.31	0.00067802
0.32	0.00065527
0.33	0.00056899
0.34	0.00047268
0.35	0.00041173
0.36	0.00037962
0.37	0.00033895
0.38	0.00027532
0.39	0.00020029
0.4	0.00014764
0.41	0.00017137
0.42	0.00026995
0.43	0.00038422
0.44	0.00045423
0.45	0.00042123
0.46	0.00028564
0.47	0.00013997
0.48	6.8777e-05
0.49	6.3759e-05
0.5	6.4155e-05
0.51	4.6361e-05
0.52	5.3452e-05
0.53	9.6656e-05
0.54	1.7585e-05
0.55	-0.00032176
0.56	-0.00077139
0.57	-0.001046
0.58	-0.0010036
0.59	-0.00078283
0.6	-0.00068474
0.61	-0.00080702
0.62	-0.00090917
0.63	-0.00074216
0.64	-0.00037408
0.65	-0.00010914
0.66	-0.00016746
0.67	-0.00050051
0.68	-0.00085758
0.69	-0.00097512
0.7	-0.00080679
0.71	-0.00056808
0.72	-0.00051284
0.73	-0.00066766
0.74	-0.00089311
0.75	-0.0011305
0.76	-0.0013653
0.77	-0.001585
0.78	-0.0018156
0.79	-0.0020143
0.8	-0.0019712
0.81	-0.0015529
0.82	-0.0010177
0.83	-0.00076296
0.84	-0.00084841
0.85	-0.00095143
0.86	-0.0007862
0.87	-0.00056871
0.88	-0.0007593
0.89	-0.0012832
0.9	-0.0016267
0.91	-0.0016101
0.92	-0.0013783
0.93	-0.0010613
0.94	-0.00080764
0.95	-0.00066808
0.96	-0.00057988
0.97	-0.0005817
0.98	-0.00076615
0.99	-0.0010489
1	-0.0011251
1.01	-0.00078278
1.02	-0.00013883
1.03	0.00052498
1.04	0.00096045
1.05	0.0010788
1.06	0.0010461
1.07	0.0011744
1.08	0.0015591
1.09	0.0018005
1.1	0.0014274
1.11	0.00063302
1.12	0.00019997
1.13	0.00041459
1.14	0.00054479
1.15	-9.0983e-05
1.16	-0.0011715
1.17	-0.0018864
1.18	-0.0020435
1.19	-0.0021322
1.2	-0.002559
1.21	-0.0030686
1.22	-0.002737
1.23	-0.0012039
1.24	0.00061299
1.25	0.0015115
1.26	0.0011415
1.27	0.00021456
1.28	-0.00032512
1.29	-0.00016636
1.3	0.000253
1.31	0.00032254
1.32	8.229e-05
1.33	4.9902e-05
1.34	0.00039593
1.35	0.00088689
1.36	0.0010002
1.37	0.00058634
1.38	0.0004862
1.39	0.0014025
1.4	0.002986
1.41	0.0041924
1.42	0.0040007
1.43	0.0023215
1.44	2.8489e-05
1.45	-0.0019623
1.46	-0.0032948
1.47	-0.0042393
1.48	-0.0050843
1.49	-0.005754
1.5	-0.006032
1.51	-0.0057036
1.52	-0.0046287
1.53	-0.0028448
1.54	-0.00076262
1.55	0.00089235
1.56	0.0011022
1.57	-0.00039365
1.58	-0.002063
1.59	-0.002177
1.6	-0.00040308
1.61	0.0022488
1.62	0.0039799
1.63	0.0037143
1.64	0.0023211
1.65	0.0014467
1.66	0.0017635
1.67	0.0023669
1.68	0.0018596
1.69	0.00052133
1.7	-2.0565e-05
1.71	0.00094517
1.72	0.0023737
1.73	0.0021768
1.74	-0.00069079
1.75	-0.0046662
1.76	-0.0069578
1.77	-0.0058465
1.78	-0.0015879
1.79	0.0036718
1.8	0.007361
1.81	0.0086524
1.82	0.0083155
1.83	0.0073476
1.84	0.0066317
1.85	0.0062687
1.86	0.0055116
1.87	0.0038017
1.88	0.00081869
1.89	-0.0031699
1.9	-0.0070124
1.91	-0.0098934
1.92	-0.011631
1.93	-0.012296
1.94	-0.011933
1.95	-0.0094913
1.96	-0.0036857
1.97	0.0041672
1.98	0.010471
1.99	0.012806
2	0.011573
2.01	0.0084746
2.02	0.005441
2.03	0.0042929
2.04	0.0047423
2.05	0.0044875
2.06	0.002542
2.07	0.0004815
2.08	0.00033034
2.09	0.0020955
2.1	0.0036693
2.11	0.0033776
2.12	0.001525
2.13	-0.00046011
2.14	-0.0013821
2.15	-0.0013556
2.16	-0.0014803
2.17	-0.0028775
2.18	-0.0060715
2.19	-0.0094614
2.2	-0.0097704
2.21	-0.0059489
2.22	-0.0003957
2.23	0.0037028
2.24	0.00495
2.25	0.0041422
2.26	0.0023385
2.27	-9.8112e-05
2.28	-0.0027963
2.29	-0.0047142
2.3	-0.0040847
2.31	-2.5559e-05
2.32	0.0056672
2.33	0.010323
2.34	0.012925
2.35	0.013453
2.36	0.012383
2.37	0.010481
2.38	0.0077388
2.39	0.0030822
2.4	-0.0042629
2.41	-0.012205
2.42	-0.016771
2.43	-0.016028
2.44	-0.011403
2.45	-0.0066074
2.46	-0.0049868
2.47	-0.0067079
2.48	-0.0084696
2.49	-0.0067931
2.5	-0.0021893
2.51	0.0019679
2.52	0.0036087
2.53	0.0025678
2.54	-0.00066774
2.55	-0.0050494
2.56	-0.0092816
2.57	-0.012827
2.58	-0.01524
2.59	-0.015374
2.6	-0.013173
2.61	-0.010132
2.62	-0.0074153
2.63	-0.0057546
2.64	-0.0056907
2.65	-0.0071955
2.66	-0.0098083
2.67	-0.012228
2.68	-0.013126
2.69	-0.01218
2.7	-0.010034
2.71	-0.0082995
2.72	-0.0078551
2.73	-0.0073236
2.74	-0.0049644
2.75	-0.000897
2.76	0.0031908
2.77	0.005764
2.78	0.0084311
2.79	0.014765
2.8	0.024404
2.81	0.032261
2.82	0.033636
2.83	0.029205
2.84	0.023678
2.85	0.020431
2.86	0.019971
2.87	0.02086
2.88	0.02134
2.89	0.021994
2.9	0.024442
2.91	0.02704
2.92	0.023718
2.93	0.0093485
2.94	-0.011607
2.95	-0.027393
2.96	-0.031267
2.97	-0.026563
2.98	-0.02085
2.99	-0.018105
3	-0.016299
3.01	-0.011661
3.02	-0.00392
3.03	0.0033613
3.04	0.0069711
3.05	0.0078092
3.06	0.0089005
3.07	0.011466
3.08	0.014589
3.09	0.016798
3.1	0.018254
3.11	0.020457
3.12	0.023451
3.13	0.026079
3.14	0.027649
3.15	0.027343
3.16	0.024401
3.17	0.018812
3.18	0.01065
3.19	0.0016644
3.2	-0.0049379
3.21	-0.0091947
3.22	-0.013802
3.23	-0.019539
3.24	-0.024548
3.25	-0.02627
3.26	-0.023928
3.27	-0.019355
3.28	-0.016782
3.29	-0.020706
3.3	-0.030329
3.31	-0.038628
3.32	-0.039431
3.33	-0.033018
3.34	-0.024326
3.35	-0.016585
3.36	-0.0077876
3.37	0.0042594
3.38	0.015962
3.39	0.021251
3.4	0.01954
3.41	0.015978
3.42	0.015126
3.43	0.017882
3.44	0.021252
3.45	0.020794
3.46	0.015385
3.47	0.0080559
3.48	0.0027011
3.49	0.00057776
3.5	-0.00038179
3.51	-0.0033264
3.52	-0.0093619
3.53	-0.015906
3.54	-0.019254
3.55	-0.018903
3.56	-0.018626
3.57	-0.02348
3.58	-0.034817
3.59	-0.047516
3.6	-0.054878
3.61	-0.055822
3.62	-0.052713
3.63	-0.0449
3.64	-0.030636
3.65	-0.014357
3.66	-0.0040983
3.67	-0.0017383
3.68	-0.0013379
3.69	0.005195
3.7	0.020508
3.71	0.038284
3.72	0.04931
3.73	0.050917
3.74	0.046979
3.75	0.040869
3.76	0.033805
3.77	0.027196
3.78	0.022929
3.79	0.021568
3.8	0.022188
3.81	0.022665
3.82	0.019966
3.83	0.013196
3.84	0.0047959
3.85	-0.0021214
3.86	-0.0060395
3.87	-0.0067074
3.88	-0.004258
3.89	8.3677e-05
3.9	0.0035487
3.91	0.0041603
3.92	0.0032276
3.93	0.003046
3.94	0.0030993
3.95	0.001671
3.96	-0.00083098
3.97	-0.0024994
3.98	-0.0016684
3.99	0.0020206
4	0.0066383
4.01	0.0098644
4.02	0.011572
4.03	0.012848
4.04	0.014314
4.05	0.016211
4.06	0.019222
4.07	0.023668
4.08	0.028573
4.09	0.032369
4.1	0.033159
4.11	0.029583
4.12	0.023064
4.13	0.017048
4.14	0.012634
4.15	0.0086439
4.16	0.0042641
4.17	-0.00069894
4.18	-0.0054314
4.19	-0.008607
4.2	-0.0094206
4.21	-0.0086809
4.22	-0.0088903
4.23	-0.011518
4.24	-0.014739
4.25	-0.016004
4.26	-0.015449
4.27	-0.014743
4.28	-0.015015
4.29	-0.016294
4.3	-0.017341
4.31	-0.017877
4.32	-0.019632
4.33	-0.023239
4.34	-0.026944
4.35	-0.028494
4.36	-0.02669
4.37	-0.022008
4.38	-0.016435
4.39	-0.012217
4.4	-0.010246
4.41	-0.0096749
4.42	-0.008753
4.43	-0.0066379
4.44	-0.0045694
4.45	-0.0049162
4.46	-0.0094856
4.47	-0.017376
4.48	-0.025066
4.49	-0.029254
4.5	-0.029362
4.51	-0.0267
4.52	-0.022365
4.53	-0.017229
4.54	-0.012256
4.55	-0.0086168
4.56	-0.0069073
4.57	-0.0069291
4.58	-0.0086415
4.59	-0.011799
4.6	-0.015061
4.61	-0.015821
4.62	-0.011729
4.63	-0.0021531
4.64	0.011549
4.65	0.025913
4.66	0.037606
4.67	0.04575
4.68	0.050991
4.69	0.053855
4.7	0.054421
4.71	0.05267
4.72	0.048922
4.73	0.044049
4.74	0.038293
4.75	0.030303
4.76	0.019733
4.77	0.0092885
4.78	0.002737
4.79	0.0014419
4.8	0.0026335
4.81	0.0023058
4.82	-0.0033912
4.83	-0.01603
4.84	-0.029868
4.85	-0.037416
4.86	-0.038457
4.87	-0.037813
4.88	-0.037799
4.89	-0.036656
4.9	-0.032459
4.91	-0.02519
4.92	-0.015706
4.93	-0.0049309
4.94	0.005315
4.95	0.01363
4.96	0.020676
4.97	0.027523
4.98	0.034038
4.99	0.039014
5	0.040702
5.01	0.038195
5.02	0.033157
5.03	0.028195
5.04	0.024539
5.05	0.02243
5.06	0.021086
5.07	0.019134
5.08	0.016375
5.09	0.013297
5.1	0.0085022
5.11	8.0643e-06
5.12	-0.011012
5.13	-0.020024
5.14	-0.023309
5.15	-0.021616
5.16	-0.017941
5.17	-0.014356
5.18	-0.01152
5.19	-0.0091058
5.2	-0.0066778
5.21	-0.0041349
5.22	-0.0016675
5.23	0.00032141
5.24	0.0016695
5.25	0.0015563
5.26	-0.0019965
5.27	-0.009854
5.28	-0.020084
5.29	-0.02825
5.3	-0.030722
5.31	-0.027739
5.32	-0.022465
5.33	-0.018835
5.34	-0.01862
5.35	-0.020637
5.36	-0.023402
5.37	-0.026022
5.38	-0.028159
5.39	-0.030158
5.4	-0.032004
5.41	-0.032117
5.42	-0.027086
5.43	-0.014675
5.44	0.0029125
5.45	0.020004
5.46	0.031666
5.47	0.036989
5.48	0.037461
5.49	0.034497
5.5	0.030103
5.51	0.027195
5.52	0.027199
5.53	0.028314
5.54	0.028309
5.55	0.026915
5.56	0.024621
5.57	0.02215
5.58	0.019703
5.59	0.016502
5.6	0.011802
5.61	0.004986
5.62	-0.0047963
5.63	-0.017374
5.64	-0.029679
5.65	-0.037752
5.66	-0.040806
5.67	-0.041186
5.68	-0.040489
5.69	-0.03848
5.7	-0.035315
5.71	-0.032492
5.72	-0.030556
5.73	-0.027233
5.74	-0.021363
5.75	-0.014745
5.76	-0.0081721
5.77	-0.0010152
5.78	0.0062461
5.79	0.012371
5.8	0.016416
5.81	0.017231
5.82	0.014365
5.83	0.0088062
5.84	0.0011568
5.85	-0.0078286
5.86	-0.015825
5.87	-0.020509
5.88	-0.021567
5.89	-0.021217
5.9	-0.02205
5.91	-0.024491
5.92	-0.027233
5.93	-0.028849
5.94	-0.029069
5.95	-0.02875
5.96	-0.028579
5.97	-0.027942
5.98	-0.025866
5.99	-0.022303
6	-0.017684
6.01	-0.013456
6.02	-0.0099191
6.03	-0.0038881
6.04	0.0080265
6.05	0.025161
6.06	0.043256
6.07	0.058232
6.08	0.067714
6.09	0.071489
6.1	0.071847
6.11	0.071171
6.12	0.06947
6.13	0.0659
6.14	0.06088
6.15	0.055644
6.16	0.050626
6.17	0.044811
6.18	0.03634
6.19	0.02521
6.2	0.01526
6.21	0.0093551
6.22	0.0061533
6.23	0.0033337
6.24	-0.00036721
6.25	-0.0047703
6.26	-0.0090047
6.27	-0.013038
6.28	-0.017798
6.29	-0.023993
6.3	-0.030402
6.31	-0.035319
6.32	-0.038897
6.33	-0.04176
6.34	-0.043264
6.35	-0.042067
6.36	-0.037552
6.37	-0.030195
6.38	-0.020869
6.39	-0.010466
6.4	-6.6029e-05
6.41	0.0088896
6.42	0.015189
6.43	0.018363
6.44	0.018171
6.45	0.015168
6.46	0.011031
6.47	0.0072239
6.48	0.0041013
6.49	0.0011507
6.5	-0.0019534
6.51	-0.005188
6.52	-0.0087359
6.53	-0.012926
6.54	-0.017864
6.55	-0.022861
6.56	-0.026717
6.57	-0.028947
6.58	-0.02941
6.59	-0.028234
6.6	-0.026289
6.61	-0.024474
6.62	-0.023102
6.63	-0.021807
6.64	-0.019783
6.65	-0.01642
6.66	-0.012825
6.67	-0.010568
6.68	-0.0095033
6.69	-0.0090635
6.7	-0.0094547
6.71	-0.010943
6.72	-0.012784
6.73	-0.013843
6.74	-0.014152
6.75	-0.014651
6.76	-0.015975
6.77	-0.017982
6.78	-0.02015
6.79	-0.02175
6.8	-0.02156
6.81	-0.01907
6.82	-0.015599
6.83	-0.011924
6.84	-0.0064561
6.85	0.0018043
6.86	0.011177
6.87	0.019553
6.88	0.026067
6.89	0.031028
6.9	0.036141
6.91	0.043183
6.92	0.05245
6.93	0.062733
6.94	0.072598
6.95	0.081629
6.96	0.088873
6.97	0.093344
6.98	0.09614
6.99	0.098658
7	0.10111
7.01	0.10394
7.02	0.10808
7.03	0.11359
7.04	0.12056
7.05	0.12966
7.06	0.1397
7.07	0.14803
7.08	0.15256
7.09	0.15346
7.1	0.15371
7.11	0.15593
7.12	0.15986
7.13	0.16301
7.14	0.16316
7.15	0.16055
7.16	0.15699
7.17	0.154
7.18	0.15101
7.19	0.1467
7.2	0.14135
7.21	0.13529
7.22	0.12819
7.23	0.11957
7.24	0.10855
7.25	0.094831
7.26	0.079173
7.27	0.063202
7.28	0.048112
7.29	0.033003
7.3	0.016706
7.31	-0.00048756
7.32	-0.017943
7.33	-0.034771
7.34	-0.04999
7.35	-0.064184
7.36	-0.080194
7.37	-0.09901
7.38	-0.11725
7.39	-0.13046
7.4	-0.13664
7.41	-0.13864
7.42	-0.14148
7.43	-0.14767
7.44	-0.15645
7.45	-0.16534
7.46	-0.17309
7.47	-0.17999
7.48	-0.18506
7.49	-0.18655
7.5	-0.18394
7.51	-0.17822
7.52	-0.17019
7.53	-0.16029
7.54	-0.15061
7.55	-0.14405
7.56	-0.14094
7.57	-0.13973
7.58	-0.14083
7.59	-0.14671
7.6	-0.15888
7.61	-0.1755
7.62	-0.19285
7.63	-0.20893
7.64	-0.22404
7.65	-0.24001
7.66	-0.25831
7.67	-0.27763
7.68	-0.29493
7.69	-0.30814
7.7	-0.31736
7.71	-0.32446
7.72	-0.33169
7.73	-0.33891
7.74	-0.34249
7.75	-0.33846
7.76	-0.32615
7.77	-0.30758
7.78	-0.28453
7.79	-0.25788
7.8	-0.22836
7.81	-0.19669
7.82	-0.16319
7.83	-0.12748
7.84	-0.089491
7.85	-0.051505
7.86	-0.01729
7.87	0.011674
7.88	0.035964
7.89	0.055051
7.9	0.067533
7.91	0.074612
7.92	0.079309
7.93	0.082892
7.94	0.085642
7.95	0.088569
7.96	0.092469
7.97	0.097509
7.98	0.10502
7.99	0.117
8	0.13307
8.01	0.15037
8.02	0.16593
8.03	0.17787
8.04	0.18634
8.05	0.19238
8.06	0.19586
8.07	0.19673
8.08	0.19557
8.09	0.19233
8.1	0.18691
8.11	0.18012
8.12	0.17351
8.13	0.16807
8.14	0.16349
8.15	0.15989
8.16	0.15809
8.17	0.15809
8.18	0.1598
8.19	0.16424
8.2	0.1728
8.21	0.18519
8.22	0.19938
8.23	0.21344
8.24	0.22599
8.25	0.23642
8.26	0.24415
8.27	0.24924
8.28	0.25284
8.29	0.25562
8.3	0.25674
8.31	0.25468
8.32	0.2498
8.33	0.24435
8.34	0.2406
8.35	0.23923
8.36	0.23786
8.37	0.23406
8.38	0.22789
8.39	0.22016
8.4	0.21094
8.41	0.19978
8.42	0.18616
8.43	0.17007
8.44	0.15266
8.45	0.13602
8.46	0.12193
8.47	0.10991
8.48	0.096396
8.49	0.077126
8.5	0.052436
8.51	0.026656
8.52	0.0025449
8.53	-0.019853
8.54	-0.041734
8.55	-0.065479
8.56	-0.093192
8.57	-0.12402
8.58	-0.15491
8.59	-0.18299
8.6	-0.20709
8.61	-0.22751
8.62	-0.24542
8.63	-0.26226
8.64	-0.27807
8.65	-0.29146
8.66	-0.29942
8.67	-0.29911
8.68	-0.29165
8.69	-0.28062
8.7	-0.26819
8.71	-0.25556
8.72	-0.24378
8.73	-0.23387
8.74	-0.22632
8.75	-0.21994
8.76	-0.21313
8.77	-0.20553
8.78	-0.19771
8.79	-0.18993
8.8	-0.18261
8.81	-0.17691
8.82	-0.17351
8.83	-0.17169
8.84	-0.16979
8.85	-0.16687
8.86	-0.16324
8.87	-0.15914
8.88	-0.15431
8.89	-0.14884
8.9	-0.14274
8.91	-0.13564
8.92	-0.12759
8.93	-0.11827
8.94	-0.10646
8.95	-0.090489
8.96	-0.070189
8.97	-0.047913
8.98	-0.025985
8.99	-0.0048884
9	0.015477
9.01	0.034923
9.02	0.053089
9.03	0.069463
9.04	0.084135
9.05	0.097265
9.06	0.10878
9.07	0.11914
9.08	0.12851
9.09	0.13628
9.1	0.14143
9.11	0.14306
9.12	0.14142
9.13	0.1375
9.14	0.13196
9.15	0.12533
9.16	0.11845
9.17	0.11196
9.18	0.10592
9.19	0.1007
9.2	0.096274
9.21	0.091458
9.22	0.085908
9.23	0.08065
9.24	0.077168
9.25	0.077125
9.26	0.082968
9.27	0.098267
9.28	0.12282
9.29	0.15135
9.3	0.18069
9.31	0.21124
9.32	0.24263
9.33	0.27342
9.34	0.30286
9.35	0.3298
9.36	0.35229
9.37	0.37012
9.38	0.38263
9.39	0.38648
9.4	0.38038
9.41	0.36666
9.42	0.34824
9.43	0.32756
9.44	0.30648
9.45	0.28617
9.46	0.26652
9.47	0.24647
9.48	0.22483
9.49	0.20068
9.5	0.17495
9.51	0.14992
9.52	0.12635
9.53	0.10325
9.54	0.080118
9.55	0.057917
9.56	0.036636
9.57	0.015349
9.58	-0.0050629
9.59	-0.024011
9.6	-0.042862
9.61	-0.061896
9.62	-0.079817
9.63	-0.09619
9.64	-0.11117
9.65	-0.12466
9.66	-0.13612
9.67	-0.14579
9.68	-0.155
9.69	-0.16393
9.7	-0.17157
9.71	-0.17806
9.72	-0.18509
9.73	-0.19343
9.74	-0.20273
9.75	-0.21231
9.76	-0.2222
9.77	-0.23363
9.78	-0.24716
9.79	-0.26153
9.8	-0.27492
9.81	-0.28713
9.82	-0.29979
9.83	-0.31321
9.84	-0.3255
9.85	-0.33474
9.86	-0.33904
9.87	-0.33727
9.88	-0.33058
9.89	-0.32178
9.9	-0.31322
9.91	-0.3053
9.92	-0.29739
9.93	-0.28909
9.94	-0.28054
9.95	-0.27165
9.96	-0.26243
9.97	-0.25308
9.98	-0.24289
9.99	-0.23057
10	-0.21521
10.01	-0.19683
10.02	-0.17685
10.03	-0.15701
10.04	-0.13811
10.05	-0.1197
10.06	-0.10156
10.07	-0.083346
10.08	-0.063541
10.09	-0.041554
10.1	-0.017799
10.11	0.0072484
10.12	0.031862
10.13	0.054292
10.14	0.073518
10.15	0.088569
10.16	0.10006
10.17	0.10927
10.18	0.11593
10.19	0.121
10.2	0.12706
10.21	0.134
10.22	0.14002
10.23	0.14492
10.24	0.14909
10.25	0.15216
10.26	0.1537
10.27	0.15419
10.28	0.15405
10.29	0.1532
10.3	0.1516
10.31	0.14873
10.32	0.14443
10.33	0.13977
10.34	0.13639
10.35	0.13554
10.36	0.13841
10.37	0.14531
10.38	0.1541
10.39	0.16147
10.4	0.16563
10.41	0.16853
10.42	0.17384
10.43	0.18307
10.44	0.19453
10.45	0.2051
10.46	0.21273
10.47	0.21789
10.48	0.22211
10.49	0.22567
10.5	0.22795
10.51	0.22828
10.52	0.22567
10.53	0.22013
10.54	0.21329
10.55	0.20622
10.56	0.19837
10.57	0.18935
10.58	0.17978
10.59	0.17036
10.6	0.16078
10.61	0.15048
10.62	0.14005
10.63	0.12888
10.64	0.11303
10.65	0.088123
10.66	0.053231
10.67	0.0099801
10.68	-0.041007
10.69	-0.099657
10.7	-0.16421
10.71	-0.23068
10.72	-0.29311
10.73	-0.3452
10.74	-0.38341
10.75	-0.40754
10.76	-0.41802
10.77	-0.41584
10.78	-0.40455
10.79	-0.38803
10.8	-0.36684
10.81	-0.33936
10.82	-0.30541
10.83	-0.26617
10.84	-0.22206
10.85	-0.17375
10.86	-0.12347
10.87	-0.074623
10.88	-0.030878
10.89	0.0049171
10.9	0.029887
10.91	0.042494
10.92	0.044565
10.93	0.039196
10.94	0.028315
10.95	0.013403
10.96	-0.0030575
10.97	-0.019068
10.98	-0.034318
10.99	-0.048735
11	-0.061528
11.01	-0.071861
11.02	-0.080416
11.03	-0.088852
11.04	-0.096814
11.05	-0.103
11.06	-0.10734
11.07	-0.10984
11.08	-0.11066
11.09	-0.11023
11.1	-0.10811
11.11	-0.10307
11.12	-0.092665
11.13	-0.072919
11.14	-0.041946
11.15	-0.0048188
11.16	0.02764
11.17	0.046426
11.18	0.050851
11.19	0.047135
11.2	0.040155
11.21	0.031445
11.22	0.023955
11.23	0.0205
11.24	0.021334
11.25	0.025654
11.26	0.034339
11.27	0.049965
11.28	0.072373
11.29	0.098126
11.3	0.12429
11.31	0.1504
11.32	0.17656
11.33	0.20262
11.34	0.22864
11.35	0.25474
11.36	0.28081
11.37	0.30427
11.38	0.32039
11.39	0.32558
11.4	0.3197
11.41	0.30625
11.42	0.2879
11.43	0.26404
11.44	0.23513
11.45	0.20313
11.46	0.16807
11.47	0.12866
11.48	0.085662
11.49	0.042431
11.5	0.0019422
11.51	-0.034825
11.52	-0.067186
11.53	-0.0938
11.54	-0.11399
11.55	-0.12841
11.56	-0.13836
11.57	-0.14472
11.58	-0.14809
11.59	-0.14981
11.6	-0.15117
11.61	-0.15259
11.62	-0.15342
11.63	-0.15298
11.64	-0.15159
11.65	-0.14977
11.66	-0.14766
11.67	-0.14537
11.68	-0.14296
11.69	-0.13979
11.7	-0.13499
11.71	-0.12878
11.72	-0.12279
11.73	-0.11819
11.74	-0.11431
11.75	-0.11018
11.76	-0.10566
11.77	-0.10083
11.78	-0.09595
11.79	-0.091944
11.8	-0.09029
11.81	-0.092759
11.82	-0.099612
11.83	-0.10685
11.84	-0.10916
11.85	-0.10629
11.86	-0.10197
11.87	-0.098442
11.88	-0.095717
11.89	-0.092598
11.9	-0.088165
11.91	-0.08268
11.92	-0.076524
11.93	-0.069789
11.94	-0.061867
11.95	-0.049943
11.96	-0.030243
11.97	-0.0026058
11.98	0.029278
11.99	0.060303
12	0.08544
12.01	0.10252
12.02	0.11278
12.03	0.11873
12.04	0.12321
12.05	0.12894
12.06	0.13664
12.07	0.14522
12.08	0.15438
12.09	0.16422
12.1	0.17436
12.11	0.185
12.12	0.19592
12.13	0.20586
12.14	0.21268
12.15	0.21381
12.16	0.20944
12.17	0.20205
12.18	0.19345
12.19	0.18457
12.2	0.17589
12.21	0.16759
12.22	0.15961
12.23	0.15173
12.24	0.14298
12.25	0.13168
12.26	0.11577
12.27	0.094253
12.28	0.068401
12.29	0.039936
12.3	0.010603
12.31	-0.018135
12.32	-0.04608
12.33	-0.072453
12.34	-0.094986
12.35	-0.11255
12.36	-0.12604
12.37	-0.13759
12.38	-0.14948
12.39	-0.16207
12.4	-0.1745
12.41	-0.18517
12.42	-0.19064
12.43	-0.18943
12.44	-0.18384
12.45	-0.17678
12.46	-0.1694
12.47	-0.16051
12.48	-0.14802
12.49	-0.13083
12.5	-0.10882
12.51	-0.082992
12.52	-0.055442
12.53	-0.027374
12.54	0.0011251
12.55	0.029419
12.56	0.056097
12.57	0.080035
12.58	0.10079
12.59	0.11855
12.6	0.13371
12.61	0.14615
12.62	0.15584
12.63	0.1631
12.64	0.16764
12.65	0.16901
12.66	0.16787
12.67	0.16519
12.68	0.16074
12.69	0.1542
12.7	0.14632
12.71	0.1377
12.72	0.12803
12.73	0.11663
12.74	0.10236
12.75	0.084248
12.76	0.062452
12.77	0.038513
12.78	0.014159
12.79	-0.0098679
12.8	-0.032695
12.81	-0.053758
12.82	-0.073748
12.83	-0.092827
12.84	-0.11001
12.85	-0.1253
12.86	-0.13935
12.87	-0.15122
12.88	-0.15966
12.89	-0.16503
12.9	-0.16872
12.91	-0.17201
12.92	-0.17553
12.93	-0.17919
12.94	-0.18181
12.95	-0.18131
12.96	-0.17698
12.97	-0.16943
12.98	-0.15886
12.99	-0.14537
13	-0.1298
13.01	-0.11281
13.02	-0.093985
13.03	-0.072643
13.04	-0.048565
13.05	-0.021759
13.06	0.0075541
13.07	0.038792
13.08	0.071004
13.09	0.10307
13.1	0.13374
13.11	0.16156
13.12	0.18444
13.13	0.20025
13.14	0.20843
13.15	0.21042
13.16	0.20865
13.17	0.20508
13.18	0.2002
13.19	0.19372
13.2	0.18564
13.21	0.17592
13.22	0.16348
13.23	0.14608
13.24	0.123
13.25	0.095952
13.26	0.068294
13.27	0.043884
13.28	0.024144
13.29	0.0077463
13.3	-0.0062577
13.31	-0.018462
13.32	-0.03048
13.33	-0.04246
13.34	-0.052456
13.35	-0.059014
13.36	-0.062677
13.37	-0.064962
13.38	-0.066545
13.39	-0.067548
13.4	-0.068106
13.41	-0.067858
13.42	-0.066641
13.43	-0.065232
13.44	-0.063925
13.45	-0.062088
13.46	-0.059122
13.47	-0.054422
13.48	-0.046856
13.49	-0.035464
13.5	-0.021923
13.51	-0.0092886
13.52	0.0020128
13.53	0.013236
13.54	0.024082
13.55	0.032845
13.56	0.038417
13.57	0.040798
13.58	0.040517
13.59	0.037927
13.6	0.032654
13.61	0.023707
13.62	0.01064
13.63	-0.0046355
13.64	-0.019059
13.65	-0.032033
13.66	-0.044658
13.67	-0.055714
13.68	-0.063012
13.69	-0.066835
13.7	-0.068498
13.71	-0.068544
13.72	-0.06685
13.73	-0.063088
13.74	-0.057524
13.75	-0.051097
13.76	-0.044811
13.77	-0.039335
13.78	-0.03497
13.79	-0.03159
13.8	-0.028673
13.81	-0.026055
13.82	-0.024172
13.83	-0.023507
13.84	-0.023822
13.85	-0.02415
13.86	-0.023491
13.87	-0.021314
13.88	-0.018002
13.89	-0.014179
13.9	-0.010528
13.91	-0.0077249
13.92	-0.0051404
13.93	-0.0016984
13.94	0.0024201
13.95	0.0061018
13.96	0.0079725
13.97	0.0075012
13.98	0.0058205
13.99	0.0041416
14	0.0023525
14.01	0.0002617
14.02	-0.0019509
14.03	-0.0047404
14.04	-0.007967
14.05	-0.01075
14.06	-0.013397
14.07	-0.016621
14.08	-0.020457
14.09	-0.025568
14.1	-0.033213
14.11	-0.043346
14.12	-0.054455
14.13	-0.065461
14.14	-0.075862
14.15	-0.084516
14.16	-0.090388
14.17	-0.09342
14.18	-0.094654
14.19	-0.095257
14.2	-0.095187
14.21	-0.093975
14.22	-0.091952
14.23	-0.089515
14.24	-0.086146
14.25	-0.081177
14.26	-0.074366
14.27	-0.065475
14.28	-0.053777
14.29	-0.039268
14.3	-0.022753
14.31	-0.005072
14.32	0.011666
14.33	0.025988
14.34	0.03979
14.35	0.055736
14.36	0.072925
14.37	0.087665
14.38	0.097275
14.39	0.10146
14.4	0.10206
14.41	0.10126
14.42	0.09939
14.43	0.095926
14.44	0.091064
14.45	0.085586
14.46	0.080312
14.47	0.074902
14.48	0.068589
14.49	0.061786
14.5	0.054752
14.51	0.047255
14.52	0.039542
14.53	0.031736
14.54	0.023715
14.55	0.015369
14.56	0.0061392
14.57	-0.0043149
14.58	-0.015243
14.59	-0.024925
14.6	-0.031447
14.61	-0.034088
14.62	-0.033673
14.63	-0.031627
14.64	-0.028791
14.65	-0.025554
14.66	-0.022391
14.67	-0.019199
14.68	-0.015484
14.69	-0.010976
14.7	-0.0051581
14.71	0.0013593
14.72	0.006753
14.73	0.010824
14.74	0.013935
14.75	0.015412
14.76	0.015302
14.77	0.014715
14.78	0.014217
14.79	0.013338
14.8	0.011757
14.81	0.010448
14.82	0.010453
14.83	0.011965
14.84	0.015316
14.85	0.019857
14.86	0.024504
14.87	0.029875
14.88	0.036554
14.89	0.044131
14.9	0.051646
14.91	0.057821
14.92	0.062387
14.93	0.06583
14.94	0.06832
14.95	0.070039
14.96	0.071043
14.97	0.070045
14.98	0.066037
14.99	0.060509
15	0.05461
15.01	0.047787
15.02	0.039886
15.03	0.031382
15.04	0.023093
15.05	0.016012
15.06	0.010312
15.07	0.0049175
15.08	-0.00045326
15.09	-0.0042343
15.1	-0.005526
15.11	-0.0052889
15.12	-0.0049191
15.13	-0.0047828
15.14	-0.0043769
15.15	-0.003112
15.16	-0.00038761
15.17	0.0030429
15.18	0.005934
15.19	0.0086746
15.2	0.011441
15.21	0.013505
15.22	0.014764
15.23	0.015336
15.24	0.014867
15.25	0.013135
15.26	0.010302
15.27	0.0067963
15.28	0.003133
15.29	-0.00029068
15.3	-0.0034572
15.31	-0.0070435
15.32	-0.011707
15.33	-0.016853
15.34	-0.022217
15.35	-0.02969
15.36	-0.039764
15.37	-0.050275
15.38	-0.059851
15.39	-0.067813
15.4	-0.07346
15.41	-0.077311
15.42	-0.080358
15.43	-0.082925
15.44	-0.085085
15.45	-0.08766
15.46	-0.090898
15.47	-0.093193
15.48	-0.09399
15.49	-0.094117
15.5	-0.093574
15.51	-0.092482
15.52	-0.091365
15.53	-0.090037
15.54	-0.087341
15.55	-0.081843
15.56	-0.073741
15.57	-0.064153
15.58	-0.052612
15.59	-0.038721
15.6	-0.023891
15.61	-0.0089173
15.62	0.0063919
15.63	0.021494
15.64	0.03541
15.65	0.047195
15.66	0.05665
15.67	0.064123
15.68	0.07009
15.69	0.075959
15.7	0.082588
15.71	0.089231
15.72	0.094651
15.73	0.097953
15.74	0.098945
15.75	0.097781
15.76	0.094355
15.77	0.088296
15.78	0.080178
15.79	0.070995
15.8	0.060941
15.81	0.050369
15.82	0.040231
15.83	0.031885
15.84	0.02636
15.85	0.023499
15.86	0.022747
15.87	0.024047
15.88	0.027361
15.89	0.031904
15.9	0.037072
15.91	0.04353
15.92	0.051041
15.93	0.057014
15.94	0.060188
15.95	0.062152
15.96	0.063854
15.97	0.064782
15.98	0.064533
15.99	0.063485
16	0.062048
16.01	0.060019
16.02	0.057542
16.03	0.054919
16.04	0.051832
16.05	0.047855
16.06	0.042492
16.07	0.035098
16.08	0.025357
16.09	0.013797
16.1	0.0016609
16.11	-0.0099456
16.12	-0.019619
16.13	-0.026045
16.14	-0.029933
16.15	-0.03299
16.16	-0.035628
16.17	-0.03755
16.18	-0.039059
16.19	-0.040892
16.2	-0.043696
16.21	-0.04808
16.22	-0.05421
16.23	-0.061067
16.24	-0.066836
16.25	-0.070122
16.26	-0.071162
16.27	-0.071022
16.28	-0.07006
16.29	-0.068023
16.3	-0.064874
16.31	-0.06148
16.32	-0.059282
16.33	-0.059173
16.34	-0.061033
16.35	-0.06466
16.36	-0.069842
16.37	-0.074713
16.38	-0.07703
16.39	-0.077049
16.4	-0.075945
16.41	-0.07403
16.42	-0.071504
16.43	-0.069236
16.44	-0.068169
16.45	-0.068141
16.46	-0.068591
16.47	-0.069095
16.48	-0.068927
16.49	-0.06726
16.5	-0.063936
16.51	-0.059964
16.52	-0.056508
16.53	-0.053344
16.54	-0.049145
16.55	-0.043886
16.56	-0.038886
16.57	-0.034413
16.58	-0.0302
16.59	-0.026311
16.6	-0.02258
16.61	-0.018534
16.62	-0.013675
16.63	-0.0079985
16.64	-0.0021547
16.65	0.0028171
16.66	0.0067971
16.67	0.01057
16.68	0.014337
16.69	0.018703
16.7	0.024482
16.71	0.030631
16.72	0.035905
16.73	0.040548
16.74	0.045073
16.75	0.049808
16.76	0.055368
16.77	0.061903
16.78	0.068124
16.79	0.073491
16.8	0.078936
16.81	0.084022
16.82	0.087512
16.83	0.089487
16.84	0.090984
16.85	0.092665
16.86	0.094311
16.87	0.095501
16.88	0.096376
16.89	0.09701
16.9	0.096334
16.91	0.093802
16.92	0.090181
16.93	0.085963
16.94	0.081406
16.95	0.077039
16.96	0.072822
16.97	0.068099
16.98	0.062679
16.99	0.056651
17	0.050256
17.01	0.043274
17.02	0.034075
17.03	0.021906
17.04	0.0083213
17.05	-0.0044432
17.06	-0.01413
17.07	-0.019924
17.08	-0.023692
17.09	-0.027318
17.1	-0.030577
17.11	-0.032757
17.12	-0.034143
17.13	-0.035167
17.14	-0.03586
17.15	-0.035998
17.16	-0.03531
17.17	-0.034431
17.18	-0.033997
17.19	-0.033637
17.2	-0.033214
17.21	-0.032954
17.22	-0.033101
17.23	-0.033772
17.24	-0.034724
17.25	-0.03588
17.26	-0.0371
17.27	-0.038266
17.28	-0.039591
17.29	-0.041114
17.3	-0.042849
17.31	-0.044805
17.32	-0.046413
17.33	-0.047022
17.34	-0.046672
17.35	-0.045619
17.36	-0.043944
17.37	-0.041885
17.38	-0.039842
17.39	-0.037825
17.4	-0.035629
17.41	-0.033198
17.42	-0.030457
17.43	-0.027276
17.44	-0.023789
17.45	-0.020227
17.46	-0.016528
17.47	-0.012877
17.48	-0.0098451
17.49	-0.0080916
17.5	-0.0076859
17.51	-0.0076715
17.52	-0.0073307
17.53	-0.0066222
17.54	-0.0058065
17.55	-0.0054355
17.56	-0.0055787
17.57	-0.005877
17.58	-0.0060916
17.59	-0.0059091
17.6	-0.0052164
17.61	-0.003973
17.62	-0.001891
17.63	0.0010632
17.64	0.0049394
17.65	0.0099083
17.66	0.015142
17.67	0.019113
17.68	0.021519
17.69	0.023788
17.7	0.027204
17.71	0.031226
17.72	0.03457
17.73	0.037047
17.74	0.039431
17.75	0.041842
17.76	0.043688
17.77	0.045172
17.78	0.04667
17.79	0.047811
17.8	0.047942
17.81	0.046682
17.82	0.044174
17.83	0.04123
17.84	0.038667
17.85	0.035904
17.86	0.032244
17.87	0.028491
17.88	0.02518
17.89	0.021946
17.9	0.018582
17.91	0.015386
17.92	0.012565
17.93	0.0096757
17.94	0.0069846
17.95	0.0051223
17.96	0.0040532
17.97	0.0033607
17.98	0.0023248
17.99	0.00081711
18	-0.0010355
18.01	-0.003299
18.02	-0.005708
18.03	-0.0081823
18.04	-0.010857
18.05	-0.013784
18.06	-0.016621
18.07	-0.019108
18.08	-0.021727
18.09	-0.024703
18.1	-0.027406
18.11	-0.029056
18.12	-0.029737
18.13	-0.029879
18.14	-0.029984
18.15	-0.031072
18.16	-0.033363
18.17	-0.036279
18.18	-0.039508
18.19	-0.042855
18.2	-0.045715
18.21	-0.047918
18.22	-0.050633
18.23	-0.054496
18.24	-0.058687
18.25	-0.06209
18.26	-0.064545
18.27	-0.067094
18.28	-0.070072
18.29	-0.072285
18.3	-0.072351
18.31	-0.070169
18.32	-0.067603
18.33	-0.065752
18.34	-0.06312
18.35	-0.058706
18.36	-0.053313
18.37	-0.047957
18.38	-0.042843
18.39	-0.037659
18.4	-0.032663
18.41	-0.028509
18.42	-0.024989
18.43	-0.021554
18.44	-0.018162
18.45	-0.015093
18.46	-0.01248
18.47	-0.01003
18.48	-0.0078772
18.49	-0.0065775
18.5	-0.0061466
18.51	-0.0056742
18.52	-0.0044932
18.53	-0.0030434
18.54	-0.001767
18.55	-0.00065816
18.56	0.00096441
18.57	0.0039634
18.58	0.0077827
18.59	0.01133
18.6	0.014669
18.61	0.018396
18.62	0.022507
18.63	0.02651
18.64	0.030361
18.65	0.034358
18.66	0.03819
18.67	0.041214
18.68	0.042966
18.69	0.043679
18.7	0.044309
18.71	0.045258
18.72	0.046267
18.73	0.04713
18.74	0.047682
18.75	0.047706
18.76	0.047069
18.77	0.046106
18.78	0.04553
18.79	0.045643
18.8	0.046214
18.81	0.046897
18.82	0.046942
18.83	0.046256
18.84	0.045913
18.85	0.045971
18.86	0.045321
18.87	0.043675
18.88	0.041425
18.89	0.038651
18.9	0.035456
18.91	0.032577
18.92	0.030921
18.93	0.030607
18.94	0.03103
18.95	0.031844
18.96	0.033343
18.97	0.035327
18.98	0.036843
18.99	0.037772
19	0.039112
19.01	0.041478
19.02	0.044574
19.03	0.047779
19.04	0.051203
19.05	0.055171
19.06	0.059259
19.07	0.063027
19.08	0.065869
19.09	0.067485
19.1	0.068576
19.11	0.070118
19.12	0.072141
19.13	0.073832
19.14	0.074772
19.15	0.074863
19.16	0.074239
19.17	0.073132
19.18	0.071445
19.19	0.069205
19.2	0.066647
19.21	0.063303
19.22	0.05835
19.23	0.051697
19.24	0.043408
19.25	0.033882
19.26	0.024446
19.27	0.015777
19.28	0.0073713
19.29	-0.00082958
19.3	-0.0083714
19.31	-0.015349
19.32	-0.022539
19.33	-0.030081
19.34	-0.036729
19.35	-0.041759
19.36	-0.045757
19.37	-0.04936
19.38	-0.052607
19.39	-0.055072
19.4	-0.056773
19.41	-0.058532
19.42	-0.060872
19.43	-0.063665
19.44	-0.066921
19.45	-0.0707
19.46	-0.074124
19.47	-0.076044
19.48	-0.076446
19.49	-0.075838
19.5	-0.074395
19.51	-0.07247
19.52	-0.070701
19.53	-0.068892
19.54	-0.06653
19.55	-0.06401
19.56	-0.06212
19.57	-0.061228
19.58	-0.060771
19.59	-0.060107
19.6	-0.059295
19.61	-0.058138
19.62	-0.056012
19.63	-0.052739
19.64	-0.048637
19.65	-0.043797
19.66	-0.037881
19.67	-0.031238
19.68	-0.024942
19.69	-0.018837
19.7	-0.012036
19.71	-0.0052372
19.72	0.00021658
19.73	0.0040526
19.74	0.0066886
19.75	0.0087605
19.76	0.010555
19.77	0.011528
19.78	0.011462
19.79	0.010982
19.8	0.010637
19.81	0.010443
19.82	0.0098327
19.83	0.0085925
19.84	0.0077718
19.85	0.0083193
19.86	0.0096282
19.87	0.010661
19.88	0.01104
19.89	0.010916
19.9	0.010644
19.91	0.01032
19.92	0.010175
19.93	0.010366
19.94	0.010121
19.95	0.0091195
19.96	0.0083706
19.97	0.0085929
19.98	0.0098002
19.99	0.011361
20	0.012017
20.01	0.011577
20.02	0.011031
20.03	0.011062
20.04	0.011436
20.05	0.011484
20.06	0.01104
20.07	0.010736
20.08	0.01101
20.09	0.011566
20.1	0.012414
20.11	0.013336
20.12	0.014008
20.13	0.014839
20.14	0.016038
20.15	0.017415
20.16	0.01857
20.17	0.019375
20.18	0.019992
20.19	0.020669
20.2	0.021872
20.21	0.023435
20.22	0.02414
20.23	0.0234
20.24	0.022035
20.25	0.02038
20.26	0.017755
20.27	0.013965
20.28	0.0099411
20.29	0.0065757
20.3	0.0035831
20.31	0.00049195
20.32	-0.0027294
20.33	-0.0060741
20.34	-0.0088463
20.35	-0.010575
20.36	-0.011982
20.37	-0.013116
20.38	-0.013665
20.39	-0.01435
20.4	-0.015275
20.41	-0.016
20.42	-0.016954
20.43	-0.018486
20.44	-0.020413
20.45	-0.022525
20.46	-0.024672
20.47	-0.026974
20.48	-0.029706
20.49	-0.032436
20.5	-0.034313
20.51	-0.035427
20.52	-0.036178
20.53	-0.036171
20.54	-0.034919
20.55	-0.032489
20.56	-0.029233
20.57	-0.025625
20.58	-0.022192
20.59	-0.019081
20.6	-0.016191
20.61	-0.013546
20.62	-0.01097
20.63	-0.008415
20.64	-0.0059745
20.65	-0.0035443
20.66	-0.0015185
20.67	-0.00058928
20.68	-0.0011986
20.69	-0.0029708
20.7	-0.0049612
20.71	-0.0071713
20.72	-0.0099021
20.73	-0.012802
20.74	-0.015299
20.75	-0.017184
20.76	-0.018936
20.77	-0.020663
20.78	-0.021824
20.79	-0.022194
20.8	-0.021761
20.81	-0.020842
20.82	-0.019732
20.83	-0.017983
20.84	-0.015543
20.85	-0.01311
20.86	-0.010675
20.87	-0.0074124
20.88	-0.0033033
20.89	0.00055288
20.9	0.003585
20.91	0.0061274
20.92	0.0083963
20.93	0.010432
20.94	0.012583
20.95	0.014854
20.96	0.016687
20.97	0.017765
20.98	0.0183
20.99	0.019058
21	0.020029
21.01	0.019683
21.02	0.017334
21.03	0.01421
21.04	0.011138
21.05	0.0076417
21.06	0.0036843
21.07	-4.7081e-05
21.08	-0.0031128
21.09	-0.0055959
21.1	-0.0076324
21.11	-0.0087154
21.12	-0.0085883
21.13	-0.0078749
21.14	-0.0074994
21.15	-0.0076561
21.16	-0.0073651
21.17	-0.0063152
21.18	-0.0053877
21.19	-0.0048908
21.2	-0.0039309
21.21	-0.0022958
21.22	-0.00099968
21.23	-0.00047587
21.24	-0.0006617
21.25	-0.0015682
21.26	-0.0031097
21.27	-0.0050605
21.28	-0.0072276
21.29	-0.009165
21.3	-0.0095879
21.31	-0.008292
21.32	-0.0070134
21.33	-0.0067913
21.34	-0.0071453
21.35	-0.0073282
21.36	-0.0067756
21.37	-0.0054277
21.38	-0.0040152
21.39	-0.0030888
21.4	-0.0023522
21.41	-0.001235
21.42	0.00064695
21.43	0.0032432
21.44	0.0061661
21.45	0.0091007
21.46	0.012116
21.47	0.015344
21.48	0.018752
21.49	0.022363
21.5	0.025725
21.51	0.028376
21.52	0.030675
21.53	0.032672
21.54	0.03376
21.55	0.033579
21.56	0.032343
21.57	0.030561
21.58	0.028619
21.59	0.026708
21.6	0.024699
21.61	0.02237
21.62	0.019913
21.63	0.017441
21.64	0.01491
21.65	0.012506
21.66	0.010591
21.67	0.009736
21.68	0.0097213
21.69	0.0096862
21.7	0.0092909
21.71	0.0088763
21.72	0.0091719
21.73	0.010446
21.74	0.012151
21.75	0.013261
21.76	0.013215
21.77	0.012708
21.78	0.012753
21.79	0.013328
21.8	0.01424
21.81	0.015416
21.82	0.015819
21.83	0.015395
21.84	0.015532
21.85	0.016411
21.86	0.017401
21.87	0.018068
21.88	0.017914
21.89	0.016744
21.9	0.01494
21.91	0.013376
21.92	0.012502
21.93	0.011934
21.94	0.011041
21.95	0.0094952
21.96	0.0076725
21.97	0.0061448
21.98	0.0049279
21.99	0.0036019
22	0.00189
22.01	-0.00017133
22.02	-0.0024232
22.03	-0.0044053
22.04	-0.0055919
22.05	-0.0063403
22.06	-0.0075081
22.07	-0.008882
22.08	-0.0097684
22.09	-0.010456
22.1	-0.011525
22.11	-0.013107
22.12	-0.014761
22.13	-0.015815
22.14	-0.016654
22.15	-0.017873
22.16	-0.018648
22.17	-0.018326
22.18	-0.017828
22.19	-0.01776
22.2	-0.017289
22.21	-0.015907
22.22	-0.014154
22.23	-0.012849
22.24	-0.011991
22.25	-0.010887
22.26	-0.0095811
22.27	-0.008353
22.28	-0.0069314
22.29	-0.0054071
22.3	-0.0036984
22.31	-0.0013445
22.32	0.00083996
22.33	0.0018339
22.34	0.0021505
22.35	0.0030412
22.36	0.004605
22.37	0.0059936
22.38	0.0073065
22.39	0.0087176
22.4	0.0094041
22.41	0.0090793
22.42	0.0083903
22.43	0.0081367
22.44	0.008576
22.45	0.0089548
22.46	0.0087144
22.47	0.0081305
22.48	0.0076732
22.49	0.0078488
22.5	0.0085988
22.51	0.0094812
22.52	0.01062
22.53	0.0119
22.54	0.012756
22.55	0.013244
22.56	0.013151
22.57	0.011654
22.58	0.0090096
22.59	0.0056084
22.6	0.00092511
22.61	-0.0045202
22.62	-0.0093838
22.63	-0.013456
22.64	-0.017145
22.65	-0.020674
22.66	-0.024013
22.67	-0.026988
22.68	-0.029111
22.69	-0.029729
22.7	-0.029069
22.71	-0.027474
22.72	-0.024993
22.73	-0.022405
22.74	-0.020221
22.75	-0.018144
22.76	-0.015916
22.77	-0.013428
22.78	-0.010745
22.79	-0.0079697
22.8	-0.0051401
22.81	-0.0023294
22.82	1.9156e-05
22.83	0.0011317
22.84	0.0014147
22.85	0.0021392
22.86	0.003606
22.87	0.0053997
22.88	0.0067563
22.89	0.0069611
22.9	0.0066975
22.91	0.0070648
22.92	0.0074464
22.93	0.0068829
22.94	0.0058617
22.95	0.0047891
22.96	0.0029623
22.97	9.1687e-05
22.98	-0.003567
22.99	-0.0078823
23	-0.012086
23.01	-0.015694
23.02	-0.018874
23.03	-0.021349
23.04	-0.023216
23.05	-0.024847
23.06	-0.025885
23.07	-0.026379
23.08	-0.02709
23.09	-0.028244
23.1	-0.029539
23.11	-0.030851
23.12	-0.032388
23.13	-0.034261
23.14	-0.035759
23.15	-0.036197
23.16	-0.036222
23.17	-0.036166
23.18	-0.035316
23.19	-0.033412
23.2	-0.030329
23.21	-0.026279
23.22	-0.022106
23.23	-0.018006
23.24	-0.013673
23.25	-0.0092078
23.26	-0.0048832
23.27	-0.00094542
23.28	0.001894
23.29	0.0032007
23.3	0.003703
23.31	0.0040277
23.32	0.0036608
23.33	0.0021696
23.34	0.00031363
23.35	-0.00085746
23.36	-0.00098714
23.37	-0.000439
23.38	0.00027681
23.39	0.0010104
23.4	0.001503
23.41	0.0013642
23.42	0.00067078
23.43	2.8945e-05
23.44	3.4304e-05
23.45	-2.1203e-05
23.46	-0.00098974
23.47	-0.0018431
23.48	-0.001543
23.49	-0.00063497
23.5	0.00043783
23.51	0.0022467
23.52	0.0050896
23.53	0.0082271
23.54	0.010676
23.55	0.012498
23.56	0.014225
23.57	0.01609
23.58	0.018293
23.59	0.02069
23.6	0.02316
23.61	0.025951
23.62	0.029277
23.63	0.032947
23.64	0.036814
23.65	0.040888
23.66	0.044829
23.67	0.048335
23.68	0.051397
23.69	0.053929
23.7	0.0559
23.71	0.057552
23.72	0.058747
23.73	0.059206
23.74	0.059244
23.75	0.059228
23.76	0.05877
23.77	0.057251
23.78	0.054981
23.79	0.052836
23.8	0.0513
23.81	0.050074
23.82	0.047906
23.83	0.044402
23.84	0.04112
23.85	0.039082
23.86	0.037293
23.87	0.034478
23.88	0.030972
23.89	0.027645
23.9	0.024314
23.91	0.020755
23.92	0.017596
23.93	0.015212
23.94	0.012849
23.95	0.01008
23.96	0.0073214
23.97	0.0044049
23.98	0.00099488
23.99	-0.002655
24	-0.0063687
24.01	-0.0097721
24.02	-0.012149
24.03	-0.013715
24.04	-0.01516
24.05	-0.016724
24.06	-0.018137
24.07	-0.019212
24.08	-0.020523
24.09	-0.021842
24.1	-0.022199
24.11	-0.021748
24.12	-0.021233
24.13	-0.020889
24.14	-0.020778
24.15	-0.020927
24.16	-0.021048
24.17	-0.021248
24.18	-0.021832
24.19	-0.022468
24.2	-0.02268
24.21	-0.022426
24.22	-0.022152
24.23	-0.022238
24.24	-0.022545
24.25	-0.02238
24.26	-0.021191
24.27	-0.019639
24.28	-0.018724
24.29	-0.01838
24.3	-0.017663
24.31	-0.015934
24.32	-0.013861
24.33	-0.012617
24.34	-0.011823
24.35	-0.010009
24.36	-0.0070725
24.37	-0.0040041
24.38	-0.0012929
24.39	0.00136
24.4	0.0043929
24.41	0.0074395
24.42	0.0098427
24.43	0.01171
24.44	0.01327
24.45	0.014524
24.46	0.015623
24.47	0.016396
24.48	0.016995
24.49	0.01762
24.5	0.017677
24.51	0.016979
24.52	0.015977
24.53	0.015106
24.54	0.014564
24.55	0.01409
24.56	0.013325
24.57	0.011888
24.58	0.0096827
24.59	0.0074143
24.6	0.0055529
24.61	0.0036283
24.62	0.0011198
24.63	-0.0016958
24.64	-0.0044549
24.65	-0.0070748
24.66	-0.0093782
24.67	-0.011875
24.68	-0.014758
24.69	-0.017036
24.7	-0.018665
24.71	-0.020413
24.72	-0.021953
24.73	-0.022761
24.74	-0.023119
24.75	-0.023731
24.76	-0.02489
24.77	-0.025973
24.78	-0.026904
24.79	-0.027729
24.8	-0.027565
24.81	-0.026243
24.82	-0.024619
24.83	-0.023472
24.84	-0.022839
24.85	-0.022319
24.86	-0.021457
24.87	-0.020004
24.88	-0.018552
24.89	-0.01775
24.9	-0.017456
24.91	-0.017156
24.92	-0.01621
24.93	-0.014555
24.94	-0.012965
24.95	-0.012251
24.96	-0.012589
24.97	-0.013408
24.98	-0.014109
24.99	-0.014771
25	-0.015916
25.01	-0.017098
25.02	-0.017923
25.03	-0.018992
25.04	-0.019803
25.05	-0.019653
25.06	-0.019312
25.07	-0.019355
25.08	-0.019366
25.09	-0.019239
25.1	-0.018831
25.11	-0.01723
25.12	-0.014791
25.13	-0.012786
25.14	-0.010856
25.15	-0.0086401
25.16	-0.0066023
25.17	-0.0047269
25.18	-0.0030299
25.19	-0.0014101
25.2	0.0003705
25.21	0.0019304
25.22	0.0029013
25.23	0.003637
25.24	0.0043712
25.25	0.0046538
25.26	0.0039007
25.27	0.0024424
25.28	0.0011724
25.29	0.00040837
25.3	0.00029606
25.31	0.00051555
25.32	0.00042613
25.33	0.00025494
25.34	0.00051434
25.35	0.00098559
25.36	0.0012539
25.37	0.0012857
25.38	0.0013566
25.39	0.0022204
25.4	0.003782
25.41	0.0048038
25.42	0.0050934
25.43	0.0051594
25.44	0.0051166
25.45	0.0051786
25.46	0.0050985
25.47	0.0044747
25.48	0.0038066
25.49	0.0033198
25.5	0.0028323
25.51	0.0024166
25.52	0.0021086
25.53	0.0019721
25.54	0.0020917
25.55	0.0027391
25.56	0.0037862
25.57	0.0043705
25.58	0.0046893
25.59	0.0058003
25.6	0.0073789
25.61	0.00883
25.62	0.010357
25.63	0.011569
25.64	0.012093
25.65	0.012283
25.66	0.01217
25.67	0.011338
25.68	0.0096069
25.69	0.0075912
25.7	0.0063842
25.71	0.0062895
25.72	0.0065093
25.73	0.0059289
25.74	0.0045133
25.75	0.0035101
25.76	0.002933
25.77	0.0016239
25.78	-0.00048841
25.79	-0.0029732
25.8	-0.005597
25.81	-0.0084087
25.82	-0.011421
25.83	-0.014013
25.84	-0.015772
25.85	-0.01653
25.86	-0.016552
25.87	-0.016892
25.88	-0.017571
25.89	-0.017582
25.9	-0.016886
25.91	-0.016542
25.92	-0.017098
25.93	-0.017161
25.94	-0.015231
25.95	-0.012413
25.96	-0.010189
25.97	-0.0079152
25.98	-0.0048899
25.99	-0.0016774
26	0.0013539
26.01	0.0042927
26.02	0.0069676
26.03	0.0093824
26.04	0.011813
26.05	0.014499
26.06	0.017194
26.07	0.019395
26.08	0.020939
26.09	0.022003
26.1	0.023476
26.11	0.025697
26.12	0.027392
26.13	0.027773
26.14	0.027886
26.15	0.028387
26.16	0.028901
26.17	0.029323
26.18	0.029058
26.19	0.028102
26.2	0.027636
26.21	0.027439
26.22	0.026473
26.23	0.024838
26.24	0.023153
26.25	0.021535
26.26	0.019881
26.27	0.01785
26.28	0.014712
26.29	0.011045
26.3	0.0079842
26.31	0.0052092
26.32	0.0022408
26.33	-0.00077772
26.34	-0.003462
26.35	-0.0053797
26.36	-0.0064009
26.37	-0.0067252
26.38	-0.0067436
26.39	-0.0065387
26.4	-0.0057554
26.41	-0.0044509
26.42	-0.0033261
26.43	-0.0026649
26.44	-0.0020708
26.45	-0.001378
26.46	-0.00091037
26.47	-0.00084759
26.48	-0.00067747
26.49	0.00013222
26.5	0.0010565
26.51	0.0013066
26.52	0.0015808
26.53	0.0030611
26.54	0.0047296
26.55	0.005028
26.56	0.0043237
26.57	0.0034727
26.58	0.0028527
26.59	0.002926
26.6	0.0037749
26.61	0.004566
26.62	0.004912
26.63	0.0051979
26.64	0.0056485
26.65	0.0062084
26.66	0.0066354
26.67	0.0068616
26.68	0.0067252
26.69	0.0061807
26.7	0.0058395
26.71	0.00605
26.72	0.0066171
26.73	0.0076557
26.74	0.0092551
26.75	0.010659
26.76	0.011468
26.77	0.012356
26.78	0.013897
26.79	0.015571
26.8	0.016749
26.81	0.017938
26.82	0.019058
26.83	0.019245
26.84	0.018621
26.85	0.018164
26.86	0.018273
26.87	0.017844
26.88	0.016049
26.89	0.01341
26.9	0.010761
26.91	0.0086163
26.92	0.0064309
26.93	0.0039475
26.94	0.0019287
26.95	0.0003963
26.96	-0.0010132
26.97	-0.002414
26.98	-0.0034545
26.99	-0.0034598
27	-0.0028474
27.01	-0.002725
27.02	-0.0033475
27.03	-0.0039201
27.04	-0.0039512
27.05	-0.0040961
27.06	-0.0048434
27.07	-0.0055499
27.08	-0.0056229
27.09	-0.0055647
27.1	-0.0064635
27.11	-0.0083937
27.12	-0.010026
27.13	-0.01066
27.14	-0.011209
27.15	-0.012457
27.16	-0.013846
27.17	-0.014883
27.18	-0.01594
27.19	-0.017243
27.2	-0.018024
27.21	-0.018062
27.22	-0.018561
27.23	-0.019732
27.24	-0.020541
27.25	-0.02102
27.26	-0.021891
27.27	-0.022643
27.28	-0.022669
27.29	-0.022358
27.3	-0.021921
27.31	-0.021605
27.32	-0.02194
27.33	-0.022686
27.34	-0.022909
27.35	-0.022338
27.36	-0.021569
27.37	-0.021343
27.38	-0.021856
27.39	-0.022614
27.4	-0.023479
27.41	-0.024733
27.42	-0.026298
27.43	-0.027564
27.44	-0.028141
27.45	-0.028479
27.46	-0.028734
27.47	-0.028865
27.48	-0.029398
27.49	-0.03019
27.5	-0.030327
27.51	-0.029661
27.52	-0.028699
27.53	-0.02758
27.54	-0.026258
27.55	-0.02491
27.56	-0.023103
27.57	-0.020278
27.58	-0.017248
27.59	-0.014572
27.6	-0.011532
27.61	-0.0077748
27.62	-0.0038109
27.63	-0.00045856
27.64	0.001874
27.65	0.0035833
27.66	0.0052638
27.67	0.0064972
27.68	0.006519
27.69	0.0062128
27.7	0.0071131
27.71	0.0089563
27.72	0.010252
27.73	0.010664
27.74	0.011131
27.75	0.012481
27.76	0.01448
27.77	0.01612
27.78	0.017127
27.79	0.018338
27.8	0.020178
27.81	0.02211
27.82	0.023656
27.83	0.024286
27.84	0.023975
27.85	0.023864
27.86	0.024524
27.87	0.02542
27.88	0.026269
27.89	0.027079
27.9	0.027961
27.91	0.028912
27.92	0.029329
27.93	0.028779
27.94	0.027666
27.95	0.02659
27.96	0.02577
27.97	0.024641
27.98	0.022538
27.99	0.020178
28	0.018571
28.01	0.017608
28.02	0.016686
28.03	0.015434
28.04	0.013672
28.05	0.011694
28.06	0.01026
28.07	0.0095673
28.08	0.0089485
28.09	0.0077028
28.1	0.0059686
28.11	0.0043819
28.12	0.0031263
28.13	0.0019937
28.14	0.00096366
28.15	9.8187e-05
28.16	-0.0005708
28.17	-0.00089826
28.18	-0.00095863
28.19	-0.0006255
28.2	0.00049595
28.21	0.0018536
28.22	0.0025702
28.23	0.002974
28.24	0.0037879
28.25	0.0049034
28.26	0.0059571
28.27	0.0067681
28.28	0.0070654
28.29	0.0068756
28.3	0.0065885
28.31	0.0063089
28.32	0.0058041
28.33	0.0049703
28.34	0.0040964
28.35	0.003604
28.36	0.003776
28.37	0.0044628
28.38	0.0049105
28.39	0.0051884
28.4	0.0062396
28.41	0.0077018
28.42	0.0084523
28.43	0.0083999
28.44	0.0079856
28.45	0.0077634
28.46	0.0081873
28.47	0.008496
28.48	0.0078076
28.49	0.0066386
28.5	0.0057907
28.51	0.0051353
28.52	0.0036922
28.53	0.0011864
28.54	-0.0014753
28.55	-0.0036037
28.56	-0.005151
28.57	-0.0063735
28.58	-0.0075226
28.59	-0.0086304
28.6	-0.0095849
28.61	-0.010647
28.62	-0.012041
28.63	-0.013111
28.64	-0.013443
28.65	-0.013722
28.66	-0.014466
28.67	-0.015211
28.68	-0.015574
28.69	-0.015372
28.7	-0.014209
28.71	-0.012415
28.72	-0.010721
28.73	-0.0094515
28.74	-0.0083486
28.75	-0.0071133
28.76	-0.0061687
28.77	-0.005801
28.78	-0.0056676
28.79	-0.0054578
28.8	-0.0051745
28.81	-0.0049282
28.82	-0.0048064
28.83	-0.0051141
28.84	-0.0058345
28.85	-0.0062831
28.86	-0.0061198
28.87	-0.0059794
28.88	-0.0065455
28.89	-0.0073056
28.9	-0.0074963
28.91	-0.007217
28.92	-0.0068673
28.93	-0.0067989
28.94	-0.0072648
28.95	-0.008066
28.96	-0.0085397
28.97	-0.0086146
28.98	-0.008789
28.99	-0.0089586
29	-0.0088208
29.01	-0.0084441
29.02	-0.0079224
29.03	-0.0070629
29.04	-0.0062674
29.05	-0.0064156
29.06	-0.0070797
29.07	-0.0074695
29.08	-0.0075925
29.09	-0.0073279
29.1	-0.0065951
29.11	-0.0059172
29.12	-0.0053105
29.13	-0.0042728
29.14	-0.003206
29.15	-0.0026124
29.16	-0.0019291
29.17	-0.0011365
29.18	-0.0011164
29.19	-0.0012981
29.2	-0.00055225
29.21	0.0007478
29.22	0.0020615
29.23	0.0032557
29.24	0.0037738
29.25	0.0034851
29.26	0.0030795
29.27	0.0030121
29.28	0.0031299
29.29	0.0028514
29.3	0.001922
29.31	0.0011141
29.32	0.0006762
29.33	-0.00036845
29.34	-0.0018263
29.35	-0.0021513
29.36	-0.0012192
29.37	-0.00038733
29.38	-0.00028752
29.39	-0.00066241
29.4	-0.0011131
29.41	-0.001409
29.42	-0.0017268
29.43	-0.0020504
29.44	-0.0024247
29.45	-0.0031349
29.46	-0.0041321
29.47	-0.0049992
29.48	-0.0048128
29.49	-0.0040016
29.5	-0.0041599
29.51	-0.0048741
29.52	-0.0049164
29.53	-0.0045745
29.54	-0.0045833
29.55	-0.0049236
29.56	-0.005383
29.57	-0.0059177
29.58	-0.0061397
29.59	-0.0061309
29.6	-0.0066271
29.61	-0.0073166
29.62	-0.0077994
29.63	-0.0084632
29.64	-0.0091078
29.65	-0.0095094
29.66	-0.010024
29.67	-0.011027
29.68	-0.01212
29.69	-0.012039
29.7	-0.01061
29.71	-0.0090411
29.72	-0.0080383
29.73	-0.0071772
29.74	-0.0057154
29.75	-0.0038781
29.76	-0.0024462
29.77	-0.0013257
29.78	-8.7489e-05
29.79	0.0013907
29.8	0.0033026
29.81	0.005385
29.82	0.0073139
29.83	0.0092485
29.84	0.010882
29.85	0.011729
29.86	0.012378
29.87	0.013592
29.88	0.015068
29.89	0.016149
29.9	0.016449
29.91	0.016145
29.92	0.015731
29.93	0.015355
29.94	0.015087
29.95	0.01525
29.96	0.015878
29.97	0.016671
29.98	0.017329
29.99	0.017542
30	0.017473
30.01	0.017499
30.02	0.017403
30.03	0.016636
30.04	0.015512
30.05	0.015052
30.06	0.015352
30.07	0.015597
30.08	0.015153
30.09	0.01447
30.1	0.014331
30.11	0.014283
30.12	0.013551
30.13	0.012345
30.14	0.010919
30.15	0.0092904
30.16	0.0076142
30.17	0.0057669
30.18	0.0038886
30.19	0.0025895
30.2	0.0021724
30.21	0.0020639
30.22	0.0013593
30.23	0.00025188
30.24	-0.00075533
30.25	-0.0019094
30.26	-0.0028723
30.27	-0.0028138
30.28	-0.0018359
30.29	-0.00069323
30.3	0.00027495
30.31	0.00094435
30.32	0.0011728
30.33	0.0013725
30.34	0.0018199
30.35	0.0021916
30.36	0.0024667
30.37	0.0028675
30.38	0.0034988
30.39	0.0043129
30.4	0.0049926
30.41	0.005423
30.42	0.005734
30.43	0.005758
30.44	0.0054561
30.45	0.0051304
30.46	0.0046882
30.47	0.0040239
30.48	0.0034813
30.49	0.0032113
30.5	0.0029868
30.51	0.0029859
30.52	0.0037413
30.53	0.004921
30.54	0.0056981
30.55	0.0059546
30.56	0.0060869
30.57	0.0063115
30.58	0.0067533
30.59	0.007452
30.6	0.0083071
30.61	0.0093963
30.62	0.010251
30.63	0.010191
30.64	0.0096221
30.65	0.0093446
30.66	0.009312
30.67	0.009004
30.68	0.0083648
30.69	0.0074365
30.7	0.006119
30.71	0.0045834
30.72	0.0029561
30.73	0.0012305
30.74	-0.00035465
30.75	-0.0018046
30.76	-0.0034706
30.77	-0.0051578
30.78	-0.00657
30.79	-0.0076604
30.8	-0.0083193
30.81	-0.0087157
30.82	-0.0094051
30.83	-0.01111
30.84	-0.013353
30.85	-0.014527
30.86	-0.014379
30.87	-0.014207
30.88	-0.014627
30.89	-0.015056
30.9	-0.015162
30.91	-0.014999
30.92	-0.014518
30.93	-0.013787
30.94	-0.013347
30.95	-0.013593
30.96	-0.013789
30.97	-0.013479
30.98	-0.013169
30.99	-0.012823
31	-0.012247
31.01	-0.011624
31.02	-0.010909
31.03	-0.010227
31.04	-0.0096467
31.05	-0.0089842
31.06	-0.0082633
31.07	-0.0078049
31.08	-0.0078639
31.09	-0.0080178
31.1	-0.0078413
31.11	-0.0076802
31.12	-0.0080855
31.13	-0.0087816
31.14	-0.0091718
31.15	-0.0094995
31.16	-0.010122
31.17	-0.011258
31.18	-0.013129
31.19	-0.015129
31.2	-0.016289
31.21	-0.016671
31.22	-0.01703
31.23	-0.017345
31.24	-0.017143
31.25	-0.016344
31.26	-0.015146
31.27	-0.013645
31.28	-0.01179
31.29	-0.0099411
31.3	-0.0083064
31.31	-0.0067049
31.32	-0.005407
31.33	-0.0044737
31.34	-0.0032605
31.35	-0.0013765
31.36	0.00050916
31.37	0.0016696
31.38	0.0024688
31.39	0.0033511
31.4	0.004114
31.41	0.0044823
31.42	0.0047787
31.43	0.0054224
31.44	0.0061604
31.45	0.0068898
31.46	0.0078034
31.47	0.0085055
31.48	0.0085554
31.49	0.0081401
31.5	0.0077543
31.51	0.0079141
31.52	0.0085985
31.53	0.0089374
31.54	0.0081255
31.55	0.0062706
31.56	0.0042427
31.57	0.0025919
31.58	0.0011378
31.59	-0.00031657
31.6	-0.0017753
31.61	-0.003397
31.62	-0.0054455
31.63	-0.0074783
31.64	-0.0089741
31.65	-0.010165
31.66	-0.011226
31.67	-0.012391
31.68	-0.013643
31.69	-0.014091
31.7	-0.01374
31.71	-0.013618
31.72	-0.013828
31.73	-0.013775
31.74	-0.013273
31.75	-0.012621
31.76	-0.012102
31.77	-0.011711
31.78	-0.011031
31.79	-0.0095772
31.8	-0.0075943
31.81	-0.006049
31.82	-0.0052148
31.83	-0.0049968
31.84	-0.0051532
31.85	-0.004782
31.86	-0.0039182
31.87	-0.00311
31.88	-0.0021476
31.89	-0.00064347
31.9	0.000898
31.91	0.0018332
31.92	0.0026266
31.93	0.0036977
31.94	0.0047543
31.95	0.0057539
31.96	0.0068731
31.97	0.0077689
31.98	0.0085344
31.99	0.0095879
32	0.010394
32.01	0.01061
32.02	0.010756
32.03	0.011356
32.04	0.012321
32.05	0.012939
32.06	0.01311
32.07	0.013568
32.08	0.014272
32.09	0.014224
32.1	0.013416
32.11	0.012907
32.12	0.012846
32.13	0.012843
32.14	0.012672
32.15	0.012059
32.16	0.011191
32.17	0.010414
32.18	0.0097996
32.19	0.0093122
32.2	0.0090861
32.21	0.0092648
32.22	0.0098407
32.23	0.010609
32.24	0.010947
32.25	0.010759
32.26	0.010563
32.27	0.010455
32.28	0.010765
32.29	0.01183
32.3	0.012854
32.31	0.013263
32.32	0.013291
32.33	0.013162
32.34	0.012984
32.35	0.0125
32.36	0.011533
32.37	0.010478
32.38	0.0097487
32.39	0.0090393
32.4	0.0076943
32.41	0.0059108
32.42	0.0046377
32.43	0.0040569
32.44	0.0029792
32.45	0.0010491
32.46	-0.0005914
32.47	-0.0017182
32.48	-0.0026588
32.49	-0.0030756
32.5	-0.0028997
32.51	-0.0028781
32.52	-0.003473
32.53	-0.0040253
32.54	-0.0040319
32.55	-0.003817
32.56	-0.0036833
32.57	-0.003586
32.58	-0.003582
32.59	-0.0037855
32.6	-0.0038427
32.61	-0.0034843
32.62	-0.003128
32.63	-0.0032389
32.64	-0.0035049
32.65	-0.0033452
32.66	-0.0029223
32.67	-0.0025756
32.68	-0.002302
32.69	-0.0019478
32.7	-0.0012981
32.71	-0.00032834
32.72	0.00062352
32.73	0.0010067
32.74	0.0008312
32.75	0.00059127
32.76	0.00051134
32.77	0.00051343
32.78	0.00041773
32.79	0.00030726
32.8	0.00079872
32.81	0.0021667
32.82	0.0032936
32.83	0.0031845
32.84	0.0027879
32.85	0.0032553
32.86	0.0044712
32.87	0.0058246
32.88	0.0065708
32.89	0.006763
32.9	0.0071475
32.91	0.0076162
32.92	0.0075996
32.93	0.0071781
32.94	0.0068024
32.95	0.0062471
32.96	0.0052087
32.97	0.0041134
32.98	0.0031331
32.99	0.0020978
33	0.00091502
33.01	-0.000164
33.02	-0.00096226
33.03	-0.0017735
33.04	-0.0025989
33.05	-0.0033927
33.06	-0.0044183
33.07	-0.0057482
33.08	-0.0070443
33.09	-0.0079195
33.1	-0.008435
33.11	-0.0089501
33.12	-0.0096748
33.13	-0.010454
33.14	-0.010928
33.15	-0.011586
33.16	-0.012692
33.17	-0.013394
33.18	-0.013796
33.19	-0.014269
33.2	-0.014342
33.21	-0.013752
33.22	-0.012776
33.23	-0.012188
33.24	-0.012504
33.25	-0.013134
33.26	-0.012898
33.27	-0.01152
33.28	-0.0097982
33.29	-0.0082097
33.3	-0.0065483
33.31	-0.0045719
33.32	-0.002849
33.33	-0.0021371
33.34	-0.0015148
33.35	0.00015761
33.36	0.0019645
33.37	0.003193
33.38	0.0044736
33.39	0.0057086
33.4	0.0062938
33.41	0.0066307
33.42	0.0072304
33.43	0.0076147
33.44	0.0072905
33.45	0.0067014
33.46	0.0068211
33.47	0.0077622
33.48	0.0084686
33.49	0.0087104
33.5	0.0096109
33.51	0.011263
33.52	0.012665
33.53	0.013368
33.54	0.013528
33.55	0.013773
33.56	0.014381
33.57	0.01467
33.58	0.014236
33.59	0.013493
33.6	0.012822
33.61	0.012087
33.62	0.011253
33.63	0.010746
33.64	0.010552
33.65	0.01023
33.66	0.0093542
33.67	0.0078559
33.68	0.0065168
33.69	0.0058804
33.7	0.0055888
33.71	0.005313
33.72	0.0048629
33.73	0.0037903
33.74	0.001992
33.75	3.5752e-05
33.76	-0.0014817
33.77	-0.0025614
33.78	-0.0035863
33.79	-0.0046427
33.8	-0.005637
33.81	-0.0066142
33.82	-0.0075133
33.83	-0.0081604
33.84	-0.0086692
33.85	-0.0090013
33.86	-0.0092249
33.87	-0.0097126
33.88	-0.010281
33.89	-0.010419
33.9	-0.010144
33.91	-0.00996
33.92	-0.0099383
33.93	-0.0097964
33.94	-0.0093536
33.95	-0.0085737
33.96	-0.0076088
33.97	-0.0067479
33.98	-0.0062988
33.99	-0.0061327
34	-0.0056471
34.01	-0.0044152
34.02	-0.0027555
34.03	-0.0015733
34.04	-0.001267
34.05	-0.0010141
34.06	-0.00024004
34.07	0.00011409
34.08	-0.00060006
34.09	-0.0015751
34.1	-0.0022072
34.11	-0.0027293
34.12	-0.0031518
34.13	-0.0034826
34.14	-0.0040487
34.15	-0.0049099
34.16	-0.0058034
34.17	-0.0064545
34.18	-0.0073621
34.19	-0.0088858
34.2	-0.0099241
34.21	-0.0097268
34.22	-0.0090757
34.23	-0.0090283
34.24	-0.0095719
34.25	-0.0098809
34.26	-0.0099628
34.27	-0.010292
34.28	-0.010519
34.29	-0.010239
34.3	-0.0096942
34.31	-0.0091419
34.32	-0.0088587
34.33	-0.009239
34.34	-0.01013
34.35	-0.010928
34.36	-0.011029
34.37	-0.010475
34.38	-0.009811
34.39	-0.0093292
34.4	-0.0091537
34.41	-0.0090008
34.42	-0.0084446
34.43	-0.0078731
34.44	-0.0078
34.45	-0.0078801
34.46	-0.0077162
34.47	-0.0073893
34.48	-0.0071374
34.49	-0.0071963
34.5	-0.0073195
34.51	-0.0071071
34.52	-0.0065663
34.53	-0.0058193
34.54	-0.0048785
34.55	-0.0037075
34.56	-0.0022948
34.57	-0.00068233
34.58	0.00090487
34.59	0.0022362
34.6	0.0034593
34.61	0.0050114
34.62	0.0067343
34.63	0.0082551
34.64	0.0099854
34.65	0.011783
34.66	0.012974
34.67	0.013849
34.68	0.014729
34.69	0.015542
34.7	0.016744
34.71	0.018734
34.72	0.020828
34.73	0.021709
34.74	0.021435
34.75	0.02127
34.76	0.021336
34.77	0.021243
34.78	0.021228
34.79	0.021311
34.8	0.021407
34.81	0.021545
34.82	0.021507
34.83	0.021082
34.84	0.020176
34.85	0.019074
34.86	0.018063
34.87	0.016891
34.88	0.01549
34.89	0.014234
34.9	0.013439
34.91	0.012997
34.92	0.012444
34.93	0.011479
34.94	0.010436
34.95	0.0098169
34.96	0.0095462
34.97	0.0091914
34.98	0.0086317
34.99	0.0082286
35	0.0079944
35.01	0.0076573
35.02	0.0069373
35.03	0.0056293
35.04	0.0043197
35.05	0.0036077
35.06	0.0033443
35.07	0.0031406
35.08	0.0025582
35.09	0.0013816
35.1	0.00019612
35.11	-0.00048233
35.12	-0.001058
35.13	-0.0018683
35.14	-0.0028357
35.15	-0.0039353
35.16	-0.0048135
35.17	-0.005082
35.18	-0.0050094
35.19	-0.0048947
35.2	-0.004427
35.21	-0.0033103
35.22	-0.0021645
35.23	-0.0016437
35.24	-0.0014611
35.25	-0.0013118
35.26	-0.0013237
35.27	-0.0014752
35.28	-0.001745
35.29	-0.0022568
35.3	-0.0029273
35.31	-0.0037325
35.32	-0.0047294
35.33	-0.0056397
35.34	-0.0064481
35.35	-0.0077669
35.36	-0.0093153
35.37	-0.010098
35.38	-0.01036
35.39	-0.010772
35.4	-0.011041
35.41	-0.010922
35.42	-0.010905
35.43	-0.011275
35.44	-0.011697
35.45	-0.011754
35.46	-0.011396
35.47	-0.011064
35.48	-0.01107
35.49	-0.011037
35.5	-0.010773
35.51	-0.010586
35.52	-0.010302
35.53	-0.0095849
35.54	-0.0088006
35.55	-0.0084014
35.56	-0.0082473
35.57	-0.0080295
35.58	-0.0078407
35.59	-0.0079486
35.6	-0.0083834
35.61	-0.0088688
35.62	-0.0091565
35.63	-0.009265
35.64	-0.0093906
35.65	-0.0096574
35.66	-0.0097355
35.67	-0.0094054
35.68	-0.0090335
35.69	-0.0086087
35.7	-0.0072716
35.71	-0.005148
35.72	-0.0034632
35.73	-0.0024532
35.74	-0.0014956
35.75	-0.00033941
35.76	0.00054362
35.77	0.00071213
35.78	0.00090409
35.79	0.0022163
35.8	0.0039616
35.81	0.0046798
35.82	0.004389
35.83	0.0042689
35.84	0.0049741
35.85	0.0058998
35.86	0.0064643
35.87	0.0066077
35.88	0.0065475
35.89	0.0065712
35.9	0.0065637
35.91	0.0063554
35.92	0.0060153
35.93	0.005722
35.94	0.0054944
35.95	0.0049421
35.96	0.0038754
35.97	0.0027672
35.98	0.0017629
35.99	0.00076616
36	2.2422e-05
36.01	-0.00014989
36.02	-0.00051855
36.03	-0.0013251
36.04	-0.0026537
36.05	-0.0038942
36.06	-0.0044207
36.07	-0.0048416
36.08	-0.0058186
36.09	-0.0070349
36.1	-0.0079282
36.11	-0.0087242
36.12	-0.0097146
36.13	-0.010473
36.14	-0.010839
36.15	-0.011345
36.16	-0.012213
36.17	-0.012826
36.18	-0.012643
36.19	-0.012007
36.2	-0.011196
36.21	-0.010014
36.22	-0.008858
36.23	-0.0081212
36.24	-0.0074821
36.25	-0.0066671
36.26	-0.0057999
36.27	-0.0049886
36.28	-0.0040572
36.29	-0.0031836
36.3	-0.002688
36.31	-0.0024029
36.32	-0.0022481
36.33	-0.0021996
36.34	-0.0018991
36.35	-0.0013424
36.36	-0.00087773
36.37	-0.00059322
36.38	-0.00035358
36.39	-7.4797e-05
36.4	0.00017233
36.41	0.00039856
36.42	0.00063223
36.43	0.00083636
36.44	0.0010366
36.45	0.0012707
36.46	0.0015119
36.47	0.0017186
36.48	0.0018836
36.49	0.0020066
36.5	0.0021325
36.51	0.0023145
36.52	0.0025202
36.53	0.0026552
36.54	0.0027407
36.55	0.0028495
36.56	0.0029653
36.57	0.0030647
36.58	0.0031553
36.59	0.0032518
36.6	0.0033639
36.61	0.0034792
36.62	0.003566
36.63	0.003639
36.64	0.0037077
36.65	0.0038229
36.66	0.0043267
36.67	0.0052193
36.68	0.0059146
36.69	0.0064295
36.7	0.0071143
36.71	0.0080309
36.72	0.0092522
36.73	0.010364
36.74	0.01072
36.75	0.010375
36.76	0.0098983
36.77	0.0097448
36.78	0.0099517
36.79	0.010229
36.8	0.010541
36.81	0.011022
36.82	0.011349
36.83	0.011194
36.84	0.010671
36.85	0.010157
36.86	0.010383
36.87	0.011502
36.88	0.012314
36.89	0.012274
36.9	0.012202
36.91	0.012263
36.92	0.012209
36.93	0.012263
36.94	0.012303
36.95	0.011957
36.96	0.01129
36.97	0.010626
36.98	0.010054
36.99	0.0094928
37	0.008899
37.01	0.0085251
37.02	0.00865
37.03	0.0088171
37.04	0.0084899
37.05	0.0078403
37.06	0.0071514
37.07	0.0065948
37.08	0.0064813
37.09	0.0066832
37.1	0.0065991
37.11	0.0060528
37.12	0.0053412
37.13	0.0047909
37.14	0.0046748
37.15	0.0049251
37.16	0.0051035
37.17	0.0050435
37.18	0.0048808
37.19	0.004543
37.2	0.0041647
37.21	0.0042344
37.22	0.0045454
37.23	0.0043108
37.24	0.0034675
37.25	0.0025652
37.26	0.0017686
37.27	0.00088191
37.28	-0.00028015
37.29	-0.0015996
37.3	-0.0026848
37.31	-0.0035138
37.32	-0.0043368
37.33	-0.0054941
37.34	-0.0069907
37.35	-0.0081263
37.36	-0.0089348
37.37	-0.010005
37.38	-0.011038
37.39	-0.011918
37.4	-0.013102
37.41	-0.014275
37.42	-0.014916
37.43	-0.015132
37.44	-0.014974
37.45	-0.0148
37.46	-0.015182
37.47	-0.015727
37.48	-0.015904
37.49	-0.015885
37.5	-0.015878
37.51	-0.016128
37.52	-0.016545
37.53	-0.01672
37.54	-0.016655
37.55	-0.016361
37.56	-0.015745
37.57	-0.014941
37.58	-0.01414
37.59	-0.01353
37.6	-0.01311
37.61	-0.012593
37.62	-0.011844
37.63	-0.010956
37.64	-0.010081
37.65	-0.0093511
37.66	-0.0086922
37.67	-0.0082593
37.68	-0.0084689
37.69	-0.0089737
37.7	-0.0089337
37.71	-0.0082503
37.72	-0.0075005
37.73	-0.0071668
37.74	-0.0071316
37.75	-0.0068625
37.76	-0.0063747
37.77	-0.0060479
37.78	-0.0057949
37.79	-0.0054766
37.8	-0.0048854
37.81	-0.0038528
37.82	-0.0029212
37.83	-0.0024319
37.84	-0.0019775
37.85	-0.0013784
37.86	-0.00085708
37.87	-0.0004201
37.88	0.00025805
37.89	0.0010853
37.9	0.001428
37.91	0.0012544
37.92	0.0011916
37.93	0.0014893
37.94	0.001892
37.95	0.0022056
37.96	0.002453
37.97	0.0026134
37.98	0.0025999
37.99	0.0024889
38	0.0026166
38.01	0.0030929
38.02	0.0036665
38.03	0.0043094
38.04	0.0050203
38.05	0.0057041
38.06	0.0063591
38.07	0.0069343
38.08	0.0074801
38.09	0.0079184
38.1	0.0080732
38.11	0.0081706
38.12	0.008386
38.13	0.0084553
38.14	0.0083218
38.15	0.0084116
38.16	0.0087711
38.17	0.0089503
38.18	0.0088567
38.19	0.0087655
38.2	0.0090076
38.21	0.0095872
38.22	0.010028
38.23	0.010104
38.24	0.0099427
38.25	0.009668
38.26	0.0095309
38.27	0.0096066
38.28	0.0095808
38.29	0.0094022
38.3	0.0094058
38.31	0.0094958
38.32	0.009311
38.33	0.0088748
38.34	0.008391
38.35	0.0080907
38.36	0.0079891
38.37	0.0077654
38.38	0.007266
38.39	0.0066521
38.4	0.0060927
38.41	0.0055849
38.42	0.0051244
38.43	0.0048406
38.44	0.0046717
38.45	0.0043622
38.46	0.0037799
38.47	0.0030235
38.48	0.0023694
38.49	0.0019488
38.5	0.0016479
38.51	0.0013429
38.52	0.00092329
38.53	0.00036805
38.54	-0.00012725
38.55	-0.00038939
38.56	-0.00045881
38.57	-0.00046422
38.58	-0.00051174
38.59	-0.00066311
38.6	-0.00087745
38.61	-0.001092
38.62	-0.0012883
38.63	-0.0014676
38.64	-0.0016444
38.65	-0.0018104
38.66	-0.0019758
38.67	-0.0021719
38.68	-0.0023773
38.69	-0.0025439
38.7	-0.0026781
38.71	-0.0028635
38.72	-0.003143
38.73	-0.0034162
38.74	-0.0035783
38.75	-0.0036883
38.76	-0.0038744
38.77	-0.0041212
38.78	-0.0042964
38.79	-0.0043394
38.8	-0.0042709
38.81	-0.0042042
38.82	-0.0043043
38.83	-0.0044974
38.84	-0.0046447
38.85	-0.0047783
38.86	-0.0048385
38.87	-0.0047781
38.88	-0.0047212
38.89	-0.004754
38.9	-0.0048082
38.91	-0.0047497
38.92	-0.004588
38.93	-0.0044426
38.94	-0.0042948
38.95	-0.004119
38.96	-0.0040177
38.97	-0.0039492
38.98	-0.0037533
38.99	-0.0034576
39	-0.0032281
39.01	-0.0030907
39.02	-0.0029182
39.03	-0.0026607
39.04	-0.0023829
39.05	-0.002137
39.06	-0.0019129
39.07	-0.0016913
39.08	-0.0014903
39.09	-0.0013269
39.1	-0.0011577
39.11	-0.00095206
39.12	-0.00075808
39.13	-0.00059517
39.14	-0.00040535
39.15	-0.00018206
39.16	-3.3392e-06
39.17	0.00010538
39.18	0.00018303
39.19	0.00029756
39.2	0.00050576
39.21	0.00072138
39.22	0.00083368
39.23	0.00089177
39.24	0.00096474
39.25	0.0010293
39.26	0.0010831
39.27	0.0011448
39.28	0.0011817
39.29	0.0011939
39.3	0.0012252
39.31	0.0012407
39.32	0.0011742
39.33	0.0010657
39.34	0.001009
39.35	0.00101
39.36	0.0010054
39.37	0.00097171
39.38	0.00092673
39.39	0.00087633
39.4	0.00084188
39.41	0.00082784
39.42	0.00080133
39.43	0.0007682
39.44	0.00073778
39.45	0.00070193
39.46	0.0006661
39.47	0.00063393
39.48	0.0006067
39.49	0.00058913
39.5	0.00058079
39.51	0.00056225
39.52	0.00051202
39.53	0.00044174
39.54	0.0003871
39.55	0.00036329
39.56	0.00035425
39.57	0.0003435
39.58	0.00032989
39.59	0.00031022
39.6	0.00028159
39.61	0.00026269
39.62	0.00026221
39.63	0.00026102
39.64	0.00025356
39.65	0.0002433
39.66	0.0002256
39.67	0.00020398
39.68	0.00018595
39.69	0.00017565
39.7	0.00017461
39.71	0.0001767
39.72	0.00017324
39.73	0.00016152
39.74	0.0001489
39.75	0.00013983
39.76	0.00012804
39.77	0.00010983
39.78	9.0014e-05
39.79	7.4295e-05
39.8	6.1542e-05
39.81	4.7133e-05
39.82	3.0093e-05
39.83	1.2079e-05
39.84	-3.9088e-06
39.85	-1.5908e-05
39.86	-2.5691e-05
39.87	-3.4183e-05
39.88	-4.0319e-05
39.89	-4.4957e-05
39.9	-4.9177e-05
39.91	-5.2819e-05
39.92	-5.58e-05
39.93	-5.8171e-05
39.94	-6.0169e-05
39.95	-6.2106e-05
39.96	-6.373e-05
39.97	-6.4655e-05
39.98	-6.4809e-05
39.99	-6.4241e-05
