0	4.9252e-05
0.01	3.1014e-05
0.02	5.6396e-05
0.03	3.6714e-05
0.04	6.003e-05
0.05	2.7928e-05
0.06	3.0336e-05
0.07	6.1092e-06
0.08	2.6715e-05
0.09	2.6132e-05
0.1	9.6862e-05
0.11	9.3251e-05
0.12	8.7687e-05
0.13	2.7384e-05
0.14	4.6246e-05
0.15	-3.3474e-05
0.16	-5.538e-05
0.17	-6.7834e-05
0.18	-6.1917e-05
0.19	-9.3709e-05
0.2	-0.0001929
0.21	-0.00029583
0.22	-0.00028669
0.23	-0.00019297
0.24	9.2869e-05
0.25	6.8575e-05
0.26	0.00022217
0.27	0.00034794
0.28	0.00033182
0.29	0.00034057
0.3	0.00018715
0.31	-1.4078e-05
0.32	5.0602e-05
0.33	0.0003385
0.34	0.00043592
0.35	0.00051768
0.36	0.00088683
0.37	0.00058315
0.38	-2.011e-05
0.39	-0.00063737
0.4	-0.0010828
0.41	-0.0012281
0.42	-0.00086324
0.43	-0.00019958
0.44	0.00091643
0.45	0.0014112
0.46	0.0019722
0.47	0.0027194
0.48	0.0023818
0.49	0.0014471
0.5	0.00060384
0.51	0.00017407
0.52	-0.0014842
0.53	-0.0037769
0.54	-0.0058218
0.55	-0.0074187
0.56	-0.0077993
0.57	-0.0074975
0.58	-0.0055502
0.59	-0.0033057
0.6	-0.0022505
0.61	-0.00099691
0.62	-0.00030732
0.63	0.0012461
0.64	0.0025974
0.65	0.0044183
0.66	0.0072508
0.67	0.010906
0.68	0.012979
0.69	0.012815
0.7	0.011488
0.71	0.0086692
0.72	0.0031909
0.73	-0.0029976
0.74	-0.0057484
0.75	-0.0058388
0.76	-0.0060704
0.77	-0.0055622
0.78	-0.0044493
0.79	-0.0045062
0.8	-0.0067764
0.81	-0.0083872
0.82	-0.0091063
0.83	-0.0095904
0.84	-0.0082438
0.85	-0.0059856
0.86	-0.00087586
0.87	0.0042475
0.88	0.0082402
0.89	0.013019
0.9	0.01567
0.91	0.01641
0.92	0.016868
0.93	0.014467
0.94	0.008146
0.95	-0.0026667
0.96	-0.014303
0.97	-0.0162
0.98	-0.010495
0.99	-0.0050045
1	0.0010121
1.01	0.00065342
1.02	-0.0053662
1.03	-0.010267
1.04	-0.013004
1.05	-0.012289
1.06	-0.010702
1.07	-0.0082129
1.08	-0.0054124
1.09	-0.0055574
1.1	-0.0075967
1.11	-0.0077853
1.12	-0.0077038
1.13	-0.006121
1.14	-0.0041042
1.15	0.0038976
1.16	0.015083
1.17	0.025508
1.18	0.037502
1.19	0.04034
1.2	0.037824
1.21	0.037468
1.22	0.036221
1.23	0.030084
1.24	0.023417
1.25	0.01174
1.26	-0.0021199
1.27	-0.015343
1.28	-0.024131
1.29	-0.027742
1.3	-0.028936
1.31	-0.029026
1.32	-0.028449
1.33	-0.03066
1.34	-0.030004
1.35	-0.031687
1.36	-0.032986
1.37	-0.030391
1.38	-0.023521
1.39	-0.004342
1.4	0.022355
1.41	0.037451
1.42	0.037918
1.43	0.031048
1.44	0.023857
1.45	0.014918
1.46	0.008475
1.47	-0.0027066
1.48	-0.011725
1.49	-0.017522
1.5	-0.017817
1.51	-0.015217
1.52	-0.012152
1.53	-0.0054855
1.54	0.0015495
1.55	0.0019227
1.56	0.0060687
1.57	0.015547
1.58	0.022177
1.59	0.026513
1.6	0.028375
1.61	0.023245
1.62	0.0115
1.63	0.0030192
1.64	-0.0048903
1.65	-0.013846
1.66	-0.017651
1.67	-0.019447
1.68	-0.015135
1.69	-0.0094049
1.7	-0.0021597
1.71	0.0060456
1.72	0.010149
1.73	0.012947
1.74	0.014349
1.75	0.0088429
1.76	0.001421
1.77	-0.0051876
1.78	-0.0094468
1.79	-0.011689
1.8	-0.011666
1.81	-0.013387
1.82	-0.018694
1.83	-0.020168
1.84	-0.018945
1.85	-0.016586
1.86	-0.012132
1.87	-0.013888
1.88	-0.013054
1.89	-0.0098369
1.9	-0.00072328
1.91	0.011216
1.92	0.024242
1.93	0.031791
1.94	0.03363
1.95	0.03064
1.96	0.024127
1.97	0.019789
1.98	0.016089
1.99	0.011681
2	0.0075493
2.01	0.00047171
2.02	-0.010044
2.03	-0.016801
2.04	-0.017391
2.05	-0.016778
2.06	-0.0045725
2.07	-0.0021805
2.08	-0.0047055
2.09	-0.0035617
2.1	-0.0032585
2.11	-0.0032274
2.12	-0.003711
2.13	-0.0053626
2.14	-0.0079453
2.15	-0.010833
2.16	-0.015585
2.17	-0.011479
2.18	-0.0033657
2.19	-0.0087808
2.2	-0.016781
2.21	-0.023682
2.22	-0.029441
2.23	-0.027051
2.24	-0.021895
2.25	-0.01534
2.26	-0.0077144
2.27	-0.002276
2.28	0.0011191
2.29	0.0020834
2.3	0.0020155
2.31	0.0021028
2.32	0.0037008
2.33	0.0070356
2.34	0.012482
2.35	0.019872
2.36	0.031055
2.37	0.041033
2.38	0.045264
2.39	0.04604
2.4	0.042205
2.41	0.032404
2.42	0.0179
2.43	0.0082678
2.44	-0.0017928
2.45	-0.01256
2.46	-0.019073
2.47	-0.023234
2.48	-0.02782
2.49	-0.02762
2.5	-0.026919
2.51	-0.0232
2.52	-0.021857
2.53	-0.02666
2.54	-0.033532
2.55	-0.033847
2.56	-0.02494
2.57	-0.0194
2.58	-0.0058044
2.59	0.0059682
2.6	0.0083626
2.61	0.010989
2.62	0.0065026
2.63	-0.00079437
2.64	-0.0088733
2.65	-0.020877
2.66	-0.027731
2.67	-0.027393
2.68	-0.021569
2.69	-0.012526
2.7	-0.004018
2.71	0.0011234
2.72	-0.0026529
2.73	-0.013025
2.74	-0.024225
2.75	-0.033142
2.76	-0.036119
2.77	-0.037753
2.78	-0.0326
2.79	-0.027484
2.8	-0.023482
2.81	-0.015028
2.82	0.00090135
2.83	0.02613
2.84	0.052846
2.85	0.089974
2.86	0.12442
2.87	0.12993
2.88	0.13244
2.89	0.13543
2.9	0.13554
2.91	0.13626
2.92	0.13834
2.93	0.14009
2.94	0.14599
2.95	0.14862
2.96	0.14933
2.97	0.14862
2.98	0.14321
2.99	0.13482
3	0.11639
3.01	0.046524
3.02	-0.0091134
3.03	-0.017124
3.04	-0.02308
3.05	-0.019721
3.06	-0.010415
3.07	0.029163
3.08	0.13681
3.09	0.20515
3.1	0.19921
3.11	0.19646
3.12	0.193
3.13	0.17878
3.14	0.14389
3.15	0.071081
3.16	0.0005291
3.17	-0.067726
3.18	-0.11603
3.19	-0.13052
3.2	-0.14243
3.21	-0.15895
3.22	-0.18571
3.23	-0.23591
3.24	-0.28941
3.25	-0.3083
3.26	-0.30202
3.27	-0.30205
3.28	-0.29774
3.29	-0.28682
3.3	-0.27246
3.31	-0.24354
3.32	-0.15588
3.33	0.01279
3.34	0.18856
3.35	0.26192
3.36	0.31406
3.37	0.36442
3.38	0.30753
3.39	0.15384
3.4	0.021042
3.41	-0.10149
3.42	-0.19109
3.43	-0.21751
3.44	-0.22207
3.45	-0.211
3.46	-0.18828
3.47	-0.18345
3.48	-0.17843
3.49	-0.1457
3.5	-0.01958
3.51	0.11104
3.52	0.20228
3.53	0.24639
3.54	0.21623
3.55	0.14772
3.56	0.014398
3.57	-0.14
3.58	-0.28272
3.59	-0.30507
3.6	-0.25273
3.61	-0.28383
3.62	-0.314
3.63	-0.28382
3.64	-0.2609
3.65	-0.26301
3.66	-0.27765
3.67	-0.29999
3.68	-0.31152
3.69	-0.31264
3.7	-0.30373
3.71	-0.28735
3.72	-0.25499
3.73	-0.16005
3.74	-0.067229
3.75	0.019352
3.76	0.10627
3.77	0.19428
3.78	0.22826
3.79	0.21948
3.8	0.21537
3.81	0.19665
3.82	0.16542
3.83	0.13273
3.84	0.11374
3.85	0.11021
3.86	0.1142
3.87	0.13233
3.88	0.15902
3.89	0.18378
3.9	0.20227
3.91	0.21789
3.92	0.22349
3.93	0.22071
3.94	0.21394
3.95	0.20376
3.96	0.19119
3.97	0.17765
3.98	0.16965
3.99	0.13883
4	0.061574
4.01	-0.015284
4.02	-0.094896
4.03	-0.10877
4.04	-0.073711
4.05	-0.067834
4.06	-0.069214
4.07	-0.047056
4.08	-0.016802
4.09	0.019691
4.1	0.083867
4.11	0.11343
4.12	0.067761
4.13	0.0018364
4.14	-0.0553
4.15	-0.11113
4.16	-0.1493
4.17	-0.16328
4.18	-0.16985
4.19	-0.17323
4.2	-0.17121
4.21	-0.16642
4.22	-0.15826
4.23	-0.14354
4.24	-0.11019
4.25	-0.083126
4.26	-0.061387
4.27	-0.039056
4.28	-0.024366
4.29	-0.016213
4.3	-0.010218
4.31	-0.0018991
4.32	0.0088079
4.33	0.025956
4.34	0.049619
4.35	0.092563
4.36	0.14322
4.37	0.18456
4.38	0.21164
4.39	0.23286
4.4	0.25456
4.41	0.26749
4.42	0.27407
4.43	0.27394
4.44	0.26949
4.45	0.2589
4.46	0.24359
4.47	0.22677
4.48	0.19299
4.49	0.11981
4.5	0.048349
4.51	0.023353
4.52	0.0078104
4.53	-0.050892
4.54	-0.089968
4.55	-0.14719
4.56	-0.24242
4.57	-0.29905
4.58	-0.299
4.59	-0.28737
4.6	-0.27639
4.61	-0.22679
4.62	-0.13186
4.63	-0.045105
4.64	0.031276
4.65	0.11359
4.66	0.16796
4.67	0.19512
4.68	0.21499
4.69	0.21947
4.7	0.23805
4.71	0.30305
4.72	0.32332
4.73	0.29193
4.74	0.24392
4.75	0.18821
4.76	0.15734
4.77	0.15893
4.78	0.16097
4.79	0.14498
4.8	0.12796
4.81	0.1204
4.82	0.10857
4.83	0.098949
4.84	0.095403
4.85	0.091723
4.86	0.089459
4.87	0.089261
4.88	0.089721
4.89	0.089325
4.9	0.089159
4.91	0.084767
4.92	0.082385
4.93	0.041957
4.94	-0.030765
4.95	-0.052827
4.96	-0.052176
4.97	-0.078393
4.98	-0.10936
4.99	-0.12557
5	-0.15629
5.01	-0.19398
5.02	-0.21285
5.03	-0.22808
5.04	-0.20114
5.05	-0.19627
5.06	-0.22688
5.07	-0.24659
5.08	-0.27657
5.09	-0.313
5.1	-0.33773
5.11	-0.33963
5.12	-0.33067
5.13	-0.32218
5.14	-0.30665
5.15	-0.27799
5.16	-0.22652
5.17	-0.18592
5.18	-0.16367
5.19	-0.15214
5.2	-0.15343
5.21	-0.1553
5.22	-0.15093
5.23	-0.13475
5.24	-0.12678
5.25	-0.11849
5.26	-0.10669
5.27	-0.093042
5.28	-0.079582
5.29	-0.068315
5.3	-0.050548
5.31	-0.030707
5.32	-0.013647
5.33	0.0036488
5.34	0.023878
5.35	0.056554
5.36	0.10112
5.37	0.13056
5.38	0.13702
5.39	0.13457
5.4	0.12705
5.41	0.12963
5.42	0.1473
5.43	0.16131
5.44	0.16904
5.45	0.17419
5.46	0.17734
5.47	0.18419
5.48	0.19343
5.49	0.21138
5.5	0.22912
5.51	0.2387
5.52	0.2438
5.53	0.2461
5.54	0.24289
5.55	0.23644
5.56	0.22692
5.57	0.21356
5.58	0.19599
5.59	0.15143
5.6	0.075604
5.61	0.011485
5.62	-0.056766
5.63	-0.094203
5.64	-0.073407
5.65	-0.070704
5.66	-0.089445
5.67	-0.089456
5.68	-0.075091
5.69	-0.055427
5.7	-0.036439
5.71	-0.0021482
5.72	0.016666
5.73	0.015291
5.74	0.0054615
5.75	-0.017667
5.76	-0.05437
5.77	-0.075242
5.78	-0.079957
5.79	-0.085318
5.8	-0.104
5.81	-0.11581
5.82	-0.13915
5.83	-0.16008
5.84	-0.157
5.85	-0.14093
5.86	-0.11252
5.87	-0.086603
5.88	-0.030033
5.89	0.04339
5.9	0.066747
5.91	0.073615
5.92	0.075514
5.93	0.066084
5.94	0.030585
5.95	0.00056157
5.96	-0.03892
5.97	-0.087368
5.98	-0.11105
5.99	-0.12626
6	-0.1535
6.01	-0.1655
6.02	-0.16038
6.03	-0.14391
6.04	-0.14214
6.05	-0.1486
6.06	-0.14403
6.07	-0.097924
6.08	-0.047786
6.09	-0.033448
6.1	-0.026101
6.11	-0.012657
6.12	-0.010447
6.13	-0.014979
6.14	-0.032327
6.15	-0.050766
6.16	-0.10848
6.17	-0.1425
6.18	-0.15055
6.19	-0.16788
6.2	-0.17426
6.21	-0.17198
6.22	-0.16512
6.23	-0.15925
6.24	-0.137
6.25	-0.11335
6.26	-0.091166
6.27	-0.077628
6.28	-0.035318
6.29	0.0024469
6.3	0.028904
6.31	0.06374
6.32	0.10792
6.33	0.15172
6.34	0.19776
6.35	0.24506
6.36	0.3138
6.37	0.38604
6.38	0.45667
6.39	0.4927
6.4	0.48343
6.41	0.49668
6.42	0.49304
6.43	0.47371
6.44	0.47822
6.45	0.45087
6.46	0.39007
6.47	0.33261
6.48	0.29604
6.49	0.23562
6.5	0.16335
6.51	0.12626
6.52	0.10506
6.53	0.030923
6.54	0.00043204
6.55	-0.0036196
6.56	-0.014284
6.57	-0.0077079
6.58	0.0016585
6.59	0.010815
6.6	0.01204
6.61	0.0097431
6.62	-0.0023037
6.63	-0.020761
6.64	-0.066751
6.65	-0.12191
6.66	-0.18256
6.67	-0.24778
6.68	-0.27771
6.69	-0.30381
6.7	-0.35259
6.71	-0.36901
6.72	-0.35429
6.73	-0.33945
6.74	-0.32647
6.75	-0.31497
6.76	-0.30691
6.77	-0.29944
6.78	-0.29859
6.79	-0.30101
6.8	-0.30306
6.81	-0.29946
6.82	-0.2929
6.83	-0.277
6.84	-0.25984
6.85	-0.24229
6.86	-0.22641
6.87	-0.1806
6.88	-0.08945
6.89	-0.032152
6.9	-0.0066409
6.91	0.02419
6.92	0.052335
6.93	0.076443
6.94	0.10418
6.95	0.14218
6.96	0.17693
6.97	0.19862
6.98	0.20543
6.99	0.20217
7	0.19941
7.01	0.14842
7.02	0.058521
7.03	-0.00067491
7.04	0.0088254
7.05	0.020676
7.06	0.065151
7.07	0.14888
7.08	0.17771
7.09	0.18077
7.1	0.19098
7.11	0.20496
7.12	0.20281
7.13	0.1974
7.14	0.19168
7.15	0.18465
7.16	0.17002
7.17	0.16085
7.18	0.16027
7.19	0.17028
7.2	0.18116
7.21	0.19675
7.22	0.203
7.23	0.19864
7.24	0.19224
7.25	0.14282
7.26	0.060771
7.27	-0.0079662
7.28	-0.079494
7.29	-0.14891
7.3	-0.2091
7.31	-0.22951
7.32	-0.25386
7.33	-0.26754
7.34	-0.29325
7.35	-0.31329
7.36	-0.32887
7.37	-0.32588
7.38	-0.31165
7.39	-0.1868
7.4	0.0022315
7.41	0.17329
7.42	0.19969
7.43	0.18017
7.44	0.19964
7.45	0.2057
7.46	0.20347
7.47	0.20523
7.48	0.20611
7.49	0.19992
7.5	0.18664
7.51	0.17719
7.52	0.12543
7.53	0.092944
7.54	0.086245
7.55	0.071434
7.56	0.056031
7.57	0.014291
7.58	-0.024927
7.59	-0.030144
7.6	-0.027801
7.61	-0.02098
7.62	-0.0086693
7.63	0.0070592
7.64	0.0131
7.65	0.010642
7.66	0.0020354
7.67	-0.014451
7.68	-0.037796
7.69	-0.065023
7.7	-0.092274
7.71	-0.11777
7.72	-0.14192
7.73	-0.15235
7.74	-0.17375
7.75	-0.20747
7.76	-0.20845
7.77	-0.20202
7.78	-0.20047
7.79	-0.19467
7.8	-0.19322
7.81	-0.19071
7.82	-0.18703
7.83	-0.18081
7.84	-0.18532
7.85	-0.19198
7.86	-0.20353
7.87	-0.20007
7.88	-0.20319
7.89	-0.20168
7.9	-0.1941
7.91	-0.18022
7.92	-0.17253
7.93	-0.13344
7.94	-0.082557
7.95	0.085299
7.96	0.19367
7.97	0.22832
7.98	0.28831
7.99	0.37095
8	0.45194
8.01	0.47561
8.02	0.47845
8.03	0.53533
8.04	0.57935
8.05	0.58625
8.06	0.57682
8.07	0.50669
8.08	0.4116
8.09	0.39706
8.1	0.39342
8.11	0.36628
8.12	0.3503
8.13	0.3336
8.14	0.31899
8.15	0.30293
8.16	0.30776
8.17	0.27649
8.18	0.21348
8.19	0.15272
8.2	0.11101
8.21	0.069175
8.22	0.011253
8.23	-0.048236
8.24	-0.092211
8.25	-0.12407
8.26	-0.15575
8.27	-0.18972
8.28	-0.2072
8.29	-0.24641
8.3	-0.2939
8.31	-0.30931
8.32	-0.30742
8.33	-0.30558
8.34	-0.29327
8.35	-0.277
8.36	-0.26534
8.37	-0.25996
8.38	-0.2531
8.39	-0.24964
8.4	-0.24861
8.41	-0.25103
8.42	-0.25181
8.43	-0.25304
8.44	-0.25253
8.45	-0.25637
8.46	-0.25953
8.47	-0.26592
8.48	-0.27748
8.49	-0.31287
8.5	-0.35314
8.51	-0.3863
8.52	-0.40002
8.53	-0.40206
8.54	-0.40744
8.55	-0.4118
8.56	-0.40852
8.57	-0.39918
8.58	-0.39259
8.59	-0.38808
8.6	-0.38595
8.61	-0.38691
8.62	-0.39321
8.63	-0.39551
8.64	-0.38435
8.65	-0.37257
8.66	-0.35843
8.67	-0.33305
8.68	-0.29348
8.69	-0.25785
8.7	-0.22385
8.71	-0.19734
8.72	-0.17531
8.73	-0.15276
8.74	-0.1267
8.75	-0.095951
8.76	-0.070898
8.77	-0.043879
8.78	-0.016773
8.79	0.0039993
8.8	0.018282
8.81	0.025178
8.82	0.039629
8.83	0.060777
8.84	0.080854
8.85	0.10091
8.86	0.12737
8.87	0.14238
8.88	0.15827
8.89	0.17809
8.9	0.19726
8.91	0.21325
8.92	0.22515
8.93	0.23361
8.94	0.24071
8.95	0.24665
8.96	0.25094
8.97	0.25112
8.98	0.24498
8.99	0.23456
9	0.22177
9.01	0.20266
9.02	0.18649
9.03	0.17295
9.04	0.1639
9.05	0.15508
9.06	0.15589
9.07	0.16178
9.08	0.17418
9.09	0.18839
9.1	0.20634
9.11	0.2237
9.12	0.24194
9.13	0.26578
9.14	0.33579
9.15	0.35807
9.16	0.35781
9.17	0.3634
9.18	0.36257
9.19	0.36699
9.2	0.43315
9.21	0.50606
9.22	0.44787
9.23	0.28263
9.24	0.23693
9.25	0.36769
9.26	0.38107
9.27	0.28315
9.28	0.25518
9.29	0.24125
9.3	0.22642
9.31	0.22069
9.32	0.22067
9.33	0.22094
9.34	0.23604
9.35	0.21091
9.36	0.17091
9.37	0.16052
9.38	0.14945
9.39	0.13752
9.4	0.12896
9.41	0.11867
9.42	0.10332
9.43	0.082842
9.44	0.060324
9.45	0.021053
9.46	-0.015981
9.47	-0.049461
9.48	-0.08029
9.49	-0.1023
9.5	-0.11982
9.51	-0.15656
9.52	-0.19352
9.53	-0.24106
9.54	-0.28879
9.55	-0.30917
9.56	-0.31923
9.57	-0.32668
9.58	-0.33291
9.59	-0.33711
9.6	-0.34049
9.61	-0.3362
9.62	-0.33008
9.63	-0.328
9.64	-0.32177
9.65	-0.31274
9.66	-0.30537
9.67	-0.29761
9.68	-0.28964
9.69	-0.27759
9.7	-0.26729
9.71	-0.25196
9.72	-0.22998
9.73	-0.2114
9.74	-0.18729
9.75	-0.16108
9.76	-0.14088
9.77	-0.11763
9.78	-0.094309
9.79	-0.090601
9.8	-0.098789
9.81	-0.10082
9.82	-0.08645
9.83	-0.068224
9.84	-0.053717
9.85	-0.037518
9.86	-0.022652
9.87	-0.0063251
9.88	0.020565
9.89	0.042698
9.9	0.063359
9.91	0.084969
9.92	0.10384
9.93	0.12154
9.94	0.13812
9.95	0.1573
9.96	0.18825
9.97	0.20494
9.98	0.20301
9.99	0.2064
10	0.21481
10.01	0.28944
10.02	0.2929
10.03	0.26802
10.04	0.29578
10.05	0.28795
10.06	0.26232
10.07	0.25699
10.08	0.26063
10.09	0.24883
10.1	0.2333
10.11	0.21088
10.12	0.18194
10.13	0.14074
10.14	0.10756
10.15	0.086133
10.16	0.071083
10.17	0.058598
10.18	0.047884
10.19	0.034218
10.2	0.014476
10.21	-0.01336
10.22	-0.062051
10.23	-0.12088
10.24	-0.14189
10.25	-0.16892
10.26	-0.18477
10.27	-0.1849
10.28	-0.18082
10.29	-0.17624
10.3	-0.16837
10.31	-0.16095
10.32	-0.15061
10.33	-0.14167
10.34	-0.13763
10.35	-0.13507
10.36	-0.13333
10.37	-0.13302
10.38	-0.13467
10.39	-0.13293
10.4	-0.13336
10.41	-0.13191
10.42	-0.12729
10.43	-0.12455
10.44	-0.12486
10.45	-0.12819
10.46	-0.11735
10.47	-0.09909
10.48	-0.066057
10.49	-0.040988
10.5	-0.028457
10.51	0.0065484
10.52	0.047176
10.53	0.066925
10.54	0.088472
10.55	0.1175
10.56	0.1438
10.57	0.16584
10.58	0.19352
10.59	0.22587
10.6	0.28542
10.61	0.32303
10.62	0.33147
10.63	0.33629
10.64	0.33084
10.65	0.31466
10.66	0.2736
10.67	0.16961
10.68	0.12168
10.69	0.063397
10.7	-0.0092458
10.71	-0.027213
10.72	-0.016784
10.73	-0.0063489
10.74	-0.012681
10.75	-0.040083
10.76	-0.054301
10.77	-0.061471
10.78	-0.071558
10.79	-0.076872
10.8	-0.079229
10.81	-0.081396
10.82	-0.091438
10.83	-0.10689
10.84	-0.13356
10.85	-0.16024
10.86	-0.18397
10.87	-0.19381
10.88	-0.19063
10.89	-0.18359
10.9	-0.17432
10.91	-0.16251
10.92	-0.15117
10.93	-0.13799
10.94	-0.12267
10.95	-0.105
10.96	-0.09333
10.97	-0.088286
10.98	-0.084341
10.99	-0.079377
11	-0.072842
11.01	-0.062266
11.02	-0.046597
11.03	-0.028157
11.04	-0.0014245
11.05	0.041915
11.06	0.065689
11.07	0.070829
11.08	0.074433
11.09	0.078939
11.1	0.078392
11.11	0.081604
11.12	0.084291
11.13	0.085639
11.14	0.08654
11.15	0.087104
11.16	0.080947
11.17	0.075365
11.18	0.069501
11.19	0.066049
11.2	0.066844
11.21	0.071542
11.22	0.080231
11.23	0.093798
11.24	0.10846
11.25	0.11888
11.26	0.12466
11.27	0.12676
11.28	0.12059
11.29	0.10996
11.3	0.10149
11.31	0.089749
11.32	0.081363
11.33	0.079226
11.34	0.07815
11.35	0.079761
11.36	0.083996
11.37	0.086486
11.38	0.081497
11.39	0.072433
11.4	0.05286
11.41	0.017522
11.42	-0.032112
11.43	-0.063
11.44	-0.07842
11.45	-0.092036
11.46	-0.10323
11.47	-0.11016
11.48	-0.12059
11.49	-0.12814
11.5	-0.13395
11.51	-0.13957
11.52	-0.14098
11.53	-0.13818
11.54	-0.13546
11.55	-0.13247
11.56	-0.13139
11.57	-0.12998
11.58	-0.13191
11.59	-0.13622
11.6	-0.13895
11.61	-0.14033
11.62	-0.14578
11.63	-0.1535
11.64	-0.16158
11.65	-0.16727
11.66	-0.17433
11.67	-0.17956
11.68	-0.17856
11.69	-0.1739
11.7	-0.1737
11.71	-0.17116
11.72	-0.16525
11.73	-0.16376
11.74	-0.1663
11.75	-0.16862
11.76	-0.17003
11.77	-0.17224
11.78	-0.17175
11.79	-0.16719
11.8	-0.15787
11.81	-0.1501
11.82	-0.13945
11.83	-0.12161
11.84	-0.10554
11.85	-0.093103
11.86	-0.078575
11.87	-0.06349
11.88	-0.049488
11.89	-0.036576
11.9	-0.018241
11.91	0.0029943
11.92	0.025321
11.93	0.043523
11.94	0.062242
11.95	0.082413
11.96	0.09639
11.97	0.11486
11.98	0.13553
11.99	0.15227
12	0.16647
12.01	0.17945
12.02	0.18899
12.03	0.19773
12.04	0.21037
12.05	0.22856
12.06	0.2467
12.07	0.26038
12.08	0.26688
12.09	0.26649
12.1	0.26414
12.11	0.25838
12.12	0.24793
12.13	0.2368
12.14	0.2269
12.15	0.21532
12.16	0.2058
12.17	0.1971
12.18	0.18999
12.19	0.1825
12.2	0.17213
12.21	0.15576
12.22	0.13179
12.23	0.11456
12.24	0.10548
12.25	0.10001
12.26	0.096833
12.27	0.090874
12.28	0.082433
12.29	0.07406
12.3	0.06435
12.31	0.055379
12.32	0.04851
12.33	0.0396
12.34	0.030342
12.35	0.019413
12.36	0.0063222
12.37	-0.0081507
12.38	-0.021795
12.39	-0.032659
12.4	-0.045353
12.41	-0.05977
12.42	-0.073852
12.43	-0.08435
12.44	-0.092164
12.45	-0.10126
12.46	-0.10804
12.47	-0.11187
12.48	-0.11568
12.49	-0.12094
12.5	-0.12228
12.51	-0.12285
12.52	-0.12476
12.53	-0.12768
12.54	-0.13094
12.55	-0.13838
12.56	-0.14432
12.57	-0.15147
12.58	-0.15878
12.59	-0.16559
12.6	-0.16683
12.61	-0.16525
12.62	-0.16872
12.63	-0.16571
12.64	-0.1611
12.65	-0.15664
12.66	-0.15
12.67	-0.1375
12.68	-0.11759
12.69	-0.069181
12.7	-0.045436
12.71	-0.038179
12.72	-0.027272
12.73	-0.023998
12.74	-0.0188
12.75	-0.01569
12.76	-0.010914
12.77	-0.0028522
12.78	0.006049
12.79	0.019075
12.8	0.033074
12.81	0.047254
12.82	0.062534
12.83	0.077181
12.84	0.089368
12.85	0.095239
12.86	0.096914
12.87	0.098992
12.88	0.096277
12.89	0.087725
12.9	0.083536
12.91	0.073443
12.92	0.060358
12.93	0.048239
12.94	0.037923
12.95	0.031936
12.96	0.027936
12.97	0.028972
12.98	0.031454
12.99	0.030479
13	0.029521
13.01	0.02508
13.02	0.019784
13.03	0.01836
13.04	0.015885
13.05	0.014783
13.06	0.014613
13.07	0.014051
13.08	0.014182
13.09	0.017462
13.1	0.025308
13.11	0.033003
13.12	0.038905
13.13	0.045293
13.14	0.049862
13.15	0.051257
13.16	0.054647
13.17	0.058809
13.18	0.064046
13.19	0.06895
13.2	0.071287
13.21	0.072195
13.22	0.075317
13.23	0.076977
13.24	0.078367
13.25	0.081214
13.26	0.081613
13.27	0.082669
13.28	0.082309
13.29	0.079736
13.3	0.077153
13.31	0.073084
13.32	0.06201
13.33	0.050919
13.34	0.038439
13.35	0.023962
13.36	0.0084749
13.37	-0.0037843
13.38	-0.013173
13.39	-0.019122
13.4	-0.020608
13.41	-0.021209
13.42	-0.024721
13.43	-0.027171
13.44	-0.028441
13.45	-0.032243
13.46	-0.038662
13.47	-0.047694
13.48	-0.054393
13.49	-0.060606
13.5	-0.06674
13.51	-0.069981
13.52	-0.069379
13.53	-0.067804
13.54	-0.065539
13.55	-0.060578
13.56	-0.056244
13.57	-0.051969
13.58	-0.0508
13.59	-0.049591
13.6	-0.052022
13.61	-0.056344
13.62	-0.061099
13.63	-0.067832
13.64	-0.076075
13.65	-0.081193
13.66	-0.090775
13.67	-0.098924
13.68	-0.10854
13.69	-0.11631
13.7	-0.12313
13.71	-0.13303
13.72	-0.1375
13.73	-0.14076
13.74	-0.14216
13.75	-0.13858
13.76	-0.13274
13.77	-0.12305
13.78	-0.10907
13.79	-0.09133
13.8	-0.071165
13.81	-0.053279
13.82	-0.041921
13.83	-0.034286
13.84	-0.027491
13.85	-0.020633
13.86	-0.015748
13.87	-0.011844
13.88	-0.009502
13.89	-0.0091448
13.9	-0.0072519
13.91	-0.00322
13.92	-0.0005939
13.93	-0.00043445
13.94	0.0023252
13.95	0.0045801
13.96	0.0068245
13.97	0.0072041
13.98	0.0076144
13.99	0.0105
14	0.01402
14.01	0.014183
14.02	0.014173
14.03	0.014468
14.04	0.014247
14.05	0.010066
14.06	0.0068584
14.07	0.0038169
14.08	0.003731
14.09	0.0045624
14.1	0.004787
14.11	0.0091987
14.12	0.015225
14.13	0.02054
14.14	0.029199
14.15	0.037159
14.16	0.037442
14.17	0.036783
14.18	0.03409
14.19	0.028388
14.2	0.022704
14.21	0.021053
14.22	0.02047
14.23	0.017813
14.24	0.019282
14.25	0.021156
14.26	0.020959
14.27	0.023517
14.28	0.028313
14.29	0.032192
14.3	0.03166
14.31	0.035822
14.32	0.040216
14.33	0.042474
14.34	0.046663
14.35	0.054654
14.36	0.063967
14.37	0.073157
14.38	0.084514
14.39	0.09187
14.4	0.09557
14.41	0.10066
14.42	0.1002
14.43	0.096732
14.44	0.092229
14.45	0.085222
14.46	0.077802
14.47	0.069948
14.48	0.061486
14.49	0.055028
14.5	0.053339
14.51	0.055415
14.52	0.057412
14.53	0.062287
14.54	0.069888
14.55	0.075745
14.56	0.080527
14.57	0.085221
14.58	0.089978
14.59	0.092241
14.6	0.090383
14.61	0.08419
14.62	0.074583
14.63	0.060255
14.64	0.044499
14.65	0.024297
14.66	0.0015052
14.67	-0.01788
14.68	-0.036952
14.69	-0.057824
14.7	-0.07612
14.71	-0.085278
14.72	-0.093979
14.73	-0.101
14.74	-0.1039
14.75	-0.10462
14.76	-0.10184
14.77	-0.096954
14.78	-0.089493
14.79	-0.075248
14.8	-0.054857
14.81	-0.036394
14.82	-0.021999
14.83	-0.010633
14.84	-0.0033056
14.85	-0.00068729
14.86	-0.00040192
14.87	-0.00034626
14.88	-0.00048981
14.89	-0.0035303
14.9	-0.006354
14.91	-0.0061269
14.92	-0.0058372
14.93	-0.0040355
14.94	-0.0028073
14.95	-0.0028598
14.96	-0.0049269
14.97	-0.0087479
14.98	-0.012146
14.99	-0.019101
15	-0.022347
15.01	-0.022047
15.02	-0.021217
15.03	-0.019876
15.04	-0.013591
15.05	-0.0080087
15.06	0.0013061
15.07	0.010972
15.08	0.019418
15.09	0.02555
15.1	0.03266
15.11	0.03807
15.12	0.041761
15.13	0.041585
15.14	0.037443
15.15	0.029442
15.16	0.023853
15.17	0.017407
15.18	0.010075
15.19	0.0059622
15.2	0.0024136
15.21	0.00060462
15.22	0.0027179
15.23	0.0046052
15.24	0.0098031
15.25	0.017092
15.26	0.023222
15.27	0.029454
15.28	0.03305
15.29	0.03488
15.3	0.033182
15.31	0.02862
15.32	0.024114
15.33	0.017713
15.34	0.0070761
15.35	-0.0011593
15.36	-0.0091391
15.37	-0.019789
15.38	-0.028027
15.39	-0.031789
15.4	-0.034583
15.41	-0.038991
15.42	-0.044986
15.43	-0.050967
15.44	-0.054541
15.45	-0.06123
15.46	-0.07243
15.47	-0.081413
15.48	-0.087568
15.49	-0.092467
15.5	-0.094278
15.51	-0.091032
15.52	-0.086465
15.53	-0.080973
15.54	-0.069513
15.55	-0.058748
15.56	-0.047076
15.57	-0.033404
15.58	-0.023947
15.59	-0.0090343
15.6	0.0010631
15.61	0.007829
15.62	0.013617
15.63	0.014021
15.64	0.014104
15.65	0.013507
15.66	0.0094957
15.67	0.0034435
15.68	0.0006734
15.69	0.0024062
15.7	0.0063003
15.71	0.013645
15.72	0.021352
15.73	0.026203
15.74	0.033667
15.75	0.038269
15.76	0.044122
15.77	0.046051
15.78	0.050395
15.79	0.056716
15.8	0.06368
15.81	0.068952
15.82	0.07028
15.83	0.067614
15.84	0.062806
15.85	0.054428
15.86	0.047033
15.87	0.041168
15.88	0.034358
15.89	0.029426
15.9	0.028086
15.91	0.027432
15.92	0.026142
15.93	0.025307
15.94	0.020236
15.95	0.013709
15.96	0.0039319
15.97	-0.0073524
15.98	-0.015603
15.99	-0.024429
16	-0.032355
16.01	-0.038876
16.02	-0.042598
16.03	-0.041822
16.04	-0.040676
16.05	-0.041991
16.06	-0.038921
16.07	-0.034819
16.08	-0.031519
16.09	-0.027058
16.1	-0.024296
16.11	-0.020168
16.12	-0.015628
16.13	-0.0081684
16.14	-0.0022453
16.15	0.0046394
16.16	0.011295
16.17	0.016754
16.18	0.022258
16.19	0.023546
16.2	0.024551
16.21	0.027821
16.22	0.034332
16.23	0.040171
16.24	0.042049
16.25	0.043638
16.26	0.043623
16.27	0.038947
16.28	0.037839
16.29	0.034349
16.3	0.030432
16.31	0.028008
16.32	0.025474
16.33	0.022571
16.34	0.020845
16.35	0.018945
16.36	0.014198
16.37	0.0099797
16.38	0.0066312
16.39	0.0019841
16.4	-0.0030813
16.41	-0.0064626
16.42	-0.010173
16.43	-0.013691
16.44	-0.01883
16.45	-0.026229
16.46	-0.034618
16.47	-0.043936
16.48	-0.055355
16.49	-0.062894
16.5	-0.067456
16.51	-0.070248
16.52	-0.067363
16.53	-0.060316
16.54	-0.053439
16.55	-0.043528
16.56	-0.031832
16.57	-0.020113
16.58	-0.0074341
16.59	0.0014837
16.6	0.010456
16.61	0.015651
16.62	0.023159
16.63	0.031041
16.64	0.036914
16.65	0.043016
16.66	0.049129
16.67	0.052382
16.68	0.052099
16.69	0.053426
16.7	0.055306
16.71	0.053616
16.72	0.053651
16.73	0.051775
16.74	0.048796
16.75	0.046961
16.76	0.043332
16.77	0.0419
16.78	0.040753
16.79	0.041567
16.8	0.041781
16.81	0.042453
16.82	0.041358
16.83	0.039689
16.84	0.038473
16.85	0.037443
16.86	0.034408
16.87	0.029017
16.88	0.025654
16.89	0.023316
16.9	0.01528
16.91	0.0052849
16.92	-0.004109
16.93	-0.014729
16.94	-0.028608
16.95	-0.038193
16.96	-0.044312
16.97	-0.053822
16.98	-0.058782
16.99	-0.062898
17	-0.064204
17.01	-0.062605
17.02	-0.061394
17.03	-0.05816
17.04	-0.051123
17.05	-0.046681
17.06	-0.040173
17.07	-0.03483
17.08	-0.030614
17.09	-0.027734
17.1	-0.029176
17.11	-0.034177
17.12	-0.038869
17.13	-0.046132
17.14	-0.055818
17.15	-0.064951
17.16	-0.070223
17.17	-0.074904
17.18	-0.074266
17.19	-0.072109
17.2	-0.070525
17.21	-0.068528
17.22	-0.062106
17.23	-0.055043
17.24	-0.048534
17.25	-0.041817
17.26	-0.033315
17.27	-0.025316
17.28	-0.023271
17.29	-0.022853
17.3	-0.021587
17.31	-0.020659
17.32	-0.020017
17.33	-0.01863
17.34	-0.013175
17.35	-0.0063015
17.36	0.0024855
17.37	0.010124
17.38	0.016681
17.39	0.024039
17.4	0.029227
17.41	0.029416
17.42	0.028482
17.43	0.026518
17.44	0.01981
17.45	0.012572
17.46	0.0058883
17.47	0.0040771
17.48	0.00048597
17.49	-0.00086601
17.5	0.0016501
17.51	0.0065967
17.52	0.01169
17.53	0.016765
17.54	0.020017
17.55	0.023027
17.56	0.023786
17.57	0.023243
17.58	0.021834
17.59	0.019288
17.6	0.018932
17.61	0.018527
17.62	0.016087
17.63	0.014069
17.64	0.011988
17.65	0.011459
17.66	0.0077166
17.67	0.00039447
17.68	-0.0013249
17.69	-0.0028691
17.7	-0.00176
17.71	0.0017646
17.72	0.0074842
17.73	0.014697
17.74	0.019866
17.75	0.021198
17.76	0.022588
17.77	0.022477
17.78	0.021851
17.79	0.021454
17.8	0.020953
17.81	0.020567
17.82	0.020098
17.83	0.019681
17.84	0.019113
17.85	0.018441
17.86	0.020002
17.87	0.023732
17.88	0.023271
17.89	0.024388
17.9	0.027227
17.91	0.028477
17.92	0.031741
17.93	0.033239
17.94	0.031891
17.95	0.029512
17.96	0.026355
17.97	0.021284
17.98	0.014134
17.99	0.0078021
18	0.0040582
18.01	-0.0014153
18.02	-0.0041025
18.03	-0.005651
18.04	-0.0052979
18.05	-0.0013566
18.06	5.8787e-05
18.07	0.0017475
18.08	0.0024806
18.09	0.0025419
18.1	-0.00037491
18.11	-0.0040041
18.12	-0.0036445
18.13	-0.0030245
18.14	-0.0001935
18.15	0.0075394
18.16	0.016252
18.17	0.024265
18.18	0.032153
18.19	0.037681
18.2	0.041255
18.21	0.04467
18.22	0.045567
18.23	0.045657
18.24	0.044431
18.25	0.040226
18.26	0.034636
18.27	0.026996
18.28	0.019063
18.29	0.0094165
18.3	-0.0016689
18.31	-0.0097835
18.32	-0.016393
18.33	-0.023496
18.34	-0.031773
18.35	-0.041761
18.36	-0.049179
18.37	-0.054023
18.38	-0.058107
18.39	-0.060942
18.4	-0.061528
18.41	-0.059482
18.42	-0.056381
18.43	-0.051965
18.44	-0.04253
18.45	-0.032558
18.46	-0.025127
18.47	-0.017692
18.48	-0.0080351
18.49	-0.0021013
18.5	0.0021885
18.51	0.0022847
18.52	0.0041267
18.53	0.0059266
18.54	0.0078262
18.55	0.0081009
18.56	0.0085653
18.57	0.010439
18.58	0.010215
18.59	0.0096852
18.6	0.0096198
18.61	0.0090554
18.62	0.0089106
18.63	0.008505
18.64	0.010258
18.65	0.011915
18.66	0.015411
18.67	0.016942
18.68	0.020353
18.69	0.0273
18.7	0.033372
18.71	0.039491
18.72	0.04734
18.73	0.053547
18.74	0.059988
18.75	0.067415
18.76	0.072317
18.77	0.077244
18.78	0.081542
18.79	0.082836
18.8	0.08407
18.81	0.080488
18.82	0.072312
18.83	0.0639
18.84	0.049804
18.85	0.036611
18.86	0.026282
18.87	0.018126
18.88	0.009781
18.89	0.0018571
18.9	-0.004992
18.91	-0.01026
18.92	-0.016175
18.93	-0.019961
18.94	-0.025648
18.95	-0.032726
18.96	-0.039635
18.97	-0.044662
18.98	-0.049323
18.99	-0.053714
19	-0.057897
19.01	-0.059796
19.02	-0.062496
19.03	-0.063705
19.04	-0.063741
19.05	-0.062478
19.06	-0.05882
19.07	-0.056989
19.08	-0.056126
19.09	-0.054778
19.1	-0.055241
19.11	-0.055846
19.12	-0.05729
19.13	-0.062036
19.14	-0.065505
19.15	-0.070564
19.16	-0.075983
19.17	-0.078706
19.18	-0.078283
19.19	-0.08022
19.2	-0.074997
19.21	-0.065416
19.22	-0.053335
19.23	-0.035902
19.24	-0.020864
19.25	-0.0093192
19.26	-0.00049395
19.27	0.0036438
19.28	0.0051502
19.29	0.003016
19.3	-0.0010786
19.31	-0.0058482
19.32	-0.0063139
19.33	-0.0083855
19.34	-0.012036
19.35	-0.0070132
19.36	-0.0041687
19.37	-0.00096603
19.38	0.0036913
19.39	0.0070207
19.4	0.013826
19.41	0.018421
19.42	0.021249
19.43	0.023327
19.44	0.025521
19.45	0.0286
19.46	0.027882
19.47	0.027381
19.48	0.029077
19.49	0.029009
19.5	0.027737
19.51	0.027341
19.52	0.024609
19.53	0.022676
19.54	0.022394
19.55	0.021749
19.56	0.020949
19.57	0.020424
19.58	0.019532
19.59	0.016817
19.6	0.014686
19.61	0.012686
19.62	0.01186
19.63	0.0096759
19.64	0.0060911
19.65	0.009954
19.66	0.011066
19.67	0.011108
19.68	0.0143
19.69	0.01529
19.7	0.015428
19.71	0.017832
19.72	0.014501
19.73	0.0098289
19.74	0.0067227
19.75	0.004205
19.76	0.00092942
19.77	-0.0017129
19.78	-0.0056203
19.79	-0.0079085
19.8	-0.010779
19.81	-0.012088
19.82	-0.01132
19.83	-0.011592
19.84	-0.011226
19.85	-0.014567
19.86	-0.017302
19.87	-0.017324
19.88	-0.021163
19.89	-0.022345
19.9	-0.02091
19.91	-0.020666
19.92	-0.016123
19.93	-0.013633
19.94	-0.014194
19.95	-0.012593
19.96	-0.0084846
19.97	-0.0065987
19.98	-0.0068258
19.99	-0.0036331
20	-0.0010009
20.01	0.0019652
20.02	0.0052175
20.03	0.0092093
20.04	0.010883
20.05	0.011578
20.06	0.015707
20.07	0.015961
20.08	0.01313
20.09	0.011467
20.1	0.010879
20.11	0.0092351
20.12	0.010409
20.13	0.010625
20.14	0.0097518
20.15	0.0092767
20.16	0.0061857
20.17	0.0025189
20.18	-0.0026707
20.19	-0.0063371
20.2	-0.010191
20.21	-0.01245
20.22	-0.015707
20.23	-0.02019
20.24	-0.021338
20.25	-0.024372
20.26	-0.027894
20.27	-0.0322
20.28	-0.03416
20.29	-0.038369
20.3	-0.041435
20.31	-0.04147
20.32	-0.042831
20.33	-0.045177
20.34	-0.043975
20.35	-0.042784
20.36	-0.039914
20.37	-0.039444
20.38	-0.039566
20.39	-0.038689
20.4	-0.040806
20.41	-0.042075
20.42	-0.04054
20.43	-0.043254
20.44	-0.044353
20.45	-0.042162
20.46	-0.041079
20.47	-0.03973
20.48	-0.040394
20.49	-0.042445
20.5	-0.042034
20.51	-0.040808
20.52	-0.041978
20.53	-0.040302
20.54	-0.040457
20.55	-0.036578
20.56	-0.032512
20.57	-0.027862
20.58	-0.021918
20.59	-0.018029
20.6	-0.0082324
20.61	0.0013515
20.62	0.010486
20.63	0.019
20.64	0.028657
20.65	0.039668
20.66	0.0453
20.67	0.049903
20.68	0.054536
20.69	0.058334
20.7	0.060024
20.71	0.062632
20.72	0.061965
20.73	0.060345
20.74	0.059537
20.75	0.058228
20.76	0.056914
20.77	0.05563
20.78	0.054648
20.79	0.053393
20.8	0.052371
20.81	0.050912
20.82	0.050016
20.83	0.048725
20.84	0.051091
20.85	0.052943
20.86	0.051791
20.87	0.054614
20.88	0.057034
20.89	0.059035
20.9	0.059734
20.91	0.061218
20.92	0.063544
20.93	0.065704
20.94	0.068983
20.95	0.067856
20.96	0.065606
20.97	0.06399
20.98	0.062458
20.99	0.060506
21	0.059784
21.01	0.058933
21.02	0.055398
21.03	0.053571
21.04	0.049969
21.05	0.045115
21.06	0.041622
21.07	0.036445
21.08	0.031565
21.09	0.027318
21.1	0.021896
21.11	0.013879
21.12	0.0085885
21.13	0.0017628
21.14	-0.0045747
21.15	-0.0099903
21.16	-0.017067
21.17	-0.02147
21.18	-0.025033
21.19	-0.03142
21.2	-0.038406
21.21	-0.042689
21.22	-0.047324
21.23	-0.050628
21.24	-0.051351
21.25	-0.054384
21.26	-0.053921
21.27	-0.052241
21.28	-0.051317
21.29	-0.047119
21.3	-0.040258
21.31	-0.03424
21.32	-0.027271
21.33	-0.01808
21.34	-0.011356
21.35	-0.0079979
21.36	-0.0049017
21.37	-0.0052282
21.38	-0.0074981
21.39	-0.0088955
21.4	-0.012355
21.41	-0.016098
21.42	-0.020914
21.43	-0.021313
21.44	-0.02049
21.45	-0.018773
21.46	-0.014788
21.47	-0.013486
21.48	-0.012986
21.49	-0.010288
21.5	-0.0098674
21.51	-0.0081444
21.52	-0.006147
21.53	-0.0037788
21.54	-0.00097322
21.55	0.0013041
21.56	0.0064187
21.57	0.010174
21.58	0.011064
21.59	0.015155
21.6	0.019786
21.61	0.02124
21.62	0.020778
21.63	0.020068
21.64	0.019759
21.65	0.01895
21.66	0.018675
21.67	0.015979
21.68	0.011265
21.69	0.010435
21.7	0.010614
21.71	0.01012
21.72	0.012767
21.73	0.015892
21.74	0.017287
21.75	0.017072
21.76	0.017987
21.77	0.01828
21.78	0.018152
21.79	0.014796
21.8	0.010588
21.81	0.0066762
21.82	0.0012592
21.83	-0.004581
21.84	-0.00994
21.85	-0.014144
21.86	-0.017255
21.87	-0.022132
21.88	-0.02507
21.89	-0.025735
21.9	-0.028388
21.91	-0.030516
21.92	-0.031059
21.93	-0.032078
21.94	-0.031387
21.95	-0.030322
21.96	-0.027309
21.97	-0.026646
21.98	-0.02324
21.99	-0.01914
22	-0.019271
22.01	-0.017863
22.02	-0.012864
22.03	-0.011483
22.04	-0.012245
22.05	-0.0081178
22.06	-0.0049779
22.07	-0.0057583
22.08	-0.0039596
22.09	0.00050864
22.1	0.0037043
22.11	0.006476
22.12	0.0067962
22.13	0.010716
22.14	0.011678
22.15	0.0068851
22.16	0.0050335
22.17	0.0015368
22.18	-0.0018391
22.19	-0.006409
22.2	-0.011082
22.21	-0.012534
22.22	-0.015434
22.23	-0.018529
22.24	-0.020141
22.25	-0.020334
22.26	-0.021676
22.27	-0.025204
22.28	-0.026601
22.29	-0.027153
22.3	-0.028803
22.31	-0.029182
22.32	-0.028034
22.33	-0.028409
22.34	-0.029588
22.35	-0.028991
22.36	-0.032402
22.37	-0.033629
22.38	-0.03258
22.39	-0.03535
22.4	-0.036368
22.41	-0.035101
22.42	-0.033507
22.43	-0.029195
22.44	-0.022077
22.45	-0.018144
22.46	-0.012687
22.47	-0.0069829
22.48	-0.0034696
22.49	-0.0028164
22.5	-0.0014114
22.51	0.00102
22.52	0.0014654
22.53	0.005409
22.54	0.010847
22.55	0.012553
22.56	0.013983
22.57	0.016927
22.58	0.022615
22.59	0.024898
22.6	0.028256
22.61	0.030783
22.62	0.035291
22.63	0.038455
22.64	0.042777
22.65	0.048659
22.66	0.051816
22.67	0.052749
22.68	0.053308
22.69	0.053857
22.7	0.0527
22.71	0.050957
22.72	0.050038
22.73	0.047606
22.74	0.043356
22.75	0.038315
22.76	0.035884
22.77	0.030676
22.78	0.026667
22.79	0.020085
22.8	0.010398
22.81	0.0013299
22.82	-0.0055929
22.83	-0.0131
22.84	-0.022102
22.85	-0.029399
22.86	-0.032261
22.87	-0.033718
22.88	-0.036648
22.89	-0.039676
22.9	-0.040748
22.91	-0.042744
22.92	-0.045305
22.93	-0.046129
22.94	-0.04798
22.95	-0.048062
22.96	-0.048813
22.97	-0.04771
22.98	-0.046136
22.99	-0.042754
23	-0.039945
23.01	-0.03603
23.02	-0.031225
23.03	-0.024869
23.04	-0.016942
23.05	-0.0099476
23.06	-0.0056188
23.07	-0.00084329
23.08	0.0051817
23.09	0.010454
23.1	0.012957
23.11	0.013343
23.12	0.017854
23.13	0.018523
23.14	0.017679
23.15	0.017665
23.16	0.017473
23.17	0.017823
23.18	0.019481
23.19	0.02089
23.2	0.022173
23.21	0.023997
23.22	0.026439
23.23	0.028037
23.24	0.031575
23.25	0.032797
23.26	0.035232
23.27	0.036048
23.28	0.037657
23.29	0.039802
23.3	0.038776
23.31	0.037658
23.32	0.034878
23.33	0.032291
23.34	0.029773
23.35	0.027129
23.36	0.024783
23.37	0.023709
23.38	0.023508
23.39	0.021786
23.4	0.019682
23.41	0.015736
23.42	0.012058
23.43	0.0076072
23.44	0.0045525
23.45	-0.00041886
23.46	-0.0048568
23.47	-0.0069596
23.48	-0.0083252
23.49	-0.011978
23.5	-0.013023
23.51	-0.014841
23.52	-0.014878
23.53	-0.016056
23.54	-0.015597
23.55	-0.013753
23.56	-0.013513
23.57	-0.013483
23.58	-0.012906
23.59	-0.01274
23.6	-0.010371
23.61	-0.0085249
23.62	-0.0062591
23.63	-0.0058667
23.64	-0.0044826
23.65	-0.0024673
23.66	-0.00016397
23.67	0.0028473
23.68	0.0051207
23.69	0.0085677
23.7	0.012107
23.71	0.014743
23.72	0.018596
23.73	0.019896
23.74	0.020453
23.75	0.024305
23.76	0.024338
23.77	0.023013
23.78	0.022427
23.79	0.019466
23.8	0.017343
23.81	0.015168
23.82	0.014479
23.83	0.013992
23.84	0.013226
23.85	0.012968
23.86	0.011476
23.87	0.0090595
23.88	0.0068749
23.89	0.005107
23.9	0.0050852
23.91	0.0046755
23.92	0.0053323
23.93	0.0083375
23.94	0.010118
23.95	0.0095093
23.96	0.013554
23.97	0.014757
23.98	0.013688
23.99	0.011697
24	0.0097351
24.01	0.0093922
24.02	0.0091505
24.03	0.0083383
24.04	0.0092431
24.05	0.010668
24.06	0.010289
24.07	0.0094911
24.08	0.008996
24.09	0.0049643
24.1	0.0026558
24.11	-0.00099294
24.12	-0.006338
24.13	-0.012083
24.14	-0.016693
24.15	-0.023442
24.16	-0.027404
24.17	-0.030051
24.18	-0.032535
24.19	-0.032045
24.2	-0.034588
24.21	-0.035734
24.22	-0.032687
24.23	-0.03181
24.24	-0.029558
24.25	-0.027609
24.26	-0.027393
24.27	-0.025498
24.28	-0.022947
24.29	-0.022685
24.3	-0.022466
24.31	-0.021225
24.32	-0.018383
24.33	-0.017688
24.34	-0.016046
24.35	-0.013781
24.36	-0.013758
24.37	-0.013325
24.38	-0.013913
24.39	-0.015663
24.4	-0.015499
24.41	-0.014818
24.42	-0.014688
24.43	-0.013605
24.44	-0.010094
24.45	-0.0077113
24.46	-0.0079037
24.47	-0.0075369
24.48	-0.0072243
24.49	-0.0069309
24.5	-0.0070261
24.51	-0.0066056
24.52	-0.0063292
24.53	-0.0019892
24.54	0.00077589
24.55	0.0026411
24.56	0.0067913
24.57	0.0085111
24.58	0.01003
24.59	0.011063
24.6	0.0099558
24.61	0.0076176
24.62	0.0060324
24.63	0.0041169
24.64	0.00392
24.65	0.001414
24.66	0.00042871
24.67	0.00065444
24.68	0.0020789
24.69	0.0036884
24.7	0.0033525
24.71	0.0035877
24.72	0.0068296
24.73	0.0090771
24.74	0.010212
24.75	0.013345
24.76	0.014159
24.77	0.014007
24.78	0.015982
24.79	0.015933
24.8	0.015119
24.81	0.01476
24.82	0.014413
24.83	0.014033
24.84	0.012685
24.85	0.010177
24.86	0.008142
24.87	0.0042443
24.88	0.0027325
24.89	-0.00010951
24.9	-0.0029171
24.91	-0.0046999
24.92	-0.0061554
24.93	-0.0060406
24.94	-0.0058338
24.95	-0.0060431
24.96	-0.0057856
24.97	-0.0073502
24.98	-0.008873
24.99	-0.010563
25	-0.011937
25.01	-0.013797
25.02	-0.01393
25.03	-0.013304
25.04	-0.013192
25.05	-0.012964
25.06	-0.012067
25.07	-0.0096105
25.08	-0.0090834
25.09	-0.0090812
25.1	-0.0066061
25.11	-0.0049645
25.12	-0.002251
25.13	0.00049077
25.14	0.0019228
25.15	0.005288
25.16	0.0065386
25.17	0.0081706
25.18	0.0097225
25.19	0.011315
25.2	0.0095725
25.21	0.005308
25.22	0.0045854
25.23	0.0031874
25.24	-0.0012333
25.25	-0.0033758
25.26	-0.0044928
25.27	-0.0048002
25.28	-0.0046847
25.29	-0.0039493
25.3	-0.0014796
25.31	-0.0015917
25.32	-0.0016877
25.33	-0.0013184
25.34	0.0012262
25.35	0.0014583
25.36	0.0024962
25.37	0.0041084
25.38	0.0041105
25.39	0.0039986
25.4	0.0067145
25.41	0.0054749
25.42	0.0029672
25.43	-0.00079169
25.44	-0.0037715
25.45	-0.0075609
25.46	-0.0096327
25.47	-0.012614
25.48	-0.014549
25.49	-0.013864
25.5	-0.013523
25.51	-0.013528
25.52	-0.0119
25.53	-0.011165
25.54	-0.012712
25.55	-0.012545
25.56	-0.014128
25.57	-0.014667
25.58	-0.013841
25.59	-0.015425
25.6	-0.016477
25.61	-0.015731
25.62	-0.015268
25.63	-0.015128
25.64	-0.012975
25.65	-0.0089327
25.66	-0.0052181
25.67	-0.0011169
25.68	0.0038039
25.69	0.0055645
25.7	0.0087469
25.71	0.010282
25.72	0.0090078
25.73	0.0069524
25.74	0.0052544
25.75	0.0035466
25.76	0.0033528
25.77	0.0033289
25.78	0.0024108
25.79	0.00018134
25.8	-4.833e-05
25.81	0.0004273
25.82	0.0022027
25.83	0.003267
25.84	0.0036002
25.85	0.0071383
25.86	0.0090383
25.87	0.0084585
25.88	0.0082618
25.89	0.0082902
25.9	0.008199
25.91	0.0078434
25.92	0.0093243
25.93	0.010751
25.94	0.01228
25.95	0.014411
25.96	0.018086
25.97	0.019506
25.98	0.021901
25.99	0.021303
26	0.021223
26.01	0.023112
26.02	0.023876
26.03	0.023449
26.04	0.02233
26.05	0.022331
26.06	0.020596
26.07	0.017181
26.08	0.012453
26.09	0.010799
26.1	0.006273
26.11	0.0020833
26.12	-0.00025943
26.13	-0.0044063
26.14	-0.0084986
26.15	-0.0079366
26.16	-0.0096987
26.17	-0.0082301
26.18	-0.0075505
26.19	-0.0062076
26.2	-0.0025511
26.21	0.0009285
26.22	0.0014134
26.23	0.0011065
26.24	0.0011291
26.25	0.0012418
26.26	0.00095318
26.27	0.001013
26.28	-2.0367e-05
26.29	-0.0031063
26.3	-0.0070011
26.31	-0.0081679
26.32	-0.010163
26.33	-0.0115
26.34	-0.014314
26.35	-0.016375
26.36	-0.017681
26.37	-0.018789
26.38	-0.020484
26.39	-0.021079
26.4	-0.02032
26.41	-0.019858
26.42	-0.019469
26.43	-0.020649
26.44	-0.023807
26.45	-0.024116
26.46	-0.022453
26.47	-0.019774
26.48	-0.019055
26.49	-0.018855
26.5	-0.016071
26.51	-0.012152
26.52	-0.011202
26.53	-0.010457
26.54	-0.0065684
26.55	-0.0042851
26.56	-0.0026204
26.57	-0.001108
26.58	-0.0012112
26.59	-0.0010377
26.6	-0.0010757
26.61	0.00063126
26.62	0.0023912
26.63	0.002249
26.64	0.0025378
26.65	0.0056255
26.66	0.0089935
26.67	0.012273
26.68	0.013676
26.69	0.013449
26.7	0.01458
26.71	0.014266
26.72	0.013618
26.73	0.012595
26.74	0.0088434
26.75	0.0066594
26.76	0.0067283
26.77	0.0042438
26.78	0.0029463
26.79	0.0022005
26.8	0.0025024
26.81	0.0060525
26.82	0.0057627
26.83	0.0052743
26.84	0.0053516
26.85	0.0052023
26.86	0.007228
26.87	0.010935
26.88	0.010337
26.89	0.012082
26.9	0.013477
26.91	0.015071
26.92	0.01597
26.93	0.018982
26.94	0.020194
26.95	0.021023
26.96	0.019228
26.97	0.017708
26.98	0.017627
26.99	0.016965
27	0.01443
27.01	0.010067
27.02	0.0069725
27.03	0.0054306
27.04	0.002083
27.05	-0.0019811
27.06	-0.0034781
27.07	-0.0039442
27.08	-0.008556
27.09	-0.0096158
27.1	-0.011414
27.11	-0.015532
27.12	-0.015077
27.13	-0.017023
27.14	-0.019958
27.15	-0.019946
27.16	-0.018923
27.17	-0.018841
27.18	-0.016283
27.19	-0.014706
27.2	-0.014095
27.21	-0.009639
27.22	-0.004866
27.23	-0.0035304
27.24	-0.00012572
27.25	0.0010593
27.26	0.0012592
27.27	0.0043617
27.28	0.006734
27.29	0.0044564
27.3	0.0029406
27.31	0.0026609
27.32	0.00065739
27.33	-0.00048148
27.34	0.00025099
27.35	-0.0036091
27.36	-0.0063574
27.37	-0.0078006
27.38	-0.0091091
27.39	-0.010925
27.4	-0.010578
27.41	-0.012009
27.42	-0.012432
27.43	-0.0099034
27.44	-0.0079823
27.45	-0.0062356
27.46	-0.0039785
27.47	-0.00028429
27.48	0.0025194
27.49	0.003407
27.5	0.0063396
27.51	0.0096493
27.52	0.010803
27.53	0.012869
27.54	0.016811
27.55	0.016085
27.56	0.016595
27.57	0.016479
27.58	0.015331
27.59	0.013026
27.6	0.010871
27.61	0.0092474
27.62	0.0056093
27.63	0.0025993
27.64	0.0019903
27.65	-0.0019
27.66	-0.0040022
27.67	-0.0064136
27.68	-0.0079328
27.69	-0.0072822
27.7	-0.006745
27.71	-0.0048313
27.72	-0.0033809
27.73	-0.0016836
27.74	-0.0017375
27.75	-0.0020663
27.76	-0.0037651
27.77	-0.0048912
27.78	-0.0061119
27.79	-0.0058316
27.8	-0.0040559
27.81	-0.0024935
27.82	-0.0010717
27.83	0.0016079
27.84	0.0042438
27.85	0.0058417
27.86	0.0083768
27.87	0.010327
27.88	0.010906
27.89	0.011043
27.9	0.0078324
27.91	0.0062468
27.92	0.004332
27.93	0.00094934
27.94	-0.00079444
27.95	-0.0020046
27.96	-0.0045474
27.97	-0.0055379
27.98	-0.0043725
27.99	-0.0029154
28	-0.0013775
28.01	-0.00036027
28.02	0.0025975
28.03	0.0044667
28.04	0.0053592
28.05	0.006357
28.06	0.0073547
28.07	0.0070642
28.08	0.0064565
28.09	0.006001
28.1	0.0040643
28.11	0.0038214
28.12	0.0014394
28.13	-0.001111
28.14	-0.0009685
28.15	-0.0023571
28.16	-0.0028448
28.17	-0.0034437
28.18	-0.0046636
28.19	-0.0043168
28.2	-0.0042135
28.21	-0.0039468
28.22	-0.0054983
28.23	-0.0066205
28.24	-0.0051865
28.25	-0.0048206
28.26	-0.003281
28.27	-0.0034462
28.28	-0.0037774
28.29	-0.0043508
28.3	-0.0059418
28.31	-0.0053673
28.32	-0.0050921
28.33	-0.0047476
28.34	-0.0046181
28.35	-0.0032975
28.36	-0.0021262
28.37	0.00053781
28.38	0.003234
28.39	0.0041413
28.4	0.0054602
28.41	0.0080961
28.42	0.0095896
28.43	0.010718
28.44	0.012445
28.45	0.014185
28.46	0.014275
28.47	0.014168
28.48	0.013536
28.49	0.012611
28.5	0.011879
28.51	0.011031
28.52	0.010321
28.53	0.0095184
28.54	0.0088228
28.55	0.0080393
28.56	0.0074416
28.57	0.0066232
28.58	0.0070204
28.59	0.007951
28.6	0.0062819
28.61	0.0040621
28.62	0.0030499
28.63	0.0018269
28.64	4.4685e-05
28.65	-0.0023415
28.66	-0.0039023
28.67	-0.0052545
28.68	-0.0066866
28.69	-0.0078716
28.7	-0.0089875
28.71	-0.0092988
28.72	-0.008907
28.73	-0.0086717
28.74	-0.0083962
28.75	-0.0080938
28.76	-0.0072893
28.77	-0.0059459
28.78	-0.0047546
28.79	-0.0042104
28.8	-0.002868
28.81	-0.0020337
28.82	-0.00076574
28.83	-0.00034591
28.84	-0.00019068
28.85	-0.00015434
28.86	-0.0010665
28.87	-0.0015744
28.88	-0.0028809
28.89	-0.004664
28.9	-0.0061085
28.91	-0.0063803
28.92	-0.0074298
28.93	-0.0084384
28.94	-0.0085753
28.95	-0.0087443
28.96	-0.008886
28.97	-0.0089388
28.98	-0.0089063
28.99	-0.0085752
29	-0.0078649
29.01	-0.0075717
29.02	-0.0074554
29.03	-0.0067527
29.04	-0.0063764
29.05	-0.0062987
29.06	-0.0052769
29.07	-0.0043553
29.08	-0.0034919
29.09	-0.0025999
29.1	-0.0019589
29.11	-0.0011307
29.12	-0.00034244
29.13	0.00033985
29.14	0.00091295
29.15	0.0015286
29.16	0.0021118
29.17	0.0021816
29.18	0.0025659
29.19	0.0030402
29.2	0.0031843
29.21	0.0032084
29.22	0.0034578
29.23	0.0036229
29.24	0.0034359
29.25	0.0034276
29.26	0.0033424
29.27	0.0032045
29.28	0.003154
29.29	0.0028991
29.3	0.0026614
29.31	0.0025346
29.32	0.0024131
29.33	0.0022147
29.34	0.0020758
29.35	0.0019677
29.36	0.0018042
29.37	0.0017172
29.38	0.0015932
29.39	0.0014469
29.4	0.0013245
29.41	0.0012272
29.42	0.0011679
29.43	0.0011118
29.44	0.0010526
29.45	0.0010237
29.46	0.00099785
29.47	0.00093766
29.48	0.00090954
29.49	0.00086489
29.5	0.0007936
29.51	0.00073528
29.52	0.00067609
29.53	0.00062152
29.54	0.00056472
29.55	0.00052269
29.56	0.0004882
29.57	0.00043886
29.58	0.0003987
29.59	0.0003726
29.6	0.00032754
29.61	0.00028674
29.62	0.00024595
29.63	0.00020053
29.64	0.00015645
29.65	0.0001214
29.66	8.1777e-05
29.67	4.7359e-05
29.68	1.4955e-05
29.69	-1.3492e-05
29.7	-4.0578e-05
29.71	-6.4391e-05
29.72	-8.7396e-05
29.73	-0.00010437
29.74	-0.00012199
29.75	-0.00013581
29.76	-0.00014653
29.77	-0.00015716
29.78	-0.00016629
29.79	-0.00017214
29.8	-0.0001772
29.81	-0.00018112
29.82	-0.00018387
29.83	-0.00018494
29.84	-0.00018505
29.85	-0.00018375
29.86	-0.00018144
29.87	-0.00017797
29.88	-0.00017374
29.89	-0.0001684
29.9	-0.00016227
29.91	-0.00015527
29.92	-0.00014756
29.93	-0.00013905
29.94	-0.00012989
29.95	-0.00012008
29.96	-0.00010969
29.97	-9.8734e-05
29.98	-8.727e-05
